2000
1 155
1 201
1 510
1 663
1 665
1 716
1 1044
1 1207
1 1278
1 1298
1 1873
2 156
2 207
2 269
2 998
2 1088
2 1258
2 1357
2 1626
2 1684
3 69
3 177
3 201
3 243
3 350
3 675
3 997
3 1194
3 1348
3 1354
4 524
4 791
4 817
4 827
4 1549
4 1606
4 1756
4 1963
5 262
5 361
5 967
5 1119
5 1205
5 1224
5 1326
5 1515
5 1717
5 1773
6 96
6 162
6 319
6 410
6 424
6 752
6 1015
6 1232
6 1925
6 1997
7 25
7 69
7 91
7 319
7 1079
7 1155
7 1281
7 1625
8 160
8 254
8 586
8 1005
8 1182
8 1904
8 1992
9 932
9 1634
9 1815
10 61
10 419
10 483
10 561
10 672
10 1230
11 592
11 604
11 841
11 932
11 950
11 1395
11 1596
11 1731
12 148
12 608
12 725
12 884
12 999
12 1034
12 1212
12 1297
12 1490
12 1764
13 440
13 1298
13 1431
13 1442
13 1462
13 1674
13 1786
13 1794
13 1944
14 226
14 385
14 467
14 974
14 1277
14 1476
14 1658
14 1764
14 1782
14 1830
14 1842
15 790
15 1106
15 1136
15 1443
15 1613
15 1666
15 1667
15 1797
15 1948
15 1961
16 132
16 281
16 446
16 775
16 1395
16 1491
16 1569
16 1721
16 1827
16 1926
17 339
17 568
17 575
17 871
17 1642
17 1714
18 101
18 324
18 454
18 643
18 1560
18 1830
18 1919
18 1934
19 36
19 148
19 467
19 507
19 680
19 791
19 1206
19 1341
19 1486
19 1501
19 1581
20 209
20 433
20 456
20 515
20 1050
20 1149
20 1215
20 1436
20 1454
20 1697
20 1966
21 256
21 401
21 501
21 519
21 535
21 572
21 845
21 958
21 1043
21 1124
21 1438
22 270
22 655
22 869
22 912
22 931
22 1161
22 1274
22 1330
22 1498
22 1772
22 1969
22 1971
23 71
23 425
23 595
23 680
23 839
23 906
23 1090
23 1114
23 1428
23 1528
23 1975
24 134
24 195
24 286
24 315
24 466
24 809
24 856
24 969
24 1150
24 1532
24 1667
24 1668
24 1940
25 171
25 277
25 308
25 486
25 1275
25 1469
25 1579
26 247
26 271
26 297
26 643
26 680
26 996
26 1400
26 1422
26 1530
26 1662
27 143
27 362
27 512
27 782
27 807
27 885
27 1388
27 1933
28 121
28 155
28 345
28 710
28 833
28 1378
28 1417
28 1705
29 31
29 96
29 356
29 516
29 1090
29 1241
29 1795
29 1797
29 1819
30 572
30 578
30 846
30 894
30 925
30 966
30 967
30 1050
30 1083
30 1300
30 1730
31 500
31 653
31 908
31 1101
31 1189
31 1321
31 1560
31 1604
31 1693
31 1803
31 1998
32 258
32 715
32 743
32 870
32 1180
32 1323
32 1575
32 1664
32 1712
32 1792
32 1961
33 129
33 530
33 615
33 1071
33 1145
33 1337
34 214
34 375
34 727
34 899
34 1167
34 1211
34 1366
34 1951
35 112
35 763
35 950
35 1001
35 1008
35 1081
35 1239
35 1454
35 1707
35 1802
36 460
36 936
36 948
36 1103
37 602
37 1348
37 1795
37 1891
37 1991
38 55
38 215
38 567
38 983
38 1370
38 1688
38 1772
38 1961
39 89
39 151
39 226
39 922
39 1139
39 1250
39 1562
39 1580
39 1615
39 1741
39 1982
40 566
40 685
40 716
40 823
40 1169
40 1450
40 1452
40 1888
41 119
41 330
41 418
41 471
41 619
41 713
41 769
41 1078
41 1095
41 1198
41 1239
41 1299
41 1351
41 1375
41 1725
41 1769
42 236
42 383
42 449
42 1319
43 236
43 425
43 1234
43 1900
44 384
44 501
44 963
44 1062
44 1182
44 1233
44 1249
44 1262
44 1353
44 1629
45 240
45 553
45 611
45 853
45 934
45 1400
45 1800
46 1006
46 1260
46 1268
46 1419
46 1477
46 1513
46 1926
47 54
47 127
47 1531
47 1854
47 1911
47 1988
48 238
48 433
48 764
48 889
48 927
48 1759
48 1902
49 63
49 141
49 387
49 619
49 651
49 1051
49 1634
49 1760
49 1942
50 260
50 321
50 493
50 775
50 1005
50 1085
50 1369
50 1603
50 1619
50 1973
51 197
51 687
51 753
51 777
51 1002
51 1412
51 1484
52 512
52 582
52 596
52 679
52 740
52 1448
52 1490
52 1669
52 1672
52 1843
53 106
53 301
53 305
53 726
53 759
53 1490
53 1914
54 188
54 193
54 321
54 768
54 962
54 1725
54 1925
55 93
55 506
55 618
55 689
55 712
55 915
55 1006
55 1307
55 1612
55 1732
55 1817
55 1861
56 339
56 852
56 863
56 1002
56 1075
56 1423
57 138
57 145
57 517
57 966
57 977
57 1388
57 1407
57 1565
58 151
58 378
58 494
58 1154
58 1246
58 1423
58 1638
59 670
59 682
59 755
59 836
59 1020
59 1197
59 1232
59 1786
59 1890
60 446
60 721
60 1000
60 1045
60 1148
60 1228
60 1937
61 548
61 585
61 696
61 732
61 809
61 1236
61 1277
61 1814
62 173
62 309
62 669
62 715
62 800
62 1069
62 1787
62 1936
63 355
63 571
63 628
63 785
63 1152
63 1191
63 1263
64 240
64 367
64 809
64 903
64 1216
64 1442
65 295
65 332
65 358
65 589
65 676
65 739
65 883
65 999
65 1426
65 1976
66 226
66 609
66 669
66 705
66 930
66 1294
66 1489
66 1549
66 1786
66 1877
67 128
67 156
67 783
67 1653
67 1746
68 804
68 925
68 964
68 1000
68 1474
68 1555
68 1707
69 1498
69 1813
69 1859
70 508
70 579
70 813
71 498
71 501
71 597
71 1005
71 1013
71 1221
71 1538
71 1588
72 354
72 562
72 633
72 956
72 1001
72 1193
73 533
73 870
73 1548
74 165
74 398
74 461
74 724
74 1095
74 1376
74 1379
75 523
75 577
75 625
75 628
75 718
75 892
75 1135
75 1271
75 1530
75 1599
75 1795
75 1948
75 1955
76 200
76 927
76 1401
76 1413
76 1640
76 1930
77 212
77 341
77 374
77 472
77 475
77 634
77 683
77 695
77 802
77 836
77 958
77 1010
77 1148
77 1637
77 1669
78 402
78 457
78 470
78 629
78 971
78 1663
78 1882
79 425
79 532
79 792
79 1485
79 1527
79 1859
79 1912
79 1948
80 227
80 1061
80 1283
80 1320
80 1521
80 1993
81 136
81 449
81 586
81 752
81 869
81 937
81 1004
81 1120
81 1358
81 1439
81 1442
81 1991
82 92
82 130
82 505
82 651
82 691
82 817
82 994
82 1142
82 1258
82 1321
82 1338
82 1423
82 1549
82 1639
82 1810
83 638
83 847
83 860
83 1192
83 1971
84 99
84 233
84 276
84 315
84 716
84 1154
84 1350
85 374
85 387
85 641
85 720
85 1446
85 1462
85 1696
86 172
86 848
86 875
86 907
86 1283
86 1510
87 303
87 517
87 697
87 1144
87 1526
87 1818
87 1939
88 460
88 680
88 847
88 952
88 968
88 1046
88 1091
88 1151
88 1246
88 1361
88 1711
89 377
89 766
89 950
89 1184
89 1220
90 342
90 356
90 358
90 705
90 952
90 1059
90 1235
90 1252
90 1531
90 1616
90 1820
91 113
91 202
91 245
91 407
91 719
91 878
91 951
91 1216
91 1375
91 1519
91 1880
92 520
92 884
92 1172
92 1381
92 1433
92 1641
93 154
93 396
93 410
93 1160
93 1218
93 1249
93 1549
93 1771
93 1922
94 559
94 630
94 946
94 1344
94 1840
94 1973
95 226
95 552
95 812
95 1306
95 1370
95 1523
95 1736
96 273
96 628
96 670
96 1082
96 1321
96 1558
96 1575
96 1708
96 1726
96 1862
97 129
97 495
97 580
97 776
97 890
97 1146
97 1601
98 157
98 453
98 1123
98 1160
98 1188
98 1522
98 1593
98 1992
99 572
99 576
99 828
99 965
99 1467
99 1728
99 1807
99 1860
100 172
100 644
100 1585
100 1777
101 152
101 332
101 584
101 609
101 1024
101 1087
101 1156
101 1516
101 1543
101 1763
101 1926
102 148
102 373
102 480
102 1006
102 1120
102 1826
102 1982
103 261
103 542
103 742
103 834
103 1036
103 1172
103 1248
103 1617
103 1978
104 1571
104 1936
105 190
105 313
105 328
105 1208
105 1593
106 264
106 305
106 326
106 642
106 947
106 1140
106 1178
106 1378
106 1609
106 1994
107 334
107 903
107 1342
107 1558
107 1589
107 1666
107 1762
107 1963
108 528
108 557
108 954
108 1088
108 1402
108 1843
108 1988
109 350
109 1173
109 1382
109 1512
109 1557
109 1748
109 1811
109 1821
109 1903
110 285
110 748
110 1188
110 1606
110 1737
110 1834
111 509
111 531
111 764
111 1863
111 1941
111 1953
112 513
112 522
112 661
112 1049
112 1287
112 1307
112 1426
112 1534
112 1788
113 321
113 622
113 1171
113 1520
114 147
114 302
114 314
114 612
114 700
114 1561
114 1652
114 1800
115 140
115 333
115 531
115 628
115 960
115 1043
115 1048
115 1512
115 1884
115 1951
115 1959
116 212
116 240
116 283
116 752
116 852
116 956
116 1281
116 1436
116 1499
116 1704
117 226
117 727
117 743
117 874
117 1487
117 1910
118 274
118 456
118 571
118 1188
118 1417
119 181
119 404
119 1251
119 1516
119 1548
119 1575
119 1665
120 348
120 581
120 585
120 601
120 1018
120 1487
121 264
121 722
121 734
121 1316
121 1328
121 1546
121 1940
122 372
122 502
122 1028
122 1108
122 1332
122 1896
123 280
123 285
123 995
123 1241
123 1307
123 1436
123 1793
124 199
124 717
124 813
124 961
124 1722
124 1727
125 166
125 329
125 453
125 576
125 985
125 1006
125 1249
125 1395
125 1418
125 1422
125 1471
125 1896
125 1990
126 172
126 248
126 428
126 515
126 777
126 943
126 1314
126 1425
127 156
127 494
127 663
127 667
127 1409
127 1989
128 282
128 409
128 846
128 1230
128 1292
128 1390
128 1641
129 342
129 345
129 465
129 488
129 528
129 651
129 1112
129 1317
129 1486
129 1518
129 1779
130 314
130 447
130 522
130 650
130 874
130 1097
130 1462
130 1485
130 1737
130 1778
131 154
131 225
131 557
131 738
131 1033
131 1589
131 1677
132 298
132 648
132 923
132 1055
132 1180
132 1312
132 1650
132 1753
132 1850
132 1986
133 339
133 1312
133 1554
133 1795
133 1883
134 405
134 555
134 724
134 838
134 917
134 1452
134 1480
134 1574
134 1618
134 1821
135 777
135 795
135 951
135 1303
135 1630
135 1906
136 611
136 1024
136 1216
136 1269
136 1505
136 1867
137 474
137 740
137 1675
138 371
138 984
138 1398
138 1419
139 599
139 788
139 878
139 952
139 1047
139 1150
139 1587
139 1598
139 1650
139 1669
139 1852
139 1991
140 328
140 399
140 624
140 889
140 1077
140 1205
140 1297
140 1819
141 192
141 322
141 1127
141 1538
142 357
142 464
142 1154
142 1670
142 1914
142 1943
142 1967
142 1984
143 226
143 390
143 775
143 977
143 1334
143 1354
143 1539
143 1577
143 1768
144 213
144 218
144 219
144 1074
144 1104
144 1263
144 1452
144 1559
144 1630
144 1639
144 1716
145 610
145 1194
145 1312
145 1539
145 1562
146 219
146 374
146 557
146 558
146 1074
146 1111
146 1656
147 176
147 328
147 377
147 656
147 1058
147 1146
147 1270
147 1364
147 1561
148 163
148 590
148 643
148 952
149 210
149 748
149 933
149 975
149 1156
149 1178
149 1432
149 1588
150 722
150 829
150 927
150 1242
150 1870
151 212
151 357
151 809
151 1091
151 1135
151 1233
151 1473
151 1676
151 1933
152 282
152 328
152 532
152 1704
152 1871
152 1902
153 778
153 1032
153 1200
153 1210
153 1219
153 1238
153 1429
153 1671
153 1823
154 243
154 288
154 720
154 733
154 1085
154 1126
154 1459
154 1524
154 1823
154 1824
155 853
155 1099
155 1178
155 1236
155 1266
155 1320
155 1610
155 1644
155 1773
155 1988
156 373
156 383
156 465
156 473
156 476
156 836
156 1043
156 1302
156 1479
156 1487
156 1577
157 532
157 737
157 1258
157 1284
157 1402
157 1483
158 361
158 435
158 445
158 769
158 1150
158 1234
158 1507
158 1643
158 1695
158 1720
158 1995
159 242
159 794
159 796
159 912
159 983
159 1054
160 263
160 294
160 624
160 811
160 929
160 1596
160 1801
160 1802
160 1953
161 330
161 348
161 440
161 608
161 935
161 944
161 1310
161 1700
162 321
162 717
162 976
162 1415
162 1423
162 1912
162 1941
163 278
163 560
163 703
163 788
163 1055
163 1385
163 1563
163 1759
164 470
164 483
164 776
164 830
164 921
164 1387
164 1427
165 238
165 245
165 1133
165 1214
165 1551
165 1759
166 414
166 551
166 807
166 809
166 986
166 1084
166 1658
167 481
167 1048
167 1061
167 1372
167 1384
167 1673
167 1680
167 1740
167 1961
167 1991
168 329
168 380
168 893
168 1110
168 1112
168 1760
168 1943
169 413
169 557
169 675
169 720
169 1042
169 1216
169 1514
169 1549
169 1836
169 1845
170 210
170 322
170 710
170 1033
170 1390
171 502
171 591
171 718
171 732
171 1647
171 1682
172 452
172 494
172 555
172 571
172 736
172 860
172 917
172 920
172 956
172 1169
172 1288
172 1608
172 1611
172 1648
172 1701
172 1800
172 1917
172 1939
173 488
173 510
173 551
173 712
173 743
173 757
173 1075
173 1199
173 1202
173 1262
173 1415
173 1457
173 1521
173 1670
174 331
174 834
174 1477
174 1495
174 1930
175 187
175 878
176 591
176 822
176 1044
176 1224
176 1441
176 1713
176 1796
176 1954
176 1980
177 279
177 376
177 436
177 533
177 636
177 929
177 1229
177 1585
178 179
178 462
178 501
178 884
178 1648
178 1661
179 193
179 287
179 506
179 802
179 1261
179 1950
180 329
180 339
180 759
180 917
180 1094
180 1187
180 1196
180 1709
181 386
181 600
181 699
181 964
181 1016
181 1178
181 1207
181 1229
181 1235
181 1240
181 1276
181 1299
181 1575
181 1698
181 1787
181 1895
182 191
182 581
182 1014
182 1371
182 1461
182 1643
182 1738
183 522
183 698
183 745
183 867
183 1266
183 1291
183 1787
184 306
184 681
184 1557
184 1739
185 327
185 432
185 575
185 582
185 705
185 1052
185 1091
185 1465
185 1635
186 302
186 643
186 952
186 1393
186 1627
186 1637
186 1887
186 1962
187 192
187 251
187 797
187 1055
187 1301
187 1422
187 1568
187 1777
187 1847
187 1970
188 270
188 345
188 750
188 1068
188 1223
188 1637
188 1881
189 224
189 1226
189 1448
189 1575
189 1652
189 1699
190 274
190 450
190 607
190 1071
190 1475
191 1097
191 1210
191 1765
191 1874
192 704
192 712
192 720
192 1533
192 1686
192 1857
192 1944
193 630
193 634
193 814
193 903
193 914
193 1066
193 1187
193 1188
193 1276
193 1356
193 1673
193 1714
194 431
194 590
194 695
194 1590
194 1730
194 1890
194 1998
195 429
195 1957
196 264
196 320
196 379
196 566
196 649
196 1454
197 376
197 472
197 681
197 999
197 1354
198 645
198 661
198 907
198 972
198 1123
198 1339
198 1575
199 626
199 819
199 916
199 1686
200 294
200 346
200 778
200 981
200 1537
200 1865
201 636
201 908
201 924
201 1102
201 1798
201 1946
202 397
202 668
202 713
202 722
202 782
202 812
202 912
202 1004
202 1161
202 1534
202 1930
203 298
203 593
203 981
203 1263
203 1779
203 1989
204 379
204 472
204 699
204 783
204 841
204 1482
204 1640
204 1768
205 302
205 451
205 481
205 683
205 1366
206 286
206 649
206 811
206 974
206 1790
207 682
207 690
207 764
207 1249
207 1446
207 1742
207 1787
207 1929
208 246
208 601
208 697
208 732
208 854
208 923
208 1065
208 1345
208 1399
208 1612
208 1704
208 1807
208 1988
209 967
209 976
209 1212
209 1661
209 1674
209 1706
209 1781
210 744
210 840
210 933
210 1013
210 1370
210 1474
210 1611
210 1749
210 1936
211 238
211 454
211 662
211 1126
211 1185
211 1790
211 1804
211 1930
212 907
212 997
212 1478
212 1524
212 1640
212 1738
213 414
213 488
213 634
213 646
213 667
213 1490
213 1549
213 1891
214 493
214 650
214 789
214 1237
214 1355
214 1837
215 423
215 662
215 1397
215 1535
215 1735
215 1985
216 644
216 812
216 907
216 1038
216 1133
216 1226
216 1286
216 1319
216 1580
216 1793
216 1884
217 220
217 658
217 774
217 1016
217 1117
217 1902
217 1986
218 231
218 693
218 777
218 860
218 901
218 1013
218 1033
218 1249
218 1505
218 1795
219 223
219 288
219 525
219 1047
219 1191
219 1356
219 1700
219 1751
219 1871
220 294
220 670
220 1092
220 1806
220 1960
221 285
221 439
221 512
221 1156
221 1191
221 1778
222 397
222 685
222 744
222 1008
222 1238
222 1589
222 1720
222 1891
222 1988
223 266
223 454
223 557
223 814
223 819
223 899
223 1037
223 1075
223 1467
223 1470
223 1700
223 1854
224 684
224 872
224 957
224 1097
224 1526
224 1621
224 1831
224 1912
225 241
225 482
225 529
225 866
225 1071
225 1463
225 1731
226 332
226 535
226 762
226 1323
226 1492
226 1579
226 1607
226 1714
226 1851
227 333
227 567
227 733
227 795
227 868
227 945
227 1195
227 1659
227 1677
227 1872
228 414
228 581
228 649
228 745
228 920
228 1093
228 1340
228 1501
228 1689
228 1765
228 1810
229 365
229 485
229 677
229 737
229 740
229 828
229 922
229 1011
229 1133
229 1352
229 1566
229 1694
229 1804
230 454
230 818
230 1280
230 1698
230 1925
231 804
231 848
231 920
231 922
231 1230
231 1483
231 1800
232 508
232 865
232 922
232 1374
232 1755
232 1925
233 306
233 1149
233 1280
233 1517
234 294
234 483
234 665
234 785
234 1352
234 1431
234 1628
234 1982
235 326
235 601
235 973
235 1334
236 411
236 599
236 1171
236 1272
236 1339
236 1603
236 1761
236 1877
237 276
237 1164
237 1568
237 1616
237 1981
238 249
238 646
238 730
238 889
238 1062
238 1091
238 1278
238 1412
238 1432
238 1767
238 1773
238 1774
238 1797
238 1814
239 427
239 452
239 454
239 1108
239 1305
239 1515
239 1673
239 1902
240 359
240 768
240 930
240 976
240 1043
240 1451
240 1486
240 1960
241 348
241 531
241 997
241 1358
241 1980
242 255
242 279
242 416
242 645
242 927
242 1652
242 1764
242 1968
243 366
243 644
243 827
243 832
243 845
243 918
243 950
243 979
243 1172
243 1346
243 1786
243 1818
243 1823
243 1971
243 1975
244 398
244 1031
244 1141
244 1300
244 1404
244 1696
244 1985
245 909
245 1029
245 1528
245 1806
245 1829
246 263
246 381
246 396
246 500
246 583
246 869
246 1047
246 1179
246 1205
246 1503
246 1512
246 1629
246 1921
247 504
247 662
247 814
247 815
247 1138
247 1369
247 1770
248 1260
248 1345
248 1465
248 1504
248 1722
248 1742
248 1827
248 1859
248 1982
249 338
249 472
249 750
249 816
249 824
249 849
249 1155
249 1323
249 1388
249 1947
249 1990
250 262
250 275
250 1155
250 1158
250 1174
250 1381
250 1731
250 1739
250 1930
250 1962
250 1998
251 366
251 505
251 916
251 1060
251 1357
251 1387
251 1642
251 1779
251 1788
251 1791
251 1811
251 1885
252 613
252 1762
253 468
253 1061
253 1687
254 369
254 429
254 893
254 1412
254 1589
254 1881
255 721
255 1033
255 1083
255 1092
255 1308
256 334
256 458
256 517
256 547
256 932
256 1044
257 493
257 568
257 666
257 1016
257 1178
257 1383
257 1464
257 1481
258 273
258 292
258 483
258 498
258 685
258 850
258 1641
258 1831
259 642
259 1332
259 1473
259 1585
259 1813
260 295
260 374
260 432
260 626
260 659
260 1067
260 1198
260 1334
260 1537
260 1648
261 670
261 1090
261 1110
261 1113
261 1191
261 1499
261 1518
261 1573
261 1758
261 1811
261 1860
261 1891
262 340
262 474
262 493
262 1122
262 1324
262 1738
263 698
263 798
263 866
263 1552
263 1597
263 1724
264 532
264 634
264 680
264 786
264 926
264 968
264 1199
264 1650
264 1707
265 266
265 626
265 689
265 1028
265 1227
265 1228
265 1466
265 1769
266 679
266 1246
266 1417
266 1665
267 577
267 1107
267 1274
267 1538
267 1862
267 1865
267 1912
268 502
268 897
268 1028
268 1552
269 847
269 976
269 1280
269 1332
269 1725
270 330
270 339
270 529
270 562
270 580
270 797
270 937
270 1074
270 1327
270 1725
270 1780
270 1897
270 1945
271 274
271 508
271 644
271 670
271 741
271 935
271 1122
271 1221
271 1248
271 1414
271 1518
271 1802
271 1829
272 1124
272 1402
272 1420
272 1646
273 655
273 1247
273 1505
273 1620
274 516
274 568
274 963
274 1041
274 1048
274 1795
274 1904
274 1915
274 1952
274 1999
275 500
275 510
275 1373
275 1875
275 1882
276 773
276 961
276 1064
276 1211
276 1342
276 1379
276 1495
276 1758
277 730
277 791
277 1171
277 1281
277 1391
277 1519
277 1709
277 1808
278 365
278 489
278 860
278 1215
278 1245
278 1685
278 1801
278 1846
278 1903
278 1982
279 513
279 580
279 1229
279 1425
280 751
280 1096
280 1619
280 1666
281 434
281 787
281 924
282 388
282 723
282 1008
282 1361
283 738
283 1672
284 732
284 1431
285 874
285 1786
285 1978
286 907
286 1110
286 1226
286 1303
286 1348
286 1592
286 1605
287 360
287 798
287 1502
287 1662
287 1932
288 300
288 333
288 769
288 843
288 1142
288 1256
288 1523
288 1568
288 1885
288 1995
289 555
289 1365
289 1441
289 1521
289 1783
289 1885
289 1955
290 563
290 784
290 1166
290 1498
290 1788
290 1881
290 1989
291 448
291 519
291 539
291 979
291 1070
291 1202
291 1260
291 1729
292 406
292 558
292 570
292 700
292 752
292 805
292 934
292 994
292 1234
292 1507
292 1740
292 1752
292 1783
292 1793
293 396
293 557
293 581
293 610
293 680
293 753
293 894
293 990
293 1136
293 1312
293 1507
293 1533
293 1923
294 784
294 946
294 1088
294 1292
294 1533
294 1978
295 537
295 568
295 819
295 911
295 973
295 1084
295 1600
295 1638
295 1920
296 315
296 568
296 570
296 633
296 1061
296 1074
296 1105
296 1478
297 362
297 422
297 560
297 751
297 827
297 1631
297 1756
297 1785
298 450
298 535
298 865
298 900
298 950
298 1115
298 1156
298 1198
298 1302
298 1315
298 1378
298 1522
298 1677
298 1956
299 486
299 539
299 958
299 1378
299 1391
300 464
300 1022
300 1435
300 1499
300 1776
301 326
301 357
301 475
301 598
301 605
301 870
301 1134
301 1413
301 1543
301 1941
302 581
302 739
302 944
302 1026
302 1088
302 1244
302 1396
302 1513
302 1522
302 1524
302 1538
302 1655
302 1879
303 697
303 999
303 1437
304 312
304 715
304 1811
304 1979
304 1984
305 667
305 675
305 818
305 1385
305 1521
306 878
306 1460
307 634
307 1186
307 1471
307 1604
307 1794
307 1841
307 1908
308 597
308 639
308 887
308 1196
308 1922
309 427
309 486
309 683
309 719
309 1165
309 1501
309 1916
310 1016
310 1111
310 1463
310 1501
310 1615
311 382
311 582
311 1236
311 1238
311 1253
311 1338
311 1349
311 1525
311 1630
311 1834
312 693
312 816
312 837
312 1655
312 1974
313 383
313 513
313 574
313 588
313 641
313 894
313 925
313 981
313 1115
313 1249
313 1584
313 1905
314 545
314 719
314 933
314 1398
314 1442
314 1537
314 1725
314 1782
315 1037
315 1144
315 1358
315 1921
316 713
316 1158
316 1242
316 1280
316 1329
316 1510
316 1799
316 1999
317 344
317 356
317 609
317 622
317 717
317 814
317 943
317 1371
317 1419
317 1771
317 1773
318 1433
319 570
319 1013
319 1204
319 1244
319 1456
319 1821
319 1859
319 1953
319 1977
320 553
320 1063
320 1111
320 1554
320 1930
321 352
321 452
321 624
321 1008
321 1283
321 1519
322 329
322 569
322 580
322 721
322 1455
322 1499
322 1862
323 662
323 915
323 990
323 1148
323 1684
323 1716
323 1893
324 395
324 516
324 1115
324 1196
324 1451
324 1652
324 1854
324 1863
324 1879
325 642
325 1101
325 1309
325 1381
325 1727
325 1852
325 1854
325 1888
325 2000
326 331
326 384
326 388
326 495
326 693
326 1632
326 1914
327 389
327 769
327 772
327 1112
327 1233
327 1678
327 1828
327 1884
328 574
328 641
328 690
328 933
328 1106
328 1125
328 1808
328 1810
328 1925
329 760
329 770
329 976
329 1122
329 1177
329 1199
329 1471
329 1951
329 1961
330 366
330 592
330 665
330 691
330 1313
330 1333
330 1947
331 1289
331 1369
331 1429
331 1722
331 1742
331 1791
331 1867
332 519
332 888
332 892
332 1350
332 1361
332 1699
333 389
333 528
333 781
333 1358
333 1809
334 731
334 860
334 1099
334 1310
334 1364
335 810
335 1115
335 1457
335 1562
335 1582
335 1765
336 377
336 618
336 628
336 658
336 779
336 842
336 1648
336 1814
336 1951
336 1962
337 457
337 1020
337 1325
337 1357
337 1415
337 1677
338 795
338 829
338 1215
338 1312
338 1363
339 374
339 458
339 733
339 1280
339 1857
339 1967
340 355
340 534
340 645
340 983
340 1049
340 1223
340 1396
340 1436
340 1461
340 1465
341 503
341 595
341 920
341 932
341 1054
341 1345
342 409
342 467
342 1195
342 1250
342 1260
342 1406
342 1574
343 387
343 581
343 1015
343 1162
343 1876
343 1888
344 622
344 1506
344 1533
344 1667
344 1863
345 584
345 1324
345 1354
345 1467
345 1891
345 1967
346 423
346 626
346 627
346 817
346 1220
346 1419
346 1898
347 468
348 377
348 473
348 929
348 1022
348 1179
348 1204
348 1721
348 1846
349 829
349 835
349 875
349 1217
349 1286
349 1337
349 1561
349 1601
349 1646
349 1683
350 476
350 672
350 778
350 788
350 793
350 914
350 1851
351 761
351 1932
351 1992
352 720
352 1099
352 1415
353 648
353 1101
353 1173
353 1413
353 1510
353 1815
354 441
354 466
354 474
354 503
354 774
354 849
354 987
354 1038
354 1081
354 1290
354 1985
355 517
355 712
355 831
355 859
355 1315
355 1459
355 1526
355 1767
356 437
356 520
356 855
356 1272
356 1483
357 411
357 804
357 1416
357 1665
357 1999
358 420
358 1338
358 1436
358 1778
358 1826
359 939
359 1219
359 1821
359 1830
359 1930
359 1955
359 2000
360 366
360 693
360 1289
360 1341
360 1373
360 1430
360 1623
360 1685
360 1837
360 1846
361 1290
361 1354
361 1540
361 1631
361 1736
361 1845
362 388
362 989
362 1002
362 1239
362 1370
362 1709
362 1738
362 1757
363 805
363 922
363 940
363 1141
363 1176
363 1630
363 1963
364 509
364 847
364 1270
364 1289
364 1574
364 1829
365 468
365 1070
365 1212
365 1411
365 1479
365 1575
366 909
366 1017
366 1889
367 1342
367 1721
368 792
368 1033
368 1198
368 1485
368 1511
368 1570
369 796
369 979
369 1103
369 1270
370 699
370 979
370 1142
370 1248
370 1322
370 1355
370 1434
371 511
371 640
371 732
371 829
371 1200
371 1542
371 1637
371 1693
372 797
372 980
372 1598
372 1633
372 1970
373 884
373 1248
373 1700
374 570
374 1089
374 1153
374 1212
374 1332
374 1369
374 1558
374 1699
374 1714
374 1901
375 701
375 928
375 974
375 999
375 1191
375 1234
375 1344
375 1578
375 1960
376 663
376 721
376 1123
376 1370
376 1665
376 1759
376 1832
376 1885
376 1979
377 641
377 1036
377 1067
377 1640
378 509
378 692
378 982
378 1210
378 1254
378 1259
378 1261
378 1718
378 1738
378 1817
379 814
379 1173
379 1176
379 1202
379 1212
379 1401
379 1476
379 1690
380 1250
381 430
381 626
381 654
381 864
381 1274
381 1305
381 1465
382 675
382 687
382 1455
382 1573
382 1576
382 1712
382 1740
383 935
383 1041
383 1311
383 1570
384 636
384 868
384 1065
384 1329
384 1531
384 1741
384 1820
384 1854
384 1994
385 1460
385 1666
385 1769
385 1828
385 1846
385 1881
385 1937
386 534
386 811
386 986
386 1133
386 1555
386 1644
386 1735
386 1880
386 1973
387 492
387 1078
387 1547
387 1732
387 1834
388 670
388 671
388 718
388 838
388 1582
388 1835
389 478
389 500
389 649
389 677
389 876
389 992
389 1304
389 1327
389 1412
389 1742
390 435
390 1537
390 1661
390 1888
391 433
391 1134
391 1263
391 1350
391 1739
391 1759
391 1913
392 418
392 517
392 576
392 1042
392 1232
392 1617
392 1655
392 1656
393 1214
393 1670
393 1913
394 903
394 1025
394 1362
394 1588
394 1951
395 525
395 1278
395 1359
395 1794
396 757
396 1786
396 1998
397 470
397 486
397 960
397 1286
397 1773
398 493
398 1130
398 1509
399 700
399 1182
399 1528
399 1806
400 1052
400 1335
400 1379
400 1427
400 1595
401 683
401 732
401 769
401 964
401 1020
401 1064
401 1230
401 1347
401 1445
402 728
402 1552
402 1667
402 1850
403 524
403 639
403 720
403 1118
403 1320
404 610
404 884
404 1009
404 1027
404 1455
404 1863
404 1899
405 573
405 1126
405 1434
405 1984
406 448
406 815
406 840
406 870
406 978
407 984
407 1044
407 1106
407 1171
407 1249
407 1354
407 1750
408 514
408 626
408 767
408 805
408 1000
408 1120
408 1123
408 1298
408 1602
408 1896
409 855
409 1156
409 1245
410 780
410 1126
411 466
411 660
411 679
412 559
412 778
412 1075
412 1160
412 1336
412 1352
412 1464
412 1469
412 1795
413 646
413 943
413 1059
413 1107
413 1170
413 1430
413 1933
414 491
414 754
414 859
414 970
414 1071
414 1262
414 1561
414 1757
414 1845
415 1146
415 1257
415 1279
415 1825
416 1085
416 1396
416 1659
416 1862
416 1868
417 771
417 809
417 986
417 1264
417 1647
418 493
418 570
418 657
418 796
418 834
418 1139
418 1192
418 1308
418 1479
418 1927
419 711
419 1501
420 484
420 645
420 1041
420 1153
420 1443
420 1534
420 1771
420 1808
421 464
421 545
421 556
421 1038
421 1285
421 1683
421 1967
422 546
422 766
422 838
422 1008
422 1233
422 1610
422 1854
423 464
423 654
423 689
423 692
423 1054
423 1410
424 752
424 1051
424 1112
424 1192
424 1628
425 488
425 669
425 949
425 985
425 1155
425 1282
425 1399
425 1742
425 1856
425 1915
426 432
426 585
426 927
426 958
426 1159
426 1209
426 1214
426 1277
426 1352
426 1755
427 504
427 532
427 677
427 931
427 1314
427 1360
427 1901
427 1910
428 1275
428 1586
428 1734
428 1756
428 1929
429 560
429 921
429 1215
429 1407
429 1542
429 1605
430 504
430 1013
430 1217
430 1289
430 1361
430 1534
430 1948
431 736
431 787
431 933
431 1420
431 1536
431 1599
431 1834
431 1884
431 1999
432 566
432 614
432 803
432 873
432 904
432 1132
432 1190
432 1227
432 1330
432 1598
433 1335
433 1557
433 1642
434 653
434 662
434 743
434 950
434 1825
435 771
435 773
435 1131
435 1926
436 539
436 690
436 740
436 1062
436 1952
437 443
437 466
437 736
437 849
437 1537
437 1827
437 1906
438 582
438 701
438 798
438 892
438 1052
438 1638
438 1704
438 1715
439 503
439 519
439 553
439 1056
439 1487
439 1687
439 1721
439 1741
440 454
440 497
440 592
440 640
440 648
440 1059
440 1214
441 542
441 552
441 1020
441 1118
441 1636
442 448
442 730
442 770
442 1055
442 1321
442 1529
442 1819
442 1988
443 674
443 1611
443 1991
444 515
444 998
444 1017
444 1018
444 1441
444 1665
444 1842
444 1947
444 1984
445 634
445 936
445 1155
445 1207
445 1412
445 1450
445 1610
445 1638
445 1705
445 1834
445 1884
445 1960
446 462
446 1250
446 1812
447 572
447 1074
447 1265
447 1627
447 1821
447 1888
447 1909
448 1471
448 1717
449 507
449 745
449 920
449 1062
449 1115
449 1571
449 1685
450 479
450 1572
450 1660
450 1896
450 1959
450 1986
451 1094
451 1114
451 1168
451 1410
451 1597
451 1599
451 1811
452 591
452 755
452 854
452 1184
452 1414
452 1480
452 1890
453 638
453 914
453 1227
453 1416
453 1891
453 1979
454 838
454 1272
454 1734
454 1857
454 1887
455 464
455 467
455 658
455 674
455 1237
455 1273
455 1443
455 1558
455 1808
456 692
456 1191
456 1212
456 1329
456 1402
457 837
457 1025
457 1113
457 1145
457 1536
457 1767
457 1850
458 846
458 965
458 1264
458 1290
458 1347
458 1440
458 1900
459 693
459 735
459 1074
459 1218
459 1725
460 756
460 912
460 991
460 1249
460 1465
460 1487
460 1632
461 542
461 746
461 1312
462 530
462 609
462 779
462 982
462 1192
462 1445
462 1476
462 1566
462 1812
462 1861
462 1891
462 1966
463 483
463 710
463 758
463 784
463 930
463 1046
463 1253
463 1924
463 1990
464 591
464 1237
464 1470
464 1704
465 884
465 987
465 1063
465 1211
465 1599
466 802
466 1148
466 1949
466 1997
467 519
467 1107
467 1109
467 1208
467 1213
467 1376
467 1456
467 1461
467 1696
467 1975
468 746
468 751
468 1231
468 1540
468 1609
468 1899
469 562
469 1062
469 1124
469 1377
469 1458
469 1842
469 1978
470 804
470 816
470 875
470 965
470 1418
470 1465
470 1896
471 1073
471 1139
471 1347
471 1506
471 1668
471 1737
472 600
472 1311
472 1480
472 1513
472 1942
473 485
473 1093
473 1198
473 1545
473 1927
473 1940
474 484
474 713
474 930
474 1028
474 1334
475 741
475 849
475 915
475 1038
475 1485
475 1992
476 667
476 842
476 1082
477 735
477 784
477 1087
477 1333
477 1359
477 1851
477 1933
478 912
478 1015
478 1329
478 1603
478 1875
479 502
479 536
479 577
479 658
479 794
479 922
479 923
479 1778
480 576
480 711
480 875
480 921
480 1461
480 1522
480 1733
481 780
481 792
481 1042
481 1369
481 1560
481 1761
482 529
482 612
482 985
482 1310
482 1994
483 680
483 898
483 1327
483 1947
484 681
484 857
484 929
484 1174
484 1452
484 1609
484 1641
484 1931
485 542
485 577
485 1110
485 1129
485 1400
485 1579
485 1695
485 1734
485 1834
486 1105
486 1112
486 1115
486 1359
486 1543
486 1719
486 1959
487 532
487 574
487 766
487 942
487 1040
487 1118
488 525
488 631
488 643
488 965
488 1059
488 1532
488 1716
489 805
489 1489
489 1525
489 1598
489 1887
490 579
490 913
490 1930
491 585
491 965
491 1222
491 1281
491 1822
492 757
492 958
492 1186
493 1090
493 1319
493 1564
493 1703
493 1777
494 1037
494 1181
494 1240
494 1679
494 1911
494 1957
496 1194
496 1541
496 1571
496 1584
496 1678
496 1809
497 766
497 1198
497 1257
497 1799
498 593
498 1161
498 1537
498 1805
498 1934
498 1982
498 1984
499 570
499 1057
499 1215
499 1257
499 1267
499 1533
499 1846
500 562
500 609
500 614
500 1269
500 1369
500 1748
500 1760
501 941
501 1233
501 1360
501 1625
502 533
502 1217
502 1603
503 722
503 933
503 984
503 1039
503 1355
503 1745
503 1802
503 1970
503 1973
504 521
504 530
504 1089
504 1137
504 1283
504 1352
504 1363
504 1451
504 1473
504 1552
504 1634
505 815
505 1000
505 1025
505 1215
505 1251
505 1316
505 1497
505 1648
505 1655
505 1819
505 1898
506 712
506 824
506 1109
506 1563
507 566
507 1127
507 1304
507 1441
507 1785
507 1792
507 1999
508 548
508 667
508 858
508 1294
508 1373
508 1713
508 1945
509 1458
509 1582
510 1006
510 1193
510 1257
510 1281
510 1725
511 778
511 925
511 1766
511 1947
512 685
512 756
512 833
512 1045
512 1227
512 1394
512 1537
512 1889
512 1913
512 1930
512 1965
513 541
513 891
513 933
513 974
513 1224
513 1244
513 1695
513 1833
514 941
514 949
514 1024
514 1453
514 1805
514 1979
515 804
515 1092
515 1198
515 1304
515 1479
515 1597
515 1627
515 1968
516 546
516 694
516 749
516 1251
516 1488
516 1755
516 1802
516 1930
517 547
517 981
517 1660
517 1688
518 982
518 1018
518 1138
518 1323
518 1416
518 1488
518 1681
518 1736
518 1870
519 674
519 805
519 1018
519 1717
519 1945
520 662
520 775
520 1212
520 1656
520 1682
520 1739
520 1781
520 1966
521 1230
521 1292
521 1448
521 1670
521 1705
521 1949
522 536
522 837
522 1545
522 1559
522 1926
523 537
523 821
523 989
523 1004
523 1208
523 1238
523 1289
524 1030
524 1081
524 1152
524 1320
524 1377
524 1396
524 1496
524 1608
524 1959
525 611
525 826
525 885
525 1085
525 1229
525 1902
526 756
526 1156
526 1277
526 1600
527 595
527 685
527 988
527 1679
527 1780
528 622
528 685
528 872
528 1337
528 1350
528 1805
529 551
529 615
529 747
529 1477
529 1495
529 1783
529 1862
530 700
530 858
530 891
530 1025
530 1058
530 1149
530 1445
530 1781
531 1720
531 1912
531 1964
532 883
532 1276
532 1327
532 1381
532 1396
532 1561
532 1638
532 1715
533 694
533 740
533 818
533 823
533 1254
533 1259
533 1415
533 1564
533 1679
533 1857
534 627
534 1346
534 1452
534 1468
534 1638
534 1886
534 1948
535 539
535 1388
535 1459
535 1613
535 1659
535 1689
535 1806
536 709
536 892
536 1451
536 1711
536 1777
537 954
537 1097
537 1119
537 1414
537 1531
537 1764
538 540
538 545
538 568
538 627
538 688
538 692
538 779
538 922
538 1310
538 1604
538 1795
538 1960
539 571
539 1365
539 1402
539 1406
539 1595
539 1707
539 1748
540 589
540 1066
540 1127
540 1152
540 1671
541 1179
541 1227
541 1412
541 1537
542 583
542 670
542 734
542 786
542 847
542 859
542 1269
542 1294
542 1460
542 1675
542 1947
543 560
543 584
543 833
543 1281
543 1969
544 706
544 1099
544 1196
544 1675
544 1915
545 710
545 1017
545 1035
545 1105
545 1245
545 1386
545 1387
545 1467
545 1600
545 1685
545 1864
545 1999
546 563
546 566
546 706
546 1405
546 1508
546 1819
546 1995
547 726
547 747
547 800
547 1233
547 1545
547 1984
548 1102
548 1248
548 1348
548 1454
548 1793
549 927
549 990
549 1292
549 1398
549 1607
549 1717
549 1734
549 1879
550 1402
550 1511
550 1566
551 625
551 748
551 903
551 1349
551 1405
551 1536
552 789
552 1064
552 1222
552 1306
552 1916
553 626
553 824
553 1051
553 1054
553 1065
553 1196
553 1643
553 1852
553 1935
554 1063
554 1387
554 1587
554 1615
554 1676
554 1943
555 1814
556 597
556 1680
556 1789
557 591
557 746
557 1743
557 1993
558 797
558 1091
558 1422
558 1781
559 1084
559 1132
559 1397
560 718
560 841
560 1045
560 1149
560 1258
561 576
561 702
561 847
561 889
561 1466
561 1631
561 1910
561 1993
562 606
562 697
562 794
562 1045
562 1102
562 1249
562 1564
562 1605
562 1975
563 790
563 1254
563 1397
563 1677
563 1871
564 739
564 1079
564 1397
565 590
565 812
565 865
565 871
565 1058
565 1097
565 1322
565 1430
565 1784
565 1872
566 618
566 1914
567 1055
567 1546
567 1550
567 1594
567 1656
567 1665
567 1684
567 1998
568 971
568 1197
568 1577
568 1665
568 1713
568 1823
569 705
569 1191
569 1549
569 1588
570 621
570 838
570 862
570 1376
570 1468
570 1481
570 1641
571 753
571 818
571 1591
571 1847
572 606
572 616
572 960
572 1038
572 1170
572 1296
572 1523
572 1764
572 1967
573 781
574 792
574 815
574 1551
575 659
575 752
575 793
575 1302
575 1306
575 1681
575 1741
576 686
576 1019
577 1071
577 1474
578 722
578 803
578 1506
578 1635
578 1959
579 921
579 1033
579 1186
579 1237
579 1428
579 1469
579 1488
579 1821
580 654
580 1394
580 1488
580 1645
580 1668
581 1327
581 1409
581 1986
582 588
582 1569
582 1907
583 951
583 1120
583 1154
583 1272
583 1528
583 1568
583 1613
583 1654
583 1699
583 1788
583 1851
584 773
584 910
584 945
584 1091
584 1257
584 1964
585 638
585 642
585 1091
585 1133
585 1263
585 1377
585 1738
585 1974
585 1979
585 1981
586 662
586 835
586 1059
586 1127
586 1247
586 1604
586 1674
586 1703
587 908
587 915
587 1276
587 1764
588 670
588 891
588 1388
588 1430
588 1746
589 882
589 1249
589 1429
589 1447
589 1492
589 1562
589 1591
590 670
590 1040
590 1234
590 1412
590 1852
591 759
591 965
591 1006
591 1254
591 1268
591 1367
591 1708
591 1748
591 1755
591 1969
592 1020
592 1178
593 715
593 1128
594 920
594 1525
594 1528
594 1539
594 1595
594 1628
595 621
595 659
595 691
595 772
595 1087
595 1301
595 1690
596 770
596 785
596 1168
596 1181
596 1526
596 1758
596 1851
597 731
597 786
597 1239
597 1285
597 1542
597 1696
597 1937
598 617
598 891
598 1116
598 1130
598 1332
598 1449
598 1461
598 1510
598 1526
599 894
599 1068
599 1551
599 1971
599 1990
600 612
600 1032
600 1198
600 1584
600 1696
600 1787
601 803
601 1036
601 1319
601 1525
601 1699
601 1820
601 1949
602 646
602 1703
603 1105
603 1335
603 1620
603 1847
603 1911
604 608
604 725
604 1425
604 1452
604 1875
605 859
605 1375
605 1484
605 1955
606 816
606 950
606 1385
606 1479
606 1505
606 1578
606 1616
606 1661
607 884
607 985
607 1044
607 1091
607 1093
607 1156
607 1848
608 662
608 1135
608 1391
608 1516
608 1667
608 1955
609 986
609 1105
609 1374
609 1482
609 1636
610 1589
610 1913
611 728
611 1038
611 1055
611 1330
611 1502
611 1540
611 1557
612 663
612 1196
612 1313
612 1475
612 1872
613 858
613 1082
613 1173
613 1361
613 1417
614 979
614 1148
614 1191
614 1268
614 1357
614 1589
615 779
615 1074
615 1212
615 1281
615 1290
615 1756
615 1907
616 868
616 1092
616 1430
616 1685
617 1239
617 1323
617 1338
617 1375
617 1399
617 1410
617 1622
617 1667
617 1828
617 1888
618 1389
618 1414
618 1460
618 1522
618 1590
618 1631
618 1789
618 1852
619 879
619 1373
619 1575
620 1643
620 1651
620 1712
621 1441
621 1516
621 1649
622 659
622 912
622 1752
623 740
623 1506
623 1719
623 1959
623 1979
624 763
624 920
624 961
624 1158
624 1298
624 1417
624 1427
624 1438
624 1460
624 1523
624 1818
624 1924
625 975
625 1129
625 1402
625 1476
625 1489
625 1865
626 1012
626 1438
626 1472
627 1054
627 1109
627 1114
627 1357
627 1386
627 1613
627 1659
627 1933
627 1944
628 917
628 1035
628 1095
628 1244
628 1402
628 1960
628 2000
629 894
629 1389
629 1870
629 1896
630 854
630 1331
630 1431
630 1465
630 1805
631 673
631 968
631 1217
631 1502
631 1925
632 741
632 864
632 924
632 1386
632 1442
632 1488
633 705
633 760
633 970
633 1156
633 1275
633 1364
634 803
634 1346
635 786
635 1298
635 1474
636 713
636 792
636 1032
636 1353
636 1506
636 1734
636 1823
637 1476
637 1574
637 1679
637 1720
637 1755
637 1775
637 1839
638 1001
638 1283
638 1401
638 1662
638 1784
639 1392
639 1405
640 718
640 998
640 1161
640 1701
640 1765
641 743
641 824
641 1348
641 1495
641 1524
641 1604
641 1686
641 1842
642 811
642 1144
642 1162
642 1440
642 1809
643 767
643 1001
643 1241
643 1675
643 1964
644 780
644 789
644 1069
644 1210
644 1637
645 766
645 1127
645 1409
645 1861
645 1959
646 966
646 977
646 1272
646 1537
646 1925
646 1929
647 752
647 1181
647 1383
647 1720
647 1955
648 758
648 800
648 804
648 1494
648 1559
648 1634
648 1783
648 1855
649 931
649 957
649 1434
649 1510
649 1917
650 953
650 1291
650 1651
650 1750
650 1774
651 784
651 872
651 999
651 1196
651 1780
652 1000
652 1389
652 1596
652 1743
652 1832
652 1903
653 751
653 818
653 1123
653 1159
653 1791
654 669
654 887
654 987
654 1263
654 1642
654 1746
654 1776
654 1784
655 921
655 1583
655 1971
656 923
656 1036
656 1115
656 1567
656 1645
656 1806
657 662
657 936
657 1082
657 1114
657 1285
657 1286
657 1681
657 1682
657 1744
658 776
658 881
658 1160
658 1218
658 1716
658 1945
658 1982
659 1055
659 1072
659 1113
659 1218
659 1437
659 1577
659 1887
659 1941
660 1099
660 1250
660 1389
660 1551
661 741
661 932
661 1028
661 1073
661 1160
661 1583
661 1736
661 1870
661 1998
662 944
662 1249
662 1254
662 1431
662 1433
662 1467
662 1476
662 1514
662 1576
662 1865
663 1045
663 1120
663 1123
663 1133
663 1227
663 1228
663 1327
663 1513
663 1869
664 746
664 1093
664 1183
665 697
665 775
665 1089
665 1190
665 1352
665 1578
665 1657
665 1702
666 742
666 1201
666 1317
666 1721
666 1936
667 1888
667 1941
668 755
668 877
668 952
668 1347
668 1419
668 1481
668 1611
668 1644
669 815
669 846
669 1393
669 1707
669 1943
670 700
670 1162
670 1193
670 1397
670 1901
671 1053
671 1504
671 1812
672 773
672 1645
672 1682
672 1859
672 1871
673 954
673 958
673 1390
673 1894
674 1073
674 1505
674 1583
674 1759
674 1855
674 1956
675 728
675 1053
675 1098
675 1722
675 1838
676 990
676 1160
676 1288
676 1503
676 1638
676 1799
676 1848
677 1008
677 1009
677 1092
677 1527
677 1659
678 917
678 1011
678 1026
678 1055
678 1299
678 1395
678 1698
679 1145
679 1206
679 1738
679 1760
679 1855
679 1911
679 1984
680 866
680 908
680 1677
680 1715
680 1901
681 728
681 745
681 888
681 1198
681 1236
681 1386
681 1671
681 1783
682 1459
683 862
683 980
683 1308
683 1508
683 1664
684 721
684 823
684 1442
684 1622
685 846
685 849
685 860
685 954
685 1123
685 1139
685 1615
685 1618
686 890
686 1039
686 1117
686 1133
686 1361
686 1439
686 1783
686 1984
687 770
687 1143
687 1687
687 1723
688 919
688 1894
688 1904
689 903
689 1213
689 1285
689 1878
690 831
690 1213
690 1277
690 1309
691 1024
691 1031
691 1363
691 1546
691 1932
692 1097
692 1558
692 1844
692 1971
693 1143
693 1242
693 1691
693 1825
693 1987
694 1183
694 1489
695 716
695 776
695 1033
695 1117
695 1170
695 1696
695 1769
695 1810
696 1019
696 1136
696 1442
696 1910
697 977
697 1433
697 1511
697 1594
697 1798
697 1816
697 1905
697 1960
698 1149
698 1187
698 1219
698 1850
698 1870
699 719
699 727
699 924
699 1007
699 1212
699 1321
699 1467
699 1635
700 796
700 814
700 1201
700 1236
700 1376
700 1548
700 1930
700 1999
701 811
701 842
701 1317
701 1404
701 1498
701 1517
701 1539
701 1869
702 895
702 1003
702 1082
702 1107
702 1131
702 1189
702 1293
703 713
703 912
703 945
703 1200
703 1222
703 1318
703 1354
703 1521
703 1655
704 716
704 758
704 792
704 831
704 1088
704 1100
704 1229
704 1687
704 1793
704 1842
705 897
705 904
705 1096
705 1233
706 824
706 1334
706 1516
706 1879
707 726
707 865
707 1384
707 1576
707 1993
708 889
708 998
708 1544
708 1879
709 1180
709 1320
709 1542
709 1653
709 1689
709 1796
709 1969
710 1137
710 1275
710 1392
710 1436
710 1508
710 1653
710 1727
710 1951
711 982
711 1085
711 1605
711 1612
711 1765
711 1812
711 1825
711 1847
711 1904
711 1963
712 800
712 827
712 1079
712 1357
712 1497
712 1520
712 1632
712 1781
712 1957
712 1959
713 1251
713 1810
714 1317
714 1381
714 1933
715 814
715 1050
715 1400
715 1442
715 1757
716 888
716 1653
717 1309
717 1318
717 1501
717 1505
717 1555
717 1839
718 861
718 1180
718 1316
718 1468
719 1491
719 1828
720 796
720 1208
720 1217
720 1749
720 1985
721 1445
721 1561
721 1566
721 1580
721 1963
722 1168
722 1709
722 1942
723 866
723 902
723 1308
723 1803
723 1943
724 937
724 971
724 1364
724 1884
724 1893
724 1913
725 733
725 734
725 941
725 1632
725 1976
726 990
726 1020
726 1170
726 1865
726 1929
727 810
727 991
727 1454
727 1473
727 1539
727 1571
728 773
728 1010
728 1194
728 1351
728 1901
728 1912
729 1383
729 1583
729 1638
729 1753
730 1224
730 1655
730 1680
730 1767
730 1958
731 1415
731 1506
731 1818
732 742
732 1263
732 1589
734 859
734 892
734 1307
734 1421
734 1526
734 1887
735 1049
735 1171
735 1895
736 834
736 1173
736 1241
736 1553
736 1682
736 1907
737 1218
737 1228
737 1403
737 1699
737 1836
737 1892
738 1411
738 1611
738 1716
739 1543
739 1792
739 1821
739 1935
740 886
740 952
740 1051
740 1291
740 1563
740 1589
741 799
741 1046
741 1528
741 1593
741 1685
741 1788
742 899
742 1214
742 1400
742 1409
742 1431
742 1466
742 1732
743 824
743 995
743 1162
743 1623
743 1639
743 1808
744 957
744 1654
745 911
745 1197
745 1230
745 1560
745 1752
745 1940
746 1081
746 1529
746 1828
747 940
747 1008
747 1260
747 1494
747 1681
748 894
748 1060
748 1294
748 1345
748 1438
749 1226
749 1309
749 1328
749 1617
749 1692
749 1781
749 1821
749 1922
749 1979
750 927
750 976
750 1171
750 1289
750 1368
750 1551
750 1804
750 1999
751 890
751 1156
751 1286
751 1493
751 1669
751 1711
752 975
752 1406
752 1432
752 1703
752 1951
753 794
753 810
753 1136
753 1175
753 1291
753 1398
753 1795
753 1899
754 1080
754 1573
754 1738
754 1923
755 777
755 1269
755 1545
755 1581
756 853
756 1026
756 1251
756 1803
756 1872
756 1967
757 962
757 1171
757 1270
757 1284
757 1652
757 1730
757 1782
757 1861
757 1872
758 1056
758 1163
758 1606
759 960
759 1039
759 1090
759 1473
760 858
760 1113
760 1394
760 1398
760 1502
760 1755
761 1164
761 1167
761 1418
761 1884
761 1886
762 819
762 1428
762 1501
763 990
763 1486
763 1519
764 1098
764 1377
764 1547
764 1603
765 904
765 1005
765 1024
765 1308
765 1745
766 816
766 1032
766 1117
766 1126
766 1293
766 1644
766 1769
767 785
767 943
767 945
767 1195
767 1311
767 1383
767 1491
767 1837
768 770
768 1034
768 1244
768 1361
768 1456
768 1782
768 1918
769 813
769 987
769 1118
769 1209
769 1353
769 1535
769 1738
769 1959
770 999
770 1257
770 1491
770 1573
770 1592
770 1825
771 887
771 925
771 998
771 1217
771 1324
771 1502
771 1568
771 1583
772 780
772 856
772 877
772 1410
772 1498
773 1448
773 1921
774 1217
774 1278
774 1837
775 1247
775 1313
775 1401
775 1413
776 931
776 954
776 1090
776 1779
776 1809
776 1896
777 898
777 1463
777 1486
777 1937
778 1203
778 1304
778 1724
779 886
779 975
779 1288
779 1641
780 1029
780 1308
780 1414
780 1609
780 1751
781 1209
781 1620
782 1029
782 1428
782 1597
782 1684
782 1774
782 1973
783 1019
783 1396
783 1418
783 1523
783 1617
783 1764
784 946
784 1336
784 1921
785 832
785 868
785 1129
785 1277
785 1391
785 1807
786 790
786 818
786 1128
786 1672
787 1241
787 1388
787 1642
787 1910
787 1911
788 1457
788 1809
788 1851
789 891
789 1064
789 1581
790 1013
790 1179
790 1616
790 1886
790 1911
790 1969
791 980
791 1260
791 1354
791 1437
791 1662
791 1801
792 1106
792 1114
792 1227
792 1443
792 1479
792 1508
793 1031
793 1248
793 1435
793 1577
793 1923
794 801
794 928
794 1091
794 1306
794 1347
794 1773
795 1061
795 1105
795 1233
795 1616
796 1319
796 1487
796 1585
797 1057
797 1166
797 1225
797 1234
798 1478
798 1510
798 1529
798 1546
798 1761
798 1820
799 1035
799 1524
799 1541
799 1570
799 1893
800 862
800 957
800 1359
800 1815
801 820
801 822
801 1216
801 1776
801 1820
801 1938
802 852
802 1108
802 1342
802 1350
802 1592
803 836
803 981
803 1142
803 1579
804 949
804 1047
804 1891
804 1952
804 1972
805 859
805 999
805 1043
805 1256
805 1292
805 1539
805 1797
805 1839
806 993
806 1183
806 1216
806 1542
806 1737
807 915
807 1255
807 1550
807 1697
808 1300
808 1320
809 845
809 932
809 1305
809 1357
809 1614
809 1762
809 1867
809 1947
810 1197
811 851
811 885
811 997
811 1245
811 1541
811 1690
811 1900
811 1951
811 1962
812 1227
812 1248
812 1746
812 1980
812 1998
813 1149
813 1273
813 1774
813 1906
813 1911
813 1959
814 1101
814 1453
814 1599
814 1608
814 1680
814 1698
814 1704
814 1804
814 1828
815 828
815 1465
815 1567
815 1697
815 1861
816 956
816 957
816 1284
816 1371
817 1397
817 1806
817 1849
818 1233
818 1239
818 1241
818 1257
818 1532
818 1575
818 1703
818 1776
818 1788
819 844
819 1083
819 1167
819 1448
819 1484
819 1743
819 1759
819 1776
819 1906
819 1939
820 1226
820 1406
820 1572
820 1587
820 1597
820 1648
820 1741
820 1763
821 966
821 1124
821 1429
821 1933
822 940
822 974
822 1032
822 1337
822 1466
822 1635
822 1842
823 834
823 1634
823 1682
824 954
824 1330
824 1519
825 1842
826 862
826 1350
827 1332
827 1398
827 1399
827 1773
828 1066
828 1577
828 1738
829 848
829 1261
829 1339
829 1367
829 1548
829 1704
830 1012
830 1085
830 1532
831 1011
831 1233
831 1270
831 1341
831 1465
831 1552
831 1781
832 846
832 882
832 975
832 1135
832 1671
832 1919
833 1068
833 1166
833 1174
833 1253
833 1576
834 1333
834 1633
834 1685
834 1833
835 864
835 1006
835 1825
835 1909
835 1990
836 1440
837 1404
837 1652
838 1224
838 1290
838 1879
839 1050
839 1443
839 1953
839 1983
840 1064
840 1138
840 1437
840 1659
841 1156
841 1271
842 878
842 912
842 950
842 1220
842 1665
843 1707
844 960
844 1027
844 1114
844 1155
844 1241
844 1530
844 1620
844 1744
844 1785
844 1889
846 958
846 1035
846 1469
846 1635
846 1902
847 1094
847 1156
847 1234
847 1582
847 1726
848 965
848 1006
848 1201
848 1223
848 1342
848 1541
849 886
849 968
849 1603
849 1974
850 880
850 919
850 998
850 1082
850 1581
850 1801
850 1916
851 854
851 1060
851 1454
851 1715
852 1127
852 1264
852 1462
852 1604
852 1688
852 1724
853 948
853 1043
853 1392
853 1408
853 1687
853 1838
854 966
854 1078
854 1668
854 1807
855 1034
856 952
856 981
856 1207
857 1121
857 1207
857 1522
857 1686
857 1731
858 906
858 953
858 1002
858 1321
859 1258
859 1289
859 1420
859 1620
859 1797
859 1889
860 923
860 1497
860 1729
861 1039
861 1922
862 1567
862 1652
862 1882
862 2000
863 922
863 1095
863 1114
863 1124
863 1234
863 1681
864 1296
864 1591
864 1628
864 1630
865 955
865 1205
865 1470
865 1613
866 928
866 1554
866 1599
866 1732
866 1959
867 1135
867 1157
867 1259
867 1452
867 2000
868 1014
868 1016
868 1911
869 1031
869 1068
869 1626
869 1778
871 1067
871 1109
871 1244
871 1321
871 1356
871 1732
871 1832
871 1951
872 1007
872 1222
872 1524
872 1756
872 1850
873 1167
873 1248
873 1685
873 1822
874 1200
876 923
876 1352
877 907
877 1256
877 1433
877 1721
877 1867
878 1032
878 1113
878 1227
878 1283
878 1716
878 1724
878 1961
879 1051
879 1171
879 1553
879 1689
879 1749
879 1789
880 1051
880 1111
880 1223
880 1811
881 1126
881 1995
882 974
882 1217
882 1858
882 1873
882 1877
883 1056
883 1471
883 1514
883 1803
884 1144
884 1263
884 1399
884 1453
884 1532
884 1680
884 1768
885 1320
885 1508
885 1529
885 1733
886 896
886 944
886 1071
886 1119
886 1134
886 1420
886 1493
886 1695
886 1796
887 1146
887 1172
887 1177
887 1564
887 1577
887 1580
887 1611
888 1352
888 1692
889 976
889 1014
889 1099
889 1503
889 1602
890 970
890 1045
890 1391
890 1828
891 1217
891 1555
891 1603
892 980
892 1376
892 1575
892 1905
893 956
893 1196
893 1346
893 1509
893 1534
893 1562
893 1594
893 1845
894 1060
894 1441
894 1444
894 1485
894 1510
894 1640
895 1307
895 1531
895 1597
895 1789
896 1176
896 1638
896 1746
897 1035
897 1085
897 1424
897 1768
898 1000
898 1126
898 1574
898 1578
899 951
899 975
899 1081
899 1193
899 1268
899 1560
900 1306
900 1371
900 1469
900 1532
900 1829
901 1043
901 1116
901 1197
901 1201
901 1402
901 1509
901 1583
902 1204
902 1283
902 1471
902 1497
902 1964
903 1049
903 1456
903 1626
904 932
904 1117
904 1255
904 1327
904 1540
904 1592
904 1629
904 1701
904 1746
905 951
905 1098
905 1139
905 1272
905 1446
905 1788
907 1440
907 1651
907 1778
907 1926
908 930
908 1227
908 1509
908 1605
908 1725
908 1837
908 1855
909 1173
909 1286
909 1299
909 1508
909 1541
909 1589
909 1599
909 1750
909 1821
909 1951
910 1204
910 1658
910 1679
910 1687
910 1746
911 937
911 1425
911 1441
911 1535
911 1559
911 1581
911 1696
911 1731
911 1920
912 1148
912 1668
912 1755
912 1861
913 984
913 996
913 1118
913 1527
913 1560
913 1774
913 1783
913 1935
914 1588
914 1712
914 1735
914 1897
914 1916
915 1006
915 1256
915 1340
915 1499
915 1630
915 1632
915 1650
916 967
916 1041
916 1294
916 1317
916 1560
916 1621
916 1860
917 987
917 1153
917 1323
917 1479
917 1709
917 1796
918 1038
918 1074
918 1287
918 1312
918 1494
918 1630
918 1986
919 1275
919 1363
919 1541
919 1592
919 1711
920 1076
920 1223
920 1230
920 1319
920 1793
921 953
921 1335
922 1146
922 1416
922 1564
922 1602
922 1682
922 1782
922 1829
923 1613
923 1899
923 1937
924 974
924 1756
925 1144
925 1779
925 1798
925 1923
926 1043
926 1080
926 1103
926 1116
926 1236
926 1278
927 1480
928 930
928 1381
928 1456
928 1944
929 1405
929 1442
929 1528
930 1451
930 1766
930 1839
930 1889
931 1110
931 1233
931 1240
932 1305
932 1364
932 1852
933 1066
933 1145
933 1714
934 968
934 1142
934 1162
934 1849
934 1992
935 1010
935 1261
935 1335
935 1480
935 1522
936 1064
936 1217
936 1731
936 1950
937 1137
937 1361
937 1764
938 1272
938 1433
938 1713
939 940
939 1549
939 1884
940 1251
940 1474
940 1772
940 1816
941 963
941 1041
941 1538
941 1975
942 1267
942 1452
942 1809
942 1876
942 1989
943 1128
943 1650
943 1743
943 1802
944 961
944 1376
944 1784
944 1860
945 1321
945 1859
946 1225
946 1395
946 1479
946 1659
946 1751
946 1792
947 1296
947 1723
947 1870
948 1237
948 1778
949 1012
949 1455
949 1607
949 1818
949 1954
950 1014
950 1064
950 1149
950 1230
950 1386
950 1626
950 1682
950 1698
950 1703
950 1831
951 959
951 1241
951 1252
951 1272
951 1291
951 1355
951 1850
952 1371
952 1433
952 1461
952 1950
953 960
953 1027
953 1454
953 1488
953 1618
953 1689
953 1866
953 1916
954 1043
954 1437
954 1733
954 1836
955 1492
955 1695
955 1814
955 1827
955 1885
955 1918
956 1265
956 1816
956 1832
956 1883
957 969
957 1019
957 1022
957 1331
957 1365
957 1415
957 1445
957 1463
957 1692
959 1076
959 1228
959 1640
959 1791
960 1038
960 1159
960 1230
960 1485
960 1700
961 1082
961 1417
961 1927
962 1087
962 1511
962 1549
962 1552
963 980
963 1164
963 1252
963 1413
963 1846
964 979
964 1369
964 1599
964 1897
965 1164
965 1200
965 1276
965 1303
965 1387
965 1585
965 1709
965 1720
965 1727
966 1855
966 1925
967 1736
968 1256
968 1342
968 1515
968 1542
968 1573
968 1621
968 1777
969 1160
969 1178
969 1553
969 1657
969 1901
970 1367
970 1499
970 1613
971 1813
971 1860
971 1876
972 1126
972 1221
972 1631
973 1376
973 1393
973 1629
974 1031
974 1313
975 1179
976 1267
976 1493
977 1007
977 1075
977 1405
977 1875
977 1949
978 1402
978 1408
978 1804
978 1894
979 1063
979 1111
979 1230
979 1340
979 1565
979 1681
979 1844
980 1045
980 1207
980 1308
980 1780
980 1857
980 1990
981 1001
981 1298
981 1609
981 1809
981 1955
981 1990
982 1097
982 1133
982 1267
982 1340
982 1388
982 1802
983 1330
983 1336
983 1397
983 1402
983 1515
983 1517
983 1885
984 1127
984 1303
984 1438
984 1484
984 1817
984 1901
984 1965
985 1049
985 1106
986 1112
986 1721
986 1756
986 1847
987 1258
987 1407
987 1432
987 1858
987 1863
988 1214
988 1327
989 1149
989 1284
989 1444
989 1587
989 1600
990 1037
990 1121
990 1862
991 1234
991 1978
992 1339
992 1466
992 1704
992 1912
993 1030
993 1664
994 1399
994 1408
994 1835
995 1073
995 1099
995 1404
995 1560
995 1700
995 1932
996 1593
996 1853
996 1986
997 1163
997 1630
997 1982
998 1244
998 1271
998 1889
998 2000
999 1333
999 1419
999 1733
999 1817
999 1918
1000 1078
1000 1476
1000 1849
1000 1951
1001 1015
1001 1121
1001 1189
1001 1958
1001 1986
1002 1258
1002 1506
1002 1806
1003 1090
1003 1498
1003 1507
1003 1726
1003 1765
1004 1403
1004 1526
1004 1675
1004 1790
1004 1968
1004 1982
1005 1153
1005 1403
1005 1790
1006 1199
1006 1393
1006 1420
1006 1605
1006 1744
1006 1842
1007 1072
1007 1222
1007 1717
1007 1848
1008 1180
1008 1223
1008 1279
1009 1337
1009 1573
1009 1720
1009 1785
1009 1994
1010 1267
1010 1377
1010 1501
1010 1721
1010 1921
1012 1152
1013 1540
1013 1653
1013 1960
1014 1283
1014 1443
1014 1701
1014 1821
1014 1827
1014 1905
1014 1958
1015 1621
1016 1585
1016 1668
1016 1844
1017 1094
1017 1221
1017 1250
1017 1320
1017 1377
1018 1032
1018 1349
1018 1505
1018 1520
1018 1571
1018 1848
1019 1067
1019 1563
1019 1884
1020 1359
1020 1369
1020 1502
1020 1758
1021 1242
1021 1458
1021 1492
1021 1970
1021 1980
1022 1027
1022 1034
1022 1143
1022 1200
1022 1315
1022 1576
1022 1835
1023 1126
1023 1224
1023 1264
1025 1056
1025 1789
1026 1280
1026 1353
1026 1471
1026 1835
1026 1836
1026 1974
1027 1335
1027 1402
1027 1409
1027 1684
1028 1075
1028 1523
1028 1682
1028 1732
1029 1038
1029 1043
1029 1132
1029 1974
1030 1278
1030 1348
1031 1485
1031 1519
1031 1528
1031 1660
1032 1880
1032 1944
1033 1222
1033 1627
1033 1631
1033 1707
1033 1810
1034 1094
1034 1118
1034 1176
1034 1318
1034 1331
1034 1833
1035 1668
1035 1754
1036 1121
1036 1131
1036 1265
1036 1518
1036 1600
1036 1984
1037 1073
1037 1217
1037 1980
1038 1203
1038 1378
1039 1481
1039 1521
1039 1926
1040 1240
1040 1697
1041 1110
1041 1745
1041 1799
1041 1871
1042 1127
1042 1511
1042 1551
1042 1674
1042 1712
1042 1815
1042 1841
1042 1875
1042 1880
1043 1199
1043 1206
1043 1677
1043 1735
1043 1788
1043 1884
1043 1982
1044 1914
1045 1127
1045 1615
1045 1815
1046 1090
1046 1199
1046 1285
1046 1408
1046 1508
1046 1673
1047 1295
1047 1298
1047 1393
1047 1790
1048 1150
1048 1608
1049 1344
1049 1680
1049 1723
1050 1113
1050 1793
1051 1441
1051 1658
1052 1217
1052 1236
1052 1247
1052 1407
1052 1523
1052 1544
1052 1759
1052 1897
1052 1934
1053 1199
1053 1244
1053 1356
1053 1357
1053 1369
1053 1396
1053 1780
1053 1800
1054 1066
1054 1694
1054 1923
1055 1994
1056 1189
1056 1491
1056 1853
1056 1904
1057 1075
1057 1261
1057 1309
1057 1717
1057 1788
1057 1817
1058 1400
1058 1932
1059 1252
1059 1460
1059 1849
1059 1882
1059 1892
1060 1159
1061 1373
1061 1544
1061 1584
1061 1704
1061 1839
1062 1347
1062 1404
1062 1428
1062 1480
1062 1596
1062 1701
1062 1861
1063 1287
1063 1575
1064 1084
1064 1159
1064 1224
1064 1284
1064 1716
1064 1758
1065 1066
1065 1317
1065 1405
1065 1410
1065 1708
1065 1712
1065 1947
1066 1081
1066 1329
1066 1693
1066 1813
1066 1907
1067 1327
1067 1857
1067 1872
1067 1917
1068 1212
1068 1437
1068 1904
1069 1279
1069 1306
1069 1402
1069 1558
1069 1822
1069 1839
1069 1883
1070 1088
1070 1392
1070 1497
1070 1829
1071 1197
1071 1564
1072 1731
1073 1606
1074 1240
1074 1377
1074 1753
1074 1822
1075 1292
1076 1878
1077 1545
1077 1657
1078 1110
1078 1122
1078 1232
1078 1998
1079 1348
1079 1485
1080 1314
1080 1326
1080 1421
1080 1639
1080 1753
1081 1212
1081 1412
1081 1970
1082 1199
1082 1444
1082 1676
1082 1687
1082 1778
1082 1836
1083 1427
1083 1472
1083 1516
1083 1959
1084 1441
1084 1962
1085 1133
1085 1216
1085 1360
1085 1484
1085 1805
1085 1857
1087 1380
1087 1416
1087 1430
1087 1496
1087 1855
1087 2000
1088 1160
1088 1564
1088 1723
1088 1846
1088 1872
1088 1920
1089 1115
1089 1116
1090 1135
1090 1151
1090 1275
1090 1372
1090 1577
1091 1550
1092 1117
1092 1215
1092 1519
1092 1610
1092 1804
1092 1827
1093 1422
1093 1582
1093 1589
1093 1806
1093 1843
1094 1342
1094 1439
1094 1919
1094 1922
1095 1106
1095 1165
1095 1652
1095 1911
1096 1407
1097 1365
1097 1622
1097 1899
1098 1419
1098 1550
1098 1804
1099 1112
1099 1561
1100 1260
1100 1351
1100 1373
1100 1396
1100 1503
1100 1507
1100 1913
1101 1199
1101 1325
1102 1670
1102 1759
1102 1920
1103 1145
1103 1556
1104 1570
1106 1318
1106 1527
1107 1172
1107 1515
1107 1564
1107 1762
1107 1830
1107 1992
1108 1363
1108 1441
1108 1621
1108 1753
1108 1880
1109 1560
1109 1573
1110 1373
1110 1392
1110 1885
1110 1947
1111 1129
1111 1205
1111 1285
1111 1939
1112 1130
1112 1511
1112 1821
1112 1826
1112 1849
1112 1909
1113 1510
1113 1578
1114 1172
1114 1186
1114 1827
1114 1842
1115 1199
1115 1276
1115 1302
1115 1340
1115 1436
1115 1497
1115 1685
1115 1998
1116 1436
1116 1496
1116 1785
1116 1845
1117 1257
1117 1521
1117 1544
1117 1632
1117 1880
1117 1987
1118 1218
1118 1798
1118 1979
1119 1376
1119 1915
1120 1448
1120 1555
1120 1628
1121 1275
1121 1311
1122 1436
1122 1505
1122 1619
1122 1815
1122 1865
1122 1951
1122 1979
1123 1137
1123 1208
1123 1382
1123 1517
1123 1576
1123 1874
1124 1245
1124 1301
1124 1506
1124 1767
1125 1436
1125 1867
1126 1302
1126 1380
1126 1544
1126 1588
1126 1617
1126 1875
1126 1981
1127 1231
1127 1590
1127 1711
1128 1388
1128 1824
1129 1135
1129 1164
1129 1782
1130 1243
1130 1447
1130 1477
1130 1541
1130 1677
1130 1684
1130 1753
1130 1907
1131 1348
1131 1428
1132 1203
1132 1379
1132 1544
1133 1365
1133 1732
1133 1751
1133 1908
1134 1188
1134 1290
1135 1799
1135 1803
1135 1885
1136 1291
1136 1378
1136 1602
1136 1861
1137 1152
1137 1154
1137 1320
1137 1374
1137 1586
1137 1749
1137 1900
1139 1228
1139 1804
1141 1505
1141 1532
1141 1566
1141 1702
1142 1442
1142 1734
1143 1258
1143 1275
1143 1281
1143 1322
1143 1501
1144 1619
1144 1706
1144 1712
1145 1194
1145 1259
1145 1450
1145 1500
1145 1526
1146 1188
1146 1704
1146 1876
1147 1239
1147 1844
1148 1468
1148 1651
1148 1939
1149 1265
1149 1275
1149 1732
1149 1821
1150 1298
1150 1523
1150 1557
1150 1728
1150 1941
1150 1948
1151 1656
1151 1770
1151 1989
1152 1431
1152 1711
1152 1833
1153 1510
1153 1657
1154 1432
1154 1568
1154 1696
1155 1202
1155 1757
1155 1834
1155 1934
1156 1416
1156 1429
1157 1184
1157 1671
1157 1799
1157 1837
1158 1263
1158 1396
1158 1465
1159 1239
1159 1706
1159 1859
1159 1979
1160 1636
1160 1767
1160 1975
1161 1207
1161 1276
1161 1292
1161 1529
1161 1782
1162 1193
1162 1217
1162 1685
1162 1822
1163 1190
1163 1205
1163 1510
1163 1807
1163 1852
1164 1276
1164 1449
1164 1587
1164 1788
1165 1251
1165 1601
1166 1611
1166 1780
1166 1782
1166 1803
1166 1877
1167 1377
1167 1554
1167 1587
1167 1739
1167 1933
1167 1956
1167 1997
1168 1832
1169 1234
1169 1388
1169 1455
1169 1625
1169 1923
1169 1971
1170 1385
1170 1596
1170 1925
1172 1212
1172 1323
1172 1351
1172 1381
1172 1558
1172 1748
1172 1814
1172 1896
1173 1184
1173 1221
1173 1408
1173 1440
1173 1829
1174 1410
1174 1932
1174 1949
1175 1267
1175 1376
1175 1530
1175 1574
1175 1641
1175 1776
1175 1955
1176 1594
1176 1682
1176 1683
1176 1934
1177 1461
1177 1685
1178 1361
1178 1588
1178 1825
1178 1951
1178 1981
1179 1230
1179 1603
1179 1618
1180 1442
1180 1657
1180 1717
1181 1348
1181 1556
1181 1675
1182 1538
1182 1740
1182 1998
1183 1497
1184 1198
1184 1261
1184 1288
1184 1754
1184 1994
1185 1244
1185 1416
1185 1500
1186 1272
1186 1301
1186 1314
1186 1403
1186 1531
1186 1605
1186 1656
1186 1820
1186 1964
1187 1592
1187 1655
1187 1727
1188 1767
1188 1997
1189 1800
1191 1230
1191 1568
1191 1931
1192 1346
1192 1440
1192 1490
1192 1676
1193 1229
1193 1479
1194 1531
1194 1709
1194 1956
1195 1264
1195 1984
1196 1423
1196 1702
1196 1807
1196 1827
1196 1961
1197 1542
1197 1775
1197 1777
1197 1843
1198 1966
1199 1256
1199 1826
1200 1290
1200 1330
1200 1585
1200 1787
1200 1812
1201 1286
1201 1343
1202 1737
1202 1857
1202 1901
1203 1306
1203 1389
1203 1574
1203 1658
1203 1890
1204 1674
1204 1979
1205 1226
1205 1420
1205 1580
1205 1637
1205 1704
1206 1268
1206 1295
1206 1420
1206 1751
1206 1810
1207 1640
1208 1262
1208 1431
1208 1521
1208 1735
1208 1936
1209 1848
1210 1323
1210 1960
1211 1511
1211 1910
1212 1430
1212 1462
1213 1452
1213 1544
1213 1801
1213 1906
1214 1481
1215 1645
1215 1859
1216 1642
1217 1258
1217 1557
1217 1606
1217 1834
1217 1869
1217 1912
1218 1924
1219 1287
1219 1351
1219 1524
1219 1731
1219 1737
1219 1978
1220 1266
1220 1441
1220 1620
1220 1660
1220 1727
1220 1728
1220 1998
1221 1760
1222 1322
1222 1461
1222 1532
1223 1637
1223 1666
1223 1739
1223 1922
1224 1253
1224 1463
1224 1911
1224 1927
1226 1280
1226 1430
1226 1562
1227 1378
1227 1414
1227 1587
1227 1605
1227 1765
1227 1826
1227 1912
1228 1605
1228 1775
1228 1781
1229 1301
1230 1370
1230 1378
1230 1452
1230 1852
1231 1720
1231 1834
1231 1846
1231 1919
1231 1968
1232 1364
1232 1617
1232 1780
1232 1960
1233 1428
1233 1696
1233 1704
1233 1771
1234 1354
1234 1947
1235 1242
1235 1377
1235 1418
1236 1362
1236 1425
1236 1562
1236 1692
1236 1827
1236 1845
1237 1390
1237 1472
1237 1529
1237 1625
1237 1636
1238 1462
1238 1926
1239 1314
1239 1600
1240 1337
1240 1954
1240 1980
1241 1307
1242 1709
1242 1924
1243 1457
1243 1781
1243 1839
1243 1894
1243 1970
1244 1379
1244 1859
1245 1263
1245 1267
1245 1471
1245 1567
1245 1845
1245 1936
1246 1481
1246 1512
1246 1519
1246 1543
1246 1578
1246 1655
1246 1925
1247 1470
1247 1670
1248 1250
1248 1628
1248 1657
1248 1738
1249 1748
1249 1942
1249 1950
1249 1992
1250 1439
1250 1513
1250 1618
1251 1377
1251 1778
1251 1911
1252 1614
1252 1636
1252 1661
1252 1727
1252 1959
1253 1427
1253 1487
1254 1548
1255 1818
1256 1565
1256 1832
1258 1325
1258 1566
1258 1867
1259 1381
1259 1536
1259 1734
1260 1366
1260 1459
1260 1463
1260 1573
1261 1394
1261 1436
1261 1445
1261 1522
1261 1748
1262 1526
1262 1558
1262 1674
1262 1878
1262 1881
1262 1925
1263 1344
1263 1753
1263 1858
1264 1416
1264 1484
1264 1634
1264 1709
1265 1580
1265 1645
1266 1395
1266 1547
1266 1788
1267 1275
1267 1936
1268 1575
1268 1650
1269 1453
1270 1751
1270 1883
1271 1390
1271 1442
1271 1447
1271 1612
1271 1639
1271 1678
1271 1776
1271 1804
1272 1409
1273 1699
1273 1730
1273 1735
1273 1882
1274 1416
1274 1471
1274 1816
1274 1947
1275 1381
1276 1387
1276 1699
1276 1779
1276 1886
1276 1914
1277 1512
1277 1651
1277 1721
1277 1845
1278 1330
1278 1566
1279 1396
1280 1482
1280 1710
1281 1510
1281 1570
1281 1767
1282 1300
1282 1304
1282 1305
1282 1666
1282 1779
1282 1811
1282 1984
1283 1360
1283 1427
1283 1562
1283 1802
1283 1980
1284 1374
1284 1405
1284 1742
1284 1873
1284 1955
1285 1315
1285 1386
1286 1471
1286 1757
1286 1760
1287 1690
1288 1372
1288 1379
1288 1545
1288 1715
1288 1827
1289 1323
1289 1761
1289 1789
1290 1816
1291 1639
1291 1697
1291 1704
1292 1355
1292 1687
1292 1734
1292 1887
1292 1940
1293 1382
1294 1683
1294 1967
1295 1355
1295 1435
1296 1489
1296 1709
1297 1526
1297 1845
1297 1993
1298 1493
1298 1573
1299 1395
1299 1839
1300 1348
1300 1545
1300 1705
1300 1716
1300 1850
1301 1430
1301 1611
1301 1642
1301 1877
1302 1326
1302 1437
1302 1686
1302 1985
1303 1487
1303 1560
1303 1609
1303 1644
1303 1751
1303 1949
1304 1554
1304 1919
1304 1927
1305 1444
1305 1809
1305 1876
1305 1927
1305 1996
1306 1539
1306 1691
1306 1972
1307 1879
1308 1523
1308 1701
1308 1734
1310 1645
1310 1760
1310 1945
1311 1385
1311 1609
1311 1966
1312 1372
1312 1376
1312 1733
1312 1739
1312 1890
1312 1943
1312 1954
1313 1612
1313 1867
1314 1531
1314 1624
1314 1715
1314 1994
1315 1510
1315 1733
1315 1911
1316 1775
1316 1931
1317 1740
1318 1628
1318 1777
1319 1412
1319 1750
1319 1795
1319 1819
1320 1750
1321 1324
1321 1386
1321 1909
1322 1447
1322 1603
1322 1951
1323 1590
1323 1784
1324 1366
1324 1734
1324 1811
1324 1830
1324 1911
1324 1965
1325 1434
1325 1561
1325 1695
1325 1736
1326 1659
1326 1780
1327 1401
1327 1745
1328 1694
1328 1873
1328 1897
1329 1559
1329 1581
1329 1877
1330 1592
1331 1437
1331 1708
1332 1886
1332 1989
1333 1654
1333 2000
1334 1399
1334 1553
1334 1590
1334 1976
1335 1568
1335 1783
1336 1450
1336 1638
1336 1644
1337 1537
1337 1588
1337 1699
1338 1457
1338 1612
1338 1765
1338 1899
1339 1345
1339 1661
1339 1817
1339 1820
1340 1524
1340 1697
1340 1871
1340 1991
1341 1524
1341 1659
1341 1705
1342 1651
1342 1754
1342 1763
1343 1631
1343 1632
1343 1816
1343 1861
1344 1571
1344 1765
1344 1792
1344 1844
1345 1708
1346 1546
1346 1561
1347 1465
1347 1477
1348 1357
1348 1412
1348 1441
1349 1719
1349 1820
1351 1516
1351 1968
1352 1410
1352 1553
1352 1761
1352 1896
1353 1418
1354 1797
1355 1642
1355 1645
1355 1720
1355 1742
1355 1865
1356 1420
1356 1861
1357 1566
1357 1925
1358 1434
1358 1461
1358 1500
1358 1504
1358 1585
1359 1740
1360 1482
1360 1572
1361 1492
1361 1505
1361 1518
1361 1636
1361 1668
1361 1737
1361 1976
1362 1419
1362 1588
1362 1852
1362 1904
1362 1906
1363 1619
1363 1664
1363 1845
1364 1823
1364 1970
1365 1745
1365 1944
1366 1765
1366 1846
1367 1561
1367 1650
1367 1799
1368 1828
1369 1401
1369 1597
1369 1614
1370 1873
1370 1911
1371 1420
1371 1671
1371 1822
1372 1510
1372 1734
1372 1952
1373 1616
1373 1661
1373 1729
1373 1767
1374 1401
1374 1618
1374 1646
1375 1489
1375 1755
1375 1840
1375 1909
1375 1929
1375 1989
1376 1664
1376 1963
1377 1447
1377 1557
1378 1667
1379 1941
1380 1666
1381 1460
1381 1506
1381 1679
1381 1771
1381 1836
1381 1851
1381 1862
1382 1740
1382 1965
1383 1715
1383 1827
1384 1756
1385 1448
1386 1526
1386 1847
1386 1974
1387 1725
1387 1765
1387 1811
1387 1899
1388 1447
1388 1758
1389 1837
1390 1392
1390 1778
1390 1843
1390 1876
1391 1577
1391 1666
1391 1801
1392 1467
1392 1610
1392 1756
1392 1875
1393 1449
1393 1539
1393 1790
1393 1855
1393 1895
1393 1900
1394 1500
1395 1478
1395 1806
1395 1905
1395 1956
1396 1603
1396 1766
1397 1973
1398 1779
1398 1811
1399 1577
1399 1828
1399 1895
1400 1758
1400 1846
1401 1737
1401 1740
1402 1420
1402 1545
1402 1718
1402 1752
1403 1482
1403 1691
1403 1848
1403 1996
1404 1833
1405 1455
1405 1508
1405 1757
1405 1912
1406 1938
1408 1753
1409 1415
1409 1423
1409 1451
1409 1547
1409 1801
1409 1918
1409 1921
1410 1478
1410 1700
1411 1754
1411 1796
1411 1875
1412 1521
1412 1915
1413 1430
1413 1727
1414 1418
1414 1462
1414 1630
1414 1734
1414 1926
1414 1972
1415 1418
1415 1564
1415 1633
1415 1667
1415 1694
1415 1962
1416 1426
1416 1818
1416 1819
1417 1461
1418 1679
1418 1714
1418 1719
1418 1744
1418 1795
1418 1809
1418 1884
1419 1513
1419 1554
1419 1837
1419 1862
1419 1910
1420 1498
1420 1603
1420 1944
1421 1449
1421 1606
1421 1638
1421 1651
1421 1669
1421 1911
1421 1917
1421 1976
1421 1982
1422 1431
1423 1525
1423 1680
1423 1715
1425 1720
1425 1917
1426 1733
1426 1930
1427 1684
1428 1714
1428 1732
1430 1657
1430 1681
1431 1466
1431 1608
1432 1525
1432 1550
1432 1554
1433 1637
1434 1558
1434 1853
1434 1924
1434 1946
1435 1653
1435 1741
1435 1959
1436 1621
1437 1552
1437 1835
1438 1466
1438 1469
1438 1670
1438 1802
1439 1887
1439 1937
1440 1509
1440 1559
1440 1795
1441 1443
1441 1946
1442 1485
1442 1922
1443 1664
1443 1768
1443 1828
1443 1919
1444 1727
1444 1876
1445 1515
1446 1756
1446 1765
1447 1503
1447 1618
1447 1713
1447 1849
1447 1923
1448 1644
1448 1861
1449 1880
1450 1544
1450 1673
1451 1866
1451 1874
1451 1881
1452 1487
1452 1786
1453 1965
1454 1716
1454 1766
1454 1933
1455 1532
1455 1553
1455 1699
1455 1812
1455 1965
1456 1995
1457 1948
1458 1602
1458 1776
1458 1789
1458 1790
1459 1798
1459 1931
1459 1954
1460 1784
1460 1857
1460 1861
1461 1610
1462 1598
1463 1572
1463 1602
1463 1675
1463 1799
1464 1715
1465 1511
1465 1517
1465 1817
1466 1591
1466 1618
1466 1839
1467 1623
1467 1626
1468 1501
1468 1592
1468 1669
1468 1741
1469 1877
1470 1472
1470 1631
1471 1641
1472 1488
1472 1499
1472 1795
1472 1902
1473 1506
1473 1808
1475 1476
1476 1802
1477 1550
1477 1608
1477 1665
1477 1737
1477 1743
1477 1881
1477 1883
1479 1504
1479 1610
1479 1898
1479 1977
1480 1830
1480 1885
1481 1693
1481 1879
1481 1947
1482 1509
1482 1856
1483 1902
1484 1552
1484 1635
1484 1673
1485 1561
1485 1606
1485 1658
1485 1751
1485 1943
1486 1700
1486 1868
1487 1544
1487 1725
1487 1862
1487 1992
1488 1751
1488 1862
1490 1834
1491 1645
1491 1870
1492 1602
1492 1647
1492 1677
1492 1864
1494 1505
1494 1958
1496 1499
1497 1542
1497 1563
1497 1752
1498 1537
1498 1975
1499 1583
1500 1733
1500 1944
1501 1870
1501 1915
1502 1540
1503 1692
1504 1535
1504 1826
1504 1918
1505 1588
1505 1699
1505 1716
1505 1774
1505 1839
1506 1913
1507 1667
1507 1810
1508 1608
1508 1977
1509 1821
1509 1842
1511 1598
1511 1733
1511 1883
1512 1700
1512 1874
1515 1520
1515 1541
1515 1752
1515 1934
1515 1939
1516 1857
1517 1551
1517 1635
1518 1661
1519 1652
1520 1788
1521 1538
1521 1578
1521 1787
1521 1828
1521 1901
1522 1615
1525 1643
1525 1783
1526 1910
1527 1975
1528 1705
1528 1764
1528 1767
1528 1781
1528 1843
1529 1647
1529 1948
1530 1752
1530 1759
1530 1760
1530 1969
1531 1558
1532 1561
1532 1564
1532 1799
1533 1825
1533 1880
1534 1738
1535 1613
1535 1671
1535 1794
1536 1600
1537 1815
1538 1727
1538 1794
1540 1546
1540 1987
1541 1924
1542 1666
1542 1939
1543 1659
1543 1661
1543 1738
1543 1752
1543 1833
1543 1906
1544 1652
1545 1562
1545 1714
1545 1853
1545 1880
1546 1588
1546 1630
1546 1647
1546 1937
1547 1649
1548 1580
1548 1595
1548 1714
1548 1861
1548 1986
1549 1855
1549 1925
1549 1930
1550 1986
1551 1838
1552 1732
1556 1561
1556 1747
1556 1778
1556 1971
1557 1699
1557 1711
1557 1963
1558 1678
1559 1621
1559 1791
1559 1822
1559 1831
1559 1910
1560 1623
1560 1738
1560 2000
1561 1720
1561 1921
1562 1868
1563 1879
1564 1613
1565 1640
1565 1730
1565 1732
1565 1882
1566 1791
1566 1883
1567 1759
1567 1874
1567 1967
1570 1810
1570 1911
1570 1980
1571 1580
1571 1621
1571 1661
1572 1592
1573 1664
1573 1850
1574 1712
1574 1723
1574 1798
1574 1872
1574 1890
1574 1980
1575 1605
1575 1732
1575 1837
1576 1705
1577 1610
1577 1902
1577 1951
1578 1730
1578 1736
1578 1829
1579 1671
1580 1703
1581 1687
1581 1759
1581 1888
1581 1958
1583 1595
1583 1599
1584 1700
1585 1679
1587 1776
1587 1970
1587 1986
1588 1716
1588 1737
1588 1865
1589 1796
1592 1665
1592 1736
1592 1784
1593 1767
1593 1795
1594 1760
1594 1761
1594 1780
1596 1944
1596 1988
1597 1662
1598 1602
1598 1958
1599 1751
1600 1603
1600 1612
1600 1812
1601 1793
1602 1739
1602 1748
1602 1754
1602 1816
1602 1844
1602 1993
1603 1678
1603 1729
1603 1873
1604 1656
1604 1960
1605 1617
1605 1695
1605 1758
1605 1794
1606 1655
1606 1903
1606 1943
1608 1621
1608 1761
1608 1872
1609 1614
1609 1724
1609 1968
1611 1622
1611 1634
1612 1841
1613 1794
1613 1885
1614 1817
1616 1717
1617 1887
1618 1809
1619 1837
1620 1683
1622 1678
1622 1742
1622 1804
1622 1900
1622 1921
1622 1968
1623 1689
1623 1815
1624 1684
1624 1901
1625 1670
1625 1944
1625 1974
1626 1676
1627 1646
1628 1864
1628 1946
1629 1645
1629 1933
1630 1858
1631 1656
1632 1682
1632 1721
1632 1813
1632 1835
1633 1725
1634 1655
1634 1656
1635 1729
1635 1738
1636 1817
1639 1688
1639 1957
1640 1845
1640 1898
1641 1786
1641 1960
1645 1776
1647 1721
1647 1722
1647 1742
1647 1768
1648 1684
1648 1829
1649 1739
1649 1835
1650 1693
1650 1704
1650 1805
1650 1863
1651 1663
1651 1750
1652 1655
1652 1735
1653 1749
1654 1673
1655 1880
1656 1802
1657 1936
1657 1958
1659 1926
1659 1998
1660 1840
1660 1857
1660 1940
1660 1952
1661 1969
1662 1933
1664 1829
1664 1923
1665 1682
1665 1711
1665 1748
1665 1791
1666 1710
1666 1992
1667 1968
1672 1717
1672 1788
1672 1986
1673 1751
1673 1856
1673 1983
1673 1998
1674 1823
1674 1865
1676 1908
1678 1717
1678 1722
1678 1786
1679 1922
1679 1926
1680 1723
1681 1796
1682 1736
1682 1876
1686 1706
1686 1717
1686 1753
1686 1764
1686 1900
1686 1929
1686 1973
1687 1700
1687 1844
1687 1846
1687 1863
1687 1920
1688 1745
1689 1737
1689 1755
1689 1761
1689 1845
1690 1916
1694 1704
1694 1832
1697 1720
1699 1925
1700 1780
1701 1751
1701 1902
1703 1931
1706 1842
1707 1871
1708 1771
1708 1841
1709 1726
1709 1738
1710 1780
1710 1987
1712 1928
1712 1981
1714 1911
1715 1748
1715 1871
1715 1936
1716 1790
1716 1854
1718 1875
1718 1886
1720 1895
1721 1845
1722 1869
1727 1805
1727 1923
1728 1938
1728 1987
1729 1744
1729 1947
1729 1971
1732 1811
1732 1877
1732 1946
1733 1924
1734 1886
1737 1933
1738 1928
1739 1817
1740 1781
1741 1852
1741 1930
1742 1921
1744 1926
1745 1760
1746 1899
1749 1837
1749 1997
1749 2000
1750 1778
1750 1902
1752 1857
1752 1935
1754 1989
1755 1780
1755 1825
1755 1963
1756 1774
1757 1815
1759 1833
1759 1838
1759 1956
1760 1777
1761 1859
1761 1990
1762 1784
1763 1864
1763 1923
1764 1809
1765 1803
1765 1862
1766 1995
1769 1857
1769 1969
1771 1894
1773 1907
1777 1802
1778 1942
1778 1976
1779 1881
1781 1902
1782 1785
1782 1882
1783 1929
1785 1929
1786 1947
1787 1794
1787 1807
1787 1811
1788 1885
1789 1983
1791 1943
1794 1849
1802 1899
1804 1825
1805 1863
1807 1831
1808 1842
1808 1917
1809 1915
1809 1964
1810 1854
1811 1831
1811 1901
1814 1867
1822 1866
1822 1938
1823 1863
1827 1988
1829 1946
1830 1985
1831 1975
1834 1858
1834 1883
1834 1919
1835 1865
1835 1872
1836 1979
1837 1924
1837 1930
1838 1959
1839 1875
1841 1880
1841 1897
1842 1908
1844 1854
1846 1984
1850 1891
1851 1998
1852 1899
1855 1928
1858 1863
1858 1992
1859 1967
1860 1867
1861 1969
1861 1997
1864 1945
1864 1963
1872 1876
1872 1998
1874 1889
1874 1902
1874 1942
1875 1993
1884 1931
1885 1932
1887 1977
1889 1945
1890 1916
1891 1942
1893 1904
1896 1926
1903 1909
1903 1911
1913 1946
1914 1944
1922 1944
1926 1981
1931 2000
1947 1969
1948 1951
1948 1967
1949 1986
1953 1989
1966 1984
1970 1978
1971 1999
1972 1995
1976 1986