2000
1 103
1 386
1 641
1 904
1 972
1 996
1 1172
1 1431
1 1706
1 1725
1 1807
2 147
2 538
2 618
2 695
2 877
2 1235
2 1392
2 1955
2 1986
3 104
3 109
3 674
3 797
3 972
3 1193
3 1488
3 1629
3 1635
3 1654
3 1680
3 1743
3 1959
4 245
4 483
4 1082
4 1352
4 1490
4 1579
4 1938
5 113
5 402
5 897
5 1257
5 1559
5 1565
5 1640
5 1813
5 1921
5 1957
6 33
6 223
6 294
6 363
6 487
6 1406
6 1679
6 1913
6 1986
7 49
7 64
7 149
7 153
7 233
7 437
7 530
7 898
7 978
7 1079
7 1170
7 1495
7 1696
7 1746
7 1963
7 1965
7 1974
8 33
8 212
8 297
8 311
8 320
8 330
8 466
8 541
8 1192
8 1383
8 1538
8 1610
9 159
9 188
9 402
9 572
9 985
9 1210
9 1309
9 1412
9 1570
9 1616
9 1949
9 1983
10 66
10 299
10 348
10 484
10 673
10 810
10 1426
10 1460
10 1585
10 1735
11 233
11 437
11 877
11 1088
11 1129
11 1424
11 1798
11 1836
11 1846
11 1950
11 1955
12 139
12 211
12 498
12 742
12 801
12 831
12 841
12 905
12 1121
12 1365
12 1874
13 176
13 209
13 351
13 405
13 667
13 736
13 859
13 989
13 1406
13 1443
13 1902
14 129
14 455
14 630
14 1374
14 1633
14 1654
14 1762
14 1773
14 1848
15 212
15 523
15 535
15 861
15 1086
15 1195
15 1502
15 1529
15 1576
15 1993
16 206
16 225
16 281
16 358
16 372
16 649
16 731
16 772
16 1270
16 1294
16 1330
16 1487
16 1533
16 1742
16 1768
17 47
17 129
17 387
17 677
17 778
17 1316
17 1514
17 1579
17 1862
17 1863
17 1973
18 103
18 301
18 352
18 759
18 776
18 1064
18 1194
18 1219
18 1352
18 1461
18 1573
18 1620
19 206
19 514
19 599
19 675
19 769
19 865
19 1098
19 1342
19 1584
19 1745
19 1952
20 228
20 303
20 346
20 607
20 647
20 707
20 764
20 1001
20 1404
20 1584
20 1680
20 1923
21 117
21 204
21 327
21 437
21 734
21 1101
21 1143
21 1149
21 1181
21 1719
21 1931
22 72
22 307
22 384
22 907
22 1144
22 1800
22 1946
22 1997
23 497
23 1030
23 1070
23 1246
23 1271
23 1407
23 1507
24 51
24 150
24 321
24 476
24 615
24 659
24 896
24 1070
24 1211
24 1335
24 1393
24 1404
24 1466
24 1708
24 1767
24 1933
25 146
25 223
25 512
25 602
25 664
25 672
25 799
25 1034
25 1043
25 1456
25 1506
25 1593
25 1690
25 1928
26 170
26 453
26 475
26 985
26 1378
26 1420
26 1433
26 1717
26 1953
27 102
27 235
27 440
27 494
27 1789
27 1974
28 158
28 280
28 478
28 1417
28 1564
28 1687
28 1746
29 389
29 522
29 566
29 1116
29 1340
29 1364
29 1500
29 1584
29 1606
29 1658
29 1680
29 1688
29 1806
29 1971
29 1994
30 252
30 528
30 730
30 1344
30 1391
30 1936
31 532
31 740
31 907
31 961
31 1039
31 1287
31 1477
31 1563
31 1635
31 1724
32 67
32 80
32 357
32 477
32 850
32 888
32 1074
32 1365
32 1758
32 1802
33 330
33 397
33 614
33 903
33 1045
33 1104
33 1421
33 1491
33 1555
34 69
34 240
34 460
34 595
34 774
34 795
34 1243
34 1433
34 1556
34 1935
34 1946
35 234
35 260
35 417
35 791
35 878
35 1265
35 1409
35 1522
35 1583
35 1736
35 1885
36 38
36 303
36 328
36 472
36 509
36 849
36 997
36 1113
36 1144
36 1352
36 1569
36 1665
36 1747
36 1755
37 499
37 805
37 987
37 1469
37 1491
37 1570
37 1643
37 1647
37 1756
38 157
38 160
38 161
38 265
38 863
38 1065
38 1442
38 1748
39 256
39 366
39 500
39 802
39 1183
39 1283
39 1484
39 1560
39 1655
39 1953
40 405
40 450
40 686
40 1204
40 1645
40 1797
40 1833
40 1909
41 70
41 504
41 678
41 688
41 734
41 823
41 874
41 875
41 945
41 1105
41 1320
41 1435
41 1443
41 1741
42 363
42 383
42 772
42 795
42 1041
42 1093
42 1845
42 1984
43 157
43 392
43 600
43 643
43 927
43 991
43 1009
43 1089
43 1629
43 1944
44 229
44 379
44 446
44 598
44 1519
44 1890
44 1922
45 209
45 230
45 441
45 971
45 1065
45 1098
45 1437
45 1470
45 1500
45 1597
45 1663
46 70
46 71
46 274
46 475
46 702
46 776
46 815
46 849
46 884
46 1508
46 1971
47 149
47 258
47 414
47 1066
47 1409
47 1737
47 1831
48 509
48 974
48 977
48 1028
48 1148
48 1268
48 1856
48 1944
49 422
49 627
49 1005
49 1583
49 1751
50 623
50 635
50 768
50 1012
50 1194
50 1314
50 1663
50 1710
50 1722
50 1771
51 132
51 193
51 196
51 589
51 1162
51 1168
51 1858
51 1883
52 115
52 125
52 240
52 732
52 1008
52 1037
52 1352
52 1359
52 1409
52 1995
53 150
53 204
53 375
53 416
53 604
53 641
53 1066
53 1330
53 1587
53 1655
53 1668
53 1696
53 1802
53 1807
54 70
54 217
54 281
54 386
54 451
54 1027
54 1389
54 1423
54 1577
54 1922
55 630
55 951
55 1562
55 1641
55 1644
56 467
56 954
56 964
56 1179
56 1200
56 1711
57 116
57 118
57 137
57 163
57 305
57 343
57 588
57 667
57 817
57 901
57 1098
57 1236
57 1931
58 736
58 1423
58 1484
58 1623
59 113
59 133
59 207
59 230
59 274
59 462
59 933
59 1254
59 1514
59 1568
59 1954
59 1971
60 224
60 268
60 319
60 910
60 1025
60 1034
60 1044
60 1096
60 1297
60 1856
61 79
61 726
61 779
61 792
61 864
61 977
61 1615
61 1660
62 1231
62 1705
63 73
63 362
63 401
63 478
63 574
63 835
63 895
63 928
63 1162
63 1405
63 1583
63 1889
63 1903
63 1972
64 973
64 984
64 1023
64 1049
64 1217
64 1333
64 1449
64 1696
65 125
65 158
65 351
65 369
65 386
65 897
65 1003
65 1102
65 1374
65 1517
65 1628
65 1700
65 1724
65 1961
66 149
66 545
66 590
66 607
66 962
66 1067
66 1579
66 1779
66 1884
67 165
67 868
67 970
67 1083
67 1114
67 1193
67 1263
67 1279
67 1867
68 141
68 228
68 508
68 566
68 814
68 974
68 1006
68 1090
68 1250
68 1579
68 1832
68 1860
68 1910
68 1942
69 155
69 780
69 792
69 935
69 1071
69 1119
69 1150
69 1402
69 1410
69 1614
69 1681
70 159
70 538
70 680
70 876
70 915
70 1016
70 1017
70 1029
70 1254
70 1417
70 1488
71 245
71 249
71 332
71 423
71 543
71 652
71 687
71 913
71 1050
71 1095
72 138
72 171
72 428
72 508
72 960
72 1019
72 1100
72 1140
72 1203
72 1420
72 1601
73 685
73 696
73 1107
73 1281
73 1327
73 1642
73 1699
74 129
74 153
74 479
74 670
74 1053
74 1281
74 1382
74 1556
74 1944
75 202
75 398
75 434
75 591
75 758
75 1117
75 1185
75 1247
75 1266
75 1361
75 1447
75 1700
76 457
76 531
76 568
76 861
76 923
76 1382
76 1492
76 1564
77 282
77 725
77 1026
77 1151
77 1509
77 1844
77 1865
78 791
78 1023
78 1094
78 1098
78 1194
78 1225
78 1600
78 1867
78 1917
78 1978
79 112
79 367
79 583
79 856
79 885
79 1048
79 1197
79 1271
79 1287
80 306
80 652
80 674
80 755
80 1174
80 1262
80 1294
80 1524
80 1584
80 1685
80 1802
80 1934
81 159
81 681
81 1092
81 1494
81 1689
81 1695
81 1813
82 470
82 475
82 927
82 1056
82 1180
82 1291
82 1528
82 1665
82 1939
83 551
83 558
83 727
83 1071
83 1250
83 1419
83 1689
83 1940
84 439
84 451
84 805
84 1304
84 1421
84 1469
84 1694
84 1927
85 387
85 576
85 699
85 974
85 1436
85 1472
86 134
86 145
86 344
86 471
86 476
86 898
86 1019
86 1026
86 1044
86 1505
86 1568
86 1855
87 174
87 799
87 806
87 1333
87 1643
87 1835
87 1969
88 322
88 360
88 1241
88 1489
88 1625
88 1647
88 1754
88 1764
88 1938
89 516
89 567
89 715
89 800
89 1153
89 1410
89 1591
90 667
90 718
90 776
90 822
90 1137
90 1147
90 1515
90 1564
90 1976
91 769
91 1316
91 1360
91 1642
91 1669
91 1894
92 188
92 562
92 1021
92 1161
92 1195
92 1244
92 1337
92 1359
92 1380
92 1393
92 1441
92 1768
92 1900
93 177
93 237
93 294
93 429
93 470
93 857
93 1189
94 258
94 338
94 436
94 466
94 478
94 708
94 769
94 1097
94 1412
94 1689
94 1716
94 1740
94 1973
95 314
95 547
95 898
95 937
95 973
95 1055
95 1161
95 1282
95 1296
95 1377
95 1425
95 1625
95 1953
96 489
96 652
96 671
96 677
96 729
96 834
96 974
96 990
96 1114
96 1218
96 1284
96 1331
96 1392
96 1678
96 1807
97 607
97 1117
97 1402
97 1453
97 1516
97 1657
97 1805
97 1847
98 225
98 234
98 421
98 553
98 661
98 1022
98 1034
98 1120
98 1126
98 1141
98 1406
98 1460
98 1744
98 1975
99 511
99 592
99 890
99 912
99 952
99 1229
99 1794
100 174
100 254
100 438
100 664
100 680
100 823
100 855
100 887
100 925
100 981
100 1078
100 1347
101 476
101 531
101 663
101 794
101 1090
101 1180
101 1364
101 1507
102 237
102 369
102 375
102 460
102 512
102 917
102 1791
102 1998
103 162
103 407
103 446
103 614
103 1037
103 1055
103 1386
103 1472
104 217
104 705
104 787
104 836
104 840
104 1140
104 1177
104 1451
104 1658
104 1990
105 825
105 1330
105 1414
105 1487
106 285
106 476
106 809
106 877
106 1021
106 1027
106 1270
106 1442
106 1769
106 1977
107 312
107 568
107 680
107 687
107 935
107 1429
107 1583
107 1776
108 282
108 429
108 449
108 828
108 897
108 1017
108 1137
108 1170
108 1379
108 1380
108 1454
108 1626
108 1665
109 178
109 453
109 1088
109 1594
109 1836
109 1961
110 338
110 444
110 614
110 625
110 794
110 889
110 1126
110 1187
110 1200
110 1208
110 1487
110 1542
110 1564
110 1629
110 1698
111 263
111 344
111 886
111 1000
111 1161
111 1390
111 1495
111 1623
112 362
112 602
112 634
112 753
112 1026
112 1285
112 1628
112 1712
113 1248
113 1532
113 1692
113 1993
114 293
114 454
114 745
114 800
114 994
114 1048
114 1067
114 1260
114 1362
114 1508
114 1632
115 406
115 789
115 871
115 921
115 1080
115 1184
115 1206
115 1237
115 1514
115 1656
115 1862
116 566
116 884
116 1357
116 1413
116 1415
116 1817
116 1876
116 1941
116 1960
117 156
117 392
117 395
117 1081
117 1269
117 1418
117 1590
117 1693
117 1700
117 1740
117 1756
117 1894
117 1923
117 1953
118 264
118 558
118 712
118 1067
118 1086
118 1216
118 1394
118 1405
118 1491
118 1559
118 1588
118 1723
118 1729
118 1903
119 167
119 207
119 218
119 542
119 577
119 580
119 612
119 745
119 960
119 1175
119 1397
119 1691
119 1870
120 204
120 326
120 681
120 684
120 1307
121 344
121 390
121 569
121 596
121 659
121 737
121 1055
121 1079
121 1104
121 1178
121 1552
121 1660
121 1663
121 1698
122 1087
122 1346
122 1379
122 1403
122 1624
122 1686
122 1951
122 1957
123 326
123 464
123 961
123 1694
123 1743
124 177
124 452
124 661
124 1066
124 1685
124 1725
124 1775
125 326
125 426
125 630
125 1006
125 1059
125 1498
125 1529
125 1689
125 1800
125 1856
126 245
126 268
126 327
126 498
126 888
126 1183
126 1428
126 1942
127 181
127 245
127 415
127 482
127 505
127 578
127 630
127 742
127 750
127 1149
127 1306
127 1404
127 1415
127 1545
127 1796
127 1992
128 532
128 602
128 746
128 894
128 994
128 1015
128 1072
128 1092
128 1487
128 1624
128 1628
128 1860
128 1988
129 629
129 670
129 897
129 1045
129 1112
129 1460
129 1694
129 1763
129 1792
129 1919
130 683
130 833
130 989
130 1158
130 1261
130 1521
130 1711
130 1828
131 156
131 375
131 613
131 830
131 949
131 1546
131 1662
132 286
132 315
132 356
132 657
132 812
132 880
132 1147
132 1208
132 1518
132 1604
132 1707
132 1899
133 298
133 601
133 1313
133 1479
133 1596
134 164
134 250
134 380
134 870
134 1066
134 1356
134 1611
134 1619
134 1980
135 224
135 247
135 357
135 410
135 461
135 537
135 631
135 719
135 896
135 981
135 1060
135 1074
135 1396
135 1414
135 1418
135 1559
135 1738
135 1784
135 1838
136 497
136 537
136 555
136 610
136 660
136 696
136 715
136 812
136 841
136 1265
137 382
137 503
137 804
137 1047
137 1362
137 1385
137 1848
138 219
138 436
138 563
138 1240
138 1493
138 1620
139 329
139 945
139 992
139 1009
139 1052
139 1061
139 1137
139 1470
139 1814
140 211
140 345
140 399
140 508
140 654
140 668
140 1011
140 1332
140 1427
140 1447
140 1674
141 1793
141 1920
142 280
142 794
142 896
142 1515
142 1782
142 1901
143 343
143 571
143 1104
143 1612
143 1627
143 1660
143 1695
143 1723
144 288
144 397
144 608
144 800
144 1069
144 1310
144 1474
144 1662
144 1761
144 1953
145 227
145 292
145 467
145 1021
145 1100
145 1137
145 1315
145 1548
146 172
146 290
146 401
146 793
146 865
146 1207
146 1607
146 1618
147 507
147 525
147 620
147 638
147 1074
147 1149
147 1282
147 1370
147 1833
147 1872
147 1898
147 1990
148 154
148 209
148 327
148 530
148 1327
148 1554
148 1597
148 1617
148 1628
148 1638
149 227
149 1123
149 1234
149 1341
149 1581
149 1721
150 301
150 1399
150 1404
150 1570
150 1640
150 1887
151 434
151 591
151 595
151 730
151 885
151 1555
151 1677
152 236
152 605
152 683
152 833
152 864
152 1109
152 1453
152 1461
152 1937
152 1950
152 1967
153 207
153 302
153 373
153 431
153 693
153 1017
153 1037
153 1260
153 1621
153 1633
153 1781
154 338
154 480
154 751
154 1040
154 1214
154 1227
154 1662
154 1697
154 1703
154 1823
154 1899
154 1964
155 365
155 655
155 733
155 1029
155 1035
155 1069
155 1182
155 1262
155 1343
155 1423
155 1605
156 366
156 432
156 703
156 770
156 1638
156 1909
156 1980
157 159
157 212
157 294
157 400
157 807
157 1096
157 1255
157 1427
157 1604
158 173
158 405
158 697
158 885
158 1011
158 1427
158 1477
158 1484
158 1539
158 1599
158 1712
158 1901
158 1953
159 252
159 477
159 580
159 1221
159 1317
159 1925
160 323
160 380
160 950
160 1113
160 1174
160 1508
160 1531
160 1691
161 255
161 408
161 859
161 894
161 1740
161 1807
162 242
162 613
162 1007
162 1052
162 1537
163 245
163 354
163 482
163 839
163 905
163 921
163 1403
163 1574
163 1787
163 1811
163 1825
164 457
164 508
164 721
164 807
164 977
164 1011
164 1379
164 1447
164 1505
164 1535
164 1640
164 1982
165 171
165 767
165 782
165 922
165 1003
165 1031
165 1120
165 1458
165 1628
165 1642
165 1917
165 1974
166 396
166 421
166 692
166 736
166 936
166 996
166 1085
166 1260
166 1609
166 1730
166 1976
167 722
167 761
167 1166
167 1172
167 1452
167 1979
168 296
168 794
168 865
168 926
168 1058
168 1523
168 1626
168 1681
168 1919
169 259
169 411
169 459
169 625
169 1546
170 220
170 320
170 370
170 388
170 553
170 704
170 822
170 1320
170 1981
171 190
171 220
171 605
171 925
171 965
171 1521
172 204
172 242
172 446
172 535
172 747
172 1016
172 1453
172 1586
172 1635
172 1647
173 437
173 573
173 730
173 839
173 1023
174 392
174 454
174 739
174 806
174 882
174 1016
174 1035
174 1315
174 1540
174 1557
174 1593
174 1650
174 1699
174 1779
175 1212
175 1250
175 1354
175 1412
175 1501
175 1641
175 1768
175 1947
176 238
176 290
176 633
176 1168
176 1362
176 1500
176 1561
176 1774
177 454
177 527
177 619
177 688
177 717
177 823
177 890
177 1422
177 1636
177 1713
177 1832
177 1839
178 536
178 715
178 891
178 976
178 1720
178 1726
178 1823
179 471
179 678
179 769
179 838
179 1382
179 1993
179 1997
180 477
180 887
180 913
180 1316
180 1356
180 1427
180 1527
181 577
181 634
181 784
181 849
181 976
181 1069
181 1132
181 1171
181 1195
181 1243
181 1299
181 1352
181 1420
181 1569
182 239
182 418
182 552
182 1406
182 1429
182 1629
182 1876
183 520
183 559
183 892
183 1084
183 1271
183 1329
183 1391
183 1533
183 1797
184 196
184 253
184 300
184 1055
184 1069
184 1341
184 1417
184 1588
184 1602
185 284
185 658
185 764
185 1097
185 1794
185 1811
186 369
186 544
186 1368
186 1551
187 265
187 275
187 515
187 960
187 1010
187 1854
187 1888
188 348
188 445
188 488
188 502
188 830
188 990
188 1203
188 1335
188 1354
188 1545
188 1623
189 473
189 511
189 925
189 1118
189 1380
189 1795
190 224
190 261
190 355
190 374
190 516
190 639
190 1136
190 1151
190 1643
190 1705
191 309
191 399
191 1386
191 1577
191 1631
191 1672
191 1858
191 1895
192 276
192 514
192 686
192 924
192 1033
192 1352
192 1486
192 1777
193 240
193 716
193 1271
193 1553
193 1618
193 1647
193 1713
194 228
194 517
194 650
194 721
194 967
194 1180
194 1491
194 1758
194 1916
195 349
195 365
195 529
195 537
195 595
195 752
195 771
195 1290
195 1649
195 1743
195 1837
195 1882
195 1898
196 216
196 382
196 449
196 1074
196 1209
196 1256
196 1558
196 1622
196 1929
197 563
197 754
197 1186
197 1191
197 1564
197 1607
197 1908
198 288
198 438
198 625
198 636
198 757
198 786
198 1047
198 1105
198 1140
199 250
199 1481
199 1616
199 1832
199 1940
200 387
200 465
200 978
200 1219
200 1277
200 1585
200 1610
200 1615
200 1653
200 1708
200 1718
200 1864
200 1986
201 366
201 524
201 931
201 1222
201 1331
201 1428
202 253
202 340
202 529
202 548
202 672
202 732
202 784
202 877
202 999
202 1502
202 1614
203 462
203 654
203 772
203 805
203 841
203 1077
203 1200
203 1206
203 1599
204 234
204 526
204 825
204 1081
204 1240
204 1581
204 1596
204 1633
204 1818
204 1966
205 271
205 393
205 609
205 777
205 1405
205 1617
205 1795
206 269
206 273
206 396
206 1020
206 1201
206 1401
206 1588
206 1597
206 1691
207 301
207 424
207 606
207 948
207 1019
207 1365
207 1508
207 1511
207 1633
208 359
208 425
208 462
208 485
208 732
208 1187
208 1316
208 1357
208 1441
208 1708
209 275
209 440
209 730
209 886
209 1477
209 1533
209 1654
209 1745
209 1950
209 1980
210 651
210 1143
210 1427
210 1532
210 1660
210 1774
210 1854
211 260
211 351
211 1247
211 1625
211 1852
212 413
212 693
212 761
212 855
212 1245
212 1279
212 1816
212 1926
212 1933
213 311
213 541
213 786
213 1287
214 246
214 357
214 575
214 659
214 955
214 1370
214 1458
214 1836
215 223
215 311
215 371
215 768
215 865
215 898
215 1225
215 1341
215 1346
215 1347
215 1451
215 1486
215 1765
215 1866
215 1998
216 420
216 517
216 532
216 538
216 617
216 759
216 1163
216 1290
216 1423
216 1545
216 1681
217 294
217 408
217 632
217 671
217 933
217 967
217 993
217 1572
217 1638
218 278
218 562
218 563
218 570
218 686
218 826
218 882
218 1181
218 1296
218 1374
218 1384
219 298
219 669
219 917
219 1333
219 1533
219 1714
219 1953
219 1984
220 401
220 444
220 562
220 601
220 692
220 916
220 1167
220 1525
220 1556
220 1681
220 1887
221 482
221 879
221 1273
221 1713
221 1901
222 238
222 395
222 584
222 766
222 992
222 1036
222 1177
222 1278
222 1530
222 1618
222 1853
222 1927
223 531
223 562
223 629
223 725
223 1182
223 1234
223 1264
224 375
224 446
224 458
224 466
224 1112
224 1246
224 1486
224 1557
224 1607
224 1649
224 1856
225 314
225 366
225 479
225 673
225 674
225 724
225 794
225 1161
225 1347
225 1502
225 1740
226 273
226 465
226 512
226 537
226 806
226 1012
226 1126
226 1499
226 1847
227 405
227 514
227 884
227 1364
227 1635
227 1895
227 1918
228 291
228 359
228 495
228 550
228 551
228 580
228 1523
228 1772
228 2000
229 262
229 304
229 375
229 497
229 645
229 933
229 1017
229 1037
229 1048
229 1333
229 1510
229 1711
229 1731
229 1752
229 1858
229 1885
230 345
230 702
230 828
230 862
230 955
230 1228
230 1250
230 1332
230 1336
230 1401
230 1835
231 688
231 791
231 931
231 1007
231 1090
231 1187
231 1461
231 1530
231 1549
231 1793
231 1813
231 1867
231 1984
232 847
232 1799
232 1955
232 1957
233 343
233 434
233 480
233 862
233 1626
233 1775
233 1781
233 1823
233 1878
233 1927
234 399
234 559
234 684
234 709
234 896
234 1008
234 1062
234 1496
234 1890
235 520
235 1047
235 1171
235 1591
236 1043
236 1231
236 1673
236 1984
237 342
237 574
237 1031
237 1183
237 1628
237 1644
237 1655
238 239
238 244
238 325
238 760
238 1064
238 1192
238 1444
238 1718
239 295
239 420
239 911
239 978
239 1017
239 1344
239 1761
239 1826
239 1922
240 376
240 546
240 750
240 880
240 1288
240 1866
241 503
241 816
241 886
241 966
241 1404
241 1535
241 1626
241 1652
241 1999
242 693
242 988
242 1071
242 1387
242 1467
242 1804
242 1862
243 1220
243 1308
243 1317
243 1526
244 441
244 503
244 566
244 853
244 1195
244 1369
244 1618
244 1852
245 375
245 503
245 658
245 790
245 1191
245 1205
245 1454
245 1540
245 1567
246 336
246 409
246 487
246 517
246 802
246 1119
246 1459
246 1503
246 1593
246 1902
247 293
247 511
247 567
247 685
247 776
247 791
247 1377
247 1887
247 1924
248 474
248 569
248 695
248 882
248 911
248 1094
248 1604
249 725
249 862
249 1316
249 1464
249 1769
249 1902
250 416
250 610
251 593
251 629
251 676
251 874
251 891
251 1002
251 1252
251 1303
251 1618
251 1657
251 1837
251 1979
252 946
252 1086
252 1251
252 1255
252 1380
252 1406
252 1467
252 1865
253 295
253 1088
253 1327
253 1652
253 1762
253 1833
253 1936
254 302
254 477
254 572
254 718
254 754
254 1106
254 1329
254 1500
254 1701
254 1858
255 284
255 418
255 786
255 790
255 1078
255 1148
255 1294
255 1337
255 1398
255 1553
255 1702
255 1761
255 1984
255 1995
256 357
256 517
256 774
256 1054
256 1105
256 1198
256 1203
256 1345
256 1354
256 1414
256 1621
256 1753
257 331
257 507
257 1192
257 1198
257 1268
257 1330
257 1352
257 1373
257 1444
257 1605
257 1712
257 1835
258 290
258 352
258 390
258 670
258 733
258 949
258 1259
258 1340
258 1699
258 1843
258 1949
259 390
259 696
259 781
259 1049
259 1215
259 1470
260 731
260 1228
260 1386
260 1653
260 1747
260 1905
260 1997
261 385
261 557
261 956
261 1001
261 1311
261 1401
261 1615
261 1629
261 1630
262 450
262 546
262 781
262 820
262 970
262 1127
262 1238
262 1377
262 1834
262 1847
262 1884
263 518
263 531
263 647
263 850
263 900
263 910
263 1011
263 1027
263 1076
263 1159
263 1186
263 1332
263 1700
264 915
264 1269
264 1275
264 1964
264 1980
265 407
265 683
265 725
265 910
265 988
265 1037
265 1096
265 1286
265 1321
265 1527
265 1671
265 1824
265 1910
266 370
266 396
266 408
266 855
266 1081
267 457
267 840
267 1046
267 1425
267 1580
267 1706
267 1813
268 341
268 618
268 773
268 827
268 902
268 1571
268 1609
268 1645
268 1721
269 840
269 873
269 1305
269 1503
270 449
270 471
270 474
270 564
270 1254
270 1709
270 1951
271 300
271 343
271 512
271 609
271 639
271 1270
271 1442
271 1524
271 1971
272 308
272 413
272 1235
272 1327
272 1429
272 1573
272 1768
272 1799
272 1835
273 389
273 665
273 831
273 1082
273 1164
273 1231
273 1293
273 1326
273 1804
274 354
274 452
274 624
274 737
274 753
274 830
274 1273
274 1285
274 1300
275 323
275 401
275 537
275 674
275 728
275 1146
275 1402
275 1433
275 1726
275 1778
275 1792
275 1828
275 1922
276 313
276 413
276 1183
276 1406
276 1409
276 1488
276 1971
276 1995
277 335
277 548
277 614
277 697
277 764
277 1040
277 1066
277 1297
277 1350
277 1537
277 1696
277 1878
278 306
278 315
278 426
278 723
278 840
278 915
278 1049
278 1272
278 1550
278 1559
278 1913
279 379
279 513
279 741
279 1354
279 1365
279 1565
279 1646
280 399
280 400
280 410
280 575
280 1433
280 1507
280 1535
280 1632
280 1705
281 288
281 957
281 996
281 1193
281 1441
281 1620
281 1724
281 1855
282 525
282 629
282 894
282 1441
282 1671
282 1812
283 290
283 495
283 563
283 590
283 688
283 809
283 874
283 1105
283 1153
283 1190
283 1622
283 1720
283 1883
284 499
284 559
284 919
284 924
284 1556
284 1980
285 388
285 396
285 1010
285 1283
285 1285
285 1346
285 1735
286 577
286 673
286 796
286 890
286 922
286 928
286 1058
286 1468
286 1563
286 1614
286 1798
286 1924
287 721
287 777
287 843
287 847
287 1080
287 1885
288 295
288 354
288 495
288 535
288 945
288 961
288 1207
288 1480
288 1483
288 1543
288 1775
288 1853
288 1895
289 607
289 1004
289 1235
289 1246
289 1699
289 1854
290 331
290 480
290 541
290 785
290 940
290 991
290 1322
290 1441
290 1838
291 914
291 920
291 1008
291 1150
291 1457
291 1653
291 1717
291 1964
292 550
292 738
292 815
292 945
292 1046
292 1188
292 1522
292 1525
293 333
293 452
293 496
293 639
293 663
293 694
293 781
293 1657
293 1802
293 1900
293 1994
294 299
294 486
294 1467
294 1516
294 1671
294 1822
294 1948
295 343
295 538
295 855
295 914
295 1023
295 1074
295 1441
295 1599
295 1767
295 1829
295 1856
296 548
296 846
296 908
296 1340
296 1341
296 1623
296 1716
296 1810
296 1935
296 1945
297 398
297 447
297 619
297 761
297 795
297 1013
297 1109
297 1275
297 1446
297 1924
297 1964
298 326
298 868
298 1138
298 1143
298 1508
298 1686
298 1777
298 1798
298 1833
298 1875
298 1908
299 496
299 826
299 929
299 938
299 957
299 1074
299 1239
299 1495
299 1859
299 1952
300 854
300 855
300 1015
300 1114
300 1204
300 1538
300 1656
300 1752
300 1796
300 1898
300 1927
301 535
301 665
301 945
301 993
301 1107
301 1455
301 1675
301 1831
301 1930
302 512
302 1248
302 1255
302 1311
302 1585
302 1786
303 605
303 808
303 838
303 843
303 919
303 1202
303 1235
303 1498
303 1774
303 1865
304 314
304 324
304 380
304 548
304 716
304 774
304 933
304 1060
304 1139
304 1446
304 1782
304 1868
304 1972
305 306
305 394
305 430
305 685
305 798
305 938
305 940
305 1354
305 1490
306 307
306 458
306 706
306 712
306 817
306 910
306 995
306 1282
306 1615
306 1806
306 1866
307 543
307 942
307 1084
307 1571
307 1593
307 1595
307 1636
307 1740
308 550
308 741
308 867
308 946
308 1003
308 1310
308 1583
308 1612
308 1630
308 1697
308 1842
309 670
309 749
309 829
309 971
309 1044
309 1818
310 390
310 534
310 595
310 879
310 918
310 1128
310 1379
310 1395
310 1510
310 1694
310 1722
310 1831
311 320
311 391
311 642
311 1096
311 1537
311 1756
311 1910
312 533
312 749
312 1211
312 1936
312 1940
313 386
313 461
313 978
313 1257
313 1334
313 1351
313 1527
313 1711
314 1385
314 1539
314 1668
314 1785
315 698
315 839
315 1045
315 1164
315 1261
315 1542
315 1548
315 1809
315 1900
316 547
316 733
316 824
316 960
316 1183
316 1201
316 1275
316 1649
316 1727
316 1834
316 1836
316 1869
317 625
317 741
317 1646
318 1022
318 1039
318 1045
318 1135
318 1406
318 1541
318 1674
318 1867
319 472
319 599
319 700
319 835
319 1124
319 1580
319 1583
319 1611
319 1657
319 1955
319 1985
320 330
320 362
320 584
320 891
320 1012
320 1019
320 1061
320 1081
320 1907
321 506
321 575
321 678
321 920
321 994
321 1383
321 1412
321 1523
321 1727
321 1956
321 1994
322 394
322 559
322 601
322 1025
322 1423
322 1656
322 1767
323 595
323 1134
323 1221
323 1382
323 1463
323 1635
323 1933
324 898
324 1074
324 1123
324 1129
324 1396
324 1459
324 1538
324 1554
324 1802
324 1941
325 427
325 448
325 567
325 968
325 1054
325 1664
325 1696
325 1710
325 1772
325 1809
325 1902
326 457
326 600
326 1156
326 1245
326 1831
327 469
327 516
327 1237
327 1527
327 1577
327 1908
328 341
328 348
328 471
328 485
328 763
328 1215
328 1592
328 1740
328 1841
328 1983
328 1994
329 702
329 731
329 823
329 836
329 1284
329 1445
329 1474
329 1620
329 1716
329 1749
330 507
330 712
330 820
330 840
330 865
330 1464
330 1581
330 1625
330 1967
331 599
331 1438
331 1877
332 358
332 577
332 586
332 652
332 726
332 731
332 764
332 1062
332 1064
332 1161
332 1429
332 1485
332 1648
332 1712
333 493
333 506
333 699
333 956
333 1159
333 1401
333 1476
333 1581
333 1710
333 1742
333 1790
334 524
334 1018
334 1612
334 1657
334 1885
334 1930
335 352
335 378
335 402
335 916
335 932
335 1007
335 1797
336 862
336 1146
336 1262
337 500
337 563
337 584
337 620
337 724
337 839
337 1000
337 1751
337 1869
337 1981
338 722
338 1197
338 1335
338 1508
338 1645
338 1666
338 1938
338 1993
339 655
339 725
339 778
339 977
339 1700
339 1872
339 1873
340 511
340 550
340 827
340 1003
340 1090
340 1167
340 1455
340 1459
340 1552
341 397
341 648
341 703
341 1152
341 1246
341 1576
341 1640
341 1957
342 394
342 644
342 1153
342 1170
342 1886
342 1937
342 1991
343 931
343 1121
343 1170
343 1387
343 1510
343 1707
343 1776
343 1903
344 370
344 583
344 688
344 986
344 1248
344 1429
344 1444
344 1611
344 1808
344 1858
344 1862
345 536
345 1237
345 1389
345 1639
345 1832
346 350
346 978
346 1292
346 1359
346 1441
346 1692
346 1787
346 1814
347 626
347 644
347 689
347 933
348 540
348 1064
348 1212
348 1448
348 1457
348 1788
349 475
349 606
349 1267
349 1883
350 462
350 553
350 594
350 721
350 1666
350 1852
350 1917
351 412
351 551
351 840
351 953
351 1019
351 1153
351 1313
351 1455
351 1466
351 1663
351 1700
351 1885
352 433
352 695
352 747
352 765
352 1115
352 1198
352 1267
353 503
353 592
353 739
353 1135
353 1693
353 1926
354 1092
354 1324
354 1402
354 1505
354 1830
354 1886
354 1900
355 882
355 1081
355 1125
355 1979
356 407
356 1223
356 1246
356 1345
356 1746
356 1762
356 1816
357 438
357 468
357 581
357 1679
357 1809
357 1965
358 533
358 670
358 1215
358 1499
358 1549
358 1551
358 1601
358 1629
358 1855
359 796
359 842
359 927
359 1136
359 1312
359 1516
359 1518
359 1521
359 1909
359 1983
360 590
360 619
360 1094
360 1609
360 1798
361 410
361 826
361 1186
361 1286
361 1573
361 1633
361 1635
361 1644
361 1648
362 603
362 867
362 874
362 1004
362 1076
362 1079
362 1134
362 1497
362 1519
362 1680
363 517
363 625
363 761
363 883
363 903
363 1226
363 1538
363 1790
363 1925
364 419
364 423
364 616
364 776
364 1066
364 1173
364 1262
364 1359
364 1609
365 508
365 659
365 1143
365 1401
365 1489
365 1701
366 441
366 508
366 544
366 1570
367 686
367 1110
367 1292
367 1495
367 1523
367 1673
367 1711
367 1769
368 393
368 395
368 460
368 488
368 740
368 1073
368 1099
368 1432
368 1740
369 437
369 706
369 1090
369 1097
369 1286
369 1292
369 1341
369 1403
369 1784
369 1928
370 455
370 499
370 769
370 772
370 972
370 999
370 1238
370 1246
370 1316
370 1508
370 1644
370 1777
371 456
371 513
371 570
371 663
371 753
371 1003
371 1023
371 1039
371 1335
371 1342
371 1356
371 1508
371 1676
372 389
372 715
372 971
372 1060
372 1211
372 1221
372 1426
372 1634
373 387
373 416
373 901
373 946
373 982
373 1359
373 1420
373 1557
373 1660
373 1709
374 606
374 751
374 1584
375 459
375 513
375 539
375 726
375 766
375 773
375 930
375 931
375 1355
375 1421
375 1484
375 1997
376 495
376 1020
376 1328
376 1460
376 1579
376 1731
376 1913
377 517
377 580
377 624
377 652
377 743
377 1074
377 1154
377 1320
377 1496
377 1605
377 1612
377 1802
378 435
378 505
378 570
378 714
378 1063
378 1365
378 1523
378 1901
379 807
379 846
379 987
379 1051
379 1098
379 1151
379 1349
379 1528
379 1731
380 493
380 536
380 750
380 790
380 1322
380 1644
380 1811
380 1842
380 1967
381 783
381 873
381 1365
381 1451
381 1669
382 746
382 1057
382 1069
382 1374
382 1448
382 1777
382 1847
382 1950
383 397
383 458
383 525
383 531
383 656
383 712
383 876
383 884
383 971
383 1051
383 1406
383 1694
383 1888
383 1924
383 1985
384 553
384 716
384 1137
384 1483
384 1647
384 1709
384 1766
385 395
385 567
385 611
385 691
385 708
385 874
385 876
385 1061
385 1273
385 1297
385 1399
385 1419
385 1505
385 1620
385 1631
386 680
386 701
386 725
386 1039
386 1063
386 1161
386 1181
386 1303
386 1582
386 1594
386 1866
386 1918
386 1939
387 538
387 592
387 1015
387 1215
387 1305
387 1400
387 1603
387 1642
387 1891
388 635
388 727
388 864
388 915
388 1149
388 1167
388 1636
388 1821
388 1900
389 407
389 481
389 994
389 1428
389 1673
389 1997
390 478
390 763
390 844
390 935
390 1028
390 1292
390 1338
390 1415
390 1710
390 1830
390 1926
391 566
391 608
391 641
391 887
391 1024
391 1267
391 1406
392 466
392 559
392 744
392 1115
392 1315
392 1322
392 1354
392 1448
392 1530
393 404
393 675
393 804
393 1053
393 1178
393 1235
393 1241
393 1244
393 1361
393 1755
393 1917
394 440
394 518
394 592
394 659
394 747
394 1217
394 1239
394 1621
394 1942
395 730
395 886
395 891
395 1072
395 1459
395 1596
395 1658
395 1706
395 1934
396 550
396 858
396 1001
396 1060
396 1363
396 1924
397 678
397 1029
397 1152
397 1211
397 1269
397 1372
397 1397
398 400
398 493
398 702
398 752
398 1608
398 1623
399 537
399 680
399 784
399 915
399 1279
399 1328
400 423
400 1038
400 1226
400 1359
400 1424
400 1585
400 1639
400 1798
401 545
401 1131
402 427
402 433
402 528
402 849
402 1001
402 1045
402 1499
402 1780
403 492
403 1517
403 1916
403 1946
404 518
404 834
404 1051
404 1392
404 1647
404 1668
404 1938
405 840
405 885
405 1117
405 1160
406 516
406 710
406 1001
406 1017
406 1138
406 1365
406 1793
406 1875
407 755
407 1044
407 1652
407 1855
408 496
408 657
408 1249
408 1358
408 1367
408 1864
409 950
409 1030
409 1043
409 1428
409 1516
409 1657
409 1841
409 1899
410 722
410 768
410 832
410 956
410 984
410 1187
410 1349
410 1394
410 1402
411 466
411 921
411 966
411 1008
411 1177
411 1962
412 651
412 1006
412 1070
412 1221
412 1765
413 749
413 772
413 1159
413 1494
413 1649
414 729
414 1605
414 1815
414 1919
415 690
415 724
415 855
415 912
415 1118
415 1425
415 1547
416 649
416 776
416 1043
416 1141
416 1215
416 1729
416 1869
416 1892
416 1970
417 1197
417 1457
417 1541
417 1569
417 1572
417 1608
417 1846
418 1215
419 637
419 639
419 640
419 699
419 742
419 1025
419 1031
419 1094
419 1803
420 711
420 817
420 905
420 1206
420 1838
421 880
421 1065
421 1142
421 1420
421 1592
421 1639
421 1705
421 1756
421 1830
421 1874
421 1978
422 548
422 847
422 1126
422 1154
422 1253
422 1347
422 1449
422 1601
422 1749
422 1937
422 1984
423 891
423 1250
423 1348
423 1454
423 1566
423 1585
423 1605
423 1621
423 1777
423 1820
423 1827
424 527
424 631
424 875
424 1130
424 1505
425 575
425 605
425 636
425 946
425 1032
425 1396
425 1573
425 1869
426 607
426 863
427 436
427 604
427 652
427 740
427 911
427 1354
427 1368
427 1636
427 1675
427 1834
428 1126
428 1895
428 1978
429 616
429 772
429 1125
429 1713
430 503
430 612
430 914
430 957
430 1202
430 1325
430 1415
430 1599
430 1774
430 1878
430 1994
431 654
431 773
431 897
431 967
431 1087
431 1288
431 1840
431 1896
432 550
432 565
432 639
432 821
432 906
432 918
432 1198
432 1259
432 1274
432 1559
432 1580
432 1724
432 1742
432 1993
433 561
433 878
433 1232
433 1485
433 1657
434 566
434 605
434 779
435 758
435 1079
435 1183
435 1490
435 1524
435 1576
435 1789
435 1867
435 1932
436 512
436 599
436 616
436 1228
436 1989
437 570
437 692
437 748
437 787
437 1252
437 1519
437 1611
437 1662
437 1674
437 1908
438 600
438 1041
438 1062
438 1063
438 1110
438 1527
438 1902
438 1940
439 483
439 622
439 651
439 783
439 988
439 1095
439 1209
439 1211
439 1423
439 1500
439 1638
439 1782
440 488
440 592
440 645
440 725
440 731
440 853
440 1200
440 1506
440 1814
441 737
441 1257
441 1500
441 1750
442 576
442 579
442 752
442 862
442 1257
442 1414
442 1454
442 1467
442 1473
442 1745
442 1771
442 1864
443 557
443 564
443 1171
443 1330
443 1432
443 1857
443 1864
444 591
444 985
444 1110
444 1510
444 1563
444 1819
444 1850
444 1951
445 492
445 735
445 1034
445 1724
446 1074
446 1082
446 1507
446 1645
446 1901
446 1955
446 1962
447 514
447 769
447 976
447 1018
447 1112
447 1324
447 1412
447 1979
448 674
448 1085
448 1128
448 1160
448 1219
448 1489
448 1816
449 517
449 519
449 1205
449 1283
449 1361
449 1429
450 817
450 937
450 1107
450 1432
450 1603
450 1623
450 1650
451 572
451 618
451 658
451 659
451 815
451 1075
451 1080
451 1606
451 1639
451 1707
451 1744
451 1843
452 610
452 620
452 686
452 931
452 1136
452 1211
452 1226
452 1416
453 609
453 761
453 971
453 1232
453 1384
453 1725
454 1392
454 1558
454 1611
454 1708
454 1760
454 1830
455 541
455 652
455 1016
455 1318
455 1499
455 1836
456 1266
456 1269
456 1685
456 1766
456 1944
457 690
457 787
457 912
457 1358
457 1370
457 1966
458 611
458 638
458 793
458 1026
458 1331
458 1570
458 1613
458 1635
458 1640
458 1783
458 1921
459 579
459 654
459 972
459 1229
459 1463
459 1502
459 1682
459 1840
459 1920
459 1942
460 544
460 578
460 609
460 670
460 685
460 708
460 792
460 1206
460 1271
460 1664
460 1818
461 842
461 904
461 911
461 1050
461 1073
461 1152
461 1215
461 1367
461 1551
461 1618
461 1636
461 1799
461 1823
461 1936
461 1955
462 750
462 848
462 857
462 912
462 1081
462 1087
462 1225
462 1280
462 1839
462 1841
463 501
463 1171
463 1526
463 1540
463 1862
464 501
464 795
464 1071
464 1422
464 1561
464 1876
465 511
465 873
465 931
465 955
465 1348
465 1355
465 1485
466 579
466 696
466 806
466 821
466 1341
466 1840
466 1984
466 1998
467 630
467 1088
467 1727
468 724
468 738
468 941
468 1125
468 1133
468 1424
468 1590
468 1777
468 1921
468 1983
469 540
469 622
469 799
469 1285
469 1583
469 1804
470 592
470 860
470 964
470 1066
470 1122
470 1123
470 1527
470 2000
471 637
471 870
471 941
471 1080
471 1193
471 1552
471 1957
471 1999
472 561
472 669
472 1167
472 1193
472 1302
472 1628
472 1770
473 644
473 1036
473 1266
474 846
474 949
474 1088
474 1586
474 1925
475 622
475 640
475 793
475 858
475 919
475 981
475 1032
475 1061
475 1084
475 1404
475 1525
475 1904
476 512
476 563
476 646
476 1074
476 1221
476 1226
476 1404
476 1595
476 1911
477 609
477 630
477 970
477 1245
477 1448
477 1782
477 1841
478 497
478 859
478 972
478 1409
478 1817
479 682
479 735
479 956
479 1114
479 1140
479 1461
479 1731
479 1867
479 1881
479 1985
480 653
480 853
480 865
480 1275
480 1404
480 1548
480 1805
480 1977
481 547
481 587
481 731
481 742
481 790
481 945
481 1575
481 1608
481 1677
481 1846
482 1012
482 1242
482 1568
482 1643
482 1707
482 1789
482 1833
482 1996
483 516
483 902
483 1016
483 1243
483 1343
483 1601
483 1620
484 524
484 740
484 780
484 1074
484 1098
484 1494
484 1681
485 537
485 1085
485 1147
485 1380
485 1721
485 1727
486 788
486 890
486 1201
486 1207
486 1216
486 1461
486 1591
486 1780
486 1790
487 490
487 565
487 616
487 625
487 1028
487 1119
487 1168
487 1170
487 1566
487 1817
488 1203
488 1321
488 1433
488 1495
488 1726
488 1852
488 1892
489 747
489 1015
489 1205
489 1509
489 1600
490 566
490 1418
491 508
491 640
491 717
491 1359
491 1478
491 1695
491 1806
491 1875
492 692
492 695
492 878
492 925
492 946
492 1036
492 1062
492 1531
492 1661
493 569
493 901
493 950
493 1084
493 1855
493 1936
494 639
494 664
494 714
494 725
494 840
494 1356
494 1438
494 1484
494 1565
494 1983
495 1021
495 1144
495 1298
495 1441
495 1446
495 1733
495 1887
496 898
496 1173
496 1279
496 1369
496 1619
497 590
497 713
497 1008
497 1042
497 1669
497 1691
497 1936
498 625
498 954
498 995
498 1284
498 1295
498 1318
498 1337
498 1479
498 1599
498 1746
498 1767
498 1827
498 1917
498 1990
499 504
499 587
499 797
499 831
499 843
499 1371
499 1428
499 1669
499 1864
500 525
500 747
500 915
500 1007
500 1459
500 1969
500 1980
501 747
501 1115
501 1294
501 1303
501 1431
501 1800
502 532
502 1208
502 1534
502 1590
502 1965
503 898
503 987
503 1032
503 1045
503 1102
503 1110
503 1138
503 1462
503 1779
503 1805
503 1877
504 547
504 1256
504 1274
504 1279
504 1386
504 1403
504 1520
504 1602
504 1838
504 1928
505 704
505 721
505 1143
505 1175
505 1188
505 1209
505 1479
505 1549
505 1757
505 1796
505 1908
506 900
506 1153
506 1277
506 1304
506 1726
506 1839
506 1866
506 1959
507 665
507 885
507 1023
507 1273
507 1392
507 1583
507 1983
508 718
508 1006
508 1067
508 1166
508 1445
508 1818
509 808
509 974
509 1091
509 1107
509 1282
509 1328
509 1503
509 1894
510 517
510 622
510 627
510 641
510 1316
510 1514
510 1596
511 754
511 877
511 930
511 1072
511 1460
511 1683
511 1828
511 1897
512 605
512 832
512 1127
512 1182
512 1467
512 1961
513 820
513 1114
513 1241
513 1590
513 1934
514 659
514 951
514 975
514 1088
514 1402
514 1512
514 1668
514 1892
514 1914
514 1935
515 528
515 545
515 658
515 728
515 758
515 782
515 1302
515 1405
515 1414
515 1869
516 648
516 737
516 892
516 981
516 1040
516 1403
516 1579
516 1950
516 1968
517 522
517 904
517 1041
517 1142
517 1183
517 1298
517 1439
517 1851
517 1973
518 985
518 1192
518 1338
518 1506
519 653
519 755
519 818
519 909
519 935
519 1144
519 1221
519 1290
519 1372
519 1421
519 1500
519 1833
519 1835
520 597
520 877
520 970
520 1076
520 1402
520 1484
520 1547
520 1770
520 1936
521 597
521 696
521 818
521 856
521 1166
521 1197
521 1498
521 1729
521 1904
521 1906
521 1950
521 1994
522 809
522 1034
522 1153
522 1485
522 1846
523 835
523 1040
523 1697
524 552
524 640
524 770
524 900
524 1454
524 1603
524 1932
525 609
525 1086
525 1219
525 1375
525 1494
525 1623
525 1941
526 801
526 912
526 1037
526 1055
526 1074
526 1226
526 1878
526 1896
527 554
527 586
527 689
527 738
527 1147
527 1341
527 1619
527 1819
527 1880
528 588
528 1093
528 1100
528 1602
528 1876
528 1937
528 1954
529 707
529 841
529 904
529 1870
529 1940
529 1982
530 567
530 849
530 884
530 976
530 1154
530 1540
530 1618
530 1779
530 1808
531 688
531 1281
531 1297
531 1379
531 1447
531 1496
531 1984
532 629
532 920
532 1007
532 1274
532 1490
532 1499
532 1880
532 1985
533 767
533 822
533 973
533 1037
534 594
534 644
534 1596
535 645
535 835
535 846
535 1062
535 1183
535 1299
535 1527
535 1542
535 1644
535 1668
535 1976
536 697
536 905
536 1139
536 1726
536 1976
537 1052
537 1091
537 1569
537 1754
537 1795
537 1822
538 705
538 841
538 975
538 1082
538 1437
538 1918
539 559
539 593
539 741
539 841
539 978
539 980
539 1036
539 1043
539 1191
539 1261
539 1644
539 1865
540 575
540 637
540 1063
540 1406
540 1513
540 1843
540 1864
540 1966
541 646
541 763
541 800
541 801
541 904
541 996
541 1336
541 1423
541 1592
541 1845
541 1929
542 846
542 852
542 1170
542 1539
542 1657
542 1760
542 1925
543 1025
543 1082
543 1217
543 1433
543 1594
543 1956
544 604
544 792
544 1009
544 1380
544 1599
544 1713
544 1716
544 1904
544 1995
545 933
545 956
545 1320
546 801
546 1310
546 1784
546 1799
546 1930
546 1946
547 700
547 942
547 1042
547 1096
547 1385
547 1639
547 1656
547 1898
547 1906
548 663
548 929
548 1228
548 1272
548 1320
548 1661
549 790
549 818
549 977
549 1087
549 1095
549 1384
549 1425
549 1671
549 1754
550 641
550 737
550 1274
550 1362
550 1773
551 840
551 1260
551 1323
551 1401
551 1630
552 609
552 633
552 1057
552 1285
552 1481
552 1631
552 1785
552 1795
552 1828
552 1888
553 811
553 818
553 862
553 1145
553 1342
553 1375
553 1612
553 1646
553 1997
554 1094
554 1145
554 1487
554 1778
555 629
555 888
555 911
555 915
555 1153
555 1302
555 1534
555 1630
555 1653
555 1946
556 667
556 1304
556 1949
557 594
557 732
557 819
557 821
557 1138
557 1267
557 1366
557 1472
557 1667
558 866
558 1279
558 1565
558 1750
558 1847
559 563
559 1226
559 1252
559 1342
559 1546
559 1867
560 570
560 712
560 809
560 886
560 1234
561 615
561 682
561 812
561 1110
561 1315
561 1527
561 1878
562 601
562 638
562 807
562 902
562 1367
562 1396
562 1869
562 1918
562 1945
563 722
563 883
563 1235
563 1483
563 1746
563 1804
563 1884
564 724
564 881
564 1037
564 1643
564 1696
564 1737
564 1933
565 612
565 645
565 675
565 1101
565 1247
565 1285
565 1691
565 1791
565 1963
565 1969
566 743
566 784
566 926
566 1172
566 1192
566 1252
566 1284
566 1360
566 1466
566 1685
566 1721
566 1919
566 1984
567 628
567 1199
567 1235
567 1452
567 1848
568 761
568 915
568 1033
568 1294
568 1519
568 1684
569 837
569 876
569 1164
569 1413
569 1517
569 1667
569 1831
570 576
570 737
570 871
570 891
570 986
570 1192
570 1210
570 1803
570 1928
571 777
571 808
571 964
571 1065
571 1653
571 1774
571 1893
571 1983
572 1166
572 1197
572 1282
572 1322
572 1630
572 1717
573 617
573 970
573 992
573 1413
573 1515
573 1593
573 1767
573 1819
573 1866
573 1959
574 838
574 943
574 1056
574 1129
574 1249
574 1479
575 728
575 854
575 1325
576 673
576 968
576 1153
576 1393
576 1395
576 1625
576 1649
576 1718
577 671
577 828
577 1142
577 1424
578 590
578 901
578 1163
578 1315
578 1368
578 1820
579 1385
579 1559
579 1568
579 1603
580 1011
580 1273
580 1275
580 1506
580 1647
580 1678
580 1773
581 1677
582 956
582 1262
582 1498
582 1566
582 1625
582 1855
583 1388
583 1755
583 1863
584 605
584 614
584 697
584 947
584 1638
584 1753
584 1886
585 663
585 904
585 1608
585 1687
585 1787
586 622
586 656
586 778
586 1314
586 1331
586 1539
586 1548
586 1641
586 1901
587 937
587 966
587 1263
587 1280
587 1643
588 664
588 806
588 863
588 1093
588 1229
588 1262
588 1464
588 1589
589 1026
589 1236
589 1454
589 1474
589 1754
589 1996
590 847
590 1059
590 1063
590 1167
590 1339
590 1420
590 1700
590 1901
590 1903
591 723
591 862
591 1013
591 1210
591 1537
591 1611
591 1704
591 1749
591 1776
591 1838
591 1921
592 713
592 979
592 1009
592 1032
592 1101
592 1102
592 1110
592 1245
592 1252
592 1397
592 1656
593 705
593 843
593 948
593 1047
593 1137
593 1879
593 1906
594 682
594 960
594 972
594 1036
594 1616
594 1874
595 618
595 1552
595 1960
596 618
596 1188
596 1398
596 1439
596 1535
596 1693
597 949
597 981
597 1572
597 1591
597 1954
598 672
598 788
598 792
598 814
598 1373
598 1514
598 1714
598 1758
598 1955
599 895
599 986
599 1139
599 1451
599 1642
599 1945
600 737
600 993
600 998
600 1318
600 1319
601 912
601 1276
601 1375
601 1538
601 1689
601 1852
602 815
602 998
602 1319
603 761
603 792
603 794
603 947
603 1070
603 1167
603 1255
603 1403
603 1511
603 1700
603 1842
603 1851
604 613
604 678
604 853
604 959
604 1045
604 1314
604 1344
604 1493
604 1531
604 1539
604 1617
604 1666
604 1683
604 1884
605 645
605 1052
605 1185
605 1449
605 1709
605 1757
606 630
606 818
606 913
606 1487
606 1491
607 608
607 852
607 883
607 1446
607 1462
607 1545
607 1755
607 1800
607 1862
608 1218
608 1278
608 1302
608 1353
608 1366
608 1446
608 1858
608 1922
609 655
609 751
609 819
609 1521
609 1599
609 1801
610 800
610 1578
610 1609
610 1980
611 1220
611 1311
611 1505
611 1767
611 1783
612 689
612 758
612 811
612 830
612 1194
612 1210
612 1601
613 770
613 955
613 1189
613 1249
613 1682
614 821
614 954
615 644
615 695
615 832
615 1375
615 1378
615 1739
615 1769
616 617
616 845
616 914
616 1139
616 1747
616 1888
617 619
617 634
617 699
617 774
617 1156
617 1218
617 1636
617 1662
617 1797
617 1854
617 1871
618 756
618 831
618 1012
618 1229
618 1480
618 1518
618 1548
619 779
619 1115
619 1192
619 1253
619 1305
619 1347
619 1471
619 1541
619 1800
620 721
620 908
620 1273
620 1347
620 1435
620 1502
621 809
621 846
621 933
621 1069
621 1526
621 1596
622 879
622 885
622 1038
622 1137
622 1365
622 1583
622 1814
622 1872
622 1904
623 976
623 1162
623 1464
623 1498
623 1542
623 1651
623 1931
624 638
624 1009
624 1027
624 1205
624 1291
624 1327
624 1451
624 1697
624 1711
625 664
625 737
625 1397
625 1533
625 1693
626 689
626 1479
626 1825
626 1843
626 1949
627 1158
627 1421
627 1676
628 681
628 782
628 1296
628 1365
628 1630
629 993
629 1095
629 1270
629 1411
629 1439
629 1751
630 910
630 1100
630 1414
630 1481
630 1739
630 1929
631 755
631 837
631 1200
631 1575
632 783
632 841
632 876
632 878
632 1107
632 1488
632 1865
633 676
633 763
633 1124
633 1293
633 1357
633 1384
633 1486
633 1513
633 1837
633 1863
634 959
634 1039
634 1201
634 1209
634 1264
634 1691
634 1935
635 850
635 1263
635 1317
635 1341
635 1345
635 1551
635 1693
636 1242
636 1529
636 1627
636 1813
637 1046
637 1130
637 1159
637 1213
637 1234
637 1331
637 1360
637 1602
637 1813
637 1935
637 1956
638 641
638 703
638 822
638 1131
638 1157
638 1314
638 1611
638 1689
638 1710
638 1897
638 1944
638 1993
639 672
639 833
639 1210
639 1306
639 1311
639 1908
639 1970
639 1980
640 944
640 1059
640 1196
640 1299
640 1310
640 1326
640 1850
640 1999
641 962
641 1098
641 1140
641 1325
641 1355
641 1421
641 1539
642 719
642 747
642 801
642 805
642 931
642 1075
643 826
643 983
643 1068
643 1102
643 1120
643 1192
643 1325
643 1605
643 1712
644 940
644 974
644 1129
644 1383
645 699
645 953
645 1236
645 1541
645 1553
645 1967
646 692
646 814
646 938
646 979
646 1178
646 1381
646 1704
647 904
647 1261
647 1941
647 1997
648 715
648 801
648 859
648 894
648 1500
649 780
649 967
649 1003
649 1233
649 1307
650 656
650 1173
650 1435
650 1561
650 1568
650 1776
650 1946
651 1255
651 1533
651 1582
652 708
652 842
652 1065
652 1087
652 1329
652 1518
652 1556
652 1894
652 1904
653 752
653 1218
653 1272
653 1291
653 1308
653 1445
654 741
654 780
654 906
654 924
654 1630
654 1769
654 1779
654 1794
654 1808
655 1046
655 1689
655 1968
655 1983
656 1300
656 1391
656 1463
656 1571
656 1599
657 677
657 759
657 848
657 1054
657 1160
657 1612
657 1654
657 1738
658 895
658 937
658 1759
659 901
659 985
659 1020
659 1313
659 1578
659 1659
659 1779
659 1903
660 1075
660 1122
660 1274
660 1366
660 1865
661 864
661 1308
661 1753
661 1890
661 1996
662 847
662 1168
662 1634
662 1670
663 792
663 1236
663 1485
663 1939
664 796
664 1049
664 1116
664 1208
664 1503
664 1525
664 1646
664 1667
664 1968
665 1267
665 1775
665 1851
665 1918
666 736
666 935
666 1114
666 1241
666 1364
666 1638
666 1657
666 1901
667 726
667 736
667 1151
667 1215
667 1459
667 1861
668 709
668 871
668 1028
668 1536
668 1721
668 1894
668 1903
668 1992
669 697
669 872
669 1256
669 1408
669 1613
669 1760
670 841
670 893
670 912
670 1092
670 1159
670 1233
670 1320
670 1536
670 1552
670 1973
671 997
671 1045
671 1140
671 1710
672 893
672 912
672 1824
672 1983
673 943
673 1027
673 1097
673 1462
673 1495
673 1643
673 1657
673 1923
674 981
674 1007
674 1123
674 1266
674 1769
675 700
675 861
675 1431
675 1522
675 1726
675 1763
675 1842
675 1916
675 1917
676 719
676 843
676 1022
676 1033
676 1545
677 1380
677 1401
677 1469
677 1477
677 1497
677 1574
677 1645
677 1726
677 1883
678 903
678 1117
678 1618
678 1870
679 685
679 980
679 1483
679 1610
679 1709
680 1272
680 1316
680 1374
680 1537
680 1824
680 1901
680 1978
681 755
681 899
681 1487
681 1543
681 1553
681 1632
681 1768
682 852
682 907
682 908
682 945
682 987
682 1118
682 1566
683 811
683 833
683 844
683 1823
683 1878
683 1886
683 1916
684 1009
684 1026
684 1313
684 1392
684 1565
684 1595
684 1639
684 1651
685 945
685 979
685 1002
685 1030
685 1075
685 1543
685 1560
685 1658
685 1686
685 1883
686 996
686 1375
686 1767
686 1833
687 726
687 749
687 782
687 1053
687 1059
687 1410
687 1440
687 1879
687 1886
688 718
688 778
688 792
688 1104
688 1160
688 1217
688 1593
689 873
689 963
689 979
689 1058
689 1270
689 1306
689 1448
689 1597
689 1837
689 1838
689 1858
690 768
690 887
690 981
690 1093
690 1269
690 1764
690 1849
690 1991
691 796
691 947
691 1031
691 1094
691 1285
691 1306
691 1517
691 1656
691 1664
691 1785
691 1971
691 1996
692 795
692 1096
692 1139
692 1262
692 1445
692 1500
692 1697
693 732
693 913
693 936
693 1025
693 1171
693 1319
693 1651
693 1671
693 1954
693 1972
694 773
694 890
694 996
694 1189
694 1812
694 1887
694 1960
695 1045
695 1062
695 1101
695 1302
695 1816
695 1915
696 698
696 732
696 898
696 945
696 947
696 968
696 1083
696 1302
696 1424
696 1584
696 1632
696 1947
697 1349
697 1479
698 1137
698 1148
698 1157
698 1325
698 1852
698 1995
698 1997
699 957
699 1043
699 1234
699 1356
699 1726
699 1743
699 1902
700 1072
700 1108
700 1233
700 1237
700 1309
700 1478
700 1676
700 1679
700 1834
700 1918
700 1939
701 903
701 1064
701 1211
701 1471
702 868
702 925
702 1827
702 1974
703 920
703 923
703 1045
703 1136
703 1851
703 1918
705 941
705 965
705 1126
705 1266
705 1410
705 1669
705 1795
706 744
706 1444
706 1540
706 1592
706 1884
707 1005
707 1028
707 1237
707 1443
707 1570
707 1613
707 1777
708 1115
708 1436
708 1638
708 1797
709 755
709 1180
709 1300
709 1334
709 1434
710 723
710 1199
710 1538
710 1714
710 1803
711 1116
711 1140
711 1192
711 1216
711 1485
711 1674
711 1796
712 990
712 1142
712 1343
712 1590
712 1799
712 1924
713 897
713 1124
713 1225
713 1242
713 1347
713 1606
713 1783
713 1945
714 865
714 1150
714 1202
715 1127
715 1138
715 1227
715 1392
715 1644
715 1775
716 1716
716 1737
716 1776
716 1941
717 800
717 939
717 993
717 1032
717 1103
717 1447
717 1456
717 1497
717 1502
717 1541
717 1667
717 1997
718 1139
718 1149
718 1362
718 1387
718 1576
719 796
719 1437
719 1535
719 1738
720 733
720 774
720 794
720 1138
720 1164
720 1242
720 1348
720 1434
721 796
721 1038
721 1328
721 1943
722 910
722 1260
722 1624
722 1659
722 1951
722 1962
722 1976
723 775
723 957
723 1049
723 1173
723 1685
724 1454
725 768
725 873
725 1042
725 1132
725 1166
725 1211
725 1628
726 783
726 1614
727 1128
727 1242
727 1251
727 1367
727 1399
727 1537
727 1906
727 1917
728 997
728 1019
728 1131
728 1329
728 1407
728 1860
728 1869
728 1997
729 1159
729 1391
729 1543
730 898
730 1233
730 1827
730 1843
731 853
731 1031
731 1230
731 1290
731 1351
731 1376
731 1511
731 1753
732 965
732 969
732 1243
732 1290
732 1461
732 1906
733 778
733 827
733 963
733 970
733 1253
733 1548
733 1551
733 1574
733 1863
734 993
734 1343
734 1376
734 1618
734 1822
735 1255
735 1314
735 1382
735 1883
736 872
736 1185
736 1319
736 1984
737 756
737 888
737 966
737 1192
737 1440
737 1441
737 1495
737 1976
738 774
738 894
738 1014
738 1176
738 1695
739 1342
739 1405
739 1573
739 1760
740 1017
740 1477
740 1828
741 989
741 1057
741 1153
741 1181
741 1228
741 1259
741 1490
741 1526
741 1996
742 874
742 1203
742 1207
742 1867
742 1873
743 1332
743 1417
743 1523
743 1596
743 1657
743 1913
743 1942
744 791
744 1290
745 902
745 1198
745 1240
745 1423
745 1551
745 1639
745 1808
746 756
746 883
746 992
746 1555
746 1659
746 1683
747 1036
747 1067
747 1255
747 1292
747 1372
747 1619
747 1769
748 1128
748 1296
748 1342
748 1345
748 1466
749 755
749 794
749 796
749 935
749 1001
749 1103
749 1172
749 1323
749 1398
749 1530
749 1782
749 1906
750 863
750 1405
750 1783
750 1921
750 1932
751 805
751 1029
751 1126
752 851
752 1264
752 1708
752 1904
752 1915
753 855
753 1018
753 1373
753 1409
753 1795
753 1903
754 782
754 793
754 976
754 1066
754 1213
754 1427
754 1879
755 1044
755 1141
755 1380
755 1574
755 1711
756 854
756 1604
757 784
757 1800
757 1899
758 835
758 1145
758 1425
758 1472
758 1823
758 1900
758 1910
759 784
759 1120
759 1153
759 1765
760 922
760 1117
760 1591
760 1862
760 1980
760 2000
761 799
761 931
761 989
761 1079
761 1102
761 1313
761 1338
761 1384
761 1428
761 1689
761 1952
761 1975
762 852
762 980
762 1093
762 1268
762 1418
762 1705
762 1713
763 960
763 1080
763 1275
763 1463
763 1750
763 1802
764 799
764 805
764 863
764 947
764 959
764 993
764 1080
764 1221
764 1356
764 1472
764 1838
764 1941
765 1085
765 1241
765 1454
766 843
766 963
766 1028
766 1320
766 1362
766 1619
766 1639
766 1800
766 1862
766 1947
766 1959
767 829
767 914
767 969
767 1387
767 1411
767 1415
767 1603
767 1709
767 1862
767 1989
768 828
768 901
768 953
768 1090
768 1117
768 1512
768 1768
768 1849
768 1989
769 895
769 981
769 1050
769 1418
769 1460
769 1793
769 1902
769 1928
770 1353
770 1520
770 1747
770 1755
770 1893
771 909
771 916
771 1033
771 1052
771 1089
771 1160
771 1350
771 1388
771 1439
771 1481
771 1512
771 1513
772 1014
772 1046
773 1256
773 1430
774 923
774 965
774 1099
774 1324
774 1446
774 1503
774 1601
774 1854
775 816
775 925
775 1011
775 1102
775 1633
775 1747
775 1848
775 1937
775 1955
776 782
776 814
776 941
776 1031
776 1212
776 1314
776 1358
776 1507
776 1567
776 1649
776 1892
777 799
777 836
777 1098
777 1669
777 1911
777 1922
778 994
778 1171
778 1329
778 1427
778 1713
779 786
779 857
779 1083
779 1338
779 1520
779 1591
779 1668
779 1904
780 839
780 994
780 1165
780 1203
780 1274
780 1593
780 1733
780 1837
781 870
781 1048
781 1109
781 1327
781 1382
782 1154
782 1309
782 1656
782 1785
783 881
783 1050
783 1242
783 1245
783 1547
783 1863
783 1969
784 967
784 974
784 1409
785 790
785 884
785 932
785 1037
785 1401
785 1411
785 1613
785 1769
785 1888
786 923
786 973
786 1313
786 1361
786 1420
786 1565
786 1696
786 1706
786 1935
787 972
787 1203
787 1218
787 1340
787 1699
787 1789
787 1912
788 878
788 1127
788 1332
788 1364
788 1429
788 1463
789 890
789 1838
790 905
790 1101
790 1866
790 1965
790 1992
791 795
791 1303
791 1322
791 1478
791 1637
791 1664
792 1124
792 1146
792 1482
792 1983
793 1024
793 1121
793 1595
793 1603
794 811
794 1219
794 1322
794 1338
794 1588
794 1715
794 1716
794 1727
794 1857
794 1931
795 1149
795 1178
795 1450
795 1521
796 1081
796 1289
796 1709
796 1790
797 799
797 1240
797 1559
797 1728
798 837
798 925
798 1171
798 1248
798 1271
798 1584
799 1427
800 839
800 917
800 924
800 960
800 1302
800 1395
800 1755
800 1797
800 1809
800 1859
801 1031
801 1304
801 1337
801 1644
801 1973
802 823
802 837
802 972
802 1131
802 1275
802 1291
802 1393
802 1508
802 1675
802 1962
803 1218
803 1465
803 1490
803 1833
803 1863
803 1893
804 805
804 1295
804 1509
804 1624
804 1979
805 1023
805 1152
805 1333
805 1376
805 1449
805 1455
805 1676
805 1905
805 1960
805 1980
805 1992
806 863
806 1018
806 1211
806 1412
806 1438
806 1616
806 1656
806 1741
807 842
807 992
807 1081
807 1181
807 1209
807 1315
807 1686
807 1794
808 890
808 1135
808 1246
808 1251
808 1372
808 1691
809 955
809 964
809 1115
809 1554
809 1649
809 1760
809 1840
809 1981
810 822
810 858
810 909
810 1153
810 1263
810 1364
810 1751
810 1764
810 1908
811 847
811 1045
811 1208
811 1362
811 1434
811 1529
811 1557
811 1594
811 1940
812 821
812 1859
812 1889
813 1050
813 1082
813 1356
813 1424
813 1559
813 1669
814 960
814 972
814 1034
814 1064
814 1160
814 1377
814 1692
814 1753
814 1766
815 1228
815 1312
815 1331
815 1633
815 1641
815 1672
816 1024
816 1247
816 1360
816 1686
816 1927
816 1994
817 1055
817 1174
817 1636
817 1648
817 1652
817 1872
818 1109
818 1604
818 1819
818 1865
818 1964
819 1391
820 1097
820 1165
820 1204
820 1213
820 1613
820 1869
820 1970
821 945
821 1141
822 1025
822 1236
822 1562
822 1670
822 1710
823 1028
823 1263
823 1558
823 1626
824 853
824 981
824 1206
824 1211
824 1212
824 1340
824 1575
824 1786
825 952
825 995
825 1006
825 1164
825 1169
825 1507
825 1812
825 1856
826 1097
826 1123
826 1231
826 1252
826 1280
826 1494
826 1682
827 851
827 1087
827 1175
827 1297
827 1435
827 1496
827 1641
827 1890
827 1909
827 1979
828 972
828 1792
829 880
829 1262
829 1583
829 1883
830 1798
830 1829
830 1901
830 1996
831 1020
831 1064
831 1104
831 1685
831 1910
831 1981
832 1005
832 1384
832 1474
832 1605
832 1704
832 1807
832 1822
832 1895
832 1959
833 1050
833 1114
833 1492
833 1696
833 1982
834 1016
834 1435
834 1442
834 1474
834 1568
834 1581
834 1837
834 1906
834 1976
835 1067
835 1142
835 1380
835 1448
835 1706
835 1925
836 888
836 931
836 1838
836 1944
836 1992
837 992
837 1424
837 1576
837 1702
837 1876
837 1945
838 855
838 891
838 983
838 1195
838 1498
838 1619
838 1804
838 1926
839 868
839 888
839 970
839 1111
839 1186
839 1365
839 1533
839 1567
839 1613
839 1688
839 1974
840 927
840 1293
840 1344
840 1406
840 1554
840 1633
840 1751
840 1757
841 925
841 962
841 1010
841 1705
841 1732
841 1864
842 1256
842 1682
842 1970
843 968
843 1334
843 1396
843 1504
843 1548
843 1719
844 1177
844 1272
844 1480
844 1617
844 1641
844 1848
845 1231
845 1334
845 1380
845 1697
845 1999
846 1242
846 1734
847 1045
847 1321
847 1585
847 1618
847 1878
847 1989
848 953
848 1280
848 1661
848 1677
849 1033
849 1839
849 1914
849 1927
850 1036
850 1546
850 1703
850 1764
850 1831
850 1873
851 959
851 1416
851 1681
851 1701
851 1742
851 1801
851 1991
852 1385
852 1689
853 923
853 1066
853 1233
853 1244
853 1326
853 1781
853 1925
853 1962
854 1091
854 1571
854 1647
854 1955
855 1053
855 1336
855 1572
855 1583
855 1824
856 1605
856 1891
857 1185
857 1220
857 1260
857 1815
858 1000
858 1020
858 1028
858 1793
859 1170
859 1257
859 1543
859 1610
859 1883
860 1146
860 1407
860 1614
860 1761
861 1030
861 1098
861 1454
861 1587
861 1646
861 1766
862 958
862 1530
862 1548
863 868
863 990
863 1091
863 1297
863 1341
863 1526
863 1650
863 1876
863 1986
864 1012
864 1131
864 1851
865 911
865 1009
865 1108
865 1215
865 1227
865 1560
866 1076
866 1274
866 1618
867 934
867 1481
867 1513
867 1548
868 1152
868 1430
868 1515
868 1853
868 1880
869 1346
869 1488
869 1769
870 887
870 1311
871 922
871 1434
871 1607
872 892
872 1016
872 1122
872 1137
872 1695
872 1924
873 1130
873 1530
873 1693
873 1815
873 1906
873 1953
873 1999
874 1579
874 1609
874 1628
874 1665
874 1742
874 1892
874 1931
875 941
875 1044
875 1901
875 1976
876 993
876 1025
876 1056
876 1098
876 1598
876 1923
877 1216
877 1432
877 1735
878 1237
878 1413
878 1414
878 1561
878 1658
878 1780
878 1825
878 1952
879 995
879 1260
879 1350
879 1493
879 1665
879 1764
879 1788
879 1806
880 892
880 1003
880 1336
880 1365
880 1410
880 1592
881 1172
881 1350
881 1546
881 1796
881 1815
881 1982
882 951
882 983
882 1104
882 1403
882 1470
882 1751
882 1802
882 1868
883 977
883 1379
883 1542
883 1724
884 1290
884 1425
884 1466
884 1470
884 1580
885 936
885 947
885 1301
885 1699
885 1925
886 1218
886 1522
886 1589
886 1619
886 1692
886 1748
886 1897
887 1077
887 1097
887 1132
887 1863
887 1980
888 1364
888 1575
888 1816
889 961
889 1069
889 1163
889 1213
889 1703
890 1053
890 1131
890 1199
890 1415
890 1710
890 1796
890 1914
890 1977
890 1986
891 976
891 1207
891 1304
891 1339
891 1781
891 1799
891 1955
892 968
892 1245
892 1683
893 1506
893 1831
893 1928
893 1986
894 996
894 1440
894 1852
896 1304
896 1394
896 1410
896 1419
896 1684
896 1935
896 1985
897 1200
897 1214
897 1244
897 1307
897 1357
897 1587
897 1708
897 1748
898 1189
898 1660
898 1754
899 1459
899 1490
899 1809
899 1829
899 1921
900 1013
900 1046
900 1206
900 1289
900 1371
900 1419
900 1572
900 1661
900 1868
901 945
901 947
901 1089
901 1289
901 1393
901 1411
901 1790
902 913
902 962
902 1408
902 1447
902 1564
902 1622
902 1632
902 1868
902 1963
903 1223
903 1268
903 1300
903 1309
903 1485
904 1018
904 1259
904 1412
904 1630
904 1654
904 1789
905 1167
905 1183
905 1700
905 1728
905 1750
906 917
906 1011
906 1250
906 1274
906 1532
906 1577
907 1127
907 1265
907 1495
908 957
908 1197
908 1263
908 1426
908 1455
908 1508
908 1568
908 1711
908 1836
909 921
909 1312
909 1337
909 1744
910 955
910 1092
910 1193
910 1371
910 1418
910 1504
910 1659
910 1742
910 1783
910 1872
910 1932
910 1939
911 1126
911 1263
911 1506
911 1615
912 1266
912 1300
912 1332
912 1684
912 1831
912 1939
913 1160
913 1594
913 1627
913 1630
913 1713
914 1054
914 1223
914 1320
914 1476
914 1577
914 1823
915 985
915 1017
915 1364
915 1543
915 1544
915 1821
916 1008
916 1792
917 1073
917 1265
917 1368
917 1666
917 1803
917 1902
918 1053
918 1245
918 1640
919 1344
919 1492
919 1706
919 1839
920 968
920 1288
920 1466
920 1764
920 1771
920 1805
920 1834
921 1045
921 1151
921 1171
921 1396
921 1547
921 1572
921 1690
921 1706
921 1709
921 1787
922 1110
922 1293
922 1305
922 1865
922 1952
922 1989
923 1377
923 1839
923 1863
924 999
924 1009
924 1212
924 1243
924 1258
924 1453
924 1457
924 1602
924 1808
924 1900
924 1914
925 986
925 1092
925 1318
925 1436
925 1799
926 1049
926 1062
926 1082
926 1089
926 1159
926 1300
926 1528
926 1715
926 1990
927 1154
927 1420
927 1510
927 1774
927 1861
927 1924
927 1987
928 1617
928 1863
929 937
929 987
929 1035
929 1435
929 1639
930 1166
930 1257
930 1669
930 1767
930 1773
931 941
931 981
931 1190
931 1315
931 1366
931 1516
931 1866
931 1891
932 983
932 1313
932 1450
932 1521
932 1557
932 1715
932 1749
933 983
933 1041
933 1064
933 1394
933 1456
933 1857
933 1919
934 1114
934 1626
934 1856
934 1967
935 1523
935 1680
935 1937
935 1959
936 1033
936 1208
936 1504
936 1635
936 1743
937 1017
937 1059
937 1233
937 1242
937 1263
937 1312
937 1351
937 1359
937 1589
937 1894
938 963
938 1069
938 1207
938 1221
938 1286
938 1696
938 1845
938 1993
939 1541
940 1102
940 1157
940 1214
940 1655
940 1676
941 1060
941 1163
941 1166
941 1284
941 1989
942 1033
942 1035
942 1096
942 1320
942 1575
942 1749
942 1788
942 1940
942 1974
943 1393
943 1814
944 1350
944 1375
944 1492
944 1828
945 1019
945 1311
945 1560
945 1743
946 1329
946 1399
946 1945
947 1239
947 1408
947 1440
947 1491
948 1154
948 1164
948 1211
948 1316
948 1346
948 1457
948 1571
948 1615
948 1743
949 1501
949 1509
949 1840
949 1881
949 1930
950 1234
950 1703
950 1708
950 1893
951 1352
951 1592
951 1608
952 1071
952 1083
952 1300
952 1457
952 1706
952 1772
952 1850
953 1053
953 1171
953 1477
953 1505
953 1511
953 1512
953 1553
953 1851
954 1313
954 1361
954 1512
954 1560
954 1829
954 1847
955 1274
955 1291
955 1397
955 1461
956 1252
956 1433
956 1855
957 1361
957 1539
957 1780
957 1885
958 1178
958 1320
958 1422
958 1557
958 1720
958 1997
959 1027
959 1029
959 1038
959 1270
959 1327
959 1341
959 1446
960 1025
960 1180
960 1220
960 1403
961 1076
961 1285
961 1360
961 1606
961 1759
961 1760
961 1837
961 1859
961 1962
962 1009
962 1244
962 1297
962 1413
962 1438
962 1453
962 1669
962 1822
962 1941
962 1986
963 1676
963 1709
963 1722
964 1586
964 1769
964 1809
964 1841
964 1894
964 1933
965 1048
965 1217
965 1230
965 1985
966 990
966 1048
966 1117
966 1610
966 1679
966 1694
966 1969
967 1012
967 1027
967 1510
967 1656
968 1000
968 1119
968 1176
968 1366
968 1579
968 1801
968 1806
968 1998
969 1334
969 1483
969 1874
970 1411
970 1720
970 1727
970 1979
971 1026
971 1168
971 1569
971 1571
971 1577
971 1874
972 987
972 1344
972 1476
972 1654
973 1286
973 1433
973 1471
973 1473
973 1668
974 1197
974 1229
974 1236
974 1279
974 1624
974 1693
974 1706
974 1929
975 1067
975 1163
975 1202
975 1282
975 1646
975 1653
975 1698
976 978
976 1173
976 1182
976 1246
976 1434
976 1500
976 1521
976 1633
976 1729
977 1319
977 1446
977 1726
977 1942
978 1403
978 1667
979 1149
979 1411
979 1556
979 1639
980 1839
980 1957
981 1187
981 1252
981 1920
982 1032
982 1440
982 1503
982 1664
982 1782
982 1890
982 1938
983 1100
983 1595
984 1165
984 1236
984 1395
984 1537
984 1685
985 1164
985 1525
985 1956
985 1971
986 1228
986 1267
986 1367
986 1507
986 1953
987 1121
987 1168
987 1254
987 1326
987 1478
987 1639
987 1697
987 1724
987 1791
987 1843
988 1001
988 1505
988 1574
988 1858
988 1881
988 1888
988 1931
989 1363
989 1548
989 1564
989 1627
989 1631
989 1806
989 1860
989 1921
990 1213
990 1449
990 1530
990 1687
990 1770
991 1053
991 1430
991 1892
992 1049
992 1185
992 1347
992 1396
992 1531
993 1208
993 1348
993 1734
993 1756
993 1831
994 1418
994 1588
995 1219
995 1496
995 1538
995 1565
995 1603
996 1573
996 1608
996 1638
996 1703
996 1717
997 1351
997 1378
997 1461
997 1498
997 1560
997 1600
998 1036
998 1859
998 1863
998 1868
999 1003
999 1060
999 1070
999 1163
999 1607
999 1979
1000 1020
1000 1212
1000 1421
1000 1920
1000 1951
1001 1062
1001 1186
1001 1254
1001 1337
1001 1389
1001 1393
1001 1709
1001 1727
1001 1931
1002 1026
1002 1079
1002 1118
1002 1334
1002 1697
1003 1969
1004 1436
1004 1733
1004 1838
1004 1986
1005 1073
1005 1186
1005 1210
1005 1238
1005 1420
1005 1463
1005 1907
1006 1018
1006 1170
1006 1582
1006 1966
1007 1101
1007 1397
1007 1642
1007 1975
1008 1132
1008 1133
1008 1239
1008 1476
1008 1649
1008 1677
1008 1785
1008 1807
1009 1049
1009 1057
1009 1107
1009 1164
1009 1511
1009 1628
1009 1922
1009 1956
1010 1206
1010 1332
1010 1333
1010 1441
1010 1552
1010 1697
1010 1962
1011 1176
1011 1211
1011 1373
1011 1429
1011 1653
1011 1911
1011 1917
1011 1979
1012 1165
1013 1195
1013 1204
1013 1416
1013 1466
1013 1530
1014 1092
1014 1326
1014 1390
1014 1678
1015 1412
1015 1431
1015 1512
1016 1249
1016 1371
1016 1885
1016 1997
1017 1135
1017 1925
1017 1952
1018 1029
1018 1301
1018 1742
1018 1984
1019 1061
1019 1484
1019 1892
1019 1939
1020 1027
1020 1044
1020 1052
1020 1145
1020 1153
1020 1203
1020 1515
1020 1577
1020 1720
1020 1750
1020 1755
1021 1481
1021 1680
1021 1739
1021 1761
1022 1041
1022 1066
1022 1226
1022 1420
1022 1632
1022 1674
1022 1814
1023 1369
1023 1570
1023 1754
1023 1778
1024 1062
1024 1189
1024 1211
1024 1811
1025 1171
1025 1531
1025 1968
1025 1981
1026 1035
1026 1545
1026 1696
1026 1836
1026 1888
1026 1988
1027 1260
1027 1384
1027 1482
1027 1572
1027 1593
1027 1603
1027 1610
1027 1659
1027 1768
1027 1909
1028 1094
1028 1227
1028 1266
1029 1050
1029 1077
1029 1377
1030 1225
1031 1135
1031 1451
1031 1586
1031 1707
1031 1960
1031 1986
1032 1124
1032 1575
1032 1578
1032 1756
1032 1988
1033 1101
1033 1175
1033 1199
1033 1398
1033 1426
1033 1988
1034 1664
1034 1762
1035 1168
1035 1313
1035 1406
1035 1901
1035 1928
1035 1942
1036 1588
1036 1706
1036 1789
1036 1972
1037 1254
1037 1401
1037 1526
1037 1535
1037 1682
1037 1815
1037 1822
1037 1869
1037 1920
1037 1945
1038 1229
1038 1329
1038 1342
1038 1520
1038 1551
1038 1692
1038 1920
1039 1312
1039 1333
1039 1401
1039 1446
1039 1741
1039 1913
1040 1072
1040 1318
1040 1460
1040 1480
1041 1091
1041 1292
1041 1305
1041 1636
1041 1819
1042 1468
1042 1479
1042 1673
1042 1701
1042 1807
1043 1049
1043 1123
1043 1262
1043 1465
1043 1735
1044 1079
1044 1679
1045 1071
1045 1158
1045 1390
1045 1409
1045 1472
1045 1727
1045 1892
1045 1893
1045 1967
1046 1112
1046 1221
1046 1277
1046 1291
1046 1630
1046 1940
1047 1168
1047 1287
1047 1380
1047 1453
1047 1541
1047 1667
1047 1729
1047 1778
1048 1247
1048 1277
1048 1501
1048 1783
1049 1246
1049 1716
1049 1732
1050 1265
1050 1394
1050 1627
1050 1805
1050 1931
1051 1095
1051 1319
1051 1432
1051 1650
1052 1355
1052 1477
1052 1558
1052 1765
1053 1550
1053 1754
1054 1118
1054 1385
1054 1806
1054 1931
1055 1256
1055 1607
1055 1764
1056 1124
1056 1146
1056 1171
1056 1226
1056 1645
1056 1694
1056 1823
1056 1834
1057 1093
1057 1229
1057 1599
1057 1745
1057 1754
1058 1214
1058 1428
1058 1615
1059 1095
1059 1130
1059 1211
1059 1219
1059 1290
1059 1408
1059 1512
1059 1687
1059 1759
1059 1868
1060 1194
1060 1392
1060 1420
1060 1535
1060 1570
1060 1657
1060 1729
1061 1064
1061 1136
1061 1157
1061 1238
1061 1383
1062 1257
1062 1375
1062 1561
1062 1945
1063 1606
1063 1996
1064 1314
1064 1605
1064 1642
1064 1790
1065 1116
1065 1728
1066 1092
1066 1132
1066 1567
1066 1668
1066 1980
1067 1166
1067 1237
1067 1400
1067 1451
1067 1985
1067 1991
1068 1274
1068 1420
1068 1439
1068 1715
1069 1088
1069 1231
1069 1573
1069 1950
1069 1988
1070 1291
1070 1745
1070 1760
1071 1576
1071 1674
1071 1990
1072 1728
1072 1785
1072 1951
1072 1978
1072 1983
1073 1276
1073 1627
1073 1894
1073 1906
1074 1176
1074 1487
1074 1713
1074 1790
1074 1830
1075 1138
1075 1463
1075 1693
1075 1903
1076 1077
1076 1091
1076 1378
1076 1727
1076 1753
1076 1821
1076 1944
1076 1985
1077 1182
1077 1237
1077 1439
1077 1475
1077 1563
1077 1918
1078 1150
1078 1234
1078 1376
1078 1670
1078 1731
1078 1872
1079 1439
1080 1183
1080 1364
1080 1609
1080 1626
1080 1826
1080 1837
1081 1713
1081 1760
1081 1824
1081 1922
1081 1956
1082 1155
1082 1233
1082 1558
1082 1899
1083 1087
1083 1168
1083 1375
1083 1525
1083 1834
1084 1108
1084 1535
1085 1282
1085 1406
1085 1544
1085 1716
1085 1873
1086 1302
1086 1628
1086 1828
1087 1391
1087 1494
1087 1988
1088 1200
1088 1356
1088 1421
1088 1437
1088 1625
1088 1749
1088 1892
1089 1547
1089 1598
1089 1621
1089 1685
1090 1396
1090 1536
1090 1637
1090 1820
1090 1922
1090 1942
1091 1179
1091 1382
1091 1641
1091 1768
1091 1777
1091 1888
1092 1214
1092 1288
1092 1479
1092 1587
1092 1593
1092 1750
1093 1309
1093 1527
1093 1611
1093 1753
1093 1880
1093 1964
1094 1182
1094 1410
1094 1518
1094 1645
1095 1148
1095 1334
1095 1395
1095 1595
1095 1646
1095 1731
1095 1929
1096 1126
1096 1149
1096 1153
1096 1188
1096 1902
1097 1208
1097 1544
1097 1606
1098 1473
1098 1628
1098 1727
1098 1824
1098 1994
1099 1431
1099 1558
1100 1463
1100 1572
1100 1651
1100 1713
1100 1751
1100 1824
1101 1239
1101 1329
1101 1428
1101 1502
1102 1596
1102 1622
1102 1932
1103 1142
1103 1376
1103 1415
1103 1582
1103 1805
1103 1867
1103 1880
1104 1561
1104 1578
1104 1859
1104 1920
1104 1969
1105 1307
1105 1832
1106 1347
1106 1397
1106 1990
1107 1120
1107 1172
1107 1470
1107 1480
1107 1564
1107 1748
1107 1796
1107 1907
1108 1503
1108 1857
1109 1605
1109 1659
1110 1165
1110 1180
1110 1221
1110 1222
1110 1245
1110 1267
1110 1363
1110 1481
1110 1635
1110 1932
1111 1190
1111 1299
1111 1676
1111 1726
1111 1736
1111 1773
1112 1113
1112 1160
1112 1527
1112 1583
1112 1694
1113 1355
1113 1364
1113 1386
1113 1646
1114 1767
1115 1498
1115 1499
1115 1637
1115 1840
1116 1130
1116 1140
1116 1696
1116 1727
1116 1958
1116 1973
1117 1373
1118 1445
1118 1604
1118 1910
1118 1977
1118 1990
1119 1431
1119 1813
1119 1871
1120 1146
1120 1175
1120 1279
1120 1424
1120 1747
1120 1832
1121 1125
1121 1292
1121 1368
1122 1138
1122 1163
1122 1483
1122 1535
1122 1613
1122 1704
1123 1262
1123 1454
1123 1678
1123 1696
1123 1697
1123 1843
1124 1482
1124 1510
1124 1628
1125 1567
1126 1246
1126 1357
1126 1514
1126 1515
1127 1636
1128 1286
1128 1380
1128 1442
1128 1551
1128 1857
1129 1147
1129 1207
1130 1921
1131 1402
1131 1494
1131 1752
1131 1932
1132 1269
1132 1448
1132 1478
1132 1767
1132 1840
1132 1938
1132 1961
1132 1993
1133 1472
1133 1842
1133 1932
1135 1406
1135 1440
1135 1615
1135 1900
1136 1177
1136 1364
1136 1563
1136 1639
1136 1910
1137 1528
1137 1802
1137 1957
1138 1516
1139 1697
1139 1760
1139 1911
1140 1578
1141 1292
1141 1365
1141 1641
1141 1686
1141 1920
1142 1512
1142 1590
1142 1721
1142 1743
1142 1820
1143 1205
1143 1293
1143 1644
1143 1779
1143 1952
1144 1335
1144 1597
1144 1887
1145 1425
1146 1196
1146 1279
1146 1496
1146 1598
1146 1613
1146 1878
1147 1790
1148 1208
1148 1317
1148 1399
1148 1427
1148 1498
1150 1170
1150 1203
1150 1363
1150 1418
1150 1496
1150 1503
1150 1678
1150 1788
1150 1862
1151 1429
1151 1739
1152 1473
1152 1684
1152 1868
1152 1973
1153 1155
1153 1310
1153 1718
1153 1733
1153 1930
1154 1409
1154 1575
1154 1647
1154 1807
1155 1255
1155 1295
1155 1307
1155 1393
1155 1463
1155 1491
1155 1517
1155 1683
1155 1689
1156 1405
1156 1460
1156 1555
1156 1594
1156 1762
1156 1982
1157 1221
1157 1430
1157 1534
1157 1661
1157 1667
1157 1834
1157 1944
1158 1218
1158 1894
1159 1258
1159 1725
1159 1788
1160 1279
1160 1363
1160 1596
1160 1918
1161 1298
1161 1365
1161 1548
1161 1556
1161 1947
1162 1328
1162 1623
1162 1631
1163 1734
1163 1908
1164 1320
1164 1804
1166 1408
1166 1510
1166 1771
1166 1872
1167 1181
1167 1696
1167 1865
1167 1965
1168 1295
1168 1668
1168 1781
1170 1612
1170 1667
1170 1923
1171 1232
1171 1360
1171 1570
1171 1587
1171 1786
1171 1792
1171 1818
1171 1953
1172 1267
1172 1314
1172 1737
1172 1887
1172 1895
1173 1585
1173 1594
1173 1629
1173 1761
1173 1802
1173 1883
1174 1364
1174 1597
1175 1419
1175 1560
1175 1757
1175 1846
1175 1921
1176 1421
1176 1736
1176 1867
1177 1182
1177 1512
1177 1673
1177 1840
1178 1264
1179 1369
1179 1523
1179 1738
1179 1987
1179 2000
1180 1352
1180 1585
1180 1645
1180 1876
1180 1921
1181 1219
1181 1240
1181 1678
1182 1821
1182 1950
1183 1391
1183 1401
1183 1416
1183 1426
1183 1504
1183 1562
1183 1946
1183 1957
1184 1245
1184 1346
1184 1580
1184 1684
1184 1814
1185 1635
1185 1883
1185 1988
1186 1403
1186 1503
1186 1545
1186 1627
1186 1831
1187 1265
1187 1298
1187 1674
1187 1927
1187 1987
1188 1579
1189 1496
1189 1682
1189 1804
1189 1842
1190 1376
1191 1208
1191 1554
1193 1498
1193 1512
1193 1608
1193 1879
1193 1906
1194 1236
1194 1562
1194 1682
1194 1964
1194 1982
1195 1225
1195 1782
1196 1245
1196 1959
1197 1687
1197 1914
1198 1340
1199 1926
1200 1508
1200 1699
1200 1777
1200 1933
1201 1896
1202 1232
1203 1314
1203 1720
1203 1803
1203 1870
1204 1380
1204 1589
1204 1681
1204 1695
1204 1843
1204 1889
1204 1927
1204 1928
1205 1723
1205 1738
1206 1630
1206 1718
1207 1267
1207 1340
1207 1542
1207 1659
1208 1422
1208 1536
1208 1539
1208 1603
1208 1682
1208 1971
1209 1309
1209 1427
1209 1524
1209 1775
1210 1257
1210 1564
1210 1678
1210 1713
1210 1935
1210 1954
1211 1246
1211 1857
1211 1881
1211 1911
1212 1261
1212 1318
1212 1528
1212 1749
1212 1778
1212 1880
1213 1355
1213 1379
1213 1438
1213 1699
1213 1842
1213 1886
1213 1897
1213 1949
1214 1409
1214 1488
1214 1496
1214 1620
1215 1387
1215 1613
1215 1657
1215 1688
1215 1827
1215 1891
1216 1318
1216 1911
1217 1320
1217 1334
1217 1348
1217 1410
1217 1902
1218 1364
1218 1828
1218 1986
1219 1255
1219 1477
1219 1569
1219 1812
1220 1256
1220 1364
1220 1658
1221 1827
1222 1454
1222 1478
1222 1585
1222 1592
1222 1977
1223 1825
1223 1873
1224 1295
1224 1376
1224 1518
1225 1356
1225 1451
1226 1398
1226 1475
1226 1538
1227 1320
1227 1918
1227 1940
1228 1565
1228 1811
1228 1826
1228 1952
1228 1994
1229 1352
1229 1501
1229 1632
1229 1963
1230 1308
1230 1616
1230 1864
1230 1885
1230 1953
1231 1365
1231 1782
1231 1864
1232 1329
1232 1407
1232 1454
1232 1631
1232 1935
1233 1238
1233 1537
1233 1550
1233 1607
1233 1743
1234 1459
1234 1565
1234 1697
1235 1308
1236 1459
1236 1778
1237 1386
1237 1427
1237 1727
1238 1462
1238 1606
1239 1315
1239 1645
1239 1772
1240 1304
1240 1550
1241 1397
1241 1535
1242 1254
1242 1492
1242 1625
1242 1829
1242 1947
1242 1957
1243 1307
1243 1714
1243 1889
1243 1902
1243 1918
1244 1340
1244 1356
1244 1687
1244 1715
1244 1820
1245 1821
1246 1564
1246 1857
1246 1861
1247 1404
1247 1605
1247 1750
1247 1781
1248 1803
1248 1836
1249 1299
1249 1842
1250 1583
1250 1800
1250 1826
1250 1863
1250 1960
1251 1938
1252 1619
1252 1959
1253 1583
1253 1802
1254 1289
1254 1500
1254 1616
1254 1751
1254 1820
1254 1857
1255 1617
1255 1658
1256 1348
1256 1648
1256 1650
1256 1827
1256 1905
1257 1332
1257 1598
1257 1628
1257 1660
1257 1798
1257 1810
1258 1527
1258 1616
1258 1869
1258 1960
1259 1394
1259 1855
1260 1668
1261 1317
1261 1342
1261 1440
1261 1657
1261 1748
1262 1433
1262 1821
1262 1865
1264 1299
1264 1553
1264 1785
1264 1863
1264 1937
1265 1292
1265 1789
1266 1583
1266 1726
1266 1776
1266 1942
1266 1968
1267 1611
1267 1672
1267 1829
1267 1897
1268 1307
1268 1473
1268 1613
1268 1766
1268 1807
1269 1927
1269 1964
1269 1993
1270 1806
1271 1499
1271 1675
1272 1509
1272 1553
1273 1493
1273 1553
1273 1828
1273 1968
1274 1311
1274 1897
1275 1448
1276 1638
1276 1723
1276 1769
1276 1848
1276 1907
1276 1937
1277 1508
1277 1983
1278 1333
1278 1395
1278 1555
1278 1960
1279 1445
1279 1559
1279 1602
1279 1860
1279 1934
1279 1947
1280 1620
1280 1802
1280 1850
1281 1373
1281 1475
1281 1640
1281 1952
1282 1916
1283 1381
1283 1469
1283 1885
1284 1597
1284 1609
1284 1839
1284 1967
1285 1660
1285 1828
1285 1854
1285 1878
1285 1885
1286 1486
1286 1517
1286 1590
1286 1649
1286 1893
1287 1560
1287 1949
1287 1969
1288 1612
1288 1688
1288 1714
1289 1293
1289 1773
1289 1994
1290 1451
1290 1927
1291 1681
1291 1775
1291 1988
1292 1681
1293 1304
1293 1447
1293 1700
1293 1903
1294 1301
1294 1758
1294 1793
1294 1938
1295 1329
1295 1421
1295 1756
1296 1889
1297 1298
1298 1372
1298 1724
1299 1324
1299 1448
1300 1590
1300 1603
1301 1492
1301 1767
1301 1819
1301 1851
1302 1535
1302 1548
1302 1620
1302 1976
1303 1318
1303 1448
1303 1530
1303 1608
1303 1968
1304 1481
1304 1491
1304 1681
1304 1763
1304 1797
1305 1467
1305 1479
1305 1562
1305 1833
1305 1920
1306 1356
1306 1377
1306 1399
1306 1636
1306 1652
1307 1339
1307 1997
1308 1315
1308 1364
1308 1390
1308 1614
1308 1719
1308 1946
1309 1352
1309 1407
1309 1435
1309 1485
1309 1763
1309 1863
1309 1941
1310 1320
1310 1427
1311 1712
1311 1866
1311 1913
1312 1450
1312 1543
1312 1750
1312 1922
1312 1979
1313 1323
1313 1350
1313 1565
1314 1601
1314 1968
1315 1503
1315 1654
1315 1777
1315 1947
1316 1357
1316 1519
1316 1624
1316 1871
1317 1738
1317 1775
1317 1942
1317 1980
1318 1507
1318 1729
1319 1352
1319 1356
1319 1486
1319 1533
1319 1664
1320 1446
1320 1818
1320 1919
1321 1521
1321 1550
1321 1611
1321 1905
1322 1470
1322 1590
1322 1610
1322 1623
1322 1636
1322 1722
1322 1785
1323 1411
1323 1540
1324 1525
1324 1546
1324 1547
1324 1775
1324 1945
1326 1663
1327 1449
1327 1966
1328 1585
1328 1708
1329 1940
1330 1924
1331 1581
1331 1661
1332 1442
1333 1726
1334 1817
1335 1434
1335 1458
1335 1620
1335 1668
1335 1818
1335 1929
1335 1933
1336 1505
1336 1712
1336 1764
1337 1701
1337 1870
1337 1901
1338 1351
1338 1544
1338 1563
1338 1631
1338 1667
1338 1789
1338 1798
1338 1803
1338 1869
1338 1904
1339 1668
1339 1725
1339 1736
1339 1805
1339 1870
1340 1426
1340 1538
1340 1756
1340 1895
1341 1464
1341 1471
1341 1520
1341 1687
1341 1799
1341 1993
1342 1359
1342 1794
1342 1859
1342 1889
1343 1486
1343 1492
1343 1559
1343 1834
1343 1933
1344 1464
1344 1816
1344 1940
1345 1766
1346 1537
1346 1616
1346 1636
1346 1829
1347 1629
1348 1412
1348 1456
1348 1759
1348 1872
1348 1926
1349 1370
1349 1463
1349 1549
1349 1599
1349 1859
1350 1388
1350 1463
1350 1517
1350 1575
1350 1582
1352 1463
1352 1492
1352 1597
1352 1621
1352 1880
1353 1596
1353 1605
1353 1988
1353 1992
1354 1542
1354 1739
1354 1931
1355 1396
1355 1910
1356 1518
1356 1535
1356 1571
1356 1862
1358 1470
1358 1545
1358 1632
1358 1646
1358 1715
1358 1813
1358 1985
1359 1655
1360 1515
1360 1658
1360 1900
1360 1997
1361 1467
1362 1454
1362 1677
1362 1870
1362 1978
1363 1408
1363 1515
1363 1641
1363 1663
1363 1785
1363 1812
1363 1858
1364 1443
1364 1711
1364 1781
1364 1872
1364 1874
1364 1953
1365 1484
1365 1536
1365 1709
1365 1897
1366 1535
1366 1686
1366 1838
1367 1522
1367 1678
1367 1824
1367 1942
1368 1512
1368 1743
1369 1372
1369 1382
1370 1550
1370 1651
1370 1979
1370 1981
1371 1466
1371 1776
1371 1830
1371 1953
1372 1396
1372 1516
1372 1707
1372 1719
1373 1406
1373 1716
1373 1726
1373 1991
1374 1447
1374 1451
1374 1722
1375 1551
1375 1608
1375 1612
1375 1916
1376 1434
1376 1878
1377 1675
1377 1738
1377 1756
1378 1459
1378 1504
1379 1725
1380 1525
1380 1659
1380 1794
1381 1412
1381 1666
1382 1439
1382 1711
1382 1761
1383 1519
1383 1642
1383 1953
1383 1964
1384 1543
1385 1457
1385 1657
1385 1782
1386 1472
1386 1476
1386 1482
1386 1721
1386 1722
1386 1747
1386 1798
1386 1822
1386 1978
1387 1680
1387 1823
1387 1829
1388 1807
1388 1812
1388 1882
1388 1888
1389 1498
1389 1807
1389 1907
1390 1425
1390 1585
1390 1605
1390 1717
1390 1812
1390 1842
1391 1503
1391 1569
1391 1918
1392 1886
1393 1998
1394 1934
1395 1403
1395 1422
1395 1541
1396 1464
1396 1541
1396 1974
1397 1688
1398 1746
1398 1777
1398 1936
1398 1989
1399 1447
1399 1596
1399 1618
1399 1912
1399 1945
1399 1946
1399 1988
1399 2000
1400 1928
1401 1650
1401 1698
1401 1733
1401 1948
1402 1979
1403 1522
1403 1608
1403 1942
1404 1503
1404 1754
1404 1831
1404 1998
1405 1445
1405 1689
1405 1741
1406 1479
1406 1763
1406 1782
1407 1730
1407 1751
1407 1972
1408 1453
1408 1707
1408 1831
1409 1724
1409 1987
1410 1878
1410 1942
1410 1993
1411 1536
1411 1639
1411 1880
1411 1899
1411 1998
1412 1463
1413 1453
1413 1548
1413 1552
1413 1929
1414 1726
1415 1737
1416 1565
1416 1629
1417 1575
1417 1593
1417 1690
1418 1440
1419 1453
1420 1531
1420 1560
1420 1731
1420 1784
1420 1842
1420 1863
1421 1607
1421 1854
1422 1591
1422 1681
1422 1817
1422 1968
1423 1554
1423 1581
1423 1826
1423 1940
1424 1431
1424 1553
1424 1631
1424 1700
1424 1965
1426 1635
1426 1786
1426 1951
1427 1650
1428 1490
1428 1933
1428 1994
1429 1524
1429 1525
1429 1612
1430 1517
1430 1566
1430 1721
1430 1733
1430 1842
1431 1446
1432 1615
1432 1966
1433 1468
1434 1556
1434 1558
1434 1760
1434 1959
1435 1445
1435 1737
1436 1590
1436 1695
1436 1719
1437 1530
1437 1802
1437 1952
1438 1641
1439 1924
1440 1532
1440 1633
1440 1893
1440 1899
1440 1935
1441 1928
1442 1449
1443 1622
1443 1831
1444 1806
1444 1811
1445 1497
1445 1683
1445 1701
1445 1878
1446 1758
1447 1459
1447 1909
1448 1480
1448 1668
1448 1715
1449 1763
1449 1840
1449 1901
1450 1485
1450 1819
1450 1965
1451 1516
1451 1881
1451 1981
1452 1518
1452 1791
1453 1583
1453 1826
1454 1509
1455 1465
1456 1872
1456 1941
1457 1603
1457 1831
1457 1868
1457 1993
1458 1629
1459 1786
1460 1583
1460 1603
1460 1678
1460 1813
1460 1815
1460 1955
1461 1668
1461 1937
1463 1584
1464 1649
1464 1676
1465 1543
1465 1759
1465 1794
1465 1894
1465 1992
1466 1558
1466 1610
1466 1714
1467 1499
1468 1578
1468 1780
1469 1505
1469 1696
1469 1754
1469 1910
1469 1915
1471 1486
1471 1584
1471 1850
1472 1875
1473 1979
1473 1982
1474 1511
1474 1537
1474 1806
1474 1905
1475 1860
1475 2000
1476 1896
1477 1491
1477 1694
1477 1946
1477 1950
1477 1984
1478 1531
1478 1596
1478 1665
1480 1610
1480 1723
1480 1855
1481 1495
1481 1993
1482 1645
1484 1681
1484 1930
1485 1531
1485 1586
1485 1652
1485 1679
1485 1794
1485 1864
1486 1512
1486 1545
1487 1571
1487 1768
1487 1938
1487 1943
1488 1675
1488 1703
1488 1830
1488 1887
1489 1553
1489 1647
1489 1659
1489 1673
1489 1809
1490 1621
1490 1777
1490 1778
1490 1972
1491 1530
1491 1816
1491 1826
1492 1727
1494 1513
1494 1603
1494 1851
1494 1934
1494 1940
1494 1964
1495 1777
1495 1897
1496 1689
1497 1712
1497 1981
1498 1712
1498 1823
1499 1504
1499 1601
1499 1856
1499 1941
1501 1622
1501 1804
1502 1550
1502 1555
1502 1816
1502 1892
1502 1893
1503 1870
1503 1948
1504 1530
1505 1747
1505 1888
1506 1988
1507 1895
1508 1560
1508 1617
1508 1625
1509 1588
1509 1780
1509 1892
1510 1557
1510 1779
1512 1982
1514 1559
1515 1523
1515 1703
1515 1940
1516 1635
1516 1805
1516 1866
1516 1964
1517 1548
1517 1599
1517 1673
1517 1836
1517 1910
1517 1939
1518 1556
1518 1582
1519 1783
1519 1816
1519 1980
1520 1582
1520 1721
1520 1999
1521 1565
1521 1584
1521 1657
1522 1645
1523 1677
1524 1648
1524 1701
1524 1726
1524 1797
1525 1559
1526 1558
1526 1751
1526 1932
1527 1568
1527 1792
1527 1849
1527 1922
1528 1586
1528 1678
1529 1688
1529 1779
1529 1800
1529 1827
1529 1842
1529 1905
1529 1944
1529 1954
1530 1555
1530 1677
1530 1790
1530 1830
1530 1899
1531 1901
1532 1533
1532 1570
1532 1642
1532 1955
1533 1536
1533 1769
1533 1844
1533 1938
1534 1709
1534 1722
1534 1806
1534 1813
1534 1881
1534 1961
1534 1967
1535 1735
1535 1787
1535 1848
1536 1903
1536 1998
1537 1592
1537 1740
1537 1746
1537 1980
1538 1634
1538 1768
1539 1607
1539 1737
1539 1761
1540 1574
1540 1639
1540 1667
1540 1686
1540 1813
1540 1940
1541 1759
1541 1769
1542 1601
1542 1648
1542 1705
1542 1940
1542 1985
1543 1680
1543 1797
1543 1841
1544 1740
1544 1871
1544 1958
1546 1606
1546 1921
1546 1946
1546 1985
1547 1581
1547 1643
1547 1646
1547 1870
1548 1776
1549 1576
1549 1622
1550 1831
1550 1852
1551 1571
1551 1640
1551 1723
1552 1681
1552 1839
1552 1997
1553 1569
1553 1728
1553 1885
1553 1889
1553 1900
1553 1963
1554 1555
1554 1685
1554 1837
1554 1842
1555 1586
1555 1623
1555 1724
1555 1995
1556 1616
1556 1742
1556 1743
1557 1678
1557 1786
1557 1816
1557 1922
1557 1975
1558 1659
1558 1908
1559 1653
1559 1667
1559 1907
1561 1635
1561 1654
1561 1752
1561 1896
1561 1904
1562 1925
1562 1989
1563 1760
1563 1853
1563 1941
1564 1912
1565 1657
1565 1844
1565 1952
1566 1723
1566 1804
1566 1846
1566 1866
1567 1614
1567 1769
1567 1809
1567 1986
1569 1935
1571 1608
1571 1674
1571 1679
1571 1781
1571 1851
1571 1944
1572 1883
1572 1987
1573 1647
1573 1834
1574 1970
1575 1705
1575 1800
1575 1964
1577 1895
1577 1905
1579 1844
1579 1988
1580 1845
1582 1673
1582 1860
1583 1783
1585 1817
1586 1729
1586 1959
1587 1597
1587 1992
1588 1895
1588 1906
1589 1992
1590 1749
1591 1702
1591 1758
1591 1829
1591 1914
1592 1712
1592 1875
1592 1907
1592 1998
1593 1895
1594 1983
1595 1723
1595 1957
1596 1698
1596 1958
1597 1727
1597 1742
1598 1628
1599 1880
1599 1957
1600 1754
1601 1604
1601 1690
1601 1705
1601 1862
1602 1973
1603 1693
1603 1763
1603 1769
1603 1925
1604 1693
1604 1955
1605 1758
1605 1977
1606 1715
1606 1818
1607 1888
1607 1967
1607 1994
1608 1873
1609 1746
1609 1788
1609 1943
1610 1613
1610 1646
1611 1755
1612 1808
1612 1927
1612 1954
1613 1683
1614 1660
1614 1698
1614 1874
1614 1942
1615 1618
1615 1768
1617 1808
1617 1900
1617 1902
1618 1666
1618 1709
1618 1753
1618 1892
1619 1929
1619 1937
1620 1857
1620 1970
1621 1803
1621 1842
1621 1967
1622 1701
1622 1871
1623 1694
1623 1860
1623 1987
1624 1807
1624 1811
1626 1659
1626 1690
1626 1814
1626 1929
1628 1737
1628 1857
1629 1698
1629 1733
1629 1999
1631 1658
1631 1667
1631 1747
1631 1831
1632 1656
1635 1866
1635 1993
1636 1731
1639 1781
1639 1863
1641 1654
1641 1662
1641 1733
1641 1766
1641 1789
1641 1904
1641 1948
1642 1674
1642 1896
1643 1726
1643 1951
1645 1646
1645 1813
1645 1986
1646 1698
1647 1800
1649 1679
1649 1688
1649 1936
1650 1831
1651 1838
1651 1898
1652 1677
1652 1779
1652 1908
1653 1731
1653 1928
1654 1724
1654 1725
1654 1797
1655 1792
1655 1882
1656 1833
1658 1762
1658 1995
1659 1843
1659 1965
1660 1695
1660 1777
1660 1988
1660 1998
1661 1665
1661 1773
1661 1787
1661 1914
1662 1876
1664 1801
1666 1806
1666 1959
1666 1963
1667 1917
1668 1748
1668 1891
1669 1701
1669 1795
1669 1824
1669 1933
1672 1756
1673 1791
1674 1682
1674 1744
1674 1776
1674 1985
1675 1916
1676 1986
1677 1681
1678 1879
1678 1965
1679 1715
1680 1907
1681 1711
1681 1759
1681 1996
1682 1719
1683 1686
1684 1727
1684 1983
1687 1720
1688 1857
1688 1980
1690 1799
1690 1929
1691 1790
1691 1892
1691 1976
1692 1965
1693 1712
1693 1734
1693 1985
1694 1734
1694 1754
1696 1724
1696 1728
1696 1736
1696 1928
1697 1768
1697 1807
1697 1820
1697 1987
1699 1825
1700 1866
1700 1905
1701 1876
1702 1726
1702 1732
1702 1763
1702 1789
1702 1873
1703 1716
1703 1747
1703 1803
1703 1808
1703 1908
1704 1794
1704 1824
1705 1914
1706 1745
1706 1765
1706 1913
1707 1991
1708 1714
1708 1826
1711 1728
1711 1857
1711 1865
1711 1951
1711 1973
1714 1834
1714 1923
1714 1988
1715 1720
1715 1852
1716 1925
1716 1956
1718 1801
1718 1830
1718 1854
1718 1891
1719 1896
1720 1833
1721 1929
1722 1736
1724 2000
1725 1799
1725 1926
1727 1738
1727 1914
1727 1963
1727 1986
1728 1744
1729 1829
1730 1798
1730 1810
1730 1904
1731 1782
1731 1967
1732 1857
1734 1956
1738 1743
1738 1933
1739 1806
1739 1864
1739 1877
1739 1967
1740 1879
1741 1869
1742 1781
1743 1817
1744 1772
1744 1809
1745 1754
1745 1809
1745 1938
1746 1970
1747 1908
1748 1963
1749 1863
1751 1907
1753 1764
1755 1856
1755 1898
1756 1871
1759 1844
1760 1815
1760 1922
1762 1835
1764 1783
1764 1876
1767 1900
1767 1908
1769 1828
1770 1877
1771 1840
1774 1790
1774 1816
1774 1913
1774 1984
1775 1864
1775 1887
1775 1952
1775 1986
1776 1814
1776 1853
1776 1989
1777 1929
1778 1910
1779 1797
1779 1866
1781 1850
1781 1999
1782 1804
1782 1907
1783 1853
1783 1886
1784 1804
1784 1840
1785 1854
1786 1851
1787 1912
1787 1997
1790 1912
1791 1792
1791 1958
1792 1846
1795 1883
1795 1974
1796 1983
1797 1957
1798 1844
1798 1950
1799 1935
1799 1968
1804 1959
1805 1814
1806 1942
1808 1820
1808 1835
1808 1843
1810 1875
1812 1999
1813 1915
1813 1920
1815 1992
1816 1931
1818 1834
1820 1930
1820 1951
1821 1909
1822 1858
1822 1872
1824 1839
1824 1958
1825 1889
1825 1923
1825 1993
1826 1895
1827 1853
1828 1871
1828 1882
1829 1870
1830 1889
1831 1964
1832 1970
1835 1863
1840 1890
1841 1910
1843 1937
1844 1921
1846 1963
1848 1954
1849 1859
1849 1907
1850 1977
1851 1853
1851 1928
1852 1964
1854 1870
1855 1864
1856 1880
1856 1892
1856 1927
1858 1898
1859 1956
1860 1938
1861 1972
1864 1957
1865 1948
1871 1992
1872 1898
1874 1881
1874 1904
1874 1978
1875 1904
1879 1938
1880 1890
1883 1935
1886 1937
1888 1940
1891 1965
1894 1898
1901 1950
1901 1983
1904 2000
1910 1972
1916 1969
1919 1963
1922 1968
1925 1932
1927 1934
1934 1948
1940 1974
1942 1943
1951 1959
1951 1991
1954 1967
1959 1980
1972 1999
1974 1975
1978 1987
1978 1988
1993 1999