2000
1 243
1 401
1 1157
2 205
2 704
3 379
4 724
5 1403
5 1595
6 372
6 862
6 1384
7 880
8 200
8 293
8 1110
9 566
10 1187
11 73
11 589
13 871
14 662
16 738
17 898
17 1215
17 1544
17 1885
19 340
19 459
21 1566
21 1876
22 268
23 668
23 1174
24 607
25 793
25 1121
25 1226
26 448
26 1351
26 1761
28 1732
29 33
29 136
29 171
30 1378
30 1537
31 940
31 1779
31 1780
32 338
32 533
32 565
33 387
33 1491
34 1723
35 155
35 1585
36 970
36 1353
36 1362
37 351
37 414
37 1967
38 332
38 1087
38 1697
39 669
39 1385
39 1883
40 1116
42 713
42 1570
42 1848
42 1849
43 466
43 1129
43 1230
43 1433
44 58
44 364
44 1376
45 884
45 1630
45 1808
45 1931
46 344
46 1985
47 1760
48 564
48 1433
50 735
51 734
51 1061
52 54
52 454
52 627
52 657
54 1104
55 178
55 183
55 1396
56 1250
56 1609
57 1865
58 290
59 97
59 253
59 259
59 539
59 1579
60 1087
61 847
61 1721
62 630
62 1212
62 1224
62 1957
65 505
65 1393
65 1547
65 1925
66 285
66 1858
67 208
67 1047
68 1300
68 1583
69 1217
70 527
70 1261
70 1379
71 212
71 1010
72 428
72 693
72 1209
74 1019
74 1028
74 1341
75 963
76 1307
76 1334
76 1755
77 860
77 1221
78 1075
80 443
81 966
82 1977
83 586
83 687
83 1571
83 1931
84 632
84 779
84 1230
84 1477
85 1838
86 412
86 1305
87 432
87 845
89 822
89 1247
89 1923
90 304
90 920
90 1689
92 314
92 1426
94 292
94 572
94 939
94 1642
94 1747
96 370
96 480
96 1581
96 1649
96 1955
97 765
97 1236
97 1351
98 1508
99 1195
99 1381
99 1746
99 1818
100 199
100 807
102 1202
102 1619
104 718
104 1001
105 506
105 530
105 883
105 1396
106 1955
107 1614
107 1646
107 1888
108 661
108 727
108 931
109 190
109 668
109 1850
110 973
111 1384
112 583
112 732
112 1193
112 1582
113 1901
113 1996
114 609
114 1260
114 1537
114 1548
115 218
115 802
115 1062
115 1746
115 1749
117 709
117 1250
117 1420
118 966
119 552
120 458
120 642
120 934
120 1431
121 1307
121 1431
122 332
122 898
123 241
124 323
124 1062
125 559
125 864
125 1345
127 1447
128 619
128 1815
129 232
130 212
130 1478
131 1606
132 544
134 1626
134 1794
134 1969
137 149
137 1141
138 252
138 925
138 983
138 1344
138 1749
139 839
139 1032
140 529
140 1007
140 1396
140 1414
140 1511
141 1490
142 914
142 1757
142 1766
144 181
145 1431
146 217
146 1929
147 175
147 798
147 1360
147 1781
148 1229
148 1494
148 1840
149 1193
149 1979
150 1907
151 1644
153 743
153 1654
153 1899
154 247
154 615
156 832
156 1572
157 1096
158 843
158 1006
158 1620
159 1176
160 1839
161 1326
162 1029
162 1481
162 1501
163 1053
163 1714
164 564
164 1215
165 187
165 1704
166 1627
167 1516
167 1785
168 344
168 1661
169 481
170 1347
170 1719
170 1985
171 1017
171 1975
172 569
172 594
172 1844
175 1159
175 1206
176 284
177 1199
178 1090
178 1687
180 622
180 1533
180 1787
182 1399
183 571
183 700
183 1329
183 1991
185 228
185 516
185 1494
185 1942
186 1284
187 546
187 1484
187 1540
187 1570
187 1802
187 1977
188 379
189 247
189 1156
191 289
191 610
191 1135
192 746
193 874
193 1859
194 1334
194 1462
194 1751
195 296
195 1639
196 417
196 1285
196 1578
197 453
197 1210
199 767
200 913
200 927
201 720
201 806
201 1270
202 1446
203 850
203 903
204 597
204 998
204 1287
204 1501
205 435
206 346
206 1552
206 1834
207 755
208 449
208 600
210 388
210 1542
212 1973
213 405
213 1291
214 1700
214 1913
217 361
217 1411
218 292
218 1459
219 881
219 969
219 1627
220 365
220 1070
220 1943
221 1215
221 1775
222 703
222 836
223 507
224 1568
225 358
225 1595
227 1032
228 282
228 591
228 1091
229 866
230 313
230 993
230 1132
232 1211
233 1365
235 571
235 783
235 1172
236 280
236 399
236 642
236 1455
237 340
237 1343
237 1929
238 674
238 1327
238 1426
238 1659
238 1738
238 1883
239 462
239 827
239 1621
240 526
241 344
242 1257
242 1365
244 684
244 1398
244 1687
245 421
245 1932
246 655
246 954
246 1081
247 826
247 857
247 1721
248 1092
248 1474
248 1528
248 1609
249 306
249 411
250 573
251 471
251 1223
251 1471
251 1481
252 574
252 1207
253 683
253 1810
254 673
255 1891
256 406
257 322
257 663
257 678
257 1513
258 1674
258 1876
259 646
259 1452
260 296
260 367
260 382
260 665
260 1208
262 1348
263 801
263 1191
264 568
264 1553
265 305
265 1360
266 830
266 1290
267 690
267 1648
268 1422
269 1945
271 971
271 1331
272 1437
272 1799
273 1102
273 1586
274 1190
274 1940
275 1017
275 1677
275 1678
276 929
276 1352
276 1357
276 1472
276 1966
277 1103
277 1955
278 366
278 531
278 1151
278 1500
279 291
279 1126
279 1979
280 1272
281 1293
281 1805
283 1836
285 495
285 1139
287 1352
287 1525
287 1528
287 1846
288 894
288 1083
289 1661
290 812
290 1546
292 1357
292 1755
293 1588
293 1753
294 391
294 454
295 441
295 466
295 942
295 1386
295 1623
295 1624
296 405
296 471
296 1212
296 1226
296 1494
297 512
298 1646
299 573
300 971
301 486
301 1727
303 1034
303 1699
304 694
305 324
305 392
305 876
305 1381
306 563
306 1053
306 1796
308 595
308 1541
308 1828
309 1351
309 1402
309 1644
309 1648
310 456
310 1079
310 1507
310 1550
311 605
311 815
311 846
312 515
312 552
312 664
312 1514
312 1838
313 1999
314 714
314 1148
316 851
318 799
318 1280
320 1959
322 866
322 1084
322 1482
323 1015
323 1444
324 883
324 1759
324 1884
325 633
326 854
326 1253
327 1333
327 1864
327 1979
328 1611
328 1766
329 1034
329 1325
330 1327
330 1599
330 1972
331 735
331 829
331 1399
332 395
332 1373
333 639
333 749
333 1283
333 1416
333 1608
334 946
335 916
335 1217
335 1319
336 725
336 1047
336 1063
337 1078
338 662
338 1304
340 1452
342 582
342 1211
342 1556
343 725
344 427
344 1018
344 1219
344 1317
344 1336
344 1401
345 711
345 1975
346 873
347 403
347 1830
349 579
349 1896
350 415
350 511
350 956
353 1209
354 1404
355 1447
358 1008
359 752
359 1526
362 419
362 659
363 472
363 753
364 601
364 1478
365 1951
366 392
366 490
368 568
369 769
369 1333
369 1425
371 1683
371 1751
372 593
373 627
375 901
375 1489
375 1923
376 893
376 1525
378 1809
379 1367
382 411
382 765
382 1708
383 412
383 1521
383 1948
384 556
384 867
384 1005
384 1512
384 1930
385 717
385 823
387 441
387 1635
388 1362
389 812
390 1545
392 1018
392 1845
395 1769
396 1160
396 1962
397 906
397 1086
397 1192
397 1899
398 415
398 624
399 616
399 1920
400 408
400 867
400 903
400 1411
401 1090
401 1679
402 948
402 1206
402 1246
403 1616
404 783
404 1075
404 1147
406 465
406 1559
406 1815
407 1678
407 1848
407 1937
408 843
408 1335
408 1760
409 1962
410 479
410 1097
410 1137
411 707
411 799
411 1932
412 1985
413 542
413 997
414 470
415 457
416 917
416 1516
417 962
417 1177
417 1503
417 1659
418 820
420 1146
420 1667
421 816
421 1324
421 1601
422 1302
424 527
424 983
425 504
426 636
427 1685
428 1024
428 1138
429 510
429 1969
431 613
432 471
432 1137
433 1844
433 1958
434 696
435 683
436 1136
436 1782
437 497
437 1093
437 1095
437 1719
438 1965
439 725
442 548
442 1500
442 1633
443 1481
443 1645
443 1783
443 1905
444 902
444 1413
446 969
447 733
448 708
448 1187
448 1449
449 1950
451 1053
451 1291
452 554
453 1115
454 1120
456 1375
456 1497
457 1348
458 1108
458 1716
458 1917
459 783
459 800
460 1538
461 660
461 1322
463 1087
464 1631
465 1734
465 1898
466 883
466 993
467 713
468 556
468 1855
468 1988
469 746
469 1865
471 1804
473 1674
476 680
477 1774
479 899
482 602
482 895
482 1516
482 1868
485 1604
486 934
486 979
487 1920
489 1987
490 1382
491 1398
492 1314
493 796
493 821
493 929
493 998
494 869
494 1052
495 1030
495 1078
496 1058
496 1679
499 1830
500 1039
500 1416
500 1558
501 1812
502 991
503 948
505 1736
506 1423
509 1044
509 1217
510 574
512 737
512 1021
512 1786
513 1395
514 938
515 1517
516 710
516 781
516 1815
517 1508
519 594
519 1011
519 1713
522 783
522 872
522 1279
522 1888
524 932
525 1207
526 1256
527 1221
528 935
528 1546
529 1096
531 718
531 1848
532 1203
534 1966
535 685
536 1006
536 1300
536 1609
537 1978
538 1946
539 1227
539 1599
540 1623
540 1863
541 1007
541 1157
543 1686
544 595
544 1649
546 663
548 772
548 833
548 1955
550 863
551 1931
552 1075
552 1109
552 1465
553 1267
554 762
554 1630
555 1063
555 1092
555 1530
555 1661
555 1919
556 573
556 1768
557 1500
558 993
559 774
559 965
559 1976
561 621
561 646
561 955
561 1089
561 1220
563 1245
563 1357
564 1362
565 663
565 1140
565 1521
565 1795
566 1172
567 1300
567 1694
567 1736
568 1152
568 1479
568 1483
568 1566
569 1814
570 1732
572 581
572 668
572 1176
572 1485
572 1619
573 1856
574 595
576 662
576 1071
577 592
577 1431
578 660
579 1508
579 1892
579 1972
580 887
583 665
583 816
583 1429
586 1735
587 926
587 1274
587 1490
588 654
589 1108
589 1999
592 1112
592 1806
593 1253
593 1289
593 1552
593 1591
595 797
596 926
596 1331
596 1549
598 1012
602 1637
603 709
604 1667
605 1246
606 955
607 1729
609 1583
610 1579
612 767
612 1077
612 1122
612 1418
612 1730
615 1099
617 1812
617 1931
618 1367
618 1519
618 1776
618 1797
620 718
620 831
620 1189
620 1497
620 1759
621 653
621 912
622 1784
623 1232
623 1550
625 1143
625 1343
628 1062
629 1964
631 725
632 950
632 1955
633 1873
634 1066
634 1224
634 1301
634 1442
635 1189
635 1317
636 662
636 1363
637 1341
639 661
639 1617
640 1176
642 1855
643 1148
644 1508
645 1497
646 1920
646 1981
647 1681
647 1703
648 1060
648 1554
649 830
650 1429
651 656
651 1016
651 1268
651 1408
651 1942
652 1604
653 859
654 1001
654 1211
655 892
655 943
655 1638
655 1724
658 1358
658 1475
658 1720
660 793
660 1183
660 1922
661 1175
661 1640
663 993
663 1300
664 1236
665 990
665 1075
665 1133
665 1486
665 1494
669 1485
671 1288
671 1590
672 1504
673 827
675 932
675 1564
675 1990
676 741
676 1774
678 1038
678 1621
679 1867
682 1256
682 1604
683 875
683 1414
684 808
684 997
684 1029
684 1278
685 1502
687 1910
689 1212
690 1168
691 865
691 903
691 1448
692 707
695 951
697 786
697 1783
698 1603
699 1936
699 1944
701 1057
701 1390
701 1683
702 856
704 1671
705 1343
705 1505
706 1941
708 1920
710 1783
712 1144
713 996
714 998
716 928
716 1333
717 801
717 1244
717 1877
719 1411
720 1658
721 1322
722 1247
723 1994
724 1665
724 1847
725 962
725 1676
727 755
728 790
728 977
729 867
729 871
730 965
730 1019
732 745
732 1654
732 1855
733 1536
734 1708
735 1499
735 1895
736 1922
737 875
737 1273
738 788
739 1586
739 1729
740 1144
741 975
742 797
743 1510
743 1834
744 889
744 1371
745 1035
746 1277
750 1313
750 1392
752 1616
752 1717
753 999
754 1916
755 1467
755 1884
756 1159
756 1705
756 1935
757 1799
761 1576
762 1039
764 1452
765 1184
767 1074
767 1690
768 1898
768 2000
769 1155
770 1311
771 1747
772 776
772 1039
774 1150
774 1583
776 864
776 1245
776 1389
776 1833
777 1671
781 865
781 1379
781 1656
782 1709
783 1177
783 1658
784 929
784 1068
784 1998
786 790
786 1485
786 1937
788 1364
788 1644
788 1860
791 1037
792 921
792 1616
792 1918
793 1667
793 1971
794 1532
794 1702
795 1981
796 1419
796 1514
796 1671
797 1464
798 1754
803 1118
803 1194
804 1727
807 1187
807 1647
808 1704
808 1821
808 1868
808 1944
809 906
811 1022
811 1692
815 1047
815 1255
815 1464
815 1754
815 1800
818 888
818 1010
818 1084
819 1353
820 1169
821 971
822 1031
822 1526
824 1023
825 1668
825 1891
826 1619
826 1676
829 1705
830 1436
831 1329
831 1425
831 1727
831 1754
832 1610
833 884
834 1443
835 869
835 1572
836 1593
836 1807
839 1975
840 931
841 1177
841 1199
841 1786
842 1612
843 1738
844 867
845 1140
845 1228
846 1231
847 1411
848 908
848 1727
849 914
850 1230
850 1918
851 1999
852 971
856 1490
856 1799
857 1025
858 1983
859 1005
860 1533
860 1605
863 1080
864 1088
866 1014
867 949
867 1345
867 1603
868 1549
869 1823
872 1828
872 1833
874 1220
874 1956
877 1103
879 1057
879 1414
879 1525
879 1943
881 1768
882 1625
882 1710
884 1092
884 1155
885 1389
886 1069
886 1411
887 1167
889 1618
889 1646
890 1521
891 958
892 909
893 1129
893 1385
894 1427
896 925
896 1812
897 1035
897 1325
897 1752
899 900
901 988
902 1755
903 1736
903 1771
907 995
907 1529
908 1183
909 940
910 1515
910 1825
915 1399
916 1321
917 1031
917 1313
917 1422
918 1891
919 1862
922 1427
922 1878
923 1499
923 1746
923 1994
924 1405
924 1536
925 959
926 1454
927 1200
929 1410
930 1595
930 1994
932 1667
934 1229
934 1428
936 1208
936 1337
937 1329
940 1424
940 1982
942 1775
943 1432
944 1994
945 1674
945 1925
946 1335
946 1373
948 1179
949 1884
950 1129
950 1549
951 1662
951 1818
957 1424
957 1735
957 1813
958 1542
958 1856
960 1579
960 1904
961 1526
963 1775
964 1031
964 1216
964 1280
964 1811
965 1809
966 990
966 1051
966 1641
966 1983
967 1441
967 1719
968 1142
969 1650
970 1109
970 1542
972 1154
972 1351
972 1389
975 1208
975 1845
976 1530
977 1810
978 1573
979 1688
980 1737
982 1000
983 1241
983 1926
984 1098
984 1905
986 1387
986 1590
986 1636
986 1876
990 1878
991 1034
992 1242
992 1579
993 1835
993 1912
996 1597
996 1730
999 1280
1001 1214
1001 1666
1002 1234
1004 1043
1005 1663
1006 1961
1007 1432
1009 1453
1009 1877
1009 1903
1010 1516
1012 1650
1015 1068
1015 1112
1015 1577
1015 1753
1016 1242
1017 1030
1017 1174
1017 1691
1018 1834
1018 1972
1020 1140
1020 1796
1023 1085
1024 1403
1025 1129
1025 1157
1027 1714
1029 1175
1030 1195
1030 1484
1030 1737
1034 1652
1035 1622
1036 1594
1036 1615
1037 1192
1038 1403
1038 1734
1039 1188
1039 1275
1040 1627
1040 1867
1041 1180
1041 1745
1041 1964
1041 1979
1042 1902
1043 1459
1043 1757
1045 1556
1046 1050
1047 1783
1048 1059
1048 1384
1048 1433
1048 1719
1049 1203
1051 1912
1051 1952
1052 1587
1053 1431
1053 1540
1056 1960
1057 1825
1058 1587
1060 1836
1062 1928
1064 1277
1064 1329
1064 1866
1064 1993
1066 1855
1069 1184
1071 1742
1072 1871
1074 1429
1075 1625
1075 1832
1076 1093
1076 1868
1080 1986
1082 1644
1083 1254
1083 1255
1083 1850
1088 1454
1089 1650
1089 1677
1091 1234
1092 1139
1093 1676
1096 1156
1096 1646
1097 1241
1098 1770
1098 1801
1099 1150
1099 1833
1102 1282
1104 1528
1105 1545
1105 1870
1106 1525
1108 1356
1108 1419
1108 1888
1112 1754
1115 1157
1115 1192
1116 1785
1117 1146
1117 1154
1118 1192
1118 1469
1119 1802
1125 1418
1125 1909
1125 1942
1127 1323
1127 1747
1128 1249
1129 1834
1131 1231
1132 1176
1132 1930
1133 1192
1133 1397
1136 1388
1137 1347
1139 1806
1141 1946
1142 1570
1142 1976
1144 1846
1148 1624
1150 1525
1151 1198
1152 1998
1154 1471
1155 1313
1155 1792
1157 1906
1158 1627
1158 1893
1160 1243
1160 1455
1160 1534
1161 1454
1161 1608
1162 1174
1165 1254
1165 1488
1165 1663
1165 2000
1166 1967
1168 1605
1168 1965
1171 1694
1175 1217
1176 1969
1178 1648
1180 1974
1181 1296
1181 1395
1182 1594
1183 1778
1184 1768
1190 1382
1191 1617
1191 1773
1192 1345
1193 1938
1195 1883
1197 1390
1197 1654
1201 1503
1202 1687
1203 1282
1204 1989
1205 1292
1205 1415
1206 1250
1206 1868
1209 1716
1210 1316
1211 1788
1213 1598
1214 1598
1214 1947
1216 1225
1216 1958
1217 1882
1218 1349
1219 1725
1219 1985
1220 1921
1223 1839
1225 1305
1226 1410
1228 1272
1231 1481
1231 1809
1232 1428
1233 1995
1235 1732
1236 1548
1237 1712
1237 1954
1242 1707
1243 1563
1243 1743
1248 1834
1249 1592
1249 1935
1250 1586
1252 1576
1253 1579
1253 1666
1256 1573
1257 1336
1258 1340
1258 1605
1261 1384
1263 1284
1263 1507
1263 1644
1265 1383
1265 1870
1267 1383
1267 1618
1270 1842
1279 1408
1288 1367
1288 1618
1288 1948
1289 1329
1290 1649
1292 1704
1293 1455
1294 1322
1296 1829
1299 1677
1300 1893
1301 1741
1302 1704
1302 1977
1305 1577
1307 1696
1307 1958
1308 1830
1308 1852
1312 1783
1315 1390
1318 1404
1318 1566
1319 1526
1319 1906
1324 1702
1325 1445
1325 1970
1326 1862
1328 1641
1331 1456
1331 1917
1334 1408
1335 1809
1336 1541
1336 1618
1337 1605
1337 1632
1337 1775
1337 1855
1339 1370
1340 1743
1340 1989
1340 1990
1341 1660
1342 1508
1344 1972
1345 1406
1347 1611
1349 1580
1350 1964
1352 1654
1356 1420
1356 1881
1359 1698
1359 1995
1363 1503
1365 1535
1365 1642
1367 1609
1372 1440
1372 1802
1372 1939
1374 1788
1375 1483
1377 1433
1378 1835
1381 1731
1389 1601
1391 1544
1393 1793
1396 1640
1399 1678
1399 1772
1401 1918
1403 1928
1405 1580
1407 1921
1410 1533
1410 1665
1412 1562
1413 1453
1413 1984
1419 1627
1419 1690
1422 1495
1422 1983
1426 1597
1429 1853
1434 1859
1434 1904
1434 1913
1435 1697
1437 1936
1438 1906
1440 1594
1441 1867
1442 1704
1443 1714
1443 1783
1444 1857
1445 1999
1447 1701
1447 1783
1449 1959
1450 1592
1450 1606
1454 1998
1455 1637
1456 1746
1456 1930
1457 1673
1457 1772
1457 1892
1458 1893
1461 1981
1464 1867
1466 1943
1467 1932
1467 1966
1468 1895
1469 1945
1469 1953
1469 1982
1471 1764
1472 1933
1476 1541
1479 1992
1479 1998
1481 1561
1483 1748
1486 1661
1486 1953
1489 1629
1490 1851
1499 1974
1500 1818
1504 1524
1504 1781
1505 1951
1507 1671
1507 1992
1513 1994
1521 1865
1522 1685
1522 1942
1528 1759
1528 1901
1529 1747
1531 1603
1537 1586
1537 1604
1537 1802
1541 1637
1541 1696
1541 1832
1542 1574
1544 1753
1553 1911
1558 1596
1560 1654
1561 1597
1565 1823
1569 1864
1574 1666
1575 1774
1579 1715
1580 1865
1581 1813
1585 1776
1586 1799
1587 1685
1587 1848
1588 1823
1588 1878
1593 1784
1593 1880
1594 1924
1595 1871
1598 1707
1611 1944
1613 1896
1618 1633
1618 1758
1620 1835
1628 1888
1629 1768
1632 1888
1637 1876
1638 1681
1639 1963
1646 1889
1649 1938
1655 1903
1657 1883
1661 1726
1663 1938
1663 1969
1667 1990
1667 1998
1674 1878
1680 1976
1686 1883
1686 1973
1689 1924
1691 1711
1695 1924
1696 1736
1703 1771
1707 1824
1707 1997
1708 1752
1711 1812
1712 1908
1712 2000
1717 1820
1727 1822
1736 1883
1736 1990
1738 1829
1739 1743
1744 1877
1755 1862
1756 1789
1761 1904
1768 1816
1769 1938
1770 1997
1772 1883
1774 1820
1776 1857
1791 1827
1803 1829
1804 1968
1807 1925
1816 1846
1817 1818
1819 1939
1825 1888
1834 1967
1837 1888
1838 1844
1846 1891
1848 1894
1853 1950
1859 1954
1862 1973
1865 1980
1871 1902
1872 1976
1877 1897
1911 1946
1965 1995
1979 1981