2000
3 247
5 620
10 845
16 1143
18 219
23 1094
26 1215
30 343
31 612
34 366
36 1666
37 831
37 852
40 991
45 1328
47 1028
53 212
54 758
55 78
59 251
63 1805
65 247
65 608
65 1173
70 689
71 367
72 1377
73 1469
73 1912
74 1467
76 499
76 1669
76 1881
80 963
84 152
84 434
94 1125
95 1419
103 108
109 1104
113 522
114 1887
117 651
117 1062
118 446
120 853
122 1927
125 1185
126 481
127 222
129 609
130 1054
138 1279
142 1244
143 1623
144 1152
147 1083
155 386
156 1045
159 1018
162 1910
165 423
168 1592
177 383
178 611
179 1155
184 1264
186 423
187 766
192 534
192 1485
193 277
198 1326
199 1225
203 1272
206 214
206 1309
211 430
215 1922
219 1713
220 1353
224 1850
227 1520
227 1968
228 566
233 1417
236 1334
238 300
238 1336
240 929
241 765
242 839
243 338
244 1064
246 1595
247 1734
248 500
250 1006
252 863
253 1457
253 1671
254 1983
256 1066
257 1517
262 313
262 942
266 1453
276 307
278 1023
281 651
284 747
287 675
295 907
297 1484
298 1374
301 946
310 990
312 1861
315 1949
316 466
320 672
323 1366
323 1602
324 1304
328 769
329 1830
331 1498
348 1268
348 1841
353 401
353 1712
354 1083
354 1982
357 1327
358 1130
360 1361
362 712
363 536
364 1016
366 1871
371 1441
375 1241
380 1151
380 1760
387 1796
390 798
392 589
392 1342
396 1543
399 1664
402 511
403 637
408 1757
408 1850
410 853
411 493
413 1500
416 1382
418 538
421 428
421 1887
430 1390
430 1451
431 1012
434 844
436 1057
437 1832
440 869
442 957
448 1042
450 780
452 1230
452 1499
452 1784
461 1133
472 1930
473 1981
476 995
477 1912
479 1504
479 1947
480 1286
482 1971
487 1329
493 1358
499 1875
506 923
507 1805
509 895
511 564
513 692
522 1818
523 1459
526 729
526 1980
530 1776
534 880
537 1489
540 1016
540 1775
541 1170
544 868
551 643
564 1077
565 1569
566 1760
568 1594
575 1322
576 746
578 1186
578 1199
581 1725
583 1029
585 1732
603 650
607 971
609 679
613 976
630 982
633 1736
634 1871
637 1376
655 1280
659 1550
663 854
667 792
674 890
674 1944
676 1105
676 1692
679 1310
681 1042
682 1179
684 1813
687 1688
694 1463
699 1287
705 817
707 1382
710 1508
710 1976
712 1176
715 1113
721 834
722 1643
724 1705
727 1166
731 831
731 1201
742 1371
744 1049
755 892
756 1578
766 768
769 1333
770 967
770 1659
771 1911
772 1129
774 1905
775 958
782 1300
786 1104
791 1876
799 1760
799 1790
800 902
808 1810
813 1323
814 949
816 1148
823 1908
824 1308
825 1082
827 1399
830 866
832 1949
833 1484
834 941
834 1596
843 1565
845 1201
846 1006
852 1277
858 1563
863 1828
875 1833
877 1282
892 1474
896 1174
898 919
909 1780
911 1105
912 1587
921 1434
936 1381
948 1341
950 1489
953 1006
953 1371
953 1661
957 1083
958 1475
959 1267
971 1755
982 1260
985 1356
987 1760
989 1676
993 1910
994 1172
1003 1171
1004 1154
1006 1665
1007 1172
1007 1656
1012 1338
1043 1397
1048 1321
1062 1503
1080 1247
1082 1137
1083 1240
1086 1779
1094 1172
1103 1152
1104 1766
1106 1191
1111 1160
1112 1925
1116 1154
1118 1606
1121 1164
1140 1521
1144 1724
1146 1234
1152 1615
1156 1322
1168 1680
1174 1219
1178 1561
1192 1903
1203 1604
1205 1580
1214 1352
1214 1867
1220 1775
1222 1637
1228 1667
1231 1495
1236 1435
1236 1493
1253 1984
1254 1536
1254 1559
1258 1366
1258 1372
1265 1812
1283 1479
1284 1572
1307 1499
1310 1362
1311 1319
1321 1334
1322 1577
1324 1372
1325 1742
1327 1489
1331 1872
1333 1889
1334 1774
1337 1493
1339 1836
1341 1674
1343 1558
1344 1634
1359 1440
1379 1600
1381 1634
1391 1895
1393 1686
1393 1801
1395 1716
1411 1910
1415 1437
1420 1904
1443 1777
1445 1485
1445 1606
1449 1760
1466 1530
1493 1820
1495 1994
1501 1826
1525 1639
1542 1564
1553 1893
1563 1782
1565 1760
1571 1642
1574 1894
1578 1947
1580 1669
1584 1959
1586 1989
1589 1862
1616 1798
1632 1976
1664 1885
1731 1835
1734 1989
1737 1745
1756 1966
1829 1984
1841 1891
1852 1973
1877 1994