2000
1 299
1 405
1 644
1 725
1 729
1 828
1 1087
1 1607
2 35
2 376
2 687
2 890
2 1053
2 1160
2 1175
2 1216
2 1386
2 1656
3 80
3 113
3 252
3 513
3 900
3 1029
3 1060
3 1091
3 1178
3 1221
3 1235
3 1331
4 143
4 145
4 202
4 434
4 947
4 1095
4 1416
5 264
5 1415
6 103
6 198
6 328
6 395
6 565
6 660
6 669
6 929
6 1004
6 1015
6 1323
6 1934
7 402
7 453
7 589
7 852
7 1137
7 1756
8 448
8 463
8 1088
8 1253
8 1280
8 1470
8 1655
8 1822
9 34
9 256
9 585
9 985
9 1061
9 1109
9 1146
9 1166
9 1343
9 1619
9 1856
10 218
10 453
10 776
10 1467
10 1520
10 1707
10 1809
10 1881
11 182
11 437
11 510
11 901
11 1042
11 1082
11 1545
11 1831
11 1908
12 49
12 309
12 374
12 411
12 1035
12 1202
12 1382
12 1548
12 1663
13 213
13 452
13 600
13 969
13 1062
13 1385
13 1552
14 116
14 886
14 1067
14 1084
14 1374
14 1505
14 1700
14 1796
14 1831
15 132
15 178
15 309
15 463
15 667
15 968
15 1129
15 1228
15 1904
15 1994
16 30
16 446
16 693
16 914
16 1491
16 1514
16 1612
16 1958
17 458
17 694
17 884
17 967
17 1541
18 151
18 248
18 255
18 286
18 343
18 356
18 514
18 568
18 768
18 850
18 1386
19 54
19 257
19 687
19 884
19 1120
19 1382
19 1527
19 1960
19 1968
20 596
20 723
20 1311
20 1402
20 1668
20 1750
20 1876
21 490
21 927
21 1065
21 1221
21 1227
21 1795
21 1807
22 162
22 163
22 182
22 288
22 1106
22 1288
22 1298
22 1481
23 178
23 287
23 550
23 638
23 817
23 1704
24 348
24 580
24 1297
24 1411
24 1432
24 1566
24 1696
24 1751
24 1994
25 93
25 309
25 624
25 848
25 1225
25 1359
25 1533
26 40
26 193
26 225
26 605
26 905
26 1229
26 1369
26 1556
26 1775
26 1851
26 1967
27 318
27 826
27 882
27 891
27 974
27 1073
27 1155
27 1826
28 468
28 555
28 1205
28 1351
28 1410
28 1466
28 1502
29 299
29 658
29 1139
29 1329
29 1394
29 1540
29 1570
29 1637
29 1694
29 1726
29 1740
29 1810
30 248
30 337
30 379
30 486
30 498
30 654
30 720
30 1047
30 1093
30 1192
30 1296
30 1378
30 1675
31 77
31 332
31 568
31 675
31 980
31 1026
31 1220
31 1298
31 1397
31 1451
31 1803
32 119
32 137
32 279
32 348
32 442
32 486
32 663
32 1085
32 1375
32 1715
32 1808
33 166
33 839
33 1156
33 1410
33 1695
33 1962
34 157
34 528
34 535
34 913
34 915
34 1181
34 1202
34 1246
34 1405
34 1784
35 336
35 587
35 1271
35 1370
35 1432
35 1532
35 1649
35 1673
35 1745
35 1850
35 1888
35 1904
36 306
36 435
36 495
36 1004
36 1136
36 1709
36 1941
37 151
37 335
37 431
37 915
38 264
38 371
38 850
38 893
38 902
38 1239
38 1484
38 1489
38 1925
39 309
39 326
39 588
39 1126
39 1298
39 1581
39 1887
39 1949
39 1997
40 1608
40 1609
40 1669
40 1828
41 1124
41 1141
41 1383
41 1512
41 1521
41 1563
41 1704
42 85
42 190
42 285
42 286
42 368
42 877
42 878
42 909
42 986
42 1081
42 1909
43 172
43 257
43 923
43 1006
43 1033
43 1137
43 1407
43 1465
44 75
44 167
44 207
44 516
44 663
44 719
44 812
44 1080
44 1510
44 1880
45 237
45 316
45 520
45 733
45 1258
45 1411
45 1420
45 1954
46 67
46 454
46 1099
46 1711
46 1845
46 1889
47 336
47 437
47 503
47 511
47 536
47 560
47 618
47 955
47 1138
47 1330
48 367
48 466
48 574
48 672
48 891
48 912
48 1087
48 1709
48 1729
48 1763
49 342
49 479
49 581
49 767
49 780
49 1392
49 1460
50 204
50 274
50 286
50 980
50 1551
51 798
51 894
51 992
51 1251
51 1437
51 1533
51 1698
51 1800
52 229
52 319
52 611
52 769
52 1108
52 1392
52 1549
52 1795
53 263
53 343
53 465
53 662
53 827
53 908
53 916
53 1045
53 1164
53 1947
54 363
54 422
54 584
54 1162
54 1166
54 1266
54 1690
55 117
55 131
55 517
55 566
55 650
55 806
55 993
55 1357
55 1475
55 1695
55 1799
55 1815
55 1932
56 79
56 153
56 158
56 247
56 984
56 1631
57 129
57 353
57 412
57 569
57 924
57 1251
57 1398
57 1641
57 1666
57 1965
58 252
58 542
58 550
58 763
58 780
58 1010
58 1199
58 1502
58 1835
58 1871
58 1892
59 208
59 337
59 466
59 981
59 1558
59 1616
59 1671
59 1975
60 61
60 818
60 850
60 1147
60 1195
60 1217
60 1898
60 1938
61 72
61 112
61 969
61 1699
61 1738
61 1909
62 157
62 286
62 794
62 967
62 997
62 1127
62 1132
62 1148
62 1197
62 1322
63 93
63 122
63 197
63 321
63 725
63 894
63 1004
63 1099
63 1204
63 1527
63 1580
63 1589
64 179
64 200
64 720
64 728
64 946
64 961
64 995
64 1056
64 1193
64 1206
64 1248
64 1771
64 1944
64 1961
65 166
65 403
65 467
65 1433
65 1665
65 1862
65 1956
66 359
66 747
66 946
66 960
66 1017
66 1173
66 1667
66 1678
66 1846
66 1949
67 86
67 235
67 373
67 940
67 1394
67 1559
67 1715
68 488
68 499
68 1068
68 1093
68 1165
68 1629
68 1959
69 417
69 840
69 972
69 1071
69 1099
69 1130
69 1234
69 1627
69 1692
69 1894
70 186
70 339
70 536
70 547
70 867
70 1619
70 1929
71 754
71 1382
71 1648
71 1653
72 599
72 621
72 642
72 651
72 1200
72 1223
72 1486
72 1647
72 1856
72 1916
73 623
73 1198
73 1351
73 1574
73 1610
73 1653
73 1736
74 124
74 440
74 506
74 581
74 1615
75 201
75 527
75 674
75 725
75 786
75 926
75 998
75 1323
76 82
76 436
76 908
76 1133
76 1145
76 1852
76 1903
76 1916
76 1921
77 419
77 672
77 737
77 909
77 1056
77 1366
77 1810
77 1825
77 1959
77 1976
78 156
78 170
78 222
78 437
78 902
78 1287
78 1526
79 236
79 638
79 699
79 774
79 967
79 1027
79 1341
79 1450
79 1530
79 1624
79 1919
80 84
80 461
80 569
80 606
80 788
80 863
80 905
80 1134
80 1255
80 1269
80 1437
80 1535
80 1647
80 1674
81 444
81 1359
81 1373
81 1653
81 1893
82 1065
82 1755
82 1878
82 1896
83 163
83 412
83 561
83 641
83 645
83 863
83 1268
83 1592
83 1726
84 396
84 545
84 1177
84 1209
84 1303
84 1420
84 1631
84 1665
84 1775
85 238
85 470
85 609
85 874
85 975
85 1011
85 1047
85 1393
85 1626
85 1955
86 294
86 576
86 923
86 1118
86 1203
86 1396
86 1424
86 1907
87 97
87 456
87 485
87 650
87 683
87 954
87 1041
87 1062
87 1325
87 1465
87 1677
88 806
88 1087
88 1255
88 1313
88 1621
88 1781
89 180
89 393
89 581
89 896
89 969
89 1389
90 155
90 172
90 184
90 280
90 387
90 397
90 432
90 608
90 1273
90 1379
90 1569
90 1724
90 1831
90 1846
90 1931
91 385
91 526
91 868
91 1005
91 1253
91 1614
91 1618
91 1701
92 146
92 525
92 548
92 723
92 1283
92 1585
92 1639
92 1854
92 1859
93 151
93 296
93 342
93 431
93 1275
93 1607
93 1666
93 1875
94 146
94 547
94 891
94 962
94 1177
94 1666
94 1913
94 1942
95 126
95 511
95 886
95 1374
95 1375
95 1763
96 677
96 743
96 966
96 1057
96 1284
96 1599
96 1732
96 1963
97 509
97 511
97 707
97 1048
97 1056
97 1516
97 1598
97 1854
98 126
98 507
98 749
98 1143
98 1144
98 1524
98 1551
98 1565
99 160
99 1177
99 1364
99 1821
99 1915
99 1970
100 264
100 313
100 696
100 981
100 1029
100 1140
100 1168
100 1372
100 1536
100 1810
100 1875
101 215
101 422
101 424
101 461
101 1072
101 1370
101 1510
101 1722
102 103
102 448
102 693
102 1057
102 1060
102 1106
102 1256
102 1361
102 1552
102 1854
103 263
103 417
103 541
103 642
103 690
103 909
103 1072
103 1535
103 1637
103 1892
103 1910
103 1979
104 524
104 797
104 896
104 909
104 1049
104 1070
104 1339
104 1598
105 481
105 579
105 780
105 830
105 957
105 1395
105 1770
106 117
106 559
106 769
106 828
106 1436
106 1573
107 317
107 545
107 559
107 1635
107 1810
107 1952
108 110
108 174
108 444
108 949
108 961
108 964
108 1088
108 1205
108 1220
108 1515
108 1964
109 235
109 361
109 596
109 1537
109 1953
110 118
110 1002
110 1140
110 1935
110 1944
110 1969
111 156
111 206
111 211
111 1202
111 1288
111 1306
111 1414
111 1483
112 623
112 673
112 775
112 1134
112 1367
112 1505
112 1952
113 586
113 707
113 1138
113 1193
113 1499
113 1580
113 1988
114 759
114 810
114 958
114 1055
114 1110
114 1166
114 1335
115 244
115 289
115 290
115 352
115 375
115 1241
115 1498
115 1672
116 187
116 280
116 592
116 967
116 1254
116 1339
116 1471
116 1660
116 1668
116 1727
117 1185
117 1245
117 1407
117 1757
117 1897
117 1985
118 602
118 634
118 837
118 1201
118 1209
118 1552
118 1641
118 1812
118 1916
119 357
119 428
119 622
119 777
119 901
119 1022
119 1206
119 1566
119 1871
120 139
120 175
120 274
120 570
120 599
120 672
120 991
120 1333
120 1622
120 1644
120 1969
121 618
121 1476
121 1480
121 1754
122 259
122 274
122 318
122 759
122 908
122 1082
122 1293
122 1791
122 1861
122 1884
123 738
123 859
123 878
123 902
123 954
123 1007
123 1020
123 1397
123 1418
123 1503
123 1595
123 1761
124 315
124 353
124 532
124 785
124 899
124 967
124 1485
124 1756
124 1816
124 1857
125 147
125 389
125 496
125 965
125 1058
125 1380
125 1801
125 1942
125 1945
126 254
126 801
126 946
126 1073
126 1323
126 1368
127 320
127 544
127 1165
127 1201
127 1337
128 343
128 1025
128 1290
128 1479
128 1514
128 1728
129 490
129 510
129 571
129 790
129 795
129 822
129 1003
129 1646
129 1661
129 1703
129 1994
130 676
130 1121
130 1473
130 1689
130 1749
130 1774
131 231
131 884
131 912
131 1016
131 1113
131 1122
131 1194
131 1280
131 1462
131 1655
131 1962
132 642
132 1546
132 1548
132 1606
132 1625
133 223
133 286
133 507
133 539
133 779
133 881
133 1065
133 1093
133 1112
133 1186
133 1488
133 1541
133 1594
134 444
134 1169
134 1227
134 1739
135 547
135 572
135 598
135 848
135 1561
135 1874
136 138
136 398
136 593
136 619
136 1593
136 1645
136 1790
136 1947
137 290
137 678
137 1086
137 1114
137 1328
137 1654
137 1945
138 287
138 751
138 776
138 864
138 1037
138 1093
138 1438
138 1685
139 294
139 751
139 1117
139 1140
140 232
140 501
140 601
140 797
140 1043
140 1391
140 1736
141 165
141 770
141 860
141 911
141 1551
141 1651
141 1790
141 1799
141 1888
142 165
142 340
142 477
142 553
142 744
142 947
142 999
142 1012
142 1296
142 1701
142 1778
142 1885
143 224
143 1365
143 1454
143 1996
144 246
144 292
144 307
144 658
144 754
144 1007
144 1451
144 1606
144 1779
144 1784
144 1786
145 218
145 414
145 511
145 545
145 1006
145 1047
145 1260
145 1454
145 1515
146 661
146 672
146 681
146 732
146 1000
146 1292
146 1870
146 1900
147 291
147 596
147 1041
147 1354
147 1534
147 1538
147 1795
147 1970
148 273
148 352
148 529
148 602
148 645
148 832
148 850
148 1112
148 1558
148 1593
148 1608
148 1789
149 407
149 670
149 899
149 900
149 1049
149 1225
149 1693
149 1702
149 1974
149 1980
150 203
150 302
150 358
150 463
150 668
150 1016
150 1123
150 1290
150 1354
150 1438
150 1978
150 1992
151 271
151 401
151 539
151 597
151 729
151 818
151 1035
151 1115
151 1610
151 1747
152 388
152 389
152 511
152 637
152 743
152 856
152 1397
152 1471
152 1683
152 1688
152 1965
153 275
153 301
153 331
153 625
153 876
153 1091
153 1403
153 1427
153 1521
153 1791
153 1800
154 879
154 1054
154 1798
154 1947
155 331
155 360
155 437
155 836
155 1045
155 1093
155 1337
155 1598
155 1599
155 1894
156 280
156 285
156 339
156 463
156 698
156 699
156 757
156 1310
156 1331
156 1665
156 1782
156 1872
157 174
157 405
157 452
157 911
157 1420
157 1513
157 1807
157 1872
157 1962
158 172
158 599
158 780
158 789
158 1069
158 1160
158 1225
158 1602
158 1922
158 1993
159 210
159 330
159 965
159 1176
159 1259
159 1825
160 639
160 654
160 807
160 1127
160 1159
160 1237
160 1701
161 602
161 615
161 1039
161 1852
162 259
162 312
162 422
162 596
162 1067
162 1622
162 1765
163 342
163 671
163 1026
163 1082
163 1555
163 1660
163 1668
164 288
164 292
164 314
164 395
164 637
164 986
164 1001
164 1035
164 1087
164 1754
164 1927
165 213
165 513
165 589
165 652
165 891
165 900
165 1187
165 1611
166 470
166 614
166 799
166 1028
166 1124
166 1542
166 1645
166 1967
167 430
167 661
167 837
167 905
167 1048
167 1156
167 1261
167 1548
167 1615
167 1839
168 180
168 227
168 517
168 566
168 963
168 1062
168 1655
168 1909
168 1991
169 915
169 1350
169 1466
169 1753
169 1852
170 196
170 684
170 760
170 1032
170 1180
170 1475
170 1731
170 1741
170 1942
171 597
171 847
171 1029
171 1190
171 1777
171 1873
171 1931
172 322
172 524
172 744
172 754
172 1097
172 1311
172 1946
173 217
173 823
173 1886
173 1983
173 1989
174 192
174 1090
174 1208
174 1317
174 1521
174 1829
175 326
175 434
175 531
175 589
175 1087
175 1136
175 1639
176 653
176 1012
176 1478
176 1659
176 1872
177 242
177 400
177 683
177 991
177 1018
177 1022
177 1153
177 1669
177 1865
178 755
178 880
178 1040
178 1192
178 1394
178 1580
179 376
179 1109
179 1392
179 1494
180 194
180 290
180 713
180 982
180 1105
180 1166
180 1234
180 1282
180 1662
180 1689
181 286
181 594
181 1093
181 1751
181 1882
182 455
182 549
182 630
182 1141
182 1203
182 1275
182 1858
183 714
183 772
183 1214
183 1318
183 1411
183 1556
183 1615
183 1783
183 1846
183 1878
184 250
184 312
184 516
184 737
184 981
184 1449
184 1566
184 1708
185 294
185 657
185 675
185 862
185 1093
185 1358
186 638
186 1084
186 1147
186 1259
186 1468
186 1559
186 1806
187 807
187 867
187 962
187 970
187 989
187 1101
187 1745
187 1831
188 491
188 696
188 944
188 1011
188 1188
189 627
189 866
189 899
189 976
189 1161
189 1315
189 1430
189 1458
189 1470
189 1499
189 1704
189 1871
190 391
190 832
190 857
190 1132
190 1514
190 1704
190 1907
190 1913
191 212
191 676
191 853
191 944
191 1131
191 1211
191 1235
191 1302
191 1629
192 470
192 1008
192 1012
192 1023
192 1411
192 1812
192 1910
193 625
193 660
193 922
193 1627
193 1779
194 417
194 848
194 916
194 1110
194 1427
195 249
195 359
195 599
195 650
195 653
195 874
195 890
195 926
195 1048
195 1770
195 1894
196 260
196 305
196 342
196 356
196 538
196 691
196 1736
196 1754
197 847
197 1407
197 1659
197 1680
197 1785
198 1026
198 1059
198 1130
198 1674
198 1889
199 571
199 834
199 1107
199 1120
199 1229
199 1259
200 215
200 368
200 919
200 1951
201 267
201 343
201 575
201 698
201 1132
201 1159
201 1175
201 1308
201 1404
201 1665
201 1886
201 1899
202 374
202 476
202 988
202 1082
202 1156
202 1764
202 1779
203 761
203 797
203 1118
203 1406
204 226
204 236
204 485
204 602
204 771
204 1535
204 1551
204 1577
204 1768
204 1811
204 1903
204 1925
205 798
205 930
205 1306
205 1910
205 1928
206 681
206 980
206 1653
206 1746
206 1748
207 268
207 419
207 569
207 727
207 739
207 875
207 1246
207 1670
207 1843
207 1931
208 282
208 489
208 508
208 560
208 1132
208 1327
208 1341
208 1793
209 295
209 523
209 610
209 645
209 1410
209 1432
209 1755
209 1879
210 235
210 385
210 411
210 569
210 570
210 643
210 826
210 1094
210 1110
210 1329
210 1343
210 1351
210 1482
210 1573
210 1789
210 1793
211 290
211 1431
211 1630
211 1959
212 852
212 1233
212 1278
212 1284
212 1952
213 302
213 512
213 633
213 712
213 1129
213 1265
213 1321
213 1450
213 1955
213 1986
214 277
214 311
214 422
214 719
214 737
214 763
214 964
214 1042
214 1165
214 1378
214 1942
214 1987
215 350
215 522
215 943
215 1034
215 1173
215 1390
215 1525
216 271
216 448
216 522
216 666
216 911
216 1250
216 1596
216 1708
216 1750
216 1767
216 1796
216 1854
216 1876
217 250
217 407
217 1079
217 1093
217 1664
217 1895
217 1951
217 1975
218 355
218 387
218 998
218 1081
218 1340
218 1488
218 1539
219 1010
219 1021
219 1024
219 1325
219 1508
219 1578
219 1644
219 1682
219 1997
220 387
220 419
220 444
220 1059
220 1309
220 1409
220 1457
221 392
221 1943
222 722
222 757
222 863
222 1136
222 1149
222 1184
222 1227
222 1544
223 606
223 649
223 917
223 1237
223 1247
223 1592
223 1712
223 1949
224 462
224 936
224 990
224 1348
224 1580
224 1863
225 252
225 306
225 1076
225 1380
226 372
226 519
226 1652
226 1718
227 609
227 679
227 920
227 1051
227 1556
227 1942
228 284
228 401
228 454
228 763
228 953
228 1046
228 1064
228 1236
228 1272
228 1501
228 1761
228 1886
229 653
229 882
229 1013
229 1356
229 1530
229 1598
229 1677
229 1820
229 1947
230 260
230 454
230 456
230 731
230 959
230 1062
230 1228
230 1241
230 1298
230 1708
230 1778
230 1889
231 270
231 674
231 982
231 1013
231 1130
231 1279
231 1654
231 1717
231 1952
232 371
232 673
232 1332
232 1337
233 393
233 408
233 1038
233 1134
233 1309
233 1410
234 263
234 518
234 654
234 1232
234 1388
234 1472
235 263
235 268
235 648
235 1093
235 1329
235 1917
236 547
236 1766
237 287
237 348
237 460
237 845
237 868
237 1331
237 1682
237 1797
238 329
238 1396
238 1532
238 1544
238 1567
238 1829
239 322
239 679
239 702
239 1587
239 1617
239 1709
239 1818
239 1957
240 482
240 585
240 1067
240 1180
241 340
241 551
241 1022
241 1125
241 1314
241 1661
242 425
242 439
242 466
242 844
242 1363
242 1740
242 1753
243 586
243 853
243 1048
244 773
244 1204
244 1358
244 1737
245 417
245 566
245 904
245 1061
245 1121
245 1142
245 1561
245 1588
245 1834
246 365
246 472
246 1529
246 1791
247 415
247 1842
248 261
248 657
248 714
248 818
248 895
248 1346
248 1514
248 1874
249 344
249 784
249 822
249 960
249 1120
249 1758
250 489
250 615
250 1070
250 1162
250 1448
250 1621
250 1681
250 1768
250 1816
251 361
251 500
251 990
251 1109
251 1449
251 1527
251 1605
251 1780
251 1823
252 264
252 508
252 556
252 599
252 621
252 659
252 663
252 864
252 910
252 913
252 965
252 1696
252 1787
253 423
253 547
253 627
253 700
253 779
253 815
253 897
253 1187
253 1483
254 284
254 782
254 787
254 825
254 953
254 1354
254 1407
254 1794
254 1839
255 1334
255 1409
255 1432
255 1495
255 1649
255 1850
255 1940
255 1970
256 334
256 393
256 576
256 594
256 637
256 688
256 873
256 1425
257 375
257 450
257 640
257 758
257 856
257 893
257 907
257 1035
257 1040
257 1232
258 714
258 888
258 923
258 1045
258 1453
258 1640
259 286
259 421
259 554
259 599
259 613
259 746
259 1169
259 1204
259 1242
259 1491
259 1621
259 1635
259 1748
260 355
260 567
260 743
260 899
260 1113
260 1492
260 1727
261 447
261 1099
261 1407
261 1419
261 1567
261 1650
261 1869
261 1885
262 568
262 1062
262 1689
262 1804
263 989
263 1129
263 1446
263 1581
263 1680
263 1807
263 1811
264 883
264 1079
265 301
265 303
265 396
265 551
265 623
265 857
265 893
265 1155
265 1288
265 1842
266 269
266 271
266 287
266 371
266 788
266 1162
266 1451
266 1852
266 1880
267 890
267 1137
267 1151
267 1274
267 1382
267 1497
267 1691
267 1840
267 1979
268 1138
268 1175
268 1249
268 1280
268 1350
268 1420
268 1564
269 688
269 690
269 752
269 889
269 1104
269 1797
270 458
270 533
270 578
270 666
270 868
270 934
270 1014
270 1162
270 1183
270 1503
270 1564
271 550
271 857
271 1063
271 1256
271 1603
271 1898
272 754
272 845
272 891
272 1358
272 1503
273 546
273 560
273 1751
273 1811
274 331
274 514
274 775
274 1152
274 1533
274 1725
274 1941
275 317
275 817
275 841
275 1041
275 1098
275 1414
275 1594
275 1639
276 504
276 640
276 870
276 1074
277 684
277 900
277 1370
277 1955
278 478
278 584
278 797
278 918
278 951
278 1038
278 1102
278 1174
278 1649
278 1772
278 1868
279 667
279 877
279 1053
279 1412
279 1598
279 1671
279 1795
279 1840
279 1842
280 670
280 989
280 1023
280 1074
280 1152
280 1335
280 1587
280 1592
280 1706
280 1837
280 1983
281 360
281 633
281 671
281 719
281 1349
281 1744
281 1878
282 979
282 1147
282 1460
282 1576
282 1648
282 1794
283 291
283 594
283 1026
283 1193
283 1354
283 1400
283 1457
284 393
284 397
284 853
284 1028
284 1095
285 653
285 1088
285 1203
285 1971
286 354
286 436
286 438
286 491
286 701
286 798
286 1348
286 1563
286 1569
286 1660
286 1739
286 1844
286 1905
287 359
287 605
287 744
287 1058
287 1148
287 1367
287 1862
288 950
288 1025
288 1369
288 1761
288 1835
289 293
289 422
289 558
289 1281
289 1546
289 1596
289 1759
289 1822
289 1839
290 501
290 740
290 854
290 889
290 940
290 956
290 964
290 1323
290 1357
290 1438
290 1792
290 1968
291 367
291 763
291 1307
291 1542
291 1580
291 1656
291 1983
292 303
292 482
292 576
292 721
292 1300
292 1781
293 514
293 561
293 833
293 896
293 1106
293 1314
293 1904
294 354
294 359
294 490
294 509
294 562
294 579
294 1354
294 1414
294 1926
295 356
295 1174
295 1374
295 1405
295 1571
295 1742
295 1805
296 429
296 686
296 763
296 974
296 975
296 1051
296 1216
296 1361
296 1401
297 416
297 774
297 1084
297 1188
297 1254
297 1430
297 1743
297 1935
298 367
298 584
298 628
298 928
298 1108
298 1145
298 1571
298 1592
299 830
299 1397
300 352
300 709
300 821
300 856
300 1158
300 1485
301 328
301 788
301 1681
301 1968
302 685
302 817
302 1021
302 1057
302 1594
302 1725
302 1731
303 528
303 1056
303 1275
303 1499
303 1626
304 382
304 533
304 767
304 921
304 978
304 1557
304 1583
304 1806
304 1854
305 541
305 711
305 786
305 1151
305 1172
305 1185
305 1433
305 1563
305 1565
305 1707
305 1749
306 819
306 1052
306 1294
306 1531
306 1703
306 1821
306 1925
306 1945
307 632
307 852
307 919
307 1179
307 1280
307 1309
307 1507
307 1508
307 1633
307 1849
307 1867
308 404
308 556
308 714
308 1055
308 1139
308 1356
308 1826
309 336
309 382
310 410
310 879
310 922
310 1022
310 1211
310 1391
310 1956
310 1978
311 346
311 635
311 645
311 658
311 837
311 870
311 981
311 1079
311 1262
311 1293
311 1635
311 1746
311 1909
311 1913
312 629
312 1399
312 1639
313 428
313 737
313 947
313 1094
313 1353
313 1603
313 1931
314 637
314 1051
314 1309
314 1817
314 1878
315 372
315 799
315 808
315 1018
315 1033
315 1205
315 1760
315 1832
316 622
316 1181
316 1380
316 1387
316 1516
316 1519
316 1596
316 1699
316 1913
316 1972
317 575
317 650
317 990
318 423
318 580
318 1061
318 1140
318 1183
318 1199
318 1298
319 496
319 642
319 1435
319 1952
320 834
320 1098
320 1143
320 1165
320 1170
320 1194
320 1346
320 1532
320 1563
321 565
321 783
321 1571
321 1698
321 1779
321 1927
322 510
322 926
322 1244
322 1379
322 1641
323 1157
323 1392
323 1436
323 1490
324 1451
324 1609
324 1773
325 570
325 572
325 818
325 1358
325 1408
325 1562
325 1778
326 810
326 1236
326 1444
326 1530
326 1758
327 499
327 587
327 624
327 902
327 1316
327 1550
327 1606
327 1685
327 1790
328 732
328 830
328 1097
328 1286
328 1555
328 1756
328 1798
329 580
329 1303
329 1542
330 434
330 465
330 601
330 702
330 1087
330 1370
330 1395
330 1417
330 1669
330 1693
331 403
331 412
331 961
331 1038
331 1085
331 1252
331 1273
331 1527
331 1531
332 346
332 1189
332 1333
332 1373
332 1501
332 1791
333 363
333 762
333 849
333 1329
333 1763
334 547
334 685
334 768
334 775
334 861
334 1324
334 1407
334 1420
334 1634
334 1810
335 505
335 1285
335 1421
335 1719
336 348
336 598
336 785
336 910
336 1056
336 1560
336 1663
336 1822
336 1845
336 1880
336 1883
336 1942
336 1952
336 1987
337 801
337 829
337 885
337 928
337 945
337 1656
337 1669
337 1683
337 1770
337 1814
338 505
338 566
338 711
338 740
338 752
338 777
338 1007
338 1157
338 1315
338 1498
338 1603
338 1711
338 1731
339 501
339 686
339 723
339 741
339 1041
339 1346
339 1527
339 1708
339 1823
340 455
340 658
340 729
340 906
340 999
340 1184
340 1404
340 1697
340 1758
340 1814
340 1874
340 1892
341 611
341 1155
341 1273
341 1633
342 574
342 628
342 894
343 469
343 487
343 686
343 975
343 989
343 990
343 1195
343 1515
343 1879
344 471
344 614
344 1219
344 1383
344 1511
345 1135
345 1862
345 1929
346 527
346 870
346 1104
346 1187
346 1211
346 1298
346 1897
347 476
347 639
347 686
347 853
347 1022
347 1101
347 1605
347 1737
348 614
348 692
348 896
348 927
348 1220
348 1232
348 1258
348 1298
348 1320
348 1608
348 1715
349 585
349 805
349 1237
349 1466
349 1681
349 1920
350 449
350 553
350 639
350 973
350 1565
350 1575
351 619
351 699
351 775
351 855
351 992
351 1001
351 1082
351 1149
351 1156
351 1202
352 394
352 779
352 1267
352 1331
352 1453
352 1454
352 1627
352 1834
353 463
353 502
353 1558
354 786
354 873
354 1277
355 373
355 382
355 491
355 623
355 686
355 952
355 1086
355 1135
355 1294
355 1472
355 1561
355 1729
355 1811
356 1036
356 1216
356 1934
356 1965
356 1975
356 1988
357 578
357 714
357 754
357 781
357 1790
357 1828
358 443
358 788
358 864
358 985
358 1175
358 1362
358 1433
358 1483
358 1562
358 1859
359 771
359 795
359 1049
359 1961
360 1155
360 1403
360 1632
360 1954
360 1991
361 416
361 1140
361 1878
362 420
362 806
362 822
362 874
362 1453
362 1472
362 1477
362 1558
362 1590
362 1707
363 529
363 766
363 937
363 1366
363 1442
363 1975
364 785
364 822
364 859
364 1734
365 1035
365 1268
365 1482
365 1537
365 1604
366 382
366 430
366 561
366 790
366 1276
366 1322
366 1392
366 1568
366 1704
366 1709
366 1903
366 1973
367 485
367 499
367 1005
367 1007
367 1432
367 1521
367 1800
367 1871
368 596
368 870
368 972
368 1133
368 1174
368 1498
368 1804
369 625
369 918
369 1307
369 1662
369 1907
370 938
370 1098
370 1394
370 1752
370 1792
370 1969
371 729
371 981
371 1439
371 1446
371 1616
371 1732
371 1903
372 661
372 1144
372 1210
372 1319
372 1575
372 1804
372 1837
372 1931
373 386
373 666
373 693
373 700
373 896
373 1228
373 1309
373 1618
373 1623
374 376
374 1446
374 1487
375 380
375 413
375 462
375 813
375 823
375 828
375 888
375 1167
375 1690
375 1837
376 402
376 515
376 977
376 1292
376 1315
376 1462
376 1637
376 1651
376 1770
376 1849
376 1859
376 1925
377 450
377 863
377 965
377 1152
377 1191
377 1230
377 1396
377 1446
377 1610
377 1959
378 481
378 672
378 678
378 1015
378 1240
378 1327
378 1391
378 1575
378 1659
378 1698
378 1864
379 467
379 571
379 648
379 930
379 1035
379 1071
379 1659
379 1671
379 1715
379 1899
379 1930
380 743
380 1055
380 1084
380 1682
381 595
381 741
381 939
381 1123
381 1437
381 1467
381 1554
381 1890
381 1941
381 1959
382 588
382 595
382 726
382 748
382 996
382 1687
382 1740
382 1767
382 1788
382 1927
382 1959
383 413
383 623
383 1276
383 1735
384 401
384 732
384 1042
384 1160
384 1829
385 483
385 645
385 1053
385 1274
385 1295
386 427
386 471
386 805
386 1187
386 1221
386 1307
386 1788
386 1895
387 396
387 419
387 726
387 857
387 1621
387 1710
387 1740
387 1861
387 1886
387 1924
388 565
388 848
388 941
388 1016
388 1365
388 1727
388 1904
389 771
389 923
389 943
389 1141
389 1426
389 1829
390 446
390 640
390 849
390 852
390 1351
390 1571
391 652
391 1034
391 1072
391 1322
391 1385
391 1492
391 1638
391 1851
392 429
392 494
392 614
392 902
392 974
392 986
392 1001
392 1254
392 1384
392 1385
392 1601
392 1650
392 1686
392 1770
392 1789
392 1922
393 514
393 613
393 752
393 1341
393 1599
393 1728
393 1820
393 1860
393 1900
393 1959
393 1995
394 476
394 562
394 1147
394 1445
394 1530
395 794
395 872
395 1089
395 1300
395 1342
395 1495
395 1518
395 1680
395 1949
396 464
396 760
396 843
396 975
396 1125
396 1156
396 1193
396 1291
397 508
397 770
397 862
397 1181
397 1250
397 1453
397 1806
398 457
398 837
398 988
398 998
398 1127
398 1249
398 1268
398 1453
398 1525
398 1538
399 617
399 1012
399 1251
399 1571
399 1755
400 767
400 1141
401 899
401 1585
402 546
402 760
402 1083
402 1242
402 1387
402 1575
402 1889
402 1981
403 679
403 925
403 1027
403 1225
403 1302
403 1323
403 1377
403 1541
403 1653
403 1773
404 548
404 978
404 1583
404 1624
405 536
405 570
405 765
405 799
405 1031
405 1260
405 1526
405 1580
405 1653
406 874
406 939
406 1003
406 1525
406 1628
407 602
407 663
407 869
407 885
407 1400
407 1888
408 812
408 883
408 1016
408 1357
408 1495
408 1700
408 1739
409 496
409 526
409 1501
409 1776
410 619
410 653
410 665
410 759
410 772
410 1194
410 1390
410 1515
410 1787
411 534
411 586
411 717
411 896
411 1004
411 1063
411 1147
411 1170
411 1190
411 1715
412 532
412 555
412 567
412 573
412 628
412 659
412 1099
412 1181
412 1770
412 1926
412 1959
412 1999
413 565
413 760
413 1096
413 1097
413 1117
413 1232
413 1294
414 734
414 911
414 1587
415 544
415 686
415 770
415 994
415 1065
415 1123
415 1157
415 1230
416 1053
416 1414
416 1485
416 1574
417 522
417 637
417 712
417 783
417 940
417 1266
417 1347
417 1434
417 1550
417 1626
417 1673
417 1712
418 568
418 787
418 994
418 1958
418 1960
418 1996
419 815
419 924
419 973
419 1030
419 1757
419 1908
420 834
420 931
420 1331
420 1614
421 770
421 1189
421 1442
421 1800
421 1835
422 499
422 765
422 1008
422 1341
422 1736
422 1760
422 1766
422 1852
422 1890
423 500
423 869
423 1267
423 1509
423 1581
423 1602
423 1735
423 1936
424 592
424 753
424 790
424 1060
424 1136
424 1427
424 1459
424 1491
424 1532
424 1572
425 712
425 719
425 1102
425 1487
425 1852
426 481
426 584
426 644
426 649
426 955
426 1375
426 1531
426 1556
426 1689
426 1710
426 1731
426 1810
427 446
427 623
427 1006
427 1322
427 1534
427 1609
428 566
428 808
428 1258
428 1558
429 439
429 985
429 1098
429 1772
429 1774
429 1995
430 510
430 550
430 643
430 847
430 865
430 1078
430 1266
430 1300
430 1328
430 1991
431 669
431 780
431 1011
431 1859
431 1979
432 448
432 1428
432 1485
433 546
433 667
433 715
433 787
433 924
433 1181
433 1201
433 1453
433 1517
433 1562
434 780
434 1693
434 1975
435 599
435 937
435 1381
435 1485
435 1497
435 1652
435 1739
435 1761
435 1832
436 483
436 542
436 816
436 1720
436 1859
437 600
437 613
437 719
437 766
437 772
437 1047
437 1230
437 1373
437 1537
437 1703
438 798
438 910
438 1075
438 1167
438 1215
438 1325
438 1387
438 1471
438 1562
438 1743
439 451
439 507
439 684
439 857
439 978
439 1110
439 1564
439 1991
440 870
440 914
440 1081
440 1278
440 1791
440 1878
441 493
441 604
441 629
441 810
441 1410
441 1447
441 1542
442 482
442 737
442 963
442 1158
442 1638
442 1670
442 1952
443 708
443 740
443 964
443 1032
443 1182
443 1317
443 1851
444 521
444 547
444 796
444 831
444 1073
444 1356
444 1402
444 1461
444 1654
445 460
445 762
445 835
445 915
445 937
445 1120
445 1186
445 1371
446 509
446 527
446 606
446 814
446 1502
446 1721
446 1760
446 1896
447 548
447 832
447 1135
447 1526
447 1590
447 1606
448 525
448 710
448 1048
448 1368
448 1880
448 1952
449 647
449 717
449 842
449 941
449 1172
449 1270
449 1323
449 1784
449 1788
450 510
450 743
450 1292
450 1958
451 826
451 961
451 1140
451 1244
451 1459
452 608
452 771
452 827
452 1040
452 1085
452 1591
452 1609
452 1723
452 1744
453 704
453 1181
453 1244
453 1658
453 1812
453 1878
453 1894
453 1990
454 657
454 755
454 828
454 870
454 939
454 1276
454 1526
454 1549
454 1956
454 1992
455 609
455 848
455 1374
455 1399
455 1595
455 1762
455 1779
455 1825
455 1920
455 1934
455 1946
456 617
456 705
456 881
456 1116
456 1348
456 1674
456 1715
456 1739
457 556
457 690
457 968
457 1158
457 1225
457 1285
457 1460
457 1703
457 1756
457 1852
458 731
458 1282
458 1297
458 1525
458 1529
458 1541
459 749
459 859
459 1228
459 1344
459 1473
459 1754
459 1807
460 467
460 840
460 988
460 1122
460 1212
460 1283
460 1338
460 1361
460 1412
460 1941
461 656
461 899
461 1369
461 1629
461 1828
461 1954
462 684
462 872
462 1115
462 1133
462 1187
462 1206
462 1430
462 1453
462 1796
462 1935
463 626
463 1104
463 1112
463 1145
463 1497
463 1723
464 899
464 1082
464 1211
464 1360
464 1414
464 1438
464 1445
464 1737
464 1806
465 528
465 712
465 836
465 1260
465 1308
465 1602
465 1632
466 682
466 847
466 1554
467 475
467 692
467 996
467 1474
467 1544
467 1751
467 1762
467 1795
467 1885
468 659
468 723
468 743
468 761
468 867
468 957
468 990
468 1186
468 1317
468 1707
469 909
469 1145
469 1325
469 1496
470 514
470 634
470 719
470 1161
470 1748
471 483
471 1317
471 1473
472 477
472 528
472 585
472 713
472 765
472 768
472 1033
472 1260
472 1315
472 1617
473 534
473 1704
473 1890
473 1971
474 610
474 1586
475 616
475 698
475 1816
476 660
476 783
476 1036
476 1055
476 1430
476 1915
476 1947
476 1948
476 1984
477 703
477 894
477 1048
477 1112
477 1601
478 511
478 753
478 967
478 977
478 1292
478 1522
479 542
479 676
479 694
479 798
479 1098
479 1726
479 1852
480 699
480 870
480 886
480 1192
480 1300
480 1684
480 1804
481 497
481 538
481 596
481 803
481 1398
481 1601
481 1783
481 1947
482 907
482 990
482 1336
482 1477
482 1644
482 1671
482 1946
483 597
483 934
483 1558
483 1799
483 1894
484 569
484 677
484 1090
484 1295
484 1602
484 1613
484 1686
484 1833
484 1909
485 880
485 1338
486 600
486 677
486 715
486 898
486 1264
486 1640
487 490
487 498
487 807
487 816
487 908
487 1005
487 1517
487 1606
487 1747
487 1861
488 861
488 888
488 1261
488 1870
489 595
489 792
489 980
489 1654
489 1784
489 1944
490 848
490 1290
490 1762
490 1863
491 597
491 691
491 718
491 907
491 1373
491 1405
491 1566
491 1622
491 1627
491 1657
491 1893
492 543
492 699
492 765
492 1190
492 1340
492 1997
493 615
493 796
493 1211
493 1329
493 1339
493 1517
493 1632
493 1709
493 1869
493 1895
494 838
494 889
494 939
494 1197
494 1453
494 1593
495 738
495 983
495 1022
495 1070
495 1285
495 1663
495 1855
496 664
496 866
496 1322
496 1669
496 1771
496 1951
497 508
497 984
497 1101
497 1511
497 1658
497 1830
497 1953
498 606
498 607
498 1045
498 1155
498 1488
498 1650
498 1812
498 1848
499 578
499 1768
499 1889
499 1896
500 805
500 931
500 1057
500 1629
501 949
501 1242
501 1418
501 1862
501 1925
501 1943
502 861
502 931
502 1543
502 1547
502 1690
503 554
503 1157
503 1225
503 1432
503 1441
503 1931
503 1994
504 689
504 854
504 940
504 1561
504 1646
504 1936
505 582
505 607
505 681
505 692
505 949
505 1003
505 1082
505 1159
505 1320
505 1359
505 1816
505 1991
506 527
506 726
506 833
506 1001
506 1277
506 1344
506 1379
506 1433
506 1503
506 1878
506 1935
507 606
507 784
507 916
507 981
507 1177
507 1245
507 1362
507 1412
507 1761
507 1846
507 1881
507 1930
507 1934
508 1124
508 1187
508 1266
508 1657
508 1678
508 1734
508 1969
509 1014
509 1119
509 1139
509 1442
509 1512
509 1741
510 651
510 1120
510 1189
510 1397
510 1478
510 1649
510 1655
510 1803
510 1965
511 653
511 841
511 1492
512 712
512 873
512 1134
512 1301
512 1409
513 853
513 891
513 895
513 998
513 1078
513 1173
513 1630
513 1868
514 849
514 857
514 940
514 1684
514 1703
515 668
515 751
515 801
515 1484
515 1966
515 1969
516 547
516 578
516 682
516 878
516 1434
517 646
517 669
517 1647
517 1707
517 1911
518 643
518 841
518 849
518 853
518 1020
518 1160
518 1192
518 1378
518 1383
518 1663
519 699
519 729
519 731
519 800
519 1072
519 1303
519 1388
519 1390
519 1475
519 1652
520 938
520 1252
520 1344
520 1392
520 1635
520 1668
520 1932
521 742
521 770
521 1090
521 1093
521 1246
522 601
522 864
522 1636
523 786
523 801
523 1040
523 1324
523 1482
523 1576
523 1635
523 1682
523 1834
523 1939
524 815
524 945
524 1055
524 1271
524 1398
524 1421
524 1670
525 539
525 845
525 1367
525 1770
525 1789
526 648
526 749
526 880
526 928
526 1132
526 1263
526 1818
527 676
527 1021
527 1045
527 1373
527 1397
527 1474
527 1572
527 1812
528 1150
528 1509
528 1548
528 1588
529 569
529 628
529 772
529 878
529 1258
529 1343
529 1466
529 1746
529 1760
530 665
530 810
530 921
530 1116
530 1124
530 1136
530 1139
530 1277
530 1354
530 1622
530 1931
530 1963
531 583
531 822
531 1666
532 721
532 856
532 1184
532 1294
532 1320
532 1334
532 1356
532 1532
532 1619
532 1916
533 633
533 762
533 943
533 1092
533 1239
533 1434
533 1440
533 1611
534 790
534 820
534 861
534 1318
534 1716
534 1983
535 802
535 848
535 1147
535 1459
535 1471
535 1495
536 767
536 996
536 1325
536 1382
536 1948
537 657
537 858
537 1211
537 1704
537 1746
537 1884
537 1911
537 1988
538 624
538 915
538 969
538 1017
538 1170
538 1296
538 1354
538 1529
538 1561
538 1682
538 1759
538 1860
539 855
539 933
539 1083
539 1108
539 1119
539 1129
539 1571
539 1904
539 1968
540 575
540 628
540 635
540 760
540 924
540 1241
540 1602
540 1719
540 1933
541 766
541 902
541 915
541 1011
541 1029
541 1417
541 1729
541 1817
541 1919
542 750
542 804
542 859
542 895
542 1381
542 1396
542 1406
542 1659
543 946
543 1176
543 1250
543 1306
543 1599
543 1709
543 1764
543 2000
544 933
544 1351
544 1509
544 1680
545 934
545 1301
545 1501
545 1833
545 1844
546 620
546 633
546 832
546 1509
546 1523
547 568
547 683
547 706
547 744
547 1176
547 1608
547 1727
547 1786
548 1202
548 1238
548 1391
548 1737
548 1886
549 809
549 1091
549 1126
549 1581
549 1894
549 1927
550 840
550 1309
550 1323
550 1534
550 1577
550 1837
550 1869
551 557
551 819
551 951
551 1300
551 1479
551 1593
551 1804
551 1984
552 1522
552 1563
552 1869
553 590
553 662
553 805
553 1097
553 1202
553 1219
553 1256
553 1299
553 1361
553 1435
553 1687
554 938
554 1593
554 1603
554 1904
555 651
555 766
555 831
555 956
555 1036
555 1075
555 1255
555 1457
555 1697
555 1847
555 1901
555 1926
556 903
556 945
556 978
556 1751
556 1818
556 1836
556 1977
557 628
557 892
557 1682
558 964
558 1043
558 1135
559 648
559 716
559 900
559 926
559 1019
559 1061
559 1079
559 1453
559 1593
559 1710
560 926
560 1550
560 1617
560 1735
561 966
561 1091
561 1203
561 1277
561 1397
561 1583
561 1743
561 1746
562 1067
562 1156
562 1229
562 1317
562 1411
562 1488
562 1587
562 1631
562 1989
563 872
563 943
563 998
563 1184
563 1306
563 1770
563 1944
564 1507
564 1584
564 1789
564 1823
565 1457
565 1672
566 634
566 701
566 1393
566 1536
566 1700
566 1996
567 589
567 620
567 1145
567 1181
567 1488
568 1121
568 1366
568 1483
568 1992
569 630
569 702
569 970
569 1158
569 1547
569 1971
570 612
570 689
570 911
570 985
570 1127
570 1199
570 1201
570 1374
570 1783
570 1838
570 1911
571 828
571 914
571 1233
571 1760
572 581
572 612
572 1146
572 1292
572 1606
572 1818
572 1869
573 1001
573 1331
573 1526
573 1604
573 1671
573 1757
574 588
574 607
574 651
574 1370
574 1617
575 616
575 654
575 1023
575 1143
575 1326
575 1364
575 1618
575 1706
575 1762
575 1865
576 719
576 751
576 1036
576 1161
576 1271
576 1472
576 1707
577 601
577 916
577 1015
577 1399
577 1549
577 1893
577 1911
578 613
578 672
578 766
578 1043
578 1478
578 1696
578 1811
579 594
579 867
579 1057
579 1344
580 1237
580 1264
580 1337
580 1634
580 1795
580 1849
580 1892
581 694
581 707
581 800
581 803
581 845
581 913
581 917
581 1419
581 1769
581 1836
582 688
582 1075
582 1992
583 1016
583 1284
583 1522
583 1645
584 950
584 1814
584 1888
585 717
585 766
586 675
586 1030
586 1121
586 1323
586 1822
587 721
587 964
587 994
587 1258
587 1466
587 1528
587 1532
587 1629
587 1682
588 1231
588 1569
588 1733
588 1933
589 779
589 1290
589 1446
589 1487
589 1662
590 825
590 1165
590 1200
590 1372
590 1404
590 1664
591 734
591 901
591 1041
591 1129
591 1936
591 1986
592 712
592 1173
592 1296
592 1474
592 1720
592 1889
592 1918
593 710
593 998
593 1150
593 1318
593 1419
594 966
594 1333
594 1380
594 1815
595 606
595 987
595 1108
595 1156
595 1302
595 1568
595 1733
596 860
596 1194
596 1250
596 1344
596 1458
596 1463
596 1739
596 1766
596 1971
597 607
597 640
597 651
597 832
597 932
597 1026
597 1096
597 1453
597 1981
598 707
598 758
598 1010
598 1194
598 1206
598 1713
598 1765
599 639
599 909
599 1200
599 1287
599 1701
599 1785
599 1874
600 1363
600 1598
600 1844
600 1950
601 752
601 1131
601 1675
601 1853
601 1868
601 1911
601 1942
602 935
602 971
602 1486
602 1777
603 910
603 1026
603 1282
603 1430
603 1494
603 1659
603 1782
603 1802
603 1867
604 611
604 1365
604 1822
605 640
605 730
605 1677
606 946
606 987
606 1210
606 1887
607 1009
607 1256
607 1468
608 696
608 751
608 1023
608 1198
608 1352
608 1621
608 1656
609 1212
609 1652
609 1720
609 1780
609 1953
610 784
610 792
610 1049
610 1066
610 1208
610 1246
610 1251
610 1673
610 1879
610 1914
611 910
611 1209
611 1300
611 1381
611 1466
611 1710
611 1746
612 707
612 1252
612 1681
612 1808
613 898
613 967
613 996
613 1197
613 1435
613 1508
613 1605
613 1925
614 864
614 1078
614 1083
614 1435
614 1630
614 1710
615 1538
615 1706
616 892
616 1329
616 1473
616 1616
617 659
617 1000
617 1335
617 1440
617 1605
617 1697
617 1994
618 913
618 1027
618 1508
618 1881
619 1154
619 1179
619 1313
619 1507
619 1620
619 1694
619 1702
619 1749
619 1932
620 719
620 923
620 1097
620 1310
621 935
621 987
621 1153
621 1230
621 1412
621 1882
622 629
622 703
622 1055
622 1243
622 1484
622 1652
623 666
623 776
623 807
623 922
623 1237
623 1599
623 1715
623 1962
623 1987
624 1461
624 1637
625 949
625 1040
625 1352
625 1614
625 1790
626 633
626 867
626 888
626 1368
626 1478
626 1691
626 1738
626 1772
627 717
627 1845
628 1021
628 1114
628 1418
628 1809
628 1896
628 1922
629 903
629 1047
629 1127
629 1209
629 1580
629 1735
629 1958
629 1966
629 2000
630 1242
630 1282
630 1389
630 1728
630 1882
631 726
631 816
631 1367
631 1559
631 1608
632 685
632 706
632 1216
632 1540
633 736
633 1293
633 1390
633 1613
633 1792
633 1869
634 811
634 817
634 1594
634 1641
635 1041
635 1356
635 1508
635 1620
636 806
636 844
636 959
636 1153
636 1287
636 1343
636 1654
636 1712
636 1736
636 1814
636 1840
637 877
637 1089
637 1218
637 1472
637 1719
638 681
638 683
638 1463
638 1593
638 1735
638 1756
638 1814
639 1144
639 1232
640 858
640 1057
640 1059
640 1090
640 1281
640 1809
640 1891
641 644
641 806
641 1053
641 1217
641 1292
641 1414
641 1534
641 1541
641 1786
641 1961
642 783
642 1364
642 1416
642 1649
642 1676
643 752
643 1082
643 1343
643 1534
643 1632
643 1651
643 1814
643 1942
644 885
644 1684
645 823
645 1000
645 1190
645 1323
645 1358
645 1411
645 1432
645 1569
645 1718
645 1852
646 1467
646 1468
646 1492
647 676
647 682
647 803
647 909
647 1408
647 1434
647 1548
647 1657
647 1818
647 1890
648 887
648 1250
648 1274
648 1296
648 1552
648 1620
648 1622
649 861
649 1151
649 1162
649 1277
649 1919
650 893
650 1266
650 1513
650 1917
650 1938
651 697
651 796
651 860
651 1426
651 1479
651 1740
652 733
652 782
652 901
652 1147
652 1163
652 1428
652 1565
652 1737
652 1987
653 662
653 1258
653 1352
653 1391
653 1523
653 1564
653 1784
654 685
654 928
654 1077
654 1097
654 1254
654 1287
654 1896
654 1971
655 922
655 936
655 993
655 1286
655 1327
655 1430
655 1587
655 1678
656 993
656 1725
656 1838
656 1933
657 685
657 1018
657 1056
657 1113
657 1763
658 660
658 737
658 820
658 925
658 981
658 1003
658 1116
658 1552
659 792
659 1095
659 1544
659 1596
660 838
660 870
660 1825
661 828
661 1013
661 1094
661 1374
661 1550
661 1636
661 1703
662 715
662 824
662 1391
662 1548
663 858
663 880
663 895
663 1028
663 1215
663 1275
663 1376
663 1436
663 1511
663 1626
663 1899
664 952
664 1632
665 883
665 1059
665 1130
665 1159
665 1331
665 1497
665 1683
665 1759
666 996
666 1233
666 1451
666 1489
666 1972
667 673
667 675
667 856
667 1164
667 1924
668 729
668 817
668 1165
668 1878
668 1989
669 965
669 1000
669 1045
669 1309
669 1461
669 1653
669 1666
669 1756
669 1854
669 1865
670 921
670 969
670 1368
671 1038
671 1255
671 1546
671 1562
671 1768
672 944
672 1017
672 1450
672 1646
673 1030
673 1104
673 1184
673 1337
673 1656
674 1016
674 1019
674 1049
674 1270
674 1827
674 1984
675 1190
675 1207
675 1680
675 1823
676 738
676 739
676 906
676 1048
676 1094
676 1237
676 1422
677 824
677 982
677 1024
677 1091
677 1454
677 1619
677 1780
677 1916
678 1101
678 1361
678 1450
678 1486
678 1892
679 755
679 970
679 1075
679 1377
679 1380
679 1594
679 1985
680 904
680 1071
680 1547
680 1691
681 729
681 800
681 1112
681 1207
681 1249
681 1451
681 1928
682 912
682 1408
682 1539
682 1882
683 711
683 737
683 928
683 929
683 1258
684 954
684 1056
684 1302
684 1534
684 1694
685 1008
685 1140
685 1217
685 1387
685 1567
686 946
686 974
686 1035
686 1123
686 1772
686 1957
687 822
687 934
687 1037
687 1216
687 1400
687 1583
687 1677
687 1905
687 1976
688 1415
688 1477
688 1855
689 1151
689 1296
689 1448
689 1482
689 1603
689 1702
689 1739
690 875
690 1054
690 1113
690 1648
690 1821
691 778
691 944
691 1321
691 1582
691 1750
691 1799
691 1820
692 1239
692 1867
692 1893
693 1188
693 1296
693 1737
694 805
694 891
694 1019
694 1194
694 1208
694 1262
694 1421
694 1505
694 1534
695 766
695 865
695 1639
696 893
696 1087
696 1841
697 727
697 926
697 1099
697 1452
697 1943
698 701
698 1083
698 1314
698 1339
698 1798
698 1925
699 808
699 941
699 1039
699 1043
699 1441
699 1455
700 1142
700 1387
700 1513
700 1687
700 1701
700 1708
701 985
701 1300
701 1778
702 885
702 1533
702 1863
703 852
703 922
703 1404
703 1520
703 1728
703 1733
703 1769
703 1810
703 1841
704 930
704 989
704 1056
704 1223
704 1767
704 1879
704 1884
705 958
705 1008
705 1177
705 1574
705 1738
705 1748
706 1140
706 1382
706 1396
707 770
707 796
707 848
707 957
707 1652
707 1987
708 1152
708 1159
708 1412
708 1520
708 1778
708 1906
708 1941
709 1345
709 1360
709 1613
709 1648
709 1841
710 795
710 799
710 1095
710 1190
710 1235
710 1576
711 911
711 1033
711 1403
711 1443
711 1630
712 1037
712 1136
712 1261
712 1996
713 994
713 1026
713 1422
713 1727
714 1366
714 1469
714 1516
714 1848
714 1911
715 774
715 796
715 1069
715 1227
715 1393
715 1467
715 1550
715 1901
715 1951
716 749
716 803
716 1555
716 1901
717 754
717 1078
718 972
718 1006
718 1180
718 1356
718 1526
719 739
719 959
719 1880
719 1937
720 763
720 1306
720 1513
720 1817
721 999
721 1008
721 1289
721 1765
721 1821
722 813
722 1069
722 1092
722 1180
722 1653
722 1988
723 731
723 782
723 1020
723 1150
723 1331
723 1580
723 1741
723 1768
723 1876
724 734
724 900
724 990
724 1020
724 1274
724 1328
725 1025
725 1108
725 1162
725 1174
725 1393
725 1459
725 1471
725 1529
725 1592
725 1723
725 1751
725 1816
726 1068
726 1099
726 1273
726 1553
726 1583
726 1599
726 1776
726 1906
727 966
727 1010
727 1078
727 1499
727 1668
727 1832
727 1942
728 1562
729 785
729 905
729 1348
729 1373
729 1494
729 1567
730 885
730 1182
730 1464
730 1549
730 1574
730 1856
731 1108
731 1164
731 1206
731 1250
731 1323
731 1688
731 1800
731 1839
731 1970
731 1981
732 937
732 963
732 1056
732 1149
732 1179
732 1231
732 1325
732 1347
733 940
733 992
733 1208
733 1785
733 1919
734 967
734 1305
734 1674
734 1826
734 1835
735 940
735 1732
735 1883
736 822
736 990
736 1099
736 1682
736 1718
736 1764
736 1987
737 996
737 1246
737 1516
737 1547
737 1714
737 1919
737 1941
738 986
738 1133
738 1550
739 1132
739 1661
739 1736
740 921
740 959
740 1317
740 1530
740 1630
740 1682
740 1697
740 1705
741 931
741 1125
741 1134
741 1328
742 811
742 840
742 1016
742 1057
742 1148
742 1344
743 1226
743 1536
743 1560
743 1777
743 1779
744 752
744 1816
744 1917
745 965
745 1144
745 1898
746 1156
746 1230
746 1362
746 1569
746 1730
746 1939
747 1139
747 1375
747 1470
747 1878
747 1940
747 1959
748 960
748 1166
748 1218
748 1504
748 1792
749 890
749 925
749 944
749 1023
749 1033
749 1215
749 1219
749 1320
749 1589
749 1684
750 893
750 970
750 1159
750 1547
750 1665
751 835
751 836
751 899
751 950
751 1102
751 1479
751 1641
751 1800
751 1809
752 755
752 908
752 1412
752 1439
752 1898
753 1189
753 1481
753 1488
753 1691
753 1885
754 948
754 1224
754 1288
754 1448
754 1796
754 1970
755 982
755 1030
755 1041
755 1132
755 1505
755 1645
755 1795
756 1147
756 1241
756 1724
756 1801
757 1209
757 1414
757 1659
758 1309
758 1462
758 1579
758 1667
759 993
759 1294
759 1391
759 1528
759 1591
760 964
760 1125
761 866
761 1498
761 1712
761 1926
762 1066
762 1236
762 1269
762 1333
762 1425
762 1571
762 1854
762 1966
763 925
763 1110
763 1169
763 1293
763 1347
763 1444
763 1484
764 1314
764 1795
764 1817
764 1844
765 790
765 851
765 956
765 1134
765 1357
765 1402
766 785
766 809
766 1157
766 1430
766 1514
766 1699
766 1708
766 1775
766 1863
767 928
767 1293
767 1463
767 1787
767 1794
767 1881
768 937
768 1047
768 1071
768 1376
768 1897
768 1970
769 818
769 866
769 1266
769 1786
770 913
770 1064
770 1343
770 1370
770 1515
770 1631
770 1832
771 850
771 1592
771 1968
772 1114
772 1181
772 1192
772 1858
772 1939
773 789
773 859
773 888
773 897
773 1546
773 1876
773 1961
774 995
774 1056
774 1340
774 1693
774 1852
775 981
775 1698
775 1895
775 1970
776 992
776 1106
776 1113
776 1211
776 1355
776 1363
776 1541
776 1595
776 1721
776 1730
777 1240
777 1248
777 1296
777 1505
777 1738
777 1745
777 1818
778 1395
778 1435
779 796
779 799
779 1346
779 1631
779 1910
779 1948
780 1134
780 1268
780 1363
780 1708
781 973
781 1006
781 1389
781 1453
781 1663
782 1267
782 1321
782 1454
782 1645
782 1914
783 876
783 1224
783 1511
783 1749
783 1783
784 1043
784 1167
784 1318
784 1708
784 1852
785 887
785 1354
785 1739
785 1777
786 818
786 843
786 1245
786 1485
786 1588
786 1609
786 1740
787 1620
788 832
788 1224
788 1679
789 1107
789 1453
789 1854
789 1967
790 927
790 1123
790 1229
790 1817
791 928
791 931
791 1038
791 1040
791 1209
791 1279
791 1406
791 1752
791 1856
791 1904
792 837
792 852
792 1529
792 1542
792 1616
792 1776
792 1932
793 1009
793 1363
793 1399
793 1497
794 909
794 1201
794 1222
794 1475
794 1491
794 1867
795 1031
795 1215
796 836
796 1826
796 1842
796 1915
797 914
797 1305
797 1601
797 1817
797 1867
798 838
798 1068
798 1285
798 1346
799 862
799 1039
799 1251
799 1264
799 1408
799 1661
799 1911
799 1923
800 1235
800 1490
800 1598
800 1782
801 869
801 1160
801 1248
802 909
802 1156
802 1806
802 1984
803 1052
803 1060
803 1114
803 1820
804 1600
804 1685
805 1828
805 1848
806 1469
807 910
807 1008
807 1228
807 1243
807 1379
807 1970
808 852
808 1115
808 1596
808 1762
808 1766
809 846
809 914
809 1113
809 1541
809 1839
809 1897
810 1381
810 1428
810 1534
810 1635
810 1922
811 827
811 876
811 1074
811 1084
811 1191
811 1982
812 834
812 1156
812 1482
812 1594
812 1615
812 1938
813 1188
813 1326
813 1363
813 1506
813 1646
813 1854
814 1151
814 1258
815 1088
815 1197
815 1734
815 1817
815 1908
816 822
816 1462
816 1485
816 1581
816 1611
816 1650
816 1678
816 1943
817 1148
817 1495
818 947
818 1357
818 1496
818 1781
819 920
819 974
819 1545
819 1829
819 1913
819 1952
820 1291
820 1718
820 1857
820 1889
820 1891
820 1998
821 835
821 903
821 1260
821 1499
821 1568
821 1771
823 879
823 952
823 1076
823 1147
823 1937
824 1256
824 1777
825 962
825 1290
825 1297
825 1706
825 1783
826 859
826 968
826 1007
826 1042
826 1540
826 1928
827 1263
827 1557
828 868
828 1077
828 1623
828 1684
828 1920
829 967
829 1410
829 1533
829 1660
829 1919
830 1082
830 1223
830 1319
830 1325
830 1333
830 1393
830 1597
830 1937
830 1938
830 1992
831 1021
831 1121
831 1157
831 1467
831 1822
831 1960
832 933
832 1491
832 1702
832 1710
832 1993
833 834
833 920
833 1338
834 899
834 1083
834 1122
834 1212
834 1342
834 1419
834 1497
834 1621
835 843
835 1027
835 1104
835 1612
835 1844
835 1905
836 1258
836 1595
836 1608
836 1921
837 1035
837 1690
838 985
838 1300
838 1764
839 1737
839 1787
839 1843
840 1135
840 1258
840 1350
840 1467
840 1787
841 1359
841 1731
841 1818
841 1882
842 854
842 874
842 1030
842 1057
842 1131
842 1820
843 909
843 1052
843 1608
843 1664
843 1920
844 907
844 1316
844 1582
844 1810
844 1811
845 972
845 1479
845 1822
846 1221
846 1503
846 1814
847 940
847 1332
847 1346
847 1416
847 1596
847 1651
847 1692
848 887
848 1243
848 1694
848 1810
848 1925
849 990
849 1100
849 1207
849 1252
849 1433
849 1498
849 1521
849 1835
850 1279
850 1471
850 1849
851 913
851 1024
851 1177
851 1374
851 1479
851 1676
851 1999
852 898
852 1031
852 1294
852 1814
852 1827
852 1873
853 920
853 1137
853 1256
853 1631
853 1657
853 1757
853 1873
854 1512
855 893
855 1302
855 1332
855 1418
855 1780
855 1965
856 888
856 1031
856 1052
856 1065
856 1440
856 1686
856 1706
856 1733
856 1906
857 1172
857 1236
857 1295
857 1368
857 1457
857 1736
858 1382
858 1409
858 1580
858 1675
858 1928
859 923
859 1246
859 1352
859 1700
860 1023
860 1235
860 1240
860 1325
860 1793
860 1821
860 1824
860 1881
860 1915
861 1052
861 1309
861 1593
861 1822
862 1293
862 1325
862 1680
862 1987
863 1186
863 1337
863 1376
863 1647
864 1583
864 1725
864 1729
864 1751
864 1923
865 1146
865 1308
865 1801
865 1815
866 985
866 1243
866 1775
867 875
867 1285
867 1299
867 1748
868 1189
868 1200
868 1218
868 1550
869 1360
869 1622
870 1154
870 1155
870 1191
870 1504
870 1584
871 1048
871 1289
871 1325
871 1569
871 1800
872 1411
872 1632
872 1870
873 1298
873 1585
873 1995
874 919
874 1367
874 1616
875 1313
875 1359
875 1835
875 1852
876 1064
876 1244
876 1436
876 1793
876 1823
876 1964
877 1111
877 1156
877 1435
877 1461
877 1922
878 900
878 1063
878 1086
878 1237
878 1510
878 1542
878 1937
879 1047
879 1877
880 1197
880 1252
880 1296
881 968
881 1509
881 1692
881 1967
882 895
882 1350
882 1500
882 1606
883 1251
883 1283
883 1405
883 1479
883 1600
883 1772
883 1919
883 1963
884 932
884 1083
884 1229
884 1984
885 1091
885 1105
885 1898
886 972
886 1236
886 1241
886 1471
886 1827
887 1061
887 1451
887 1482
888 1533
888 1591
888 1592
888 1715
889 948
889 1532
889 1766
889 1942
890 1085
890 1635
890 1696
890 1740
890 1880
891 1267
891 1334
891 1727
891 1791
891 1842
892 1117
892 1162
892 1172
892 1219
892 1689
893 1413
893 1543
893 1956
894 1506
894 1573
894 1858
894 1943
895 1059
895 1071
895 1205
895 1225
895 1577
895 1604
896 981
896 1070
896 1326
896 1444
896 1486
896 1550
896 1807
896 1970
896 1998
897 1140
897 1928
897 2000
898 985
898 1392
898 1521
898 1529
898 1550
898 1830
898 1981
899 1328
899 1432
899 1824
900 940
900 1144
900 1157
900 1516
900 1528
900 1878
900 1946
901 918
901 1125
901 1747
901 1864
901 1948
902 936
902 1104
902 1648
902 1925
902 1952
903 986
903 1471
903 1498
903 1639
903 1645
904 919
904 1247
904 1370
904 1380
904 1438
905 1018
905 1116
905 1661
905 1748
905 1830
905 1931
906 967
906 1006
906 1132
906 1144
906 1249
906 1412
906 1476
907 1215
907 1246
907 1253
908 1028
908 1051
908 1188
908 1803
908 1875
909 1060
909 1265
909 1295
909 1303
909 1425
909 1445
909 1480
910 1096
910 1138
910 1154
910 1216
910 1237
910 1332
910 1668
910 1697
911 1066
911 1443
911 1755
911 1915
911 1984
911 1992
912 936
912 1312
912 1422
912 1661
912 1760
913 1293
913 1373
913 1922
913 1969
914 1120
914 1168
914 1261
914 1529
914 1539
914 1935
915 1068
915 1414
915 1484
915 1501
915 1756
915 1874
916 1137
916 1229
916 1343
916 1879
917 1200
917 1896
917 1936
918 1336
919 937
919 1076
919 1342
919 1933
920 1080
920 1385
920 1532
920 1714
921 1384
921 1462
921 1586
921 1630
921 1669
921 1938
921 1996
922 1131
922 1183
922 1365
922 1746
922 1806
922 1931
922 1982
923 970
923 988
923 1349
923 1459
923 1468
923 1494
923 1723
924 1441
924 1705
925 1105
925 1680
925 1744
926 1170
926 1235
926 1838
926 1891
927 1297
927 1504
927 1598
927 1703
927 1730
928 981
928 1060
928 1262
928 1412
928 1467
928 1670
928 1916
929 1102
929 1526
929 1578
929 1987
930 1505
930 1563
930 1589
931 1020
931 1196
931 1257
931 1743
932 1135
932 1651
932 1695
932 1734
933 1119
933 1228
933 1329
933 1721
933 1854
933 1977
934 1193
934 1689
934 1738
934 1893
935 936
935 1146
935 1677
936 1040
936 1567
936 1970
937 1691
937 1706
937 1717
937 1739
937 1797
937 1936
938 1243
938 1559
939 1133
939 1322
939 1594
939 1875
940 1312
940 1506
940 1790
941 1061
942 1190
942 1227
942 1271
942 1296
942 1322
942 1407
942 1416
942 1430
942 1562
942 1833
943 1645
943 1885
943 1886
943 1893
944 1306
944 1425
944 1724
944 1755
944 1796
944 1885
945 1150
945 1839
945 1938
945 1961
946 976
946 1069
946 1146
946 1165
946 1603
947 1164
947 1237
947 1887
947 1890
948 1087
948 1839
949 1006
949 1658
949 1993
950 1133
950 1636
950 1757
951 1135
951 1296
951 1406
951 1421
951 1581
951 1875
952 1573
952 1727
953 1377
953 1439
953 1468
953 1583
953 1732
954 1146
954 1422
954 1496
954 1640
954 1848
955 1206
955 1480
956 1113
956 1205
956 1950
957 958
957 997
957 1247
957 1398
957 1557
957 1870
957 1996
958 982
958 1016
958 1499
958 1807
959 1450
959 1503
960 1273
960 1596
960 1730
960 1758
960 1968
960 1999
961 1233
961 1332
961 1481
961 1594
961 1642
961 1983
961 1993
962 1191
962 1436
962 1490
962 1857
962 1973
963 1264
963 1563
963 1608
963 1717
964 1003
964 1394
964 1556
964 1609
964 1654
964 1922
965 1513
965 1850
966 1140
966 1279
966 1476
966 1478
966 1545
966 1734
966 1911
966 1996
967 1080
967 1199
967 1522
967 1577
967 1647
967 1985
968 1162
968 1226
968 1299
969 1138
969 1773
969 1816
970 1033
970 1038
970 1561
971 1009
971 1121
971 1662
971 1712
971 1887
972 1298
972 1448
972 1630
972 1797
973 1253
973 1334
973 1411
973 1464
973 1937
973 1957
974 1065
974 1067
974 1178
974 1362
974 1560
974 1877
975 1218
975 1393
975 1803
975 1901
976 978
976 1178
976 1314
976 1434
976 1527
977 1075
977 1249
977 1264
977 1799
977 1893
977 1897
978 1596
979 1107
979 1198
979 1319
979 1476
979 1677
979 1742
979 1751
980 1131
980 1263
980 1402
980 1418
980 1734
981 1265
981 1479
981 1635
982 1029
982 1058
982 1293
982 1374
982 1663
982 1935
983 991
983 1069
983 1594
984 1499
984 1550
984 1604
984 1666
984 1960
985 1020
985 1603
985 1668
985 1707
985 1998
986 993
986 1227
986 1282
986 1318
986 1371
987 1102
987 1197
987 1717
988 1184
988 1199
988 1334
988 1919
989 1400
989 1852
990 1053
990 1073
990 1262
990 1313
990 1592
990 1909
991 1168
991 1238
991 1472
991 1559
991 1571
991 1642
991 1677
991 1871
992 1119
992 1319
992 1348
993 1406
993 1472
993 1550
993 1592
993 1622
993 1663
993 1814
993 1972
994 1423
994 1454
994 1585
995 1037
995 1120
995 1732
996 1887
998 1094
998 1614
999 1258
999 1345
999 1353
999 1508
999 1614
999 1770
999 1831
1000 1081
1000 1321
1000 1322
1000 1327
1000 1417
1000 1440
1001 1100
1001 1286
1001 1581
1001 1677
1001 1787
1002 1301
1002 1476
1002 1650
1002 1708
1002 1899
1003 1639
1003 1974
1004 1251
1004 1445
1004 1528
1004 1816
1004 1827
1005 1016
1005 1287
1005 1478
1005 1522
1005 1555
1005 1810
1005 1964
1006 1059
1006 1080
1006 1122
1007 1071
1007 1083
1007 1227
1007 1663
1007 1997
1008 1229
1008 1582
1008 1670
1008 1796
1008 1841
1008 1892
1008 1927
1009 1164
1009 1198
1009 1287
1009 1294
1009 1562
1009 1703
1009 1730
1009 1808
1009 1899
1010 1050
1011 1073
1011 1095
1011 1365
1011 1754
1012 1025
1012 1115
1012 1211
1012 1248
1012 1255
1012 1263
1012 1399
1012 1691
1013 1296
1013 1358
1013 1512
1013 1771
1013 1893
1014 1225
1014 1905
1014 1922
1015 1244
1015 1311
1015 1712
1015 1716
1015 1791
1015 1827
1016 1131
1016 1303
1016 1863
1016 1903
1017 1041
1017 1215
1017 1649
1017 1695
1017 1867
1017 1894
1018 1199
1018 1361
1018 1654
1019 1085
1019 1121
1019 1258
1019 1374
1019 1776
1019 1784
1020 1307
1020 1415
1020 1423
1020 1433
1020 1502
1020 1890
1021 1408
1021 1959
1022 1380
1022 1545
1022 1782
1023 1249
1023 1352
1023 1401
1023 1938
1023 1990
1024 1474
1024 1815
1024 1876
1025 1043
1025 1287
1025 1782
1026 1287
1026 1438
1026 1982
1027 1322
1027 1923
1028 1232
1028 1257
1028 1294
1028 1374
1028 1378
1028 1650
1028 1938
1028 1939
1029 1059
1029 1170
1029 1271
1029 1610
1029 1683
1029 1861
1030 1813
1031 1655
1031 1864
1032 1672
1032 1806
1033 1058
1033 1401
1033 1449
1033 1508
1033 1629
1033 1892
1033 1990
1034 1515
1035 1120
1035 1414
1035 1421
1035 1512
1035 1794
1035 1807
1036 1077
1036 1221
1036 1300
1036 1423
1036 1458
1036 1589
1036 1858
1037 1297
1037 1421
1037 1442
1037 1489
1037 1632
1037 1908
1038 1144
1038 1259
1038 1338
1038 1626
1038 1648
1038 1760
1038 1784
1038 1940
1039 1247
1039 1435
1039 1493
1039 1645
1039 1673
1039 1715
1039 1976
1040 1131
1040 1133
1040 1969
1041 1049
1041 1328
1041 1443
1041 1661
1042 1090
1042 1125
1042 1329
1042 1335
1042 1500
1043 1741
1043 1828
1043 1974
1044 1116
1044 1158
1044 1203
1044 1210
1044 1723
1044 1945
1044 1992
1045 1549
1045 1593
1046 1348
1046 1963
1047 1278
1047 1352
1047 1649
1047 1733
1047 1766
1048 1132
1048 1251
1048 1560
1048 1593
1049 1182
1049 1242
1049 1302
1049 1488
1049 1493
1049 1594
1049 1763
1050 1059
1050 1120
1050 1831
1050 1833
1051 1052
1051 1528
1051 1573
1051 1595
1051 1781
1051 1816
1051 1840
1052 1169
1052 1220
1052 1328
1052 1371
1052 1615
1052 1641
1052 1663
1053 1131
1053 1189
1053 1205
1053 1556
1053 1958
1054 1248
1054 1731
1054 1777
1054 1815
1054 1913
1055 1099
1055 1423
1055 1970
1056 1750
1056 1793
1056 1795
1056 1926
1057 1172
1057 1445
1058 1133
1058 1481
1058 1855
1058 1929
1060 1091
1060 1555
1061 1237
1061 1285
1061 1601
1062 1233
1062 1386
1062 1438
1062 1459
1062 1538
1062 1770
1062 1807
1063 1075
1063 1100
1063 1444
1063 1519
1063 1720
1063 1847
1063 1996
1064 1092
1064 1457
1064 1790
1065 1077
1065 1348
1065 1446
1065 1621
1065 1959
1066 1177
1066 1242
1066 1439
1066 1725
1066 1950
1066 1951
1067 1663
1067 1763
1068 1501
1068 1634
1068 1684
1068 1777
1068 1870
1068 1959
1069 1345
1069 1435
1069 1511
1069 1948
1070 1151
1070 1648
1070 1711
1070 1840
1070 1917
1071 1274
1071 1344
1071 1509
1071 1725
1072 1077
1072 1653
1072 1827
1072 1915
1073 1469
1073 1535
1073 1753
1073 1770
1073 1998
1074 1577
1074 1630
1074 1829
1075 1199
1075 1923
1076 1176
1076 1542
1076 1579
1077 1191
1078 1480
1078 1504
1079 1265
1080 1294
1080 1700
1080 1711
1080 1987
1082 1148
1082 1160
1082 1519
1082 1861
1083 1092
1083 1306
1083 1381
1083 1382
1083 1988
1084 1094
1084 1315
1084 1329
1084 1557
1084 1671
1086 1849
1086 1910
1086 1957
1087 1323
1087 1555
1088 1093
1088 1188
1088 1601
1088 1663
1088 1979
1089 1273
1089 1348
1089 1763
1089 1822
1089 1846
1089 1984
1090 1229
1090 1315
1090 1801
1091 1096
1091 1522
1092 1244
1092 1375
1092 1525
1092 1941
1092 1955
1092 1999
1093 1249
1093 1518
1093 1547
1094 1587
1094 1981
1095 1184
1095 1564
1095 1615
1095 1638
1095 1780
1095 1855
1095 1930
1095 1956
1096 1165
1096 1748
1096 1773
1096 1782
1096 1907
1096 1958
1097 1178
1097 1455
1097 1469
1097 1699
1097 1935
1098 1226
1098 1257
1098 1384
1098 1529
1098 1617
1099 1334
1099 1363
1099 1482
1099 1704
1099 1796
1099 1816
1100 1227
1100 1957
1101 1187
1101 1697
1101 1974
1102 1126
1102 1196
1102 1201
1102 1320
1102 1363
1102 1690
1103 1279
1103 1437
1103 1507
1103 1821
1103 1922
1104 1206
1105 1159
1105 1386
1105 1854
1106 1577
1106 1707
1106 1715
1106 1900
1107 1492
1107 1541
1107 1609
1107 1966
1107 1988
1108 1149
1108 1269
1108 1423
1108 1707
1109 1303
1109 1418
1110 1354
1111 1314
1111 1502
1111 1504
1111 1753
1111 1813
1111 1846
1112 1127
1112 1387
1113 1143
1113 1190
1113 1559
1113 1620
1113 1733
1114 1363
1115 1117
1115 1372
1115 1397
1115 1529
1115 1559
1115 1698
1115 1823
1115 1874
1116 1168
1116 1550
1116 1847
1117 1139
1117 1850
1117 1999
1118 1272
1118 1466
1118 1558
1119 1661
1119 1749
1119 1978
1120 1170
1120 1534
1120 1692
1121 1406
1121 1639
1121 1718
1121 1748
1121 1827
1122 1524
1122 1746
1122 1884
1123 1155
1123 1194
1123 1226
1123 1617
1123 1894
1124 1204
1124 1296
1124 1334
1124 1377
1124 1485
1124 1487
1124 1619
1124 1792
1124 1809
1125 1438
1125 1601
1125 1640
1125 1667
1125 1844
1126 1610
1126 1712
1127 1471
1127 1601
1128 1310
1128 1392
1128 1478
1128 1616
1128 1993
1129 1240
1129 1330
1129 1493
1129 1833
1129 1839
1130 1481
1130 1595
1130 1804
1130 1847
1130 1910
1130 1914
1131 1765
1131 1896
1132 1305
1132 1332
1132 1381
1132 1457
1132 1691
1132 1763
1133 1138
1133 1440
1133 1973
1134 1475
1134 1655
1136 1162
1136 1205
1136 1264
1136 1287
1136 1511
1136 1527
1136 1535
1136 1539
1136 1625
1137 1174
1137 1245
1137 1548
1137 1597
1137 1797
1137 1880
1137 1912
1138 1188
1138 1707
1138 1767
1138 1848
1138 1955
1138 1996
1139 1429
1140 1157
1140 1194
1140 1251
1140 1438
1140 1449
1140 1649
1140 1676
1140 1771
1140 1871
1140 1931
1141 1374
1141 1901
1141 1971
1142 1322
1144 1161
1144 1213
1145 1192
1145 1251
1145 1560
1145 1683
1145 1796
1145 1880
1145 1934
1145 1941
1146 1225
1146 1532
1146 1680
1146 1691
1146 1754
1146 1867
1147 1572
1147 1581
1148 1547
1148 1885
1149 1433
1149 1831
1149 1911
1149 1959
1150 1450
1150 1698
1150 1741
1150 1940
1151 1307
1151 1334
1151 1508
1151 1587
1151 1756
1151 1760
1151 1931
1152 1308
1152 1349
1152 1442
1152 1483
1152 1824
1153 1271
1153 1712
1154 1196
1154 1954
1155 1286
1155 1331
1155 1511
1155 1620
1156 1479
1156 1562
1156 1583
1156 1607
1157 1231
1157 1506
1157 1978
1158 1343
1158 1466
1158 1497
1158 1984
1159 1231
1159 1841
1160 1542
1161 1478
1161 1734
1162 1340
1162 1934
1163 1324
1163 1718
1163 1745
1163 1760
1163 1767
1164 1308
1164 1532
1164 1666
1164 1817
1165 1196
1165 1561
1165 1738
1165 1782
1165 1904
1166 1698
1166 1758
1167 1303
1168 1229
1168 1307
1168 1589
1168 1698
1168 1733
1168 1821
1169 1435
1169 1889
1169 1992
1170 1192
1170 1202
1170 1390
1170 1416
1170 1575
1170 1753
1170 1997
1171 1183
1171 1206
1171 1367
1171 1550
1171 1736
1171 1745
1171 1840
1172 1318
1172 1430
1172 1461
1172 1565
1172 1630
1172 1685
1173 1262
1173 1340
1173 1406
1173 1420
1173 1474
1173 1536
1173 1562
1173 1750
1173 1927
1174 1319
1174 1326
1174 1561
1176 1675
1176 1862
1177 1451
1177 1920
1178 1836
1178 1953
1179 1201
1179 1467
1179 1544
1179 1547
1179 1550
1179 1724
1179 1836
1179 1840
1180 1427
1180 1565
1180 1845
1181 1277
1181 1288
1181 1524
1181 1646
1181 1920
1181 1971
1182 1299
1182 1871
1182 1988
1183 1291
1183 1429
1183 1473
1183 1523
1183 1930
1183 1954
1184 1215
1184 1427
1185 1462
1185 1530
1185 1903
1185 1970
1187 1611
1188 1227
1188 1233
1188 1587
1188 1758
1188 1813
1189 1251
1189 1311
1189 1743
1189 1872
1190 1450
1191 1278
1191 1536
1191 1571
1191 1678
1191 1846
1192 1511
1192 1523
1192 1680
1193 1811
1193 1924
1194 1330
1194 1890
1195 1459
1195 1574
1196 1772
1196 1885
1196 1991
1197 1602
1197 1648
1197 1774
1198 1222
1198 1563
1198 1718
1198 1895
1199 1735
1200 1302
1200 1393
1200 1513
1200 1680
1200 1861
1201 1230
1201 1270
1201 1284
1201 1649
1202 1341
1202 1402
1202 1453
1202 1509
1202 1530
1202 1762
1202 1872
1202 1989
1203 1263
1203 1470
1203 1596
1205 1283
1205 1319
1206 1388
1206 1679
1207 1527
1207 1538
1207 1547
1207 1652
1207 1751
1207 1854
1210 1926
1211 1528
1211 1830
1212 1509
1213 1368
1213 1473
1213 1543
1213 1625
1213 1848
1213 1867
1214 1654
1217 1597
1217 1669
1217 1734
1218 1445
1218 1484
1218 1711
1218 1831
1219 1410
1219 1886
1220 1665
1220 1729
1221 1309
1221 1739
1221 1850
1222 1238
1222 1239
1222 1345
1222 1433
1222 1816
1222 1865
1222 1914
1223 1243
1223 1352
1223 1861
1223 1940
1224 1346
1224 1417
1224 1492
1224 1659
1224 1894
1224 1896
1224 1984
1225 1722
1225 1844
1226 1370
1226 1374
1226 1760
1226 1843
1227 1447
1227 1455
1227 1484
1228 1949
1229 1667
1229 1880
1230 1404
1230 1601
1230 1678
1231 1346
1231 1666
1232 1458
1232 1702
1232 1743
1232 1747
1233 1520
1233 1750
1233 1934
1233 1977
1234 1247
1234 1693
1234 1778
1234 1826
1235 1436
1235 1555
1235 1569
1236 1331
1236 1698
1236 1802
1236 1872
1237 1250
1237 1323
1237 1471
1237 1543
1237 1757
1237 1792
1237 1820
1238 1600
1238 1647
1238 1664
1238 1820
1238 1906
1238 1955
1239 1311
1239 1416
1239 1642
1239 1751
1239 1757
1239 1784
1239 1788
1239 1872
1239 1971
1240 1378
1240 1432
1240 1749
1240 1999
1241 1260
1241 1371
1241 1790
1241 1864
1241 1929
1242 1495
1242 1867
1242 1951
1243 1972
1244 1726
1244 2000
1245 1660
1245 1882
1245 1968
1246 1332
1246 1401
1246 1798
1246 1976
1247 1402
1247 1541
1247 1552
1247 1889
1248 1501
1248 1893
1250 1310
1250 1321
1250 1515
1250 1577
1250 1619
1250 1858
1251 1702
1251 1948
1252 1471
1252 1803
1253 1385
1253 1568
1253 1573
1254 1358
1254 1384
1254 1587
1255 1492
1255 1535
1255 1817
1255 1843
1255 1883
1256 1356
1256 1476
1256 1815
1256 1902
1257 1981
1258 1281
1259 1658
1260 1769
1261 1844
1261 1905
1261 1915
1262 1289
1262 1681
1263 1439
1263 1513
1263 1578
1264 1623
1264 1639
1264 1856
1265 1529
1265 1646
1266 1631
1266 1719
1266 1901
1267 1349
1267 1375
1267 1900
1268 1479
1268 1735
1269 1321
1269 1382
1269 1629
1269 1851
1270 1390
1270 1970
1271 1472
1271 1637
1271 1776
1271 1884
1272 1274
1272 1772
1273 1853
1274 1481
1274 1958
1275 1299
1275 1601
1275 1615
1275 1778
1275 1992
1276 1420
1276 1608
1276 1861
1276 1986
1277 1715
1277 1724
1277 1852
1277 1905
1278 1714
1278 1860
1278 1895
1280 1310
1280 1731
1280 1766
1280 1924
1280 1931
1281 1438
1281 1447
1281 1738
1282 1620
1282 1831
1283 1542
1283 1753
1283 1885
1283 1906
1283 1964
1284 1418
1284 1467
1284 1770
1285 1597
1285 1744
1285 1772
1285 1788
1285 1916
1286 1360
1286 1471
1286 1559
1286 1606
1286 1639
1287 1610
1287 1869
1288 1459
1288 1523
1288 1756
1288 1770
1289 1477
1289 1559
1289 1653
1289 1664
1290 1297
1290 1373
1291 1791
1291 1801
1291 1832
1292 1318
1292 1688
1293 1367
1293 1705
1293 1796
1293 1800
1294 1406
1294 1723
1295 1858
1296 1426
1296 1633
1296 1702
1297 1542
1297 1918
1298 1399
1299 1378
1299 1457
1299 1536
1299 1846
1300 1613
1300 1749
1301 1329
1301 1399
1301 1542
1301 1576
1301 1907
1302 1595
1302 1888
1303 1405
1303 1497
1303 1561
1304 1666
1305 1343
1305 1361
1305 1544
1305 1579
1305 1645
1306 1505
1306 1704
1306 1716
1306 1814
1307 1435
1307 1448
1307 1958
1308 1685
1308 1925
1308 1945
1308 2000
1309 1536
1309 1800
1309 1929
1310 1353
1311 1330
1311 1468
1311 1502
1311 1538
1311 1600
1311 1731
1312 1730
1312 1757
1312 1770
1313 1318
1313 1634
1313 1935
1314 1394
1314 1424
1314 1854
1314 1893
1315 1346
1315 1806
1316 1678
1316 1790
1316 1921
1317 1510
1317 1533
1317 1619
1317 1750
1318 1816
1319 1423
1319 1562
1319 1763
1319 1847
1320 1412
1320 1651
1321 1485
1321 1742
1321 1837
1321 1872
1321 1955
1322 1632
1322 1802
1323 1416
1323 1885
1323 1899
1325 1630
1325 1684
1325 1897
1326 1429
1326 1592
1326 1813
1326 1932
1327 1341
1327 1399
1327 1443
1327 1492
1327 1776
1328 1377
1328 1553
1328 1622
1328 1762
1328 1910
1328 1917
1328 1928
1328 1946
1329 1455
1329 1564
1329 1889
1329 1897
1329 1966
1330 1521
1330 1716
1330 1859
1331 1467
1331 1580
1331 1639
1331 1927
1332 1573
1332 1787
1333 1670
1333 1925
1334 1427
1334 1976
1335 1858
1336 1347
1336 1621
1336 1951
1337 1363
1337 1915
1338 1669
1338 1759
1338 1900
1339 1619
1339 1648
1339 1837
1340 1624
1340 1983
1341 1723
1342 1654
1342 1682
1343 1351
1343 1362
1343 1365
1343 1368
1343 1512
1343 1693
1343 1973
1344 1636
1344 1668
1344 1792
1344 1958
1345 1820
1345 1977
1346 1515
1346 1950
1347 1569
1348 1454
1348 1911
1349 1354
1349 1889
1350 1712
1350 1730
1350 1893
1351 1393
1351 1763
1351 1829
1351 1841
1351 1945
1351 1946
1351 1949
1352 1640
1353 1530
1353 1601
1353 1885
1354 1475
1354 1498
1355 1991
1356 1366
1356 1492
1356 1600
1356 1824
1357 1392
1357 1967
1358 1752
1358 1763
1358 1803
1358 1979
1359 1479
1359 1553
1359 1568
1359 1810
1359 1957
1360 1596
1360 1661
1360 1730
1362 1762
1362 1809
1362 1992
1363 1658
1364 1399
1364 1488
1364 1517
1364 1578
1364 1582
1364 1644
1364 1661
1364 1804
1364 1946
1365 1617
1365 1669
1366 1553
1366 1850
1367 1930
1368 1736
1368 1778
1368 1815
1369 1905
1369 1930
1370 1504
1371 1440
1371 1537
1371 1792
1372 1406
1372 1691
1372 1792
1373 1416
1373 1875
1373 1905
1373 1908
1374 1474
1374 1625
1375 1630
1375 1798
1376 1510
1376 1597
1376 1791
1376 1968
1377 1643
1377 1650
1377 1684
1377 1866
1377 1894
1378 1483
1378 1786
1378 1887
1379 1872
1380 1509
1380 1639
1380 1959
1380 1974
1381 1625
1381 1679
1381 1717
1381 1903
1382 1475
1382 1521
1382 1630
1382 1759
1383 1534
1383 1876
1384 1456
1384 1466
1384 1501
1384 1668
1384 1933
1384 1979
1385 1580
1385 1771
1386 1442
1386 1661
1386 1759
1386 1809
1386 1994
1387 1751
1388 1390
1388 1968
1389 1579
1389 1985
1390 1580
1390 1759
1390 1778
1390 1917
1391 1534
1391 1955
1392 1482
1392 1592
1392 1634
1392 1800
1394 1799
1394 1929
1395 1855
1396 1698
1396 1839
1396 1940
1398 1824
1400 1431
1400 1517
1400 1588
1400 1606
1400 1848
1400 1923
1401 1432
1401 1816
1401 1850
1402 1516
1402 1688
1402 1793
1403 1443
1403 1638
1403 1651
1403 1691
1403 1757
1404 1449
1404 1540
1404 1873
1405 1431
1405 1709
1405 1719
1405 1766
1406 1628
1407 1692
1407 1940
1408 1563
1408 1882
1409 1773
1409 1923
1409 1985
1410 1561
1412 1615
1412 1659
1412 1810
1413 1738
1413 1781
1413 1797
1414 1546
1414 1585
1414 1655
1415 1481
1416 1562
1416 1586
1416 1686
1416 1980
1417 1554
1418 1485
1418 1714
1418 1725
1418 1862
1419 1562
1419 1767
1419 1867
1419 1988
1421 1622
1421 1765
1422 1515
1424 1462
1424 1898
1425 1695
1425 1851
1425 1953
1426 1459
1426 1562
1426 1654
1426 1675
1426 1988
1427 1821
1427 1839
1428 1845
1429 1537
1429 1705
1430 1941
1431 1955
1433 1503
1433 1841
1434 1461
1434 1488
1434 1509
1434 1589
1434 1867
1434 1935
1434 1971
1435 1918
1436 1455
1436 1627
1436 1743
1436 1879
1436 1981
1437 1791
1438 1451
1438 1497
1438 1499
1438 1645
1438 1702
1438 1723
1439 1623
1439 1691
1439 1732
1439 1847
1440 1467
1440 1469
1440 1603
1440 1658
1440 1861
1440 1988
1441 1573
1442 1830
1443 1524
1443 1541
1443 1788
1444 1505
1444 1671
1444 1859
1444 1936
1445 1478
1445 1501
1445 1513
1445 1568
1445 1603
1445 1670
1445 1799
1445 1996
1446 1727
1446 1868
1446 1977
1446 1998
1447 1862
1448 1879
1448 1917
1449 1601
1449 1719
1450 1945
1451 1690
1451 1693
1452 1510
1453 1557
1453 1683
1454 1855
1455 1487
1455 1588
1456 1616
1457 1482
1457 1516
1457 1597
1457 1677
1458 1776
1459 1605
1460 1482
1460 1626
1460 1763
1461 1969
1462 1673
1463 1575
1463 1908
1463 1941
1464 1505
1464 1649
1464 1732
1464 1873
1464 1883
1464 1985
1464 2000
1465 1547
1465 1691
1466 1535
1467 1626
1467 1805
1467 1828
1468 1563
1468 1781
1468 1909
1469 1683
1470 1756
1471 1721
1472 1653
1472 1686
1472 1922
1473 1598
1473 1914
1474 1648
1474 1756
1474 1765
1474 1938
1474 1956
1475 1628
1475 1789
1476 1622
1476 1635
1476 1834
1478 1623
1478 1690
1478 1818
1478 1872
1478 1998
1479 1704
1479 1744
1479 1862
1479 1971
1480 1484
1480 1921
1480 1986
1481 1673
1481 1831
1482 1651
1482 1894
1483 1507
1484 1655
1484 1659
1484 1790
1485 1687
1485 1796
1485 1863
1486 1595
1486 1658
1487 1623
1487 1744
1487 1784
1488 1677
1489 1495
1489 1586
1490 1640
1491 1517
1491 1700
1491 1821
1492 1678
1492 1949
1493 1611
1493 1717
1495 1687
1495 1788
1496 1620
1496 1873
1497 1562
1497 1597
1497 1653
1497 1917
1498 1566
1498 1936
1498 1997
1499 1535
1499 1538
1500 1771
1501 1502
1501 1833
1501 1852
1501 1887
1502 1703
1503 1578
1503 1591
1503 1602
1503 1994
1504 1731
1504 1945
1504 1961
1505 1813
1506 1717
1506 1887
1508 1836
1510 1614
1510 1915
1511 1627
1511 1676
1512 1592
1512 1715
1514 1648
1514 1715
1514 1728
1517 1665
1517 1939
1518 1864
1520 1672
1520 1928
1520 1933
1521 1886
1522 1950
1523 1874
1524 1716
1524 1874
1524 1944
1525 1688
1525 1832
1525 1915
1526 1639
1527 1616
1527 1630
1527 1951
1528 1571
1528 1811
1530 1675
1530 1894
1530 1964
1532 1606
1532 1918
1532 1979
1535 1617
1535 1881
1536 1876
1537 1600
1537 1999
1538 1709
1538 1796
1538 1832
1539 1729
1539 1752
1540 1636
1540 1716
1541 1858
1541 1984
1542 1659
1542 1666
1542 1734
1542 1805
1543 1632
1543 1855
1544 1702
1544 1716
1544 1815
1546 1790
1546 1844
1546 1962
1547 1669
1547 1711
1549 1590
1549 1693
1549 1870
1550 1594
1550 1689
1550 1842
1552 1929
1553 1619
1553 1683
1553 1789
1554 1832
1554 1837
1555 1706
1555 1709
1556 1710
1556 1737
1556 1791
1556 1962
1557 1790
1557 1933
1558 1695
1558 1715
1558 1757
1558 1957
1558 2000
1559 1745
1559 1891
1560 1642
1561 1884
1562 1910
1563 1795
1563 1927
1565 1944
1566 1948
1566 1997
1567 1971
1569 1689
1569 1730
1569 1867
1569 1985
1570 1591
1570 1723
1571 1854
1571 1907
1572 1689
1574 1598
1575 1810
1575 1868
1575 1869
1576 1782
1576 1915
1576 1952
1577 1851
1577 1980
1578 1939
1579 1681
1579 1721
1579 1746
1579 1763
1579 1835
1580 1637
1580 1819
1581 1780
1582 1697
1582 1701
1583 1917
1584 1742
1585 1999
1586 1791
1586 1807
1587 1748
1588 1750
1588 1825
1589 1756
1589 1812
1589 1984
1590 1979
1591 1794
1591 1922
1592 1845
1594 1771
1594 1798
1594 1850
1594 1903
1594 1915
1595 1651
1596 1637
1596 1779
1597 1808
1597 1970
1597 1985
1598 1651
1598 1669
1598 1696
1600 1672
1600 1990
1602 1963
1603 1980
1604 1786
1604 1969
1605 1882
1605 1968
1607 1974
1607 1992
1608 1822
1609 1671
1609 1824
1609 1899
1612 1837
1612 1896
1612 1979
1614 1656
1615 1659
1615 1885
1615 1915
1616 1903
1617 1846
1617 1992
1619 1812
1619 1820
1619 1925
1621 1765
1621 1827
1622 1785
1623 1652
1623 1761
1624 1654
1624 1736
1624 1770
1625 1631
1626 1921
1626 1986
1631 1943
1632 1687
1632 1705
1632 1707
1632 1741
1632 1860
1633 1635
1634 1672
1634 1784
1634 1849
1634 1859
1635 1714
1635 1752
1635 1809
1635 1969
1637 1646
1637 1654
1637 1896
1637 1899
1638 1691
1639 1874
1640 1742
1642 1707
1642 1857
1643 1890
1643 1895
1643 1916
1644 1703
1644 1748
1644 1845
1644 1882
1644 1982
1645 1884
1645 1975
1647 1855
1647 1931
1648 1684
1648 1889
1649 1837
1650 1732
1650 1875
1651 1788
1651 1864
1652 1722
1653 1686
1653 1828
1653 1971
1654 1972
1655 1839
1656 1856
1657 1798
1659 1846
1660 1838
1660 1918
1661 1701
1662 1718
1662 1720
1663 1735
1664 1793
1665 1791
1665 1909
1666 1688
1666 1948
1666 1953
1667 1683
1667 1718
1668 1860
1669 1703
1669 1960
1670 1851
1670 1975
1671 1946
1673 1725
1675 1676
1675 1795
1675 1920
1676 1706
1677 1745
1677 1851
1677 1864
1677 1944
1679 1702
1679 1981
1680 1793
1680 1848
1681 1892
1681 1928
1682 1749
1682 1797
1682 1840
1682 1867
1683 1709
1684 1885
1684 1998
1686 1728
1687 1757
1687 1810
1687 1937
1688 1785
1689 1719
1689 1794
1689 1949
1690 1967
1691 1817
1692 1862
1694 1816
1694 1824
1694 1924
1695 1900
1695 1929
1695 1978
1696 1727
1696 1780
1699 1707
1699 1817
1701 1740
1701 1803
1702 1762
1702 1831
1705 1720
1705 1751
1706 1787
1706 1795
1706 1896
1707 1890
1707 1968
1708 1976
1709 1801
1709 1960
1710 1714
1710 1750
1711 1806
1713 1860
1714 1799
1714 1883
1715 1950
1716 1720
1716 1740
1716 1758
1716 1838
1716 1938
1717 1782
1717 1899
1717 1928
1718 1787
1718 1814
1718 1947
1718 1983
1719 1866
1719 1930
1719 1961
1720 1880
1720 1996
1721 1809
1721 1898
1721 1900
1722 1774
1722 1916
1724 1840
1724 1971
1725 1742
1725 1830
1725 1951
1726 1851
1729 1772
1731 1790
1731 1905
1732 1775
1732 1838
1733 1762
1733 1959
1734 1818
1735 1906
1736 1843
1738 1774
1739 1877
1740 1814
1740 1866
1741 1992
1743 1777
1743 1854
1744 1810
1745 1768
1750 1907
1751 1861
1752 1881
1752 1976
1753 1800
1754 1797
1755 1769
1755 1798
1756 1905
1757 1791
1757 1814
1758 1812
1758 1859
1758 1861
1759 1928
1759 1953
1760 1826
1760 1937
1760 1996
1761 1904
1761 1912
1761 1920
1762 1880
1763 1871
1763 1921
1764 1779
1764 1842
1766 1848
1766 1979
1767 1835
1767 1890
1768 1783
1768 1845
1769 1873
1769 1954
1769 1973
1770 1813
1771 1857
1772 1840
1772 1896
1775 1798
1776 1874
1777 1797
1778 1903
1779 1901
1779 1969
1781 1899
1781 1926
1782 1938
1785 1994
1787 1801
1787 1929
1787 1973
1789 1921
1790 1836
1790 1863
1791 1888
1793 1939
1794 1823
1795 1803
1795 1879
1798 1912
1798 1952
1801 1874
1803 1892
1804 1842
1804 1965
1807 1880
1809 1869
1809 1952
1812 1912
1816 1960
1822 1897
1824 1964
1825 1920
1825 1931
1825 1953
1826 1897
1828 1976
1830 1910
1833 1884
1833 1936
1833 1970
1837 1927
1838 1908
1839 1861
1839 1865
1841 1872
1841 1901
1844 1988
1849 1906
1850 1996
1851 1860
1853 1861
1853 1950
1855 1858
1855 1961
1855 1991
1856 1935
1859 1986
1863 1944
1863 1988
1864 1971
1869 1873
1872 1877
1872 1909
1875 1903
1877 1990
1878 1977
1878 1990
1880 1953
1884 1979
1889 1998
1890 1933
1891 1905
1892 1905
1893 1929
1896 1916
1897 1899
1901 1936
1907 1982
1913 1965
1914 1933
1914 1989
1915 1979
1919 1990
1938 1980
1949 1971
1950 1954
1951 1987
1954 1997
1958 1959
1962 1994
1965 1970
1968 1977
1982 1998