2000
1 344
1 364
1 980
1 1164
1 1321
1 1909
2 239
2 1718
2 1830
3 342
3 701
3 839
3 842
3 1645
3 1843
4 308
4 622
4 1208
4 1661
4 1691
4 1980
5 941
5 1190
6 170
6 581
6 923
6 930
6 949
6 1103
6 1704
7 557
7 1264
7 1293
7 1915
7 1935
8 349
8 501
8 576
8 666
8 1480
8 1872
8 1884
9 15
9 47
9 326
9 1129
9 1618
9 1735
9 1762
10 36
10 265
10 780
10 1344
10 1577
10 1735
10 1935
11 1480
11 1611
11 1728
11 1915
12 159
12 232
12 974
12 1659
12 1996
13 324
13 717
13 1004
13 1313
13 1487
13 1662
13 1706
14 343
14 505
14 592
14 648
14 663
14 772
14 1132
14 1230
15 379
15 558
15 698
15 766
15 875
15 974
15 1004
15 1165
15 1284
15 1426
17 140
17 757
17 985
17 1370
17 1661
17 1817
17 1828
18 667
18 910
18 1052
19 473
19 1934
20 102
20 385
20 704
20 756
20 1813
21 131
21 675
21 1430
21 1455
21 1661
22 462
22 682
22 738
22 1010
23 450
23 463
23 1226
23 1707
24 932
24 1215
24 1363
24 1588
24 1857
25 123
25 228
25 658
25 717
25 1629
25 1855
26 1130
26 1490
27 38
27 218
27 1304
27 1797
28 191
28 566
28 702
28 1065
28 1535
28 1539
28 1598
29 982
29 1833
30 61
30 410
30 523
30 1495
30 1617
30 1742
31 526
31 587
31 1135
31 1355
31 1671
31 1732
31 1956
32 251
32 480
32 643
32 908
32 966
32 1342
32 1887
33 407
33 621
33 858
33 1761
34 71
34 608
34 1054
35 212
35 727
35 934
36 1077
36 1139
36 1196
36 1668
37 106
37 769
37 1576
38 89
38 1080
38 1099
38 1199
38 1226
38 1640
38 1656
38 1935
38 1998
39 137
39 568
39 1666
40 100
40 729
40 798
40 1358
40 1830
41 127
41 680
41 737
41 966
41 1031
41 1044
41 1312
41 1467
41 1581
41 1653
41 1827
41 1869
41 1966
42 668
42 1081
42 1138
42 1142
42 1725
43 259
43 301
43 912
43 1009
43 1136
43 1191
43 1365
44 193
44 291
44 392
44 470
44 584
44 942
44 956
44 1006
44 1209
44 1450
44 1564
45 468
45 993
45 1356
45 1475
46 596
46 877
46 1532
46 1851
46 1980
47 249
47 482
47 564
47 1058
47 1807
48 255
48 1822
49 1072
49 1154
49 1684
49 1945
50 811
50 1127
50 1294
50 1554
50 1901
51 260
51 942
51 963
51 1051
51 1223
51 1286
52 643
52 1098
52 1552
53 436
53 688
53 1818
54 107
54 725
54 793
54 1251
54 1524
54 1810
55 328
55 519
55 821
55 1662
55 1968
56 827
56 909
56 924
56 1214
56 1224
56 1752
56 1960
57 590
57 1157
57 1285
57 1573
57 1670
58 313
58 775
58 1376
59 366
59 454
59 581
59 1245
59 1290
59 1379
60 85
60 194
60 627
60 658
60 839
60 1175
60 1852
61 722
61 1144
61 1196
61 1521
61 1832
62 140
62 1055
62 1444
62 1475
62 1676
62 1964
63 210
63 238
63 493
63 573
63 678
63 993
63 1237
64 182
65 154
65 439
65 561
65 1384
66 775
66 818
66 867
66 892
66 1189
67 371
67 389
67 395
67 534
67 651
67 834
67 1300
67 1383
67 1645
67 1753
68 435
68 557
68 1005
68 1145
68 1736
68 1804
68 1848
69 489
69 626
69 1066
69 1107
69 1247
69 1607
70 118
70 595
70 782
70 1012
70 1599
70 1622
70 1940
71 744
71 1038
71 1996
72 283
72 411
72 984
72 1032
72 1106
72 1144
72 1369
72 1639
72 1655
73 408
73 1323
73 1723
73 1794
74 513
74 916
74 1659
74 2000
75 998
75 1374
76 147
76 393
76 472
76 1005
76 1060
76 1308
76 1330
77 285
77 848
77 1403
77 1810
77 1832
78 325
78 442
78 1326
78 1379
78 1806
79 133
79 156
79 188
79 359
79 796
79 1082
79 1420
79 1662
80 374
80 1192
80 1695
80 1781
80 1882
80 1895
81 1082
82 409
82 517
82 848
83 578
83 612
83 741
83 1462
83 1500
83 1805
84 1255
84 1276
85 1256
85 1308
85 1502
85 1794
86 128
86 904
86 1029
86 1364
86 1805
87 172
87 1246
87 1477
87 1683
87 1772
87 1906
87 1938
88 383
88 609
88 967
88 1224
88 1347
88 1364
88 1501
89 198
89 308
89 381
90 267
90 676
90 875
90 999
90 2000
91 592
91 874
91 1064
91 1772
92 290
92 1114
92 1157
92 1372
93 158
93 354
93 425
93 480
93 502
93 682
93 828
93 950
94 1026
94 1684
94 1723
95 180
95 355
95 458
95 729
95 1139
95 1196
95 1971
96 591
96 719
96 941
96 1654
97 1444
97 1816
98 451
98 573
98 600
99 333
99 577
99 687
99 983
99 1187
99 1244
99 1439
99 1516
99 1685
99 1772
99 1977
100 973
100 1289
100 1556
100 1685
100 1981
101 150
101 623
101 632
101 1535
102 783
102 1133
102 1812
103 890
103 1280
103 1321
104 446
104 904
104 1099
104 1281
105 370
105 667
105 784
105 1311
106 240
106 299
106 839
106 866
106 890
106 1007
106 1121
106 1383
107 172
107 504
107 1365
107 1510
107 1893
108 327
108 455
108 962
108 1008
108 1119
108 1793
109 192
109 724
109 1532
109 1571
109 1627
110 1511
110 1696
111 189
111 525
111 572
111 812
111 894
111 1777
112 505
112 655
112 828
112 1142
112 1513
113 510
113 1720
113 1821
114 222
114 1113
115 164
115 922
115 973
115 1572
115 1826
116 504
116 617
116 1621
116 1647
116 1720
117 128
117 158
117 683
117 850
117 1020
117 1045
117 1884
118 302
118 498
118 630
118 855
118 1355
118 1470
118 1959
119 581
119 592
120 234
120 699
120 739
120 1246
120 1643
121 265
121 299
121 432
121 849
121 1612
121 1702
121 1768
122 211
122 341
122 1440
123 1311
123 1492
123 1863
124 413
124 651
124 917
124 1219
124 1832
124 1863
124 1996
125 230
125 422
125 1085
125 1315
125 1432
126 716
126 960
127 691
127 1038
127 1533
127 1669
128 385
128 485
128 1199
129 436
129 994
129 1025
129 1160
129 1656
129 1883
130 306
130 440
130 1305
130 1648
130 1965
131 292
131 600
131 797
131 830
131 1506
131 1523
131 1905
132 692
132 720
132 844
132 936
132 950
132 974
132 1004
132 1025
132 1323
133 673
133 948
133 1333
133 1670
134 1000
134 1463
135 484
135 628
135 655
135 1067
135 1622
135 1856
135 1924
136 384
136 1093
136 1186
136 1833
137 215
137 305
137 664
137 668
137 900
137 1163
137 1584
137 1660
137 1963
138 299
138 755
138 1238
138 1592
138 1965
139 174
139 456
139 732
140 153
140 502
140 754
140 892
140 938
140 1304
140 1837
141 292
141 938
141 1049
141 1151
141 1342
141 1665
141 1750
142 473
142 510
142 625
142 856
142 1024
142 1141
142 1296
142 1637
142 1768
142 1998
143 198
143 1194
143 1350
143 1547
144 359
144 759
144 811
144 939
144 1092
144 1193
144 1201
144 1815
144 1909
145 185
145 601
145 689
145 962
145 1218
145 1420
145 1482
145 1918
145 1924
146 270
146 661
146 1390
146 1466
147 879
147 1173
147 1494
147 1688
147 1755
148 624
148 995
148 1275
148 1602
148 1645
148 1736
148 1958
149 285
149 443
149 842
149 877
149 998
149 1293
149 1520
149 1710
149 1784
150 413
150 895
150 1200
150 1432
150 1774
150 1781
151 694
151 967
151 1026
151 1472
151 1827
152 191
152 320
152 781
152 913
152 1567
153 364
153 505
153 1177
153 1838
154 718
154 721
154 775
154 856
154 1346
154 1722
154 1805
154 1816
154 1955
155 1826
155 1934
155 1960
156 796
156 1456
156 1636
156 1644
156 1927
157 348
157 837
157 919
157 1446
158 359
158 520
158 698
158 1219
159 662
159 711
159 860
159 1902
160 339
160 527
160 1172
160 1495
161 630
161 701
161 1075
161 1611
161 1665
161 1838
162 424
162 460
162 1175
162 1223
162 1463
162 1525
162 1672
162 1679
163 200
163 407
163 968
163 1029
163 1642
164 503
164 577
164 922
164 946
164 1168
164 1643
165 446
165 800
165 1342
166 474
166 567
166 706
166 1183
166 1519
166 1521
166 1978
167 239
167 436
168 222
168 236
168 394
168 994
168 1287
168 1313
168 1370
169 312
169 497
169 1171
169 1397
169 1472
169 1575
169 1775
170 736
170 774
170 866
170 1627
171 226
171 627
171 1466
172 717
173 204
173 1074
173 1526
174 927
174 1375
174 1559
175 1828
176 431
176 470
176 717
176 759
176 852
177 1031
177 1507
177 1722
178 307
178 319
178 402
178 521
178 738
178 750
178 947
178 1003
178 1141
178 1329
179 494
179 564
179 830
179 987
179 1112
179 1119
179 1177
179 1452
179 1719
179 1750
180 1176
180 1712
180 1829
181 381
181 712
181 887
181 957
181 1016
181 1102
181 1525
181 1816
182 383
182 1769
183 261
183 360
183 373
183 965
183 1597
183 1798
184 1807
185 435
185 773
185 939
185 1103
186 1156
186 1463
187 301
187 1064
187 1367
187 1965
188 651
188 775
188 1250
188 1315
188 1730
188 1806
189 1061
189 1636
190 545
190 622
190 871
191 1055
191 1367
191 1441
191 1468
192 194
192 293
192 702
192 809
192 1220
192 1791
192 1830
193 1480
193 1563
193 1575
194 509
194 867
194 1108
194 1567
194 1880
195 781
195 1028
195 1425
195 1598
195 1661
195 1697
195 1782
196 859
196 1320
196 1532
196 1702
197 435
197 456
197 845
197 1226
197 1531
197 1658
198 200
198 601
198 1353
198 1454
198 1984
199 244
199 564
199 606
199 798
199 1280
199 1535
199 1737
200 242
200 497
200 953
200 1056
200 1140
200 1903
201 276
201 1308
201 1905
202 355
202 886
202 1219
202 1807
202 1924
203 432
203 651
203 982
204 1081
204 1528
204 1832
204 1833
205 257
205 880
205 1232
205 1926
206 364
206 506
206 899
206 971
207 661
207 1166
207 1548
207 1674
208 239
208 1143
208 1205
209 316
209 363
209 563
209 887
210 223
210 883
210 946
210 998
210 1899
211 905
211 986
211 1016
211 1616
212 405
213 239
213 264
213 908
213 1304
213 1383
213 1479
215 651
215 682
215 1079
215 1278
215 1516
215 1612
215 1839
216 287
216 893
216 1590
216 1592
216 1613
216 1730
216 1832
216 1955
217 422
217 699
217 739
217 820
217 1046
217 1269
217 1491
218 349
218 639
218 903
218 1179
218 1181
218 1538
219 911
219 1242
219 1864
220 357
220 642
220 895
220 1118
220 1123
220 1262
220 1688
220 1774
220 1942
220 1989
221 290
221 644
221 1561
221 1805
221 1895
222 691
222 1249
222 1926
223 228
223 393
223 923
223 1459
224 312
224 531
224 707
224 929
224 1467
225 803
225 887
225 1163
225 1292
225 1860
225 1989
226 520
226 566
226 596
227 650
227 1120
227 1751
228 260
228 887
228 1121
228 1245
228 1570
228 1765
229 241
229 443
229 1119
230 792
230 1122
230 1172
230 1296
230 1598
231 835
231 843
231 1086
231 1936
232 715
232 951
232 1000
232 1445
232 1749
233 342
233 375
233 704
233 1207
234 646
234 1881
235 808
235 961
235 1107
235 1457
235 1507
235 1711
235 1743
235 1758
236 1483
237 637
237 925
237 1187
237 1237
237 1586
238 536
238 682
238 907
238 1327
238 1643
238 1779
238 1902
239 520
239 760
239 865
239 1016
239 1162
239 1606
240 468
240 1060
240 1460
240 1956
241 438
241 593
241 1100
241 1348
241 1536
241 1580
242 275
242 590
242 852
242 1184
242 1222
242 1265
242 1436
242 1675
243 404
243 602
243 647
243 788
243 1080
243 1236
243 1275
244 342
244 445
244 731
244 1180
244 1505
245 280
245 530
245 1391
245 1472
245 1690
245 1696
246 1323
247 608
247 1149
247 1479
247 1792
247 1871
248 635
248 879
248 1254
248 1294
248 1322
249 423
249 672
249 678
249 1656
249 1877
250 505
250 1059
250 1093
250 1231
251 322
251 539
251 956
251 1191
251 1449
251 1520
251 1716
251 1881
252 959
252 1130
252 1442
252 1948
253 316
253 1960
254 379
254 1141
254 1233
254 1303
254 1434
254 1852
255 264
255 282
255 975
255 1174
255 1295
255 1349
255 1801
256 718
256 984
256 1075
256 1902
257 695
257 883
258 1147
258 1585
259 427
259 1087
259 1725
259 1800
260 465
260 508
260 1131
260 1466
260 1940
261 288
261 447
261 468
261 490
261 911
261 939
261 1036
261 1173
261 1273
261 1582
261 1855
262 398
262 540
262 923
262 1104
262 1199
262 1527
263 349
263 425
263 982
264 982
264 1736
264 1918
265 310
266 523
266 1141
267 664
267 922
267 993
267 1229
267 1456
267 1739
267 1777
267 1854
267 1992
268 575
268 1265
268 1375
269 516
269 730
269 1327
269 1578
270 1225
270 1759
270 1775
271 703
271 774
271 1007
272 634
272 1105
272 1950
273 828
273 850
273 940
273 1056
273 1135
273 1522
273 1916
274 548
274 783
274 921
275 860
275 1424
276 442
276 628
276 760
276 967
276 1040
276 1729
276 1875
277 604
277 909
277 1349
278 434
278 746
278 771
278 783
278 922
279 1546
279 1685
280 1038
280 1301
281 702
281 985
281 1072
281 1936
282 596
282 637
282 1062
282 1357
283 601
283 805
283 1101
283 1610
284 478
284 513
284 638
284 797
285 681
285 828
285 1053
285 1057
285 1291
286 653
286 1159
286 1706
287 1020
287 1137
287 1698
287 1720
288 806
288 1694
288 1808
289 455
289 462
289 653
289 840
289 1324
290 346
290 722
290 829
290 858
290 882
290 955
291 303
291 431
291 503
291 1081
291 1496
292 297
292 714
292 1940
292 1958
293 945
293 1022
293 1260
293 1388
293 1682
293 1811
294 359
294 814
294 934
294 1441
294 1590
294 1610
295 1029
295 1584
295 1681
295 1834
296 1352
297 457
297 1092
297 1441
297 1864
297 1870
298 321
298 532
298 775
298 1706
299 424
299 1238
299 1281
299 1415
299 1529
300 571
300 1018
300 1119
300 1128
300 1291
300 1572
301 777
301 916
301 1555
302 305
302 445
302 1135
302 1192
302 1388
302 1894
303 799
304 1028
305 742
305 779
305 1051
305 1202
305 1441
305 1477
305 1655
306 314
306 1421
306 1759
306 1809
307 817
307 1334
307 1366
307 1459
308 1552
309 425
309 750
309 1636
309 1641
309 1845
310 520
310 559
310 673
310 759
310 791
310 809
310 1365
310 1609
311 407
311 779
311 795
311 847
311 1167
311 1477
312 1210
312 1292
312 1344
313 679
313 760
313 827
313 1162
313 1361
313 1754
314 351
314 555
314 690
314 981
314 1313
315 1714
315 1833
316 395
316 686
316 1061
316 1400
317 603
317 1483
318 1396
318 1404
318 1445
318 1466
319 1000
319 1371
319 1909
319 1985
320 465
320 695
320 1489
320 1881
320 1965
321 917
321 1131
321 1260
321 1298
321 1614
322 427
322 455
322 738
322 776
322 1250
322 1277
322 1366
323 1173
323 1632
323 1791
324 541
324 549
324 660
324 1249
324 1465
324 1520
324 1541
324 1731
324 1986
325 1292
325 1336
325 1616
326 477
326 542
326 1069
326 1980
327 435
327 812
327 1654
327 1753
327 1964
328 513
328 769
328 859
328 986
328 1163
328 1274
329 371
329 460
329 487
329 639
329 751
329 1063
329 1219
329 1548
329 1811
329 1912
330 473
330 824
330 833
330 1029
330 1272
330 1497
331 501
331 532
331 940
331 1058
331 1477
332 546
332 719
332 780
332 1362
332 1577
332 1817
332 1848
333 460
333 1660
334 407
334 638
334 1184
334 1324
334 1459
334 1610
335 779
335 835
335 1965
336 1445
336 1515
336 1748
336 1769
336 1816
336 1821
337 1107
337 1122
337 1316
337 1384
338 592
338 858
338 1366
338 1505
338 1566
339 1137
339 1207
339 1272
339 1785
340 501
340 835
340 877
340 1487
341 453
341 980
341 1004
341 1292
341 1322
341 1592
342 508
343 788
343 1127
343 1309
343 1935
344 462
344 483
344 904
344 1187
345 1524
346 524
346 903
346 1376
346 1772
346 1963
347 755
347 931
347 1633
347 1678
347 1817
347 1882
348 1532
349 926
349 1051
349 1109
349 1709
349 1769
350 1105
350 1765
350 1781
351 515
351 545
351 886
351 1295
351 1876
352 514
352 1677
352 1967
353 1120
353 1820
354 478
354 496
354 525
354 905
354 1541
355 579
355 670
355 713
355 1139
355 1491
356 1368
356 1655
357 775
358 1937
359 532
359 1676
359 1844
359 1923
360 635
360 1038
361 581
361 905
361 1228
361 1321
361 1402
361 1764
362 376
362 394
362 477
362 548
362 1187
362 1414
362 1462
362 1822
363 658
363 1480
363 1923
364 421
364 1176
364 1784
365 493
365 956
365 1358
365 1386
366 580
366 790
366 972
366 1065
366 1352
366 1516
367 1244
367 1479
367 1484
367 1854
368 626
368 769
368 979
368 1075
368 1479
368 1524
368 1792
368 1919
369 639
369 973
369 1431
369 1551
370 1182
371 1061
371 1470
371 1714
371 1904
372 430
372 721
373 731
373 1069
373 1732
373 1819
373 1989
374 926
374 1088
375 505
375 549
375 682
375 906
375 1386
376 396
376 586
376 602
376 910
376 1065
376 1196
377 488
377 626
377 1238
377 1804
377 1925
378 639
378 870
379 512
379 679
379 1107
379 1268
379 1397
380 570
380 1183
380 1479
380 1622
380 1774
380 1908
381 604
381 1129
381 1143
381 1837
381 1988
382 549
382 1247
382 1331
383 744
383 1038
383 1109
383 1164
383 1243
383 1629
383 1789
383 1812
383 1924
384 707
384 1579
385 712
385 1185
385 1608
385 1631
386 719
387 812
387 1774
387 1935
388 465
388 571
388 603
388 722
388 844
388 952
388 1076
388 1249
388 1413
388 1938
389 756
389 819
389 941
389 1456
389 1525
389 1743
389 1793
390 617
390 829
390 1074
390 1369
390 1392
390 1873
391 1522
391 1973
392 876
392 1848
392 1957
393 581
393 708
394 754
394 1117
394 1611
394 1627
395 512
395 959
395 1097
395 1626
396 580
396 635
396 665
396 1136
397 588
397 737
397 897
397 969
397 979
397 1649
397 1856
398 1863
399 1665
399 1686
399 1775
400 1176
400 1252
400 1358
400 1449
400 1639
400 1704
400 1860
400 1861
401 645
401 763
401 1444
401 1657
401 1774
401 1913
402 540
402 916
402 1080
402 1677
402 1938
403 1191
404 418
404 982
404 1264
404 1408
404 1429
405 1018
405 1030
405 1127
405 1279
405 1587
406 667
406 1083
406 1182
406 1230
406 1620
407 869
407 1403
407 1944
408 730
408 777
408 887
408 951
408 1289
408 1975
409 897
409 1264
409 1332
409 1371
410 632
410 1089
410 1718
410 1981
412 549
412 970
412 1386
412 1540
412 1559
412 1925
413 419
413 518
413 781
413 1167
413 1324
413 1757
414 759
414 1234
414 1559
414 1631
414 1670
414 1992
415 575
416 469
416 484
416 1643
417 520
417 730
417 1078
417 1436
418 687
418 1213
418 1217
418 1357
418 1493
418 1591
418 1603
419 473
419 1422
419 1822
420 733
420 1382
421 700
421 1227
421 1384
421 1422
421 1600
421 1665
422 657
422 799
423 558
423 636
423 837
423 1834
423 1954
423 1967
423 1981
424 721
424 1196
424 1341
424 1381
425 508
425 1091
426 776
426 1039
427 724
427 938
427 1195
427 1201
427 1285
427 1508
427 1871
428 559
428 578
428 631
428 936
429 822
429 825
429 877
429 1147
429 1193
429 1278
429 1570
429 1667
429 1732
430 472
430 1317
430 1958
431 772
431 1058
431 1221
431 1926
432 794
432 1607
432 1611
432 1622
433 495
433 1582
433 1942
434 667
434 1677
434 1827
435 1453
435 1896
436 520
436 718
436 928
436 1694
437 496
437 1047
437 1114
437 1122
437 1154
437 1529
437 1548
437 1721
437 1983
438 1280
438 1610
439 760
440 678
440 762
440 926
440 1172
440 1715
441 512
441 1174
441 1987
442 816
442 927
442 1525
442 1530
442 1688
443 931
443 1277
443 1282
443 1724
444 584
444 708
444 1185
444 1888
445 667
445 866
445 1076
446 466
446 1161
446 1973
447 630
447 695
447 718
448 724
448 1216
448 1345
448 1366
448 1707
448 1859
449 1150
449 1875
450 1367
450 1530
451 841
451 1184
451 1766
451 1830
452 461
452 474
452 614
452 709
452 760
452 826
452 828
452 947
452 1644
452 1703
453 492
453 645
453 1069
453 1655
453 1759
453 1971
454 848
454 1713
454 1744
455 1332
455 1523
456 948
456 1234
456 1318
456 1370
457 1674
457 1727
457 1778
457 1873
457 1886
458 557
458 695
458 1380
458 1393
458 1503
458 1857
459 1141
459 1576
459 1629
459 1638
459 1858
460 625
460 850
460 856
460 1041
460 1082
460 1673
460 1675
460 1871
460 1982
461 1044
461 1352
461 1485
462 1121
462 1907
462 1998
463 722
463 925
463 1022
463 1554
464 744
464 757
464 946
464 1049
464 1193
464 1641
465 1133
465 1455
466 493
466 494
466 629
466 1182
466 1905
466 1998
467 654
467 1660
468 1450
468 1666
468 1821
469 496
469 713
469 1053
469 1185
469 1336
470 556
470 626
470 1205
471 697
471 745
471 770
471 881
471 946
471 1147
471 1205
471 1416
472 1213
472 1303
472 1351
472 1989
473 898
473 975
473 1031
473 1530
474 640
474 666
474 1253
474 1416
475 863
475 1046
476 802
476 1115
476 1642
476 1878
477 540
477 606
477 755
477 1022
477 1163
477 1237
478 657
478 1630
478 1783
479 639
479 1343
479 1378
479 1811
480 972
480 1193
480 1735
480 1846
481 502
481 552
482 877
482 1675
483 1002
483 1670
484 1138
485 529
485 1095
485 1211
485 1276
485 1438
486 647
486 684
486 1025
486 1931
487 1041
488 1166
488 1859
489 498
489 556
489 1264
490 648
490 834
490 1336
490 1565
490 1609
490 1782
490 1852
491 541
491 1005
491 1102
491 1104
491 1204
492 1680
493 520
493 1255
493 1891
494 759
494 1346
494 1603
494 1606
494 1637
494 1696
494 1947
495 821
495 1366
496 988
496 1369
496 1662
496 1865
497 772
497 820
497 888
497 958
497 1871
498 902
498 1190
498 1774
498 1921
499 635
499 1066
499 1229
499 1562
499 1586
500 1141
501 1005
501 1431
501 1570
501 1690
501 1733
502 1183
502 1224
502 1608
502 1800
503 1162
503 1611
503 1779
504 694
504 1315
504 1318
505 776
505 1107
505 1159
505 1474
505 1701
506 959
506 1104
506 1261
506 1601
506 1678
506 1692
506 1815
507 793
507 1351
508 1002
509 566
509 615
509 1047
509 1089
509 1527
510 994
510 1229
510 1299
510 1491
512 774
512 1171
512 1370
512 1469
512 1737
512 1951
513 635
513 1234
513 1450
514 598
514 1815
515 627
515 1270
515 1282
515 1295
515 1710
516 1013
516 1122
516 1973
517 1270
518 884
518 1887
519 962
519 1718
520 644
520 827
520 1198
520 1931
521 612
521 1082
521 1174
521 1870
521 1967
522 895
522 1306
522 1697
522 1899
523 1594
523 1769
524 542
524 1895
525 1011
525 1191
525 1442
525 1651
525 1781
525 1795
526 750
526 1602
527 530
527 1174
527 1952
527 1982
528 820
528 973
528 1058
528 1603
528 1725
529 715
529 729
529 1986
530 535
530 1174
530 1350
531 803
531 1005
531 1435
532 569
532 847
532 1400
532 1510
533 867
533 959
533 1114
533 1509
533 1513
533 1669
534 644
534 652
534 937
535 1076
535 1457
535 1526
535 1664
536 878
536 1304
536 1319
537 718
537 1701
538 1619
539 1097
539 1327
539 1846
540 617
540 667
541 1155
541 1696
541 1798
543 928
543 1563
543 1628
543 1630
544 1556
544 1749
545 1009
545 1319
546 1356
547 678
547 998
547 1087
547 1652
548 712
548 970
548 1023
548 1168
548 1388
548 1583
549 983
549 1170
549 1512
549 1864
550 1000
550 1182
550 1385
550 1517
550 1558
551 1156
551 1368
552 637
553 582
553 785
553 1589
553 1849
554 766
555 611
555 948
555 1177
555 1413
555 1846
555 1916
555 1966
556 1114
556 1383
556 1587
556 1694
556 1734
556 1887
557 942
557 1109
560 609
560 980
560 1554
560 1591
561 574
561 901
561 1217
561 1345
561 1388
561 1778
562 646
562 1042
562 1354
562 1917
563 1417
563 1936
564 1978
565 782
565 936
565 1664
565 1668
566 1133
566 1537
566 1628
566 1905
566 1990
567 811
567 960
567 1235
567 1258
567 1598
567 1674
568 613
568 918
568 1651
568 1802
569 602
569 855
570 607
570 879
570 1431
570 1592
570 1862
571 1023
571 1096
571 1158
572 1317
572 1439
573 684
573 1165
573 1658
573 1736
573 1807
574 608
574 621
574 998
574 1290
575 670
575 843
575 1011
575 1212
576 987
576 1367
577 929
577 1051
577 1170
577 1455
578 997
578 1259
578 1559
578 1676
579 1474
579 1647
580 663
580 905
580 1177
581 1051
581 1061
581 1085
581 1208
581 1257
581 1378
582 714
582 1165
582 1693
583 618
583 733
583 987
583 1578
583 1827
584 949
584 1318
584 1581
586 853
586 965
586 1018
586 1195
586 1979
587 625
587 799
587 952
587 1055
587 1882
588 774
588 1174
588 1405
588 1468
588 1677
589 864
589 1171
590 645
590 803
590 937
590 1923
590 1982
591 1130
591 1198
591 1235
591 1807
592 645
592 710
592 1974
593 773
593 1469
594 1316
594 1491
595 664
595 1276
595 1280
595 1376
595 1531
595 1547
596 733
596 993
596 1822
597 923
597 1892
597 1913
598 975
598 1498
598 1571
598 1683
598 1698
599 690
599 1261
601 720
601 847
601 1185
601 1231
601 1689
601 1727
601 1934
602 876
602 1167
603 671
603 805
603 1619
603 1876
604 1443
604 1546
604 1822
605 1070
605 1904
606 693
606 914
606 926
606 1019
606 1989
607 1070
607 1126
607 1270
607 1385
607 1561
607 1761
608 785
608 974
608 1055
608 1331
609 679
609 1003
609 1458
609 1481
609 1738
609 1961
610 651
611 639
611 826
611 1943
612 652
612 1439
613 707
613 796
613 1439
613 1456
613 1497
614 798
614 1168
614 1745
614 1930
615 802
615 1540
615 1786
616 761
616 997
616 1036
616 1139
616 1487
616 1699
616 1771
617 644
617 1003
617 1053
617 1317
617 1766
618 1270
618 1285
618 1723
618 1783
618 1828
619 1230
619 1243
619 1572
619 1958
620 1130
620 1445
620 1692
621 1033
621 1070
621 1529
621 1868
621 1883
622 779
622 1080
622 1125
622 1520
622 1551
623 887
623 1321
624 676
624 1349
624 1853
624 1887
625 978
625 1477
625 1849
626 835
626 1184
626 1751
627 675
627 1023
627 1657
627 1781
627 1881
628 751
628 936
628 1183
628 1761
629 689
629 731
629 1234
629 1802
630 845
631 831
631 1055
631 1273
631 1376
631 1531
631 1897
632 682
632 1327
632 1396
633 802
633 878
633 1000
633 1241
633 1941
634 921
634 1676
634 1702
635 1611
636 720
636 1158
636 1444
636 1599
637 1031
637 1081
637 1234
637 1911
638 1814
639 694
639 754
639 1229
639 1288
639 1577
639 1786
639 1935
639 1950
640 869
640 1142
640 1752
641 899
641 1118
641 1533
641 1941
641 1978
642 1275
642 1493
642 1533
642 1568
642 1698
643 1804
644 751
644 1483
644 1685
645 703
645 813
645 1252
645 1820
646 689
646 1115
646 1568
646 1727
647 936
647 1469
647 1647
648 680
648 1092
648 1231
648 1578
649 1128
649 1131
649 1215
649 1516
649 1546
650 1435
650 1895
651 1138
651 1541
652 1132
652 1362
652 1440
653 1334
653 1595
653 1639
653 1880
653 1911
654 1532
655 871
655 1109
655 1347
655 1448
656 772
656 1649
657 1635
657 1760
657 1777
658 926
658 995
658 1149
658 1850
659 750
659 1369
659 1480
659 1622
660 854
660 1452
660 1462
660 1463
660 1786
660 1975
661 1240
661 1570
661 1636
662 806
662 873
662 1630
662 1720
662 1880
663 1008
663 1040
663 1111
663 1241
663 1605
663 1677
664 784
664 1111
664 1246
664 1812
664 1914
664 1945
664 1985
665 685
665 1798
666 811
666 995
666 1345
666 1413
666 1751
666 1915
666 1959
667 914
667 1058
667 1145
667 1384
667 1425
667 1764
668 866
668 911
668 1090
668 1290
668 1613
668 1835
668 1913
669 725
669 1988
670 1706
670 1778
671 1481
671 1980
672 1152
672 1238
672 1487
672 1768
673 895
673 1065
673 1071
673 1142
673 1408
673 1482
674 899
674 1178
674 1488
675 1085
675 1184
675 1833
677 692
677 729
677 967
677 1120
677 1161
677 1238
678 1260
678 1973
679 1079
679 1191
679 1259
681 1061
681 1914
682 1208
682 1291
682 1382
683 898
683 1507
684 760
684 1039
684 1539
684 1904
685 763
685 1989
686 1054
687 724
687 776
687 1192
687 1308
687 1758
687 1874
688 1017
688 1662
688 1709
689 1230
689 1859
690 704
690 805
690 878
690 1170
690 1480
691 1142
691 1581
692 745
692 1000
692 1679
692 1701
692 1798
693 867
693 902
694 1031
694 1918
695 928
695 1108
695 1551
696 1585
697 1670
698 1427
698 1459
698 1771
698 1964
699 1178
700 764
700 1322
700 1456
700 1895
701 779
701 1169
701 1358
701 1939
702 1188
702 1410
702 1588
702 1856
702 1951
703 1396
703 1710
703 1777
704 959
704 1396
705 828
705 926
705 1082
706 895
706 1751
706 1996
707 1898
707 1943
708 796
708 849
708 868
708 881
709 1067
709 1723
710 916
710 1024
711 764
711 870
711 1150
712 1248
712 1945
713 1196
713 1610
714 1057
714 1652
714 1715
714 1766
715 1625
716 1012
716 1862
716 1868
717 843
717 1323
717 1695
717 1876
718 754
718 1725
718 1836
719 1081
719 1232
719 1376
719 1498
719 1558
719 1816
720 839
720 926
720 1361
720 1938
721 1006
721 1264
721 1506
721 1694
721 1849
722 1479
723 893
723 957
723 1339
723 1408
723 1915
723 1983
724 1321
724 1604
725 767
726 1004
726 1591
727 760
727 1023
727 1077
727 1086
727 1537
727 1553
727 1946
728 1879
729 1623
729 1717
730 1141
730 1669
731 1241
731 1423
732 741
732 1126
733 934
734 790
734 817
734 1077
734 1756
735 1032
735 1353
735 1472
736 1035
737 753
737 979
737 1302
737 1333
738 955
738 1262
739 1469
740 879
740 993
740 1105
740 1173
741 1028
741 1137
741 1233
741 1245
741 1360
741 1590
742 1242
742 1352
742 1499
742 1646
743 1861
744 1474
745 879
745 1385
745 1713
745 1748
746 1453
746 1856
747 852
747 882
747 929
747 951
747 997
747 1274
747 1456
747 1540
747 1762
748 948
748 1754
749 1056
749 1151
750 1180
750 1925
751 1485
751 1589
751 1913
752 753
752 872
752 996
752 1104
752 1288
753 1247
753 1491
753 1698
754 1050
754 1259
754 1416
754 1896
755 772
755 1080
755 1468
756 1401
756 1713
756 1939
758 1915
759 1707
759 1965
760 815
760 1048
760 1366
760 1465
761 1049
761 1052
761 1934
762 782
762 1271
762 1455
763 1674
763 1965
764 1192
765 866
765 1097
766 1000
766 1817
767 962
767 1091
767 1373
767 1558
767 1566
767 1609
767 1850
767 1879
768 1414
769 1041
769 1239
769 1979
771 1872
771 1938
772 1201
772 1226
772 1679
772 1715
772 1856
772 1912
773 1039
773 1064
773 1566
774 1078
775 882
775 919
775 1354
775 1462
775 1880
776 789
776 1116
776 1250
777 1286
777 1900
778 1753
779 847
779 1224
779 1683
780 840
780 1354
780 1449
780 1519
780 1900
780 1918
781 1806
782 1078
783 1955
784 901
784 1320
785 1267
785 1739
786 811
786 1037
786 1105
786 1198
787 987
787 1570
788 882
788 941
788 1178
789 929
789 1335
789 1446
789 1701
790 1383
791 862
791 1081
791 1396
791 1538
792 801
792 1099
792 1623
792 1923
793 1705
794 1878
795 910
795 1869
796 1532
796 1808
796 1954
797 903
797 1226
797 1492
797 1531
798 1730
798 1858
798 1898
799 872
799 930
799 940
799 1470
799 1592
799 1602
800 896
800 1105
800 1147
800 1349
800 1645
800 1943
801 1189
801 1935
802 1454
802 1730
803 1566
804 1838
805 1619
806 1146
806 1346
806 1531
807 1402
808 1146
808 1255
808 1635
809 1299
809 1967
810 1446
810 1713
810 1901
811 1013
811 1064
811 1318
812 1991
813 970
813 1559
813 1995
814 1442
814 1893
814 1972
815 881
815 1053
815 1241
815 1244
815 1599
815 1825
815 1833
816 1136
816 1407
816 1441
816 1566
818 930
818 1658
818 1880
819 855
820 911
820 993
820 1231
820 1245
820 1367
821 1559
821 1650
821 1972
822 1118
822 1312
822 1901
823 1441
824 1320
824 1683
824 1714
824 1850
824 1890
825 1236
825 1347
825 1838
826 1294
826 1354
826 1638
826 1912
827 1833
828 1126
828 1505
829 1039
829 1141
829 1340
830 1291
830 1580
830 1821
831 1026
831 1441
831 1574
831 1970
832 1151
832 1745
833 1423
833 1769
833 1827
834 1460
834 1720
835 837
835 1057
835 1156
835 1430
835 1838
837 1191
837 1392
837 1599
837 1843
838 897
838 1398
839 1192
839 1295
840 939
840 1025
840 1394
841 887
841 1334
841 1712
841 1794
842 1207
842 1498
843 939
843 1158
843 1523
843 1764
843 1998
844 1131
844 1231
844 1891
845 983
845 1457
845 1906
846 1552
847 1525
847 1663
848 1086
848 1930
849 1462
849 1509
849 1551
849 1648
849 1844
850 1403
850 1584
850 1588
850 1743
851 1425
852 900
852 1211
852 1579
853 923
853 1058
853 1130
853 1295
854 1464
854 1919
854 1976
855 1148
855 1238
855 1312
855 1467
855 1898
856 1089
856 1418
856 1476
857 960
857 1191
857 1377
857 1752
857 1819
858 1944
859 1740
860 1083
860 1118
860 1503
860 1780
860 1837
861 1316
862 1206
862 1231
862 1822
863 878
863 1247
863 1266
863 1323
863 1410
863 1448
864 1057
864 1183
864 1357
864 1387
864 1832
864 1848
866 1033
866 1532
866 1543
866 1552
866 1642
867 944
867 1492
867 1532
867 1668
867 1857
869 1090
869 1117
869 1143
869 1922
870 1414
870 1976
871 1389
871 1392
871 1820
872 884
872 961
872 1516
872 1665
872 1851
873 920
873 1087
873 1444
874 1938
875 1248
875 1405
875 1754
875 1814
875 1851
875 1901
877 946
877 958
877 1030
877 1216
878 1295
878 1360
878 1580
878 1683
878 1848
878 1905
879 1572
880 1146
882 1106
882 1425
883 1807
883 1865
884 897
884 1187
884 1959
885 1617
886 930
886 1545
886 1546
887 1232
887 1243
887 1510
887 1889
888 1020
888 1130
888 1191
888 1364
888 1997
889 1144
889 1728
890 1055
890 1119
890 1149
890 1386
890 1397
890 1446
890 1671
891 1005
891 1172
891 1194
891 1641
891 1993
892 920
892 943
892 966
892 1410
892 1565
892 1972
893 997
893 1701
894 1270
896 912
896 1084
896 1307
896 1519
896 1774
897 1085
897 1345
897 1840
897 1967
898 996
898 1770
898 1855
898 1960
899 1082
899 1148
899 1208
899 1407
901 1327
901 1769
901 1941
902 1152
903 1060
904 1496
904 1619
905 959
905 1096
905 1201
905 1405
905 1421
905 1544
905 1686
905 1746
905 1859
906 1125
906 1367
906 1412
906 1712
908 941
908 1125
908 1321
908 1408
908 1570
909 1415
909 1504
910 1245
910 1262
911 1329
911 1952
912 1397
913 1027
913 1610
913 1760
914 1153
914 1391
914 1618
914 1789
914 1973
915 935
915 1016
915 1214
915 1447
915 1673
915 1696
916 1221
916 1386
916 1607
916 1806
917 1882
918 980
918 1015
918 1044
918 1050
918 1870
918 1923
918 1986
919 1681
919 1752
919 1946
920 1122
920 1526
920 1566
922 957
922 1088
922 1158
922 1697
923 925
923 1229
923 1552
923 1908
924 1399
925 1456
925 1583
925 1680
925 1699
925 1703
925 1724
925 1795
925 1870
926 1419
926 1504
927 1127
928 955
928 1334
928 1351
929 1687
929 1981
930 1120
930 1780
931 1904
932 1819
932 1886
933 1196
933 1227
933 1482
933 1710
933 1751
933 1771
933 1838
934 1804
934 1887
934 1923
935 1060
935 1149
935 1785
936 1640
936 1980
936 1998
937 963
937 1636
937 1772
937 1833
938 1588
938 1747
939 974
939 1496
939 1777
940 1038
940 1143
940 1488
940 1609
940 1662
940 1925
941 1316
942 1355
943 1330
944 1380
944 1656
945 1179
945 1751
946 1131
947 1219
947 1474
947 1966
949 971
949 1176
949 1552
949 1871
950 1099
950 1416
950 1489
950 1566
950 1688
950 1945
951 1207
951 1866
952 1468
952 1563
952 1864
952 2000
953 1015
953 1934
954 1108
954 1582
954 1593
955 1115
955 1225
955 1346
955 1442
955 1779
956 1501
956 1822
957 969
957 1117
957 1143
957 1696
957 1822
958 1309
958 1375
958 1448
958 1618
959 1233
960 1095
960 1437
960 1486
960 1787
960 1948
961 1019
961 1136
961 1438
962 1101
962 1131
963 1189
963 1518
963 1814
964 1045
964 1164
964 1215
964 1951
965 1059
965 1946
966 1366
966 1557
966 1780
967 969
967 997
967 1383
967 1509
967 1544
967 1922
968 1403
968 1518
968 1980
969 1761
970 1070
970 1547
970 1596
970 1851
971 1026
971 1037
971 1290
971 1479
971 1694
972 1407
972 1883
973 1139
973 1487
973 1512
973 1915
973 1941
974 1167
974 1532
974 1850
974 1927
975 1142
976 1142
977 1007
977 1315
977 1612
978 1133
978 1343
978 1437
979 1670
980 1468
980 1569
980 1608
980 1656
980 1750
980 1805
981 1612
982 1676
983 1078
983 1506
983 1981
984 1219
984 1244
984 1340
984 1494
984 1498
985 1322
985 1442
985 1594
985 1796
985 1814
985 1996
986 990
986 1156
986 1779
986 1934
987 1489
987 1682
987 1746
987 1782
987 1795
988 1317
988 1512
988 1972
989 1150
989 1778
990 1511
990 1596
991 1046
991 1096
991 1245
991 1332
991 1346
992 1190
994 1160
994 1210
994 1724
995 1214
995 1607
995 1690
995 1963
996 1392
997 1142
997 1690
997 1797
997 1921
997 1953
998 1009
998 1484
998 1493
998 1639
998 1735
999 1237
999 1293
1000 1379
1000 1626
1002 1667
1002 1840
1003 1049
1003 1160
1003 1567
1004 1011
1004 1116
1004 1204
1004 1470
1004 1957
1005 1248
1005 1366
1005 1515
1005 1558
1005 1735
1006 1565
1006 1578
1006 1607
1006 1974
1007 1301
1007 1506
1007 1924
1008 1882
1010 1491
1010 1892
1012 1605
1012 1769
1012 1793
1012 1889
1013 1850
1013 1886
1014 1418
1015 1115
1015 1377
1015 1621
1015 1742
1016 1490
1016 1545
1016 1591
1016 1897
1017 1317
1017 1326
1017 1721
1017 1869
1018 1021
1018 1249
1018 1306
1018 1491
1018 1515
1018 1995
1021 1273
1022 1647
1023 1078
1023 1173
1024 1191
1024 1768
1024 1886
1025 1243
1025 1412
1026 1048
1026 1361
1026 1458
1026 1602
1026 1626
1027 1724
1028 1519
1028 1715
1029 1458
1030 1910
1031 1113
1031 1151
1032 1899
1032 1911
1032 1954
1032 1982
1033 1730
1034 1074
1034 1111
1034 1177
1034 1848
1035 1763
1035 1817
1036 1091
1036 1116
1036 1329
1036 1457
1036 1587
1036 1710
1036 1876
1036 1925
1037 1156
1038 1413
1038 1700
1038 1719
1039 1092
1039 1185
1039 1478
1039 1996
1040 1482
1041 1085
1041 1371
1042 1679
1042 1682
1042 1764
1043 1634
1043 1792
1044 1123
1044 1298
1044 1624
1044 1861
1045 1556
1045 1802
1045 1817
1046 1662
1046 1809
1047 1432
1047 1817
1048 1726
1049 1374
1049 1599
1049 1668
1050 1087
1050 1306
1052 1690
1052 1908
1053 1577
1054 1372
1054 1890
1055 1062
1055 1276
1055 1544
1055 1629
1055 1850
1056 1598
1057 1304
1057 1603
1057 1710
1061 1631
1061 1703
1061 1917
1062 1074
1062 1231
1062 1452
1062 1777
1062 1781
1063 1086
1063 1774
1064 1190
1066 1225
1066 1608
1066 1714
1066 1978
1066 1979
1068 1271
1068 1317
1068 1685
1068 1691
1068 1956
1069 1509
1069 1723
1070 1818
1071 1461
1072 1234
1072 1294
1073 1080
1073 1086
1074 1286
1075 1246
1075 1661
1076 1213
1076 1225
1076 1262
1076 1416
1076 1584
1076 1589
1077 1343
1077 1562
1077 1886
1078 1320
1079 1666
1080 1537
1080 1609
1081 1725
1081 1793
1082 1413
1082 1875
1084 1488
1084 1582
1084 1988
1085 1870
1086 1430
1088 1101
1088 1918
1089 1307
1089 1541
1090 1416
1090 1445
1090 1467
1091 1894
1092 1335
1093 1139
1093 1144
1093 1418
1093 1529
1093 1981
1095 1225
1095 1491
1095 1641
1096 1458
1096 1550
1097 1325
1098 1239
1098 1354
1098 1491
1098 1871
1098 1881
1099 1230
1100 1444
1100 1983
1101 1577
1101 1600
1101 1701
1101 1830
1102 1276
1102 1327
1102 1769
1103 1150
1103 1270
1103 1479
1105 1466
1105 1468
1105 1713
1105 1897
1106 1670
1107 1232
1107 1410
1107 1494
1107 1635
1107 1656
1107 1935
1108 1141
1108 1212
1108 1493
1108 1897
1109 1591
1109 1890
1109 1903
1110 1450
1110 1510
1111 1663
1112 1175
1112 1473
1112 1542
1112 1912
1113 1152
1113 1980
1114 1311
1114 1395
1114 1582
1114 1724
1114 1902
1116 1409
1117 1136
1117 1241
1117 1445
1117 1916
1118 1248
1118 1808
1118 1989
1120 1454
1120 1712
1120 1748
1121 1468
1121 1643
1122 1241
1122 1316
1122 1529
1123 1206
1123 1635
1123 1815
1125 1394
1125 1516
1125 1796
1125 1866
1126 1136
1126 1156
1126 1230
1126 1405
1126 1815
1126 1909
1126 1929
1128 1804
1129 1164
1129 1321
1129 1609
1129 1656
1130 1358
1130 1549
1131 1148
1131 1184
1131 1468
1131 1734
1131 1983
1132 1170
1132 1177
1132 1404
1132 1617
1132 1776
1133 1190
1133 1324
1133 1556
1133 1891
1134 1154
1134 1568
1134 1569
1134 1855
1134 1932
1135 1161
1135 1270
1135 1303
1135 1442
1136 1307
1136 1333
1136 1644
1136 1668
1136 1864
1137 1531
1138 1391
1138 1801
1141 1458
1141 1675
1141 1779
1141 1901
1142 1465
1142 1466
1142 1848
1143 1751
1144 1306
1144 1356
1146 1807
1146 1853
1146 1988
1148 1294
1149 1171
1149 1840
1150 1167
1150 1454
1150 1817
1152 1164
1153 1716
1154 1543
1154 1824
1155 1598
1155 1623
1155 1741
1156 1157
1157 1536
1157 1643
1158 1484
1158 1689
1158 1742
1161 1344
1161 1556
1162 1357
1162 1921
1164 1507
1164 1695
1165 1988
1166 1309
1166 1585
1166 1747
1166 1748
1167 1776
1168 1196
1168 1355
1168 1358
1168 1647
1169 1360
1170 1922
1171 1578
1171 1638
1171 1919
1171 1969
1172 1393
1172 1971
1174 1555
1175 1831
1175 1935
1176 1549
1176 1605
1177 1821
1178 1313
1178 1865
1179 1831
1179 1965
1180 1275
1181 1317
1181 1446
1181 1897
1181 1988
1182 1426
1183 1451
1183 1475
1183 1696
1183 1725
1183 1832
1184 1484
1184 1617
1184 1903
1185 1421
1186 1476
1186 1768
1186 1908
1188 1268
1188 1835
1189 1369
1189 1430
1189 1878
1190 1230
1190 1511
1190 1884
1191 1684
1191 1835
1191 1973
1193 1831
1195 1805
1196 1448
1197 1590
1197 1633
1197 1660
1197 1826
1197 1980
1198 1258
1198 1438
1198 1602
1198 1641
1199 1708
1199 1936
1200 1461
1201 1370
1201 1992
1202 1210
1202 1438
1202 1789
1202 1835
1203 1477
1203 1545
1204 1518
1204 1572
1205 1656
1205 1730
1205 1986
1206 1215
1206 1388
1206 1583
1206 1656
1206 1683
1207 1820
1208 1571
1208 1854
1209 1619
1209 1870
1210 1329
1210 1590
1211 1212
1212 1278
1212 1297
1213 1385
1213 1746
1213 1984
1214 1347
1215 1222
1215 1250
1215 1869
1216 1341
1216 1410
1218 1493
1218 1553
1219 1340
1219 1418
1219 1444
1219 1931
1220 1246
1220 1680
1220 1917
1221 1249
1221 1549
1221 1708
1222 1498
1223 1453
1223 1788
1223 1872
1224 1259
1224 1318
1226 1888
1227 1565
1227 1615
1227 1733
1227 1735
1227 1753
1227 1771
1228 1308
1228 1575
1228 1705
1229 1440
1229 1620
1230 1409
1230 1687
1231 1353
1231 1444
1231 1786
1232 1241
1235 1461
1235 1942
1236 1349
1237 1571
1237 1623
1237 1693
1237 1696
1238 1875
1239 1586
1240 1290
1240 1765
1240 1875
1241 1259
1242 1376
1243 1259
1244 1385
1244 1647
1244 1676
1246 1437
1247 1293
1247 1311
1247 1312
1247 1387
1247 1525
1247 1814
1247 1859
1248 1424
1248 1520
1248 1914
1249 1250
1249 1484
1249 1737
1250 1313
1250 1527
1250 1572
1250 1750
1252 1440
1252 1683
1252 1779
1252 1861
1253 1839
1254 1772
1255 1311
1255 1425
1255 1575
1255 1694
1255 1995
1256 1494
1256 1836
1257 1829
1258 1371
1258 1518
1259 1598
1260 1398
1260 1505
1260 1888
1260 1949
1261 1313
1261 1455
1261 1709
1262 1449
1262 1462
1262 1731
1262 1815
1263 1357
1265 1321
1265 1578
1265 1782
1266 1745
1267 1303
1267 1455
1267 1586
1268 1312
1268 1345
1269 1847
1269 1966
1271 1339
1271 1654
1271 1668
1271 1766
1271 1912
1272 1524
1274 1334
1274 1645
1275 1722
1276 1930
1276 1938
1276 1972
1277 1613
1277 1665
1277 1831
1277 1979
1278 1389
1279 1485
1280 1510
1281 1821
1282 1370
1282 1676
1282 1918
1283 1717
1283 1778
1283 1951
1284 1558
1284 1612
1284 1855
1285 1676
1286 1384
1286 1620
1286 1698
1286 1926
1287 1786
1287 1863
1287 1878
1288 1786
1289 1989
1290 1421
1290 1532
1291 1388
1291 1813
1292 1545
1293 1325
1293 1802
1293 1875
1294 1453
1294 1958
1295 1724
1297 1501
1298 1378
1298 1542
1298 1715
1298 1881
1299 1908
1300 1538
1302 1447
1304 1345
1304 1803
1304 1821
1305 1934
1306 1349
1306 1478
1306 1491
1306 1493
1306 1680
1306 1906
1306 1928
1307 1552
1309 1949
1310 1461
1311 1318
1311 1422
1311 1769
1312 1378
1313 1519
1314 1322
1314 1838
1314 1900
1315 1676
1316 1642
1316 1896
1317 1592
1317 1683
1318 1366
1319 1704
1320 1475
1320 1723
1322 1442
1323 1666
1323 1854
1324 1407
1324 1856
1325 1469
1325 1681
1326 1802
1326 1847
1326 1897
1327 1418
1327 1621
1328 1410
1330 1427
1330 1799
1331 1884
1331 1969
1332 1447
1332 1963
1333 1580
1333 1737
1334 1868
1335 1348
1335 1693
1335 1716
1335 1978
1336 1361
1336 1808
1337 1602
1337 1621
1339 1382
1339 1473
1339 1874
1340 1392
1340 1394
1340 1624
1340 1897
1340 1925
1340 1992
1341 1442
1341 1865
1342 1660
1343 1869
1344 1358
1344 1801
1344 1857
1345 1540
1345 1857
1347 1809
1347 1972
1349 1583
1349 1956
1350 1497
1351 1517
1352 1701
1353 1544
1353 1772
1354 1379
1354 1674
1355 1965
1356 1366
1356 1851
1357 1418
1357 1778
1358 1682
1360 1627
1360 1784
1360 1838
1360 1868
1362 1593
1362 1904
1363 1481
1363 1742
1364 1450
1364 1510
1364 1552
1365 1659
1365 1809
1365 1982
1366 1676
1367 1490
1368 1994
1369 1576
1369 1708
1369 1835
1369 1922
1370 1519
1370 1720
1371 1677
1371 1738
1372 1760
1373 1837
1374 1446
1374 1620
1374 1993
1375 1388
1375 1514
1376 1553
1377 1706
1379 1562
1379 1834
1381 1405
1381 1411
1381 1733
1381 1988
1382 1531
1382 1617
1383 1786
1383 1831
1386 1772
1386 1928
1387 1538
1388 1747
1388 1860
1389 1466
1390 1410
1390 1538
1390 1546
1390 1942
1391 1530
1391 1619
1391 1712
1392 1403
1394 1477
1394 1480
1394 1558
1394 1585
1394 1996
1395 1454
1395 1887
1396 1850
1397 1398
1397 1555
1397 1686
1397 1729
1398 1708
1399 1519
1399 1733
1400 1497
1400 1640
1401 1668
1401 1779
1401 1969
1402 1802
1403 1825
1404 1992
1406 1481
1406 1655
1406 1661
1407 1646
1407 1665
1407 1973
1409 1536
1409 1662
1409 1867
1411 1994
1412 1442
1413 1800
1414 1755
1414 1775
1414 1913
1414 1957
1415 1927
1416 1530
1417 1459
1417 1484
1417 1722
1417 1814
1417 1962
1418 1540
1419 1874
1421 1668
1421 1704
1421 1795
1422 1554
1422 1769
1424 1635
1425 1610
1425 1824
1426 1453
1426 1460
1427 1491
1427 2000
1428 1579
1428 1656
1430 1661
1430 1989
1431 1794
1431 1986
1432 1610
1432 1615
1432 1761
1433 1535
1433 1681
1433 1709
1433 1997
1434 1451
1434 1949
1435 1443
1437 1517
1437 1905
1438 1478
1438 1729
1439 1505
1439 1570
1439 1816
1439 1998
1441 1517
1441 1539
1442 1835
1442 1863
1442 1964
1443 1550
1443 1800
1445 1457
1445 1534
1445 1792
1445 1793
1446 1538
1446 1636
1446 1712
1446 1787
1446 1974
1447 1450
1447 1829
1449 1874
1449 1986
1450 1532
1451 1821
1452 1519
1452 1830
1453 1639
1453 1937
1453 1942
1454 1911
1455 1587
1455 1685
1455 1788
1455 1795
1457 1493
1457 1523
1457 1559
1457 1689
1457 1761
1463 1885
1464 1815
1464 1972
1465 1780
1466 1861
1468 1520
1468 1531
1468 1952
1469 1973
1470 1733
1474 1511
1476 1645
1477 1492
1477 1927
1478 1704
1479 1501
1479 1578
1479 1823
1480 1729
1480 1805
1481 1766
1483 1509
1484 1532
1484 1668
1486 1536
1487 1545
1488 1714
1488 1922
1488 1927
1489 1969
1491 1496
1491 1582
1491 1903
1491 1922
1492 1585
1492 1594
1492 1948
1493 1691
1493 1945
1494 1858
1495 1653
1498 1906
1499 1802
1499 1880
1501 1633
1501 1974
1502 1507
1502 1958
1503 1926
1504 1865
1505 1584
1505 1833
1507 1745
1510 1680
1511 1770
1512 1800
1512 1808
1514 1577
1514 1889
1516 1795
1516 1946
1517 1822
1517 1992
1519 1820
1522 1769
1523 1929
1525 1993
1527 1614
1533 1840
1533 1956
1534 1842
1534 1924
1536 1580
1536 1686
1537 1799
1537 1811
1539 1662
1539 1694
1539 1778
1540 1849
1540 1858
1542 1558
1542 1708
1543 1646
1543 1662
1543 1739
1543 1822
1545 1921
1546 1570
1546 1642
1546 1826
1546 1935
1548 1751
1548 1789
1549 1696
1551 1773
1551 1819
1551 1844
1552 1759
1552 1859
1554 1940
1555 1899
1557 1869
1558 1699
1558 1706
1558 1970
1560 1710
1561 1644
1563 1860
1565 1956
1566 1778
1567 1711
1568 1624
1568 1757
1568 1852
1569 1713
1570 1842
1570 1953
1571 1798
1572 1757
1573 1995
1575 1814
1575 1880
1577 1732
1578 1594
1579 1633
1579 1634
1579 1645
1580 1647
1583 1607
1583 1729
1583 1974
1584 1672
1584 1747
1584 1968
1585 1647
1586 1755
1590 1616
1590 1875
1592 1603
1593 1600
1593 1874
1593 1880
1593 1942
1594 1851
1594 1918
1600 1668
1600 1711
1602 1838
1603 1655
1603 1715
1604 1659
1604 1859
1605 1627
1605 1785
1606 1931
1608 1621
1608 1672
1609 1812
1610 1766
1611 1714
1614 1739
1614 1784
1615 1864
1617 1697
1618 1637
1618 1724
1618 1727
1618 1875
1618 1965
1620 1863
1620 1995
1623 1886
1627 1688
1627 1757
1627 1964
1629 1818
1629 1864
1634 1931
1635 1782
1637 1795
1637 1855
1638 1891
1640 1670
1640 1848
1641 1652
1643 1896
1643 1897
1643 1986
1645 1851
1646 1682
1646 1769
1646 1771
1647 1930
1648 1670
1648 1689
1649 1774
1649 1857
1650 1998
1651 1924
1652 1784
1652 1820
1654 1746
1654 1825
1654 1943
1656 1716
1656 1814
1656 1986
1658 1810
1659 1742
1659 1897
1663 1748
1663 1778
1663 1961
1665 1723
1665 1744
1666 1767
1667 1971
1668 1817
1671 1837
1672 1982
1674 1684
1674 1803
1674 1875
1675 1718
1676 1908
1677 1707
1680 1967
1681 1719
1681 1746
1682 1683
1683 1851
1683 1911
1685 1840
1686 1883
1686 1890
1687 1730
1687 1774
1688 1822
1689 1709
1689 1711
1689 1993
1690 1735
1690 1795
1691 1861
1692 1932
1693 1761
1694 1809
1696 1710
1698 1777
1699 1816
1702 1817
1703 1780
1704 1980
1704 1984
1705 1988
1709 1778
1709 1814
1709 1822
1709 1984
1711 1955
1711 1977
1714 1988
1715 1726
1715 1737
1715 1835
1715 1915
1716 1758
1717 1943
1718 1807
1718 1856
1718 1959
1721 1779
1721 1883
1723 1725
1724 1885
1725 1816
1725 1953
1726 1837
1726 1985
1727 1840
1728 1934
1730 1890
1732 1813
1732 1925
1734 1894
1737 1929
1738 1797
1741 1974
1747 1790
1748 1963
1749 1806
1750 1818
1754 1776
1754 1932
1755 1810
1755 1895
1755 1994
1756 1849
1757 1893
1757 1900
1758 1768
1760 1807
1760 1871
1762 1965
1763 1893
1765 1939
1769 1804
1770 1878
1771 1821
1772 1932
1773 1909
1777 1860
1779 1782
1781 1932
1782 1787
1783 1865
1783 1866
1784 1885
1785 1829
1785 1960
1787 1999
1788 1854
1788 1883
1790 1811
1793 1915
1797 1873
1805 1809
1809 1826
1809 1908
1812 1827
1814 1990
1816 1833
1819 1830
1819 1849
1819 1881
1820 1993
1827 1924
1828 1984
1834 1989
1836 1875
1837 1980
1841 1888
1849 1863
1849 1893
1850 1942
1854 1856
1855 1986
1858 1945
1869 1944
1869 1980
1870 1916
1879 1976
1883 1972
1888 1934
1891 1962
1893 1922
1894 1905
1894 1934
1895 1956
1898 1959
1898 1998
1913 1937
1914 1984
1925 1983
1930 1980
1935 1946
1944 1956
1951 1990
1983 1994