2000
1 83
1 95
1 947
1 1084
1 1141
1 1226
1 1283
1 1458
1 1467
1 1799
2 200
2 273
2 433
2 487
2 491
2 703
2 706
2 974
2 1126
2 1326
2 1567
2 1639
2 1745
2 1758
3 27
3 194
3 268
3 507
3 571
3 1189
3 1199
3 1581
3 1792
4 63
4 540
4 600
4 723
4 772
4 949
4 962
4 1349
4 1770
4 1783
5 147
5 392
5 420
5 606
5 647
5 770
5 987
5 1277
5 1330
5 1560
5 1873
5 1900
6 609
6 1350
6 1461
6 1556
6 1684
6 1875
7 119
7 193
7 385
7 434
7 666
7 686
7 778
7 824
7 947
7 1056
7 1295
7 1409
7 1530
7 1694
7 1755
7 1759
8 161
8 219
8 1416
8 1624
8 1670
8 1818
9 117
9 288
9 1123
9 1407
9 1625
10 122
10 238
10 264
10 328
10 352
10 508
10 824
10 976
10 1521
11 614
11 625
11 794
11 1119
11 1375
11 1380
11 1562
11 1566
11 1790
12 112
12 378
12 580
12 757
12 953
12 971
12 1036
12 1149
12 1500
13 206
13 249
13 919
13 946
13 1221
13 1326
13 1391
13 1547
13 1582
13 1680
13 1792
14 28
14 240
14 265
14 349
14 415
14 614
14 701
14 1032
14 1189
14 1347
14 1394
14 1417
14 1436
14 1672
14 1878
15 61
15 394
15 1139
15 1174
15 1286
15 1444
15 1479
15 1502
15 1603
15 1726
15 1766
16 32
16 168
16 300
16 582
16 1794
17 23
17 219
17 673
17 736
17 748
17 1037
17 1277
18 400
18 691
18 828
18 915
18 931
18 1494
18 1705
18 1817
18 1899
19 56
19 125
19 174
19 375
19 376
19 526
19 530
19 737
19 841
19 919
19 980
19 1623
20 223
20 241
20 503
20 775
20 860
20 1005
20 1225
20 1319
20 1693
20 1922
21 505
21 600
21 789
21 941
21 1170
21 1465
21 1511
21 1650
21 1835
21 1965
22 214
22 277
22 352
22 402
22 585
22 681
22 1031
22 1192
22 1243
22 1407
22 1869
23 172
23 410
23 1223
23 1238
23 1250
23 1255
23 1422
23 1492
23 1985
24 117
24 371
24 439
24 943
24 1549
24 1779
25 120
25 176
25 188
25 646
25 846
25 1130
25 1146
25 1194
25 1516
25 1592
25 1934
26 164
26 182
26 338
26 692
26 908
26 1037
26 1099
26 1138
26 1788
26 1886
26 1950
27 108
27 180
27 218
27 252
27 385
27 864
27 1029
28 644
28 997
28 1285
28 1449
28 1624
29 83
29 312
29 373
29 486
29 542
29 667
29 1212
29 1319
30 51
30 155
30 272
30 312
30 520
30 962
30 1842
31 393
31 687
31 913
31 1035
31 1778
32 188
32 435
32 787
32 911
32 1050
32 1177
32 1243
32 1252
32 1575
32 1822
32 1882
32 1966
33 368
33 464
33 1051
33 1549
33 1561
33 1699
33 1801
33 1807
34 185
34 186
34 337
34 483
34 977
34 1112
34 1370
34 1404
34 1478
34 1598
34 1980
35 102
35 768
35 1036
35 1347
35 1383
36 78
36 115
36 285
36 1167
36 1261
36 1350
36 1567
36 1967
37 478
37 501
37 927
37 950
37 978
37 1207
37 1977
38 107
38 630
38 1078
38 1115
38 1283
38 1338
38 1369
38 1611
38 1771
38 1987
39 52
39 481
39 885
39 985
39 1122
39 1418
39 1510
39 1900
40 659
40 840
40 1055
40 1139
40 1172
40 1233
40 1345
40 1375
40 1475
40 1822
40 1856
40 1860
41 159
41 299
41 534
41 676
41 868
41 1185
41 1566
41 1733
42 171
42 353
42 689
42 750
42 1065
42 1210
42 1242
42 1403
42 1637
42 1953
43 228
43 347
43 350
43 390
43 429
43 813
43 891
43 1072
43 1217
43 1286
43 1634
43 1679
43 1725
43 1744
43 1897
44 108
44 572
44 616
44 768
44 986
44 1038
44 1417
44 1465
44 1499
44 1947
44 1994
45 431
45 492
45 629
45 666
45 673
45 857
45 918
45 1273
45 1830
46 357
46 931
46 1009
46 1010
46 1144
46 1291
46 1387
46 1423
46 1958
47 127
47 452
47 502
47 513
47 684
47 1136
47 1181
47 1419
47 1512
47 1568
47 1926
47 1933
48 161
48 178
48 324
48 558
48 878
48 1025
48 1122
48 1245
48 1290
48 1346
49 69
49 226
49 356
49 632
49 712
49 775
49 1219
49 1542
49 1943
50 126
50 133
50 167
50 302
50 411
50 444
50 526
50 567
50 744
50 779
50 1156
50 1359
50 1402
50 1845
51 183
51 334
51 540
51 668
51 673
51 702
51 716
51 920
51 1284
51 1491
51 1628
51 1692
51 1923
52 253
52 395
52 421
52 456
52 473
52 544
52 564
52 1013
52 1150
52 1218
52 1358
52 1457
52 1595
52 1598
52 1797
52 1997
53 251
53 789
53 959
53 1567
53 1617
53 1632
53 1786
53 1933
54 85
54 432
54 723
54 938
54 1148
54 1228
54 1263
54 1526
55 183
55 293
55 518
55 603
55 731
55 1469
55 1714
56 150
56 328
56 862
56 869
56 887
56 1129
56 1312
56 1388
56 1587
56 1774
57 313
57 349
57 552
57 842
57 885
57 962
57 1068
57 1156
57 1352
57 1710
57 1739
57 1841
57 1966
58 146
58 217
58 268
58 763
58 1055
58 1095
58 1540
59 369
59 762
59 797
59 1366
59 1528
59 1539
59 1933
60 132
60 542
60 674
60 860
60 889
60 1210
60 1278
60 1687
60 1720
60 1869
61 104
61 192
61 428
61 495
61 584
61 903
61 1095
61 1139
61 1791
61 1928
61 1981
62 180
62 192
62 289
62 291
62 366
62 834
62 1153
62 1560
62 1930
63 397
63 711
63 797
63 1205
63 1244
63 1662
63 1743
64 111
64 148
64 247
64 317
64 560
64 676
64 682
64 751
64 823
64 835
64 854
64 1344
64 1355
64 1362
64 1494
64 1517
64 1618
64 1743
64 1790
65 171
65 186
65 195
65 210
65 505
65 653
65 758
65 829
65 856
65 1239
65 1257
65 1379
65 1443
65 1519
65 1609
66 132
66 219
66 369
66 628
66 771
66 788
66 941
66 1113
66 1147
66 1184
66 1273
66 1511
67 205
67 224
67 1065
67 1186
67 1315
67 1546
67 1610
67 1798
67 1895
68 598
68 851
68 1074
68 1373
68 1450
68 1613
68 1705
68 1822
68 1963
68 1993
69 98
69 204
69 503
69 750
69 819
69 1243
69 1261
69 1602
69 1647
69 1649
69 1766
70 433
70 453
70 803
70 997
70 1074
70 1431
70 1611
70 1658
70 1843
70 1967
71 82
71 828
71 990
71 1056
71 1374
71 1386
71 1444
71 1451
71 1886
71 1943
71 1977
72 347
72 461
72 521
72 561
72 663
72 991
72 1278
72 1457
72 1515
72 1593
73 103
73 124
73 566
73 718
73 760
73 764
73 818
73 972
73 1123
73 1134
73 1424
73 1459
73 1619
73 1665
73 1721
74 804
74 828
74 838
74 1367
74 1390
74 1593
74 1877
75 162
75 203
75 460
75 505
75 666
75 1015
75 1099
75 1159
75 1226
75 1306
75 1443
75 1562
75 1598
75 1947
76 174
76 198
76 942
76 1388
76 1541
76 1556
77 381
77 531
77 652
77 689
77 1166
77 1286
77 1677
77 1823
78 147
78 791
78 885
78 1171
78 1634
78 1680
78 1754
79 240
79 342
79 368
79 474
79 677
79 841
79 944
79 1106
79 1473
79 1476
79 1998
80 399
80 487
80 654
80 734
80 960
80 1302
80 1311
80 1347
80 1407
80 1748
80 1880
81 230
81 433
81 538
81 894
81 1000
81 1540
81 1627
81 1752
81 1769
81 1786
81 1873
82 544
82 720
82 970
82 1175
82 1284
82 1668
82 1727
82 1863
82 1876
83 94
83 581
83 1019
83 1161
83 1204
83 1489
84 227
84 282
84 587
84 811
84 1411
84 1553
84 1713
84 1791
84 1825
84 1924
85 655
85 666
85 824
85 1120
85 1236
85 1610
85 1739
85 1953
86 493
86 556
86 841
86 1096
86 1220
86 1580
86 1796
86 1820
86 1933
87 187
87 430
87 574
87 716
87 745
87 770
87 837
87 963
87 1051
87 1514
87 1515
87 1704
88 107
88 420
88 568
88 585
88 601
88 669
88 770
88 1115
88 1516
88 1688
88 1732
89 315
89 694
89 1073
89 1079
89 1139
89 1167
89 1191
89 1810
90 333
90 383
90 392
90 592
90 709
90 1047
90 1080
90 1113
90 1116
90 1330
90 1548
90 1732
91 476
91 515
91 729
91 878
91 1058
91 1092
91 1264
91 1609
91 1980
92 99
92 641
92 990
92 1167
92 1528
92 1748
93 122
93 225
93 252
93 333
93 388
93 983
93 989
93 1236
93 1246
93 1476
93 1576
93 1644
93 1666
94 234
94 601
94 682
94 721
94 1154
94 1406
94 1830
95 200
95 234
95 241
95 360
95 495
95 878
95 893
95 975
95 1355
95 1459
95 1502
95 1550
95 1663
96 111
96 464
96 662
96 1000
96 1265
96 1293
96 1699
97 271
97 585
97 740
97 775
97 780
97 872
97 972
97 1145
97 1173
97 1189
97 1241
97 1283
97 1673
97 1964
98 185
98 418
98 504
98 807
98 821
98 1365
98 1522
98 1651
98 1741
98 1764
99 396
99 902
99 941
99 1131
99 1446
99 1477
99 1526
99 1553
99 1866
99 1912
100 195
100 481
100 891
100 898
100 1071
100 1272
100 1584
100 1590
101 246
101 249
101 546
101 646
101 873
101 986
101 1143
101 1245
102 305
102 370
102 425
102 672
102 748
102 894
102 896
102 1188
102 1221
102 1289
102 1465
102 1788
103 146
103 230
103 686
103 800
103 955
103 1244
103 1393
103 1469
103 1634
103 1768
104 316
104 377
104 439
104 754
104 1138
104 1278
104 1366
104 1556
104 1560
105 402
105 773
105 1142
105 1304
105 1561
105 1661
105 1687
105 1917
106 226
106 807
106 1178
106 1447
106 1582
106 1803
106 1924
106 1978
107 321
107 456
107 688
107 854
107 1181
107 1327
107 1406
107 1561
108 115
108 165
108 328
108 837
108 932
108 1179
108 1256
108 1265
108 1368
108 1630
108 1795
108 1842
109 466
109 645
109 686
109 780
109 843
109 977
109 1165
109 1404
110 137
110 264
110 672
110 820
110 1639
110 1958
111 151
111 172
111 261
111 676
111 887
111 1118
111 1340
111 1343
111 1406
111 1543
111 1889
112 281
112 438
112 463
112 703
112 897
112 1041
112 1127
112 1249
112 1318
112 1410
112 1537
112 1601
113 828
113 1025
113 1052
113 1122
113 1166
113 1241
113 1578
113 1595
113 1854
113 1859
114 115
114 256
114 266
114 280
114 329
114 908
114 1032
114 1053
114 1098
114 1249
114 1293
114 1606
114 1714
115 206
115 503
115 782
115 942
115 1443
115 1624
115 1680
116 204
116 235
116 371
116 855
116 1060
116 1084
116 1319
117 129
117 162
117 199
117 218
117 226
117 520
117 700
117 752
117 815
117 820
117 995
117 1268
117 1582
117 1781
118 188
118 1300
118 1533
118 1722
118 1969
119 166
119 338
119 432
119 462
119 495
119 630
119 683
119 917
119 1223
119 1448
119 1466
119 1653
119 1743
120 604
120 642
120 744
120 907
120 969
120 1078
120 1383
120 1581
120 1676
120 1833
120 1948
121 395
121 467
121 853
121 884
121 1390
121 1496
121 1591
121 1596
122 184
122 407
122 531
122 581
122 591
122 617
122 909
122 1263
122 1360
122 1559
122 1918
123 285
123 402
123 697
123 775
123 960
123 1014
123 1038
123 1053
123 1252
123 1455
123 1837
123 1926
124 165
124 380
124 567
124 1011
124 1684
125 300
125 978
125 1191
125 1459
125 1680
125 1799
125 1832
125 1980
126 192
126 198
126 1004
126 1044
126 1378
126 1583
127 318
127 704
127 1035
127 1133
127 1171
127 1183
127 1277
127 1562
127 1648
127 1972
128 138
128 260
128 683
128 684
128 907
128 1055
128 1079
128 1202
128 1679
128 1711
129 452
129 489
129 536
129 563
129 596
129 635
129 910
129 1039
129 1359
129 1832
130 367
130 511
130 857
130 1005
130 1446
130 1448
130 1666
130 1765
130 1770
130 1801
130 1911
130 1970
131 518
131 584
131 755
131 1003
131 1044
131 1370
131 1584
131 1732
132 438
132 1076
132 1356
132 1724
133 137
133 255
133 373
133 1104
133 1668
133 1697
133 1735
133 1864
133 1930
133 1985
134 191
134 274
134 559
134 569
134 589
134 729
134 837
134 842
134 1300
134 1939
134 1993
135 169
135 368
135 551
135 623
135 870
135 1006
135 1067
135 1141
135 1167
135 1187
135 1432
135 1783
136 222
136 235
136 1001
136 1054
136 1270
136 1292
136 1485
136 1605
136 1713
136 1941
137 234
137 308
137 697
137 1206
137 1306
138 277
138 446
138 534
138 738
138 860
138 1599
138 1615
138 1620
138 1624
138 1643
138 1661
138 1813
139 237
139 479
139 512
139 1635
139 1695
139 1711
139 1914
139 1946
140 556
140 639
140 877
140 948
140 1041
140 1601
141 179
141 354
141 819
141 856
141 1280
141 1287
141 1331
141 1513
141 1628
141 1670
141 1788
141 1828
141 1982
142 277
142 279
142 399
142 712
142 1025
142 1330
142 1348
142 1359
142 1736
142 1755
142 1988
143 282
143 388
143 791
143 1140
143 1335
143 1356
143 1425
143 1514
143 1573
143 1630
143 1873
144 286
144 499
144 508
144 542
144 890
144 965
144 1036
144 1059
144 1110
144 1207
144 1652
144 1787
145 352
145 440
145 536
145 827
145 1184
145 1629
145 1756
145 1874
145 1977
146 356
146 386
146 419
146 424
146 597
146 766
146 1082
146 1292
146 1431
146 1664
146 1829
146 1907
147 229
147 290
147 672
147 1054
147 1189
147 1350
147 1581
147 1821
148 356
148 494
148 661
148 833
148 971
148 990
148 1416
148 1503
149 696
149 772
149 1158
149 1497
149 1723
150 454
150 630
150 910
150 984
150 1330
150 1496
150 1542
150 1564
150 1708
150 1834
150 1915
150 1946
151 339
151 828
151 933
151 950
151 1378
151 1828
151 1993
152 349
153 281
153 388
153 422
153 525
153 801
153 1522
153 1543
153 1658
154 384
154 574
154 1254
154 1411
154 1488
155 230
155 248
155 303
155 469
155 676
155 952
155 988
155 1023
155 1242
155 1450
155 1519
155 1665
156 157
156 161
156 445
156 841
156 879
156 1122
156 1155
156 1175
156 1439
156 1716
156 1784
156 1853
156 1882
157 363
157 482
157 579
157 902
157 1084
157 1767
157 1921
158 350
158 389
158 481
158 532
158 673
158 847
158 913
158 985
158 1078
158 1100
158 1125
158 1350
159 310
159 322
159 516
159 1037
159 1699
159 1738
159 1790
160 534
160 880
160 921
160 1236
160 1340
160 1499
161 601
161 813
161 1117
161 1358
161 1368
161 1554
161 1669
162 186
162 760
162 863
162 1415
162 1474
162 1519
162 1562
162 1618
162 1629
162 1848
162 1983
163 308
163 330
163 753
163 827
163 1532
163 1562
163 1733
163 1922
164 426
164 624
164 625
164 655
164 720
164 1047
164 1707
164 1926
165 484
165 707
165 744
165 978
165 1069
165 1259
165 1365
165 1402
165 1499
166 255
166 1111
166 1147
166 1430
166 1565
166 1707
167 253
167 350
167 389
167 1392
167 1660
167 1902
167 1911
167 1926
168 267
168 345
168 478
168 871
168 912
168 1712
169 383
169 629
169 731
169 1033
169 1118
169 1270
169 1374
169 1464
169 1477
169 1806
170 210
170 495
170 645
170 715
170 730
170 733
170 975
170 1331
170 1590
171 362
171 427
171 482
171 508
171 520
171 900
171 1131
171 1194
171 1269
171 1627
171 1649
171 1702
172 671
172 761
172 769
172 938
172 1867
172 1868
173 238
173 301
173 326
173 456
173 482
173 816
173 834
173 890
173 1374
173 1402
173 1632
173 1787
174 180
174 433
174 747
174 774
174 819
174 1474
174 1477
174 1495
174 1646
174 1736
174 1884
175 327
175 345
175 1064
175 1293
175 1722
175 1734
175 1757
175 1801
175 1844
175 1941
176 435
176 482
176 491
176 535
176 690
176 709
176 848
176 890
176 1182
176 1413
176 1446
176 1921
176 1949
177 546
177 566
177 1080
177 1284
177 1355
177 1757
177 1772
177 1995
178 498
178 753
178 768
178 843
178 998
178 1090
178 1437
178 1438
178 1558
178 1754
179 347
179 361
179 612
179 648
179 816
179 833
179 888
179 969
179 1294
180 264
180 844
180 1120
180 1366
180 1809
180 1830
181 371
181 755
181 925
181 980
181 1358
181 1433
181 1439
181 1681
182 589
182 591
182 772
182 1064
182 1103
182 1221
182 1339
182 1436
182 1445
182 1892
183 192
183 296
183 478
183 707
183 800
183 1492
183 1819
184 284
184 462
184 1002
184 1242
184 1391
184 1706
184 1996
185 247
185 295
185 494
185 598
185 819
185 1217
185 1295
185 1371
185 1404
185 1672
185 1928
186 418
186 443
186 1194
186 1353
186 1425
186 1445
186 1484
186 1494
186 1610
186 1691
186 1894
187 588
187 639
187 742
187 1053
187 1137
187 1301
187 1374
187 1550
187 1552
187 1650
187 1680
187 1926
188 418
188 770
188 788
188 828
188 995
188 1779
188 1858
189 617
189 712
189 828
189 1981
190 254
190 273
190 473
190 704
190 715
190 981
190 1021
190 1257
190 1526
190 1923
190 1925
190 1965
190 1991
191 817
191 1040
191 1544
191 1805
191 1913
191 1953
192 602
192 658
192 874
192 1298
192 1447
192 1525
192 1716
193 284
193 1058
193 1259
193 1360
193 1628
193 1643
193 1732
193 1761
194 532
194 533
194 647
194 912
194 1180
194 1248
194 1752
194 1862
194 1905
195 318
195 438
195 831
195 887
195 1245
195 1562
195 1859
195 1890
195 1915
196 212
196 245
196 676
196 1369
196 1442
197 286
197 657
197 954
197 1139
198 800
198 822
198 833
198 989
198 1226
198 1246
198 1251
198 1258
198 1645
199 200
199 333
199 338
199 788
199 1500
200 308
200 362
200 407
200 454
200 726
200 777
200 1146
200 1288
201 321
201 537
201 819
201 1383
201 1492
201 1546
201 1609
201 1750
201 1972
201 1978
202 241
202 337
202 406
202 857
202 884
202 992
202 1196
202 1327
202 1500
202 1636
202 1689
202 1773
203 235
203 411
203 430
203 649
203 881
203 896
203 1149
203 1158
203 1329
203 1384
203 1474
203 1848
204 207
204 269
204 277
204 279
204 695
204 1020
204 1161
204 1413
205 351
205 699
205 1031
205 1138
205 1257
205 1354
205 1449
205 1983
206 296
206 584
206 609
206 705
206 1191
206 1642
206 1668
207 208
207 302
207 761
207 815
207 879
207 976
207 997
207 1226
207 1238
207 1833
208 444
208 561
208 716
208 720
208 759
208 837
208 873
208 981
208 1265
208 1440
208 1663
208 1891
209 599
209 629
209 735
209 976
209 1062
209 1139
209 1203
209 1331
209 1471
209 1561
209 1782
210 411
210 478
210 823
210 896
210 964
210 1017
210 1054
210 1060
210 1142
210 1288
210 1868
211 445
211 801
211 944
211 1071
211 1478
211 1650
211 1658
211 1959
211 1961
211 1984
212 361
212 466
212 640
212 953
212 1129
213 438
213 759
213 802
213 1272
213 1328
213 1361
213 1465
213 1728
214 565
214 668
214 795
214 1133
214 1840
214 1856
215 380
215 533
215 1232
215 1316
215 1610
215 1698
215 1718
216 645
216 765
216 900
216 943
216 1232
216 1297
216 1504
216 1528
217 966
217 1131
217 1669
217 1767
217 1813
217 1996
217 1998
218 302
218 660
218 690
218 851
218 890
218 1166
218 1232
219 308
219 477
219 726
219 885
219 1277
219 1321
219 1438
219 1913
220 321
220 352
220 557
220 690
220 894
220 1131
220 1186
220 1374
220 1498
220 1842
220 1961
221 806
221 930
221 947
221 1093
221 1173
221 1699
221 1867
221 1941
222 741
222 982
222 1037
222 1095
222 1367
222 1880
222 1923
222 1989
223 460
223 474
223 659
223 1195
223 1316
223 1419
223 1531
223 1779
223 1841
223 1882
224 1015
224 1131
224 1795
224 1990
225 415
225 567
225 659
225 717
225 779
225 1119
225 1748
225 1990
225 1999
226 268
226 767
226 951
226 1005
226 1037
226 1231
226 1389
226 1406
226 1801
226 1993
227 534
227 872
227 965
227 1500
227 1547
227 1587
228 553
228 637
228 638
228 1018
228 1047
228 1118
228 1367
228 1458
228 1564
229 436
229 659
229 709
229 864
229 926
229 1333
229 1574
229 1576
229 1581
230 299
230 427
230 1411
230 1618
230 1839
231 337
231 557
231 643
231 1367
231 1519
231 1584
231 1705
231 1798
231 1990
231 1996
232 408
232 430
232 845
232 924
232 934
232 1583
232 1711
233 385
233 1222
233 1307
233 1371
233 1415
233 1568
233 1633
233 1718
233 1856
233 1882
234 396
234 421
234 704
234 1118
234 1181
234 1535
234 1654
234 1814
234 1953
235 266
235 319
235 377
235 431
235 449
235 761
235 784
235 939
235 956
235 1047
235 1129
235 1179
235 1316
235 1372
235 1598
235 1630
235 1779
235 1885
235 1952
236 363
236 815
236 889
236 1089
236 1322
236 1326
236 1391
236 1658
236 1796
236 1867
237 618
237 929
237 1685
237 1842
237 1955
238 1002
238 1195
238 1369
238 1406
238 1774
239 676
239 1053
239 1159
239 1207
239 1289
239 1348
239 1401
239 1461
239 1527
239 1615
239 1784
239 1930
240 831
240 968
240 1064
240 1556
240 1632
240 1693
240 1703
240 1841
240 1967
241 466
241 641
241 662
241 674
241 947
241 961
241 1999
242 554
242 711
242 814
242 883
242 1057
242 1238
242 1303
242 1389
242 1581
242 1696
242 1698
242 1737
242 1834
243 554
243 766
243 773
243 900
243 975
243 1377
243 1627
243 1828
244 1028
244 1464
244 1510
244 1672
244 1873
244 1994
245 297
245 547
245 655
245 884
245 1451
245 1482
245 1896
245 1922
246 247
246 259
246 262
246 948
246 1098
246 1162
246 1293
246 1542
246 1754
247 350
247 388
247 405
247 828
247 986
247 1036
247 1120
247 1152
247 1313
247 1816
247 1904
247 1960
248 252
248 626
248 1134
248 1213
248 1519
248 1774
249 1026
249 1180
249 1744
249 1857
249 1958
250 796
250 856
250 890
250 965
250 1043
250 1269
250 1386
250 1441
250 1454
250 1514
250 1557
250 1780
250 1957
251 255
251 411
251 443
251 628
251 746
251 931
251 1018
251 1100
251 1121
251 1414
251 1560
251 1737
251 1838
252 670
252 799
252 1155
252 1234
252 1476
252 1699
252 1727
252 1876
252 1889
252 1911
252 1983
253 554
253 675
253 827
253 865
253 1125
253 1139
253 1160
253 1721
253 1984
254 938
254 1040
254 1152
254 1284
254 1364
254 1526
254 1790
254 1996
255 631
255 913
255 1103
255 1790
255 1921
255 1941
256 461
256 552
256 1008
256 1119
256 1488
256 1590
256 1601
256 1822
256 1866
257 421
257 506
257 793
257 1118
257 1413
257 1477
257 1589
257 1784
258 262
258 474
258 608
258 691
258 1002
258 1029
258 1138
258 1199
258 1631
259 498
259 1107
259 1642
259 1871
260 559
260 1078
260 1194
260 1318
260 1373
260 1610
260 1828
260 1868
261 779
261 886
261 1152
261 1398
261 1549
261 1664
261 1935
261 1993
262 326
262 512
262 1199
262 1501
262 1534
262 1565
262 1649
262 1670
262 1761
263 360
263 597
263 981
263 983
263 1019
263 1075
263 1592
263 1819
263 1928
264 1429
264 1907
264 1913
264 1948
265 593
265 697
265 835
265 1110
265 1623
266 321
266 425
266 677
266 729
266 873
266 1079
266 1549
266 1599
266 1654
267 328
267 517
267 620
267 975
268 270
268 421
268 563
268 670
268 822
268 1119
268 1460
268 1593
268 1621
268 1875
269 302
269 734
269 826
269 1198
269 1350
269 1642
269 1647
269 1778
270 289
270 446
270 554
270 559
270 677
270 1266
270 1435
270 1928
271 407
271 526
271 727
271 964
271 1259
271 1365
271 1427
271 1559
271 1697
271 1785
272 339
272 674
272 984
272 1046
272 1067
272 1284
272 1320
272 1750
272 1853
273 275
273 513
273 805
273 887
273 1161
273 1551
273 1606
273 1695
273 1774
273 1887
274 315
274 569
274 699
274 1562
274 1662
275 490
275 607
275 850
275 884
275 1087
275 1233
275 1406
275 1637
275 1644
275 1959
275 1985
275 1989
276 868
276 1206
276 1331
276 1426
276 1473
276 1555
276 1665
276 1811
276 1884
276 1927
277 320
277 496
277 616
277 1119
278 980
278 1231
278 1779
279 722
279 1179
279 1491
279 1542
280 304
280 405
280 1045
280 1128
280 1148
280 1217
280 1362
280 1401
280 1499
280 1988
281 578
281 807
281 1099
281 1263
281 1338
281 1549
281 1621
282 660
282 1145
282 1246
282 1523
283 568
283 1587
283 1648
283 1750
284 823
284 890
284 952
284 1071
284 1143
284 1173
284 1339
284 1581
284 1591
285 356
285 450
285 499
285 552
285 744
285 1061
285 1066
285 1139
285 1476
285 1785
285 1841
285 1995
286 352
286 592
286 608
286 833
286 873
286 904
286 1266
286 1295
286 1413
286 1516
286 1891
287 378
287 385
287 565
287 602
287 1188
287 1290
287 1399
287 1419
287 1425
287 1867
287 1982
287 1988
288 407
288 892
288 1071
288 1216
288 1225
288 1444
288 1715
289 367
289 1169
289 1327
289 1333
289 1365
289 1487
289 1512
289 1536
289 1686
289 1913
290 329
290 931
290 1404
291 576
291 587
291 928
291 1115
291 1543
291 1638
291 1657
291 1783
291 1835
291 1990
292 451
292 881
292 1044
292 1135
292 1187
292 1245
292 1348
292 1965
293 351
293 486
293 817
293 1191
293 1972
294 414
294 430
294 509
294 705
294 770
294 1005
294 1226
294 1276
294 1445
294 1526
294 1842
294 1918
295 345
295 481
295 524
295 530
295 1544
295 1740
295 1846
295 1951
296 564
296 763
296 844
296 877
296 1149
296 1212
296 1255
296 1256
296 1262
296 1728
296 1790
296 1814
296 1868
296 1915
296 1973
297 1073
297 1183
297 1214
297 1399
297 1502
297 1617
297 1686
297 1810
297 1894
298 336
298 592
298 846
298 1009
298 1056
298 1403
298 1518
298 1808
298 1965
299 342
299 384
299 536
299 653
299 1145
299 1283
299 1552
300 399
300 417
300 637
300 1057
300 1178
300 1185
300 1724
300 1778
301 588
301 719
301 765
301 781
301 1090
301 1207
301 1484
301 1685
301 1719
301 1870
301 1982
302 770
302 798
302 851
302 1017
302 1102
302 1162
302 1206
302 1901
303 564
303 729
303 835
303 1007
303 1214
303 1261
303 1317
303 1355
303 1602
303 1854
303 1895
304 324
304 706
304 746
304 802
304 1028
304 1370
304 1567
304 1750
304 1757
305 531
305 785
305 888
305 1306
305 1320
305 1333
305 1354
305 1584
305 1826
306 684
306 717
306 902
306 939
306 948
306 1162
306 1452
306 1463
306 1734
306 1875
306 1978
307 364
307 556
307 656
307 840
307 841
307 1120
307 1165
308 320
308 391
308 557
308 740
308 798
308 1065
308 1279
308 1463
309 466
309 469
309 733
309 745
309 1010
309 1176
309 1187
309 1305
309 1323
309 1333
309 1368
309 1803
309 1825
310 832
310 1433
310 1434
310 1510
310 1789
310 1888
311 414
311 422
311 797
311 888
311 944
311 980
311 1116
311 1442
311 1848
312 460
312 766
312 919
312 1092
312 1106
312 1226
312 1271
312 1594
312 1623
312 1987
313 356
313 408
313 746
313 867
313 1025
313 1131
313 1603
313 1688
313 1907
314 431
314 530
314 768
314 796
314 1207
314 1323
314 1351
314 1388
314 1498
314 1565
314 1738
314 1941
315 415
315 458
315 1080
315 1666
315 1856
315 1993
316 710
316 846
316 1170
316 1242
316 1707
316 1749
317 365
317 521
317 711
317 747
317 877
317 910
317 913
317 924
317 956
317 1159
317 1297
317 1576
318 338
318 345
318 396
318 766
318 798
318 915
318 1280
318 1285
318 1415
318 1453
318 1735
318 1736
318 1906
319 414
319 530
319 602
319 813
319 1165
319 1204
319 1451
319 1685
319 1826
320 726
320 867
320 1224
320 1274
320 1338
320 1403
320 1500
320 1923
321 339
321 565
321 627
321 1151
321 1158
321 1259
321 1456
321 1870
321 1993
322 479
322 530
322 717
322 967
322 1375
322 1544
322 1664
322 1951
323 453
323 516
323 652
323 669
323 705
323 737
323 804
323 1371
323 1580
323 1646
323 1765
324 434
324 859
324 1069
324 1443
324 1739
325 520
325 801
325 806
325 864
325 886
325 1191
325 1277
325 1425
325 1625
325 1801
325 1827
326 665
326 746
326 784
326 816
326 924
326 1589
326 1764
326 1776
326 1791
327 627
327 638
327 665
327 767
327 1039
327 1232
327 1372
327 1876
327 1902
328 438
328 443
328 513
328 525
328 795
328 1110
328 1237
328 1239
328 1264
328 1434
328 1532
328 1819
329 563
329 617
329 934
329 1169
329 1438
329 1443
329 1824
329 1885
330 397
330 1205
330 1342
330 1512
330 1727
330 1835
330 1890
330 1893
330 1943
331 392
331 656
331 827
331 1063
331 1782
332 493
332 1347
333 421
333 526
333 969
333 1007
333 1074
333 1286
333 1291
333 1539
334 559
334 640
334 754
334 1136
334 1447
334 1680
334 1684
335 357
335 514
335 535
335 566
335 609
335 615
335 1049
335 1054
335 1341
335 1376
335 1486
335 1638
335 1967
336 404
336 957
336 1089
336 1267
336 1342
336 1638
336 1658
337 653
337 693
337 1107
337 1557
337 1575
337 1754
338 501
338 808
338 1038
338 1267
338 1385
338 1976
339 794
339 903
339 932
339 984
339 1081
339 1375
339 1455
339 1469
339 1489
339 1631
339 1694
339 1748
339 1888
340 462
340 655
340 686
340 1459
340 1560
341 415
341 439
341 725
341 1008
341 1032
341 1104
341 1136
341 1143
341 1150
341 1437
341 1543
341 1873
341 1950
342 378
342 462
342 666
342 888
342 1226
342 1269
342 1276
342 1347
342 1627
342 1836
342 1921
343 396
343 1224
343 1469
343 1761
344 535
344 567
344 654
344 683
344 1039
344 1237
344 1416
344 1687
344 1755
344 1803
344 1893
344 1900
345 650
345 716
345 738
345 869
345 885
345 965
345 1008
345 1947
345 1963
346 367
346 821
346 839
346 997
346 1032
346 1149
346 1340
346 1752
346 1812
347 355
347 396
347 866
347 1142
347 1186
347 1237
347 1384
347 1393
347 1576
347 1920
347 1993
348 477
348 661
348 789
348 1121
348 1218
348 1275
348 1411
348 1749
348 1779
348 1954
349 1101
349 1200
349 1250
349 1398
349 1479
349 1607
350 435
350 657
350 956
350 1050
350 1320
351 356
351 620
351 814
351 894
351 934
351 1540
351 1668
351 1971
352 877
352 1033
352 1509
352 1520
352 1638
352 1780
353 563
353 585
353 997
353 1588
353 1867
354 390
354 803
354 1062
354 1195
354 1531
354 1549
354 1634
354 1699
354 1715
354 1732
354 1824
354 1844
354 1912
355 534
355 717
355 1008
355 1074
355 1310
355 1581
356 612
356 716
356 848
356 962
356 1127
356 1553
356 1658
356 1701
356 1708
356 1832
357 879
357 1067
357 1928
358 457
358 905
358 920
358 1548
358 1601
358 1869
358 1884
359 559
359 823
359 1099
359 1218
359 1375
359 1534
359 1623
359 1886
360 700
360 761
360 1368
360 1575
360 1693
360 1921
361 1014
361 1129
361 1375
361 1918
362 1409
362 1465
362 1527
363 388
363 833
363 892
363 897
363 953
363 997
363 1010
363 1052
363 1268
363 1403
364 496
364 530
364 600
364 637
364 638
364 840
364 874
365 415
365 1070
365 1155
365 1909
366 386
366 1689
366 1910
367 612
367 1190
367 1682
367 1968
368 440
368 585
368 666
368 813
368 1011
368 1508
368 1861
368 1876
369 398
369 412
369 664
369 840
369 845
369 1018
369 1127
369 1292
369 1857
369 1954
370 375
370 1046
370 1086
370 1318
370 1390
370 1867
371 1103
371 1373
371 1623
371 1672
371 1862
372 646
372 670
372 687
372 860
372 863
372 1140
372 1349
372 1650
372 1847
373 937
373 1013
373 1212
373 1367
373 1712
373 1740
373 1789
373 1842
373 1943
373 1989
374 388
374 514
374 1282
374 1645
374 1860
375 407
375 425
375 520
375 602
375 685
375 1224
375 1351
375 1363
375 1394
375 1606
375 1626
375 1657
375 1834
375 1886
376 428
376 805
376 956
376 1234
376 1265
376 1274
376 1614
376 1995
377 595
377 606
377 792
377 1422
377 1538
378 473
378 829
378 1106
378 1262
378 1485
378 1517
378 1580
378 1770
378 1819
379 814
379 1357
379 1372
379 1516
379 1918
379 1970
380 459
380 508
380 854
380 1112
380 1465
380 1517
380 1521
380 1905
381 581
381 662
381 749
381 773
381 811
381 920
381 1465
381 1534
381 1883
381 1921
382 511
382 753
382 1675
383 407
383 608
383 756
383 1096
383 1540
383 1673
383 1683
383 1956
383 1996
384 655
384 721
384 878
384 911
384 1101
384 1408
384 1856
385 735
385 748
385 799
385 1201
385 1437
385 1708
385 1713
386 521
386 801
386 1065
386 1449
386 1933
387 531
387 626
387 796
387 876
387 1201
387 1772
388 631
388 675
388 868
388 926
388 1205
388 1300
389 414
389 651
389 746
389 824
389 1044
389 1090
389 1145
389 1188
389 1302
389 1634
389 1799
390 859
390 1029
390 1136
390 1858
391 490
391 635
391 1030
391 1039
391 1080
391 1092
391 1413
391 1493
391 1689
391 1790
391 1811
391 1909
392 465
392 557
392 710
392 758
392 939
392 1476
392 1717
393 475
393 499
393 503
393 1022
393 1152
393 1236
393 1621
393 1996
394 567
394 608
394 713
394 850
394 890
394 947
394 965
394 1445
394 1571
394 1583
394 1691
395 902
395 942
395 978
395 1311
395 1484
395 1940
396 605
396 732
396 922
397 404
397 494
397 763
397 1021
397 1030
397 1455
397 1492
397 1728
398 508
398 638
398 1321
398 1451
398 1794
399 497
399 578
399 1073
399 1137
399 1188
400 477
400 491
400 510
400 634
400 779
400 906
400 988
400 1165
400 1456
400 1707
400 1726
400 1940
400 1991
401 1028
401 1381
401 1576
401 1860
401 1909
402 575
402 721
402 898
402 912
402 1198
402 1225
402 1451
402 1998
403 658
403 690
403 808
403 880
403 1330
403 1622
403 1645
403 1838
404 419
404 1001
404 1052
404 1094
404 1150
404 1470
404 1487
404 1532
404 1863
404 1929
404 1958
405 1050
405 1308
405 1585
405 1632
405 1674
405 1720
405 1898
406 442
406 780
406 937
406 1049
406 1825
406 1883
406 1919
407 741
407 823
407 897
407 919
407 978
407 983
407 1236
407 1252
407 1867
408 689
408 899
408 1170
408 1409
408 1431
408 1665
409 496
409 1133
409 1767
409 1877
409 1899
409 1944
409 1989
410 468
410 707
410 847
410 872
410 1055
410 1362
411 657
411 661
411 1149
411 1603
411 1890
412 613
412 1115
412 1534
413 902
413 1052
413 1337
413 1531
413 1965
414 1025
414 1296
414 1457
414 1486
414 1889
415 562
415 833
415 933
415 1555
415 1657
415 1697
416 738
416 1360
416 1434
416 1825
417 608
417 918
417 1235
417 1360
417 1404
417 1449
417 1794
418 634
418 719
418 1035
418 1159
418 1215
418 1597
418 1733
418 1904
418 1991
419 1244
419 1627
419 1641
420 441
420 603
420 1157
420 1336
420 1517
420 1526
420 1810
420 1928
420 1950
421 425
421 962
421 1044
421 1422
421 1441
421 1562
422 774
422 849
422 891
422 1004
422 1018
422 1180
422 1292
422 1307
422 1339
422 1352
422 1801
423 438
423 586
423 617
423 699
423 724
423 870
423 963
423 1174
423 1213
423 1234
423 1385
423 1464
423 1484
423 1836
423 1861
423 1936
424 736
424 1399
424 1494
424 1549
424 1598
424 1751
424 1756
424 1762
425 682
425 739
425 806
425 1088
425 1089
425 1284
425 1405
425 1502
425 1809
426 964
426 1291
426 1336
426 1365
426 1874
427 731
427 820
427 1012
427 1098
427 1272
427 1289
427 1300
427 1409
427 1593
427 1869
427 1949
428 971
428 984
428 1384
428 1674
429 549
429 806
429 990
429 1112
429 1446
429 1475
430 487
430 518
430 568
430 601
430 908
430 1051
430 1273
430 1322
430 1452
430 1467
431 522
431 577
431 636
431 699
431 948
431 962
431 1482
431 1656
431 1983
432 944
432 972
432 1071
432 1254
432 1765
432 1796
433 502
433 517
433 1207
433 1261
433 1397
433 1418
433 1794
433 1878
433 1909
433 1918
434 621
434 660
434 935
434 962
434 1046
434 1343
434 1506
434 1514
435 502
435 529
435 568
435 587
435 729
435 769
435 1343
435 1367
435 1494
435 1589
435 1882
436 814
436 990
436 1013
436 1369
437 942
437 1007
437 1105
437 1454
437 1505
437 1874
438 975
438 1032
439 1064
439 1065
439 1090
439 1186
439 1444
439 1487
439 1549
439 1876
439 1921
440 735
440 999
440 1015
440 1089
440 1332
440 1519
440 1698
440 1705
440 1792
441 786
441 952
441 963
441 1219
441 1302
441 1509
442 688
442 1009
442 1084
442 1111
442 1143
442 1173
442 1273
442 1885
443 466
443 489
443 532
443 1012
443 1040
443 1291
443 1505
443 1684
443 1817
444 618
444 705
444 979
444 1114
444 1200
444 1253
444 1887
444 1985
445 914
445 1000
445 1050
445 1389
445 1769
445 1889
446 705
446 939
446 962
446 1015
446 1027
446 1380
446 1501
446 1631
446 1894
447 502
447 531
447 758
447 1131
447 1151
447 1274
447 1366
447 1407
447 1584
447 1945
448 856
448 933
448 1570
449 745
449 862
449 942
449 1077
449 1112
449 1359
449 1723
450 628
450 854
450 994
450 1261
450 1363
450 1423
451 701
451 998
451 1269
451 1329
451 1788
451 1888
452 749
452 851
452 1402
452 1413
452 1569
452 1695
453 474
453 696
453 1030
453 1056
453 1677
453 1744
453 1908
454 786
454 866
454 886
454 990
454 1543
455 1224
455 1339
455 1373
455 1554
455 1796
455 1841
455 1860
455 1883
455 1885
456 635
456 643
456 970
456 977
456 1013
456 1269
456 1335
456 1413
456 1643
456 1735
456 1763
457 716
457 899
457 1418
457 1471
457 1600
457 1614
457 1938
458 499
458 526
458 650
458 678
458 969
458 1082
458 1293
458 1781
459 493
459 654
459 717
459 1026
459 1127
459 1425
459 1581
459 1772
459 1916
460 564
460 582
460 787
460 1333
460 1538
460 1556
460 1873
461 771
461 1202
462 633
462 918
462 972
462 1024
462 1214
462 1234
462 1331
462 1530
462 1600
463 473
463 977
463 1194
463 1976
464 918
464 1075
464 1849
465 627
465 1108
465 1143
465 1332
465 1382
465 1383
465 1399
465 1681
465 1985
466 733
466 1096
466 1125
466 1215
466 1311
466 1353
466 1699
467 784
467 897
467 939
467 1025
467 1038
467 1336
467 1540
467 1545
467 1644
467 1955
468 805
468 1120
468 1268
468 1384
468 1420
468 1472
468 1508
468 1547
468 1868
468 1979
469 578
469 590
469 724
469 933
469 1142
469 1249
469 1319
469 1424
469 1532
470 594
470 762
470 1222
470 1292
470 1501
470 1617
470 1890
470 1912
471 854
471 1655
471 1662
471 1677
472 949
472 1045
472 1075
472 1150
472 1293
472 1366
472 1996
473 632
473 827
474 617
474 641
474 842
474 845
474 1169
474 1356
474 1382
474 1501
474 1607
474 1658
474 1741
475 490
475 683
475 972
475 1604
475 1712
475 1877
476 505
476 839
476 902
476 1359
476 1421
476 1550
476 1636
476 1777
477 479
477 526
477 683
477 981
477 1046
477 1202
477 1377
477 1876
478 485
478 572
478 1321
478 1653
478 1964
478 1986
479 606
479 626
479 699
479 741
479 1477
479 1896
479 1913
479 1927
480 668
480 917
480 958
480 995
480 1139
480 1252
480 1944
481 766
481 800
481 1182
481 1394
481 1462
481 1550
481 1753
481 1779
481 1833
481 1917
481 1934
481 1967
482 576
482 615
482 845
482 1326
482 1822
483 563
483 995
483 1032
483 1353
483 1414
484 1159
484 1459
484 1534
484 1760
485 593
485 608
485 973
485 1002
485 1415
485 1475
485 1499
485 1543
485 1606
485 1819
485 1902
486 827
486 1015
486 1016
486 1098
486 1376
486 1475
486 1956
487 558
487 614
487 771
487 810
487 970
487 1275
487 1957
488 883
488 898
488 954
488 998
488 1022
488 1202
488 1670
489 585
489 1494
489 1561
489 1656
490 616
490 1115
490 1120
490 1127
490 1702
491 1042
491 1108
491 1405
491 1488
491 1998
492 543
492 741
492 869
492 1165
492 1476
492 1481
492 1569
492 1584
492 1663
492 1667
492 1740
493 522
493 1175
493 1420
493 1728
493 1762
493 1930
494 981
494 1063
494 1083
494 1410
494 1544
495 772
495 870
495 877
495 1315
495 1690
495 1788
495 1829
495 1836
495 1903
495 1941
496 666
496 711
496 753
496 781
496 866
496 985
496 1171
496 1240
496 1247
496 1273
496 1418
496 1687
496 1706
496 1730
497 1076
497 1655
497 1668
498 932
498 1002
498 1146
498 1358
498 1481
498 1849
498 1983
499 624
499 1486
499 1873
500 641
500 1394
500 1990
501 658
501 762
501 998
501 1008
501 1017
501 1150
501 1366
501 1407
501 1449
501 1465
501 1924
502 602
502 977
502 1179
502 1581
502 1757
503 865
503 1381
503 1389
503 1645
503 1783
503 1879
504 749
504 1239
504 1252
504 1300
504 1404
504 1581
504 1886
505 861
505 984
505 1007
505 1477
505 1675
505 1853
506 586
506 1048
506 1101
506 1357
506 1650
506 1737
507 793
507 803
507 843
507 866
507 1257
507 1612
507 1778
507 1933
508 516
508 1073
508 1424
508 1898
508 1977
509 1145
509 1176
509 1200
509 1559
509 1780
509 1860
510 802
510 1165
510 1267
510 1400
510 1437
510 1561
510 1636
510 1691
511 553
511 687
511 979
511 1348
511 1421
511 1437
512 565
512 941
512 952
512 1248
512 1552
512 1696
513 558
513 765
513 937
513 1152
513 1528
513 1541
513 1611
513 1820
513 1866
513 1868
513 1998
514 585
514 1183
514 1243
514 1528
514 1770
515 520
515 569
515 719
515 957
515 1207
515 1345
515 1356
515 1709
516 707
516 1267
516 1413
517 522
517 1676
517 1807
517 1981
518 820
518 1077
518 1127
518 1137
518 1268
518 1440
518 1489
518 1524
518 1760
519 944
519 962
519 1011
519 1156
519 1242
519 1551
519 1593
519 1836
519 1883
519 1916
520 698
520 1339
520 1416
520 1590
520 1644
520 1695
520 1697
520 1838
520 1905
520 1914
520 1963
521 664
521 1008
521 1524
521 1801
521 1924
522 598
522 1118
522 1334
522 1428
522 1440
522 1481
522 1564
522 1809
523 754
523 797
523 953
523 1028
523 1189
523 1287
523 1402
523 1406
523 1437
523 1451
523 1464
523 1662
523 1979
524 723
524 1531
524 1644
524 1698
524 1857
525 579
525 774
525 1529
525 1592
525 1654
525 1784
526 579
526 714
526 1102
526 1137
526 1568
526 1909
526 1918
527 581
527 732
527 814
527 842
527 847
527 904
527 1280
527 1790
527 1950
527 1974
528 769
529 785
529 1055
529 1387
529 1766
529 1961
529 1995
529 1998
530 621
530 774
530 1121
530 1193
530 1194
530 1230
530 1277
530 1473
530 1514
531 657
531 1170
531 1275
531 1825
531 1884
532 686
532 940
532 1016
532 1328
532 1331
532 1919
532 1929
533 635
533 978
533 1060
533 1349
533 1372
534 732
534 1470
534 1649
535 686
535 969
535 994
535 1094
535 1238
535 1267
535 1610
535 1625
535 1679
535 1899
536 595
536 605
536 956
536 1057
536 1365
536 1484
536 1554
536 1634
536 1723
537 558
537 567
537 591
538 553
538 904
538 1039
538 1102
538 1439
538 1607
538 1657
538 1881
539 599
539 1098
539 1151
539 1220
539 1223
539 1277
539 1427
539 1439
539 1644
539 1734
540 547
540 591
540 748
540 796
540 1183
541 897
541 908
541 918
541 972
541 1001
541 1219
541 1287
541 1380
541 1504
541 1950
542 1085
542 1257
542 1529
542 1587
542 1673
542 1864
542 1953
543 866
543 950
543 1086
543 1205
543 1228
543 1956
544 706
544 722
544 793
544 1167
544 1611
545 1322
545 1433
545 1450
545 1453
545 1587
545 1614
545 1794
546 661
546 856
546 968
546 1080
546 1260
546 1333
546 1434
546 1851
547 822
547 913
547 943
547 1209
547 1393
547 1631
547 1854
548 717
548 978
548 1054
548 1340
548 1547
548 1704
548 1707
548 1981
548 2000
549 601
549 611
549 694
549 879
549 1051
549 1156
549 1238
549 1563
549 1641
549 1674
549 1702
551 972
551 979
551 1860
552 663
552 752
552 762
552 1009
552 1044
552 1268
552 1485
552 1689
552 1701
552 1702
552 1960
552 1976
553 1296
553 1311
553 1359
553 1382
553 1455
553 1749
553 1904
554 594
554 605
554 939
554 1279
554 1300
554 1362
554 1494
554 1534
554 1579
554 1702
554 1742
554 1786
554 1817
554 1819
554 1983
555 931
555 996
555 1184
555 1318
555 1608
555 1733
556 578
556 1026
556 1383
556 1461
556 1535
556 1748
556 1776
557 657
557 1036
557 1290
557 1415
557 1420
557 1600
557 1659
558 707
558 940
558 1005
558 1859
559 781
559 1641
559 1828
559 1901
559 1929
560 730
560 999
560 1058
560 1060
560 1127
560 1215
560 1630
560 1663
560 1701
561 908
561 1009
561 1163
561 1253
561 1295
561 1385
561 1503
561 1764
561 1843
562 791
562 868
562 906
562 982
562 1195
562 1493
562 1641
562 1673
562 1685
562 1887
563 763
563 854
563 989
563 1300
563 1432
563 1560
563 1650
563 1717
564 619
564 857
564 1325
564 1449
564 1537
565 680
565 878
565 1253
565 1552
565 1736
565 1953
566 748
566 829
566 1577
566 1826
567 1051
567 1216
567 1598
567 1868
568 719
568 1277
568 1493
568 1830
569 1001
569 1073
569 1251
569 1943
570 670
570 1080
570 1473
570 1513
570 1654
570 1786
570 1815
571 658
571 1188
571 1227
571 1324
571 1610
572 908
572 1087
572 1145
572 1366
572 1676
572 1766
573 858
573 1022
573 1048
573 1543
573 1573
573 1650
573 1719
573 1804
574 591
574 862
574 1233
574 1256
574 1516
574 1756
574 1932
574 1945
575 880
575 985
575 1396
575 1482
575 1697
575 1950
576 642
576 680
576 1128
576 1150
576 1479
576 1568
577 960
577 1003
577 1217
577 1548
578 700
578 880
578 913
578 973
578 989
578 1240
579 891
579 914
579 994
579 1074
579 1263
579 1335
579 1339
579 1404
579 1687
579 1855
579 1887
580 585
580 1122
580 1150
580 1320
580 1736
581 738
581 932
581 1061
581 1062
581 1155
581 1368
581 1457
581 1704
582 760
582 864
582 1091
582 1208
582 1300
582 1869
582 1893
583 854
583 1457
583 1487
583 1688
584 649
584 914
584 1116
584 1117
584 1175
584 1202
584 1208
584 1823
585 1021
585 1303
585 1667
585 1803
586 725
586 744
586 920
586 1179
586 1278
586 1452
586 1630
586 1820
586 1943
587 621
587 1245
587 1302
587 1313
587 1488
587 1628
587 1644
587 1730
587 1898
588 631
588 643
588 659
588 1009
588 1072
588 1199
588 1237
589 632
589 687
589 832
589 896
589 957
589 1667
590 626
590 695
590 926
590 975
590 1007
590 1088
590 1155
590 1321
590 1675
590 1704
590 1830
590 1904
591 694
591 897
591 1169
591 1271
591 1331
591 1636
591 1705
591 1855
591 1869
591 1882
592 652
592 733
592 1153
592 1819
592 1896
593 772
593 1131
593 1304
593 1565
593 1986
594 642
594 716
594 825
594 851
594 1915
595 901
595 1076
595 1115
595 1197
595 1368
595 1407
595 1433
595 1455
595 1744
595 1813
595 1962
596 732
596 760
596 1823
597 989
597 1126
597 1258
597 1331
597 1451
597 1488
597 1552
598 737
598 916
598 1020
598 1137
598 1186
598 1188
598 1448
598 1511
599 752
599 1026
599 1266
599 1445
599 1640
599 1704
600 744
600 778
600 824
600 840
600 975
600 1037
600 1072
600 1111
600 1274
600 1328
600 1623
600 1647
600 1764
601 621
601 789
601 1199
601 1283
601 1319
601 1341
601 1476
601 1806
601 1887
601 1973
602 733
602 823
602 1108
602 1495
602 1736
603 623
603 1042
603 1170
603 1560
603 1999
604 656
604 1053
604 1144
604 1294
604 1311
604 1621
604 1678
604 1795
604 1828
605 609
605 702
605 738
605 776
605 1286
605 1406
605 1699
605 1728
605 1918
605 1952
606 675
606 831
606 1516
606 1685
606 1745
606 1867
606 1871
606 1977
607 815
607 982
607 985
607 1264
607 1333
607 1411
607 1475
607 1514
607 1653
608 1070
608 1380
608 1749
608 1979
609 614
609 1126
609 1447
609 1639
609 1858
609 1876
609 1910
610 951
610 1263
610 1494
610 1724
610 1951
611 1383
611 1457
611 1878
611 1997
612 746
612 805
612 1056
612 1100
612 1562
613 1125
613 1172
613 1205
613 1260
613 1461
613 1508
613 1715
613 1783
613 1921
614 617
614 1026
614 1163
614 1385
614 1761
615 646
615 1448
615 1599
615 1624
615 1676
615 1728
615 1839
615 1874
615 1958
616 894
616 970
616 1271
616 1320
616 1448
616 1472
616 1503
617 1111
617 1242
617 1279
617 1538
617 1540
618 700
618 780
618 830
618 1240
618 1276
618 1435
619 854
619 938
619 944
619 988
619 1015
619 1122
619 1324
619 1447
619 1481
619 1567
619 1593
619 1744
619 1918
620 622
620 700
620 1020
620 1024
620 1210
620 1373
620 1405
620 1559
620 1646
620 1730
621 1306
621 1461
621 1644
622 933
622 962
622 1147
622 1226
622 1409
622 1511
622 1599
622 1812
623 786
623 1590
623 1612
623 1615
623 1624
623 1805
623 1831
623 1878
624 631
624 923
624 1253
624 1531
624 1617
624 1992
624 1997
625 763
625 967
625 1072
625 1177
625 1253
625 1269
625 1360
625 1610
625 1649
625 1719
626 640
626 673
626 1428
626 1574
626 1823
627 853
627 1162
627 1438
627 1600
627 1797
627 1844
628 637
628 720
628 919
628 1216
628 1362
628 1641
628 1804
628 1983
629 1019
629 1273
629 1405
629 1463
629 1637
629 1996
630 714
630 749
630 899
630 938
630 1021
630 1186
630 1384
630 1423
630 1889
630 1936
631 677
631 709
631 717
631 899
631 1383
631 1794
631 1926
631 1955
632 656
632 695
632 733
632 888
632 1113
632 1410
632 1518
632 1874
632 1917
633 787
633 950
633 991
633 1226
633 1478
634 898
634 945
634 1434
634 1730
634 1845
635 653
635 679
635 1416
635 1428
635 1848
635 1908
635 1960
636 737
636 807
636 809
636 971
636 1162
636 1596
636 1832
637 638
637 747
637 1183
637 1209
637 1567
637 1651
637 1835
638 813
638 1023
638 1083
638 1285
638 1441
638 1548
638 1723
638 1875
639 940
639 1401
639 1465
639 1796
640 1066
640 1104
640 1284
640 1675
641 821
641 853
641 900
641 1273
641 1371
641 1627
641 1989
642 644
642 1194
642 1196
642 1440
642 1521
642 1874
642 1995
643 757
643 762
643 1197
643 1746
644 935
644 1001
644 1004
644 1185
644 1226
644 1484
644 1659
644 1913
645 680
645 913
645 1065
645 1213
645 1220
646 923
646 1047
646 1173
646 1293
646 1314
646 1348
646 1554
646 1886
647 1035
647 1196
647 1346
647 1557
647 1977
648 709
648 728
648 820
648 932
648 938
648 1076
648 1834
648 1837
648 1999
649 833
649 1367
649 1465
649 1490
649 1785
649 1836
650 1122
650 1168
650 1194
651 1594
651 1639
651 1665
651 1858
651 1868
652 1266
652 1450
652 1908
653 703
653 732
653 736
653 742
653 745
653 846
653 1059
653 1067
653 1097
653 1300
653 1415
653 1429
653 1488
653 1733
653 1870
654 695
654 1044
654 1192
654 1495
654 1544
654 1638
654 1843
654 2000
655 999
655 1454
655 1479
655 1720
655 1843
656 1012
656 1065
656 1300
656 1918
657 767
657 1046
657 1408
657 1935
658 782
658 1326
658 1365
658 1783
658 1855
659 1083
659 1180
659 1246
659 1319
659 1334
659 1828
659 1961
660 882
660 1409
660 1549
660 1866
661 800
661 969
661 1068
661 1156
661 1461
661 1714
661 1820
662 672
662 911
662 1491
662 1669
662 1731
662 1847
663 728
663 898
663 1073
663 1428
663 1550
664 843
664 991
664 1156
664 1204
664 1361
664 1877
665 667
665 1119
665 1194
665 1271
665 1491
665 1697
665 1764
665 1767
666 862
666 1752
666 1956
667 761
667 764
667 898
667 1026
667 1074
667 1083
667 1449
667 1494
667 1616
667 1654
667 1814
667 1971
667 1976
668 961
668 1023
668 1128
668 1318
668 1322
668 1355
668 1385
668 1488
668 1545
668 1800
668 1841
669 859
669 891
669 978
669 1392
669 1701
669 1763
669 1794
669 1934
670 699
670 1259
670 1310
670 1751
670 1802
671 751
671 843
671 890
671 1242
671 1353
672 699
672 1248
672 1332
672 1431
672 1500
672 1869
672 1942
673 1545
673 1904
674 875
674 1370
674 1501
674 1626
674 1958
675 741
675 763
675 979
675 992
675 1276
675 1540
675 1695
675 1860
675 1946
676 693
676 873
676 900
676 1302
676 1596
677 938
677 1430
677 1590
677 1903
677 1983
678 751
678 1181
678 1189
678 1325
678 1456
678 1653
678 1706
678 1822
678 1847
678 1949
679 741
679 875
679 943
679 1173
679 1536
680 1042
680 1318
680 1397
680 1408
680 1415
680 1483
680 1490
680 1606
680 1843
680 1861
681 920
681 1135
681 1471
681 1610
681 1795
681 1864
682 690
682 899
682 941
682 1252
682 1357
682 1535
682 1737
683 1003
683 1964
684 859
684 975
684 1250
684 1782
684 1990
685 1429
685 1450
685 1768
685 1945
686 983
686 1242
686 1686
686 1839
687 694
687 812
687 898
687 1352
687 1493
687 1572
687 1737
688 1269
688 1273
688 1329
688 1334
688 1338
688 1433
688 1519
688 1764
688 1844
688 1974
689 1138
689 1486
689 1511
689 1666
689 1731
689 1802
690 1187
690 1258
690 1277
690 1290
690 1563
690 1713
690 1823
691 783
691 908
691 1113
691 1120
691 1479
691 1612
691 1630
691 1729
691 1860
692 1616
693 771
693 839
693 952
693 1577
694 836
694 1038
694 1436
694 1539
694 1556
694 1601
695 1239
695 1640
696 751
696 833
696 1114
696 1175
696 1216
696 1357
696 1430
696 1453
696 1593
696 1968
697 995
697 1316
697 1446
697 1684
697 1812
698 797
698 1196
698 1251
698 1337
698 1590
698 1673
698 1797
698 1917
699 1071
699 1902
699 1918
700 746
700 1221
700 1388
700 1525
700 1583
700 1720
700 1949
701 922
701 1123
701 1322
701 1330
701 1436
701 1516
701 1574
701 1783
701 1812
702 930
702 1026
702 1137
702 1184
702 1407
702 1464
702 1578
702 1587
702 1865
702 1907
702 1973
703 828
703 1197
703 1365
703 1675
703 1750
704 719
704 1173
704 1313
704 1378
704 1659
704 1721
705 1375
705 1635
705 1713
705 1776
705 1803
705 1900
705 1927
705 1995
706 750
706 781
706 792
706 802
706 959
706 1026
706 1137
706 1212
706 1411
706 1526
706 1976
706 1983
707 733
707 763
707 844
707 1604
707 1610
707 1682
707 1858
707 1974
707 1978
708 991
708 1200
708 1786
708 1790
708 1913
709 799
709 862
709 1063
709 1098
710 752
710 879
710 1119
710 1602
710 1656
710 1767
710 1824
710 1869
711 777
711 787
711 831
711 932
711 1658
711 1679
711 1713
711 1838
711 1866
712 838
712 1500
712 1602
712 1628
712 1636
712 1678
712 1812
713 1003
713 1192
713 1419
713 1470
713 1482
713 1900
714 1067
715 959
715 1348
715 1401
715 1500
715 1526
715 1712
715 1919
716 1035
716 1119
716 1341
716 1423
716 1604
717 820
717 1038
717 1108
717 1176
717 1200
717 1356
717 1575
717 1869
717 1872
717 1987
718 845
718 886
718 1279
718 1481
719 768
719 928
719 1331
719 1446
719 1570
720 757
720 880
720 996
720 1033
720 1043
720 1123
720 1352
720 1388
720 1595
720 1730
720 1844
721 1697
721 1998
722 1143
722 1433
722 1955
723 801
723 1520
724 747
724 830
724 840
724 1282
724 1325
724 1579
724 1679
725 884
726 1016
726 1447
726 1755
727 1127
727 1733
727 1992
728 955
728 985
728 1115
728 1303
728 1366
728 1921
728 1967
729 737
729 802
729 824
729 889
729 894
729 995
729 1057
729 1395
730 998
730 1050
730 1108
730 1249
730 1630
730 1993
730 1996
731 732
731 1166
731 1264
731 1271
731 1397
731 1415
731 1977
732 750
732 809
732 940
732 1073
732 1270
732 1285
732 1421
732 1786
732 1818
732 1862
732 1993
733 1007
733 1086
733 1108
733 1457
733 1481
733 1767
733 1798
733 1997
734 951
734 980
734 1258
734 1355
734 1459
734 1723
735 1017
735 1044
735 1135
735 1542
736 870
736 1170
736 1219
736 1289
736 1473
736 1601
736 1783
736 1845
736 1910
737 1097
737 1800
737 1985
738 781
738 976
738 1312
738 1340
738 1877
738 1892
738 1903
739 1483
739 1629
739 1789
739 1817
739 1965
740 750
740 790
740 953
740 1554
740 1653
741 1118
741 1344
741 1424
741 1757
741 1810
741 1888
742 1410
742 1688
742 1952
743 787
743 843
743 1047
743 1114
743 1147
743 1217
743 1652
743 1951
744 910
744 1004
744 1060
744 1280
744 1342
745 772
745 776
745 1099
745 1483
746 955
746 1009
746 1221
746 1381
746 1739
746 1853
746 1859
747 918
747 921
747 1258
747 1338
747 1866
747 1980
748 1237
748 1457
748 1534
749 941
749 1026
749 1370
749 1630
750 984
750 986
750 1162
750 1533
750 1546
750 1648
750 1935
750 1955
750 1957
751 830
751 1250
751 1619
752 966
752 1083
752 1093
752 1235
752 1368
752 1568
752 1667
752 1831
752 1881
753 880
753 898
753 999
753 1079
753 1374
753 1528
753 1928
754 969
754 1199
754 1538
754 1580
755 870
755 982
755 1082
755 1327
755 1333
755 1520
756 858
756 953
756 1023
756 1278
756 1654
756 1702
756 1855
757 986
757 1011
757 1197
757 1279
757 1481
757 1503
757 1997
758 842
758 1051
758 1081
758 1728
758 1788
759 797
759 1195
759 1230
759 1332
759 1502
759 1510
759 1684
759 1776
760 1059
760 1174
760 1667
760 1811
761 762
761 1336
762 834
762 1322
762 1384
762 1556
762 1573
762 1702
762 1715
763 1033
763 1239
763 1410
764 982
764 1130
764 1227
764 1266
764 1286
764 1441
764 1486
764 1729
764 1849
765 1059
765 1308
765 1416
765 1556
765 1795
765 1864
765 1894
766 1751
766 1765
766 1967
766 1987
767 1896
768 914
768 978
768 1187
768 1199
768 1332
768 1453
768 1614
768 1695
768 1767
769 896
769 1022
769 1053
769 1413
769 1547
769 1576
769 1813
770 940
770 943
770 1039
770 1090
770 1377
770 1686
771 1590
772 1081
772 1166
772 1239
772 1383
772 1643
772 1688
772 1903
772 1959
773 856
773 867
773 1343
773 1566
774 984
774 1029
774 1330
775 1157
775 1310
775 1787
775 1796
775 1911
775 1924
776 1342
776 1453
776 1559
776 1970
777 802
777 994
777 1024
777 1161
777 1205
777 1784
778 1227
778 1266
778 1393
778 1524
778 1625
778 1676
778 1959
779 863
779 951
779 1335
779 1349
779 1622
779 1671
780 1078
780 1333
780 1404
780 1905
780 1939
781 788
781 870
781 905
781 925
781 1126
781 1181
781 1309
781 1314
781 1419
781 1695
781 1710
781 1806
781 1839
781 1898
782 1031
782 1359
782 1433
782 1488
782 1691
783 1183
783 1507
783 1572
783 1576
783 1805
783 1874
784 852
784 870
784 1028
784 1052
784 1264
784 1306
784 1747
785 903
785 1045
785 1238
785 1333
785 1499
785 1992
786 863
786 885
786 900
786 939
786 1010
786 1044
786 1350
786 1407
786 1459
786 1586
786 1606
786 1626
786 1897
787 1268
787 1293
787 1329
787 1485
787 1488
787 1508
787 1540
787 1677
787 1735
788 797
788 1022
788 1053
788 1154
788 1250
788 1425
788 1738
788 1955
789 1012
789 1058
789 1386
789 1959
790 844
790 998
790 1078
790 1139
790 1175
790 1493
790 1757
790 1891
791 1390
791 1391
791 1883
791 1939
792 995
792 1533
792 1868
793 1161
793 1546
793 1841
793 1932
794 1064
794 1074
794 1088
794 1134
794 1159
794 1167
794 1396
794 1644
794 1839
794 1927
795 873
795 942
795 1474
795 1734
795 1746
795 1871
796 1432
796 1968
797 1892
798 815
798 847
798 965
798 1053
798 1458
799 804
799 1004
799 1073
799 1167
799 1327
799 1693
799 1946
800 1156
800 1449
800 1639
800 1653
800 1697
800 1725
801 875
801 1131
801 1203
801 1276
801 1293
801 1312
801 1319
801 1766
801 1978
802 851
802 1118
802 1164
802 1181
803 942
803 1234
803 1567
803 1630
803 1946
803 1995
804 865
804 1211
804 1482
804 1943
805 841
805 888
805 1100
805 1134
805 1246
805 1431
805 1528
805 1877
805 1919
806 832
806 1056
806 1388
806 1545
806 1610
807 1102
807 1209
807 1319
807 1339
807 1481
807 1555
807 1604
808 867
808 885
808 1026
808 1080
808 1213
808 1357
808 1372
808 1445
808 1665
808 1809
809 1203
809 1322
809 1591
809 1856
809 1869
809 1940
810 815
810 893
810 958
810 1201
810 1449
810 1502
810 1577
810 1795
811 848
811 911
811 1539
811 1787
811 1960
812 1025
812 1053
812 1775
812 1834
812 1908
812 1958
813 885
813 1353
813 1722
813 1754
813 1862
814 1027
814 1428
814 1524
814 1775
814 1796
815 1082
815 1116
815 1396
815 1455
815 1589
815 1619
815 1908
816 1042
816 1524
816 1779
817 1024
817 1145
817 1536
817 1752
818 1320
818 1347
818 1466
818 1579
818 1656
819 1382
819 1569
819 1725
819 1739
820 882
820 1215
820 1516
820 1667
820 1728
821 1058
821 1203
821 1308
821 1440
822 1126
822 1182
822 1680
822 1810
822 1971
823 895
823 1147
823 1306
823 1341
823 1528
823 1819
823 1843
823 1870
823 1995
824 1016
824 1168
824 1548
824 1591
824 1909
824 1965
825 960
825 1637
826 968
826 1253
826 1302
827 1016
827 1235
827 1413
827 1472
827 1486
828 941
828 1007
828 1183
828 1514
828 1838
828 1896
828 1972
829 962
829 1116
829 1337
829 1393
829 1408
829 1870
830 1069
830 1148
830 1305
830 1308
830 1619
830 1957
831 839
831 889
831 1299
831 1468
831 1840
831 1943
832 942
832 966
832 1689
832 1781
833 1177
833 1221
833 1323
833 1416
833 1452
833 1664
833 1668
833 1908
834 904
834 1208
834 1957
835 860
835 1353
835 1536
836 878
836 885
836 1118
836 1274
836 1379
836 1402
836 1993
837 856
837 959
837 1538
837 1577
837 1906
838 1243
838 1462
838 1480
838 1685
838 1835
839 1034
839 1144
839 1261
839 1305
839 1708
839 1897
840 1010
840 1077
840 1230
840 1308
840 1763
840 1839
840 1928
841 1037
841 1425
841 1493
841 1691
841 1796
841 1899
841 1974
842 984
842 1005
842 1327
842 1445
842 1572
842 1656
842 1787
842 1854
843 994
843 1052
843 1203
843 1269
843 1809
844 847
844 1560
844 1583
844 1604
845 881
845 903
845 1004
845 1300
845 1417
845 1984
846 1013
846 1164
846 1659
846 1772
847 1596
847 1646
848 1066
848 1221
848 1572
848 1649
848 1758
848 1802
848 1919
849 1092
849 1134
849 1188
849 1208
849 1520
849 1745
850 1166
850 1393
850 1402
850 1621
850 1782
851 1176
851 1177
851 1348
851 1505
852 1018
852 1695
852 1833
852 1972
853 1190
853 1202
853 1640
854 1223
854 1862
854 1905
854 1985
855 1198
855 1286
855 1479
855 1506
855 1807
855 1957
856 1144
856 1296
856 1502
856 1696
856 1733
857 865
857 1053
857 1147
857 1517
857 1870
858 1065
858 1618
858 1936
858 1973
859 1009
859 1070
859 1194
859 1239
859 1286
859 1334
859 1707
860 1307
860 1309
860 1558
860 1889
860 1906
861 929
861 1120
861 1407
861 1460
861 1731
862 1340
862 1380
862 1397
863 900
863 1154
863 1201
863 1226
863 1761
863 1970
864 1060
864 1061
864 1191
864 1631
864 1684
864 1752
864 1754
864 1846
865 916
865 1142
865 1287
865 1729
866 1200
866 1404
866 1420
867 992
867 1147
868 931
868 1033
868 1332
868 1459
869 1029
869 1045
869 1813
869 1928
870 1058
870 1527
870 1600
870 1603
870 1699
871 1419
871 1604
872 962
872 1027
872 1249
872 1705
872 1819
872 1965
873 920
873 1013
873 1154
873 1879
874 1430
874 1504
874 1522
874 1535
874 1560
874 1739
874 1785
874 1814
874 1844
875 958
875 1636
875 1762
876 932
876 994
876 1561
876 1883
876 1929
877 987
877 1048
877 1257
877 1458
877 1963
878 1001
878 1040
878 1224
878 1246
878 1437
878 1462
878 1618
878 1837
878 1853
878 1963
879 901
879 1030
879 1110
879 1517
879 1758
879 1988
880 1386
880 1686
880 1787
880 1829
881 1053
881 1752
881 1835
882 1456
882 1590
882 1634
883 1082
883 1196
884 1041
884 1284
884 1302
885 1141
885 1201
885 1502
885 1740
885 1768
885 1995
886 1048
886 1178
886 1223
886 1340
886 1945
887 1041
887 1617
889 893
889 995
889 1000
889 1009
889 1581
889 1600
889 1817
889 1875
890 920
890 1088
890 1181
890 1263
890 1383
890 1444
890 1639
890 1685
890 1865
890 1880
890 1996
891 956
891 1045
891 1079
891 1086
891 1153
891 1825
891 1953
892 928
892 975
892 1027
892 1269
892 1335
892 1474
892 1502
892 1935
893 934
893 937
893 1169
893 1185
893 1437
893 1599
893 1959
894 1275
894 1583
894 1768
895 1825
896 1129
896 1178
896 1646
897 908
897 953
897 1165
897 1197
897 1532
897 1673
898 1033
898 1051
898 1214
898 1247
898 1916
899 1054
899 1370
899 1523
899 1605
899 1841
900 986
900 1046
900 1160
900 1258
900 1298
901 995
901 1141
901 1303
901 1688
902 1166
902 1237
902 1606
903 1152
903 1379
903 1534
903 1781
903 1881
903 1891
904 1101
904 1230
904 1436
904 1448
904 1763
905 912
905 1162
905 1717
906 1022
906 1038
906 1374
906 1384
906 1500
907 1863
907 1900
908 1168
908 1194
908 1491
908 1545
908 1970
909 1258
909 1911
910 911
910 972
910 1142
910 1276
910 1699
910 1840
911 1468
911 1512
912 999
912 1098
912 1246
912 1548
912 1557
912 1633
912 1645
912 1856
913 990
913 1465
913 1678
914 995
914 1167
914 1321
914 1362
914 1656
914 1666
914 1731
914 1755
914 1841
914 1885
914 1998
915 949
915 1227
915 1298
915 1364
915 1735
915 1870
916 1331
916 1567
917 1284
917 1514
917 1545
917 1649
917 1778
918 1497
919 1190
919 1481
919 1592
919 1734
920 978
920 1197
920 1578
920 1584
921 1003
921 1044
921 1095
921 1170
921 1513
921 1756
921 1845
921 1943
922 1224
922 1301
922 1441
922 1550
922 1846
922 1966
923 928
923 1099
923 1164
923 1366
923 1542
923 1716
924 928
924 994
924 1794
925 1095
925 1113
925 1156
925 1176
925 1236
925 1256
925 1486
926 942
926 1058
926 1543
926 1697
926 1725
927 954
927 1001
927 1513
927 1999
928 1221
928 1232
928 1359
928 1549
928 1652
928 1930
929 1118
929 1242
929 1675
929 1791
929 1835
929 1860
930 1348
930 1504
930 1628
930 1985
931 958
931 1112
931 1259
931 1722
931 1892
931 1903
931 1979
932 1223
932 1383
932 1418
932 1803
933 1015
933 1243
933 1246
933 1292
933 1437
933 1523
934 1422
934 1446
934 1597
935 938
935 1053
935 1249
935 1519
935 1570
935 1717
935 1765
935 1792
935 1905
936 1112
936 1275
936 1477
936 1497
936 1610
936 1638
936 1980
937 998
937 1159
937 1205
937 1217
937 1230
937 1284
937 1349
937 1519
937 1520
937 1754
938 1068
938 1177
938 1463
939 1110
939 1171
939 1337
939 1416
939 1535
940 945
940 1368
940 1650
941 1106
941 1181
941 1354
941 1743
941 1806
943 1181
943 1365
943 1976
944 1005
944 1137
945 1242
945 1307
945 1671
945 1710
945 1808
946 1158
946 1205
946 1481
947 1630
947 1636
947 1821
947 1991
948 1014
948 1139
949 1218
949 1904
950 1122
950 1465
950 1494
950 1960
951 1082
951 1398
951 1407
951 1564
951 1678
951 1706
952 1234
952 1398
952 1509
952 1603
952 1615
953 1106
953 1108
953 1635
953 1669
953 1863
954 960
954 1717
954 1917
954 1981
955 1080
955 1622
955 1623
956 1119
956 1268
956 1630
956 1953
957 991
957 1018
957 1249
957 1390
957 1451
957 1527
957 1558
959 1048
959 1063
959 1569
959 1588
959 1996
960 991
960 1525
960 1844
961 1291
961 1299
961 1309
961 1614
961 1741
961 1816
962 1447
962 1475
962 1564
962 1705
962 1776
962 1845
963 983
963 1421
963 1527
963 1562
963 1750
963 1810
963 1889
963 1908
964 1207
964 1363
964 1433
964 1461
964 1970
965 1457
965 1517
965 1537
965 1538
965 1762
965 1804
966 1587
966 1608
967 990
968 1068
968 1116
968 1190
968 1375
968 1384
968 1485
968 1530
968 1554
968 1575
968 1582
968 1604
968 1757
969 1196
969 1352
969 1407
969 1559
970 1282
970 1296
970 1681
970 1698
970 1869
970 1875
970 1944
971 1584
971 1755
971 1773
972 1184
972 1254
972 1256
972 1294
972 1316
972 1706
973 1271
973 1338
973 1499
973 1564
973 1593
973 1681
973 1893
973 1988
974 1086
974 1243
974 1570
974 1601
974 1636
974 1664
974 1833
975 1227
975 1319
975 1350
975 1410
975 1468
975 1523
975 1658
976 1035
976 1073
976 1331
976 1743
977 1134
977 1582
977 1599
977 1702
977 1999
978 1350
978 1960
979 1534
979 1592
979 1619
979 1720
979 1841
979 1877
979 1951
980 1029
980 1055
980 1226
980 1276
980 1330
980 1486
980 1736
980 1757
980 1892
981 989
981 1022
981 1055
981 1303
981 1371
981 1820
982 1230
982 1304
983 1417
983 1565
983 1793
983 1794
983 1955
983 1963
984 1186
984 1218
984 1333
984 1461
985 1595
985 1622
986 1218
986 1247
986 1555
986 1589
987 991
987 1029
987 1135
987 1176
987 1235
987 1536
987 1576
987 1875
988 1273
988 1439
988 1993
989 1070
989 1223
989 1396
989 1819
989 1985
990 1010
990 1026
990 1133
990 1254
990 1261
990 1510
990 1630
990 1909
991 1354
991 1502
991 1561
991 1709
991 1822
991 1941
992 1484
992 1688
992 1863
993 1283
993 1855
993 1934
994 1119
994 1354
994 1873
995 1049
995 1309
995 1574
995 1647
996 1051
996 1108
996 1390
996 1391
996 1420
996 1513
996 1953
997 1123
997 1210
997 1517
997 1916
998 1017
998 1290
998 1345
998 1375
998 1476
998 1493
998 1567
998 1869
999 1358
999 1595
999 1944
1000 1540
1000 1645
1000 1890
1000 1979
1001 1003
1001 1289
1001 1393
1001 1527
1002 1004
1002 1070
1002 1075
1002 1141
1002 1199
1002 1245
1002 1387
1002 1612
1002 1679
1002 1736
1002 1942
1002 1962
1003 1055
1003 1527
1003 1540
1003 1558
1003 1858
1003 1917
1004 1416
1004 1426
1004 1812
1004 1918
1005 1392
1005 1423
1005 1439
1005 1791
1005 1799
1005 1910
1006 1043
1006 1197
1006 1285
1007 1083
1007 1151
1007 1716
1007 1968
1008 1009
1008 1211
1008 1646
1008 1764
1008 1771
1009 1267
1009 1281
1009 1509
1009 1540
1010 1462
1010 1760
1010 1823
1010 1877
1010 1934
1010 1977
1011 1088
1011 1252
1012 1024
1012 1026
1012 1215
1012 1303
1012 1774
1013 1284
1013 1705
1014 1105
1014 1299
1014 1617
1015 1393
1016 1058
1016 1121
1016 1124
1016 1349
1016 1445
1016 1580
1016 1604
1017 1163
1017 1545
1017 1587
1018 1072
1018 1200
1018 1313
1018 1376
1018 1557
1018 1688
1018 1916
1018 1951
1020 1028
1020 1169
1020 1290
1020 1386
1020 1402
1020 1468
1020 1505
1021 1211
1021 1414
1021 1689
1021 1776
1021 1777
1021 1901
1022 1024
1022 1240
1022 1396
1022 1752
1022 1805
1022 1808
1022 1881
1022 1962
1023 1133
1023 1470
1023 1541
1023 1706
1023 1917
1024 1363
1024 1432
1024 1531
1024 1588
1024 1632
1024 1759
1024 1799
1024 1886
1025 1229
1025 1352
1025 1452
1025 1636
1025 1775
1026 1076
1026 1082
1026 1414
1026 1496
1026 1707
1027 1586
1027 1821
1028 1052
1028 1868
1029 1315
1029 1437
1029 1692
1029 1773
1030 1112
1030 1152
1030 1257
1030 1292
1030 1536
1030 1613
1030 1813
1030 1924
1031 1254
1031 1429
1031 1828
1033 1409
1033 1514
1033 1617
1034 1041
1035 1147
1035 1292
1035 1595
1035 1671
1036 1088
1036 1262
1036 1302
1036 1492
1036 1537
1036 1724
1036 1959
1037 1103
1037 1254
1037 1369
1038 1160
1038 1314
1038 1480
1038 1573
1038 1910
1038 1915
1038 1990
1039 1193
1039 1221
1039 1400
1039 1738
1040 1152
1040 1317
1040 1500
1040 1533
1040 1719
1040 1869
1041 1845
1041 1931
1041 1997
1042 1160
1042 1176
1042 1344
1042 1426
1042 1503
1042 1772
1043 1275
1043 1384
1043 1486
1043 1848
1043 1932
1044 1161
1044 1294
1044 1394
1044 1505
1044 1670
1044 1856
1045 1062
1045 1197
1045 1287
1045 1456
1045 1470
1045 1775
1045 1864
1046 1097
1046 1167
1046 1720
1047 1303
1047 1335
1047 1373
1047 1846
1048 1257
1048 1374
1048 1451
1048 1459
1049 1446
1049 1536
1049 1538
1049 1618
1049 1670
1050 1104
1050 1539
1050 1803
1050 1805
1050 1857
1052 1118
1052 1530
1052 1720
1052 1742
1052 1858
1053 1206
1053 1581
1053 1857
1054 1641
1054 1720
1054 1836
1055 1747
1055 1937
1056 1254
1056 1503
1056 1682
1056 1899
1056 1958
1057 1558
1058 1279
1058 1302
1058 1580
1058 1700
1058 1787
1058 1856
1059 1630
1059 1662
1059 1781
1059 1908
1060 1180
1060 1231
1060 1263
1060 1511
1060 1576
1060 1817
1060 1901
1061 1246
1061 1317
1061 1359
1061 1622
1061 1937
1062 1317
1062 1386
1062 1801
1062 1883
1062 1934
1063 1789
1063 1827
1064 1188
1064 1296
1064 1385
1064 1706
1064 1792
1065 1087
1065 1363
1066 1196
1066 1512
1067 1096
1067 1560
1067 1633
1067 1756
1068 1180
1068 1199
1068 1442
1068 1521
1068 1694
1069 1094
1069 1679
1070 1073
1070 1419
1070 1578
1070 1606
1070 1714
1070 1856
1070 1877
1070 1911
1071 1244
1071 1797
1072 1248
1072 1344
1072 1365
1072 1686
1072 1956
1072 1995
1073 1530
1073 1798
1073 1967
1074 1503
1074 1576
1074 1711
1074 1753
1075 1258
1075 1527
1075 1600
1075 1661
1075 1780
1076 1105
1076 1700
1076 1962
1076 1982
1077 1091
1077 1115
1077 1250
1077 1257
1077 1584
1078 1363
1078 1441
1078 1654
1079 1631
1079 1988
1080 1200
1080 1556
1080 1793
1080 1932
1081 1496
1081 1515
1081 1645
1082 1290
1082 1393
1082 1560
1082 1603
1082 1951
1083 1682
1083 1959
1084 1108
1084 1168
1084 1297
1084 1420
1084 1956
1084 1994
1085 1286
1085 1303
1085 1337
1085 1347
1085 1500
1085 1782
1086 1193
1086 1933
1086 1948
1086 1984
1087 1172
1087 1366
1087 1404
1087 1507
1087 1533
1087 1645
1088 1200
1088 1275
1088 1330
1088 1785
1088 1889
1088 1984
1089 1091
1089 1229
1089 1308
1089 1384
1089 1441
1089 1445
1089 1704
1089 1821
1089 1956
1090 1132
1090 1345
1090 1494
1090 1529
1090 1913
1090 1947
1091 1342
1091 1388
1091 1802
1091 1958
1091 1994
1092 1215
1092 1895
1093 1368
1093 1477
1093 1950
1094 1165
1094 1217
1094 1392
1094 1773
1095 1191
1095 1375
1095 1420
1095 1674
1095 1869
1096 1337
1096 1556
1096 1691
1096 1959
1096 1980
1097 1281
1097 1747
1097 1933
1098 1130
1098 1315
1098 1642
1098 1675
1098 1811
1098 1901
1099 1314
1099 1595
1099 1640
1100 1186
1100 1859
1101 1136
1101 1176
1101 1307
1101 1470
1101 1521
1101 1566
1101 1574
1101 1604
1101 1619
1101 1712
1101 1901
1102 1111
1102 1423
1102 1563
1102 1693
1103 1209
1103 1265
1103 1589
1103 1835
1103 1966
1104 1309
1104 1496
1104 1585
1104 1618
1104 1862
1104 1908
1104 1921
1104 1929
1105 1231
1105 1719
1105 1934
1106 1235
1106 1249
1106 1379
1106 1437
1106 1636
1107 1169
1107 1319
1107 1360
1107 1361
1107 1511
1107 1711
1107 1725
1107 1760
1107 1874
1108 1158
1108 1555
1108 1594
1109 1287
1109 1312
1109 1636
1109 1931
1109 1969
1110 1121
1110 1218
1110 1258
1110 1355
1110 1378
1111 1161
1111 1232
1111 1579
1111 1648
1111 1741
1111 1766
1111 1996
1112 1232
1112 1601
1112 1717
1112 1904
1113 1159
1113 1223
1113 1541
1113 1730
1114 1498
1114 1548
1114 1579
1114 1628
1114 1869
1115 1127
1115 1286
1115 1315
1115 1355
1115 1556
1115 1604
1117 1145
1117 1359
1117 1411
1117 1622
1117 1648
1117 1878
1118 1130
1118 1426
1118 1571
1118 1840
1118 1893
1119 1480
1119 1720
1119 1943
1120 1233
1120 1254
1120 1394
1120 1495
1120 1724
1120 1740
1121 1227
1121 1279
1121 1901
1122 1425
1122 1629
1122 1751
1123 1139
1123 1236
1123 1249
1123 1300
1123 1386
1123 1447
1123 1543
1123 1750
1123 1828
1123 1867
1123 1983
1124 1249
1124 1362
1124 1491
1125 1139
1125 1349
1125 1611
1125 1771
1125 1881
1126 1361
1126 1406
1126 1639
1126 1756
1127 1468
1127 1683
1128 1171
1128 1177
1128 1214
1128 1400
1128 1831
1128 1861
1129 1358
1129 1582
1129 1789
1129 1895
1130 1653
1130 1668
1131 1630
1131 1957
1131 1989
1133 1345
1133 1633
1133 1831
1133 1966
1134 1417
1134 1603
1134 1692
1134 1821
1134 1856
1135 1158
1135 1607
1135 1785
1136 1314
1136 1711
1136 1771
1137 1463
1137 1620
1137 1723
1138 1158
1138 1220
1138 1581
1138 1740
1138 1908
1138 1917
1139 1268
1139 1545
1139 1616
1139 1620
1139 1911
1140 1183
1140 1204
1140 1386
1140 1398
1140 1500
1140 1774
1141 1286
1141 1713
1141 1896
1142 1438
1142 1669
1142 1853
1143 1184
1143 1297
1143 1365
1143 1497
1143 1527
1143 1695
1143 1774
1143 1816
1144 1338
1144 1740
1144 1761
1145 1858
1146 1242
1146 1334
1146 1847
1147 1190
1147 1377
1147 1384
1147 1511
1147 1551
1147 1735
1147 1844
1148 1196
1148 1353
1148 1656
1148 1725
1148 1876
1148 1891
1149 1280
1149 1317
1149 1534
1149 1575
1149 1609
1149 1852
1149 1901
1150 1697
1150 1799
1150 1868
1150 1875
1151 1234
1151 1503
1151 1525
1151 1735
1151 1767
1152 1166
1152 1296
1152 1558
1152 1691
1153 1227
1153 1287
1153 1467
1153 1640
1153 1699
1153 1871
1153 1895
1154 1991
1155 1261
1155 1664
1155 1711
1155 1861
1156 1201
1156 1309
1156 1453
1157 1182
1157 1417
1157 1541
1157 1795
1157 1871
1158 1166
1158 1199
1158 1249
1158 1256
1158 1720
1158 1778
1158 1833
1158 1834
1159 1200
1159 1218
1159 1292
1160 1515
1160 1538
1160 1664
1161 1238
1161 1419
1161 1746
1162 1311
1163 1205
1163 1302
1163 1463
1164 1764
1165 1529
1165 1675
1165 1910
1165 1944
1166 1181
1166 1463
1166 1474
1166 1526
1166 1559
1166 1580
1166 1788
1166 1982
1167 1352
1167 1890
1167 1905
1167 1927
1168 1338
1168 1577
1168 1971
1169 1180
1169 1349
1169 1376
1169 1446
1169 1567
1169 1812
1170 1343
1170 1773
1171 1434
1171 1484
1171 1729
1172 1245
1172 1846
1172 2000
1173 1346
1173 1727
1173 1887
1174 1316
1174 1368
1175 1195
1175 1217
1175 1272
1175 1554
1175 1817
1176 1184
1176 1253
1176 1441
1177 1298
1177 1452
1178 1825
1179 1417
1179 1454
1179 1780
1179 1903
1180 1761
1181 1207
1181 1293
1181 1340
1181 1674
1182 1282
1182 1300
1183 1252
1183 1329
1183 1525
1183 1581
1183 1846
1183 1963
1184 1186
1184 1275
1184 1692
1184 1853
1184 1959
1185 1264
1185 1343
1185 1443
1185 1484
1185 1956
1186 1370
1186 1465
1186 1777
1187 1572
1187 1581
1187 1645
1187 1744
1187 1880
1187 1935
1187 1938
1187 1990
1188 1571
1188 1625
1188 1638
1188 1667
1189 1233
1189 1249
1189 1699
1190 1378
1190 1401
1190 1477
1190 1760
1190 1799
1192 1274
1192 1305
1192 1424
1193 1543
1193 1831
1194 1245
1194 1273
1194 1349
1194 1443
1194 1464
1194 1829
1194 1836
1194 1967
1194 1976
1195 1208
1195 1605
1195 1712
1195 1772
1196 1418
1196 1487
1196 1489
1196 1527
1197 1333
1197 1345
1197 1460
1198 1299
1198 1633
1199 1541
1199 1996
1200 1362
1200 1617
1200 1756
1201 1235
1201 1285
1201 1342
1201 1648
1202 1245
1202 1466
1203 1427
1203 1518
1203 1550
1203 1564
1204 1317
1204 1608
1204 1697
1205 1424
1205 1614
1205 1654
1205 1854
1205 1889
1206 1251
1206 1403
1206 1449
1206 1476
1206 1916
1207 1225
1207 1369
1207 1486
1207 1589
1207 1755
1207 1939
1208 1224
1208 1640
1208 1715
1208 1818
1208 1834
1208 1855
1210 1450
1210 1514
1210 1607
1210 1614
1210 1677
1210 1785
1211 1357
1211 1953
1212 1617
1212 1682
1213 1625
1213 1702
1213 1785
1213 1808
1213 1911
1214 1422
1214 1600
1214 1762
1214 1834
1214 1926
1215 1346
1215 1478
1215 1645
1215 1784
1215 1789
1216 1368
1216 1590
1216 1702
1217 1626
1217 1670
1217 1958
1217 1977
1218 1224
1218 1263
1218 1274
1218 1860
1219 1524
1219 1821
1219 1830
1219 1870
1219 1874
1220 1343
1220 1671
1220 1715
1220 1960
1221 1309
1221 1596
1222 1269
1222 1349
1222 1638
1222 1652
1222 1783
1222 1934
1223 1286
1223 1698
1225 1288
1225 1525
1225 1555
1225 1776
1226 1285
1226 1424
1226 1436
1226 1603
1226 1744
1226 1797
1226 1999
1227 1271
1227 1273
1227 1284
1227 1368
1227 1373
1227 1535
1227 1879
1228 1432
1228 1619
1228 1682
1228 1706
1228 1752
1228 1904
1229 1789
1229 1900
1229 1956
1229 1985
1230 1352
1230 1364
1230 1735
1230 1781
1230 1868
1231 1314
1231 1685
1232 1261
1232 1386
1232 1509
1232 1729
1233 1487
1233 1781
1233 1888
1234 1377
1234 1538
1234 1643
1234 1816
1234 1904
1235 1354
1235 1404
1235 1599
1235 1753
1235 1784
1235 1820
1236 1919
1236 1982
1237 1380
1237 1503
1237 1711
1237 1959
1238 1262
1238 1419
1238 1484
1238 1505
1238 1634
1238 1976
1239 1289
1239 1411
1239 1713
1239 1923
1239 1927
1239 1950
1240 1379
1240 1456
1240 1883
1241 1294
1241 1534
1241 1830
1242 1404
1242 1519
1243 1581
1243 1595
1243 1622
1243 1799
1243 1896
1244 1257
1244 1352
1244 1504
1244 1603
1244 1648
1244 1849
1245 1314
1245 1445
1245 1619
1245 1800
1245 1934
1245 1960
1245 1984
1245 1992
1246 1423
1246 1619
1246 1651
1246 1815
1247 1355
1247 1552
1247 1635
1247 1636
1248 1458
1248 1766
1248 1814
1249 1250
1249 1889
1249 1919
1250 1278
1250 1285
1250 1357
1250 1458
1250 1492
1250 1672
1250 1797
1250 1939
1251 1382
1251 1397
1251 1518
1251 1698
1252 1346
1252 1382
1252 1446
1252 1527
1252 1772
1252 1785
1253 1305
1253 1444
1253 1476
1253 1531
1253 1628
1253 1651
1253 1689
1253 1769
1254 1272
1254 1326
1254 1515
1254 1753
1254 1786
1255 1292
1255 1562
1256 1375
1256 1846
1256 1975
1257 1473
1257 1490
1257 1617
1257 1895
1258 1293
1258 1425
1258 1512
1258 1568
1258 1680
1258 1712
1259 1285
1259 1678
1259 1741
1260 1291
1260 1385
1260 1517
1260 1651
1260 1808
1261 1643
1261 1894
1262 1741
1262 1830
1262 1992
1263 1587
1263 1750
1263 1831
1264 1476
1264 1495
1264 1826
1264 1951
1265 1281
1265 1542
1265 1564
1265 1627
1266 1348
1266 1422
1266 1895
1267 1443
1267 1448
1267 1472
1267 1473
1267 1588
1267 1897
1268 1336
1268 1356
1268 1532
1268 1834
1268 1878
1268 1954
1269 1315
1269 1969
1270 1638
1271 1289
1271 1937
1272 1289
1272 1352
1272 1639
1272 1706
1272 1799
1273 1777
1273 1877
1273 1960
1274 1351
1274 1723
1274 1970
1275 1795
1276 1350
1276 1411
1276 1636
1276 1849
1276 1926
1278 1303
1278 1325
1278 1401
1278 1731
1280 1549
1280 1826
1280 1862
1281 1774
1281 1828
1282 1283
1282 1414
1282 1502
1282 1633
1283 1413
1283 1612
1283 1662
1283 1695
1284 1339
1284 1387
1284 1951
1285 1789
1285 1839
1285 1875
1286 1352
1286 1495
1286 1857
1287 1380
1287 1385
1287 1388
1287 1428
1287 1514
1287 1695
1287 1791
1288 1517
1288 1823
1289 1388
1289 1411
1289 1606
1289 1789
1290 1327
1290 1867
1291 1814
1291 1892
1291 1972
1292 1634
1292 1665
1292 1851
1292 1873
1293 1642
1293 1827
1293 1931
1294 1374
1294 1552
1294 1801
1294 1808
1295 1504
1295 1565
1295 1853
1296 1777
1296 1835
1296 1947
1297 1416
1297 1966
1298 1621
1298 1727
1298 1865
1299 1381
1300 1670
1300 1721
1300 1722
1300 1888
1300 1979
1301 1563
1301 1597
1301 1644
1302 1342
1302 1508
1302 1539
1302 1750
1303 1514
1303 1567
1303 1763
1304 1622
1304 1742
1305 1381
1305 1400
1305 1521
1305 1600
1305 1806
1305 1950
1306 1342
1306 1699
1306 1702
1306 1724
1306 1822
1306 1962
1307 1312
1307 1342
1307 1412
1307 1621
1307 1871
1308 1380
1308 1485
1308 1581
1308 1638
1308 1791
1309 1726
1309 1944
1310 1714
1311 1744
1311 1776
1311 1865
1312 1599
1313 1680
1313 1702
1313 1727
1313 1914
1314 1421
1314 1469
1314 1604
1314 1635
1314 1822
1314 1970
1315 1415
1315 1463
1315 1515
1315 1821
1316 1477
1316 1494
1316 1749
1316 1793
1316 1832
1316 1857
1317 1442
1317 1965
1318 1382
1318 1416
1318 1591
1318 1735
1318 1787
1318 1869
1318 1937
1319 1645
1319 1672
1320 1474
1320 1545
1320 1761
1321 1411
1321 1620
1322 1328
1322 1594
1322 1941
1323 1395
1323 1407
1323 1408
1323 1767
1324 1450
1324 1592
1324 1954
1326 1513
1326 1774
1326 1917
1326 1990
1327 1330
1327 1526
1327 1555
1327 1650
1327 1706
1327 1749
1328 1459
1328 1565
1328 1749
1328 1984
1329 1469
1329 1582
1330 1526
1330 1793
1330 1853
1331 1335
1331 1788
1332 1368
1332 1893
1333 1406
1333 1854
1334 1904
1335 1383
1335 1823
1335 1967
1336 1526
1336 2000
1337 1568
1337 1698
1337 1741
1337 1840
1337 1980
1338 1699
1338 1946
1339 1370
1339 1719
1339 1997
1340 1366
1340 1448
1340 1455
1340 1470
1340 1693
1340 1962
1341 1404
1341 1475
1341 1576
1342 1376
1342 1705
1342 1780
1343 1376
1343 1525
1343 1884
1343 1985
1345 1416
1345 1878
1346 1482
1346 1845
1347 1548
1347 1568
1347 1642
1347 1689
1347 1812
1348 1596
1348 1744
1349 1540
1349 1749
1350 1700
1351 1847
1352 1431
1352 1454
1352 1478
1352 1940
1352 1956
1353 1447
1353 1523
1353 1682
1353 1852
1353 1893
1354 1720
1354 1863
1355 1733
1355 1751
1355 1761
1355 1827
1355 1979
1357 1557
1357 1571
1357 1689
1359 1385
1359 1583
1359 1707
1359 1734
1359 1752
1360 1634
1360 1737
1360 1894
1362 1557
1362 1714
1362 1854
1362 1893
1363 1651
1363 1708
1363 1743
1363 1829
1363 1887
1364 1380
1365 1480
1365 1539
1365 1721
1366 1375
1366 1533
1366 1593
1366 1606
1366 1620
1366 1714
1366 1998
1367 1722
1367 1889
1367 1943
1368 1507
1368 1614
1368 1786
1368 1794
1368 1978
1368 1984
1369 1576
1369 1630
1369 1643
1369 1668
1369 1768
1370 1373
1370 1379
1370 1452
1370 1577
1371 1524
1372 1608
1372 1667
1372 1720
1372 1863
1373 1399
1373 1405
1373 1778
1373 1813
1374 1886
1374 1997
1375 1829
1376 1513
1376 1755
1376 1768
1377 1516
1378 1889
1379 1460
1379 1884
1380 1785
1380 1988
1381 1461
1381 1498
1381 1579
1381 1811
1381 1921
1381 1961
1382 1459
1382 1818
1383 1446
1383 1475
1383 1486
1383 1881
1384 1413
1384 1767
1385 1404
1385 1912
1386 1554
1386 1691
1386 1696
1386 1895
1387 1562
1387 1595
1387 1645
1387 1679
1387 1874
1388 1695
1388 1859
1389 1450
1389 1602
1389 1659
1391 1562
1391 1676
1391 1705
1391 1725
1391 1899
1392 1563
1392 1968
1393 1670
1393 1938
1394 1693
1394 1767
1395 1552
1395 1848
1395 1947
1396 1425
1396 1472
1396 1732
1396 1860
1396 1868
1397 1456
1397 1596
1397 1671
1397 1927
1398 1425
1398 1431
1398 1786
1399 1569
1399 1692
1399 1821
1400 1813
1401 1608
1402 1404
1403 1694
1403 1834
1404 1590
1404 1697
1404 1737
1404 1833
1405 1921
1406 1570
1406 1686
1406 1729
1406 1998
1407 1652
1407 1694
1407 1959
1407 1966
1408 1661
1408 1701
1408 1747
1409 1414
1409 1491
1409 1712
1410 1874
1411 1756
1411 1848
1411 1885
1412 1589
1412 1640
1412 1829
1413 1445
1413 1562
1413 1886
1413 1961
1414 1420
1414 1534
1414 1697
1414 1921
1414 1977
1415 1423
1415 1473
1416 1759
1416 1845
1418 1496
1418 1865
1420 1548
1421 1757
1422 1519
1422 1620
1424 1650
1424 1685
1425 1968
1426 1505
1426 1591
1426 1641
1426 1651
1426 1994
1427 1686
1427 1784
1429 1596
1429 1804
1430 1817
1430 1855
1431 1728
1431 1812
1432 1508
1432 1567
1432 1710
1432 1728
1433 1462
1433 1584
1433 1596
1433 1992
1434 1571
1434 1765
1435 1801
1435 1853
1436 1487
1436 1579
1436 1700
1436 1716
1436 1933
1437 1545
1437 1886
1439 1682
1439 1967
1440 1842
1440 1964
1441 1608
1441 1653
1441 1673
1441 1678
1442 1443
1442 1702
1443 1638
1443 1791
1443 1880
1443 1902
1443 1943
1443 1983
1444 1548
1444 1783
1444 1802
1445 1823
1446 1894
1447 1514
1447 1526
1447 1645
1447 1807
1447 1991
1448 1498
1448 1702
1448 1774
1448 1817
1449 1510
1449 1623
1449 1813
1450 1512
1450 1688
1450 1740
1450 1849
1453 1481
1453 1629
1453 1633
1453 1991
1454 1622
1454 1841
1455 1990
1456 1943
1457 1730
1457 1860
1457 1964
1458 1837
1459 1689
1459 1949
1459 1954
1460 1724
1460 1785
1461 1726
1461 1866
1461 1899
1462 1477
1462 1625
1462 1865
1463 1517
1463 1659
1463 1856
1464 1885
1465 1522
1465 1579
1465 1734
1465 1850
1465 1948
1466 1661
1466 1901
1467 1470
1467 1618
1467 1783
1468 1923
1469 1743
1469 1997
1470 1487
1470 1573
1472 1957
1473 1722
1473 1847
1473 1960
1473 1980
1474 1633
1474 1748
1474 1805
1474 1842
1475 1537
1476 1488
1476 1554
1476 1710
1477 1885
1477 1922
1478 1807
1479 1643
1479 1711
1479 1748
1479 1876
1480 1521
1480 1855
1480 1990
1481 1864
1481 1913
1482 1618
1482 1840
1482 1955
1483 1491
1483 1562
1483 1667
1483 1737
1483 1983
1484 1593
1484 1598
1484 1971
1485 1679
1485 1789
1485 1900
1486 1533
1486 1570
1486 1587
1486 1806
1487 1518
1487 1915
1487 1988
1488 1514
1488 1641
1490 1571
1490 1597
1490 1761
1492 1602
1493 1596
1493 1825
1493 1963
1493 1972
1493 1987
1494 1560
1494 1619
1495 1575
1495 1710
1495 1829
1495 1835
1496 1701
1496 1724
1496 1771
1496 1989
1498 1555
1500 1526
1500 1578
1500 1588
1500 1773
1500 1884
1501 1794
1502 1769
1502 1836
1504 1640
1505 1648
1505 1716
1505 1775
1506 1594
1506 1673
1507 1587
1507 1733
1507 1858
1507 1908
1508 1520
1508 1582
1508 1969
1509 1568
1512 1912
1513 1547
1513 1615
1513 1856
1513 1967
1514 1757
1514 1838
1515 1880
1517 1940
1518 1672
1518 1694
1519 1632
1519 1723
1520 1669
1520 1890
1521 1973
1522 1543
1522 1701
1522 1902
1523 1576
1523 1919
1524 1553
1524 1580
1524 1623
1524 1882
1524 1887
1524 1909
1524 1910
1525 1599
1525 1914
1526 1869
1527 1756
1528 1736
1529 1589
1529 1650
1529 1703
1529 1821
1530 1803
1530 1908
1531 1721
1532 1561
1532 1777
1532 1946
1533 1592
1534 1789
1534 1979
1536 1577
1536 1707
1537 1545
1537 1825
1538 1869
1538 1990
1539 1721
1539 1905
1539 1935
1539 1945
1540 1962
1540 1979
1541 1994
1542 1640
1542 1776
1543 2000
1544 1604
1544 1919
1544 1990
1545 1808
1545 1909
1545 1977
1545 1992
1546 1821
1546 1952
1547 1918
1547 1927
1550 1950
1551 1712
1552 1695
1552 1717
1552 1930
1553 1794
1553 1831
1554 1632
1554 1897
1555 1583
1555 1683
1556 1619
1556 1719
1559 1679
1559 1953
1560 1668
1560 1734
1561 1845
1562 1853
1564 1961
1565 1679
1565 1730
1565 1975
1566 1625
1566 1944
1566 1970
1567 1627
1567 1799
1567 1877
1568 1594
1568 1615
1568 1853
1569 1842
1570 1813
1571 1582
1571 1604
1571 1683
1572 1796
1573 1789
1573 1811
1573 1903
1574 1855
1575 1993
1575 1996
1576 1898
1576 1931
1578 1891
1579 1581
1579 1904
1580 1669
1580 1717
1580 1753
1581 1791
1582 1618
1582 1671
1582 1858
1582 1990
1583 1797
1583 1835
1583 1949
1584 1743
1587 1623
1587 1955
1588 1924
1589 1619
1589 1654
1590 1946
1591 1708
1592 1794
1593 1634
1593 1697
1593 1710
1593 1738
1593 1812
1593 1876
1594 1748
1594 1772
1594 1939
1594 1997
1595 1707
1595 1917
1596 1728
1596 1795
1596 1802
1597 1623
1597 1946
1598 1862
1599 1781
1599 1925
1599 1980
1599 1990
1600 1688
1601 1627
1601 1764
1601 1852
1603 1747
1604 1806
1605 1725
1605 1731
1605 1786
1605 1979
1606 1899
1608 1686
1609 1701
1611 1966
1611 1993
1612 1729
1612 1998
1613 1756
1613 1915
1613 1958
1615 1616
1616 1715
1616 1821
1617 1681
1617 1829
1617 1938
1618 1976
1619 1718
1619 1811
1619 1928
1619 1983
1620 1955
1621 1645
1621 1696
1621 1776
1622 1888
1624 1798
1626 1770
1627 1653
1627 1941
1628 1796
1630 1948
1631 1991
1632 1822
1632 1900
1633 1858
1633 1945
1634 1899
1635 1726
1635 1866
1637 1678
1637 1778
1637 1975
1638 1677
1638 1948
1638 1964
1639 1928
1639 1959
1640 1666
1640 1688
1640 1709
1641 1740
1642 1746
1643 1719
1644 1774
1644 1862
1645 1785
1646 1740
1646 1768
1646 1941
1646 1979
1648 1657
1648 1779
1648 1838
1649 1769
1650 1833
1650 1841
1650 1900
1651 1790
1652 1720
1652 1746
1654 1706
1654 1753
1654 1852
1655 1740
1655 1773
1655 1817
1655 1984
1657 1794
1658 1795
1658 1838
1660 1842
1662 1663
1663 1821
1663 1950
1664 1995
1665 1739
1665 1857
1668 1677
1668 1762
1668 1798
1668 1865
1669 1757
1670 1688
1670 1923
1671 1806
1671 1970
1672 1683
1672 1839
1672 1850
1672 1853
1672 1924
1673 1945
1675 1894
1676 1701
1676 1973
1677 1907
1678 1749
1678 1831
1679 1888
1680 1834
1681 1698
1681 1880
1681 1887
1683 1812
1683 1919
1684 1815
1685 1909
1687 1816
1687 1860
1688 1711
1688 1762
1689 1850
1690 1956
1693 1715
1694 1929
1695 1696
1696 1773
1696 1972
1696 1977
1697 1718
1697 1839
1697 1919
1697 1936
1697 1983
1701 1893
1702 1745
1702 1951
1703 1791
1703 1857
1704 1895
1706 1714
1706 1851
1706 1866
1707 1840
1708 1830
1709 1820
1709 1827
1709 1866
1710 1712
1710 1785
1711 2000
1712 1741
1712 1992
1713 1718
1713 1759
1713 1760
1714 1923
1715 1830
1715 1879
1715 1881
1716 1856
1717 1727
1717 1735
1717 1876
1717 1886
1718 1778
1719 1901
1719 1924
1720 1787
1721 1791
1722 1806
1722 1979
1723 1732
1723 1856
1726 1877
1726 1894
1727 1929
1728 1745
1728 1993
1729 1853
1730 1794
1731 1746
1733 1806
1734 1810
1736 1748
1737 1792
1738 1826
1738 1870
1738 2000
1739 1878
1739 1893
1739 1909
1739 1972
1741 1946
1743 1802
1744 1786
1744 1869
1745 1804
1746 1774
1748 1828
1748 1990
1751 1847
1754 1860
1754 1951
1754 1954
1759 1801
1759 1836
1759 1870
1760 1873
1760 1901
1761 1869
1766 1848
1767 1800
1768 1842
1768 1925
1769 1785
1769 1813
1769 1927
1770 1936
1771 1811
1771 1997
1772 1813
1773 1930
1773 1936
1776 1887
1776 1963
1778 1891
1779 1842
1779 1949
1783 1823
1784 1786
1785 1821
1785 1951
1785 1975
1786 1824
1786 1886
1787 1900
1789 1997
1790 1842
1791 1919
1794 1831
1794 1891
1794 1978
1796 1846
1796 1886
1797 1861
1798 1950
1799 1853
1802 1807
1802 1907
1802 1998
1803 1818
1804 1917
1805 1837
1805 1890
1805 1908
1805 1947
1806 1943
1807 1887
1808 1914
1810 1897
1810 1914
1810 1970
1813 1836
1813 1880
1813 1946
1814 1945
1816 1817
1816 1838
1816 1934
1819 1927
1820 1853
1820 1983
1823 1893
1824 1855
1824 1882
1828 1873
1828 1990
1829 1963
1830 1907
1830 1976
1831 1834
1831 1865
1832 1909
1832 1983
1833 1868
1833 1960
1833 1977
1834 1986
1838 1887
1838 1949
1841 1893
1841 1960
1843 1904
1846 1876
1846 1915
1850 1883
1850 1940
1855 1952
1855 1976
1857 1883
1857 1930
1863 1967
1864 1926
1865 1907
1868 1884
1868 1939
1868 1969
1870 1998
1871 1912
1871 1949
1873 1897
1875 1992
1876 1923
1876 1956
1877 1896
1877 1940
1878 1950
1881 1940
1882 1984
1883 1958
1884 1932
1885 1951
1889 1938
1891 1937
1906 1978
1906 1982
1908 1949
1910 1942
1913 1938
1914 1935
1914 1948
1916 1973
1917 1958
1920 1963
1928 1950
1930 1984
1932 1993
1934 1981
1934 1982
1941 1996
1945 1964
1952 1978
1963 1974
1968 1990
1969 1971
1975 1980
1997 1999