2000
1 464
1 876
1 1064
1 1580
1 1842
2 471
2 565
2 613
2 1779
2 1818
3 297
3 335
3 445
3 524
3 722
3 798
3 938
3 1148
3 1233
3 1270
3 1331
3 1528
3 1545
3 1642
3 1691
3 1818
4 425
4 511
4 683
4 698
4 1587
4 1775
4 1909
4 1937
5 323
5 352
5 381
5 496
5 736
5 1035
5 1368
5 1545
5 1563
5 1709
5 1735
5 1940
6 151
6 325
6 360
6 855
6 1148
6 1530
6 1782
7 342
7 617
7 643
7 976
7 1657
7 1669
7 1842
8 41
8 56
8 329
8 1149
8 1405
8 1738
8 1818
9 179
9 198
9 454
9 914
9 1261
9 1629
9 1664
9 1727
9 1760
9 1956
10 11
10 326
10 465
10 541
10 1284
10 1325
10 1389
10 1926
10 1933
10 1945
11 107
11 367
11 425
11 434
11 635
11 1548
11 1585
12 187
12 679
12 768
12 1191
12 1477
12 1674
12 1773
12 1870
13 320
13 384
13 527
13 1305
13 1525
13 1937
14 1201
14 1274
14 1594
14 1720
14 1944
14 1963
15 557
15 820
15 943
15 1120
15 1567
15 1817
16 254
16 720
16 792
16 871
16 1052
16 1600
16 1685
16 1883
16 1953
16 1977
17 19
17 220
17 535
17 545
17 704
17 792
17 1070
17 1804
18 56
18 712
18 1438
18 1599
18 1662
18 1671
19 113
19 173
19 521
19 862
19 986
19 1417
19 1477
19 1642
19 1702
19 1771
20 200
20 566
20 593
20 998
21 418
21 462
21 540
21 578
21 609
21 768
21 813
21 851
21 1034
21 1460
21 1958
22 681
22 794
22 855
22 1130
22 1339
22 1451
22 1825
23 93
23 569
23 777
23 884
23 1909
24 201
24 227
24 572
24 1030
24 1260
24 1307
24 1330
24 1568
24 1906
25 764
25 848
25 850
25 1165
25 1338
25 1429
25 1441
25 1769
25 1943
26 71
26 298
26 458
26 820
26 956
26 1132
26 1155
26 1480
26 1967
26 1982
27 305
27 473
27 840
27 1381
27 1525
27 1568
27 1630
28 287
28 338
28 466
28 521
28 548
28 594
28 908
28 1067
28 1510
28 1540
28 1762
29 48
29 382
29 436
29 551
29 1456
29 1461
29 1509
29 1545
29 1910
29 1917
29 1961
30 457
30 466
30 779
30 1422
30 1541
31 993
31 1023
31 1132
31 1226
31 1991
32 310
32 718
32 978
32 1700
32 1710
32 1796
32 1979
33 129
33 468
33 823
33 1097
33 1317
33 1596
33 1918
34 350
34 632
34 835
34 1136
34 1228
34 1445
35 288
35 479
35 572
35 661
35 883
35 1002
35 1089
35 1249
35 1698
35 1724
36 235
36 265
36 426
36 451
36 466
36 564
36 581
36 957
36 1213
36 1752
36 1816
37 125
37 178
37 283
37 332
37 569
37 790
37 849
37 917
37 1302
37 1371
37 1915
37 1932
38 60
38 74
38 299
38 1448
38 1486
38 1691
39 91
39 228
39 874
39 1029
40 244
40 512
40 761
40 1073
40 1339
40 1879
41 296
41 806
41 827
41 1751
41 1816
42 419
42 658
42 1159
42 1193
42 1550
42 1901
42 1905
42 1935
43 288
43 576
43 822
43 860
43 1349
43 1616
43 1617
43 1663
43 1835
44 888
45 250
45 570
45 1081
45 1142
45 1176
45 1422
45 1454
46 255
46 343
46 530
46 540
46 586
46 675
46 807
46 1157
46 1407
46 1499
46 1502
46 1611
46 1766
46 1829
47 157
47 353
47 431
47 484
47 530
47 1315
48 515
48 961
48 1157
48 1343
48 1474
48 1518
48 1556
48 1690
49 313
49 348
49 413
49 485
49 488
49 554
49 710
49 1335
49 1604
49 1755
49 1997
50 197
50 347
50 491
50 520
50 646
50 1043
50 1886
51 73
51 162
51 352
51 424
51 936
51 1452
51 1502
51 1680
51 1728
52 112
52 168
52 527
52 1261
52 1353
52 1492
52 1984
53 118
53 462
53 749
53 1117
53 1510
53 1857
54 276
54 1053
54 1101
54 1675
54 1729
55 291
55 296
55 580
55 704
55 1447
55 1453
56 367
56 855
56 1414
56 1838
56 1866
57 1116
57 1405
58 156
58 330
58 347
58 685
58 997
58 1116
58 1121
58 1251
58 1346
59 250
59 618
59 728
59 747
59 795
59 995
59 1126
59 1602
59 1796
60 243
60 368
60 601
60 1053
60 1121
60 1215
60 1939
61 662
61 1175
61 1359
61 1539
61 1830
61 1907
61 1966
62 265
62 330
62 360
62 445
62 1067
62 1074
62 1331
62 1459
62 1813
63 310
63 584
63 627
63 856
63 1210
63 1222
63 1890
64 279
64 564
64 737
64 963
64 997
64 1730
65 321
65 1202
65 1228
65 1288
65 1324
65 1436
65 1473
65 1511
65 1672
65 1819
65 1859
65 1932
66 94
66 215
66 496
66 634
66 1142
66 1258
66 1320
66 1491
67 275
67 676
67 721
67 927
67 1342
67 1686
67 1724
68 238
68 343
68 563
68 616
68 1098
68 1110
68 1353
68 1381
68 1389
68 1893
68 1974
69 137
69 222
69 428
69 835
69 1142
69 1337
69 1370
70 96
70 902
70 1029
70 1060
70 1167
70 1995
71 182
71 328
71 1544
71 1556
71 1702
71 1768
72 275
72 283
72 402
72 451
72 625
72 1366
72 1449
72 1603
72 1850
73 177
73 676
73 1001
73 1082
73 1335
73 1497
73 1574
73 1706
73 1901
74 303
74 618
74 1030
74 1058
74 1273
74 1396
75 209
75 499
75 1408
75 1484
76 333
76 377
76 489
76 1060
76 1249
76 1302
76 1303
76 1339
76 1370
76 1466
76 1589
77 799
77 887
77 968
77 1462
77 1685
77 1895
77 1992
78 304
78 497
78 776
78 801
78 1305
78 1401
78 1403
79 114
79 252
79 272
79 1166
79 1180
79 1223
80 662
80 756
80 867
80 911
80 1251
80 1302
80 1327
80 1340
80 1377
80 1477
80 1546
80 1582
80 1769
80 1774
81 147
81 248
81 252
81 531
81 662
81 880
81 960
81 978
81 1119
81 1220
81 1302
81 1463
81 1781
81 1914
82 318
82 502
82 686
82 813
82 1463
82 1599
82 1735
82 1888
83 514
83 601
83 681
83 1074
83 1135
83 1566
83 1655
83 1792
83 1867
84 205
84 261
84 385
84 548
84 651
84 1059
84 1214
84 1257
84 1300
84 1601
84 1681
85 354
85 514
85 699
85 1198
85 1736
85 1739
85 1846
86 590
86 613
86 873
86 1085
87 367
87 521
87 619
87 792
87 796
87 810
87 929
87 1046
87 1399
88 1097
88 1629
88 1990
89 102
89 139
89 717
89 1264
89 1383
90 187
90 446
90 637
90 688
90 881
90 1042
90 1175
90 1309
91 1074
91 1973
92 421
92 539
92 1153
92 1375
92 1557
92 1670
92 1765
92 1936
93 508
93 734
93 787
93 811
93 978
93 1093
93 1392
93 1824
94 590
94 850
94 1740
95 116
95 502
95 603
95 770
95 987
95 1804
96 194
96 286
96 298
96 1110
96 1138
96 1154
96 1389
96 1543
96 1746
97 98
97 494
97 509
97 669
97 1125
97 1169
97 1693
98 846
98 902
98 1048
98 1193
98 1285
98 1517
98 1584
98 1682
99 126
99 176
99 476
99 540
99 1310
99 1362
99 1522
99 1550
100 184
100 467
100 691
100 1147
100 1229
100 1324
100 1388
100 1632
100 1660
101 364
101 598
101 798
101 936
101 1006
101 1009
101 1295
101 1428
101 1499
101 1905
102 363
102 1169
102 1192
102 1284
102 1320
102 1393
102 1639
102 1978
103 359
103 1519
103 1636
103 1842
103 1946
104 575
104 1626
104 1806
104 1935
105 918
105 953
105 1128
105 1248
105 1519
105 1575
106 137
106 188
106 202
106 446
106 721
106 772
106 960
106 1619
106 1621
106 1704
106 1834
107 326
107 554
107 618
107 795
107 1022
107 1043
107 1153
107 1376
107 1535
107 1813
107 1903
108 505
108 956
108 1364
108 1449
108 1498
108 1704
109 320
109 801
109 928
109 929
109 1117
109 1185
109 1414
109 1457
110 128
110 1242
110 1254
110 1598
110 1801
110 1872
110 1891
110 1902
111 259
111 426
111 952
111 1158
112 844
112 1569
112 1624
112 1802
112 1959
113 178
113 272
113 340
113 724
113 1119
113 1259
113 1369
113 1872
113 1916
113 1959
114 117
114 285
114 327
114 745
114 1167
114 1586
114 1617
114 1747
115 853
115 1052
115 1208
115 1214
115 1281
115 1549
115 1884
115 1996
116 664
116 1102
116 1124
116 1921
117 337
117 714
117 862
117 1178
117 1228
117 1280
117 1573
117 1930
118 395
118 434
118 578
118 621
118 935
118 1185
118 1227
118 1387
118 1490
118 1750
118 1795
119 145
119 228
119 306
119 384
119 530
119 1161
119 1432
119 1547
119 1696
120 1145
120 1324
120 1432
120 1745
121 204
121 308
121 477
121 698
121 1100
121 1194
121 1655
121 1726
122 482
122 923
122 1140
122 1418
122 1680
122 1785
123 749
123 1092
123 1155
123 1441
123 1787
123 1847
123 1882
124 291
124 635
124 702
124 866
124 988
124 1175
124 1497
124 1751
125 191
125 277
125 570
125 662
125 894
125 1095
125 1197
125 1206
125 1270
125 1316
125 1854
126 309
126 325
126 452
126 559
126 1009
126 1137
126 1300
126 1850
127 231
127 570
127 1309
127 1379
127 1502
127 1653
127 1674
127 1988
128 228
128 294
128 324
128 1271
128 1550
128 1603
128 1891
128 1989
129 694
129 741
129 1346
129 1712
129 1720
130 395
130 434
130 1065
130 1253
130 1383
130 1473
130 1662
131 282
131 599
131 773
131 824
131 933
131 1006
131 1354
132 258
132 286
132 1157
132 1785
132 1981
133 290
133 702
133 765
133 1227
133 1445
133 1714
133 1835
133 1970
134 525
134 1074
134 1808
134 1823
134 1887
135 503
135 627
135 682
135 1055
135 1227
135 1228
135 1879
136 439
136 559
136 1258
136 1286
136 1374
136 1501
136 1534
136 1640
136 1672
137 791
137 819
137 890
137 1133
137 1639
137 1706
137 1852
137 1906
137 1989
138 697
138 822
138 942
138 1010
138 1222
138 1382
138 1627
139 244
139 616
139 1082
139 1739
140 249
140 282
140 345
140 560
140 1010
140 1117
140 1332
140 1625
141 281
141 373
141 869
141 984
141 1286
141 1291
141 1369
141 1887
142 380
142 492
142 685
142 1108
142 1181
142 1588
142 1856
143 228
143 437
143 537
143 1303
143 1497
143 1513
144 347
144 371
144 863
144 987
144 1039
144 1254
144 1536
144 1629
144 1714
144 1776
144 1969
145 1014
145 1378
145 1388
145 1407
145 1804
146 257
146 262
146 1060
146 1069
146 1816
147 462
147 562
147 626
147 667
147 1058
147 1775
147 1789
147 1875
147 1955
147 1980
148 295
148 373
148 449
148 674
148 804
148 872
148 891
148 904
148 1108
148 1306
148 1399
148 1660
148 1676
148 1786
148 1985
149 497
149 509
149 1293
149 1620
150 344
150 591
150 594
150 932
150 1182
150 1541
150 1550
150 1641
151 166
151 1057
151 1427
151 1690
151 1737
152 639
152 678
152 954
152 1483
152 1725
153 379
153 419
153 567
153 1615
153 1800
154 205
154 232
154 687
154 700
154 898
154 1584
154 1941
155 372
155 549
155 804
155 866
155 1014
155 1089
155 1199
155 1256
155 1837
155 1990
156 243
156 642
156 1218
156 1538
156 1809
156 1831
156 1869
156 1896
157 268
157 551
157 654
157 1727
157 1778
157 1845
158 201
158 273
158 536
158 1184
158 1195
158 1629
158 1665
158 1865
158 1952
159 314
159 657
159 1141
159 1297
159 1470
159 1506
159 1563
159 1655
159 1713
159 1879
160 462
160 1007
160 1332
160 1649
160 1885
161 308
161 315
161 879
161 1108
161 1134
161 1144
161 1497
162 540
162 562
162 1305
162 1970
163 464
163 473
163 615
163 797
163 978
163 1062
163 1144
163 1158
163 1318
163 1556
163 1931
164 199
164 263
164 265
164 269
164 289
164 418
164 560
164 900
164 1182
164 1434
164 1682
164 1884
164 1904
165 376
165 777
165 1918
165 1967
166 189
166 313
166 693
166 743
166 762
166 896
166 919
166 985
166 1134
167 198
167 521
167 1292
167 1431
167 1778
167 1842
167 1974
168 388
168 427
168 813
168 1436
168 1548
168 1562
168 1883
169 185
169 587
169 630
169 731
169 1002
169 1457
169 1691
169 2000
170 537
170 541
170 918
170 1014
170 1081
170 1270
170 1417
170 1642
171 211
171 262
171 861
171 876
171 1010
171 1294
171 1821
172 492
172 561
172 1153
172 1662
172 1995
173 1474
173 1527
173 1905
173 1999
174 299
174 351
174 504
174 726
174 899
174 954
174 1103
174 1495
175 1018
175 1022
175 1482
175 1618
175 1696
176 677
176 1270
176 1564
176 1972
177 548
177 597
177 613
177 941
177 985
177 1853
177 1950
178 406
178 683
178 1892
179 580
179 619
179 961
179 1681
179 1869
179 1979
180 192
180 345
180 390
180 448
180 568
180 744
180 797
180 1137
180 1347
180 1385
181 656
181 759
181 847
181 919
181 1280
181 1585
181 1719
181 1805
181 1952
181 1955
182 371
182 493
182 758
182 835
182 1226
182 1295
183 599
183 685
183 709
183 829
183 1073
183 1429
183 1528
184 219
184 262
184 413
184 804
184 1001
184 1345
184 1399
184 1546
185 498
185 1101
185 1215
185 1245
185 1675
185 1808
186 378
186 585
186 894
186 914
186 936
186 1733
186 1889
187 496
187 786
187 830
187 954
187 1555
187 1670
187 1907
188 196
188 348
188 451
188 1557
189 237
189 1053
189 1872
190 372
190 433
190 584
190 671
190 1101
190 1189
190 1425
190 1549
190 1745
190 1925
191 681
191 825
191 1374
192 245
192 303
192 645
192 973
192 1137
192 1432
192 1676
192 1882
193 513
193 1058
193 1756
194 267
194 658
194 1281
194 1319
194 1591
195 273
195 550
195 642
195 938
195 1174
195 1681
195 1748
195 1749
195 1878
196 323
196 774
196 1810
197 221
197 264
197 550
197 744
197 1171
197 1360
198 425
198 770
198 938
198 1227
198 1343
198 1922
199 367
199 579
199 942
199 1211
199 1218
199 1399
199 1402
199 1499
200 294
200 679
200 1185
200 1219
200 1387
200 1678
200 1744
201 250
201 270
201 1513
201 1728
201 1827
201 1892
202 459
202 686
202 867
202 1330
202 1376
202 1822
202 1931
202 1958
203 211
203 348
203 363
203 733
203 1185
203 1221
203 1306
203 1862
204 213
204 276
204 379
204 416
204 417
204 473
204 599
204 702
204 1189
204 1389
204 1453
204 1701
204 1768
205 1019
205 1119
205 1981
205 1983
206 251
206 414
206 753
206 1062
206 1312
206 1375
206 1460
206 1530
206 1700
206 1732
206 1736
206 1796
207 408
207 438
207 455
207 830
207 835
207 912
207 1126
207 1510
207 1859
208 358
208 633
208 707
208 720
208 798
208 1679
208 1713
209 676
209 776
209 806
209 1047
209 1419
209 1421
209 1455
209 1698
209 1851
209 1962
210 251
210 581
210 673
210 893
210 1162
210 1212
210 1320
210 1338
210 1619
211 326
211 380
211 589
211 1311
211 1628
211 1943
211 1959
212 675
212 813
212 1129
212 1184
212 1247
212 1622
212 1980
213 479
213 626
213 1376
213 1519
213 1697
213 1980
213 1995
214 485
214 652
214 1314
214 1856
214 1998
215 606
215 827
215 871
215 1107
215 1301
215 1341
215 1398
216 262
216 853
216 1532
217 489
217 809
217 845
217 894
217 1530
217 1582
217 1814
217 1817
217 1856
218 260
218 673
218 761
218 812
218 828
218 1496
218 1564
218 1612
218 1936
218 1957
218 1991
219 341
219 947
219 1544
219 1557
219 1622
219 1686
219 1897
220 792
220 878
220 984
220 1013
220 1237
220 1501
220 1565
220 1696
220 1872
221 779
221 857
221 1369
221 1665
221 1753
221 1912
222 227
222 591
222 644
222 676
222 859
222 1143
222 1230
222 1318
222 1370
222 1982
223 319
223 439
223 767
223 800
223 1092
223 1165
223 1459
223 1476
223 1656
223 1852
224 364
224 535
224 549
224 820
224 1704
225 448
225 881
225 1221
225 1385
225 1389
225 1772
225 1819
225 1990
226 229
226 393
226 584
226 632
226 1400
226 1907
226 1923
227 317
227 508
227 522
227 637
227 831
227 1085
227 1779
228 522
228 554
228 869
228 972
228 1022
228 1202
228 1291
228 1782
228 1911
229 500
229 1168
230 273
230 608
230 683
230 757
230 1235
230 1512
230 1534
230 1700
231 354
231 535
231 951
231 1491
231 1542
231 1658
231 1743
231 1846
231 1997
232 410
232 692
232 886
232 921
232 1136
232 1161
232 1230
232 1274
232 1977
233 291
233 498
233 521
233 660
233 1274
233 1327
233 1569
233 1636
233 1796
233 1909
233 1912
233 1929
233 1955
234 692
234 812
234 947
234 999
234 1347
234 1513
235 463
235 681
235 1226
235 1272
235 1290
235 1386
235 1783
235 1851
236 402
236 876
236 908
236 1149
236 1229
236 1891
236 1935
237 264
237 1146
237 1580
237 1611
237 1642
237 1725
237 1812
237 1933
238 767
238 834
238 1696
239 358
239 536
239 648
239 706
239 728
239 761
239 853
239 1113
239 1185
239 1380
240 336
240 581
240 753
240 1051
240 1296
240 1410
241 268
241 357
241 775
241 1071
241 1406
241 1524
241 1575
241 1852
242 1204
242 1295
242 1491
242 1593
242 1662
242 1808
243 376
243 487
243 609
243 848
243 882
243 965
243 1001
243 1085
243 1125
243 1430
243 1815
243 1921
244 728
244 994
244 1053
244 1418
244 1471
244 1649
244 1689
244 1892
244 1923
245 656
245 761
245 1030
245 1083
245 1153
246 752
246 1041
247 808
247 817
247 1014
247 1136
248 408
248 663
248 776
248 827
248 1304
248 1327
248 1379
248 1396
248 1795
248 1936
248 1990
249 415
249 1177
249 1349
249 1515
250 387
250 1045
250 1383
250 1421
250 1731
250 1831
250 1940
251 559
251 729
251 800
251 1135
251 1487
251 1894
252 652
252 809
252 1119
252 1689
252 1796
252 1876
253 256
253 438
253 535
253 1048
253 1306
253 1485
253 1855
254 883
254 1146
254 1478
254 1650
254 1726
254 1772
255 373
255 826
255 854
255 888
255 1484
255 1543
255 1707
255 1727
255 1821
255 1859
255 1997
256 344
256 700
256 765
256 905
256 995
256 1628
256 1650
256 1929
257 272
257 360
257 642
257 1354
257 1390
257 1641
257 1948
257 1960
258 755
258 801
258 952
258 1240
258 1294
258 1696
258 1730
258 1961
258 1983
259 343
259 1238
259 1401
259 1706
259 1910
260 778
260 891
260 1146
260 1254
260 1777
260 1951
261 449
261 919
261 1061
261 1169
261 1230
261 1277
261 1330
261 1360
262 552
262 603
262 859
262 862
262 924
262 942
262 986
262 1514
262 1789
262 1870
263 292
263 426
263 440
263 669
263 703
263 842
263 1338
263 1831
263 1995
264 657
264 667
264 679
264 1305
264 1470
264 2000
265 1176
265 1318
265 1697
266 684
266 1056
266 1082
266 1094
266 1321
266 1415
266 1553
266 1712
266 1811
266 1925
267 665
267 687
267 776
267 866
267 998
267 1098
267 1435
268 278
268 717
268 767
268 1060
268 1221
268 1612
268 1649
268 1707
268 1767
269 482
270 407
270 860
270 1114
270 1913
271 307
271 320
271 490
271 567
271 802
271 805
271 838
271 842
271 971
271 1168
272 1433
272 1679
272 1701
272 1733
272 1894
272 1979
273 688
273 747
273 1320
273 1767
273 1857
273 1885
273 1934
273 1963
274 339
274 511
274 575
274 1373
274 1524
274 1542
274 1892
275 353
275 397
275 610
275 631
275 932
275 1010
275 1045
275 1075
275 1338
275 1359
276 338
276 353
276 439
276 845
276 1199
276 1366
276 1373
276 1466
276 1693
276 1723
276 1850
277 330
277 600
277 761
277 973
277 1086
277 1409
278 376
278 665
278 678
278 1376
278 1415
278 1476
278 1742
278 1789
278 1933
279 467
279 589
279 621
279 750
279 777
279 844
279 1196
279 1390
279 1482
279 1735
280 403
280 581
280 758
280 1020
280 1553
280 1706
280 1814
280 1907
281 332
281 488
281 825
281 888
281 1755
281 1991
282 384
282 640
282 833
282 1055
282 1864
283 372
283 760
283 1560
283 1754
284 356
284 1020
284 1025
284 1034
284 1100
284 1246
284 1428
284 1727
284 1786
285 609
285 817
285 868
285 941
285 1276
285 1331
285 1419
285 1467
285 1785
286 971
286 981
286 1042
286 1055
286 1097
286 1222
286 1855
286 1863
286 1894
287 289
287 804
287 1291
288 527
288 679
288 866
288 1101
288 1190
288 1299
288 1479
288 1589
288 1811
289 537
289 806
289 849
289 902
289 998
289 1087
289 1231
289 1570
289 1601
290 395
290 569
290 778
290 845
290 1802
291 465
291 671
291 686
291 827
291 959
291 969
291 1213
291 1436
291 1719
291 1795
291 1843
292 609
292 1361
292 1435
292 1536
292 1573
293 342
293 350
293 856
293 1348
293 1846
294 558
294 660
294 868
294 1591
294 1617
294 1671
294 1944
295 529
295 960
295 1273
295 1567
295 1781
295 1821
296 511
296 1179
296 1828
297 563
297 786
297 1150
298 363
298 600
298 748
298 936
298 1287
298 1488
298 1632
298 1652
299 322
299 600
299 626
299 690
299 867
299 1180
299 1536
299 1562
300 531
300 984
300 1092
300 1498
300 1935
301 354
301 412
301 425
301 1083
302 639
302 1393
303 481
303 537
303 619
303 630
303 733
303 753
303 788
303 1510
303 1654
304 462
304 630
304 745
304 806
304 1373
304 1380
304 1887
304 1934
305 536
305 585
305 748
305 1281
305 1459
305 1495
305 1756
306 359
306 611
306 646
306 791
306 1094
306 1532
307 592
307 909
308 671
308 801
308 1285
308 1331
308 1467
308 1757
308 1887
308 1936
309 426
309 581
309 617
309 1931
310 492
310 496
310 810
310 1952
311 316
311 428
311 501
311 1408
311 1651
312 318
312 347
312 502
312 696
312 1104
312 1311
312 1466
312 1868
313 732
313 823
313 1054
313 1102
313 1488
313 1568
313 1931
313 1951
314 433
314 445
314 546
314 626
314 994
314 1090
314 1266
314 1502
314 1607
315 327
315 352
315 716
315 1067
315 1169
315 1185
315 1626
315 1649
316 396
316 577
316 681
316 757
316 1068
316 1431
316 1686
316 1716
316 1799
317 700
317 738
317 1238
317 1439
317 1668
318 341
318 495
318 1180
318 1463
318 1473
319 450
319 459
319 636
319 680
319 725
319 896
319 1049
319 1196
319 1561
319 1700
320 324
320 658
320 1290
320 1429
320 1895
321 368
321 693
321 1024
321 1047
321 1126
321 1659
321 1670
321 1680
322 404
322 433
322 710
322 1118
322 1440
322 1950
322 1969
323 370
323 743
323 841
323 1229
324 411
324 1405
324 1680
324 1776
325 328
325 332
325 451
325 761
325 963
325 1094
325 1815
326 787
326 1094
326 1266
326 1291
326 1701
326 1754
326 1839
326 1931
326 1951
327 1005
327 1250
327 1374
327 1689
327 1857
328 511
328 828
328 845
328 852
328 1136
328 1622
328 1649
329 330
329 337
329 435
329 928
329 942
329 1752
330 355
330 364
330 825
330 1075
330 1087
330 1103
330 1330
330 1700
330 1749
330 1796
330 1904
330 1994
331 766
331 803
331 1045
331 1402
331 1463
331 1886
331 1918
332 654
332 687
332 737
332 1233
332 1548
332 1586
332 1604
332 1648
332 1763
332 1803
333 1059
333 1595
333 1632
333 1754
334 599
334 874
334 930
334 970
334 997
335 811
335 1447
335 1471
336 780
336 1263
336 1396
336 1538
337 388
337 619
337 642
337 775
337 1577
337 1617
337 1912
338 400
338 469
338 911
338 939
338 1396
338 1537
338 1606
338 1733
338 1771
339 482
339 709
339 865
339 1556
339 1939
340 435
340 1126
340 1192
340 1313
340 1427
340 1586
340 1600
340 1695
340 1977
341 1535
341 1838
342 439
342 1457
342 1523
342 1647
343 639
343 662
343 1686
343 1720
344 816
344 1255
344 1319
344 1510
344 1735
344 1771
345 433
345 485
345 1051
345 1403
345 1565
346 641
346 1247
346 1450
346 1465
346 1747
347 821
347 943
347 1448
347 1771
347 1922
347 1943
347 1953
348 519
348 1084
348 1305
348 1374
348 1576
348 1855
349 456
349 925
349 1104
349 1132
349 1409
349 1615
349 1827
350 555
350 624
350 1154
350 1302
351 454
351 668
351 761
351 896
351 994
351 1008
351 1114
351 1393
351 1424
351 1456
351 1776
351 1936
352 497
352 1171
352 1430
352 1927
353 565
353 766
353 988
353 999
353 1390
353 1898
354 563
354 845
354 986
354 1135
354 1207
354 1449
354 1547
354 1962
355 1070
355 1138
355 1189
355 1192
355 1327
355 1730
356 542
356 1030
356 1749
356 1782
356 1877
356 1924
356 1931
357 385
357 405
357 620
357 784
357 793
357 1674
357 1819
357 1832
358 1069
358 1112
358 1162
358 1320
358 1531
359 411
359 428
359 469
359 604
359 1253
359 1449
359 1810
360 391
360 897
360 1248
360 1277
360 1391
360 1451
360 1715
360 1717
360 1789
361 415
361 993
361 1660
361 2000
362 686
362 1007
362 1245
362 1879
363 396
363 562
363 592
363 662
363 1380
363 1537
363 1574
363 1620
363 1731
363 1805
363 1891
364 927
364 1043
364 1084
364 1136
364 1218
364 1330
364 1371
364 1444
364 1632
364 1828
365 523
365 770
365 783
365 1021
365 1510
365 1684
365 1811
365 1818
366 767
366 865
366 1030
366 1777
367 378
367 546
367 712
367 943
367 1545
368 458
368 887
368 909
368 1506
368 1559
369 415
369 469
369 471
369 738
369 1121
369 1267
369 1489
370 621
370 720
370 879
370 906
370 1257
370 1351
370 1643
370 1747
371 523
371 906
371 1288
371 1298
371 1603
371 1638
371 1688
372 618
372 745
372 797
372 970
372 1308
372 1659
372 1706
372 1877
373 878
373 930
373 989
373 1018
373 1398
374 832
374 896
374 1355
375 461
375 470
375 1419
375 1625
376 867
376 1454
376 1616
376 1619
377 571
377 592
377 625
377 704
377 882
377 1028
377 1269
378 507
378 768
378 783
378 820
378 1065
378 1067
378 1122
378 1201
379 536
379 647
379 761
379 864
379 1563
379 1712
379 1908
379 1966
380 478
380 1253
380 1336
380 1381
380 1931
381 404
381 471
381 509
381 959
381 967
381 1158
382 471
382 1302
382 1351
382 1424
382 1484
382 1830
383 394
383 468
383 644
383 1271
383 1317
383 1735
383 1754
383 1790
383 1972
384 1018
384 1152
384 1471
384 1762
384 1888
384 1923
385 497
385 595
385 740
385 879
385 1757
385 1915
386 491
386 665
386 798
386 930
386 994
386 1504
386 1734
386 1931
387 1201
387 1224
387 1489
387 1536
387 1848
387 1919
388 413
388 718
388 855
388 1064
388 1400
388 1402
388 1557
388 1559
388 1901
388 1929
389 746
389 1395
389 1793
389 1896
389 2000
390 739
390 757
390 1382
390 1784
391 664
391 799
391 939
392 556
392 569
392 622
392 888
392 1009
392 1485
392 1778
392 1937
393 536
393 571
393 1003
393 1244
393 1305
393 1462
393 1761
393 1933
394 485
394 688
394 866
394 1165
394 1699
395 438
395 573
395 1065
395 1784
395 1980
396 1097
396 1133
396 1584
396 1983
396 1999
397 716
397 885
397 904
397 917
397 1332
397 1694
397 1983
398 498
398 1048
398 1443
398 1671
398 1745
398 1919
399 447
399 678
399 748
399 857
399 1558
399 1833
399 1972
400 550
400 653
400 711
400 892
400 1199
401 894
401 1248
401 1310
401 1736
401 1875
401 1966
402 450
402 499
402 818
402 1633
402 1779
403 1064
403 1068
403 1144
403 1670
404 570
404 965
404 1243
404 1378
404 1551
404 1557
404 1671
404 1717
404 1741
405 617
405 1147
405 1358
405 1726
405 1986
406 545
406 575
406 834
406 835
406 1019
406 1103
407 631
407 715
407 1465
408 796
408 866
408 961
408 1591
408 1705
408 1892
409 551
409 608
409 1095
409 1565
409 1824
410 486
410 569
410 961
410 1104
410 1263
410 1523
410 1805
410 1831
411 546
411 619
411 650
411 1054
411 1376
411 1632
411 1722
411 1944
412 524
412 561
412 628
412 873
412 1002
412 1204
412 1235
412 1438
412 1453
412 1593
413 782
413 1277
413 1591
413 1650
413 1672
414 1033
415 550
415 1020
415 1274
415 1543
415 1599
415 1637
416 522
416 568
416 699
416 757
416 786
416 858
416 1216
416 1245
416 1327
416 1343
417 473
417 840
418 774
418 894
418 900
418 1018
418 1106
418 1144
418 1591
418 1874
419 421
419 542
419 1398
419 1602
419 1842
419 1951
420 794
420 888
420 1628
420 1696
421 472
421 795
421 890
421 970
421 1087
421 1140
421 1359
421 1436
421 1548
421 1582
422 459
422 625
422 816
422 1221
423 887
423 962
423 1167
423 1281
423 1502
423 1649
424 702
424 1079
424 1109
424 1453
424 1729
424 1731
425 982
425 1329
426 474
426 702
426 712
426 921
426 940
426 1098
426 1149
426 1277
427 484
427 770
427 855
427 882
427 965
427 1668
427 1876
428 490
428 655
428 675
428 826
428 1033
428 1140
428 1205
428 1687
428 1968
429 578
429 654
429 1583
430 1164
430 1373
430 1919
431 992
431 1106
431 1287
431 1396
431 1705
431 1809
431 1856
432 553
432 1462
432 1470
432 1927
433 535
433 590
433 785
433 853
433 1078
433 1327
433 1357
433 1497
433 1758
433 1824
434 527
434 801
434 986
434 1340
434 1637
434 1815
434 1990
435 479
435 620
435 631
435 1257
435 1337
435 1781
436 828
436 1098
436 1147
436 1359
436 1414
436 1539
436 1935
437 721
437 878
437 925
437 974
437 1628
438 519
438 542
438 579
438 996
438 1391
438 1520
438 1610
438 1799
438 1816
439 1078
439 1328
439 1476
439 1646
439 1772
440 485
440 629
440 1043
440 1222
440 1302
440 1371
440 1532
440 1806
440 1963
440 1968
441 494
441 1437
441 1528
442 482
442 666
442 890
442 1199
442 1384
442 1779
442 1799
443 890
443 938
443 1285
443 1780
443 1795
443 1843
443 1849
444 582
444 596
444 833
444 1850
445 473
445 752
445 923
445 931
445 1013
445 1047
445 1902
445 1911
446 750
446 1361
447 1147
447 1471
447 1783
447 1894
448 628
448 893
448 1242
449 834
449 1043
449 1293
449 1438
449 1777
450 782
450 815
450 981
450 1160
450 1431
450 1623
450 1887
451 523
451 633
451 1381
451 1450
451 1697
451 1716
451 1722
452 468
452 733
452 747
452 1129
452 1165
452 1341
452 1390
452 1398
452 1525
452 1854
452 1978
453 487
453 821
453 1091
453 1120
453 1341
453 1441
453 1620
453 1738
453 1813
453 1875
454 571
454 673
454 1367
454 1732
454 1797
455 1301
455 1509
456 647
456 1067
456 1329
456 1331
457 598
457 735
457 755
457 1172
457 1274
457 1532
457 1563
458 640
458 690
458 1250
458 1304
458 1691
458 1850
458 1903
459 950
459 1394
459 1470
459 1671
460 591
460 976
460 1162
460 1377
460 1479
460 1717
460 1837
461 606
461 705
461 914
461 1098
461 1318
461 1445
461 1482
461 1685
461 1842
462 474
462 811
462 864
462 929
462 1295
462 1300
462 1636
463 500
463 651
463 1096
464 560
464 832
464 880
464 1055
464 1179
464 1210
464 1865
465 558
465 585
465 672
465 987
465 1032
465 1160
465 1450
465 1468
465 1486
465 1662
465 1962
466 577
466 802
466 1499
466 1592
466 1795
467 470
467 589
467 782
467 899
467 915
467 1745
467 1981
468 519
468 617
468 660
468 1276
468 1288
468 1539
468 1593
468 1683
468 1909
469 734
469 996
469 1370
469 1821
469 1878
470 890
470 1056
470 1392
470 1719
471 844
471 1069
471 1366
471 1675
472 624
472 967
472 1027
472 1092
472 1299
472 1754
473 664
473 848
474 765
474 1470
474 1875
474 1914
475 713
475 1225
475 1971
476 697
476 931
476 1034
476 1752
477 676
477 1071
477 1294
477 1678
477 1930
477 1939
478 1223
478 1280
478 1459
478 1827
478 1959
479 575
479 655
479 789
479 1386
479 1406
479 1439
480 732
480 738
480 917
480 928
480 1234
480 1384
480 1442
480 1549
480 1590
481 770
481 777
481 1149
481 1434
481 1502
481 1572
481 1828
481 1860
481 1996
482 1118
482 1262
482 1606
482 1633
482 1688
482 1767
483 544
483 1006
483 1115
483 1371
483 1488
483 1588
483 1934
484 531
484 553
484 561
484 1127
484 1339
484 1416
484 1527
485 655
485 862
485 870
485 1524
485 1623
485 1639
485 1785
486 526
486 574
486 1098
486 1370
486 1520
486 1890
487 1238
487 1402
487 1602
487 1729
487 1966
487 1973
488 626
488 1261
488 1373
488 1544
488 1676
488 1926
489 564
489 630
489 713
489 1911
490 1012
490 1189
490 1420
490 1444
490 1484
490 1830
490 1876
491 708
491 1238
491 1356
491 1445
491 1460
492 1051
492 1135
492 1206
492 1313
492 1692
492 1851
493 683
493 686
493 721
493 741
493 807
493 1739
493 1885
494 1134
494 1590
495 745
495 1316
495 1734
495 1740
495 1829
496 738
496 754
496 1015
496 1304
497 744
497 904
497 962
497 1173
497 1399
497 1688
497 1692
497 1755
497 1903
498 511
498 724
498 903
498 1353
498 1431
498 1548
498 1774
498 1781
498 1832
499 505
499 740
499 842
499 964
499 1087
499 1106
499 1153
499 1194
499 1279
499 1704
499 1837
500 703
500 709
500 823
500 1153
500 1867
501 551
501 869
501 900
501 1509
501 1777
502 637
502 1411
502 1931
503 1228
503 1639
503 1663
503 1876
504 963
504 972
504 1127
504 1238
504 1492
504 1645
504 1814
505 567
505 596
505 794
505 1735
506 571
506 665
506 675
506 1116
506 1441
506 1911
507 1306
507 1444
507 1529
507 1676
507 1771
508 658
508 823
508 1187
508 1189
508 1324
508 1493
508 1519
508 1703
508 1759
508 1896
509 680
509 799
509 1366
509 1570
509 1826
509 1853
509 1879
510 909
510 913
510 1664
510 1899
511 829
511 1014
511 1266
511 1277
511 1341
512 1048
512 1127
512 1792
512 1917
513 677
513 810
513 828
513 1064
513 1864
513 1921
514 759
514 1260
514 1349
514 1395
515 1618
515 1963
516 533
516 1058
516 1138
516 1200
516 1443
516 1689
516 1788
516 1976
517 1079
517 1083
517 1519
517 1900
518 555
518 573
518 1019
518 1074
518 1221
518 1312
518 1377
518 1492
518 1802
519 982
519 1372
519 1614
520 582
520 586
520 625
520 685
520 806
520 930
521 809
521 923
521 1028
521 1612
521 1842
522 851
522 879
522 1203
522 1335
522 1692
523 759
523 1281
523 1542
523 1620
523 1688
523 1707
523 1959
524 565
524 581
524 866
524 887
524 1560
524 1597
524 1666
524 1748
524 1848
525 673
525 1319
525 1490
525 1503
525 1890
526 560
526 673
526 887
526 1032
526 1298
526 1456
526 1464
526 1545
526 1587
526 1802
527 1157
527 1351
527 1589
527 1908
528 558
528 590
528 908
528 1130
528 1375
528 1477
528 1532
528 1880
529 622
529 631
529 707
529 758
529 885
529 921
529 1062
529 1248
529 1464
529 1748
530 534
530 689
530 890
530 971
530 1239
530 1317
531 659
531 945
531 1177
531 1553
531 1564
531 1730
532 699
532 816
532 909
532 950
532 978
532 1586
532 1762
533 1101
533 1136
533 1470
533 1487
533 1520
533 1565
533 1612
533 1808
534 552
534 998
534 1383
534 1396
534 1770
535 621
535 756
535 847
535 858
535 1021
535 1053
535 1179
535 1488
535 1768
535 1776
535 1778
535 1891
535 1926
536 618
536 670
536 804
536 882
536 1123
536 1267
536 1490
536 1534
536 1690
536 1936
537 623
537 642
537 692
537 1146
537 1185
537 1213
537 1548
537 1982
538 638
538 1195
539 676
539 823
539 841
539 846
539 853
539 963
539 1159
539 1905
540 959
540 1223
540 1915
541 633
541 639
541 892
541 1160
541 1289
541 1766
541 1847
541 1990
542 1562
542 1570
543 722
543 1072
543 1857
544 784
544 875
544 923
544 1096
544 1513
544 1641
545 547
545 1004
545 1185
545 1738
545 1878
546 1043
546 1697
546 1763
547 727
547 1036
547 1978
547 1979
548 596
548 715
548 941
548 943
548 1483
548 1581
549 957
549 1383
549 1919
550 911
550 915
550 939
550 986
550 1546
550 1904
550 1939
551 726
551 732
551 1016
551 1047
551 1053
551 1890
552 691
552 739
552 787
552 802
552 1147
552 1469
552 1573
552 1611
553 670
553 802
553 806
553 866
553 922
553 1234
553 1684
553 1783
554 939
554 1106
554 1246
554 1261
554 1531
554 1599
554 1605
554 1812
555 662
555 895
555 1153
555 1660
555 1869
555 1960
556 637
556 667
556 913
556 1210
556 1402
556 1506
556 1593
556 1660
556 1771
556 1777
556 1798
557 904
557 1046
557 1163
558 898
558 1033
558 1037
558 1455
558 1893
559 825
559 1217
559 1410
559 1718
560 683
560 961
560 1414
560 1417
560 1637
561 1076
561 1119
561 1307
561 1588
561 1629
561 1696
562 664
562 793
562 1041
562 1637
562 1688
562 1882
562 1952
562 1960
563 618
563 714
563 856
563 1154
563 1368
563 1389
563 1413
563 1426
563 1597
563 1701
563 1799
563 1854
564 578
564 978
564 1297
564 1469
564 1706
565 759
565 1026
565 1131
565 1265
565 1308
565 1381
565 1614
565 1988
566 1905
567 830
567 1218
567 1651
567 1814
567 1890
568 600
568 817
568 1363
569 1065
569 1254
569 1317
569 1520
569 1541
569 1652
569 1677
569 1680
569 1875
570 804
570 896
571 752
571 1740
572 574
572 607
572 689
572 1617
572 1844
572 1935
573 1366
573 1482
573 1743
573 1809
573 1967
573 1991
574 767
574 841
574 863
574 913
574 949
574 1289
574 1354
574 1365
574 1392
574 1407
574 1583
574 1735
574 1794
574 1877
574 1994
575 905
575 1428
575 1484
575 1779
575 1972
576 595
576 1010
576 1545
576 1655
576 1976
577 832
577 919
577 930
577 944
577 1070
577 1190
577 1438
577 1497
577 1771
578 626
578 777
578 908
578 1124
578 1667
578 1787
578 1991
579 842
579 1489
580 613
580 715
580 717
580 771
580 800
580 870
580 1241
580 1324
580 1519
580 1570
581 583
581 923
581 1071
581 1666
581 1894
582 636
582 652
582 827
582 1998
583 615
583 970
583 1034
583 1385
583 1902
584 799
584 1043
584 1271
584 1629
584 1681
584 1948
585 950
585 1274
585 1523
585 1589
585 1844
587 876
587 1119
587 1657
587 1672
587 1723
587 1803
588 800
588 844
588 1843
588 1866
588 1904
589 736
589 750
589 844
589 1287
589 1419
589 1492
589 1817
589 1852
589 1869
590 649
590 791
590 997
590 1297
590 1817
590 1834
591 835
591 1383
592 1002
592 1104
592 1535
593 966
593 1073
593 1100
593 1789
593 1867
594 605
594 610
594 770
594 884
594 1067
594 1163
594 1504
594 1583
594 1822
594 1870
595 703
595 1082
595 1574
595 1676
596 647
596 673
596 710
596 886
596 1162
596 1415
596 1612
596 1725
596 1747
596 1849
596 1922
596 1993
597 666
597 951
597 975
597 1203
597 1488
597 1494
597 1599
597 1662
597 1817
597 1855
598 709
598 1060
598 1689
598 1794
599 1068
599 1089
599 1108
600 664
600 1194
600 1220
601 702
601 994
601 1036
601 1454
601 1832
602 1045
602 1138
602 1258
602 1320
602 1419
602 1599
602 1855
603 790
603 982
603 1062
603 1071
603 1229
604 637
604 1714
604 1975
605 622
605 742
605 996
605 1230
606 819
606 962
606 1171
606 1640
606 1947
606 1994
607 720
607 864
607 932
607 1618
607 1671
607 1912
608 643
608 1172
608 1273
608 1412
608 1435
608 1628
608 1900
609 808
609 919
609 959
609 1318
609 1528
609 1530
609 1989
610 653
610 829
610 1018
610 1123
610 1307
610 1315
610 1359
610 1956
611 803
611 1488
611 1642
611 1753
612 1629
612 1684
612 1829
613 783
613 829
613 930
613 981
613 1344
613 1474
613 1506
613 1517
613 1810
613 1843
614 741
614 1027
614 1211
614 1309
614 1423
614 1580
614 1658
614 1891
615 653
615 754
615 1464
615 1813
615 1829
615 1897
616 647
616 740
616 753
616 865
616 1079
617 1181
617 1389
617 1417
618 792
618 1283
619 699
619 733
619 1179
619 1498
620 789
620 800
620 1434
620 1481
620 1598
620 1676
620 1716
621 1308
621 1449
622 1041
622 1246
622 1320
622 1688
622 1873
623 661
623 1107
623 1160
623 1510
623 1565
623 1687
624 732
624 771
624 1113
624 1387
624 1397
624 1753
624 1845
625 739
625 787
625 829
625 1021
625 1183
625 1975
625 1987
626 1005
626 1107
626 1116
626 1587
626 1890
627 926
627 946
627 1039
627 1141
627 1280
627 1712
627 1876
628 996
628 1936
629 821
629 1471
629 1560
629 1759
630 896
630 1309
630 1499
630 1577
630 1719
631 713
631 985
631 1596
632 924
632 1632
632 1651
633 1086
633 1583
633 1968
634 1196
634 1421
634 1529
634 1992
635 667
635 949
635 1310
635 1418
635 1457
635 1920
636 663
636 678
636 795
636 811
636 881
636 1491
636 1584
636 1724
637 696
637 1129
637 1161
637 1416
637 1555
637 1988
638 690
638 849
638 959
638 1198
638 1438
639 1040
639 1179
639 1182
639 1304
639 1558
639 1700
639 1737
640 823
640 1133
640 1228
640 1324
640 1713
641 916
641 1022
641 1225
641 1626
642 653
642 1079
642 1121
642 1337
642 1462
642 1522
642 1842
643 732
643 1260
643 1795
644 787
644 967
644 1551
644 1715
644 1757
645 710
645 923
645 953
645 1101
645 1814
645 1840
646 680
646 813
646 902
646 1169
646 1332
647 674
647 741
647 891
647 991
647 1049
647 1342
647 1500
648 691
648 1726
648 1776
648 1935
649 941
649 988
649 1193
649 1312
649 1424
649 1476
649 1643
649 1644
649 1702
649 1990
650 1584
650 1753
651 720
651 880
651 1068
651 1373
651 1491
651 1634
651 1783
651 1946
652 1212
652 1277
652 1598
652 1862
653 835
653 867
653 1028
653 1094
653 1443
653 1804
654 746
654 941
654 955
654 1401
654 1728
655 825
655 1110
655 1216
655 1497
655 1708
655 1872
655 1904
656 930
656 1163
656 1476
657 1163
657 1273
657 1463
657 1669
657 1797
658 862
658 991
658 1167
658 1659
659 713
659 1087
659 1275
659 1312
659 1463
659 1785
660 783
660 923
660 1104
660 1255
660 1272
660 1275
661 945
661 1002
661 1458
661 1947
662 1009
662 1563
662 1935
663 890
663 1107
663 1731
664 790
664 829
664 1093
664 1131
664 1152
664 1268
664 1293
664 1629
664 1662
664 1923
665 722
665 789
665 1098
665 1154
665 1167
665 1617
666 975
666 1465
666 1849
667 834
667 939
667 1148
667 1648
667 1804
667 1872
667 1974
668 712
668 853
668 864
668 1342
668 1813
669 977
669 1201
669 1283
669 1583
669 1663
670 770
670 1422
670 1434
670 1691
671 778
671 1129
671 1362
671 1449
671 1610
671 1726
671 1748
672 736
672 870
672 1042
672 1234
672 1398
672 1487
673 686
673 1110
673 1234
673 1303
673 1470
673 1715
673 1832
673 1836
673 1903
673 1911
674 892
674 1425
674 1886
675 927
675 965
675 1091
675 1285
675 1392
675 1572
675 1650
675 1668
676 775
676 829
676 849
676 1307
676 1369
676 1526
676 1704
677 855
677 1523
678 1224
678 1674
678 1856
678 1869
679 1069
679 1186
679 1266
679 1275
679 1318
679 1481
679 1568
679 1620
679 1700
679 1882
680 839
680 941
680 1059
680 1121
680 1212
680 1347
680 1573
681 999
681 1068
681 1159
681 1372
681 1585
682 727
682 818
682 1271
682 1458
682 1532
682 1694
682 1783
682 1986
683 1100
683 1159
683 1165
683 1502
683 1535
683 1553
684 701
684 769
684 862
684 921
684 1625
684 1862
685 829
685 834
685 1085
685 1172
685 1198
685 1238
685 1312
685 1609
686 1158
686 1534
686 1605
686 1963
687 1495
687 1892
687 1920
688 1539
688 1700
688 1741
688 1798
688 1877
688 1932
689 1165
689 1259
689 1270
689 1317
689 1583
689 1621
690 713
690 752
690 1128
690 1420
690 1489
690 1509
690 1597
690 1777
690 1933
691 756
691 967
691 1350
691 1632
691 1698
692 838
692 933
692 1594
692 1673
692 1698
692 1752
693 1998
694 719
694 855
694 903
694 1209
694 1255
694 1550
694 1787
694 1999
695 1028
695 1310
695 1334
695 1605
695 1706
695 1737
695 1834
695 1928
695 1937
695 1956
696 781
696 826
696 1137
696 1310
696 1863
697 809
697 1051
697 1054
697 1120
697 1699
697 1700
697 1744
698 1129
698 1336
698 1666
698 1785
699 856
700 786
700 890
700 1158
700 1252
700 1806
700 1964
701 797
701 897
701 1177
701 1516
701 1789
702 806
702 1023
702 1142
702 1750
703 927
703 944
703 1158
703 1538
704 882
704 1023
704 1084
704 1476
704 1529
705 876
705 901
705 1032
705 1218
705 1243
705 1468
705 1731
705 1908
706 755
706 942
706 1181
706 1956
706 1967
707 1502
707 1670
707 1735
707 1742
707 1810
707 1964
708 860
708 866
708 1446
708 1456
708 1574
708 1767
708 1877
708 1992
709 1062
709 1733
709 1746
710 876
710 1358
710 1400
710 1768
710 1869
711 875
711 932
711 945
711 996
711 1164
711 1238
711 1557
711 1637
711 1877
712 761
712 949
712 1119
712 1410
712 1576
712 1792
712 1927
714 1115
714 1310
714 1315
714 1411
714 1759
714 1945
715 724
715 1532
715 1655
716 984
716 1040
717 874
717 1245
717 1267
717 1328
717 1369
717 1416
717 1500
717 1523
718 1033
718 1046
718 1106
718 1466
719 1115
719 1244
719 1417
719 1442
719 1770
719 1878
719 1938
720 852
720 1063
720 1134
720 1627
720 1823
720 1913
720 1916
720 1928
721 1061
721 1091
721 1360
721 1588
722 1391
722 1974
722 1997
723 758
723 1827
723 1943
724 1081
724 1403
724 1461
724 1523
724 1845
725 841
725 992
725 1542
725 1620
726 1176
726 1497
726 1636
726 1721
726 1892
727 953
727 1132
727 1214
727 1259
727 1560
727 1971
728 892
728 962
728 1483
728 1747
728 1951
728 1959
728 1985
729 1325
729 1810
729 1888
730 820
730 963
730 1394
730 1693
731 796
731 826
731 881
731 934
731 1047
731 1472
731 1503
733 851
733 1448
733 1509
733 1530
733 1920
734 1660
734 1843
734 1909
734 1936
735 784
735 872
735 1144
735 1212
735 1286
735 1462
735 1822
736 745
736 1116
736 1178
736 1267
736 1887
737 765
737 957
737 1043
737 1280
737 1423
737 1957
738 796
738 908
738 952
738 992
738 1043
738 1102
738 1684
738 1882
739 795
739 838
739 1454
739 1501
739 1947
740 901
740 962
740 981
740 1564
740 1660
740 1760
740 1860
741 1235
741 1976
742 759
742 896
742 1052
742 1220
742 1390
742 1587
742 1925
743 905
743 928
743 1091
743 1260
743 1399
743 1454
743 1655
744 844
744 984
744 1144
744 1273
744 1455
744 1488
744 1868
745 1246
745 1475
745 1604
745 1722
745 1925
746 1242
746 1333
746 1390
746 1508
746 1546
746 1568
746 1598
746 1806
746 1880
747 819
748 1621
749 823
749 1350
750 1043
750 1247
750 1434
750 1889
750 1964
750 2000
751 787
751 912
751 940
751 1094
751 1280
751 1673
751 1842
751 1850
752 1066
752 1102
753 1487
753 1517
753 1739
753 1752
754 992
754 1319
754 1346
754 1586
755 1056
755 1070
755 1128
755 1441
755 1482
756 912
756 1063
756 1338
756 1840
757 894
757 985
757 1621
757 1637
757 1851
758 897
758 1296
758 1597
759 864
759 1335
759 1441
759 1445
759 1773
759 1993
760 1664
760 1716
760 1832
760 1904
761 845
761 857
761 886
761 928
761 1002
761 1602
762 773
762 1061
762 1299
762 1559
762 1918
762 1997
763 915
763 941
763 1266
763 1483
763 1982
764 930
764 949
764 980
764 1085
764 1675
764 1753
764 1869
765 837
765 847
765 1139
765 1278
765 1370
765 1371
766 799
766 1081
766 1222
766 1553
766 1635
766 1694
767 989
767 1110
767 1172
767 1640
768 882
768 1146
768 1527
768 1605
768 1753
768 1894
769 1114
770 792
770 886
770 1146
770 1259
770 1361
770 1885
771 829
771 1116
771 1516
771 1880
772 1112
772 1339
772 1350
773 850
773 944
773 962
773 1243
773 1422
773 1530
773 1595
773 1778
774 989
774 1048
774 1170
774 1408
774 1795
775 869
775 888
775 1087
775 1372
775 1432
775 1477
776 1078
776 1180
776 1338
776 1488
776 1622
776 1723
777 865
777 914
777 1234
777 1575
777 1577
778 1007
778 1175
778 1238
778 1629
778 1847
778 1887
778 1892
778 1898
778 1914
778 1934
779 940
779 956
779 1014
779 1038
779 1505
779 1908
780 860
780 899
780 1043
780 1660
781 850
781 1145
781 1359
781 1363
781 1646
781 1944
781 1952
782 1187
782 1676
783 1377
784 786
784 987
784 1021
784 1055
784 1459
784 1789
784 1905
785 1816
785 1889
786 1438
786 1696
787 842
787 918
787 1005
787 1043
787 1244
787 1407
787 1766
787 1904
788 1393
788 1518
788 1769
788 1884
788 1946
789 794
789 1057
789 1370
789 1384
789 1643
789 1763
790 802
790 832
790 1081
790 1406
790 1476
790 1678
791 1449
791 1600
791 1711
791 1872
792 919
792 1022
792 1504
793 844
793 1003
793 1185
793 1541
794 924
794 1060
794 1073
794 1096
794 1646
794 1761
794 1918
794 1937
795 859
795 1215
795 1535
795 1566
795 1764
796 1460
796 1845
797 1007
797 1412
797 1534
797 1811
798 826
798 1023
798 1459
798 1732
799 921
799 1159
799 1272
799 1395
799 1471
799 1569
800 1040
800 1718
800 1862
800 1878
801 1071
801 1130
801 1288
801 1345
801 1351
802 1064
802 1541
802 1909
803 871
803 910
803 1014
803 1168
803 1676
803 1793
803 1959
803 1971
803 1991
804 1012
804 1041
804 1086
804 1214
804 1335
804 1370
804 1622
804 1699
804 1922
805 1046
805 1271
805 1277
806 916
806 1119
806 1168
806 1647
806 1714
807 978
807 1137
807 1577
808 974
808 1139
808 1199
808 1216
808 1556
808 1583
809 1189
809 1256
809 1581
810 931
810 1201
810 1338
810 1460
810 1584
812 931
813 1199
813 1516
813 1790
813 1883
814 915
814 967
814 1118
814 1601
814 1638
814 1732
814 1953
815 1140
815 1285
815 1502
816 991
816 1177
816 1565
817 958
817 1542
817 1763
817 1802
817 1815
818 862
818 1000
818 1286
818 1557
818 1724
818 2000
819 1528
819 1575
819 1857
819 1890
819 1963
820 900
820 1842
820 1912
821 1192
821 1768
821 1975
822 1080
822 1208
822 1822
823 856
823 1006
823 1193
823 1399
823 1791
823 1809
824 1187
824 1694
824 1881
824 1961
825 848
825 1036
825 1287
825 1615
825 1786
826 874
826 903
826 1135
826 1177
827 1061
827 1211
827 1583
827 1656
828 965
828 1054
828 1329
828 1902
828 1903
829 990
829 1197
829 1215
829 1319
829 1383
830 1071
830 1095
830 1105
830 1151
830 1366
830 1441
830 1789
830 1893
831 1155
831 1481
831 1580
831 1642
831 1816
831 1913
832 1859
832 1881
832 1920
833 998
833 1361
833 1597
833 1610
833 1840
833 1996
834 1023
834 1173
834 1257
834 1851
835 1052
835 1068
835 1251
835 1820
836 1206
836 1227
836 1454
836 1853
836 1966
836 1984
837 1150
837 1613
837 1693
838 931
838 1253
838 1446
838 1457
838 1579
838 1770
839 842
839 1099
839 1346
839 1655
839 1818
839 1845
840 909
840 936
840 963
840 1366
840 1411
840 1516
840 1927
840 1994
841 914
841 1043
841 1198
841 1513
841 1803
841 1881
842 1334
842 1397
843 922
843 993
843 1354
843 1478
843 1884
844 1307
844 1549
844 1745
844 1770
845 1508
845 1669
845 1834
846 1017
846 1203
846 1320
846 1501
846 1514
847 1122
847 1135
847 1220
847 1353
847 1526
847 1669
847 1761
847 1971
848 1230
848 1336
848 1363
848 1435
848 1487
849 1095
849 1160
849 1379
849 1732
849 1783
849 1791
849 1828
849 1852
849 1903
850 1600
850 1714
850 1720
850 1725
850 1771
851 1222
851 1232
851 1608
852 968
852 980
852 1382
853 919
853 1264
853 1330
853 1632
853 1793
854 929
854 1135
854 1364
854 1370
854 1790
854 1917
855 1023
855 1109
855 1124
856 1064
856 1075
856 1602
856 1825
857 1321
857 1379
857 1389
857 1518
857 1562
857 1622
858 918
858 1818
859 909
859 987
859 1005
859 1010
859 1091
859 1165
859 1305
859 1530
860 984
860 1086
860 1089
860 1096
860 1784
860 1805
861 1082
861 1347
861 1678
861 1748
861 1831
862 1383
862 1497
862 1672
863 1005
863 1058
863 1119
863 1221
863 1233
863 1452
863 1730
864 1086
864 1141
864 1170
865 1220
865 1449
865 1762
866 1193
866 1316
866 1400
866 1621
866 1710
867 1043
867 1060
867 1183
867 1186
867 1216
867 1857
868 1161
869 1599
869 1781
869 1879
870 1021
870 1190
870 1794
870 1976
871 877
871 895
871 915
871 978
871 1330
871 1473
872 996
872 1065
872 1125
872 1250
872 1255
872 1316
872 1563
872 1842
872 1994
873 1082
873 1226
873 1586
873 1603
873 1646
873 1685
873 1828
874 1946
875 1133
875 1330
875 1628
875 1799
875 1995
876 1011
876 1260
876 1326
877 1180
877 1376
877 1436
877 1545
877 1636
878 1224
878 1308
878 1455
878 1595
879 884
879 885
879 1118
879 1258
879 1339
879 1885
880 1710
880 1759
880 1962
880 1969
881 1196
881 1280
881 1393
881 1395
881 1555
881 1707
882 1157
882 1565
883 1346
883 1355
883 1581
883 1595
883 1945
883 1988
884 1093
884 1164
884 1186
884 1554
885 946
885 962
885 1334
885 1427
886 1231
886 1496
886 1720
886 1798
887 1120
887 1518
887 1637
887 1641
887 1648
887 1662
887 1714
887 1739
888 1126
888 1353
888 1393
888 1488
888 1512
888 1847
889 1255
890 1172
890 1479
890 1630
890 1772
890 1971
890 1972
891 910
891 1410
891 1433
891 1452
892 1065
892 1085
892 1168
892 1305
892 1406
892 1472
892 1920
893 1596
893 1762
893 1990
894 1056
894 1295
895 907
895 1091
895 1325
895 1444
895 1806
895 1872
896 906
896 1196
896 1206
896 1560
896 1893
897 1407
897 1460
897 1621
897 1694
897 1748
898 987
898 1167
898 1325
898 1460
898 1951
899 1344
899 1619
900 936
900 1503
900 1600
900 1778
901 1037
901 1203
901 1272
901 1322
901 1535
901 1626
902 947
902 961
902 1152
902 1233
903 1019
903 1055
903 1240
903 1366
903 1525
903 1758
904 1146
905 993
905 1238
905 1299
905 1395
905 1650
906 1666
907 1127
907 1147
907 1372
907 1516
907 1541
907 1709
908 1110
908 1265
909 1684
910 1001
910 1041
910 1355
910 1794
911 1130
911 1300
911 1322
911 1338
913 1292
913 1438
913 1499
913 1720
914 1079
914 1160
914 1192
914 1917
914 1923
915 1030
915 1073
915 1214
915 1686
916 1265
916 1809
916 1941
917 1070
917 1410
917 1656
917 1662
917 1955
918 1023
918 1312
918 1639
919 982
919 1368
919 1406
919 1634
920 1407
920 1737
920 1788
921 1638
922 1176
922 1536
922 1946
923 980
923 1401
923 1567
923 1710
923 1774
924 1541
924 1572
924 1969
925 1110
926 1035
926 1989
927 1275
927 1657
927 1750
927 1968
928 1004
928 1148
928 1654
929 1068
929 1291
929 1313
929 1372
929 1514
929 1539
929 1954
930 1128
930 1276
930 1613
930 1831
930 1993
931 1269
931 1859
931 1869
932 1317
933 1011
933 1126
933 1298
933 1440
933 1999
934 1121
934 1160
934 1227
934 1453
934 1464
934 1507
934 1652
934 1863
934 1893
935 966
935 1127
935 1362
935 1453
935 1548
935 1556
935 1968
936 1116
936 1248
936 1517
936 1650
936 1745
936 1983
937 1170
937 1212
937 1518
937 1720
937 1874
937 1945
938 1163
938 1442
939 1190
939 1245
939 1265
939 1495
939 1603
939 1730
939 1885
940 1343
940 1504
940 1584
940 1722
941 1066
941 1155
941 1324
941 1693
941 1845
942 956
942 1446
942 1627
942 1637
942 1737
943 1902
943 1943
944 987
944 1221
945 1050
945 1361
945 1521
945 1562
945 1716
945 1831
946 1114
946 1190
946 1463
946 1583
947 1886
947 1963
948 1214
948 1816
948 1962
949 1137
949 1142
949 1161
949 1790
949 1945
950 1812
950 1920
950 1998
951 1077
951 1101
951 1249
951 1340
951 1488
951 1907
952 1460
952 1643
952 1832
953 1091
953 1458
953 1669
953 1764
953 1912
954 1241
954 1435
954 1452
954 1479
954 1901
954 1930
955 1263
955 1585
955 1729
956 1024
956 1332
956 1391
956 1419
956 1665
957 1088
958 986
958 1484
958 1877
959 1315
959 1737
959 1859
959 1937
960 1332
960 1560
960 1712
961 1006
961 1297
961 1888
962 1304
962 1336
963 1301
963 1423
963 1572
963 1650
963 1929
963 1931
964 1034
964 1280
964 1749
964 1989
965 1287
965 1913
965 1973
965 1989
966 1222
966 1244
966 1260
966 1641
966 1746
967 1010
967 1374
967 1916
968 1258
968 1306
968 1631
968 1823
968 1939
969 1111
969 1317
969 1321
969 1495
969 1712
969 1991
970 1068
970 1312
971 1485
971 1698
971 1873
972 985
972 1728
972 1862
973 1212
973 1568
973 1622
973 1777
973 1852
973 1946
974 1543
974 1763
975 1158
975 1187
975 1922
975 1937
976 1041
976 1280
976 1499
976 1885
977 983
977 1130
977 1279
977 1556
977 1589
977 1827
978 996
978 1029
978 1081
978 1189
978 1208
978 1491
978 1645
978 1696
978 1854
979 1135
979 1186
979 1425
979 1483
979 1581
979 1754
979 1845
979 1904
980 1150
980 1424
980 1736
981 1032
981 1103
981 1637
981 1726
982 1220
982 1520
982 1772
982 1878
982 1914
983 1133
983 1140
983 1166
983 1368
983 1398
983 1996
984 1175
984 1337
985 1135
985 1547
985 1579
985 1850
986 1012
986 1086
986 1216
986 1616
986 1688
986 1689
986 1888
986 1932
987 1152
987 1262
987 1645
987 1829
988 1368
988 1506
988 1713
989 1573
989 1963
991 1000
991 1166
991 1305
991 1595
991 1990
992 1396
992 1430
993 1130
993 1133
993 1341
993 1483
993 1506
993 1954
994 1064
994 1122
994 1136
994 1276
994 1320
994 1534
994 1959
994 1999
995 1151
995 1413
995 1507
995 1963
995 1991
995 1993
996 1029
996 1140
996 1183
996 1568
996 1574
996 1959
997 1938
998 1191
998 1472
998 1713
998 1810
999 1491
999 1638
999 1653
999 1735
1000 1293
1000 1450
1000 1760
1001 1149
1001 1320
1001 1356
1001 1480
1001 1553
1001 1603
1001 1641
1001 1906
1002 1007
1002 1043
1002 1208
1002 1238
1002 1507
1002 1531
1002 1927
1003 1257
1003 1459
1003 1628
1003 1660
1003 1707
1003 1738
1003 1767
1003 1931
1003 1993
1004 1269
1004 1292
1004 1359
1004 1407
1004 1687
1004 1993
1005 1806
1005 1814
1006 1424
1006 1600
1006 1602
1006 1638
1007 1389
1007 1465
1007 1940
1008 1607
1008 1935
1009 1062
1009 1262
1009 1413
1009 1479
1009 1756
1010 1213
1010 1214
1010 1404
1010 1463
1010 1790
1010 1822
1011 1022
1011 1261
1011 1903
1012 1367
1012 1423
1012 1472
1012 1493
1014 1236
1014 1310
1014 1317
1014 1608
1014 1688
1014 1713
1015 1242
1015 1355
1015 1412
1015 1673
1015 1933
1016 1623
1016 1691
1017 1097
1017 1421
1017 1692
1018 1185
1018 1473
1018 1902
1019 1651
1020 1215
1020 1549
1020 1589
1020 1647
1021 1066
1021 1165
1021 1203
1021 1428
1021 1554
1021 1719
1021 1770
1021 1879
1022 1346
1022 1606
1023 1050
1023 1157
1023 1726
1024 1470
1024 1911
1025 1474
1025 1601
1025 1669
1025 1770
1025 1841
1025 1880
1025 1956
1026 1048
1026 1182
1026 1254
1026 1351
1026 1403
1026 1888
1027 1320
1027 1511
1027 1535
1027 1556
1027 1802
1027 1895
1027 1896
1028 1088
1028 1201
1028 1329
1028 1572
1029 1248
1029 1289
1029 1301
1029 1812
1029 1912
1030 1326
1030 1341
1030 1354
1030 1410
1030 1486
1030 1606
1030 1712
1031 1049
1031 1080
1031 1165
1031 1380
1031 1483
1032 1477
1032 1584
1033 1354
1033 1355
1033 1536
1033 1928
1034 1047
1034 1071
1034 1562
1034 1571
1034 1801
1034 1875
1035 1284
1035 1624
1035 1818
1036 1187
1036 1936
1037 1567
1037 1668
1037 1893
1038 1106
1038 1306
1038 1683
1038 1997
1039 1119
1039 1228
1039 1589
1039 1722
1039 1770
1040 1063
1040 1558
1040 1594
1040 1727
1040 1900
1041 1171
1041 1202
1041 1336
1041 1433
1041 1436
1041 1574
1041 1753
1041 1881
1042 1068
1042 1309
1043 1354
1043 1365
1043 1620
1043 1827
1044 1157
1044 1362
1044 1445
1044 1629
1044 1689
1046 1050
1046 1530
1046 1864
1047 1211
1047 1358
1047 1623
1047 1794
1048 1144
1048 1178
1048 1629
1048 1946
1050 1446
1050 1652
1050 1740
1050 1888
1051 1875
1051 1966
1051 1998
1052 1174
1052 1205
1052 1237
1052 1583
1052 1602
1052 1801
1053 1067
1053 1076
1053 1551
1053 1921
1054 1103
1054 1398
1054 1853
1054 1976
1054 1982
1055 1350
1055 1627
1055 1842
1055 1945
1056 1627
1057 1787
1057 1965
1058 1120
1058 1138
1058 1162
1058 1252
1058 1448
1058 1494
1058 1613
1058 1934
1058 1989
1059 1259
1059 1261
1059 1909
1061 1072
1061 1080
1061 1249
1061 1319
1061 1545
1061 1574
1061 1694
1062 1231
1062 1790
1062 1870
1062 1974
1063 1226
1063 1288
1063 1327
1063 1410
1063 1491
1063 1533
1063 1535
1064 1137
1064 1356
1064 1797
1064 1910
1064 1939
1064 1980
1065 1959
1066 1271
1066 1387
1066 1711
1067 1667
1067 1862
1067 1915
1067 1966
1068 1592
1069 1322
1069 1566
1069 1955
1070 1933
1071 1091
1071 1838
1072 1179
1072 1347
1072 1573
1072 1897
1072 1931
1073 1109
1073 1228
1073 1784
1074 1485
1074 1535
1074 1588
1074 1596
1074 1838
1075 1514
1075 1821
1076 1081
1076 1798
1077 1374
1077 1497
1077 1548
1077 1588
1077 1645
1077 1866
1078 1140
1078 1490
1078 1621
1078 1721
1079 1080
1079 1563
1079 1745
1079 1934
1079 1939
1079 1959
1080 1124
1081 1186
1081 1507
1081 1699
1081 1733
1081 1829
1082 1420
1082 1550
1082 1673
1083 1347
1084 1528
1084 1816
1084 1913
1085 1264
1085 1395
1085 1941
1086 1087
1086 1155
1086 1507
1087 1396
1087 1512
1087 1569
1087 1661
1087 1689
1087 1768
1087 1785
1087 1827
1087 1948
1088 1092
1088 1204
1088 1483
1089 1467
1089 1499
1090 1273
1090 1317
1090 1446
1090 1952
1090 1993
1091 1353
1091 1860
1091 1982
1092 1188
1092 1309
1092 1328
1092 1453
1093 1674
1094 1632
1094 1906
1094 1953
1095 1331
1095 1477
1095 1488
1095 1905
1096 1145
1096 1324
1096 1584
1096 1686
1096 1746
1096 1808
1096 1994
1097 1201
1097 1540
1097 1813
1098 1466
1098 1876
1099 1282
1099 1468
1099 1692
1099 1846
1100 1232
1100 1713
1100 1828
1100 1918
1100 1989
1101 1138
1102 1262
1102 1718
1102 1944
1103 1563
1103 1647
1104 1112
1104 1580
1104 1903
1105 1200
1105 1227
1105 1450
1105 1957
1107 1187
1107 1439
1108 1236
1108 1331
1108 1954
1108 1955
1109 1829
1109 1872
1110 1185
1110 1239
1110 1618
1110 1781
1110 1829
1110 1942
1111 1442
1111 1723
1111 1950
1112 1207
1112 1515
1112 1544
1112 1643
1113 1175
1114 1992
1115 1120
1115 1179
1115 1281
1115 1516
1115 1799
1116 1165
1116 1326
1116 1376
1116 1391
1116 1776
1116 1969
1117 1459
1117 1724
1118 1150
1118 1311
1118 1868
1119 1601
1119 1708
1119 1781
1119 1967
1120 1293
1120 1309
1120 1954
1120 1960
1120 1986
1121 1330
1121 1358
1121 1546
1121 1885
1122 1197
1122 1199
1122 1561
1123 1371
1123 1480
1123 1873
1124 1222
1124 1466
1124 1627
1125 1325
1126 1168
1126 1373
1127 1679
1127 1846
1128 1352
1128 1386
1128 1547
1128 1844
1129 1188
1129 1309
1129 1758
1129 1842
1129 1934
1130 1364
1130 1484
1130 1508
1131 1718
1131 1979
1132 1668
1132 1692
1132 1758
1132 1909
1133 1198
1133 1297
1133 1334
1133 1657
1133 1847
1134 1356
1134 1518
1134 1619
1135 1667
1135 1669
1136 1336
1136 1639
1136 1930
1136 1963
1137 1172
1137 1531
1137 1792
1137 1941
1137 1951
1138 1379
1138 1399
1138 1418
1138 1454
1138 1662
1138 1851
1139 1635
1140 1291
1140 1421
1140 1448
1140 1490
1140 1620
1140 1705
1140 1780
1141 1359
1142 1306
1142 1389
1142 1426
1142 1716
1142 1907
1143 1145
1143 1263
1143 1285
1143 1828
1143 1980
1144 1292
1144 1392
1144 1649
1144 1871
1144 1971
1145 1310
1145 1545
1145 1571
1146 1177
1146 1256
1146 1470
1146 1743
1147 1630
1147 1719
1148 1466
1148 1638
1148 1672
1148 1795
1150 1171
1150 1231
1150 1433
1150 1614
1150 1669
1150 1796
1150 1957
1151 1214
1151 1748
1152 1259
1152 1422
1152 1427
1152 1533
1152 1557
1152 1877
1154 1664
1154 1674
1156 1323
1156 1371
1156 1440
1156 1741
1156 1756
1157 1165
1157 1196
1157 1581
1157 1592
1157 1770
1158 1490
1158 1512
1158 1629
1159 1720
1160 1661
1161 1213
1161 1259
1162 1179
1162 1667
1162 1748
1162 1757
1162 1842
1162 1958
1163 1305
1163 1412
1163 1555
1163 1961
1165 1463
1165 1624
1166 1226
1166 1279
1166 1635
1166 1796
1167 1364
1167 1429
1167 1459
1167 1565
1167 1744
1167 2000
1168 1375
1168 1698
1168 1725
1168 1788
1168 1956
1169 1567
1170 1215
1170 1344
1172 1287
1172 1373
1172 1605
1172 1920
1172 1934
1173 1401
1173 1421
1174 1215
1174 1281
1174 1536
1174 1994
1175 1500
1175 1973
1176 1342
1176 1546
1177 1182
1177 1935
1177 1947
1178 1276
1178 1517
1178 1551
1178 1939
1179 1408
1179 1783
1179 1877
1180 1947
1180 1963
1181 1266
1181 1891
1181 1993
1182 1270
1182 1295
1182 1325
1182 1481
1182 1718
1183 1761
1184 1323
1184 1806
1185 1423
1185 1510
1185 1535
1185 1565
1185 1648
1185 1709
1185 1817
1185 1937
1185 1956
1186 1243
1186 1617
1186 1682
1187 1249
1187 1528
1187 1835
1188 1199
1188 1422
1188 1683
1188 1859
1189 1704
1190 1336
1190 1721
1190 1836
1190 1973
1191 1590
1191 1760
1191 1808
1192 1316
1192 1441
1192 1971
1193 1291
1193 1533
1193 1727
1194 1524
1194 1574
1194 1981
1195 1705
1195 1914
1196 1458
1196 1518
1196 1538
1196 1566
1196 1878
1197 1216
1197 1220
1197 1633
1197 1835
1198 1262
1198 1530
1198 1631
1199 1487
1199 1667
1199 1744
1200 1313
1200 1810
1200 1987
1201 1253
1201 1377
1201 1534
1202 1663
1202 1684
1202 1827
1203 1958
1204 1822
1205 1783
1205 1900
1205 1903
1206 1547
1206 1645
1207 1254
1207 1474
1208 1348
1208 1565
1208 1760
1208 1975
1209 1290
1209 1906
1210 1869
1210 1892
1210 1959
1211 1913
1212 1235
1212 1470
1212 1486
1212 1583
1212 1615
1212 1855
1212 1868
1212 1927
1213 1231
1213 1999
1214 1381
1214 1990
1215 1225
1215 1502
1215 1617
1216 1614
1216 1658
1217 1296
1217 1429
1217 1630
1217 1700
1218 1635
1218 1926
1218 1952
1219 1456
1219 1642
1220 1634
1220 1821
1221 1702
1221 1908
1221 1996
1222 1284
1222 1932
1223 1224
1223 1484
1223 1799
1223 1824
1223 1866
1223 1936
1223 1998
1224 1560
1224 1710
1225 1296
1225 1305
1225 1625
1225 1885
1226 1874
1226 1880
1227 1622
1227 1900
1227 1999
1228 1250
1228 1384
1228 1754
1229 1854
1230 1626
1230 1973
1231 1235
1232 1324
1233 1285
1234 1311
1234 1417
1234 1650
1234 1667
1234 1764
1234 1937
1235 1498
1235 1766
1236 1306
1236 1345
1236 1478
1236 1754
1236 1823
1236 1895
1237 1414
1237 1456
1237 1458
1237 1635
1237 1830
1238 1382
1238 1484
1238 1919
1239 1578
1240 1334
1240 1631
1240 1708
1241 1365
1241 1665
1241 1724
1242 1318
1242 1919
1243 1452
1243 1535
1243 1550
1244 1441
1244 1533
1244 1871
1245 1992
1246 1313
1246 1941
1247 1322
1247 1397
1247 1517
1247 1919
1248 1325
1248 1373
1248 1804
1249 1861
1250 1448
1250 1709
1252 1282
1252 1325
1252 1904
1253 1665
1253 1731
1255 1364
1255 1690
1256 1395
1256 1529
1256 1589
1256 1692
1256 1922
1257 1447
1257 1607
1258 1827
1259 1389
1259 1490
1259 1936
1260 1579
1260 1646
1260 1742
1261 1633
1261 1644
1261 1815
1261 1940
1262 1303
1262 1450
1262 1854
1262 1931
1263 1577
1263 1854
1264 1364
1264 1626
1264 1762
1264 1998
1265 1460
1265 1559
1265 1734
1265 1851
1265 1881
1265 1950
1265 1998
1266 1570
1266 1626
1266 1715
1267 1406
1268 1399
1268 1726
1269 1456
1269 1636
1269 1960
1270 1333
1270 1402
1270 1521
1270 1657
1270 1713
1272 1344
1273 1603
1273 1680
1273 1697
1273 1887
1274 1355
1274 1905
1274 1926
1275 1774
1275 1961
1275 1962
1275 1996
1276 1965
1278 1327
1278 1821
1279 1347
1279 1584
1279 1652
1279 1754
1280 1996
1281 1312
1281 1622
1281 1736
1283 1482
1283 1601
1283 1898
1283 1901
1283 1968
1283 1993
1284 1567
1284 1959
1285 1519
1285 1580
1286 1455
1288 1559
1288 1831
1289 1456
1289 1602
1290 1301
1291 1403
1291 1793
1291 1811
1292 1460
1292 1894
1293 1331
1293 1592
1293 1825
1294 1386
1294 1398
1294 1512
1295 1414
1295 1530
1295 1705
1295 1737
1295 1756
1295 1846
1296 1731
1296 1838
1297 1452
1297 1492
1297 1505
1297 1512
1297 1798
1297 1822
1297 1881
1297 1973
1298 1561
1298 1847
1299 1623
1299 1959
1300 1701
1300 1871
1301 1469
1301 1545
1301 1602
1302 1517
1302 1750
1303 1390
1303 1475
1303 1502
1303 1582
1305 1343
1305 1400
1305 1626
1305 1678
1305 1814
1305 1926
1306 1496
1306 1570
1306 1597
1306 1862
1307 1813
1308 1420
1308 1663
1309 1398
1309 1581
1310 1601
1311 1485
1311 1489
1311 1758
1311 1771
1312 1668
1312 1710
1312 1813
1312 1940
1313 1421
1313 1590
1314 1535
1314 1866
1314 1886
1314 1894
1314 1896
1315 1504
1316 1763
1318 1505
1318 1692
1318 1879
1319 1636
1319 1762
1319 1859
1320 1918
1320 1964
1321 1882
1322 1493
1322 1524
1322 1599
1322 1644
1322 1820
1322 1907
1323 1941
1324 1361
1324 1393
1324 1415
1324 1533
1325 1388
1325 1660
1325 1686
1325 1775
1326 1433
1326 1460
1326 1671
1326 1692
1326 1970
1327 1657
1327 1681
1327 1691
1328 1334
1328 1739
1329 1427
1330 1468
1330 1795
1330 1852
1330 1991
1331 1540
1331 1938
1332 1725
1332 1818
1332 1873
1332 1895
1333 1666
1334 1412
1334 1751
1334 1953
1335 1472
1335 1746
1335 1989
1336 1383
1336 1723
1336 1732
1336 1781
1336 1917
1336 1934
1337 1546
1337 1669
1337 1749
1338 1719
1339 1438
1339 1766
1339 1772
1340 1494
1340 1542
1340 1703
1341 1832
1341 1855
1341 1952
1342 1688
1342 1853
1342 1926
1344 1607
1344 1617
1345 1364
1345 1888
1345 1925
1346 1782
1346 1905
1347 1678
1347 1710
1347 1923
1347 1991
1348 1672
1348 1724
1349 1492
1349 1544
1350 1786
1351 1608
1351 1724
1352 1409
1352 1729
1353 1515
1353 1655
1353 1683
1353 1889
1354 1576
1354 1800
1354 1884
1355 1698
1356 1864
1357 1731
1357 1884
1358 1380
1358 1847
1358 1906
1358 1920
1359 1658
1359 1855
1359 1998
1360 1625
1361 1405
1361 1712
1361 1715
1361 1806
1361 1995
1362 1524
1363 1674
1363 1841
1363 1895
1364 1503
1364 1708
1364 1958
1365 1523
1366 1647
1367 1670
1367 1905
1368 1679
1368 1739
1369 1380
1369 1840
1369 1899
1369 1990
1370 1421
1370 1456
1370 1559
1370 1861
1371 1724
1372 1670
1372 1763
1373 1501
1373 1791
1373 1958
1374 1448
1374 1752
1375 1804
1375 1846
1376 1415
1376 1788
1376 1920
1377 1491
1377 1935
1378 1515
1378 1609
1378 1696
1378 1799
1379 1383
1379 1451
1379 1533
1379 1935
1380 1605
1380 1823
1381 1443
1381 1642
1381 1834
1382 1924
1383 1753
1383 1762
1384 1604
1384 1718
1384 1733
1384 1993
1385 1530
1385 1626
1385 1736
1386 1389
1386 1909
1387 1485
1387 1496
1387 1548
1387 1566
1387 1747
1387 1750
1387 1795
1388 1551
1389 1678
1389 1776
1390 1985
1391 1649
1391 1869
1391 1884
1391 1889
1392 1435
1393 1403
1393 1452
1395 1400
1395 1597
1395 1601
1395 1688
1395 1771
1396 1403
1396 1535
1396 1862
1396 1890
1397 2000
1398 1475
1398 1532
1398 1948
1399 1528
1399 1960
1400 1774
1401 1410
1401 1721
1402 1517
1402 1704
1402 1818
1403 1451
1403 1527
1403 1543
1404 1588
1404 1753
1404 1854
1405 1515
1405 1517
1405 1690
1405 1705
1406 1418
1406 1511
1406 1845
1406 1883
1406 1996
1407 1566
1407 1685
1407 1741
1408 1561
1409 1609
1409 1887
1409 1934
1409 1978
1410 1548
1410 1711
1410 1981
1411 1606
1411 1693
1412 1414
1412 1478
1412 1574
1412 1603
1412 1674
1412 1823
1412 1837
1413 1450
1413 1627
1413 1909
1414 1507
1414 1557
1414 1708
1414 1834
1415 1727
1415 1770
1415 1931
1416 1608
1417 1468
1418 1622
1418 1926
1418 1943
1418 1970
1419 1423
1419 1487
1419 1981
1420 1544
1420 1710
1421 1610
1422 1689
1422 1701
1422 1759
1423 1515
1424 1762
1424 1822
1424 1940
1424 1990
1425 1547
1425 1613
1425 1754
1426 1797
1427 1582
1428 1706
1428 1749
1428 1788
1428 1813
1429 1847
1429 1918
1431 1476
1431 1532
1431 1554
1431 1678
1431 1778
1432 1662
1432 1739
1433 1795
1434 1692
1435 1684
1436 1644
1436 1760
1438 1470
1439 1939
1440 1606
1442 1571
1442 1984
1443 1449
1443 1512
1443 1789
1444 1494
1444 1568
1444 1636
1444 1731
1444 1899
1446 1589
1446 1743
1446 1814
1447 1677
1447 1900
1448 1456
1448 1529
1448 1588
1449 1651
1449 1721
1449 1832
1449 1924
1450 1567
1450 1989
1451 1497
1452 1479
1452 1674
1452 1734
1452 1947
1454 1505
1454 1541
1454 1604
1455 1497
1455 1563
1455 1816
1455 1917
1455 1934
1456 1921
1457 1738
1457 1891
1458 1550
1458 1620
1458 1738
1460 1584
1460 1841
1460 1864
1460 1910
1461 1566
1461 1950
1461 1995
1462 1477
1462 1585
1462 1688
1462 1738
1462 1887
1463 1600
1463 1693
1463 1803
1464 1536
1464 1758
1465 1817
1466 1798
1467 1535
1467 1566
1467 1785
1467 1856
1467 1866
1467 1896
1467 1897
1468 1718
1469 1785
1469 1988
1470 1585
1470 1672
1470 1858
1470 1938
1471 1539
1472 1740
1472 1802
1472 1980
1474 1528
1474 1665
1474 1835
1475 1583
1476 1978
1477 1514
1477 1760
1478 1870
1479 1517
1479 1639
1479 1669
1479 1692
1479 1789
1479 1969
1480 1568
1480 1644
1481 1754
1482 1797
1482 1840
1482 1981
1483 1720
1484 1621
1485 1671
1486 1637
1486 1999
1487 1894
1487 1928
1488 1611
1488 1923
1489 1506
1489 1637
1490 1579
1490 1792
1491 1569
1491 1867
1492 1771
1493 1533
1493 1941
1494 1576
1494 1733
1495 1640
1497 1718
1497 1739
1497 1842
1498 1548
1498 1789
1498 1903
1499 1894
1500 1531
1500 1584
1500 1617
1501 1567
1501 1633
1501 1725
1501 1932
1502 1886
1503 1622
1504 1535
1504 1715
1505 1535
1505 1603
1505 1744
1506 1542
1506 1700
1507 1565
1508 1740
1509 1519
1509 1682
1509 1717
1509 1917
1511 1547
1512 1589
1512 1730
1512 1995
1513 1547
1515 1582
1515 1617
1515 1721
1516 1656
1516 1808
1516 1882
1516 1914
1516 1965
1518 1785
1519 1584
1519 1628
1519 1847
1519 1929
1520 1634
1520 1767
1520 1924
1521 1553
1521 1683
1521 1722
1521 1840
1521 1888
1522 1849
1523 1650
1523 1910
1523 1958
1523 1979
1524 1596
1524 1703
1524 1863
1525 1533
1525 1654
1525 1772
1526 1889
1527 1779
1528 1664
1528 1841
1529 1642
1529 1734
1529 1878
1530 1729
1530 1823
1531 1646
1531 1918
1532 1786
1532 1791
1532 1874
1533 1670
1533 1811
1534 1571
1534 1636
1534 1696
1535 1584
1536 1944
1537 1579
1537 1582
1538 1685
1539 1975
1540 1717
1540 1840
1540 1876
1542 1641
1543 1552
1544 1623
1545 1632
1545 1820
1545 1969
1546 1573
1546 1754
1546 1943
1547 1738
1547 1763
1548 1863
1549 1934
1550 1775
1550 1929
1551 1627
1551 1736
1552 1692
1552 1983
1552 1999
1555 1593
1555 1854
1555 1941
1556 1739
1556 1826
1557 1907
1558 1573
1558 1885
1559 1650
1559 1813
1559 1889
1559 1948
1560 1858
1560 1891
1561 1653
1562 1618
1562 1886
1563 1683
1564 1592
1564 1735
1564 1775
1565 1888
1565 1995
1565 1999
1566 1654
1566 1964
1566 1981
1567 1677
1567 1729
1567 1902
1569 1679
1569 1933
1570 1837
1570 1886
1571 1875
1571 1974
1572 1651
1572 1762
1572 1794
1572 1896
1572 1931
1573 1873
1574 1590
1574 1864
1575 1764
1575 1775
1576 1867
1576 1964
1578 1788
1578 1840
1579 1818
1580 1728
1580 1978
1581 1726
1581 1953
1581 1954
1582 1729
1582 1802
1582 1973
1583 1755
1584 1761
1584 1845
1585 1854
1585 1889
1586 1786
1586 1827
1587 1727
1588 1647
1588 1760
1589 1922
1590 1696
1590 1916
1591 1614
1591 1679
1591 1688
1591 1836
1591 1935
1593 1605
1593 1615
1594 1699
1594 1816
1594 1930
1595 1642
1595 1718
1595 1906
1596 1677
1596 1930
1597 1608
1598 1632
1598 1734
1598 1988
1598 1994
1599 1660
1599 1934
1600 1643
1600 1772
1601 1796
1602 1874
1603 1651
1603 1698
1603 1805
1603 1916
1603 1941
1603 1971
1605 1673
1606 1662
1606 1689
1606 1826
1608 1857
1609 1775
1610 1612
1610 1666
1610 1894
1611 1670
1611 1777
1611 1838
1614 1807
1614 1980
1615 1712
1615 1940
1616 1754
1616 1840
1618 1662
1618 1685
1618 1775
1618 1852
1618 1888
1618 1921
1619 1753
1620 1634
1620 1954
1621 1940
1623 1681
1623 1728
1623 1877
1624 1643
1624 1655
1624 1691
1624 1835
1624 1970
1625 1862
1626 1844
1626 1885
1626 1887
1626 1892
1628 1647
1628 1932
1629 1799
1631 1641
1631 1886
1632 1682
1632 1761
1632 1817
1632 1975
1635 1710
1635 1802
1635 1954
1637 1706
1637 1954
1638 1647
1638 1687
1639 1900
1639 1933
1640 1741
1640 1817
1641 1810
1641 1818
1642 1912
1643 1901
1643 1910
1644 1843
1644 1848
1647 1773
1647 1793
1647 1806
1647 1997
1650 1823
1651 1992
1654 1658
1654 1871
1656 1671
1657 1671
1658 1826
1658 1854
1658 1941
1658 1962
1659 1773
1659 1862
1660 1804
1660 1990
1661 1725
1661 1745
1662 1957
1662 1977
1663 1945
1664 1711
1664 1936
1664 1962
1665 1747
1665 1896
1666 1693
1666 1721
1666 1751
1666 1843
1669 1904
1671 1922
1673 1701
1676 1703
1676 1731
1676 1883
1677 1756
1678 1722
1678 1799
1680 1821
1681 1831
1681 1875
1681 1984
1682 1749
1683 1954
1684 1710
1685 1915
1685 1947
1686 1779
1686 1869
1687 1806
1687 1990
1688 1859
1690 1857
1691 1809
1691 1810
1691 1818
1693 1981
1693 1995
1694 1710
1694 1782
1694 1949
1695 1787
1695 1815
1695 1864
1695 1940
1695 1966
1696 1845
1696 1993
1697 1885
1698 1789
1700 1720
1702 1709
1703 1741
1703 1873
1703 1895
1704 1718
1704 1822
1704 1827
1704 1929
1705 1936
1709 1727
1709 1793
1710 1808
1712 1722
1713 1833
1714 1865
1714 1907
1715 1899
1715 1994
1716 1845
1717 1752
1717 1802
1718 1753
1718 1846
1718 1937
1719 1742
1719 1906
1719 1925
1720 1945
1721 1909
1722 1749
1722 1783
1722 1809
1722 1858
1723 1870
1723 1928
1725 1925
1726 1801
1726 1962
1727 1740
1727 1941
1728 1804
1728 1922
1728 1923
1730 1830
1730 1890
1730 1897
1731 1738
1732 1794
1732 1851
1735 1787
1735 1980
1736 1813
1736 1861
1736 1952
1737 1843
1738 1747
1738 1903
1739 1833
1739 1847
1741 1789
1741 1961
1744 1837
1745 1930
1746 1975
1746 1993
1748 1796
1749 1828
1749 1887
1751 1968
1752 1844
1754 1925
1756 1943
1759 1826
1759 1874
1759 1919
1760 1848
1760 1954
1762 1800
1762 1982
1767 1925
1767 1965
1769 1773
1769 1918
1770 1812
1771 1980
1772 1904
1773 1921
1775 1933
1775 1945
1776 1879
1776 1893
1778 1786
1779 1782
1779 1967
1779 1970
1780 1946
1784 1964
1785 1832
1785 1843
1786 1900
1786 1916
1787 1825
1787 1933
1787 1948
1791 1890
1791 1917
1792 1870
1792 1997
1793 1899
1793 1940
1796 1991
1798 1880
1799 1803
1802 1874
1802 1995
1804 1899
1805 1888
1805 1997
1810 1923
1811 1836
1811 1880
1811 1897
1812 1927
1814 1863
1815 1824
1817 1918
1817 1957
1818 1950
1819 1822
1820 1934
1822 1853
1824 1932
1824 1992
1833 1907
1835 1957
1836 1876
1836 1963
1838 1905
1839 1931
1840 1874
1840 1970
1841 1993
1844 1868
1844 1905
1846 1987
1848 1936
1848 1940
1851 1869
1851 1992
1853 1882
1853 1908
1854 1964
1856 1903
1857 1928
1864 1907
1866 1897
1867 1956
1868 1976
1869 1916
1876 1949
1877 1956
1886 1906
1886 1998
1891 1907
1892 1922
1895 1963
1899 1901
1907 1978
1914 1988
1922 1927
1930 1977
1931 1983
1936 1982
1938 1952
1971 1991