2000
1 550
1 970
1 1114
1 1501
1 1870
2 582
2 821
2 911
2 1247
2 1401
2 1429
2 1788
3 60
3 728
3 909
3 1029
3 1492
3 1945
4 623
4 739
4 855
4 979
4 1611
4 1621
4 1657
4 1852
5 7
5 212
5 341
5 974
5 1283
6 424
6 518
6 630
6 730
6 910
6 1032
6 1628
6 1645
6 1798
6 1892
6 1965
6 1991
7 352
7 365
7 457
7 809
7 1114
7 1317
7 1450
7 1500
8 1031
8 1097
8 1307
8 1496
8 1534
8 1675
8 1827
8 1902
9 198
9 783
9 1186
9 1335
9 1648
9 1719
10 590
10 1547
10 1551
10 1741
11 97
11 527
11 729
11 771
11 1042
11 1296
11 1464
11 1476
11 1904
11 1908
12 904
12 1472
12 1482
12 1606
12 1698
12 1822
13 257
13 286
13 549
13 1046
13 1264
13 1558
14 471
14 1531
14 1898
15 570
15 773
15 1725
15 1804
15 1836
15 1973
16 42
16 48
16 146
16 151
16 313
16 1044
16 1100
16 1359
16 1841
16 1915
17 82
17 501
17 672
17 764
17 767
17 1208
17 1270
17 1468
17 1542
18 57
18 245
18 256
18 1153
18 1425
18 1575
18 1632
18 1880
18 1898
19 94
19 105
19 314
19 370
19 383
19 529
19 1157
19 1396
19 1628
19 1663
19 1870
20 357
20 574
20 1267
20 1457
20 1590
20 1594
20 1791
21 88
21 573
21 590
21 712
21 1280
21 1670
21 1683
22 50
22 370
22 840
22 878
22 919
22 1959
23 298
23 652
23 659
23 1028
23 1042
23 1482
24 190
24 747
24 959
24 1001
24 1864
25 212
25 216
25 251
25 504
25 661
25 843
25 970
25 1000
26 659
26 1221
27 407
27 439
27 661
27 687
27 1003
28 593
28 773
28 1253
28 1361
28 1560
28 1654
28 1705
29 77
29 233
29 574
29 613
29 921
29 1217
29 1318
29 1509
29 1776
29 1881
30 495
30 695
30 977
30 1192
30 1272
31 709
31 848
31 853
31 953
31 980
31 1973
32 142
32 180
32 583
32 691
32 759
32 893
32 1145
32 1605
32 1615
32 1755
32 1914
33 146
33 1596
33 1830
34 1686
35 131
35 532
35 584
35 879
35 1334
36 138
36 143
36 231
36 241
36 299
36 594
36 599
36 1006
36 1218
36 1358
36 1417
36 1632
37 633
37 775
37 794
37 827
37 1993
38 130
38 228
38 801
38 1583
38 1823
39 111
39 192
39 541
39 924
39 1291
39 1526
39 1531
39 1612
39 1741
40 284
40 369
40 420
40 447
40 461
40 598
40 783
40 819
40 1091
40 1306
40 1692
40 1728
41 127
41 243
41 767
41 892
41 977
41 1464
41 1800
41 1972
42 314
42 851
42 974
42 1298
42 1302
42 1338
42 1780
43 411
43 821
43 859
43 949
43 1258
43 1461
44 488
44 842
44 1733
44 1931
44 1939
45 126
45 237
45 375
45 457
45 661
45 1013
45 1287
45 1610
45 1687
45 1898
46 162
46 366
46 722
46 1410
46 1721
47 872
47 1273
47 1494
47 1754
48 172
48 292
48 448
48 594
48 913
48 1422
48 1790
49 171
49 468
49 1393
49 1595
50 135
50 999
50 1037
50 1142
50 1301
50 1865
51 143
51 444
51 481
51 528
51 673
51 998
51 1098
51 1104
52 157
52 217
52 561
52 719
52 768
52 777
52 1506
52 1734
53 353
53 620
53 677
53 1198
53 1424
53 1466
53 1628
54 86
54 105
54 207
54 343
54 678
54 737
54 902
54 1433
54 1699
54 1726
54 1997
55 130
55 229
55 472
55 952
55 1282
56 369
56 376
56 789
56 861
56 891
56 1512
56 1561
56 1690
56 1848
56 1871
57 98
57 284
57 681
58 111
58 266
58 1322
58 1588
58 1876
59 539
59 543
59 978
59 1219
59 1784
59 1835
59 1914
59 1938
60 279
60 439
60 1186
60 1225
61 353
61 450
61 604
61 658
61 1726
62 230
62 286
62 365
62 507
62 606
62 747
62 1046
62 1364
62 1728
62 1828
62 1836
62 1923
63 310
63 748
63 909
63 989
63 1140
63 1544
63 1941
64 271
64 487
64 510
64 793
64 1926
65 308
65 1017
65 1075
65 1219
65 1240
65 1295
65 1429
65 1717
66 294
66 940
66 1384
66 1435
66 1685
66 1722
67 141
67 363
67 379
67 1229
67 1353
67 1802
68 688
68 838
68 1532
68 1638
68 1849
69 628
69 723
69 784
69 1636
70 1228
70 1230
70 1434
70 1460
71 129
71 208
71 983
71 1207
71 1508
71 1580
71 1597
71 1715
72 389
72 1715
73 414
73 996
73 1178
73 1296
73 1781
73 1943
74 337
74 383
74 705
74 878
74 961
74 1055
74 1495
74 1850
75 136
75 495
75 780
75 1446
75 1836
75 1841
76 674
76 720
76 1112
76 1902
77 450
77 617
77 903
78 85
78 235
78 408
78 441
78 516
78 875
78 1469
78 1922
78 1946
79 200
79 503
79 1504
79 1840
79 1989
80 165
80 699
80 1007
80 1073
80 1610
80 1654
81 276
81 829
81 845
81 1073
81 1096
81 1892
82 721
82 732
82 987
82 1027
82 1088
82 1266
82 1881
82 1967
83 244
83 392
83 772
83 1096
83 1348
83 1688
84 128
84 338
84 1097
84 1262
84 1653
84 1959
84 1966
85 430
85 431
85 541
85 632
85 741
85 1174
85 1184
85 1606
85 1836
86 571
86 785
86 948
86 1409
87 193
87 212
87 321
87 607
87 786
87 966
87 1102
87 1500
87 1689
88 367
88 537
88 1003
88 1965
89 106
89 240
89 312
89 1015
89 1263
89 1509
89 1551
90 141
90 454
90 769
90 970
91 140
91 466
91 531
91 562
91 761
91 790
91 1273
91 1302
92 480
92 614
92 762
92 966
92 1575
92 1940
93 568
93 780
93 1626
93 1684
93 1933
94 988
94 1015
94 1614
94 1896
94 1898
95 128
95 327
95 398
95 416
95 457
95 632
95 711
95 1250
96 297
96 438
96 758
96 944
96 1448
97 284
97 354
97 642
97 866
97 1745
97 1786
97 1966
98 721
98 818
98 1052
98 1349
98 1990
99 533
99 580
99 916
99 982
99 1319
99 1657
100 291
100 1039
100 1043
100 1935
100 1942
101 391
101 795
101 1003
101 1224
101 1258
101 1367
102 532
102 900
102 1208
102 1252
102 1346
103 324
103 454
103 627
103 1823
103 1900
103 1978
104 760
104 781
104 815
104 878
104 993
104 1310
104 1375
104 1422
104 1516
104 1598
104 1634
104 1824
104 1963
105 271
105 341
105 387
105 535
105 868
105 1020
105 1349
105 1464
105 1707
105 1824
106 452
106 532
106 762
106 946
106 1777
107 346
107 1890
108 144
108 436
108 687
108 708
108 762
108 908
108 1571
108 1713
109 319
109 392
109 496
109 539
109 631
109 1115
109 1138
109 1535
109 1699
109 1926
110 207
110 788
110 962
110 1149
110 1192
110 1257
111 259
111 332
111 411
111 426
111 541
111 608
111 670
111 829
111 902
111 990
111 1013
111 1657
112 134
112 270
112 508
112 850
112 1269
112 1568
112 1604
113 135
113 348
113 1035
113 1095
113 1415
113 1662
114 394
114 567
114 582
114 585
114 783
114 965
114 1687
114 1802
114 1902
115 143
115 200
115 432
115 526
115 674
115 1344
115 1815
116 608
116 1049
116 1205
116 1423
116 1841
116 1891
117 227
117 564
117 714
117 720
117 1584
118 172
118 370
118 554
118 578
118 694
118 900
118 1128
118 1591
118 1611
118 1910
119 525
119 664
119 786
119 837
119 892
119 1479
119 1692
120 588
120 764
120 1017
120 1059
120 1133
120 1181
120 1326
120 1705
120 1841
120 1987
121 275
121 472
121 556
121 951
121 1092
121 1094
121 1147
121 1750
122 442
122 1226
122 1323
122 1357
122 1362
123 147
123 648
123 937
123 1366
124 199
124 330
124 487
124 693
124 824
124 971
124 1637
124 1646
125 226
125 255
125 289
125 467
125 727
125 828
125 1220
125 1258
125 1772
125 1776
125 1844
126 939
127 516
127 517
127 533
127 737
127 915
127 1310
127 1701
128 187
128 256
128 649
128 937
128 974
128 1030
128 1031
128 1397
128 1412
128 1573
128 1932
129 218
129 623
129 1115
129 1119
129 1548
129 1922
129 1994
130 540
130 658
130 833
130 896
130 1133
130 1205
130 1224
130 1310
130 1525
130 1759
130 1891
131 576
131 758
131 811
131 1375
131 1748
132 196
132 408
132 713
132 780
132 1391
132 1547
132 1776
133 185
133 484
133 829
133 912
133 927
133 1143
133 1185
133 1683
133 1887
134 159
134 270
134 574
134 636
134 935
134 1394
134 1735
135 265
135 411
135 449
135 451
135 755
135 937
135 1126
135 1829
135 1860
135 1920
135 1927
135 1947
136 274
136 1513
137 345
137 496
137 660
137 924
137 1296
137 1302
137 1538
138 348
138 570
138 584
138 664
138 1260
138 1371
138 1567
139 559
139 570
139 853
139 932
139 1436
139 1997
140 228
140 339
140 950
140 1795
140 1808
141 678
141 719
141 1471
141 1552
141 1647
142 377
142 628
142 785
142 853
143 618
143 961
143 1154
143 1290
143 1456
143 1979
144 539
144 1101
144 1285
144 1434
144 1628
145 494
145 1222
145 1626
145 1844
146 310
146 451
146 456
146 885
146 1169
146 1335
146 1916
147 197
147 461
147 502
147 547
147 724
147 1010
147 1245
147 1381
147 1654
148 454
148 1426
148 1434
148 1689
148 1792
148 1812
148 1898
149 410
149 464
149 791
149 908
149 924
149 1179
149 1418
149 1662
149 1860
150 525
150 658
150 757
150 1022
150 1468
150 1548
150 1584
150 1839
151 423
151 438
151 460
151 592
151 618
151 777
151 797
151 982
151 1119
151 1213
151 1274
151 1360
151 1421
151 1492
151 1519
151 1766
151 1842
152 168
152 294
152 1207
152 1646
152 1687
152 1788
153 697
153 724
153 739
153 1054
153 1133
153 1720
153 1810
154 456
154 468
154 735
154 1197
154 1209
154 1267
154 1325
154 1498
154 1538
154 1598
154 1915
155 201
155 728
155 736
155 1102
155 1207
155 1326
155 1793
155 1904
156 390
156 577
156 639
156 685
156 1035
156 1630
156 1732
157 224
157 374
157 742
157 762
157 768
157 1224
157 1381
157 1475
157 1639
157 1656
158 322
158 514
158 1125
158 1460
159 167
159 363
159 495
159 724
159 1288
159 1448
159 1716
160 406
160 490
160 1790
160 1899
161 1701
162 186
162 313
162 555
162 761
162 1095
162 1190
163 1029
163 1164
163 1471
163 1558
164 165
164 588
164 714
164 1110
165 262
165 293
165 820
165 1122
165 1310
166 219
166 259
166 965
166 1078
166 1504
166 1541
166 1950
167 675
167 1267
167 1487
167 1720
167 1889
168 817
168 1242
168 1514
168 1821
168 1951
169 255
169 886
169 1411
169 1412
169 1981
170 368
170 900
170 948
170 1164
171 195
171 700
171 777
171 990
171 1279
171 1491
172 759
172 778
172 843
172 870
172 1537
172 1722
172 1819
172 1989
173 520
173 815
173 1409
173 1594
173 1618
174 275
174 1361
174 1885
174 1896
175 1230
175 1601
176 250
176 704
176 833
176 1264
176 1296
176 1305
176 1403
177 295
177 414
177 1452
177 1457
178 676
178 749
178 1057
179 340
179 667
179 1220
179 1384
179 1482
179 1495
179 1778
180 278
180 470
180 810
180 866
180 1054
180 1880
181 237
181 568
181 855
181 1558
181 1620
181 1631
181 1830
181 1862
182 806
182 861
182 1009
182 1824
183 291
183 500
183 582
183 634
183 930
183 1247
183 1326
183 1344
183 1360
183 1718
183 1984
184 615
184 839
184 872
184 1119
184 1282
184 1319
184 1410
185 420
185 632
185 988
185 1795
186 275
186 734
186 751
186 1160
186 1403
186 1582
186 1613
186 1688
187 305
187 754
187 845
187 1041
187 1447
187 1710
187 1719
187 1847
187 1909
188 236
188 301
188 633
188 779
188 1306
188 1438
188 1736
188 1772
188 1801
188 1879
188 1975
189 875
189 1261
189 1420
189 1855
189 1869
189 1955
190 456
190 552
190 596
190 1508
190 1746
190 1781
190 1819
190 1992
191 270
191 808
191 1681
191 1688
191 1776
192 1429
192 1738
193 439
193 1066
193 1397
193 1637
193 1794
194 765
194 1038
194 1513
194 1546
194 1839
195 740
195 1118
195 1577
195 1593
195 1796
196 590
196 1207
196 1432
196 1481
196 1641
196 1804
196 1855
196 1993
197 250
197 606
197 1479
197 1747
197 1858
197 1884
198 502
198 604
198 664
198 820
198 1320
198 1997
199 375
199 547
199 580
199 1091
199 1242
199 1391
199 1408
199 1421
199 1497
200 584
200 616
200 1205
200 1228
200 1458
200 1499
200 1531
200 1601
200 1758
200 1785
200 1915
201 774
201 1040
201 1192
201 1244
201 1687
201 1996
202 300
202 390
202 1512
202 1544
202 1730
203 277
203 925
203 1590
204 660
204 676
204 706
204 1522
204 1610
204 1695
204 1784
205 512
205 1211
205 1222
206 327
206 415
206 528
206 651
206 1064
206 1293
206 1636
206 1825
207 409
207 690
207 834
207 848
207 878
207 1157
207 1324
208 332
208 350
208 585
208 861
208 1134
209 467
209 692
209 803
209 952
209 1455
210 252
210 401
210 781
210 1851
211 262
211 584
211 792
211 887
211 989
211 1234
211 1736
212 264
212 504
212 922
212 1094
212 1117
212 1240
212 1246
212 1899
212 1909
213 278
213 282
213 307
213 916
213 1377
213 1845
214 516
214 632
214 708
215 335
215 1727
215 1767
216 970
216 999
216 1108
216 1266
216 1697
217 292
217 1528
217 1968
218 610
218 869
218 1321
218 1428
218 1596
218 1610
219 418
219 774
220 227
220 261
220 446
220 513
220 964
220 1459
221 757
221 1083
221 1195
221 1580
221 1585
221 1775
221 1783
222 243
222 357
222 1548
222 1683
222 1709
222 1764
222 1811
222 1918
223 235
223 304
223 788
223 1366
223 1490
224 243
224 502
224 529
224 1231
224 1709
225 237
225 623
225 793
225 969
225 1093
225 1673
226 510
226 1104
226 1367
226 1555
226 1582
226 1606
226 1679
226 1712
226 1922
227 420
227 661
227 1299
227 1369
227 1398
227 1815
227 1819
227 1960
228 543
228 1212
228 1685
228 1692
228 1799
229 237
229 513
229 671
229 793
229 965
229 1052
229 1317
229 1483
229 1529
229 1830
230 719
230 1163
230 1453
230 1512
230 1609
231 459
231 601
231 1461
231 1646
231 1918
232 654
232 1396
232 1421
232 1679
232 1730
232 1989
233 641
233 721
233 1016
233 1028
233 1436
233 1525
233 1754
234 1011
234 1083
234 1408
234 1748
234 1771
234 1983
235 329
235 719
235 884
235 896
235 1888
236 286
236 494
236 575
236 588
236 635
236 786
236 972
236 1061
236 1403
236 1730
236 1769
237 771
237 816
237 1037
237 1725
237 1899
238 686
238 842
238 1133
238 1377
238 1417
238 1594
238 1642
238 1689
238 1693
238 1864
238 1972
239 708
239 1403
239 1571
239 1605
240 280
240 287
240 458
240 1888
241 613
241 1078
241 1462
242 563
242 721
242 1120
242 1367
242 1852
242 1976
242 1995
243 302
243 540
243 813
243 1050
243 1090
243 1549
243 1593
243 1612
243 1630
243 1994
244 853
244 1270
244 1782
244 1949
245 477
245 796
245 971
245 1166
245 1309
246 322
246 335
246 506
246 542
246 647
246 745
246 898
246 1314
246 1367
247 249
247 397
247 478
247 552
247 1325
247 1613
248 982
248 1035
248 1046
248 1752
248 1863
249 1400
249 1431
249 1555
249 1587
249 1667
249 1983
249 1996
249 1998
250 557
250 809
250 1816
250 1942
251 364
251 742
251 1211
251 1256
251 1436
252 264
252 543
252 581
252 1221
252 1537
252 1605
252 1630
254 266
254 824
254 860
254 939
254 941
254 957
254 1433
254 1526
255 382
255 702
255 933
255 1175
255 1179
255 1477
255 1489
255 1830
256 788
256 893
256 1490
257 334
257 1187
257 1781
257 1979
258 478
258 953
258 1020
258 1120
258 1160
258 1359
258 1842
258 1932
259 381
259 506
259 878
259 1117
259 1267
259 1295
259 1365
259 1845
259 1890
260 299
260 320
260 822
260 824
260 1316
260 1866
261 480
261 1365
261 1533
261 1548
261 1940
262 701
262 780
262 957
262 1097
262 1229
262 1600
262 1737
262 1836
262 1837
262 1913
263 516
263 1302
263 1476
263 1724
263 1757
264 926
264 1487
264 1898
265 327
265 408
265 719
265 1568
265 1687
265 1807
265 1995
266 364
266 750
266 877
266 1283
266 1761
267 575
267 780
267 814
267 1184
267 1205
267 1571
267 1596
267 1918
268 291
268 403
268 471
268 644
268 1564
268 1639
268 1786
269 576
269 640
269 1425
269 1715
270 715
270 1173
270 1377
270 1491
270 1816
270 1868
271 331
271 876
271 1148
271 1905
272 459
272 947
272 1103
272 1325
272 1414
272 1792
272 1800
272 1945
273 412
273 929
273 973
273 1624
273 1688
273 1960
274 354
274 651
274 732
274 831
274 989
274 1308
274 1362
274 1537
274 1539
274 1844
275 1244
275 1266
275 1412
275 1674
275 1941
276 941
276 1272
276 1581
276 1926
277 747
277 1066
277 1218
277 1224
277 1403
277 1884
277 1953
278 380
278 804
278 1148
278 1370
279 1517
279 1626
279 1703
280 297
280 342
280 539
280 561
280 1200
280 1632
280 1971
281 351
281 443
281 975
281 1247
281 1439
281 1615
281 1781
282 326
282 448
282 872
282 1741
283 389
283 703
283 861
283 1090
283 1770
283 1783
283 1824
283 1904
283 1952
283 1993
284 449
284 555
284 829
284 1264
284 1381
284 1592
284 1977
285 1087
285 1296
285 1902
285 2000
286 602
286 1065
286 1582
286 1617
286 1932
287 1156
287 1261
287 1335
287 1734
287 1975
288 295
288 352
288 409
288 688
288 728
288 1644
288 1756
288 1941
288 1956
289 408
289 502
289 974
289 1039
289 1075
289 1363
289 1592
289 1673
290 492
290 505
290 1182
290 1390
290 1512
290 1827
291 319
291 418
291 1220
291 1303
291 1589
291 1949
292 452
292 1181
292 1558
292 1753
293 1066
293 1226
293 1291
293 1679
294 393
294 776
294 1139
294 1390
294 1446
294 1607
294 1623
294 1838
294 1869
295 454
295 581
295 928
295 1851
295 1924
295 1959
296 774
296 822
297 811
297 1410
297 1541
297 1745
297 1786
298 1163
298 1989
299 672
299 846
299 1036
299 1126
300 1147
300 1231
300 1537
300 1972
301 673
301 721
301 1190
301 1372
301 1599
301 1611
302 615
302 666
302 683
302 1326
302 1433
302 1627
302 1749
302 1837
302 1899
303 511
303 1284
303 1422
303 1433
303 1696
303 1807
303 1875
304 620
304 1021
304 1369
304 1457
304 1579
304 1587
304 1653
304 1741
305 407
305 847
305 895
305 1221
305 1257
305 1330
305 1356
305 1468
305 1604
305 1637
305 1893
306 378
306 449
306 508
306 510
306 526
306 641
306 664
306 857
306 915
306 1676
306 1995
307 629
307 636
307 675
307 872
307 1275
307 1651
307 1799
308 1554
308 1624
308 1679
308 1730
308 1795
308 1988
309 443
309 558
309 722
309 757
309 1382
309 1691
309 1944
310 408
310 834
310 863
310 1512
311 635
311 712
311 858
311 1001
311 1010
311 1041
311 1131
311 1284
311 1836
312 709
312 1260
312 1659
312 1907
313 534
313 602
313 714
313 833
313 849
313 967
313 1295
314 548
314 671
314 967
314 1079
314 1423
314 1566
316 524
316 676
316 686
316 859
316 932
316 1291
316 1610
316 1966
317 761
317 1034
317 1050
317 1148
317 1790
317 1813
318 619
318 1050
318 1080
318 1084
318 1383
318 1518
318 1843
319 366
319 932
319 1160
319 1181
319 1254
319 1497
319 1781
319 1942
320 339
320 595
320 635
320 1355
320 1591
321 394
321 428
321 487
321 875
321 1353
321 1976
322 382
322 529
322 1117
322 1690
322 1701
323 529
323 564
323 825
323 1412
323 1413
323 1562
323 1580
323 1592
323 1650
323 1878
323 1916
323 1931
324 564
324 756
324 842
324 952
324 979
324 1653
325 638
325 649
325 1094
325 1891
325 1958
326 357
326 1146
326 1455
326 1939
327 468
327 471
327 947
327 994
327 1008
327 1516
327 1773
327 1917
328 690
328 946
328 1079
328 1739
328 1784
329 524
329 603
329 702
329 748
329 1156
329 1286
329 1586
329 1603
329 1641
329 1689
330 545
330 1089
330 1106
330 1263
330 1564
330 1688
330 1920
330 1937
331 430
331 642
331 845
331 1506
331 1836
332 1280
332 1358
333 396
333 571
333 882
333 891
333 1658
334 589
334 1245
334 1352
334 1539
335 903
335 1069
335 1523
335 1763
335 1894
335 1968
336 657
336 843
337 569
337 575
337 657
337 661
337 744
337 822
337 1261
337 1570
338 1307
338 1771
339 431
339 910
339 1496
339 1506
339 1620
339 1629
339 1704
339 1855
340 454
340 661
340 683
340 1264
340 1305
340 1488
340 1570
340 1873
341 644
341 769
341 788
341 880
341 1287
341 1319
341 1324
341 1418
341 1459
341 1652
341 1661
342 536
342 1327
342 1446
342 1548
342 1552
342 1858
343 777
343 939
343 989
343 1258
343 1490
343 1668
343 1880
344 487
344 490
344 714
344 1107
344 1394
345 629
345 633
345 1073
345 1619
345 1673
345 1788
346 621
346 777
346 862
346 1078
346 1081
346 1099
346 1334
346 1500
346 1659
347 855
347 1097
347 1148
348 785
348 1052
348 1162
348 1191
348 1369
348 1403
348 1694
348 1893
348 1992
349 811
349 1194
349 1675
349 1781
349 1870
349 1920
349 1980
350 645
350 647
350 1399
351 437
351 793
352 1060
352 1482
352 1506
352 1617
353 669
353 1093
353 1362
354 679
354 1405
354 1424
355 488
355 607
355 615
355 854
355 1350
355 1481
355 1512
355 1735
355 2000
356 535
356 667
356 901
356 996
356 1015
356 1133
356 1351
356 1410
356 1487
356 1852
357 986
357 1030
357 1405
357 1620
357 1646
357 1735
357 1895
357 1970
358 404
358 1140
359 361
359 643
359 807
359 1106
359 1281
359 1316
359 1487
359 1592
360 832
360 1968
361 713
361 805
361 934
361 1367
361 1526
361 1585
361 1919
361 1926
362 610
362 1253
362 1289
362 1595
362 1743
362 1805
362 1840
362 1871
363 471
363 921
363 1291
364 1338
364 1541
364 1548
364 1939
365 587
365 1431
365 1433
365 1720
366 606
366 1287
366 1326
366 1735
366 1884
367 1116
367 1127
367 1268
367 1598
368 419
368 910
368 986
368 1010
368 1139
368 1145
368 1629
369 667
369 994
369 1188
369 1283
369 1320
369 1360
369 1555
369 1588
369 1715
370 517
370 630
370 843
370 998
370 1019
370 1175
370 1197
370 1853
371 526
371 878
371 1635
371 1674
372 556
372 993
372 994
372 1118
372 1186
372 1340
372 1424
372 1834
373 483
373 584
373 1490
373 1533
373 1822
373 1923
374 377
374 1126
374 1484
374 1667
374 1723
374 1904
375 382
375 990
375 1011
375 1243
375 1497
376 386
376 620
376 756
376 856
376 1150
376 1542
376 1810
377 704
377 784
377 1241
377 1455
377 1824
377 1993
378 1014
378 1120
378 1262
378 1640
379 547
379 602
379 1054
379 1613
379 1778
380 422
380 738
380 1160
380 1539
380 1884
381 1117
382 599
382 895
382 1359
382 1610
382 1916
383 466
383 480
383 799
383 1590
383 1646
383 1763
384 511
384 573
384 828
384 1950
385 628
385 646
385 1107
385 1274
385 1334
385 1761
385 1961
386 440
386 1191
386 1274
386 1326
386 1842
386 1884
387 500
387 636
387 738
387 1056
387 1078
387 1265
387 1565
387 1655
387 1936
388 462
388 719
388 1417
388 1610
388 1784
388 1883
389 721
389 866
389 1009
389 1041
389 1195
389 1609
389 1731
389 1806
389 1890
390 749
390 940
390 1119
390 1165
390 1184
390 1365
390 1619
390 1735
390 1941
391 570
391 599
391 1314
391 1651
392 559
392 568
392 759
392 850
392 1789
392 1919
392 1955
393 1278
393 1421
393 1518
393 1935
394 837
394 994
394 1137
394 1254
394 1635
394 1706
394 1931
395 1548
396 425
396 878
396 1159
396 1394
396 1410
396 1597
396 1623
396 1777
397 402
397 474
397 575
397 811
397 1124
397 1826
398 1295
398 1447
398 1535
398 1541
399 797
399 951
399 1317
399 1801
400 521
400 616
400 623
400 728
400 805
400 1107
400 1153
400 1310
400 1350
400 1663
400 1673
400 1676
400 1803
400 1887
401 483
401 821
401 996
401 1028
401 1394
401 1508
401 1906
401 1988
402 568
402 923
402 954
402 1300
402 1391
402 1457
402 1463
402 1668
402 1717
402 1955
403 685
403 1139
403 1143
403 1438
403 1443
403 1458
404 471
404 495
404 1476
405 734
405 918
405 1069
405 1493
405 1922
405 1963
406 486
406 619
406 683
406 1830
407 613
407 1042
407 1630
407 1641
407 1902
407 1923
408 757
408 815
408 1122
408 1516
408 1779
409 776
409 1064
409 1078
409 1225
409 1629
410 644
410 1107
410 1373
410 1478
410 1525
410 1935
410 1981
411 944
411 1873
412 1014
412 1275
412 1401
412 1701
412 1884
413 499
413 743
413 1136
413 1244
413 1526
413 1682
414 1176
414 1189
414 1425
414 1577
414 1922
415 461
415 777
415 805
415 1086
415 1087
415 1136
415 1368
415 1419
415 1635
415 1783
415 1897
416 617
416 693
416 1293
416 1657
416 1797
416 1892
416 1924
417 571
417 624
417 965
417 1085
417 1805
417 1915
418 681
418 1774
418 1887
419 606
419 812
419 906
419 1145
419 1347
419 1520
419 1531
419 1756
420 861
420 970
420 1136
420 1234
420 1256
420 1589
420 1971
421 656
421 862
421 1090
421 1105
421 1145
421 1648
421 1878
421 1887
422 486
422 569
422 766
422 992
422 1097
423 526
423 534
423 702
423 708
423 868
423 1952
424 450
424 518
424 938
424 1136
424 1529
424 1636
425 496
425 512
425 640
425 732
425 818
425 874
425 1090
425 1623
425 1915
426 496
426 563
426 596
426 1199
426 1378
426 1545
426 1873
426 1933
427 531
428 847
428 867
428 908
428 1304
429 430
429 436
429 828
429 1066
429 1131
429 1271
429 1425
429 1487
429 1493
429 1539
430 735
430 748
430 1906
431 906
431 1015
431 1433
431 1531
431 1954
431 1962
432 861
432 981
432 1323
432 1353
432 1797
432 1856
432 1908
433 1166
434 856
434 887
434 979
434 1400
435 771
435 772
435 971
435 1066
435 1476
435 1942
436 967
437 584
437 981
437 1038
437 1735
438 466
438 651
438 735
438 1413
438 1622
438 1749
439 570
439 794
439 913
439 1046
439 1150
439 1389
439 1531
439 1590
439 1605
439 1963
440 795
441 470
441 574
441 1445
441 1628
442 725
442 767
442 817
442 850
442 882
442 941
442 1866
443 806
443 812
443 1322
443 1339
443 1495
443 1978
444 462
444 697
444 908
444 968
444 981
444 1929
445 946
445 984
445 998
445 1736
445 1937
446 450
446 676
446 1372
446 1462
446 1770
447 698
447 1081
447 1450
447 1474
447 1684
447 1888
448 619
448 847
448 879
448 1253
448 1462
448 1555
448 1882
449 596
449 827
449 1212
449 1240
449 1687
449 1875
450 812
450 925
450 933
450 947
450 1072
450 1424
450 1913
451 595
451 597
451 659
451 665
451 827
451 945
451 948
451 1142
451 1504
451 1939
451 1948
451 1952
452 536
452 865
452 1453
453 665
453 1197
453 1240
453 1293
453 1720
453 1918
454 860
454 945
454 1500
454 1518
454 1542
455 1074
455 1712
455 1921
455 1945
455 1958
456 1087
456 1105
456 1209
457 1263
457 1615
457 1694
457 1713
458 560
458 631
458 642
458 1106
458 1260
458 1583
458 1944
459 513
459 603
459 658
459 797
459 895
459 947
459 959
459 972
459 1041
459 1331
459 1469
459 1577
459 1624
459 1816
460 558
460 906
460 1568
461 988
461 1165
461 1234
462 954
462 981
462 1075
463 730
463 992
463 1072
463 1296
463 1510
463 1822
464 501
464 730
464 774
464 922
464 1033
464 1601
464 1923
465 584
465 967
465 1123
465 1258
465 1473
465 1531
465 1671
465 1773
465 1939
466 603
466 1581
467 1525
467 1730
467 1847
468 843
468 1381
468 1475
468 1600
468 1746
469 1563
469 1788
470 1108
470 1379
471 645
471 682
471 1261
471 1399
471 1582
472 703
472 928
472 1027
472 1039
472 1241
472 1288
472 1529
472 1708
473 1223
473 1540
474 545
474 811
474 948
474 1031
474 1157
474 1378
474 1459
474 1517
474 1711
474 1963
475 617
475 704
475 718
475 828
475 902
475 1525
475 1755
475 1788
475 1961
476 601
476 717
476 1149
476 1411
476 1850
476 1886
477 509
477 1492
478 643
478 877
478 1028
478 1187
478 1461
478 1582
478 1877
479 526
479 879
479 918
479 1286
479 1412
479 1784
479 1792
479 1941
480 524
480 788
480 1165
480 1465
480 1498
480 1794
480 1889
480 1900
481 486
481 743
481 986
482 847
482 1320
482 1566
482 1791
482 1808
483 1086
483 1381
483 1835
483 1889
484 543
484 1384
484 1601
484 1801
485 1525
486 489
486 625
486 640
486 1027
486 1103
486 1354
486 1482
486 1982
487 566
487 570
487 959
487 1178
487 1877
488 1141
488 1966
489 720
489 797
489 953
489 1245
489 1589
489 1945
490 647
490 833
490 949
490 1198
490 1458
490 1495
490 1613
491 860
491 900
491 1137
491 1290
491 1357
492 580
492 1319
492 1586
492 1598
493 527
493 679
493 1064
493 1068
493 1118
493 1275
493 1504
493 1678
494 768
494 1702
494 1721
495 532
495 607
495 1252
495 1772
495 1805
495 1822
495 1867
496 863
496 978
496 1015
496 1082
496 1982
497 732
497 902
497 1342
497 1571
497 1610
497 1708
497 1729
497 1791
498 958
498 1016
498 1185
498 1932
499 1135
499 1344
499 1808
499 1886
499 1906
499 1922
500 628
500 987
500 1048
500 1548
500 1803
500 1870
500 1946
501 617
501 798
501 799
501 1023
501 1187
501 1409
501 1415
501 1601
501 1602
501 1956
502 648
502 1014
502 1394
502 1899
503 719
503 1330
503 1390
503 1418
503 1871
504 757
504 987
504 1013
504 1020
504 1112
504 1505
504 1574
504 1781
504 1814
504 1964
504 1965
505 626
505 643
505 976
505 1318
505 1807
505 1903
506 812
506 1246
506 1566
506 1891
507 671
507 947
507 1656
508 748
508 1119
508 1527
508 1931
509 663
509 696
509 1871
509 1902
510 788
510 1158
510 1490
510 1833
511 771
511 1754
511 1933
512 1779
513 612
513 641
513 1276
513 1610
514 583
514 1053
515 594
515 768
515 800
515 1185
515 1691
515 1747
515 1875
516 622
516 848
516 1189
516 1835
517 618
517 724
517 1252
517 1294
517 1317
517 1373
517 1666
518 556
518 1290
518 1354
518 1374
518 1445
519 729
519 765
519 815
519 840
519 1005
519 1066
519 1479
519 1807
520 600
520 876
520 1534
520 1628
520 1741
521 844
521 1704
521 1775
522 637
522 670
522 895
522 1083
522 1279
522 1374
522 1493
522 1585
522 1617
522 1623
523 612
523 765
523 876
523 1380
523 1628
523 1647
523 1685
523 1743
523 1852
523 1953
524 1045
524 1153
524 1345
524 1752
524 1878
524 1930
525 642
525 914
525 1299
525 1957
526 555
526 830
526 1241
526 1256
527 631
527 1636
527 1867
527 1903
527 1939
528 679
528 726
528 783
528 931
528 1207
528 1860
529 1277
529 1460
529 1503
529 1606
529 1646
529 1709
529 1736
529 1757
530 881
530 988
530 1172
531 842
531 975
531 1212
531 1354
531 1434
533 1157
533 1238
533 1692
533 1773
533 1943
534 535
534 603
534 1180
534 1799
534 1987
535 628
535 857
535 1321
535 1668
535 1676
535 1703
535 1879
536 620
536 681
536 750
536 987
536 1081
536 1328
536 1683
536 1796
536 1863
537 596
537 743
537 834
537 906
537 1343
538 727
538 1010
538 1110
538 1885
539 1016
539 1421
540 622
540 1050
540 1181
541 603
542 692
542 713
542 1176
542 1196
542 1511
542 1750
542 1790
543 834
543 1024
543 1446
543 1672
543 1736
544 864
544 940
544 1370
544 1776
545 1853
545 1996
546 673
546 799
546 1122
546 1284
546 1305
546 1530
546 1586
546 1645
546 1804
547 567
547 597
547 649
547 850
547 970
547 1022
547 1197
547 1536
547 1685
547 1852
548 1475
548 1728
548 1800
549 675
549 782
549 958
549 1137
549 1148
549 1176
549 1675
549 1983
550 954
550 1148
550 1399
550 1455
550 1594
550 1747
551 1033
551 1310
551 1624
551 1710
551 1904
552 823
552 1408
552 1548
552 1687
553 1205
553 1326
553 1564
553 1927
554 965
554 1027
554 1169
554 1319
555 562
555 731
555 1097
555 1251
555 1258
555 1304
555 1619
555 1787
556 592
556 723
556 1209
556 1842
557 629
557 1341
558 1062
558 1139
558 1350
558 1431
558 1536
558 1693
558 1792
558 1924
559 705
559 1025
559 1121
559 1518
559 1885
559 1960
560 622
560 1848
560 1874
561 598
561 1173
561 1333
561 1580
562 1445
562 1759
563 902
563 1178
563 1267
563 1376
563 1511
563 1770
563 1949
564 592
564 647
564 1037
564 1105
564 1270
564 1334
564 1861
565 648
565 970
565 1021
565 1287
565 1544
565 1827
565 1846
565 1908
566 1248
566 1613
566 1677
566 1840
567 758
567 1212
567 1259
567 1304
567 1501
567 1592
567 1627
567 1651
567 1983
568 654
568 916
568 957
568 1045
568 1503
568 1619
568 1795
569 1239
569 1364
569 1732
570 707
570 770
570 1442
570 1954
571 825
571 1598
571 1602
571 1915
572 904
572 962
572 998
572 1296
572 1681
572 1758
573 868
573 945
573 1223
573 1938
574 644
574 1162
574 1444
575 1289
575 1491
575 1611
575 1668
576 624
576 648
576 740
576 999
576 1772
576 1803
576 1805
577 680
577 1091
577 1637
577 1638
577 1739
577 1758
578 579
578 589
578 615
578 876
578 936
578 1072
578 1253
578 1485
578 1727
578 1747
579 1002
579 1762
580 858
580 924
580 1360
580 1361
580 1373
581 1209
581 1473
581 1527
581 1659
581 1680
581 1963
582 679
582 1004
582 1136
582 1191
582 1983
583 590
583 701
583 1225
583 1326
583 1380
583 1891
583 1927
584 883
584 1201
584 1358
584 1695
584 1829
584 1945
585 880
585 1124
585 1461
585 1893
586 604
586 782
586 987
586 1042
586 1568
586 1637
587 610
587 642
587 757
587 1079
587 1191
588 654
588 898
588 953
588 1219
588 1613
589 593
589 836
589 1012
589 1156
590 726
590 1115
590 1729
590 1778
591 733
591 1056
591 1262
591 1283
591 1705
591 1760
592 635
592 706
592 901
592 1239
592 1459
593 718
593 1639
593 1735
593 1925
593 1978
594 693
594 707
594 814
594 948
594 975
594 1072
594 1616
594 1665
595 1973
596 882
596 904
596 926
596 1409
596 1617
596 1699
597 733
597 883
597 1091
597 1230
597 1248
597 1775
597 1944
598 1617
598 1733
599 638
599 843
599 1104
599 1127
599 1295
599 1317
599 1341
599 1378
599 1661
599 1780
600 607
600 887
600 979
600 1423
600 1524
600 1656
600 1701
600 1729
600 1916
600 1917
601 751
601 1104
601 1125
601 1143
601 1803
601 1991
602 913
602 1166
602 1190
602 1210
602 1339
603 681
603 952
603 1866
604 753
604 1017
604 1574
604 1879
605 638
605 848
605 1026
605 1362
605 1495
605 1520
605 1921
606 616
606 821
606 976
606 1124
606 1411
606 1788
606 1928
607 813
607 882
607 969
607 994
607 1277
607 1398
607 1671
607 1719
607 1820
608 1293
609 1007
609 1312
609 1558
609 1601
609 1725
609 1885
610 1040
610 1714
611 1131
611 1153
611 1176
611 1463
611 1652
612 650
612 1096
612 1168
612 1761
612 1846
612 1883
612 1972
613 1057
613 1076
613 1265
613 1641
613 1694
613 1759
613 1820
613 1984
613 1999
614 925
614 959
614 1464
614 1518
614 1595
614 1843
615 692
615 809
615 859
615 916
615 976
615 1305
615 1413
615 1543
615 1976
616 937
616 951
616 956
616 966
616 1217
616 1341
616 1682
616 1796
616 1844
617 738
617 824
617 1934
618 1055
618 1227
618 1511
618 1839
618 1940
619 1239
619 1606
619 1965
620 1193
620 1224
621 760
621 1558
622 697
622 777
622 827
622 1308
623 881
623 948
623 1011
623 1148
623 1765
623 1946
624 1173
624 1272
624 1505
624 1684
624 1694
624 1922
625 783
625 1010
625 1514
625 1701
625 1928
626 762
626 984
626 1119
626 1157
626 1288
626 1749
627 1038
627 1117
627 1270
627 1859
628 646
628 1365
628 1399
628 1479
628 1527
628 1716
628 1717
628 1898
628 1899
629 1080
629 1435
629 1645
630 1405
630 1862
631 728
631 928
631 974
631 999
631 1088
631 1230
631 1260
631 1288
631 1486
631 1552
632 743
632 982
633 993
633 1190
633 1229
633 1629
633 1894
633 1916
633 1991
634 651
634 1059
634 1482
635 1012
635 1427
635 1552
635 1738
636 668
636 990
636 1001
636 1176
636 1385
636 1636
636 1690
637 749
637 831
637 889
637 1325
637 1631
637 1868
638 722
638 1067
638 1795
638 1980
639 1003
639 1167
639 1651
639 1681
639 1813
639 1823
639 1830
639 1853
640 726
640 831
640 841
640 1094
640 1330
640 1607
640 1858
640 1968
641 1122
641 1170
641 1454
641 1510
641 1947
642 646
642 845
642 1267
643 676
643 957
643 1012
643 1913
643 1938
644 783
644 826
644 1245
644 1846
645 1506
645 1784
646 1206
646 1372
646 1522
646 1596
647 1245
647 1291
647 1459
647 1731
648 656
648 775
648 1330
648 1478
648 1750
648 1859
648 1966
649 761
649 823
649 965
649 974
649 1004
649 1303
649 1606
649 1700
649 1743
649 1778
650 690
650 1630
651 722
651 795
651 1108
651 1687
651 1714
651 1743
652 1035
652 1081
652 1805
652 1841
652 1921
653 891
653 1042
653 1063
654 661
654 832
654 1124
654 1188
654 1378
654 1884
655 666
655 772
655 912
655 999
655 1079
655 1162
655 1616
656 879
656 1054
656 1314
656 1546
656 1597
656 1694
656 1706
657 920
657 1081
657 1334
657 1426
657 1597
657 1666
658 707
658 708
658 1069
658 1408
659 825
659 916
659 1192
659 1483
659 1601
660 874
660 996
660 1165
660 1945
661 704
661 948
661 1044
661 1119
661 1362
661 1616
661 1713
661 1847
662 1199
662 1759
663 1735
664 1980
665 695
665 962
665 1641
665 1687
665 1978
666 828
666 1260
666 1536
666 1814
667 890
667 1287
667 1302
668 733
668 859
668 1207
668 1468
669 853
669 1102
669 1224
669 1351
669 1611
669 1947
670 1007
670 1392
670 1636
670 1741
671 690
671 989
671 1040
671 1177
671 1660
671 1937
672 694
672 755
672 894
672 1449
672 1536
672 1902
673 724
673 902
674 772
674 924
674 1678
674 1750
675 1389
675 1743
676 938
676 1122
676 1315
676 1581
676 1933
677 692
677 858
677 880
677 1057
677 1924
677 1927
678 770
678 811
678 842
678 1809
679 1008
679 1603
679 1671
679 1674
680 1199
680 1842
681 712
681 1084
681 1980
682 799
683 684
683 773
683 914
683 1216
683 1419
683 1573
683 1839
683 1924
684 691
684 869
684 1400
684 1652
684 1668
685 688
685 1381
686 805
686 1778
686 1958
687 1080
687 1561
688 1519
688 1527
688 1537
688 1803
688 1942
689 763
689 1620
689 1857
689 1960
690 812
690 994
690 1792
690 1870
691 693
691 1012
691 1953
692 764
692 853
692 924
692 981
692 1048
692 1330
692 1513
693 1617
694 1524
695 1013
695 1081
695 1147
695 1492
695 1622
695 1700
695 1764
695 1770
695 1943
696 1807
696 1868
697 1866
698 744
698 1009
698 1479
698 1536
698 1640
698 1924
699 1222
699 1885
699 1988
699 2000
700 786
700 1133
700 1372
700 1770
700 1782
701 859
701 1522
701 1585
701 1744
701 1821
701 1949
702 767
702 962
702 1539
702 1568
703 1313
703 1608
704 781
704 886
704 1273
704 1437
704 1913
704 1914
705 904
705 942
705 1060
705 1675
705 1740
705 1748
705 1799
706 792
706 829
706 1333
706 1517
706 1779
707 866
707 1134
707 1291
707 1327
707 1400
707 1915
708 1275
708 1614
708 1671
709 769
709 861
709 1064
709 1101
709 1126
709 1615
709 1999
710 738
710 845
710 878
710 1489
710 1550
710 1835
710 1839
711 766
711 1290
711 1337
711 1708
712 777
712 881
712 1062
712 1258
712 1461
712 1859
712 1863
713 733
713 1321
713 1528
713 1842
714 1602
714 1682
715 813
715 1331
715 1629
715 1749
716 786
716 795
716 832
716 1574
716 1665
716 1694
716 1862
717 1504
717 1824
717 1835
718 745
718 1037
718 1464
719 1066
719 1118
719 1498
719 1791
720 874
720 900
720 965
720 1443
720 1846
721 771
721 968
721 1109
722 1064
722 1486
722 1868
723 1019
723 1137
723 1327
724 1155
725 1010
725 1516
725 1736
726 812
726 1085
727 949
727 1081
727 1324
727 1918
728 1255
728 1433
728 1621
728 1641
728 1689
730 761
730 1076
730 1301
730 1487
731 1509
731 1622
731 1735
732 1269
732 1486
732 1886
733 1432
733 1587
733 1706
733 1734
733 1840
734 786
734 850
734 1051
734 1242
734 1792
734 1941
734 1981
735 840
735 1236
735 1410
736 946
736 1052
736 1079
736 1257
736 1543
736 1763
736 1909
737 1690
738 998
738 1001
739 1212
739 1366
740 908
740 1646
741 1349
741 1523
741 1561
741 1756
741 1915
742 748
742 753
742 867
742 1108
742 1466
742 1533
742 1970
743 837
743 1345
743 1525
743 1626
743 1633
743 1752
743 1770
744 756
744 1262
744 1478
744 1799
744 1833
745 750
745 1385
745 1463
745 1553
745 1631
745 1703
745 1831
746 1304
746 1334
747 791
747 810
747 943
747 1211
747 1547
747 1687
748 991
749 864
749 1070
749 1275
749 1557
749 1571
749 1643
749 1844
749 1945
750 774
750 990
750 1733
750 1838
751 781
751 1007
751 1401
751 1419
751 1698
751 1786
752 763
752 864
752 1013
752 1043
752 1564
753 1226
753 1267
753 1524
753 1738
753 1957
754 1312
754 1369
754 1729
754 1975
755 925
755 1143
755 1273
755 1405
755 1472
755 1588
755 1746
756 1151
756 1582
756 1744
757 1133
757 1234
758 869
758 1114
758 1117
758 1195
758 1240
758 1447
758 1532
758 1780
758 1991
759 1301
759 1975
760 873
760 1206
760 1854
760 1907
761 1420
761 1759
761 1839
761 1966
762 814
762 926
762 1242
762 1329
762 1624
762 1762
763 924
763 1793
764 1060
764 1313
764 1587
764 1979
765 840
765 992
765 1430
765 1782
766 1510
766 1792
766 1894
766 1986
767 853
768 773
768 1283
768 1520
768 1529
768 1570
768 1588
769 783
769 788
769 1222
769 1877
769 1947
770 886
770 948
770 1226
770 1591
771 875
771 1086
771 1140
771 1549
772 1505
773 836
773 1861
774 966
774 997
774 1720
775 859
775 899
775 979
775 1331
775 1826
775 1867
775 1964
776 809
776 1294
776 1516
776 1658
776 1725
777 1347
777 1746
778 783
778 956
778 1010
778 1011
778 1402
778 1854
778 1897
779 941
779 1622
779 1914
780 1137
780 1262
780 1757
781 918
781 989
781 1082
781 1382
781 1595
782 1154
782 1724
783 1232
783 1277
783 1791
783 1849
784 873
784 1098
784 1443
786 918
786 1213
786 1687
786 1749
787 886
787 900
787 1082
787 1357
787 1486
787 1527
787 1600
787 1718
787 1849
788 1056
788 1560
788 1753
789 892
789 927
789 1122
789 1141
789 1156
789 1316
789 1370
789 1692
789 1975
790 1195
790 1793
791 1778
792 1230
792 1394
792 1677
793 1157
793 1428
793 1463
793 1942
794 856
794 1086
794 1095
794 1187
794 1211
794 1699
794 1743
794 1782
794 1897
795 1450
795 1988
796 968
796 1459
796 1679
796 1808
796 1817
797 1015
797 1247
797 1760
797 1769
798 977
798 1112
798 1160
798 1228
799 1233
800 1238
800 1502
800 1898
801 855
801 1000
801 1035
801 1188
801 1232
801 1355
801 1821
801 1920
802 1239
802 1553
802 1565
802 1806
803 942
803 1143
803 1356
803 1521
803 1899
804 836
804 1759
805 942
806 936
806 1307
806 1410
806 1439
806 1586
806 1590
806 1712
806 1729
806 1941
807 823
807 1920
808 1324
808 1330
808 1582
808 1859
809 1101
809 1415
809 1557
810 1197
810 1236
810 1753
810 1843
810 1972
811 833
811 983
812 818
812 1047
812 1424
812 1466
812 1674
812 1679
812 1813
812 1989
813 1317
813 1451
813 1766
813 1783
813 1931
814 918
814 978
814 1237
814 1247
814 1418
814 1589
815 1392
815 1864
815 1902
816 953
816 1487
817 890
817 1269
817 1401
817 1576
817 1624
817 1867
818 1016
818 1564
819 1061
819 1922
820 861
820 877
820 1198
821 1172
821 1446
821 1532
821 1568
822 1111
822 1576
822 1843
822 1866
822 1900
823 1280
823 1406
823 1996
824 1233
824 1291
824 1312
824 1412
824 1448
824 1635
825 1087
825 1349
825 1452
825 1747
825 1923
825 1990
826 1132
826 1309
827 858
827 957
827 1513
827 1617
827 1633
827 1785
828 875
828 1537
828 1808
828 1903
829 1497
830 1038
830 1557
830 1995
831 1045
831 1239
831 1251
831 1834
832 1103
832 1196
832 1283
832 1397
832 1436
832 1821
833 891
833 1579
833 1606
833 1988
834 1304
834 1406
834 1689
834 1713
834 1990
835 867
835 1036
835 1193
835 1259
836 888
836 1163
836 1544
836 1885
836 1985
837 928
837 1009
837 1194
837 1310
837 1485
837 1878
838 1196
838 1852
839 1034
839 1117
839 1768
839 1892
839 1900
840 883
840 951
840 1355
840 1429
840 1580
841 858
841 862
841 895
841 1132
841 1224
841 1549
841 1624
841 1917
842 854
842 992
842 1345
842 1555
843 1051
843 1234
843 1611
843 1738
843 1816
843 1938
844 1688
844 1810
844 1918
845 1414
845 1665
846 1006
846 1032
846 1218
846 1258
846 1589
847 889
847 969
847 1354
847 1825
848 1986
849 940
849 1211
849 1429
849 1859
850 1388
851 1047
851 1154
851 1605
851 1691
851 1736
852 1031
852 1277
852 1827
853 1135
853 1244
853 1304
853 1410
854 934
854 1124
854 1240
854 1917
855 1058
855 1366
855 1703
855 1764
855 1860
856 926
856 979
857 1548
857 1883
859 951
859 1543
859 1894
860 890
860 1132
860 1258
860 1715
861 1467
861 1995
862 876
862 1413
862 1575
862 1595
862 1760
862 1925
863 932
863 1502
864 1262
864 1271
864 1508
865 1258
865 1648
866 1514
866 1564
866 1637
866 1707
867 1502
867 1815
867 1817
867 1843
868 900
868 1292
868 1444
868 1613
868 1790
868 1928
869 1067
869 1391
870 1066
870 1186
870 1727
870 1917
870 1925
871 1096
871 1359
871 1554
871 1582
871 1857
872 1648
872 1816
872 1843
873 1049
873 1151
873 1602
873 1604
874 911
874 922
874 1331
874 1560
874 1635
875 956
875 1437
875 1444
875 1514
875 1556
876 1238
876 1328
876 1945
877 1319
877 1934
878 1135
878 1421
878 1633
879 956
879 1100
879 1413
880 979
880 1638
880 1733
880 1784
881 1104
881 1158
881 1348
881 1535
881 1569
881 1830
882 1350
882 1442
882 1878
883 1322
883 1420
884 1055
884 1078
884 1423
884 1957
885 1576
885 1955
885 1960
886 1125
886 1234
886 1409
886 1595
887 970
887 1115
887 1508
887 1993
888 972
888 1176
888 1444
888 1589
888 1916
888 1920
889 1017
889 1199
889 1954
889 1955
890 1228
890 1647
891 1238
891 1384
891 1897
892 918
892 1111
892 1136
892 1248
892 1594
892 1831
893 1070
893 1144
893 1186
893 1220
893 1469
894 1335
894 1367
894 1743
894 1874
895 1146
895 1158
895 1171
895 1206
895 1304
895 1307
895 1364
895 1479
895 1662
895 1936
896 1277
897 1963
898 952
898 972
898 1522
899 978
899 1139
899 1493
899 1632
899 1810
900 991
900 1093
900 1209
900 1293
901 1850
901 1893
902 1233
902 1271
903 936
903 1333
903 1354
903 1385
904 990
904 1184
904 1251
904 1437
904 1446
904 1668
905 1062
905 1094
905 1817
906 1363
906 1492
906 1622
906 1918
907 1531
907 1545
907 1697
907 1764
908 1067
908 1228
908 1442
908 1447
909 971
909 1015
909 1289
909 1417
909 1662
909 1720
909 1926
910 1340
910 1496
910 1544
910 1590
910 1706
910 1740
910 1958
910 1999
911 1117
911 1139
911 1348
911 1354
911 1389
911 1520
911 1693
911 1720
912 1841
912 1923
913 1308
913 1396
913 1400
913 1551
913 1706
914 1591
915 1231
915 1358
915 1972
916 1273
916 1359
916 1781
917 1473
917 1794
917 1952
918 986
918 1219
918 1580
918 1594
918 1954
919 924
919 1258
919 1974
920 1135
920 1944
921 1283
921 1452
921 1458
921 1490
921 1601
921 1683
922 1429
922 1713
922 1757
922 1896
922 1926
922 1947
923 1218
923 1346
923 1465
923 1978
924 1184
924 1721
924 1886
925 1059
925 1171
925 1203
925 1214
925 1906
926 1350
926 1590
927 1053
927 1766
927 1924
928 953
928 984
928 1120
928 1159
928 1196
928 1199
928 1258
928 1310
928 1808
929 965
929 999
929 1050
929 1143
929 1722
930 970
930 1032
931 1663
932 1121
932 1181
932 1589
932 1821
932 1950
933 1697
933 1831
933 1922
934 1005
935 1169
935 1235
935 1330
935 1397
935 1643
935 1796
936 1732
936 1760
936 1842
936 1916
937 1409
937 1556
937 1659
937 1928
938 1622
938 1642
939 985
939 1647
939 1678
939 1835
940 1020
940 1312
940 1708
940 1909
941 984
941 1509
941 1857
942 1078
942 1244
943 1739
944 1118
944 1184
945 1685
946 1028
946 1222
946 1449
947 1107
947 1751
947 1975
947 1986
948 1226
948 1401
948 1533
949 1136
949 1321
949 1506
950 993
950 1128
950 1379
950 1573
950 1650
950 1713
950 1726
951 1153
951 1452
951 1803
952 1609
952 1742
952 1946
953 1161
953 1277
953 1594
953 1703
954 1329
954 1782
955 966
955 1256
955 1375
955 1810
955 1849
956 1493
956 1582
957 1208
957 1247
957 1702
957 1854
957 1857
958 1144
958 1331
958 1818
959 1059
959 1414
959 1996
960 1497
960 1882
960 1924
961 963
961 1549
961 1623
961 1740
961 1821
962 1823
962 1906
964 1113
964 1431
965 1301
965 1375
965 1860
966 1131
966 1589
966 1988
967 1058
967 1093
967 1391
967 1685
967 1779
968 1310
968 1600
968 1860
969 1024
969 1448
969 1731
969 1829
970 1845
970 1847
971 1719
971 1817
972 1113
972 1343
972 1447
972 1917
973 1015
973 1077
973 1234
973 1571
973 1945
973 1961
973 2000
974 1676
974 1731
974 1808
974 1950
975 1285
975 1335
975 1410
975 1624
976 1015
976 1088
976 1652
977 1510
978 1202
978 1474
979 1449
979 1454
979 1748
980 1274
980 1479
980 1856
980 1995
981 1120
981 1376
981 1530
982 1337
983 1292
983 1324
983 1344
983 1373
984 1658
985 1303
985 1435
985 1606
985 1734
985 1868
985 1953
986 997
986 1749
986 1813
987 1007
987 1214
987 1565
988 1021
988 1066
988 1571
988 1774
988 1824
989 1534
990 1705
991 1515
991 1759
991 1953
992 1080
992 1214
992 1401
993 1097
993 1565
994 1007
994 1173
994 1231
994 1296
994 1398
994 1855
994 1859
995 1013
995 1688
995 1737
996 1205
996 1353
996 1776
996 1838
997 1243
997 1557
997 1792
998 1503
998 1798
999 1161
999 1609
999 1931
1000 1143
1000 1432
1000 1614
1000 1654
1000 1780
1001 1081
1001 1253
1001 1810
1002 1229
1002 1306
1002 1877
1003 1297
1003 1775
1004 1875
1005 1082
1005 1364
1005 1698
1006 1114
1006 1347
1006 1420
1007 1037
1007 1162
1007 1471
1007 1504
1007 1664
1007 1849
1008 1354
1008 1959
1009 1768
1010 1107
1010 1341
1010 1595
1011 1443
1011 1699
1012 1202
1012 1589
1012 1651
1013 1569
1014 1530
1014 1673
1014 1932
1014 1957
1014 1979
1015 1349
1015 1663
1015 1899
1016 1059
1016 1180
1016 1608
1016 1620
1016 1983
1017 1293
1017 1773
1018 1199
1019 1418
1019 1814
1020 1217
1020 1701
1021 1098
1021 1854
1022 1272
1022 1587
1022 1674
1022 1699
1022 1859
1023 1109
1023 1304
1023 1396
1023 1399
1024 1085
1024 1657
1024 1710
1024 1769
1024 1794
1025 1247
1025 1814
1026 1094
1026 1261
1026 1477
1026 1497
1026 1847
1026 1936
1027 1491
1028 1473
1029 1513
1029 1609
1029 1680
1029 1765
1029 1809
1030 1455
1031 1259
1031 1434
1031 1527
1031 1540
1031 1658
1032 1577
1032 1759
1033 1541
1033 1947
1034 1156
1034 1526
1034 1573
1035 1245
1035 1661
1035 1845
1035 1949
1036 1258
1036 1342
1036 1649
1036 1712
1037 1070
1037 1171
1037 1277
1037 1390
1037 1445
1037 1649
1037 1688
1037 1765
1037 1782
1038 1307
1038 1600
1038 1919
1039 1343
1039 1533
1039 1799
1039 1974
1040 1107
1040 1372
1040 1418
1040 1576
1040 1992
1041 1048
1041 1504
1041 1522
1041 1972
1042 1102
1042 1105
1042 1266
1042 1589
1042 1612
1042 1646
1042 1654
1042 1769
1042 1882
1043 1413
1043 1495
1043 1769
1043 1835
1044 1219
1045 2000
1046 1429
1047 1083
1047 1203
1047 1409
1047 1692
1047 1746
1048 1395
1049 1052
1049 1545
1049 1599
1049 1921
1049 1939
1050 1538
1050 1744
1050 1920
1050 1975
1050 1977
1051 1089
1051 1305
1051 1445
1052 1118
1052 1162
1052 1316
1052 1609
1052 1648
1053 1200
1053 1694
1054 1504
1054 1674
1054 1708
1054 1930
1055 1559
1055 1665
1056 1551
1056 1722
1057 1281
1057 1565
1058 1181
1058 1299
1058 1754
1058 1826
1059 1188
1059 1476
1060 1127
1060 1211
1060 1950
1060 1971
1061 1242
1061 1403
1061 1695
1061 1925
1062 1815
1063 1094
1063 1241
1063 1279
1063 1721
1063 1735
1063 1944
1064 1347
1064 1358
1064 1572
1064 1585
1064 1757
1064 1762
1065 1274
1065 1546
1066 1085
1066 1116
1066 1588
1066 1836
1066 1920
1067 1525
1067 1644
1067 1670
1068 1198
1068 1269
1068 1465
1068 1553
1069 1489
1069 1673
1070 1330
1070 1582
1071 1436
1072 1134
1072 1435
1073 1454
1073 1652
1073 1825
1074 1848
1074 1895
1074 1981
1074 1988
1075 1130
1075 1377
1075 1748
1076 1415
1076 1485
1076 1959
1077 1194
1077 1201
1077 1209
1077 1625
1077 1774
1078 1081
1078 1203
1078 1648
1078 1717
1079 1325
1080 1204
1080 1382
1080 1424
1080 1530
1080 1614
1080 1695
1081 1083
1081 1171
1081 1445
1081 1836
1082 1412
1082 1593
1082 1832
1083 1580
1083 1903
1084 1711
1084 1767
1084 1959
1085 1305
1085 1474
1085 1739
1086 1893
1086 1978
1086 1999
1087 1518
1088 1193
1088 1227
1089 1284
1089 1770
1090 1169
1090 1388
1090 1941
1091 1636
1091 1775
1092 1279
1092 1317
1092 1400
1092 1403
1092 1475
1093 1137
1094 1917
1095 1160
1095 1397
1095 1691
1095 1896
1095 1993
1096 1315
1096 1365
1096 1438
1096 1873
1097 1984
1098 1322
1098 1370
1098 1443
1098 1530
1099 1215
1099 1658
1099 1730
1099 1865
1100 1108
1100 1214
1100 1276
1100 1292
1100 1441
1100 1576
1100 1942
1101 1341
1101 1596
1101 1704
1102 1819
1102 1943
1102 1949
1102 2000
1103 1688
1103 1791
1103 1958
1104 1121
1104 1689
1105 1632
1105 1986
1106 1566
1106 1580
1107 1158
1107 1520
1107 1931
1108 1748
1109 1233
1109 1643
1109 1656
1109 1672
1109 1702
1110 1157
1110 1830
1110 1896
1110 1920
1111 1139
1111 1169
1111 1204
1111 1379
1111 1839
1112 1469
1112 1473
1113 1198
1113 1397
1113 1500
1113 1756
1114 1158
1114 1184
1114 1207
1114 1447
1114 1513
1114 1567
1114 1608
1115 1117
1115 1202
1115 1433
1116 1263
1116 1424
1116 1493
1116 1600
1116 1831
1116 1953
1117 1213
1118 1311
1119 1165
1119 1720
1119 1909
1120 1357
1120 1499
1120 1722
1120 1858
1120 1924
1120 1989
1121 1573
1121 1733
1122 1496
1122 1854
1123 1128
1123 1130
1123 1753
1124 1618
1124 1888
1124 1941
1125 1477
1125 1857
1126 1316
1126 1466
1126 1971
1127 1281
1127 1378
1128 1213
1128 1351
1128 1396
1128 1584
1128 1652
1129 1190
1129 1550
1129 1717
1129 1796
1129 1990
1130 1822
1131 1257
1131 1548
1131 1618
1131 1708
1131 1787
1131 1819
1132 1341
1133 1555
1134 1351
1134 1643
1134 1720
1135 1164
1135 1827
1135 1876
1135 1993
1136 1243
1136 1576
1136 1753
1136 1754
1137 1156
1137 1548
1138 1182
1138 1787
1139 1279
1139 1730
1140 1452
1140 1589
1140 1705
1140 1831
1141 1248
1141 1264
1141 1826
1142 1281
1142 1383
1142 1485
1142 1517
1142 1660
1143 1235
1143 1360
1143 1756
1143 1836
1144 1284
1144 1340
1144 1356
1144 1626
1146 1350
1146 1755
1146 1886
1147 1272
1147 1636
1147 1925
1147 1931
1148 1358
1148 1596
1148 1833
1149 1897
1150 1468
1150 1594
1150 1629
1150 1770
1150 1893
1151 1367
1151 1499
1151 1904
1151 1913
1152 1241
1152 1932
1153 1697
1153 1846
1153 1905
1153 1918
1153 1984
1154 1206
1154 1312
1154 1473
1154 1614
1154 1896
1154 1905
1155 1828
1155 1957
1155 1995
1156 1188
1156 1307
1156 1469
1156 1553
1157 1197
1157 1238
1157 1251
1157 1694
1157 1784
1157 1970
1158 1509
1159 1212
1159 1282
1159 1497
1160 1815
1161 1454
1161 1962
1162 1261
1163 1280
1163 1319
1163 1331
1163 1934
1164 1437
1164 1600
1164 1715
1164 1770
1165 1615
1165 1750
1165 1982
1166 1214
1166 1428
1166 1771
1167 1313
1167 1369
1167 1649
1167 1692
1168 1177
1168 1353
1168 1458
1168 1713
1168 1816
1168 1834
1169 1372
1169 1495
1169 1743
1170 1285
1170 1447
1170 1769
1170 1954
1171 1717
1171 1749
1172 1493
1172 1506
1172 1871
1173 1347
1174 1280
1174 1363
1174 1550
1174 1628
1175 1199
1175 1306
1175 1492
1175 1600
1177 1853
1177 1906
1178 1232
1178 1956
1179 1363
1179 1897
1179 1980
1180 1207
1180 1321
1180 1752
1181 1192
1181 1265
1181 1561
1181 1819
1182 1186
1183 1303
1183 1380
1183 1538
1183 1767
1183 1892
1184 1571
1184 1575
1184 1663
1185 1513
1186 1245
1186 1588
1186 1810
1187 1742
1187 1839
1189 1245
1189 1471
1189 1900
1190 1318
1190 1484
1190 1520
1190 1634
1191 1496
1191 1877
1192 1264
1192 1365
1192 1748
1192 1830
1193 1305
1193 1417
1194 1680
1195 1399
1195 1457
1195 1658
1195 1702
1195 1737
1196 1240
1196 1345
1196 1407
1196 1533
1196 1826
1198 1415
1198 1636
1198 1837
1199 1393
1199 1410
1199 1749
1200 1427
1200 1461
1200 1514
1200 1925
1200 1950
1201 1506
1201 1540
1201 1644
1201 1915
1202 1615
1202 1701
1202 1989
1203 1226
1203 1405
1204 1523
1204 1766
1204 1956
1204 1968
1205 1266
1205 1299
1205 1956
1207 1483
1207 1939
1207 1940
1208 1219
1208 1631
1208 1638
1209 1281
1209 1522
1211 1324
1211 1463
1211 1846
1211 1982
1211 1996
1212 1765
1213 1588
1215 1791
1215 1998
1216 1488
1216 1590
1216 1611
1217 1443
1217 1633
1218 1612
1218 1834
1218 1839
1218 1922
1219 1265
1219 1656
1219 1879
1220 1294
1220 1332
1220 1734
1221 1735
1221 1961
1222 1559
1223 1944
1224 1384
1224 1532
1224 1796
1224 1888
1225 1345
1225 1877
1226 1441
1226 1498
1226 1958
1227 1591
1227 1668
1228 1304
1229 1299
1229 1772
1229 1818
1230 1232
1230 1481
1230 1740
1230 1898
1231 1799
1231 1882
1233 1375
1233 1376
1233 1932
1234 1457
1235 1435
1235 1829
1235 1830
1235 1977
1236 1374
1236 1764
1238 1529
1239 1243
1239 1600
1239 1647
1240 1328
1240 1941
1241 1886
1241 1927
1241 1933
1243 1374
1245 1628
1245 1679
1245 1694
1246 1272
1246 1333
1246 1707
1247 1267
1247 1308
1247 1409
1247 1545
1248 1922
1250 1635
1251 1282
1251 1357
1251 1575
1251 1710
1252 1396
1252 1481
1252 1902
1254 1575
1254 1634
1254 1910
1255 1532
1255 1654
1256 1867
1256 1873
1257 1334
1257 1345
1257 1434
1257 1507
1257 1817
1258 1400
1259 1881
1260 1298
1260 1445
1260 1769
1260 1925
1260 1960
1261 1528
1261 1760
1261 1836
1261 1911
1261 2000
1262 1397
1262 1790
1262 1914
1263 1373
1263 1415
1263 1456
1263 1721
1264 1282
1264 1555
1264 1696
1264 1831
1265 1291
1265 1370
1265 1658
1265 1941
1266 1532
1266 1983
1267 1533
1267 1681
1268 1391
1268 1469
1268 1750
1269 1731
1269 1852
1269 1975
1270 1442
1270 1771
1270 1830
1271 1767
1272 1613
1272 1668
1272 1914
1274 1367
1274 1439
1274 1890
1275 1453
1275 1504
1277 1903
1277 1960
1279 1369
1279 1547
1279 1757
1282 1592
1282 1811
1283 1628
1283 1806
1284 1499
1284 1721
1285 1824
1285 1920
1286 1424
1286 1435
1286 1775
1286 1800
1286 1883
1286 1890
1287 1651
1287 1937
1288 1358
1288 1390
1288 1886
1289 1431
1289 1772
1289 1976
1290 1396
1290 1843
1291 1364
1291 1997
1292 1824
1292 1939
1293 1422
1293 1503
1294 1305
1294 1503
1294 1560
1294 1750
1294 1938
1295 1329
1296 1570
1297 1538
1297 1574
1299 1516
1299 1551
1299 1644
1299 1976
1300 1392
1300 1795
1300 1922
1301 1315
1301 1635
1301 1758
1301 1806
1301 1837
1301 1853
1301 1865
1302 1738
1304 1706
1304 1797
1304 1852
1304 1875
1305 1865
1305 1993
1306 1562
1306 1682
1308 1418
1308 1556
1309 1395
1309 1415
1309 1713
1310 1595
1311 1732
1311 1953
1312 1521
1312 1946
1313 1483
1313 1549
1313 1752
1313 1772
1314 1515
1314 1794
1314 1822
1314 1887
1314 1974
1319 1505
1321 1323
1321 1551
1321 1960
1322 1837
1323 1902
1325 1354
1325 1606
1325 1914
1326 1465
1326 1756
1326 1819
1326 1914
1328 1383
1328 1480
1328 1580
1328 1655
1328 1791
1329 1354
1329 1742
1329 1783
1331 1738
1331 1823
1331 1859
1332 1337
1332 1470
1332 1741
1332 1787
1332 1903
1332 1922
1333 1389
1333 1431
1333 1619
1334 1864
1335 1522
1335 1760
1336 1711
1336 1790
1337 1789
1337 1798
1337 1902
1338 1791
1338 1912
1338 1968
1339 1966
1340 1346
1340 1349
1340 1536
1340 1924
1341 1415
1341 1816
1341 1820
1342 1421
1342 1639
1342 1675
1342 1691
1342 1815
1342 1822
1342 1849
1343 1487
1344 1639
1344 1733
1345 1429
1346 1525
1346 1648
1346 1652
1347 1659
1347 1720
1348 1541
1348 1824
1348 1971
1349 1556
1349 1728
1349 1995
1350 1831
1351 1704
1352 1439
1352 1953
1353 1792
1354 1487
1354 1745
1354 1810
1355 1441
1355 1562
1355 1708
1355 1911
1356 1935
1357 1577
1357 1761
1357 1784
1357 1985
1358 1672
1358 1840
1358 1962
1359 1382
1359 1408
1359 1456
1359 1816
1359 1839
1359 1953
1361 1657
1361 1875
1361 1987
1362 1692
1363 1670
1364 1682
1364 1820
1366 1666
1367 1483
1367 1631
1367 1841
1367 1890
1368 1518
1368 1570
1368 1789
1368 1879
1369 1384
1370 1461
1370 1483
1370 1648
1370 1656
1370 1828
1370 1838
1372 1510
1372 1796
1374 1970
1375 1545
1375 1745
1376 1561
1376 1727
1376 1746
1376 1950
1377 1917
1378 1728
1378 1941
1379 1747
1380 1712
1381 1494
1381 1617
1381 1727
1382 1547
1382 1908
1383 1524
1384 1480
1384 1503
1384 1720
1384 1888
1385 1528
1385 1648
1386 1461
1386 1591
1386 1939
1387 1555
1387 1695
1387 1929
1388 1449
1388 1842
1388 1861
1389 1583
1389 1800
1390 1512
1390 1967
1391 1757
1393 1980
1394 1424
1394 1501
1395 1736
1398 1416
1399 1780
1400 1610
1400 1744
1400 1754
1400 1784
1401 1572
1401 1637
1401 1897
1402 1525
1402 1549
1402 1668
1402 1845
1403 1673
1403 1819
1404 1407
1404 1610
1404 1660
1404 1749
1405 1483
1405 1534
1405 1811
1405 1858
1405 1959
1407 1437
1407 1593
1408 1825
1409 1915
1410 1636
1410 1673
1410 1835
1410 1987
1412 1492
1412 1497
1412 1544
1413 1730
1414 1593
1414 1627
1414 1687
1414 1950
1415 1430
1415 1568
1416 1867
1417 1441
1417 1710
1417 1845
1417 1852
1418 1605
1418 1791
1418 1933
1419 1421
1419 1846
1420 1428
1420 1922
1421 1625
1421 1641
1422 1617
1422 1667
1423 1793
1423 1803
1423 1997
1424 1486
1424 1767
1425 1585
1425 1703
1426 1786
1426 1851
1427 1595
1427 1665
1427 1726
1427 1779
1427 1820
1427 1827
1427 1881
1428 1763
1428 1837
1429 1758
1430 1637
1431 1721
1431 1884
1432 1487
1432 1611
1432 1627
1433 1667
1433 1834
1433 1947
1435 1538
1435 1904
1437 1822
1438 1454
1438 1673
1439 1505
1439 1509
1439 1783
1442 1931
1443 1569
1444 1565
1444 1667
1444 1935
1445 1864
1445 1992
1446 1695
1446 1928
1447 1964
1448 1645
1448 1790
1449 1629
1449 1674
1449 1792
1449 1833
1451 1523
1451 1647
1452 1837
1452 1896
1452 1914
1453 1504
1453 1662
1454 1469
1454 1485
1454 1995
1455 1659
1455 1833
1456 1924
1457 1773
1457 1777
1457 1936
1458 1604
1458 1762
1459 1834
1461 1485
1461 1723
1461 1775
1462 1970
1464 1662
1464 1796
1465 1798
1467 1496
1467 1723
1467 1966
1468 1658
1468 1672
1469 1567
1469 1998
1470 1539
1471 1535
1471 1636
1471 1735
1472 1923
1473 1943
1474 1588
1474 1731
1476 1633
1476 1753
1476 1860
1476 1910
1477 1661
1477 1808
1478 1824
1478 1931
1478 1968
1479 1685
1479 1907
1480 1685
1480 1828
1480 1838
1481 1519
1481 1795
1482 1497
1482 1908
1483 1602
1483 1759
1484 1487
1484 1499
1484 1640
1484 1727
1484 1773
1484 1824
1484 1897
1485 1557
1485 1637
1485 1802
1486 1581
1486 1803
1486 1866
1486 1874
1489 1669
1490 1557
1490 1912
1491 1550
1491 1576
1491 1631
1491 1679
1491 1757
1491 1816
1491 1903
1493 1861
1494 1562
1494 1725
1494 1909
1494 1982
1495 1622
1495 1888
1495 1947
1496 1564
1496 1982
1498 1573
1498 1769
1499 1718
1499 1862
1500 1743
1500 1871
1501 1723
1501 1724
1501 1921
1502 1809
1503 1675
1503 1709
1503 1837
1504 1754
1504 1839
1504 1904
1504 1974
1504 1990
1506 1578
1506 1794
1508 1539
1508 1866
1509 1843
1509 1987
1511 1543
1513 1590
1513 1729
1513 1974
1515 1778
1516 1686
1517 1803
1518 1883
1518 1960
1519 1532
1519 1587
1520 1835
1521 1652
1522 1942
1523 1627
1525 1598
1526 1911
1527 1560
1527 1602
1528 1531
1528 1944
1529 1540
1529 1557
1529 1686
1530 1708
1530 1736
1530 1920
1531 1654
1532 1842
1532 1845
1533 1678
1534 1666
1534 1869
1534 1914
1534 1915
1534 1936
1535 1796
1535 1842
1536 1690
1536 1861
1538 1679
1538 1724
1538 1766
1538 1792
1538 1861
1539 1620
1540 1608
1540 1916
1542 1852
1543 1621
1543 1659
1543 1701
1543 1892
1544 1992
1545 1916
1545 1934
1547 1687
1548 1803
1548 1833
1548 1848
1548 1928
1550 1795
1550 1913
1551 1846
1551 1966
1551 1971
1552 1756
1552 1876
1553 1583
1553 1622
1556 1783
1557 1620
1557 1668
1557 1790
1557 1815
1557 1878
1558 1584
1558 1687
1559 1743
1562 1566
1562 1652
1563 1726
1563 1893
1564 1960
1566 1786
1566 1836
1567 1711
1568 1683
1569 1988
1571 1593
1571 1754
1572 1678
1572 1834
1575 1741
1575 1801
1575 1805
1575 1975
1576 1734
1578 1701
1578 1933
1579 1841
1580 1743
1580 1772
1580 1827
1580 1901
1583 1967
1584 1585
1584 1614
1584 1785
1584 1788
1585 1702
1586 1600
1586 1624
1586 1927
1587 1755
1588 1772
1588 1971
1589 1638
1589 1718
1589 1826
1591 1751
1592 1834
1594 1705
1595 1728
1596 1901
1597 1673
1597 1790
1597 1941
1598 1973
1599 1919
1600 1786
1600 1855
1600 1933
1601 1720
1601 1973
1603 1830
1604 1669
1604 1798
1606 1740
1606 1867
1607 1642
1607 1878
1609 1711
1609 1762
1611 1861
1611 1893
1613 1639
1613 1662
1615 1743
1615 1864
1616 1758
1617 1867
1618 1781
1618 1881
1618 1950
1620 1771
1621 1672
1622 1702
1623 1634
1624 1627
1626 1882
1628 1762
1628 1869
1629 1924
1632 1786
1632 1947
1634 1652
1634 1930
1636 1937
1637 1862
1637 1950
1638 1807
1640 1700
1640 1838
1640 1918
1642 1649
1642 1712
1643 1921
1644 1723
1644 1811
1644 1978
1645 1857
1645 1983
1646 1857
1646 1975
1649 1659
1649 1728
1650 1683
1651 1867
1652 1985
1653 1727
1653 1764
1653 1805
1655 1828
1655 1937
1655 1984
1655 1989
1656 1980
1657 1791
1657 1925
1658 1749
1658 1934
1659 1788
1659 1984
1660 1977
1661 1819
1661 1999
1662 1784
1664 1798
1664 1838
1664 1879
1664 1947
1664 1968
1665 1973
1665 1982
1667 1759
1667 1784
1669 1814
1669 1969
1670 1760
1670 1788
1672 1783
1672 1952
1673 1900
1675 1892
1675 1918
1675 1967
1677 1843
1678 1987
1679 1687
1679 1737
1679 1810
1679 1917
1681 1978
1682 1733
1682 1756
1682 1899
1683 1984
1684 1804
1688 1826
1690 1701
1691 1870
1691 1974
1695 1825
1695 1947
1696 1776
1696 1810
1696 1847
1696 1910
1697 1802
1697 1881
1698 1972
1699 1763
1701 1783
1702 1863
1704 1723
1705 1792
1706 1772
1706 1807
1707 1831
1709 1901
1710 1712
1710 1782
1710 1949
1712 1895
1712 1942
1713 1805
1714 1908
1714 1988
1716 1729
1717 1739
1717 1842
1717 1916
1718 1996
1723 1744
1723 1754
1724 1754
1724 1771
1725 1919
1727 1802
1727 1846
1727 1933
1729 1866
1730 1906
1731 1870
1732 1827
1732 1980
1733 1788
1734 1770
1735 1864
1737 1975
1740 1873
1740 1906
1742 1840
1745 1835
1746 1994
1748 1825
1748 1933
1748 1958
1749 1961
1750 1856
1750 1857
1751 1755
1751 1765
1752 1909
1752 1966
1752 1992
1754 1788
1754 1814
1754 1972
1755 1971
1756 1969
1759 1813
1759 1843
1759 1968
1759 1990
1760 1805
1764 1866
1764 1872
1764 1895
1766 1912
1767 1950
1768 1997
1769 1874
1772 1832
1773 1798
1773 1910
1774 1863
1778 1875
1778 1972
1779 1831
1779 1853
1780 1801
1782 1814
1783 1877
1783 1897
1787 1832
1789 1930
1790 1845
1791 1839
1792 1877
1792 1972
1792 1993
1793 1872
1794 1961
1795 1909
1795 1957
1796 1925
1797 1947
1803 1913
1804 1863
1805 1887
1809 1988
1815 1959
1816 1902
1818 1976
1822 1959
1822 1999
1823 1961
1824 1877
1825 1864
1827 1964
1828 1899
1839 1960
1844 1894
1844 1954
1844 1981
1844 1982
1845 1935
1847 1886
1847 1983
1848 1868
1850 1887
1850 1891
1853 1938
1855 1861
1855 1924
1855 1936
1855 1937
1856 1889
1857 1919
1857 1967
1860 1913
1866 1933
1866 1954
1867 1882
1870 1956
1874 1895
1875 1984
1876 1883
1877 1963
1880 1934
1881 1916
1891 1895
1893 1923
1893 1968
1895 1942
1898 1910
1904 1952
1906 1956
1909 1978
1909 1984
1911 1946
1916 1935
1924 1945
1925 1989
1927 1966
1933 1971
1935 1995
1944 1960
1970 1984
1991 1997
1994 1998