2000
1 1184
1 1859
2 339
2 667
3 132
3 633
3 644
3 717
3 1116
4 928
4 1080
4 1862
5 116
6 1616
6 1892
7 322
7 334
8 494
8 736
8 744
8 877
8 1730
9 809
9 903
9 949
9 1401
9 1665
10 735
10 1068
11 710
11 950
11 1035
11 1118
11 1320
12 905
12 1265
12 1614
12 1874
13 373
13 633
13 997
13 1501
14 504
14 1680
15 209
16 438
16 1234
16 1971
17 624
17 873
17 1196
18 124
18 610
18 1379
19 71
19 493
19 715
19 1597
19 1820
20 38
20 382
20 390
20 1212
21 52
21 442
21 1349
21 1939
22 54
22 568
22 911
22 1187
22 1792
23 939
24 160
25 85
25 989
25 1264
25 1648
26 106
26 247
26 616
26 732
26 1173
26 1256
26 1519
27 214
27 338
27 855
27 1062
27 1334
27 1596
28 530
28 1422
28 1774
29 213
29 1693
29 1799
29 1961
30 1173
30 1689
31 121
31 479
31 891
32 223
32 1192
33 984
33 1465
33 1520
34 1343
34 1984
35 923
35 1102
36 694
36 706
36 721
36 933
36 1362
37 1560
37 1692
38 701
38 1500
38 1743
38 1901
39 770
39 1600
39 1994
40 247
40 265
40 978
40 1781
41 296
41 1304
41 1619
41 1927
42 1008
42 1141
42 1149
43 875
43 1506
43 1663
44 1074
44 1390
45 593
45 1435
45 1661
46 330
46 676
46 1106
47 351
47 595
47 1274
47 1901
48 206
48 541
49 508
49 773
49 1330
50 562
50 704
50 919
51 123
51 646
51 936
51 1214
51 1651
51 1877
52 628
52 1019
52 1523
53 1375
53 1572
54 502
54 620
54 650
54 745
54 1046
54 1943
55 1896
56 769
56 967
56 1795
57 352
57 577
57 655
57 885
57 1261
58 520
58 622
58 1432
59 612
59 1272
59 1464
59 1978
60 221
60 310
60 336
60 667
60 838
60 1422
60 1654
60 1740
61 293
61 1707
62 599
62 1094
62 1988
63 843
63 1200
64 139
64 1024
64 1617
65 429
65 671
65 945
66 638
67 1069
67 1277
67 1441
68 928
68 1322
68 1347
69 498
69 564
69 609
69 675
69 1137
69 1428
69 1897
69 1981
70 161
70 714
70 902
70 1021
70 1024
70 1275
70 1634
70 1773
71 1565
71 1605
71 1791
72 257
73 215
73 1692
74 277
74 360
74 1409
74 1529
74 1812
75 81
75 230
75 648
75 774
75 852
75 1166
75 1634
76 146
76 148
76 241
76 660
76 704
76 1287
77 777
77 1374
77 1457
77 1526
77 1560
77 1914
78 305
78 584
78 664
78 1455
78 1726
79 159
79 169
79 748
79 1589
79 1814
80 487
80 786
80 1086
80 1125
80 1402
80 1493
81 87
81 702
81 1029
81 1272
81 1316
81 1340
81 1553
81 1690
81 1744
81 1977
82 1108
82 1126
82 1628
82 1824
83 344
83 614
83 1699
84 347
84 746
84 767
84 1577
84 1858
86 410
86 799
86 924
86 1151
86 1618
87 367
87 427
87 535
87 1526
87 1752
88 808
88 940
88 1032
88 1715
89 832
89 1287
89 1440
89 1630
90 1120
90 1655
90 1968
91 217
91 245
91 259
92 188
92 1066
92 1868
93 1026
93 1291
93 1302
94 907
95 763
95 1844
96 129
96 213
96 265
96 464
96 1580
96 1899
97 125
97 394
97 645
97 846
97 1451
98 435
98 476
98 1589
99 338
99 1919
100 231
100 758
100 1115
100 1167
100 1883
100 1891
101 251
101 269
101 300
101 850
101 1113
101 1136
101 1290
102 1465
103 897
103 1108
103 1523
103 1604
103 1663
103 1820
103 1868
103 1920
104 1016
104 1855
105 146
105 641
105 1334
106 338
106 424
106 457
106 700
106 1011
106 1417
106 1845
107 303
107 712
107 1942
108 386
108 1177
108 1774
108 1872
109 858
109 931
110 217
110 646
110 1197
110 1689
111 532
111 934
111 1219
111 1964
111 1983
112 519
113 325
113 804
113 1110
113 1238
113 1692
114 211
114 1690
114 1765
115 521
115 829
115 1150
115 1351
115 1603
116 129
116 900
117 128
117 860
117 967
117 1090
117 1272
117 1315
117 1404
117 1424
117 1600
118 419
118 635
118 715
118 1269
119 313
119 1117
119 1327
119 1387
119 1501
119 1571
120 639
120 1061
120 1495
120 1649
120 1863
121 685
121 1216
122 203
122 356
122 1318
122 1438
123 349
123 445
123 475
123 830
123 1056
124 454
124 483
124 578
124 843
125 336
125 389
125 1164
125 1757
126 884
126 1135
126 1583
127 275
127 953
127 962
127 1507
127 1603
127 1789
128 538
128 548
128 583
128 756
128 1416
128 1764
129 878
130 192
130 782
130 1182
130 1569
131 447
131 1236
131 1279
131 1283
131 1339
132 1399
132 1600
132 1628
133 218
133 819
133 1381
134 260
134 364
134 380
134 812
134 1980
135 163
136 1122
136 1241
136 1307
137 1675
137 1865
138 209
138 669
138 988
138 1045
138 1367
138 1593
139 806
140 861
140 1320
141 421
141 989
141 1579
141 1693
142 187
142 777
142 1198
143 1239
144 719
144 878
144 1219
145 380
145 979
145 1226
145 1450
146 1059
146 1647
146 1957
147 654
147 790
147 1591
148 1245
148 1393
149 180
149 831
150 208
150 388
150 993
150 1195
150 1421
150 1632
150 1883
151 623
151 766
151 969
151 990
151 1183
151 1755
152 397
152 433
152 964
153 630
153 691
154 397
154 1380
154 1817
155 1639
156 409
156 949
156 970
156 1236
156 1511
157 560
157 1271
157 1695
158 176
158 1345
159 896
159 1380
159 1815
160 776
160 1114
161 1069
161 1226
161 1612
161 1811
161 1925
162 477
162 1320
163 175
163 242
163 356
163 830
163 1723
163 1828
163 1907
164 344
164 346
164 461
164 558
164 602
164 725
164 943
164 1245
164 1442
164 1683
165 469
165 1462
166 349
167 833
167 1326
167 1726
168 1026
168 1191
169 1288
169 1728
169 1832
170 536
170 1563
170 1770
170 1913
171 662
171 793
172 466
172 998
172 1009
173 645
173 681
173 1073
174 527
174 561
174 672
174 1767
175 1196
175 1359
176 513
176 1196
176 1320
176 1402
177 714
177 1022
177 1061
177 1913
178 347
180 1596
180 1753
180 1807
181 687
181 1561
183 1045
183 1113
183 1286
184 698
184 827
184 1038
184 1647
185 1045
185 1148
185 1684
186 899
186 1600
186 1609
187 389
187 452
187 1463
188 883
189 227
189 805
189 1077
189 1297
190 462
190 581
190 676
190 1353
191 527
191 1582
192 971
192 1226
192 1555
193 1494
193 1540
193 1653
194 611
194 1024
194 1070
194 1671
195 522
195 820
195 829
195 831
195 1031
195 1121
195 1485
195 1674
196 459
196 1450
197 1196
198 388
199 294
199 1126
199 1199
199 1288
199 1360
199 1816
200 240
200 585
200 719
200 945
200 1290
200 1807
201 374
201 590
201 848
201 1573
201 1610
201 1897
202 218
202 1887
203 598
203 1431
204 328
204 718
204 870
204 1163
204 1389
204 1640
206 1412
207 476
207 1024
207 1067
207 1129
207 1439
207 1536
207 1881
208 1114
208 1693
209 514
209 845
209 859
209 1244
210 263
210 1014
210 1039
210 1199
210 1698
210 1762
211 270
211 461
211 1395
211 1730
212 444
212 696
212 876
212 956
212 1381
212 1727
213 220
213 332
213 406
213 490
214 1746
215 541
215 857
215 1162
215 1381
215 1683
216 265
216 605
216 748
216 755
216 948
216 1214
216 1421
216 1834
217 1626
218 1461
219 586
219 635
219 653
219 1281
220 742
220 900
220 1018
220 1167
220 1665
221 1164
222 351
222 1383
222 1921
223 344
223 851
224 679
224 735
224 1875
224 1907
225 913
225 1083
225 1380
225 1834
225 1943
226 748
226 789
226 1092
227 867
227 1870
227 1892
227 1920
228 301
228 1140
228 1843
229 1678
229 1681
230 931
230 1863
230 1930
230 1933
231 1204
231 1500
231 1803
231 1848
232 498
232 535
232 591
233 622
233 647
233 753
233 1174
233 1580
234 532
234 651
234 1343
235 635
235 1264
235 1492
235 1553
235 1668
235 1931
235 1980
236 462
236 1128
236 1478
236 1714
237 368
237 513
237 703
237 920
237 1000
238 418
238 1252
238 1628
238 1929
239 507
239 839
239 1458
239 1679
239 1720
239 1767
239 1971
240 838
240 973
240 1065
240 1679
240 1793
240 1871
240 1943
241 923
241 1057
241 1367
241 1842
242 1268
242 1308
243 626
243 956
243 1490
243 1792
244 1082
244 1497
244 1502
245 1138
245 1324
245 1850
247 874
247 907
247 1108
247 1126
247 1646
248 1244
248 1516
249 634
249 697
249 720
249 950
250 1450
251 997
251 1359
251 1431
252 1282
252 1796
253 1204
253 1284
253 1707
253 1715
254 1031
255 290
255 430
255 713
256 1887
256 1983
257 1419
258 294
258 407
258 611
258 959
258 1453
259 315
259 473
259 496
260 560
260 706
260 1427
261 544
261 773
261 1598
262 1213
262 1569
262 1920
263 753
263 938
263 1627
264 736
264 1055
266 619
266 1095
268 915
269 395
269 1371
269 1549
269 1576
270 530
270 1409
270 1469
270 1916
271 419
271 633
271 907
271 1672
271 1956
272 1477
272 1918
273 394
273 609
273 905
273 1189
274 896
274 1894
275 335
275 569
275 1268
275 1581
275 1796
277 368
277 1345
278 436
278 721
278 1150
279 1248
279 1331
279 1356
280 451
280 531
280 769
280 1970
282 1403
282 1844
283 417
283 1374
283 1625
283 1790
284 618
284 867
284 1439
285 405
285 571
285 748
285 1556
285 1721
285 1895
285 1908
286 484
286 525
286 776
286 1864
286 1895
287 474
287 1111
287 1411
287 1454
288 802
288 852
288 1002
288 1876
289 491
289 673
289 1384
289 1948
290 352
290 1499
290 1603
291 602
291 1053
291 1330
292 519
292 935
292 957
292 1088
292 1254
293 1320
294 979
294 1426
295 1365
296 1905
297 358
297 1178
297 1180
297 1197
297 1503
297 1643
297 1716
298 345
298 918
298 1133
298 1731
298 1949
299 332
299 1808
300 1174
300 1212
300 1615
301 579
301 1457
302 999
302 1830
302 1913
303 667
303 738
303 994
303 1527
303 1625
304 1749
305 1106
305 1478
305 1854
306 1836
307 384
307 736
307 1228
307 1493
307 1501
308 755
308 1123
308 1130
308 1320
309 1691
309 1989
310 609
310 697
310 932
310 944
310 1151
310 1916
311 1028
311 1148
312 698
313 1261
313 1588
314 746
314 1513
314 1671
315 487
315 1257
315 1889
315 1927
316 974
316 1644
316 1830
317 1147
317 1769
317 1793
317 1818
318 872
318 1651
318 1701
319 747
319 920
320 323
320 512
320 794
320 1165
320 1247
321 663
321 927
321 1364
321 1652
322 1695
322 1940
323 972
323 1058
323 1732
324 1269
324 1962
325 1675
326 1661
327 497
327 1458
327 1680
329 476
329 1219
329 1390
329 1785
329 1896
329 1915
330 944
330 1312
330 1343
330 1490
331 446
332 810
332 1258
332 1786
332 1934
333 357
333 672
333 1931
334 560
334 1626
335 877
335 1448
335 1767
335 1874
335 1951
336 522
336 1069
336 1838
337 1209
337 1381
338 435
339 627
339 1394
339 1758
340 789
340 1209
341 665
341 967
341 1472
341 1613
341 1618
341 1886
342 1114
343 526
343 1006
344 738
345 1018
345 1433
345 1618
346 431
346 708
346 801
346 834
347 664
347 1230
348 1410
348 1444
349 648
349 924
349 1562
349 1677
349 1702
350 543
350 700
350 977
350 1153
350 1321
350 1893
351 574
351 735
351 1341
352 464
353 555
353 1692
354 1419
354 1722
354 1849
355 371
355 448
355 801
355 1366
355 1513
356 423
357 740
357 1345
357 1927
358 383
358 866
359 617
359 1723
359 1877
360 534
360 1663
361 1161
362 1432
362 1738
363 644
363 1281
364 841
364 1354
365 654
365 869
365 1298
365 1339
366 755
366 880
366 1217
366 1474
366 1859
366 1996
367 458
368 676
368 1376
369 978
369 1071
369 1388
369 1643
370 1690
372 626
372 1050
372 1461
372 1664
372 1925
373 758
373 913
375 478
375 1626
375 1970
376 995
376 1350
376 1888
377 485
378 1624
379 683
379 1772
379 1871
380 1112
380 1637
381 1520
382 1625
382 1865
383 983
384 1338
384 1857
385 760
385 1147
385 1358
385 1542
386 480
386 539
386 1085
386 1179
386 1452
387 1028
387 1678
388 1691
388 1942
389 419
389 925
389 1268
389 1770
390 1365
391 1903
392 1077
394 1376
394 1809
395 1384
395 1450
395 1564
396 1819
396 1836
397 557
397 900
397 988
397 1909
398 856
398 966
398 1306
399 1440
399 1470
399 1579
399 1757
400 1060
400 1172
401 508
401 840
401 1012
401 1046
401 1216
401 1330
401 1856
401 1906
401 1957
402 1007
402 1817
404 813
404 1310
404 1588
405 628
405 1388
405 1533
405 1884
406 1009
406 1031
406 1591
406 1824
407 872
407 946
407 1007
407 1012
407 1700
408 1628
408 1636
409 520
409 879
409 1877
410 560
410 825
410 1247
410 1420
410 1651
410 1754
411 900
411 1257
411 1787
411 1806
412 1895
414 1433
415 917
415 1111
415 1661
415 1896
416 623
416 969
416 1116
417 533
417 558
417 760
418 662
418 942
418 1406
418 1635
418 1806
419 1231
420 708
420 936
421 1068
421 1962
422 611
422 720
422 1097
422 1295
422 1443
422 1543
423 1132
423 1742
423 1993
424 582
424 772
424 894
425 694
425 873
425 1343
425 1357
425 1448
426 1849
427 1016
427 1723
428 818
428 1390
429 932
429 1267
429 1496
430 939
430 1159
431 445
431 1208
431 1659
431 1798
432 1466
432 1486
433 967
433 1655
433 1703
433 1986
434 1645
434 1806
435 795
435 961
435 1463
435 1537
435 1850
436 1104
437 1080
437 1558
437 1924
438 557
438 1704
438 1893
440 571
440 1771
440 1922
441 811
441 1399
441 1532
441 1969
442 1135
442 1856
443 1820
443 1968
444 643
444 688
444 1682
445 827
445 1017
445 1648
445 1798
446 495
446 1521
446 1564
446 1613
447 751
447 1610
447 1777
448 502
448 1340
448 1873
449 1362
449 1718
449 1874
449 1929
450 944
450 1872
451 473
451 555
452 979
452 1183
452 1337
452 1578
453 627
453 686
453 795
453 1414
453 1664
454 1073
454 1188
454 1190
455 582
455 654
455 878
455 884
455 1299
455 1676
456 481
456 1018
456 1633
456 1913
456 1999
457 943
457 1078
458 656
458 1853
459 1433
461 1171
461 1977
462 497
462 798
462 1203
462 1575
462 1704
463 1233
463 1500
463 1519
465 1158
465 1556
465 1636
465 1883
466 792
466 796
466 1374
466 1437
466 1629
467 552
467 1196
467 1394
468 1296
468 1773
469 553
469 742
470 1257
471 599
471 1067
472 555
473 645
473 753
473 1036
473 1102
473 1931
474 546
474 839
474 1434
474 1501
475 597
475 1037
475 1250
475 1294
477 847
477 1889
477 1931
478 515
478 1995
479 732
479 1476
479 1947
480 903
480 1121
480 1239
480 1258
481 709
481 1675
482 540
482 1284
482 1663
482 1724
483 944
483 1641
484 722
484 1313
484 1677
484 1865
485 1031
485 1376
485 1897
486 1578
486 1995
487 1293
487 1672
488 811
488 818
488 1486
488 1858
491 1140
491 1314
491 1411
492 587
492 1459
492 1818
493 985
494 825
494 1499
494 1547
495 975
495 1715
495 1945
496 1002
496 1033
497 1054
497 1502
497 1833
497 1909
497 1939
498 1754
499 773
499 1506
499 1722
499 1849
500 535
500 1603
500 1745
501 701
501 1036
501 1127
502 1059
502 1659
502 1795
503 553
503 1266
503 1429
503 1994
504 1894
505 631
506 647
507 742
507 945
507 1247
507 1438
507 1554
507 1797
508 1132
508 1284
508 1627
509 1743
511 1824
512 1019
513 588
513 1950
514 870
514 933
514 1139
514 1287
514 1697
515 1960
516 524
517 1067
518 847
519 615
519 822
519 1932
520 1279
520 1341
520 1923
521 564
521 944
521 1331
521 1388
521 1785
522 1860
523 876
523 961
523 1720
524 920
524 1269
524 1361
525 913
525 986
525 1189
525 1199
525 1559
526 942
526 1447
526 1529
526 1555
526 1599
526 1644
526 1680
527 913
528 1111
528 1472
528 1662
528 1737
529 686
529 1586
530 541
530 876
530 1697
530 1872
531 1137
531 1358
531 1416
532 699
532 725
532 1310
532 1529
533 1292
534 865
534 957
534 1413
534 1422
535 1964
536 614
536 1699
537 565
537 748
537 982
537 1224
537 1289
537 1883
538 1197
538 1340
538 1762
539 1068
540 902
540 1013
541 1115
541 1500
542 872
542 917
542 1455
544 846
544 1087
545 879
545 1194
546 965
546 1356
547 757
547 927
547 1064
547 1245
548 1290
548 1479
548 1861
549 742
549 1234
549 1507
549 1669
550 666
551 1207
551 1695
551 1800
551 1837
552 683
552 1485
553 671
553 843
554 757
554 1027
554 1158
554 1246
554 1637
555 688
555 1045
555 1837
556 1057
556 1620
557 932
557 1293
558 632
558 1063
559 762
559 842
559 885
559 1470
560 972
560 1153
560 1218
560 1323
560 1547
560 1915
561 934
561 1161
562 1889
563 692
564 1892
565 1187
565 1793
565 1881
566 631
566 1214
567 830
567 983
567 1131
567 1619
567 1717
567 1783
568 721
568 1235
568 1283
569 605
569 750
569 794
569 909
569 995
570 1383
570 1477
570 1501
571 879
571 1115
571 1672
571 1954
572 1157
572 1327
572 1378
572 1532
573 768
573 1900
574 1426
574 1649
574 1812
575 586
575 1427
575 1756
575 1941
576 992
576 1707
577 1704
578 946
578 1852
579 925
579 1518
579 1779
580 665
580 687
580 861
580 933
581 890
581 1114
581 1200
581 1555
581 1613
582 794
582 1007
582 1050
582 1156
582 1196
582 1465
583 621
583 1292
584 722
584 803
584 1427
585 1001
585 1054
585 1242
586 1215
586 1710
586 1752
587 980
587 1160
587 1376
587 1507
588 846
588 995
588 1811
588 1836
589 668
589 1385
589 1403
590 836
590 1393
591 633
592 736
592 1850
592 1879
593 624
593 1362
593 1371
594 1378
594 1384
595 1274
595 1364
595 1868
596 989
596 1284
596 1411
596 1481
596 1927
597 1367
598 907
598 1419
599 1603
600 874
600 1303
600 1825
601 1394
601 1522
601 1580
602 1566
602 1577
603 1962
604 1630
605 1024
605 1928
606 1222
606 1277
606 1432
606 1684
606 1984
607 656
608 767
608 1727
608 1853
609 755
611 849
612 625
612 1742
613 1309
614 1014
614 1041
615 639
615 1467
615 1682
616 697
616 1918
617 633
618 680
618 857
618 1635
619 952
619 1754
619 1804
620 850
620 1611
621 686
621 713
621 1000
621 1215
622 968
622 1092
622 1244
622 1454
623 642
624 1577
624 1606
625 1342
625 1839
626 814
626 846
626 1306
626 1637
626 1731
627 793
627 1009
627 1338
627 1457
627 1674
627 1803
628 860
628 1186
629 707
630 786
630 917
630 1087
630 1135
630 1144
630 1559
630 1681
632 926
632 1011
632 1904
633 1502
634 885
634 1767
635 1986
636 1095
636 1556
636 1753
637 1631
637 1756
637 1829
638 1207
638 1261
638 1809
639 1886
640 1904
642 953
642 1393
642 1927
643 847
643 1410
644 767
644 1047
644 1928
645 1342
645 1424
645 1786
646 849
646 1553
647 1802
647 1905
648 884
648 1947
649 702
649 1204
649 1207
649 1807
650 859
650 1148
651 1283
651 1639
652 1174
653 735
653 1600
653 1700
654 671
654 1809
654 1918
654 1974
655 1321
655 1364
655 1365
656 872
656 1227
656 1388
657 1647
658 688
658 764
658 817
658 829
658 908
658 1636
658 1781
658 1829
659 1273
659 1654
659 1709
659 1873
660 1592
660 1654
660 1881
661 773
661 1080
661 1554
662 737
662 1070
663 1365
664 1089
664 1223
665 902
665 1961
666 1149
666 1893
668 873
668 896
668 1304
668 1635
669 672
669 873
669 1423
669 1828
670 918
670 1471
670 1496
671 1659
672 892
672 1516
672 1677
673 1067
673 1523
673 1538
673 1819
673 1886
674 723
674 1239
674 1705
675 787
675 1202
676 1410
676 1940
677 1432
677 1693
678 872
678 1561
679 702
679 776
679 874
679 1076
679 1327
680 799
680 805
681 1354
682 690
682 1267
682 1523
682 1950
683 1184
683 1226
683 1799
684 729
685 1007
685 1426
686 741
686 1001
686 1814
687 1563
688 1385
689 1005
689 1894
690 1137
690 1605
691 861
691 1823
692 1307
692 1489
692 1536
692 1609
693 1098
694 993
694 1003
695 989
695 1022
696 1171
696 1173
697 1520
697 1842
697 1947
698 1347
698 1749
699 1403
699 1481
701 1119
701 1704
701 1792
703 901
703 1171
703 1233
703 1844
705 816
706 1268
708 998
708 1684
709 950
709 1133
709 1489
709 1530
709 1773
710 1590
710 1634
710 1806
711 1556
711 1980
712 1089
712 1302
713 840
713 1638
714 1339
715 1669
715 1880
716 973
716 1325
716 1937
716 1943
718 1421
719 721
719 1378
720 976
720 1014
720 1171
720 1401
720 1809
721 1755
722 1302
723 1857
724 1944
725 919
725 938
725 1053
725 1379
725 1679
725 1908
726 991
727 1945
728 1003
728 1841
728 1874
728 1940
730 1149
730 1368
730 1456
730 1622
731 992
731 1119
731 1331
732 1524
733 1881
733 1979
734 1156
735 1212
735 1361
735 1939
736 953
736 1746
736 1858
737 804
737 860
738 928
738 1107
738 1162
738 1870
739 1175
740 818
740 1426
742 823
742 1337
742 1632
743 923
743 1134
743 1261
743 1323
743 1372
743 1523
744 797
744 1189
744 1221
744 1410
744 1629
745 1313
746 1366
747 1258
747 1826
748 1934
749 1430
749 1770
750 791
750 799
751 1352
753 763
754 812
754 1712
754 1805
755 1634
756 837
756 1349
756 1549
757 1084
757 1622
758 883
758 1051
758 1186
759 777
759 1208
759 1279
760 1046
760 1091
760 1183
761 1082
762 1269
762 1413
763 1747
763 1993
764 1370
764 1537
765 1036
765 1433
766 1342
766 1541
767 1125
767 1862
767 1927
767 1976
768 1211
768 1476
769 986
769 1199
769 1868
770 784
770 1241
771 1066
771 1826
772 1504
773 1852
775 1764
776 1742
776 1925
777 1884
778 1229
778 1456
779 1576
780 941
780 1850
781 885
782 1876
783 953
783 1065
783 1692
784 812
784 1411
785 1287
786 1286
786 1531
787 1367
787 1863
790 1032
791 1401
791 1446
792 801
792 844
792 1114
792 1155
793 1401
793 1424
793 1939
794 1918
795 1133
795 1759
796 834
796 850
796 1032
797 1105
797 1289
798 1076
798 1236
799 1047
799 1443
800 978
800 1087
800 1236
800 1671
800 1785
801 824
801 1219
801 1793
801 1838
802 847
802 1415
802 1686
803 1199
803 1637
805 983
805 1082
805 1411
805 1741
805 1954
806 850
806 959
806 1620
807 1085
807 1737
809 1397
809 1956
810 935
810 955
810 1504
810 1578
810 1975
811 1003
811 1894
812 1432
812 1517
812 1603
813 1039
813 1225
813 1476
815 1208
815 1472
815 1693
816 1023
817 1329
817 1824
818 994
818 1274
818 1552
820 1491
820 1857
820 1939
821 1047
821 1125
822 1237
822 1886
823 1770
823 1779
824 946
824 1652
824 1757
824 1929
825 1010
826 1430
826 1593
826 1789
827 1409
829 946
829 1248
829 1477
829 1877
830 1029
830 1099
830 1224
831 1575
831 1992
832 1230
832 1316
833 1095
833 1262
833 1505
834 1070
835 1604
835 1930
836 898
836 1333
836 1430
838 869
838 883
838 1125
838 1198
838 1483
838 1869
839 1271
839 1406
839 1698
840 1003
840 1263
840 1863
841 1613
841 1853
843 907
843 1223
843 1374
843 1771
843 1874
844 1348
845 1102
845 1906
846 984
846 1655
846 1931
846 1993
847 1853
849 903
849 1671
850 1366
851 935
851 997
851 1375
851 1870
852 1077
852 1239
853 926
854 1803
855 926
855 993
855 1541
856 1426
856 1893
857 1373
857 1390
857 1876
858 1080
860 956
860 1137
860 1374
860 1553
860 1827
861 1151
861 1344
861 1444
862 1039
862 1294
862 1392
862 1622
863 1197
863 1627
864 1027
864 1122
864 1328
864 1481
864 1626
865 1101
865 1290
865 1485
866 1575
866 1715
866 1822
866 1986
867 1737
869 1281
869 1325
869 1756
869 1866
870 1634
871 1856
872 1945
873 937
874 1156
875 1438
875 1542
875 1755
875 1974
876 1182
876 1445
876 1864
876 1972
877 1431
880 1194
881 1068
881 1636
881 1675
881 1758
882 1161
882 1531
883 1378
883 1625
884 1235
886 907
886 1108
886 1367
887 1860
888 976
888 1470
889 911
889 1632
890 1146
890 1660
891 1958
893 906
893 1033
893 1139
893 1286
893 1971
894 951
894 956
894 1284
894 1440
894 1504
895 1719
898 941
898 1784
899 908
899 1384
899 1968
900 993
900 1208
900 1551
901 1137
903 1127
905 1197
906 1384
907 1145
907 1387
907 1668
908 1245
909 1267
910 1196
911 1192
911 1638
911 1665
912 1124
913 1310
913 1412
913 1583
914 1214
915 1394
915 1614
915 1829
916 1259
916 1344
917 1540
917 1988
919 1150
919 1421
920 1008
921 1951
922 1085
922 1301
922 1310
922 1361
923 1385
923 1535
925 1098
925 1330
925 1428
926 1461
926 1550
927 1769
928 1868
928 1908
929 1791
930 1959
931 1435
931 1503
931 1664
931 1922
932 1973
933 1029
933 1606
933 1769
933 1801
933 1833
933 1971
934 1111
934 1231
934 1649
934 1663
937 1254
937 1619
938 957
938 1425
938 1770
939 1589
939 1625
940 1368
940 1756
941 1160
941 1338
943 1624
944 989
944 1045
944 1128
944 1869
944 1874
945 1497
946 1858
947 1255
947 1381
947 1553
950 1775
950 1880
952 1238
952 1537
952 1580
952 1843
953 1002
953 1628
954 1997
955 1173
955 1519
956 1028
956 1797
959 1507
959 1516
959 1701
960 1035
960 1104
960 1203
960 1878
961 1365
961 1635
962 1833
963 1170
963 1299
964 1092
964 1117
964 1376
965 1701
965 1920
966 1904
966 1937
967 1228
967 1825
968 1761
968 1865
969 1750
969 1910
970 1279
970 1632
970 1658
971 979
971 1433
972 1037
972 1171
972 1581
972 1632
972 1879
974 1077
975 1901
976 1244
976 1837
979 1355
981 1150
981 1547
981 1721
982 1716
984 1664
985 1217
985 1286
986 1104
986 1390
986 1544
987 1182
987 1619
988 1968
989 1125
989 1642
990 1075
990 1992
992 1122
992 1223
992 1685
992 1932
993 1216
994 1018
994 1380
994 1872
994 1990
995 1064
995 1137
995 1147
995 1562
996 1311
996 1466
996 1493
996 1659
997 1315
998 1047
999 1139
999 1421
1000 1015
1000 1169
1000 1368
1001 1352
1001 1358
1001 1369
1002 1181
1002 1238
1002 1486
1003 1150
1003 1306
1003 1876
1004 1322
1004 1436
1004 1842
1005 1017
1005 1550
1005 1654
1005 1754
1005 1792
1006 1154
1006 1941
1007 1830
1007 1980
1008 1566
1008 1774
1009 1797
1009 1892
1010 1065
1010 1564
1010 1937
1010 1960
1011 1721
1012 1629
1013 1940
1014 1167
1015 1019
1015 1710
1016 1493
1016 1522
1016 1752
1016 1885
1018 1125
1019 1670
1019 1677
1020 1528
1020 1615
1020 1711
1023 1559
1023 1658
1023 1718
1023 1735
1023 1759
1023 1801
1023 1843
1024 1800
1024 1941
1025 1634
1026 1538
1027 1305
1028 1164
1028 1320
1028 1572
1028 1667
1029 1664
1031 1492
1032 1722
1032 1923
1034 1847
1035 1303
1035 1329
1035 1333
1035 1841
1036 1744
1036 1822
1036 1953
1038 1531
1038 1607
1039 1184
1039 1556
1039 1854
1040 1050
1040 1501
1040 1941
1040 1994
1041 1268
1041 1614
1042 1246
1042 1326
1042 1474
1042 1998
1043 1491
1043 1793
1043 1895
1044 1744
1045 1413
1046 1258
1047 1273
1047 1277
1047 1853
1048 1420
1049 1118
1050 1523
1051 1265
1051 1278
1052 1480
1052 1522
1054 1554
1055 1105
1055 1625
1055 1672
1056 1059
1056 1294
1056 1343
1057 1067
1057 1912
1058 1805
1060 1882
1061 1568
1063 1629
1063 1706
1064 1241
1066 1225
1066 1386
1066 1837
1066 1960
1067 1220
1068 1176
1068 1272
1068 1419
1069 1520
1069 1893
1070 1514
1070 1586
1071 1535
1071 1810
1072 1666
1073 1135
1073 1174
1074 1481
1075 1314
1075 1323
1075 1384
1075 1761
1076 1287
1076 1356
1076 1534
1076 1890
1077 1129
1077 1892
1077 1976
1079 1582
1079 1620
1081 1173
1081 1238
1081 1536
1081 1834
1082 1213
1084 1785
1085 1231
1086 1093
1086 1554
1087 1470
1087 1725
1089 1126
1089 1143
1090 1519
1091 1170
1093 1173
1093 1620
1093 1890
1094 1258
1094 1430
1094 1440
1094 1665
1094 1805
1095 1303
1095 1841
1095 1907
1096 1107
1096 1667
1097 1175
1097 1197
1097 1236
1097 1269
1097 1309
1097 1402
1097 1609
1098 1686
1098 1903
1099 1615
1099 1858
1099 1987
1100 1566
1101 1675
1102 1415
1102 1775
1102 1871
1104 1704
1104 1743
1104 1755
1107 1260
1107 1853
1109 1241
1109 1844
1110 1690
1111 1992
1112 1979
1114 1615
1115 1126
1115 1528
1117 1431
1117 1554
1117 1853
1118 1371
1118 1541
1118 1735
1119 1688
1119 1937
1120 1555
1122 1485
1123 1712
1123 1864
1123 1940
1124 1206
1125 1291
1125 1336
1125 1683
1126 1339
1126 1848
1126 1873
1126 1880
1127 1205
1127 1582
1128 1183
1128 1935
1129 1908
1130 1737
1132 1195
1132 1308
1132 1809
1133 1665
1133 1722
1136 1597
1136 1706
1137 1258
1137 1601
1137 1731
1138 1656
1140 1515
1141 1189
1142 1528
1143 1473
1144 1651
1144 1939
1145 1637
1147 1571
1148 1179
1148 1349
1148 1608
1149 1942
1150 1223
1150 1445
1152 1248
1152 1342
1153 1165
1153 1681
1153 1938
1154 1214
1154 1322
1155 1623
1155 1648
1155 1738
1157 1348
1157 1594
1159 1677
1160 1473
1161 1764
1162 1177
1162 1387
1162 1963
1163 1427
1164 1987
1166 1666
1167 1291
1167 1687
1168 1799
1170 1330
1170 1472
1170 1893
1171 1434
1172 1174
1172 1212
1172 1412
1172 1727
1173 1403
1175 1855
1176 1241
1176 1647
1176 1823
1177 1978
1178 1592
1179 1475
1179 1975
1180 1761
1180 1852
1181 1875
1182 1347
1183 1225
1183 1322
1183 1628
1183 1834
1183 1963
1184 1227
1184 1621
1185 1953
1186 1768
1187 1220
1188 1584
1188 1697
1188 1749
1189 1427
1189 1815
1189 1937
1192 1281
1192 1385
1194 1375
1195 1573
1195 1784
1197 1578
1199 1707
1200 1347
1200 1570
1201 1842
1202 1483
1203 1362
1203 1650
1205 1716
1205 1772
1207 1584
1208 1276
1208 1573
1210 1496
1210 1878
1211 1734
1211 1886
1213 1916
1214 1991
1215 1399
1215 1802
1216 1552
1217 1583
1217 1719
1219 1741
1219 1813
1220 1623
1220 1892
1223 1689
1224 1269
1224 1674
1225 1239
1225 1793
1226 1317
1226 1949
1227 1564
1227 1800
1228 1617
1232 1403
1232 1578
1232 1869
1233 1237
1233 1602
1233 1609
1233 1976
1235 1426
1237 1571
1237 1749
1237 1956
1238 1431
1238 1657
1238 1659
1238 1747
1239 1972
1240 1457
1240 1630
1241 1874
1242 1388
1242 1874
1242 1957
1243 1427
1243 1906
1243 1936
1244 1977
1245 1472
1246 1407
1246 1425
1247 1792
1250 1658
1251 1720
1253 1369
1253 1558
1253 1579
1253 1650
1254 1800
1254 1827
1255 1736
1255 1799
1255 1974
1256 1792
1256 1882
1256 1965
1256 1988
1258 1368
1258 1409
1258 1801
1258 1826
1258 1943
1259 1655
1260 1366
1260 1711
1260 1873
1261 1453
1261 1543
1261 1563
1261 1967
1262 1378
1263 1504
1263 1558
1264 1761
1265 1958
1267 1796
1267 1934
1268 1529
1268 1537
1268 1799
1270 1368
1275 1851
1276 1658
1277 1629
1277 1843
1278 1423
1279 1986
1280 1786
1281 1529
1281 1576
1282 1556
1282 1723
1282 1822
1282 1946
1282 1967
1283 1622
1284 1926
1286 1308
1286 1834
1286 1885
1288 1312
1288 1339
1289 1781
1289 1938
1290 1635
1290 1891
1291 1574
1291 1739
1291 1969
1292 1524
1293 1472
1293 1814
1295 1774
1296 1927
1297 1704
1297 1785
1297 1894
1299 1511
1299 1692
1300 1556
1300 1643
1302 1312
1302 1405
1304 1386
1305 1428
1306 1451
1306 1515
1306 1910
1307 1387
1307 1559
1308 1481
1308 1713
1309 1826
1310 1429
1310 1658
1310 1922
1311 1770
1313 1547
1313 1877
1315 1386
1315 1606
1315 1782
1317 1658
1319 1406
1320 1502
1320 1785
1321 1421
1321 1729
1322 1704
1324 1800
1325 1586
1326 1439
1326 1458
1327 1608
1327 1946
1328 1713
1329 1959
1331 1934
1332 1431
1332 1745
1332 1910
1334 1423
1334 1780
1335 1525
1335 1574
1336 1401
1336 1431
1336 1926
1336 1977
1337 1453
1337 1809
1338 1936
1339 1411
1339 1803
1340 1417
1340 1420
1342 1352
1342 1606
1344 1867
1345 1667
1347 1686
1348 1460
1351 1645
1352 1489
1352 1518
1352 1781
1354 1400
1356 1546
1356 1929
1357 1615
1357 1852
1358 1453
1358 1864
1359 1459
1360 1836
1361 1715
1362 1860
1363 1657
1363 1896
1364 1990
1365 1461
1365 1469
1365 1528
1365 1659
1367 1706
1368 1556
1369 1554
1370 1402
1372 1986
1373 1662
1373 1897
1375 1539
1376 1913
1377 1731
1379 1466
1379 1502
1380 1845
1382 1490
1383 1966
1387 1545
1388 1644
1388 1825
1389 1487
1390 1603
1391 1392
1391 1949
1392 1621
1393 1443
1393 1474
1394 1993
1395 1973
1397 1579
1397 1678
1397 1764
1397 1773
1398 1955
1399 1792
1401 1571
1402 1567
1402 1683
1402 1881
1402 1900
1404 1422
1404 1944
1405 1411
1405 1470
1405 1630
1406 1518
1407 1503
1407 1568
1408 1591
1409 1627
1409 1731
1410 1546
1412 1904
1413 1681
1414 1429
1414 1973
1415 1820
1415 1860
1416 1478
1416 1548
1416 1635
1417 1812
1417 1967
1418 1871
1421 1932
1422 1590
1422 1844
1424 1719
1425 1815
1426 1532
1427 1862
1428 1615
1428 1998
1429 1514
1429 1987
1430 1706
1430 1776
1430 1812
1431 1446
1432 1766
1433 1497
1433 1761
1433 1762
1433 1792
1435 1471
1435 1763
1435 1863
1436 1804
1436 1822
1437 1558
1437 1839
1439 1522
1439 1895
1440 1980
1442 1564
1444 1450
1444 1817
1445 1672
1445 1733
1451 1949
1454 1526
1454 1595
1456 1533
1458 1920
1459 1885
1460 1626
1460 1730
1461 1499
1461 1660
1461 1670
1461 1683
1465 1621
1465 1953
1467 1864
1468 1771
1469 1494
1469 1528
1471 1624
1471 1823
1471 1870
1472 1482
1473 1716
1473 1974
1474 1559
1475 1942
1476 1560
1478 1695
1478 1741
1480 1567
1480 1901
1481 1971
1484 1668
1485 1748
1485 1936
1486 1805
1486 1818
1490 1618
1491 1538
1492 1902
1492 1917
1493 1859
1494 1576
1494 1794
1496 1580
1498 1692
1499 1621
1499 1736
1500 1534
1504 1598
1504 1622
1505 1657
1505 1729
1505 1980
1507 1918
1508 1809
1509 1663
1519 1792
1523 1575
1526 1617
1526 1778
1527 1807
1528 1893
1528 1984
1531 1735
1531 1867
1531 1989
1533 1629
1533 1734
1534 1848
1535 1865
1538 1724
1541 1812
1541 1870
1542 1632
1542 1723
1544 1735
1546 1834
1547 1680
1549 1614
1550 1761
1550 1981
1551 1552
1551 1602
1553 1744
1556 1976
1557 1914
1558 1959
1559 1928
1560 1734
1560 1827
1560 1890
1560 1902
1562 1765
1563 1886
1564 1776
1564 1908
1565 1580
1566 1896
1566 1915
1568 1578
1568 1751
1569 1924
1570 1665
1572 1586
1573 1643
1574 1704
1574 1948
1578 1691
1578 1882
1580 1854
1580 1933
1582 1729
1586 1948
1591 1973
1596 1602
1597 1801
1598 1975
1599 1704
1601 1846
1603 1775
1604 1921
1605 1854
1605 1862
1606 1926
1608 1983
1614 1993
1616 1833
1617 1743
1619 1812
1622 1973
1623 1764
1623 1949
1624 1881
1625 1993
1629 1669
1629 1767
1636 1892
1644 1782
1645 1817
1648 1903
1650 1802
1652 1818
1653 1941
1654 1943
1657 1670
1662 1816
1662 1926
1663 1670
1667 1801
1667 1827
1667 1844
1668 1804
1669 1783
1669 1953
1672 1784
1673 1942
1675 1763
1677 1996
1680 1823
1680 1953
1683 1899
1688 1937
1692 1971
1695 1818
1696 1790
1699 1928
1702 1758
1702 1760
1702 1852
1704 1965
1705 1762
1706 1791
1706 1885
1706 1891
1706 1974
1709 1830
1710 1871
1711 1727
1714 1913
1715 1978
1717 1754
1720 1764
1723 1944
1726 1833
1727 1754
1727 1830
1727 1947
1728 1924
1732 1784
1736 1801
1741 1985
1745 1856
1746 1771
1746 1950
1751 1952
1755 1978
1756 1760
1756 1876
1760 1952
1760 1971
1761 1807
1763 1985
1765 1799
1770 1925
1771 1878
1772 1922
1774 1777
1774 1827
1779 1858
1779 1985
1780 1797
1780 1833
1782 1977
1793 1863
1793 1901
1793 1970
1794 1927
1799 1889
1799 1965
1800 1875
1801 1881
1803 1860
1804 1962
1804 1982
1810 1860
1818 1852
1818 1862
1820 1922
1820 1937
1821 1961
1822 1921
1823 1852
1824 1840
1828 1846
1833 1852
1837 1992
1841 1873
1846 1886
1846 1932
1850 1924
1850 1960
1854 1901
1857 1938
1859 1934
1864 1914
1866 1907
1868 1921
1868 1983
1882 1937
1888 1981
1899 1910
1900 1998
1901 1989
1911 1921
1918 1957
1931 1999
1933 1965
1952 1980
1953 1979
1995 2000