2000
2 195
3 1642
5 57
5 81
5 954
5 1664
6 488
6 1036
7 113
7 885
8 534
8 913
8 921
8 1887
9 361
9 932
9 1344
10 1312
11 306
11 898
12 363
12 852
12 1464
12 1475
13 680
13 1313
13 1535
14 139
14 1208
16 490
16 1821
18 184
18 222
18 1356
19 122
19 247
19 478
19 905
19 1432
20 556
20 682
21 375
21 907
21 1010
21 1094
22 248
22 262
22 1381
23 615
23 750
24 372
24 1478
25 246
25 369
25 630
25 747
25 1369
26 443
26 1956
27 680
27 1034
27 1327
28 756
28 996
28 1146
28 1214
28 1533
30 722
31 43
31 1158
31 1183
32 1869
33 293
33 1432
33 1886
34 821
35 1563
35 1916
36 1467
36 1824
37 1378
38 1408
38 1736
39 1540
39 1853
40 862
40 1803
41 1696
42 295
42 1618
42 1717
43 816
43 1268
43 1484
44 766
44 1075
44 1580
45 75
45 1423
46 1478
47 400
47 1516
47 1776
48 68
48 1069
49 589
50 329
50 758
50 888
50 1302
50 1613
50 1839
51 1224
52 535
52 690
52 1253
53 1847
55 1186
55 1315
56 1516
56 1720
57 295
57 474
58 125
58 1128
58 1875
59 327
59 929
60 638
60 976
60 1930
62 643
62 1305
62 1944
63 616
63 715
63 1078
63 1360
63 1942
64 1391
65 295
65 1457
66 394
66 1659
67 1018
67 1318
67 1454
68 756
68 1462
69 357
69 358
69 1947
70 493
70 1996
71 978
71 1097
71 1161
71 1464
71 1518
72 126
72 862
72 1938
73 123
74 1051
75 1323
75 1371
75 1674
75 1881
76 141
76 506
78 1099
78 1275
79 772
80 1199
81 290
81 1266
81 1791
81 1813
82 358
82 1116
83 1830
84 706
84 927
84 1490
84 1571
84 1691
85 1070
85 1474
86 810
86 1819
87 791
87 1142
87 1252
87 1299
87 1509
88 308
88 1052
89 1575
90 520
90 769
90 874
90 1251
90 1634
91 873
91 1014
92 734
92 1428
92 1654
93 738
93 1635
95 700
95 1343
95 1528
96 1119
98 1169
98 1637
99 825
100 361
100 363
100 1854
101 270
101 546
101 1947
102 470
102 1310
103 778
104 210
105 371
105 928
105 1502
105 1919
106 219
106 1588
106 1982
107 637
107 769
108 352
108 1828
109 1228
110 1597
111 1781
112 587
112 1801
113 226
113 447
113 799
115 1267
117 336
117 1187
118 235
118 1602
119 1509
120 780
120 782
121 158
121 162
121 929
121 1243
122 1309
122 1684
123 1277
123 1677
123 1801
124 547
124 570
124 879
126 1986
126 1999
127 172
127 1171
127 1539
129 1893
131 1593
132 647
134 1863
136 1480
136 1715
137 1772
138 1180
138 1607
139 1513
140 476
141 1915
142 1143
144 474
145 1125
147 414
148 326
148 427
148 1189
149 1709
150 728
150 734
150 1311
150 1542
150 1804
151 350
151 1195
152 418
152 1367
152 1676
153 414
153 921
154 1371
154 1845
155 907
155 1156
156 703
156 746
156 1627
157 487
158 726
158 1011
159 1292
159 1557
159 1750
159 1790
160 246
160 672
160 1699
161 1245
161 1326
162 293
162 939
163 1767
164 711
165 1800
166 1971
167 423
167 1044
167 1256
167 1593
168 1383
170 1545
170 1594
170 1667
170 1706
173 411
174 889
175 967
175 1301
176 902
176 917
176 1071
176 1330
177 179
177 1045
178 861
178 1295
179 470
180 445
180 1254
181 864
181 1203
183 441
183 1902
184 1458
184 1483
185 397
185 1001
188 443
188 626
188 1176
189 1122
190 474
190 826
190 1173
191 974
191 996
191 1134
191 1760
191 1955
192 536
192 825
193 1057
194 512
194 1603
194 1613
194 1908
195 967
196 739
196 1126
197 1695
198 632
198 1073
198 1439
199 1429
200 351
200 586
200 828
202 517
202 615
203 665
203 1979
204 391
205 407
205 471
205 1227
205 1679
206 627
207 1333
208 1126
208 1843
208 1859
208 1863
208 1885
209 1214
209 1323
210 763
210 1119
210 1381
211 338
211 1060
212 961
213 1908
214 224
214 1149
214 1804
215 641
215 1461
216 904
216 1704
218 377
218 1169
219 1180
219 1865
221 279
221 436
221 1364
221 1591
222 934
223 1814
224 1015
226 358
226 367
226 893
226 1176
228 890
229 607
229 1745
229 1810
230 321
230 443
230 1014
230 1087
230 1360
230 1369
231 1566
231 1715
232 347
232 678
232 1691
232 1736
233 449
233 776
233 1087
234 510
234 1026
235 945
235 1153
236 1404
236 1956
237 1801
239 1870
240 326
240 863
241 1546
242 608
244 942
244 1642
245 280
245 388
245 1401
246 315
246 1111
247 979
248 616
248 1064
248 1845
249 404
249 860
250 358
250 1170
250 1431
251 716
252 548
252 933
253 470
253 506
253 933
253 1243
253 1421
254 604
254 1868
254 1999
255 1488
256 1933
257 661
257 1274
258 950
259 455
260 865
261 1965
262 639
263 1213
263 1711
263 1744
264 1331
264 1742
265 374
265 541
265 1709
266 538
266 712
266 1396
266 1736
267 1218
267 1489
269 938
269 1178
270 590
270 960
270 1431
270 1968
272 880
272 1474
273 539
273 1030
273 1749
273 1871
274 455
274 1240
274 1312
275 1696
276 1999
278 882
278 1601
280 859
280 1034
280 1507
280 1843
280 1896
281 389
281 1917
282 1995
283 694
283 1886
285 337
285 360
285 655
285 1457
286 688
286 1461
287 509
287 923
287 1826
289 723
289 1331
291 687
291 807
291 940
291 1498
292 993
292 1378
293 1056
293 1682
294 1465
295 341
295 488
295 674
295 1477
295 1773
296 905
296 1282
297 1383
298 510
298 565
298 690
298 1500
299 967
299 1252
299 1598
301 631
301 763
301 1253
302 714
302 1243
303 396
303 1364
303 1738
304 400
305 489
305 652
305 671
305 1782
306 835
306 992
307 331
307 645
307 1095
308 1104
311 986
312 556
312 989
312 1404
313 441
313 1250
313 1730
314 1446
315 1722
316 673
316 1051
316 1281
317 1312
319 1050
320 528
320 980
322 717
322 1592
325 592
325 912
325 1650
325 1953
327 1242
327 1324
327 1755
329 1872
330 1925
331 1779
331 1921
334 1107
334 1735
335 502
335 1239
336 1976
337 1449
337 1459
339 678
339 1514
339 1859
340 461
340 1155
341 1597
342 1094
342 1575
344 1036
344 1980
345 391
345 431
345 1541
347 438
347 952
348 1201
349 1185
349 1335
352 1089
353 953
353 1226
354 1559
355 1833
356 614
356 645
356 756
357 566
357 678
357 965
357 1145
357 1507
357 1692
358 465
358 1291
358 1902
359 1426
360 1920
361 1632
361 1760
362 1150
363 666
363 1950
364 1243
365 1754
365 1881
366 1468
368 602
368 647
368 1874
369 486
369 680
369 1567
371 754
371 1075
371 1891
372 443
372 1262
373 575
373 1842
374 1392
375 570
376 1540
376 1626
377 719
378 541
378 1886
379 661
379 789
379 1266
379 1982
380 955
381 1111
382 424
382 690
382 814
382 1162
383 945
383 1163
384 1898
386 1630
387 1006
388 1118
388 1555
389 397
389 814
389 1805
389 1846
390 1238
390 1742
390 1982
391 591
392 1252
394 1103
394 1344
395 1526
397 880
397 1000
397 1200
398 660
398 1119
398 1738
399 581
399 653
399 941
400 1277
400 1731
401 1232
402 470
402 1563
402 1870
403 1843
404 499
404 1208
404 1316
404 1777
407 1960
408 544
409 477
409 656
410 641
410 1916
411 874
411 1605
411 1839
412 1886
414 1061
415 1447
416 447
416 718
416 972
417 521
417 589
417 1720
418 1240
419 740
419 983
420 521
422 744
422 1130
423 1165
424 801
424 968
424 1104
425 1428
425 1431
425 1578
426 533
428 1129
428 1698
428 1745
429 1547
429 1955
430 470
430 727
430 996
431 613
432 1223
433 613
433 1389
433 1657
434 653
434 1012
434 1413
434 1688
436 602
437 647
437 1420
437 1599
438 1336
439 684
439 1211
440 1301
441 1416
442 1924
444 861
446 583
446 1039
446 1785
447 867
447 1526
448 710
449 1643
450 1420
450 1526
450 1629
451 1341
451 1644
451 1648
452 976
454 579
455 746
455 835
455 848
455 1393
458 1096
459 520
460 1332
462 538
462 1079
463 926
463 935
464 727
464 1366
464 1709
465 800
467 485
471 679
472 1000
473 658
473 709
473 1852
474 1927
475 515
475 1099
476 560
476 774
477 877
478 495
478 580
478 1893
478 1997
479 815
479 1021
480 1152
480 1768
480 1861
480 1949
482 539
482 890
483 845
483 1219
483 1585
483 1706
485 660
485 962
485 1838
486 887
486 1093
486 1696
487 1026
487 1191
488 1025
491 726
491 930
491 1393
492 521
492 610
493 1912
497 1108
497 1371
499 992
499 1840
501 637
501 755
502 1088
503 1039
503 1671
503 1674
503 1800
504 1421
504 1925
506 987
507 1604
509 870
509 1118
509 1363
509 1665
510 1345
511 1806
516 1994
517 1130
517 1222
517 1724
518 1915
519 533
519 1270
519 1375
520 1656
521 640
521 1919
522 1054
523 1306
523 1530
524 1345
524 1783
525 576
525 1093
525 1843
527 1146
528 830
529 1229
529 1904
530 868
532 954
533 1324
534 1284
535 1990
537 1151
537 1972
539 659
539 1180
540 546
540 591
540 597
540 1429
541 1318
541 1500
543 1969
544 907
544 1456
545 621
545 673
545 1169
545 1307
546 1616
546 1964
548 1599
549 854
549 1834
551 1475
551 1758
552 1350
552 1821
553 608
554 881
555 672
555 1961
556 1087
556 1495
557 1294
557 1369
557 1573
557 1811
558 1364
558 1779
559 1692
559 1729
560 1131
561 1130
561 1274
563 1575
564 1359
564 1599
565 1049
566 611
566 627
567 1431
567 1916
568 1732
569 1196
569 1465
571 656
571 740
572 1529
572 1765
573 767
573 979
573 1245
573 1298
574 1168
574 1702
574 1953
575 578
575 1493
576 1211
578 1201
579 1380
579 2000
581 799
581 1052
581 1338
581 1398
582 714
583 840
583 1048
584 844
585 962
585 1640
586 849
587 1262
587 1778
589 1137
589 1689
590 1130
591 1615
592 1247
592 1718
594 839
594 876
594 1592
594 1772
595 639
597 1639
598 698
598 972
598 1045
598 1849
599 1371
599 1597
599 1743
600 1975
601 718
601 945
602 763
602 1261
602 1701
603 1826
604 692
604 1084
604 1459
605 1990
606 1037
608 747
608 1697
609 862
609 1072
609 1630
610 1841
611 937
611 1211
612 1194
612 1416
613 1318
614 624
614 940
614 1844
615 857
615 944
615 1577
615 1592
616 1044
616 1468
618 1017
618 1294
619 1738
620 1183
620 1717
621 662
621 944
622 734
622 982
622 1573
623 927
623 1127
623 1893
624 1038
624 1159
624 1432
625 701
626 715
627 1474
627 1826
628 847
628 1008
628 1409
629 1613
629 1648
629 1781
630 746
631 782
631 1367
632 668
632 850
632 1828
634 1307
635 1696
636 1469
638 801
638 842
638 1065
639 1970
640 1324
641 922
642 690
644 732
645 678
645 1741
646 980
647 1501
648 1274
649 890
649 1017
649 1754
650 1496
650 1887
652 953
652 1812
653 904
653 1901
653 1982
654 947
655 1227
656 1693
656 1970
657 661
657 1643
657 1912
658 1543
659 1445
660 1872
661 1068
662 1366
665 1335
669 779
670 1290
670 1667
670 1750
671 1187
672 1001
674 749
674 1592
675 764
675 1518
676 964
677 732
677 921
678 986
680 891
680 974
680 1806
681 939
682 1063
682 1672
683 1171
683 1369
684 1861
685 1095
685 1101
685 1221
686 822
686 1835
687 1131
688 1121
689 734
689 1068
689 1170
692 992
692 1634
693 844
694 1732
697 1204
698 1129
698 1769
699 951
699 978
699 1727
700 1083
700 1325
702 1285
702 1499
703 1276
704 998
705 1855
706 1301
707 814
707 1548
707 1699
707 1727
708 1720
708 1801
710 1729
711 897
711 1553
712 816
713 994
714 1094
714 1149
714 1376
715 1078
715 1529
718 1081
718 1509
718 1950
719 899
720 1207
720 1527
721 945
721 1283
722 1148
723 1970
724 1849
727 1467
727 1516
728 1700
729 1836
730 1429
731 1666
734 1917
737 1443
737 1889
738 750
739 1067
739 1323
740 881
741 823
741 1181
741 1977
742 995
745 1743
745 1930
746 1495
746 1642
749 1453
750 1731
751 1334
752 1596
754 1943
755 1885
757 803
757 944
757 1162
758 768
758 899
758 1048
758 1174
759 1272
759 1945
760 1704
761 1068
761 1906
762 988
764 909
764 1403
766 870
767 1699
770 1104
770 1178
770 1863
771 1274
771 1702
772 1152
772 1166
772 1598
774 968
777 823
777 883
778 947
778 1181
779 1005
779 1530
780 1803
781 920
781 1207
783 1449
784 989
785 1137
787 1427
788 896
788 1418
789 1156
790 1060
790 1938
792 1234
792 1376
793 1910
794 1556
795 1310
795 1531
795 1843
796 1592
796 1658
797 1176
797 1948
797 1999
798 1417
799 1115
799 1200
800 1280
800 1611
801 1199
802 820
802 1561
802 1773
803 1914
805 1844
806 1373
806 1689
809 903
809 1874
810 814
810 1252
810 1287
810 1711
811 1875
813 1785
813 1896
814 1469
815 868
815 1084
815 1243
817 1598
817 1695
818 859
823 1365
826 1651
827 981
827 1994
828 1884
830 885
830 1215
830 1220
831 858
831 1643
833 955
833 1701
834 877
834 1488
834 1992
835 1775
836 1190
837 1856
839 1016
839 1265
840 1027
840 1799
843 1291
844 1229
845 1754
847 1441
848 851
848 986
849 1029
849 1395
849 1973
850 896
850 1113
850 1523
851 903
851 1760
852 1137
852 1521
853 964
853 1802
854 1348
855 1498
856 1758
857 1844
858 1012
858 1221
858 1622
859 1126
859 1151
859 1363
860 1036
860 1409
860 1660
861 935
861 1690
863 1936
868 1289
868 1835
870 1062
870 1847
870 1996
871 1053
871 1840
872 946
872 1623
873 1121
875 1469
876 1916
877 1007
877 1336
879 1455
881 1260
884 1097
884 1242
885 969
886 1545
887 1390
887 1638
887 1685
888 962
889 1670
890 1613
890 1913
891 1077
891 1428
891 1506
891 1531
894 1743
896 1183
896 1494
896 1677
898 1610
898 1658
900 1252
901 1931
902 1709
902 1837
903 1240
903 1461
904 1536
906 1181
906 1657
906 1699
912 1738
913 1664
913 1805
915 1921
919 1268
925 1110
925 1700
927 1850
928 1400
930 1636
931 1755
932 934
932 978
932 1553
933 1502
933 1989
937 1204
937 1989
938 967
938 1142
938 1619
939 1620
940 1529
942 1207
942 1229
943 1059
943 1147
945 1789
948 958
952 1325
952 1827
953 1566
954 1740
954 1800
956 1980
958 1715
959 1234
959 1332
959 1333
960 1281
960 1854
961 1876
963 1070
963 1419
963 1496
965 1557
966 1526
968 1311
968 1335
970 1550
971 1349
972 1665
973 1954
974 1785
975 1415
976 1570
978 1518
978 1871
979 1670
979 1817
979 1839
981 1469
982 1827
983 1530
984 1100
984 1207
986 1057
986 1392
987 1185
989 1771
989 1772
990 1079
992 1507
993 1468
993 1710
995 1278
995 1427
995 1432
995 1862
997 1960
998 1264
999 1326
999 1955
1000 1899
1000 1932
1003 1731
1004 1099
1005 1276
1006 1535
1006 1822
1008 1496
1008 1678
1011 1909
1012 1812
1012 1852
1012 1925
1013 1181
1013 1529
1015 1151
1015 1740
1016 1102
1016 1280
1016 1722
1017 1237
1017 1781
1018 1328
1018 1827
1018 1828
1019 1297
1020 1158
1020 1495
1020 1905
1021 1357
1021 1386
1022 1884
1023 1478
1023 1788
1024 1077
1025 1401
1026 1714
1026 1848
1027 1770
1028 1607
1028 1779
1029 1654
1030 1160
1030 1186
1030 1303
1030 1980
1031 1217
1031 1494
1031 1717
1032 1992
1033 1846
1035 1326
1035 1902
1037 1432
1038 1209
1038 1582
1039 1367
1039 1792
1041 1412
1041 1738
1042 1484
1043 1617
1043 1879
1044 1461
1044 1874
1045 1075
1047 1136
1047 1447
1047 1549
1047 1594
1050 1990
1051 1418
1053 1720
1054 1719
1055 1368
1056 1129
1056 1305
1056 1679
1057 1177
1057 1346
1057 1661
1057 1817
1059 1255
1059 1411
1059 1693
1061 1249
1062 1261
1063 1872
1065 1799
1066 1973
1067 1070
1067 1258
1068 1223
1069 1317
1069 1631
1070 1123
1071 1905
1072 1584
1075 1550
1077 1761
1078 1311
1079 1726
1081 1195
1083 1548
1084 1659
1085 1230
1086 1137
1086 1181
1087 1656
1090 1377
1092 1126
1092 1359
1092 1647
1094 1700
1095 1357
1095 1580
1099 1324
1101 1753
1102 1793
1104 1636
1105 1877
1108 1832
1112 1415
1112 1769
1117 1715
1118 1990
1119 1307
1119 1807
1122 1439
1123 1188
1123 1933
1125 1396
1125 1750
1126 1867
1128 1453
1129 1718
1130 1311
1131 1456
1131 1582
1132 1500
1132 1614
1132 1887
1133 1370
1134 1423
1135 1498
1136 1592
1137 1791
1137 1961
1139 1782
1142 1331
1143 1165
1148 1841
1149 1157
1150 1366
1153 1573
1155 1214
1156 1742
1157 1377
1157 1458
1158 1175
1158 1507
1159 1967
1160 1369
1161 1228
1162 1548
1164 1571
1165 1359
1165 1721
1166 1259
1166 1995
1168 1239
1168 1939
1169 1214
1169 1479
1169 1997
1170 1580
1172 1627
1173 1708
1174 1631
1174 1784
1175 1546
1176 1768
1176 1934
1176 1942
1177 1240
1178 1500
1178 1775
1180 1610
1185 1692
1185 1942
1186 1589
1186 1748
1186 1769
1188 1302
1188 1870
1192 1839
1196 1692
1197 1862
1204 1253
1205 1320
1205 1602
1207 1398
1207 1777
1210 1669
1213 1437
1214 1760
1215 1951
1217 1989
1218 1264
1223 1752
1223 1883
1223 1991
1224 1536
1226 1322
1227 1262
1229 1446
1229 1572
1229 1660
1229 1912
1231 1248
1232 1246
1233 1415
1233 1671
1233 1898
1235 1321
1235 1952
1238 1595
1238 1689
1239 1668
1241 1453
1241 1770
1241 1864
1242 1528
1244 1582
1244 1917
1247 1430
1249 1855
1250 1441
1252 1384
1252 1477
1253 1827
1254 1770
1256 1322
1256 1687
1257 1510
1258 1506
1260 1543
1262 1635
1262 1918
1263 1332
1263 1338
1263 1887
1265 1985
1266 1897
1267 1965
1268 1284
1268 1873
1270 1642
1272 1620
1272 1833
1273 1391
1274 1907
1275 1582
1276 1411
1278 1302
1278 1508
1278 1750
1281 1563
1281 1724
1281 1799
1287 1333
1288 1453
1288 1656
1289 1490
1290 1454
1290 1763
1291 1452
1291 1505
1293 1499
1293 1568
1294 1545
1294 1670
1296 1584
1297 1725
1299 1662
1300 1507
1301 1595
1301 1760
1302 1588
1306 1480
1307 1597
1308 1545
1311 1460
1311 1905
1314 1994
1315 1943
1316 1481
1318 1770
1320 1846
1322 1959
1324 1722
1325 1492
1327 1815
1328 1740
1329 1758
1329 1791
1329 1869
1331 1625
1331 1917
1333 1671
1334 1370
1334 1499
1334 1653
1336 1931
1339 1413
1340 1770
1341 1370
1341 1612
1343 1695
1346 1718
1350 1581
1350 1644
1351 1586
1352 1712
1353 1977
1354 1521
1356 1810
1357 1621
1358 1406
1359 1897
1361 1717
1362 1615
1364 1592
1365 1590
1366 1764
1367 1804
1368 1447
1370 1861
1371 1740
1372 1914
1373 1451
1376 1944
1378 1861
1381 1527
1384 1600
1386 1939
1387 1751
1388 1838
1389 1992
1390 1452
1392 1603
1396 1433
1396 1601
1396 1608
1397 1654
1400 1994
1406 1670
1407 1598
1410 1851
1411 1528
1412 1745
1414 1815
1414 1958
1416 1692
1417 1464
1417 1472
1418 1866
1418 1939
1420 1663
1422 1467
1424 1433
1424 1604
1424 1888
1425 1621
1425 1919
1426 1555
1427 1633
1428 1556
1428 1967
1433 1567
1433 1783
1437 1874
1438 1901
1441 1821
1444 1676
1445 1472
1445 1647
1447 1585
1451 1822
1453 1823
1454 1481
1454 1678
1454 1904
1455 1818
1455 1843
1458 1511
1458 1525
1459 1857
1460 1881
1462 1897
1464 1676
1466 1778
1467 1811
1468 1848
1469 1833
1473 1819
1473 1984
1474 1511
1474 1601
1476 1707
1478 1751
1479 1922
1480 1670
1481 1994
1485 1841
1486 1526
1490 1886
1490 1913
1492 1611
1494 1928
1496 1542
1496 1546
1497 1503
1497 1584
1498 1534
1498 1757
1499 1977
1501 1502
1502 1677
1502 1740
1503 1700
1503 1916
1504 1802
1505 1686
1510 1588
1510 1663
1512 1588
1512 1696
1513 1550
1523 1678
1526 1712
1535 1643
1538 1956
1540 1850
1541 1577
1542 1598
1542 1963
1543 1861
1551 1568
1557 1971
1560 1670
1561 1786
1562 1803
1563 1704
1564 1599
1565 1581
1566 1787
1566 1879
1568 1858
1570 1907
1573 1723
1573 1795
1582 1694
1585 1596
1585 1624
1587 1905
1587 1908
1588 1829
1593 1820
1595 1680
1596 1793
1605 1993
1607 1813
1613 1665
1614 1724
1615 1773
1621 1731
1624 1800
1624 1886
1625 1642
1626 1795
1627 1987
1629 1987
1631 1684
1632 1844
1632 1959
1638 1653
1641 1994
1645 1655
1647 1848
1648 1715
1653 1795
1659 1870
1660 1967
1661 1862
1665 1813
1667 1868
1672 1788
1673 1768
1673 1847
1673 1904
1678 1864
1679 1980
1688 1714
1688 1841
1688 1849
1689 1692
1695 1979
1697 1724
1703 1980
1704 1839
1708 1732
1712 1981
1713 1944
1717 1801
1718 1949
1719 1737
1720 1874
1720 1950
1723 1869
1723 1973
1725 1902
1726 1752
1726 1855
1734 1856
1735 1876
1737 1747
1737 1854
1738 1775
1738 1891
1741 1831
1742 1762
1746 1833
1749 1753
1753 1793
1755 1985
1766 1784
1776 1829
1785 1814
1790 1976
1793 1887
1799 1975
1801 1907
1806 1874
1808 1947
1817 1860
1817 1868
1817 1880
1821 1923
1838 1871
1841 1998
1842 1890
1851 1981
1863 1870
1866 1905
1867 1908
1868 1998
1870 1903
1877 1930
1878 1891
1886 1943
1889 1924
1890 1991
1924 1972
1924 2000