2000
1 597
1 1034
2 90
2 1060
2 1070
2 1241
3 53
3 743
3 969
3 1732
4 1500
5 616
5 1628
7 370
7 836
7 1186
8 255
9 390
9 391
9 1572
9 1826
10 914
11 1627
12 84
12 160
12 808
12 896
12 1425
13 213
13 576
13 1737
14 1538
14 1754
14 1850
15 1099
15 1287
15 1701
16 342
16 362
16 663
16 801
18 295
19 515
19 748
19 1891
20 536
20 1530
21 189
21 278
21 948
21 1102
21 1402
21 1415
21 1465
21 1807
21 1899
22 719
22 803
22 1740
23 648
23 951
24 60
24 514
25 458
25 1873
26 315
26 1124
28 281
28 942
28 1387
29 598
29 693
29 1399
30 347
30 468
30 1574
32 1103
32 1477
33 180
34 1753
34 1758
35 385
35 1203
36 503
36 1588
37 586
37 1168
37 1931
39 1558
40 479
40 1029
40 1049
41 1694
42 625
43 892
44 1859
45 1303
46 684
46 1168
46 1543
46 1798
47 392
48 1215
49 834
49 1039
49 1056
51 936
51 1059
52 886
52 1200
52 1498
53 1944
54 286
54 1403
55 662
55 1331
56 878
57 1964
59 518
60 344
60 1548
61 686
62 446
62 706
62 717
62 978
62 1589
63 588
63 1395
64 373
64 1171
65 1324
65 1548
66 679
66 724
66 776
67 556
67 1093
67 1357
67 1568
68 627
68 934
68 1008
68 1991
70 1286
70 1622
72 810
72 1997
73 1123
73 1400
75 300
75 430
75 469
75 1308
75 1534
75 1620
76 985
76 1824
77 522
78 107
78 1402
78 1422
78 1929
79 677
79 1418
80 594
80 941
80 1043
81 799
81 1696
81 1984
82 311
83 732
84 484
84 1690
84 1832
85 1893
86 508
86 560
88 207
88 558
88 1779
89 542
89 587
89 805
89 875
90 1828
91 1127
91 1371
92 338
92 1583
93 1829
94 756
94 1243
94 1606
94 1844
95 982
96 1258
96 1419
96 1618
96 1793
96 1855
97 408
98 1399
99 196
99 1799
99 1908
100 450
101 720
102 309
102 1666
103 1948
103 1999
104 523
106 362
107 255
107 1547
108 1702
108 1708
110 258
110 1055
112 1408
113 822
113 1458
113 1547
113 1954
114 364
114 507
114 1944
115 350
115 748
115 1580
116 1005
116 1248
116 1486
117 1894
118 637
118 1076
118 1399
118 1414
118 1549
119 225
119 299
119 838
119 1627
120 1557
121 544
121 681
121 1138
121 1639
121 1898
122 941
122 1063
122 1978
124 1526
124 1598
124 1876
125 718
125 1457
125 1797
125 1802
126 167
126 1832
127 220
127 1988
128 146
128 506
128 662
128 1172
129 186
129 222
129 310
129 588
129 1825
130 314
130 558
130 1641
131 196
131 300
132 912
132 1242
132 1392
132 1664
134 249
134 1421
134 1874
134 1987
136 692
136 899
136 1742
137 647
137 1709
138 173
138 1368
138 1387
138 1725
139 445
139 618
139 935
139 1487
139 1777
140 1290
140 1913
141 989
141 1746
142 385
144 400
144 675
144 1523
144 1543
145 407
145 1293
146 723
146 763
146 1201
146 1862
147 183
147 954
147 1230
148 410
148 599
148 618
148 634
148 1056
149 546
149 1059
150 1346
151 1936
151 1984
152 797
153 730
153 1268
153 1781
154 257
154 399
154 1279
154 1484
155 228
155 1003
155 1089
156 1135
156 1193
156 1657
157 529
157 580
157 1258
157 1358
157 1899
158 246
158 519
158 650
158 1046
158 1509
159 320
159 1111
159 1373
159 1796
160 589
160 631
160 693
160 1141
160 1397
160 1713
161 279
161 1055
162 321
162 344
162 1303
163 369
163 1815
163 1851
164 767
164 1319
165 230
165 615
165 1211
165 1378
165 1551
166 963
166 1422
166 1804
167 631
168 302
168 441
168 656
168 1084
168 1387
169 342
169 1339
169 1851
170 352
171 746
171 802
171 1885
172 612
172 915
172 1524
172 1717
173 761
174 224
174 1496
175 783
175 1143
176 272
176 287
176 1086
176 1515
177 683
177 1030
177 1845
178 254
178 1195
179 346
179 552
180 1119
180 1819
180 1972
181 475
181 826
182 678
182 1476
183 461
183 668
183 1279
183 1716
184 948
187 202
187 1436
188 1081
188 1515
189 353
189 1671
190 694
190 930
190 1383
190 1745
191 1485
191 1861
193 853
193 1572
194 922
194 1138
194 1209
194 1407
195 261
195 543
195 900
195 1825
196 579
196 796
196 1065
196 1287
197 252
197 907
197 1392
198 466
198 1235
199 1218
200 951
200 1594
200 1724
201 476
201 569
201 893
201 955
201 1708
203 470
203 1076
203 1868
204 1548
204 1974
205 510
205 1335
205 1370
205 1502
206 1385
206 1654
207 225
207 1331
207 1774
208 1462
208 1470
208 1911
209 1207
210 371
210 994
210 1696
210 1769
211 1051
211 1159
212 1053
212 1330
213 950
213 1386
214 407
214 860
214 1185
215 622
216 1190
216 1703
217 348
217 380
217 741
217 813
217 974
217 1170
217 1272
217 1584
218 1003
218 1927
219 863
219 1142
219 1538
219 1599
219 1831
221 227
221 288
221 511
221 806
223 798
223 1071
224 276
224 706
224 965
225 823
226 1451
226 1504
226 1660
226 1846
227 719
227 836
227 1159
227 1773
228 445
228 687
229 428
229 1785
230 364
230 800
230 1606
231 443
233 519
234 962
234 1364
234 1916
235 1087
236 1789
237 518
237 1057
237 1195
237 1207
237 1223
237 1808
238 1006
238 1134
239 680
239 1849
240 503
240 689
241 1111
241 1521
242 1055
243 975
244 596
245 1947
246 1269
247 1002
248 325
248 477
248 1792
249 1343
249 1434
249 1589
249 1763
250 588
250 675
251 631
251 1022
251 1023
251 1252
251 1768
252 881
252 1202
252 1603
253 1292
253 1980
255 307
255 541
255 853
255 856
255 1549
255 1634
257 270
257 1830
258 414
258 770
258 1388
258 1548
258 1947
259 778
260 1077
261 298
261 511
262 487
262 879
262 1269
262 1693
262 1962
263 1779
264 336
264 1057
264 1109
264 1556
265 1609
265 1730
266 1392
267 549
267 1584
267 1838
268 402
270 686
270 1293
271 1294
271 1419
272 1599
273 921
273 1437
274 727
274 1700
274 1871
275 688
275 906
275 1382
277 843
277 909
278 476
279 1949
280 555
280 1679
280 1814
281 1730
281 1865
281 1915
282 922
282 1574
282 1660
282 1814
282 1896
283 1309
284 418
284 785
284 1584
284 1771
285 961
286 411
286 855
286 1210
286 1592
287 892
287 1081
287 1095
287 1115
287 1635
287 1958
287 1995
288 1142
288 1549
289 391
289 1987
290 1146
290 1702
291 865
291 1661
292 1241
292 1259
292 1465
293 1494
293 1966
294 487
294 900
294 1042
294 1781
296 696
296 1344
296 1698
297 1031
297 1917
298 693
299 681
299 1511
299 1654
301 983
301 1708
302 933
303 1261
303 1655
304 1541
305 1184
306 396
306 428
306 883
306 1497
306 1938
308 333
308 1563
308 1812
309 1349
310 329
310 1438
310 1978
311 892
311 1132
312 1163
312 1255
313 1032
314 337
314 1062
314 1701
314 1967
315 611
315 1380
315 1518
315 1581
316 585
316 1292
317 914
318 1138
319 852
319 932
319 1251
319 1431
319 1850
320 1903
321 1952
322 1430
322 1511
322 1596
322 1698
323 1291
324 1937
325 336
325 1126
325 1493
325 1982
326 454
326 1560
326 1597
328 868
328 911
328 1591
329 498
329 713
329 848
330 1323
330 1533
331 595
331 1278
331 1329
331 1533
333 1432
334 388
334 1407
334 1957
335 1276
336 784
336 1597
336 1902
337 1068
337 1895
338 1138
339 1099
340 1800
341 888
342 434
342 1862
343 1581
344 941
344 1018
344 1654
345 1574
345 1693
346 878
346 916
346 1344
346 1552
346 1779
347 664
348 600
349 552
349 987
349 1177
349 1370
349 1538
350 1841
352 1093
354 811
354 971
354 1749
355 858
357 378
357 534
357 1311
357 1557
357 1565
357 1726
359 1320
360 1702
361 447
361 928
361 1506
363 556
363 994
364 971
364 1588
365 404
365 838
365 1181
365 1857
366 370
366 1438
368 1132
369 941
369 1128
369 1516
370 1749
370 1909
371 480
372 1254
372 1464
372 1763
373 457
373 1957
375 896
375 1398
376 980
377 877
378 1946
379 777
379 1223
380 924
380 1485
380 1513
380 1714
380 1768
381 500
381 1508
382 479
382 734
383 436
383 1602
384 528
384 750
384 1318
385 1328
385 1749
386 472
386 1255
387 566
387 797
387 828
387 1087
387 1357
387 1964
388 570
388 625
388 1067
388 1559
390 948
390 1853
391 627
391 1763
393 437
394 720
394 1117
394 1543
394 1767
394 1887
394 1919
395 745
395 1174
395 1829
396 479
396 661
396 1560
397 1128
397 1625
399 886
399 988
399 1694
400 887
400 1599
401 1331
401 1554
402 1783
402 1881
403 607
403 1949
404 1459
404 1590
404 1698
404 1794
406 572
406 1580
407 952
407 1012
407 1091
407 1311
407 1915
409 1471
409 1477
410 437
412 1449
413 725
413 888
413 1795
416 605
416 616
417 975
417 1581
417 1746
419 1017
420 1093
420 1970
421 574
421 767
421 1917
421 1977
422 1507
423 1462
424 797
424 1555
425 1099
426 1340
427 459
427 1994
429 1617
430 654
430 1136
430 1340
430 1849
431 1159
431 1921
432 1177
432 1387
433 495
433 1733
433 1768
435 614
435 734
435 1019
435 1752
436 1154
438 1687
438 1901
438 2000
439 646
439 1801
440 1179
441 1265
441 1648
442 1041
444 1245
445 1551
445 1946
446 496
446 1604
446 1689
446 1731
447 669
447 1673
448 1833
449 1960
450 1127
452 833
452 886
452 1070
452 1164
452 1323
452 1346
452 1408
454 1677
455 1598
456 1024
456 1896
458 921
458 928
458 1254
458 1303
458 1442
459 607
459 1327
459 1398
460 1374
461 953
461 1211
462 1039
463 1481
464 1451
464 1963
465 1903
466 776
466 842
466 1097
466 1474
468 864
468 1186
468 1357
470 772
470 1342
471 1200
472 766
472 1646
473 532
474 749
475 640
475 1501
475 1714
476 1747
477 882
477 1975
479 629
479 1065
479 1170
480 521
481 808
481 1718
482 989
483 1201
484 572
484 1022
485 503
485 594
486 1632
486 1746
487 1238
487 1454
488 722
490 1937
491 1167
491 1272
491 1595
491 1802
492 1503
493 657
493 949
494 1200
494 1395
495 679
495 1477
496 932
496 1672
496 1838
497 1185
497 1958
498 581
498 649
498 1181
500 1183
500 1442
501 856
501 1158
501 1209
501 1359
501 1566
502 1695
502 1940
503 875
503 968
505 1736
506 1385
506 1475
506 1489
507 1022
507 1926
508 721
508 1480
508 1770
509 1660
510 623
510 743
510 808
511 989
511 1383
511 1972
512 1918
513 1460
514 751
514 1046
515 1048
515 1896
515 1958
516 732
516 1851
517 1792
518 1239
518 1398
518 1506
519 1118
520 1060
520 1343
521 1079
521 1469
521 1481
522 530
523 980
524 1862
525 980
525 1192
525 1684
526 1255
526 1312
527 1707
529 568
529 617
529 1195
529 1682
530 705
531 1757
532 1693
532 1843
533 1293
533 1664
534 589
534 1205
534 1742
534 1774
535 554
535 1686
536 1313
536 1626
537 948
537 1135
537 1573
537 1873
539 658
540 1243
540 1401
541 752
541 823
541 926
541 1000
541 1740
542 965
543 604
543 1213
544 721
544 1398
544 1766
546 965
547 1106
547 1335
547 1760
548 1535
549 1573
550 1157
550 1644
551 592
551 1118
551 1470
552 978
552 1854
553 1490
553 1919
554 986
554 1028
554 1508
555 1334
555 1944
556 937
556 1048
556 1259
557 1223
559 987
559 1308
559 1644
560 1993
562 936
564 644
564 889
564 1353
567 1845
568 1500
569 1791
570 803
570 1234
570 1846
573 1284
573 1747
575 1259
576 1023
576 1158
576 1499
576 1730
577 586
577 1762
578 1792
579 850
580 797
581 586
581 1136
582 609
582 1482
583 795
583 1125
583 1186
583 1586
584 784
584 1177
585 763
585 1790
585 1981
586 1140
586 1224
587 700
587 711
587 1716
588 1838
589 891
589 1124
589 1681
589 1698
591 672
591 1256
591 1732
592 1350
592 1559
592 1841
593 799
593 970
593 1460
593 1610
594 1639
594 1858
595 1315
595 1426
597 723
597 1407
599 1171
599 1927
600 1440
602 634
602 775
602 826
603 1656
605 642
606 1917
607 1864
608 872
608 1100
608 1269
609 1082
610 1150
611 952
611 976
611 996
611 1773
612 894
612 1161
612 1612
612 1659
613 1897
614 1221
614 1378
614 1952
615 870
615 1206
616 1472
616 1492
616 1692
617 794
618 1437
619 1286
619 1832
620 804
620 1425
621 1280
622 1742
623 1657
624 1112
625 997
625 1629
627 1518
628 1029
628 1298
628 1498
629 819
629 1182
629 1506
631 639
632 1472
632 1540
634 929
634 1916
635 1860
635 1865
636 1207
636 1518
636 1652
637 1588
637 1602
637 1745
638 825
639 1258
639 1683
639 1692
639 1715
639 1722
639 1845
640 1248
640 1665
640 1960
641 896
642 685
643 664
643 1432
643 1497
643 1887
644 789
644 1398
645 1577
646 870
646 1653
646 1901
648 1135
648 1585
648 1922
650 774
650 987
651 1354
652 1414
654 697
654 1344
654 1581
655 1766
656 1826
657 692
657 857
657 916
657 917
658 936
658 1509
659 1808
660 911
660 1455
660 1777
661 1241
661 1811
662 1029
662 1925
664 931
664 1021
665 1221
665 1647
665 1685
666 846
666 1010
667 1072
667 1914
668 990
668 1386
668 1388
668 1948
669 1631
669 1700
670 998
670 1339
670 1513
670 1721
671 1093
671 1679
672 809
673 1082
673 1391
674 1023
674 1156
675 785
675 1047
676 797
676 1290
676 1744
677 722
677 1916
677 1944
678 1823
680 981
680 1053
680 1216
680 1770
680 1812
682 788
682 975
682 1015
683 1958
684 1357
685 1307
686 1538
686 1785
687 1806
688 1117
691 1162
691 1962
693 1163
694 904
694 1828
695 896
696 1061
697 1967
698 1980
699 1033
699 1184
700 880
700 1037
701 959
701 1080
701 1113
701 1389
702 1090
703 996
703 1932
704 1527
704 1818
705 829
705 1148
707 1322
709 1083
710 819
710 1066
711 748
711 1021
711 1364
711 1366
711 1403
712 850
712 1346
713 1324
713 1852
714 1182
714 1392
716 936
716 1864
717 882
718 801
718 1165
718 1459
718 1915
719 1040
720 1616
720 1938
721 836
722 784
722 1309
722 1649
722 1710
722 1754
722 1834
723 1205
723 1781
723 1925
724 1008
724 1944
725 1397
725 1563
725 1674
726 1102
726 1892
728 739
728 999
728 1168
728 1348
730 791
731 1156
731 1502
732 1839
733 964
733 1814
734 1605
735 902
735 1185
735 1863
736 803
737 934
737 944
737 1729
738 832
738 1009
738 1130
738 1911
739 812
739 1412
739 1598
740 815
741 1026
741 1068
741 1551
741 1729
742 1559
743 776
743 1482
743 1603
743 1768
743 1910
744 1749
745 867
745 1689
746 778
746 871
746 880
747 1068
748 1621
749 1381
750 1030
752 878
752 1743
753 1846
753 1909
755 1149
756 1088
757 962
758 1300
758 1817
759 872
759 948
759 1232
759 1239
759 1376
759 1563
760 935
760 1559
762 1644
762 1853
764 836
764 994
764 1610
764 1906
765 978
766 1052
767 777
767 1435
771 827
771 1218
772 1059
772 1701
772 1757
773 1169
775 804
775 1643
776 1385
777 1531
777 1956
778 1696
779 1340
781 1838
782 831
783 1364
784 1227
784 1348
784 1495
785 953
786 1529
786 1697
787 861
787 928
788 994
788 1323
788 1422
788 1546
788 1763
794 1233
795 857
797 819
798 1623
799 816
799 1972
801 836
802 1650
803 1344
804 1763
805 1237
805 1463
807 821
807 1291
808 896
810 1141
810 1258
810 1573
811 912
811 1327
811 1527
811 1533
813 1496
813 1885
814 916
814 1718
815 1802
815 1982
816 1189
816 1279
816 1321
816 1434
816 1653
816 1721
817 1683
818 1149
819 1732
820 1241
822 1359
822 1609
823 981
823 1070
823 1335
823 1681
824 1244
825 1298
825 1368
827 1177
828 1825
829 1582
830 1618
833 973
833 1863
835 950
835 1778
836 1189
836 1194
838 1586
838 1621
840 1577
842 846
842 1053
843 854
843 1144
843 1450
844 942
845 955
846 1513
848 1451
849 1987
850 1119
851 1340
851 1374
851 1376
853 1519
855 1468
856 1946
858 1158
858 1258
858 1471
858 1702
858 1782
859 1526
860 1992
861 1133
861 1421
862 1464
862 1689
863 1524
864 1938
865 993
865 1783
866 939
866 1125
866 1345
866 1531
866 1849
867 1089
867 1293
868 1497
868 1899
870 1291
871 1548
874 1109
874 1122
874 1481
875 1373
876 1333
876 1405
878 1706
879 1200
879 1346
880 1648
880 1660
880 1722
882 1435
884 1467
884 1757
887 973
888 897
888 1947
889 1065
889 1171
890 1061
890 1463
890 1786
891 1611
891 1759
892 1832
893 1440
893 1508
894 1141
894 1267
894 1665
894 1734
895 1597
899 1350
899 1774
900 1414
900 1724
901 969
901 1377
901 1937
903 998
903 1273
903 1863
904 1798
905 1594
906 1067
906 1738
908 1403
912 1183
913 1201
914 1662
916 1798
916 1983
917 1689
920 994
920 1019
920 1354
920 1618
920 1908
921 1526
921 1710
921 1791
922 1607
923 1884
923 1897
924 973
925 1902
926 1492
927 1420
928 1867
930 1297
930 1414
930 1748
931 1144
931 1560
933 1128
933 1348
933 1385
933 1612
933 1831
934 1114
934 1305
934 1759
935 1846
937 1674
937 1746
938 1623
938 1709
938 1807
938 2000
940 1813
941 1042
942 1526
942 1975
943 1114
943 1308
943 1484
944 1264
945 1080
947 1984
948 1352
949 1796
950 1689
951 1653
951 1816
953 1406
954 1368
955 1682
956 1849
957 1408
959 1795
960 1386
962 1939
964 1313
966 1005
966 1387
967 983
967 989
967 1706
969 1556
969 1927
970 1142
970 1760
972 1175
973 1377
974 1729
975 1719
975 1825
976 1348
976 1964
977 1420
977 1663
977 1925
978 1078
979 1914
980 1608
980 1651
980 1758
981 1155
981 1754
983 990
983 1559
984 1115
984 1579
985 1703
985 1841
990 1491
990 1731
991 1424
995 1781
996 1245
997 1056
998 1549
999 1542
1000 1196
1000 1950
1000 1975
1001 1066
1001 1378
1002 1706
1004 1281
1004 1822
1005 1129
1005 1370
1005 1591
1007 1155
1008 1369
1009 1024
1010 1174
1010 1222
1011 1465
1011 1639
1014 1153
1015 1018
1015 1933
1017 1421
1018 1832
1019 1487
1019 1597
1021 1943
1022 1398
1023 1548
1024 1781
1025 1232
1025 1282
1025 1516
1025 1810
1026 1426
1026 1970
1029 1646
1031 1375
1031 1499
1031 1502
1031 1899
1033 1154
1033 1755
1033 1953
1036 1342
1036 1414
1037 1117
1037 1659
1037 1980
1038 1415
1038 1653
1038 1871
1040 1304
1041 1277
1042 1344
1042 1345
1042 1608
1043 1183
1044 1738
1045 1137
1045 1520
1047 1081
1047 1768
1048 1067
1049 1242
1049 1687
1050 1557
1051 1399
1052 1084
1052 1091
1053 1533
1054 1703
1058 1764
1059 1660
1059 1758
1060 1168
1060 1337
1061 1922
1063 1532
1063 1643
1065 1536
1065 1919
1066 1190
1069 1160
1071 1336
1071 1650
1072 1219
1072 1934
1073 1355
1074 1324
1075 1787
1075 1878
1076 1107
1076 1933
1077 1686
1078 1974
1080 1764
1081 1972
1082 1481
1084 1877
1087 1897
1089 1175
1089 1834
1090 1287
1090 1738
1091 1223
1092 1114
1092 1537
1093 1117
1096 1630
1097 1164
1097 1931
1098 1419
1099 1693
1102 1996
1103 1707
1103 1895
1104 1611
1106 1154
1106 1983
1107 1850
1107 1991
1109 1410
1110 1140
1110 1486
1110 1546
1110 1841
1111 1593
1111 1778
1114 1337
1114 1769
1114 1788
1115 1925
1116 1570
1118 1170
1118 1994
1120 1962
1121 1414
1122 1841
1124 1445
1124 1628
1126 1575
1126 1989
1128 1492
1128 1705
1129 1230
1129 1306
1129 1537
1130 1533
1130 1828
1131 1359
1131 1908
1132 1510
1132 1786
1133 1694
1133 1755
1134 1535
1134 1950
1135 1334
1135 1344
1137 1635
1137 1712
1138 1294
1139 1422
1140 1269
1141 1952
1142 1773
1144 1354
1145 1581
1146 1158
1147 1495
1148 1235
1149 1351
1153 1223
1155 1590
1155 1700
1155 1719
1155 1781
1157 1239
1157 1935
1158 1751
1160 1168
1160 1203
1161 1529
1163 1344
1164 1478
1170 1238
1171 1304
1171 1706
1172 1929
1173 1371
1173 1745
1173 1779
1177 1325
1180 1642
1181 1344
1181 1903
1182 1295
1183 1745
1185 1795
1185 1891
1186 1662
1187 1967
1188 1266
1188 1496
1189 1591
1190 1446
1191 1206
1193 1195
1193 1318
1194 1267
1194 1919
1194 1985
1197 1238
1197 1325
1197 1669
1198 1213
1198 1988
1199 1283
1199 1357
1199 1696
1199 1774
1199 1878
1200 1943
1203 1376
1203 1793
1205 1614
1206 1376
1207 1998
1208 1498
1210 1265
1210 1770
1211 1638
1212 1213
1212 1302
1213 1227
1213 1333
1213 1699
1216 1238
1217 1791
1220 1867
1221 1404
1221 1909
1223 1397
1223 1632
1223 1821
1226 1278
1226 1333
1227 1890
1227 1997
1228 1955
1231 1789
1232 1593
1232 1689
1233 1670
1235 1461
1237 1493
1237 1660
1237 1774
1239 1892
1242 1450
1242 1986
1244 1461
1246 1431
1246 1997
1247 1250
1247 1298
1249 1428
1251 1787
1255 1306
1255 1592
1256 1270
1256 1538
1256 1658
1257 1537
1257 1656
1259 1275
1263 1984
1264 1663
1265 1758
1265 1876
1266 1510
1266 1512
1266 1632
1267 1593
1267 1799
1267 1950
1269 1385
1269 1851
1271 1642
1271 1840
1272 1386
1273 1386
1274 1904
1276 1548
1278 1459
1280 1770
1282 1635
1283 1346
1283 1871
1284 1778
1286 1300
1289 1654
1289 1857
1290 1474
1290 1656
1290 2000
1291 1301
1293 1565
1293 1904
1294 1781
1294 1947
1296 1331
1300 1402
1301 1894
1302 1731
1303 1628
1304 1640
1306 1648
1306 1750
1306 1791
1307 1530
1307 1677
1308 1981
1309 1444
1312 1345
1315 1502
1316 1803
1317 1601
1318 1870
1319 1490
1320 1588
1320 1807
1325 1876
1326 1661
1327 1929
1331 1491
1333 1791
1333 1910
1334 1611
1335 1633
1337 1374
1338 1553
1338 1604
1338 1849
1338 1861
1340 1898
1341 1876
1343 1660
1347 1870
1348 1377
1348 1999
1349 1601
1349 1680
1350 1610
1352 1652
1353 1549
1353 1848
1353 1864
1360 1518
1362 1926
1364 1657
1364 1722
1365 1920
1367 1899
1367 1981
1373 1925
1378 1775
1379 1454
1379 1787
1379 1983
1380 1531
1381 1493
1382 1538
1382 1627
1382 1834
1384 1990
1385 1703
1385 1859
1387 1739
1391 1418
1392 1787
1393 1575
1393 1825
1394 1835
1395 1521
1395 1926
1395 1936
1396 1798
1398 1423
1400 1659
1400 1979
1403 1806
1404 1529
1404 1617
1404 1662
1405 1697
1405 1785
1407 1685
1408 1541
1409 1665
1409 1868
1410 1456
1410 1674
1411 1430
1411 1633
1412 1490
1413 1868
1416 1729
1417 1759
1417 1781
1417 1788
1419 1489
1419 1608
1420 1852
1424 1551
1424 1725
1426 1447
1430 1853
1430 1900
1430 1940
1433 1582
1436 1728
1437 1961
1438 1475
1438 1564
1438 1898
1440 1857
1441 1953
1443 1637
1443 1898
1444 1914
1445 1827
1446 1911
1450 1644
1450 1786
1454 1987
1460 1631
1461 1911
1462 1781
1464 1883
1465 1499
1466 1863
1466 1940
1467 1685
1471 1709
1473 1636
1474 1486
1474 1850
1478 1988
1480 1484
1480 1935
1484 1718
1484 1885
1485 1826
1488 1592
1490 1870
1492 1517
1493 1911
1494 1850
1494 1872
1499 1692
1499 1733
1502 1770
1503 1712
1504 1890
1505 1532
1506 1814
1512 1712
1512 1843
1513 1714
1518 1616
1518 1896
1521 1576
1521 1789
1525 1797
1526 1562
1526 1943
1527 1530
1527 1591
1532 1711
1533 1673
1535 1929
1537 1565
1540 1917
1544 1891
1550 1972
1551 1791
1552 1922
1553 1720
1554 1574
1557 1790
1565 1786
1569 1880
1570 1864
1572 1921
1573 1738
1574 1629
1574 1950
1575 1674
1575 1924
1576 1744
1576 1808
1577 1654
1579 1794
1582 1943
1583 1673
1583 1849
1584 1989
1587 1593
1588 1800
1594 1597
1594 1827
1596 1668
1596 1835
1609 1967
1617 1794
1620 1926
1626 1705
1627 1917
1630 1693
1632 1763
1632 1907
1634 1975
1639 1658
1642 1831
1643 1816
1643 1914
1647 1811
1648 1701
1651 1861
1652 1798
1655 1715
1656 1778
1660 1952
1661 1730
1661 1793
1668 1967
1669 1782
1671 1979
1672 1832
1673 1876
1675 1881
1676 1738
1680 1786
1683 1807
1685 1719
1685 1939
1688 1947
1689 1983
1691 1892
1696 1814
1702 1748
1708 2000
1709 1806
1709 1925
1714 1754
1715 1784
1716 1948
1720 1900
1725 1788
1725 1879
1728 1852
1730 1904
1731 1870
1735 1818
1739 1791
1739 1870
1741 1995
1744 1921
1745 1818
1754 1788
1755 1910
1756 1803
1756 1833
1756 1974
1760 1958
1765 1810
1773 1938
1778 1918
1779 1951
1783 1809
1783 1897
1790 1856
1792 1996
1795 1844
1797 1831
1800 1990
1820 1910
1828 1877
1836 1983
1842 1888
1842 1939
1845 1854
1851 1921
1852 1969
1854 1930
1859 1935
1863 1871
1870 1895
1909 1919
1921 1941
1927 1940
1941 1945