2000
1 17
1 117
1 156
1 273
1 1086
1 1347
1 1493
1 1938
1 1963
1 1992
2 78
2 305
2 564
2 743
2 1229
2 1239
2 1590
2 1863
3 37
3 423
3 1049
3 1200
3 1384
4 47
4 56
4 196
4 465
4 606
4 868
4 986
4 1064
4 1499
4 1738
5 57
5 1195
5 1228
5 1334
5 1413
5 1439
5 1489
5 1787
5 1855
6 97
6 242
6 265
6 319
6 834
6 1034
6 1075
6 1156
6 1532
7 8
7 145
7 214
7 328
7 359
7 492
7 777
7 785
7 969
7 1287
7 1338
7 1639
7 1858
7 1885
8 295
8 456
8 803
8 1618
8 1886
8 1969
8 1994
9 421
9 973
9 1061
9 1293
9 1343
9 1987
10 372
10 413
10 574
10 623
10 1010
10 1101
10 1184
10 1407
10 1615
10 1809
10 1981
11 656
11 1162
11 1274
11 1328
11 1448
11 1532
11 1603
12 93
12 1027
12 1489
13 83
13 292
13 1084
13 1512
13 1608
13 1958
14 382
14 1114
14 1553
14 1770
15 273
15 293
15 569
15 599
15 1187
15 1213
15 1282
15 1530
16 340
16 694
16 795
16 816
16 1901
17 400
17 862
17 1210
17 1438
18 108
18 447
18 697
18 712
18 1050
18 1169
18 1639
18 1924
19 35
19 194
19 357
19 543
19 1181
19 1219
19 1296
19 1422
19 1636
19 1858
20 86
20 794
20 894
20 1668
20 1736
21 1215
21 1246
21 1286
21 1387
21 1485
21 1499
21 1906
22 290
22 759
22 1294
22 1438
22 1707
22 1973
23 559
23 1145
23 1338
23 1413
23 1529
23 1829
24 100
24 203
24 206
24 525
24 829
24 874
24 1230
24 1551
24 1642
25 175
25 795
25 879
25 913
25 997
25 1367
25 1430
25 1455
25 1525
26 209
26 239
26 550
26 593
26 855
26 874
26 1043
26 1926
27 165
27 246
27 265
27 292
27 332
27 368
27 589
27 719
27 813
27 884
27 943
27 1167
27 1244
27 1297
27 1568
27 1727
27 1881
28 330
28 376
28 565
28 567
28 982
28 1098
28 1453
28 1660
28 1672
29 475
29 616
29 804
29 1094
29 1786
29 1974
30 285
30 538
30 574
30 770
30 863
30 1043
30 1225
30 1351
30 1367
30 1445
30 1794
30 1917
31 73
31 78
31 460
31 595
31 668
31 681
31 865
31 1087
31 1215
31 1881
32 48
32 149
32 282
32 956
32 1094
32 1522
32 1604
32 1757
33 47
33 279
33 508
33 853
33 1686
33 1827
33 1979
34 85
34 99
34 331
34 534
34 878
34 1157
34 1661
34 1975
35 90
35 99
35 508
35 696
35 854
35 1770
36 173
36 362
36 717
36 763
36 878
36 1133
36 1506
36 1717
36 1801
37 635
37 718
37 787
37 868
37 901
37 1179
37 1242
37 1864
38 180
38 311
38 516
38 664
38 699
38 737
38 821
38 983
38 1006
38 1726
38 1900
39 110
39 427
39 937
39 1017
39 1459
39 1515
39 1607
39 1731
40 240
40 764
40 783
41 258
41 474
41 550
41 921
41 1119
41 1187
41 1507
41 1772
41 1821
42 72
42 231
42 352
42 371
42 631
42 1098
42 1169
42 1428
42 1451
42 1733
43 161
43 335
43 385
43 503
43 524
43 567
43 827
43 864
43 1302
44 260
44 329
44 546
44 876
44 1014
44 1086
44 1584
44 1599
45 104
45 1606
45 1743
45 1756
45 1991
46 305
46 370
46 1224
46 1343
46 1538
46 1640
46 1799
47 317
47 333
47 428
47 1131
47 1150
47 1497
47 1582
48 451
48 1136
48 1291
48 1416
48 1515
48 1693
48 1785
49 979
49 987
49 1017
49 1852
50 500
50 1206
50 1537
50 1543
50 1573
50 1652
51 99
51 135
51 195
51 374
51 386
51 534
51 948
51 1358
51 1527
51 1700
51 1735
52 679
52 880
52 1104
52 1189
52 1338
52 1840
52 1983
53 147
53 594
53 792
53 802
53 988
53 1375
53 1581
53 1906
54 117
54 189
54 198
54 219
54 252
54 338
54 436
54 734
54 800
54 980
54 983
54 1331
55 188
55 559
55 973
55 1546
56 555
56 636
56 764
56 776
57 74
57 117
57 700
57 1134
57 1159
57 1244
57 1570
57 1601
57 1804
58 63
58 353
58 552
58 634
58 939
58 1103
59 145
59 642
59 701
59 831
59 1009
59 1040
59 1127
59 1187
59 1237
59 1327
59 1680
59 1981
60 490
60 560
60 570
60 1347
60 1399
60 1424
60 1481
60 1500
60 1521
60 1841
61 97
61 361
61 414
61 1211
61 1361
61 1806
61 1851
62 1202
62 1544
62 1607
63 260
63 437
63 519
63 556
63 676
63 794
63 805
63 1344
63 1354
63 1555
63 1638
63 1831
64 152
64 449
64 668
64 722
64 856
64 859
64 1136
65 229
65 520
65 604
65 1268
65 1482
65 1876
65 1947
66 639
66 794
66 1151
66 1247
66 1282
66 1288
66 1367
66 1460
66 1468
66 1620
66 1743
67 555
67 966
67 1054
67 1156
67 1248
68 361
68 404
68 634
68 1081
68 1622
68 1797
68 1977
69 148
69 282
69 618
69 826
69 1111
69 1117
69 1515
69 1531
69 1784
69 1898
70 227
70 1010
70 1167
70 1331
70 1677
70 1929
71 165
71 213
71 220
71 674
71 845
71 1330
71 1554
71 1780
72 78
72 211
72 217
72 438
72 449
72 828
72 1810
73 369
73 507
73 816
73 1351
73 1374
73 1614
73 1647
73 1698
74 344
74 597
74 848
74 1332
74 1865
75 159
75 823
75 1076
75 1630
75 1669
75 1904
75 1912
75 1923
76 261
76 389
76 817
76 818
76 956
76 1019
76 1222
76 1350
76 1395
76 1400
76 1761
76 1914
76 1930
76 1994
77 254
77 402
77 634
77 706
77 733
77 810
77 1011
77 1053
77 1148
77 1236
77 1261
78 478
78 1038
78 1065
78 1121
78 1362
79 268
79 294
79 672
79 752
79 1150
79 1281
79 1398
79 1439
79 1720
79 1883
80 114
80 420
80 642
80 904
80 1127
80 1743
81 760
81 832
81 982
81 1101
81 1463
81 1567
81 1687
81 1826
81 1908
82 195
82 213
82 774
82 1072
82 1124
82 1268
82 1717
83 240
83 595
83 843
83 1158
83 1357
83 1393
84 208
84 579
84 1055
84 1127
84 1228
84 1319
84 1483
85 127
85 584
85 616
85 903
85 926
85 1252
85 1274
85 1275
85 1970
86 1273
86 1709
86 1932
87 292
88 195
88 566
88 582
88 705
88 1217
88 1750
89 102
89 283
89 322
89 496
89 547
89 924
89 1071
89 1958
89 1988
90 226
90 477
90 1073
90 1098
90 1221
91 162
91 176
91 196
91 383
91 654
91 732
91 888
91 967
91 1254
91 1415
92 1486
93 375
93 418
93 691
93 703
93 788
93 818
93 1089
93 1156
93 1699
94 544
94 545
94 679
94 771
94 1130
94 1346
94 1364
94 1366
94 1557
95 114
95 325
95 1825
95 1826
96 282
96 434
96 979
96 1367
96 1583
96 1749
96 1937
96 1957
97 125
97 301
97 339
97 682
97 687
97 697
97 723
97 1589
97 1595
97 1628
97 1721
97 1988
98 1496
98 1619
99 771
99 1163
99 1318
99 1374
99 1549
99 1774
100 118
100 357
100 431
100 851
100 1085
100 1295
100 1328
100 1503
100 1685
100 1869
101 153
101 634
101 1091
101 1243
101 1451
102 249
102 586
102 959
102 1081
102 1454
102 1527
102 1645
102 1673
103 277
103 348
103 366
103 452
103 1095
103 1710
103 1833
104 908
104 1428
104 1541
104 1649
104 1711
104 1874
104 1897
104 1916
105 512
105 882
105 1261
105 1375
105 1485
106 704
106 769
106 914
106 1634
106 1894
107 614
107 1168
107 1211
107 1276
107 1707
107 1827
107 1948
107 1980
108 160
108 878
108 1228
108 1376
108 1440
108 1473
108 1489
108 1614
109 931
109 1013
109 1562
109 1742
109 1863
110 309
110 1000
110 1408
110 1597
110 1656
111 218
111 985
111 1061
111 1619
112 530
112 870
112 1399
112 1848
112 1907
113 153
113 512
113 581
113 680
113 775
113 805
113 1040
113 1232
113 1381
113 1464
113 1728
113 1866
113 1870
113 1884
114 289
114 404
114 424
114 710
114 732
114 847
114 871
114 1520
114 1542
115 1178
115 1698
115 1884
115 1918
115 1971
116 305
116 834
116 1088
116 1225
116 1441
116 1489
116 1563
116 1957
117 444
117 460
117 560
117 708
117 883
117 1480
117 1797
118 171
118 374
118 1012
118 1029
118 1382
118 1395
118 1578
118 1854
119 256
119 1211
119 1352
119 1590
119 1826
119 1835
119 1863
119 1953
120 123
120 478
120 516
120 1203
120 1263
120 1552
120 1617
120 1922
120 1960
121 140
121 257
121 627
121 813
121 838
121 981
121 988
121 1100
121 1246
121 1256
121 1368
121 1981
122 486
122 834
122 870
122 1183
122 1267
122 1589
122 1707
123 142
123 555
123 1437
123 1561
123 1781
123 1901
123 1946
124 167
124 598
124 684
124 1188
124 1363
124 1414
124 1871
125 328
125 627
125 686
125 765
125 818
125 925
125 1121
125 1491
125 1505
125 1812
126 278
126 393
126 708
126 783
126 804
126 1001
126 1422
127 161
127 522
127 611
127 706
127 756
127 791
127 921
127 936
127 948
127 1198
127 1534
127 1594
127 1653
127 1670
127 1718
127 1815
128 135
128 268
128 375
128 462
128 864
129 946
129 978
129 1186
129 1279
130 179
130 953
130 1027
130 1084
130 1837
130 1966
131 1583
131 1671
132 294
132 684
132 1268
132 1438
133 185
133 216
133 525
133 906
133 1294
133 1360
133 1673
133 1752
133 1822
134 197
134 726
134 923
134 1492
134 1518
134 1591
134 1594
135 246
135 729
135 1474
135 1555
135 1570
135 1960
136 266
136 1252
136 1352
136 1461
136 1659
136 1692
136 1882
136 1954
137 291
137 572
137 742
137 1158
137 1266
137 1538
137 1898
137 1938
137 1944
137 1945
138 853
138 943
139 151
139 322
139 1477
140 1017
140 1047
140 1259
140 1414
140 1814
141 350
141 508
141 539
141 912
141 989
141 1161
141 1164
141 1269
141 1298
141 1311
141 1870
142 733
142 798
142 827
142 1198
142 1199
142 1367
142 1716
143 385
143 408
143 563
143 789
143 865
143 1029
143 1574
144 507
144 578
144 724
145 160
145 486
145 495
145 1214
145 1243
145 1424
145 1727
146 288
146 510
146 879
146 1123
146 1856
147 158
147 384
147 771
147 1582
147 1911
147 1955
148 235
148 632
148 977
148 1149
148 1183
148 1296
148 1457
148 1585
149 1092
149 1216
149 1792
150 496
150 498
150 563
150 776
150 987
150 1585
151 368
151 1517
151 1871
151 1884
152 518
152 644
152 893
152 1129
152 1391
152 1450
152 1746
152 1847
153 231
153 595
153 830
153 1342
153 1401
153 1665
154 663
154 1292
154 1653
155 1155
155 1545
156 204
156 357
156 377
156 404
156 412
156 450
156 628
156 804
156 979
156 1363
156 1366
156 1850
157 457
157 644
157 689
157 951
157 953
157 1146
157 1250
157 1419
157 1645
157 1963
158 913
158 946
158 1190
158 1262
158 1970
159 268
159 430
159 446
159 475
159 831
159 1016
159 1288
159 1488
160 205
160 216
160 318
160 331
160 363
160 625
160 853
160 990
160 1056
160 1101
160 1222
160 1816
160 1949
161 223
161 265
161 574
161 606
161 678
161 1008
161 1012
161 1328
161 1335
161 1355
162 435
162 693
162 738
162 743
162 1721
163 591
163 652
163 839
163 862
163 969
163 1141
164 838
164 1142
165 166
165 243
165 354
165 1327
165 1337
165 1384
165 1426
165 1908
166 184
166 209
166 355
166 466
166 493
166 809
166 1089
166 1121
166 1378
166 1458
166 1582
166 1897
167 601
167 807
167 832
167 1290
167 1451
167 1770
167 1861
167 1873
167 1965
168 518
168 546
168 604
168 663
168 738
168 1425
168 1718
169 205
169 292
169 515
169 749
169 1036
170 486
170 1059
170 1482
170 1648
170 1899
171 352
171 744
171 862
171 1512
171 1948
172 201
172 562
172 572
172 865
172 1005
173 270
173 700
173 832
173 967
173 1250
173 1435
173 1968
174 1068
174 1342
174 1758
175 513
175 870
175 952
175 980
175 995
175 1670
175 1781
176 385
176 692
176 889
176 904
176 1317
176 1712
177 246
177 1031
177 1434
177 1574
177 1965
178 250
178 485
178 1006
178 1531
178 1688
179 187
179 563
179 752
179 1135
179 1297
179 1460
179 1760
180 211
180 501
180 903
180 1518
180 1531
180 1620
180 1679
181 219
181 245
181 459
181 870
181 1028
181 1116
181 1312
181 1448
181 1495
181 1547
182 195
182 671
182 978
183 376
183 604
183 829
183 837
183 907
183 1278
183 1753
183 1829
184 753
184 763
184 772
184 803
184 1135
184 1137
184 1768
184 1867
185 814
185 1129
185 1378
185 1500
185 1782
185 1901
186 258
186 419
186 432
186 616
186 842
186 1770
186 1848
186 1872
187 484
187 486
187 730
187 769
187 1245
187 1259
187 1294
187 1589
188 627
188 1279
188 1567
188 1663
188 1842
188 1922
189 239
189 764
189 827
189 1174
189 1419
189 1705
189 1813
190 197
190 242
190 969
190 1117
190 1623
191 387
191 736
191 804
191 981
191 1209
191 1426
191 1479
192 361
192 440
192 1180
192 1549
192 1718
192 1849
193 740
193 846
193 1065
193 1178
193 1582
193 1846
193 1989
194 450
194 1002
194 1023
194 1088
194 1258
194 1512
194 1661
194 1791
194 1978
195 258
195 880
195 1442
196 281
196 373
196 1501
196 1519
196 1705
197 215
197 253
197 407
197 585
197 709
197 763
197 997
197 1016
197 1288
197 1351
197 1727
198 236
198 781
198 877
198 1059
198 1193
198 1218
198 1344
198 1453
198 1649
198 1652
199 202
199 1025
199 1098
199 1159
199 1823
200 352
200 568
200 708
200 1652
201 432
201 485
201 538
201 1187
201 1588
201 1937
202 296
202 379
202 527
202 608
202 638
202 972
202 1173
202 1501
202 1668
202 1947
203 306
203 432
203 492
203 633
203 640
203 914
203 1561
204 259
204 354
204 465
204 546
204 562
204 619
204 774
204 1091
204 1099
204 1206
204 1833
205 288
205 346
205 928
205 1103
205 1108
205 1796
205 1860
206 221
206 605
206 1272
206 1340
206 1397
206 1447
206 1567
206 1828
207 477
207 518
207 537
207 1030
207 1057
207 1277
207 1536
207 1638
207 1734
207 1890
207 1974
208 813
208 990
208 1077
208 1160
208 1299
209 224
209 253
209 972
209 1027
209 1085
209 1316
209 1461
209 1472
209 1578
209 1759
210 728
210 781
210 965
210 1547
210 1553
211 475
211 689
211 997
211 1127
211 1652
212 326
212 350
212 520
212 536
212 740
212 1169
212 1183
212 1321
212 1616
212 1845
213 958
213 1212
213 1413
213 1538
213 1556
213 1630
213 1725
213 1841
213 1949
214 237
214 367
214 488
214 778
214 798
214 846
214 1144
214 1245
214 1759
215 550
215 773
215 1080
215 1416
215 1450
215 1607
215 1809
215 1810
216 629
216 702
216 799
216 826
216 956
216 1192
216 1194
216 1201
216 1921
217 475
217 666
217 1025
217 1088
217 1189
217 1668
217 1678
217 1886
218 1238
218 1875
219 240
219 587
219 888
219 1341
219 1420
219 1723
220 739
220 819
220 990
220 1415
220 1873
220 1949
220 1950
221 275
221 533
221 662
221 1867
222 528
222 627
222 879
222 1009
222 1100
222 1260
222 1270
222 1443
222 1903
223 511
223 589
223 751
223 826
223 1215
223 1239
223 1369
223 1443
223 1640
223 1649
224 349
224 397
224 500
224 503
224 559
224 690
224 743
224 1288
224 1618
224 1906
225 519
225 538
225 780
225 862
225 1043
225 1388
225 1630
225 1668
226 571
226 572
226 683
226 950
226 1296
226 1893
226 1928
227 558
227 704
227 1195
227 1326
228 350
228 518
228 645
228 1246
228 1295
228 1457
228 1498
228 1800
229 359
229 539
229 560
229 1648
229 1749
229 1907
229 1951
230 329
230 331
230 366
230 429
230 439
230 508
230 997
230 1032
230 1118
230 1217
230 1699
231 254
231 602
231 715
231 989
231 998
231 1947
232 366
232 453
232 493
232 948
232 996
232 1043
232 1083
232 1330
232 1693
233 1414
233 1979
234 307
234 369
234 464
234 501
234 1018
234 1688
234 1796
235 271
235 1298
235 1731
236 644
236 666
236 994
236 1160
236 1370
236 1417
236 1824
236 1947
237 320
237 470
237 602
237 750
237 757
237 928
237 1207
237 1668
237 1800
237 1808
238 329
238 476
238 568
238 634
238 697
238 757
238 787
238 850
238 1700
239 331
239 422
239 468
239 698
239 745
239 1057
239 1185
239 1582
239 1678
240 307
240 681
240 917
240 1167
240 1236
240 1432
240 1675
240 1709
240 1718
241 295
241 427
241 501
241 1185
241 1984
242 1288
242 1668
242 1889
243 313
243 356
243 411
243 556
243 557
243 973
243 1162
243 1541
243 1929
244 416
244 500
244 709
244 744
244 900
244 967
244 1233
244 1302
244 1452
244 1503
244 1652
244 1656
244 1698
244 1884
244 1992
245 501
245 676
245 1048
245 1102
245 1241
245 1737
245 1843
246 391
246 461
246 755
246 1265
246 1581
246 1915
247 345
247 587
247 775
247 1144
247 1384
247 1410
247 1579
247 1680
247 1889
248 428
248 530
248 533
248 588
248 878
248 906
248 1006
248 1346
248 1372
248 1678
248 1768
248 1894
249 499
249 1159
249 2000
250 1588
250 1621
250 1634
250 1753
250 1839
250 1977
251 340
251 386
252 555
252 860
252 1151
252 1178
252 1898
253 840
253 893
253 1005
253 1316
253 1497
253 1945
254 261
254 468
254 476
254 722
254 987
254 1344
254 1647
254 1982
255 456
255 607
255 723
255 773
255 878
255 1173
255 1795
256 413
256 502
256 582
256 1056
256 1327
256 1354
256 1717
256 1856
256 1900
256 1910
257 1381
257 1754
258 584
259 505
259 770
259 846
259 1474
259 1879
259 1883
259 1893
260 406
260 806
260 880
260 1057
260 1945
261 541
261 659
261 796
261 876
261 964
261 972
261 1132
261 1254
261 1364
261 1373
261 1804
263 526
263 1746
263 1800
263 1888
264 461
264 589
264 609
264 988
264 1154
264 1248
264 1460
264 1818
264 1828
264 1879
265 346
265 382
265 481
265 1040
265 1148
265 1472
265 1625
265 1646
265 1901
266 519
266 743
266 814
266 1778
266 1779
266 1838
266 1866
267 316
267 327
267 651
267 652
267 732
267 743
267 745
267 892
267 1700
267 1715
267 1807
267 1877
268 608
268 665
268 1056
268 1147
268 1166
268 1235
268 1516
268 1620
268 1752
268 1815
269 285
269 559
269 814
269 962
269 1086
269 1108
269 1168
269 1479
269 1535
270 926
270 1272
270 1296
270 1499
270 1501
271 399
271 671
271 831
271 1162
271 1189
271 1542
271 1825
272 315
272 423
272 450
272 458
272 489
272 1100
272 1320
272 1372
272 1525
272 1550
272 1871
272 1934
273 328
273 375
273 656
273 1299
273 1681
273 1835
273 1974
274 304
274 1001
274 1115
274 1142
274 1335
274 1347
274 1700
274 1884
274 1926
275 585
275 746
275 1087
275 1089
275 1177
275 1431
275 1627
275 1835
276 509
276 800
276 929
276 1167
276 1738
276 1807
277 826
277 1231
277 1614
277 1839
277 1895
278 471
278 953
278 1571
278 1914
279 341
279 419
279 527
279 609
279 835
279 1032
279 1841
280 563
280 640
280 887
280 1066
280 1984
281 328
281 898
281 1048
281 1730
281 1910
282 324
282 495
282 569
282 681
282 750
282 1047
282 1063
282 1384
282 1709
282 1794
282 1946
283 368
283 388
283 612
283 1278
284 1101
284 1464
284 1504
284 1722
285 313
285 654
285 655
285 1433
285 1474
285 1508
285 1670
286 529
286 979
286 1232
286 1957
286 1982
287 290
287 344
287 480
287 940
287 1319
287 1755
287 1806
287 1832
288 366
288 445
288 627
288 721
288 923
288 1053
288 1146
288 1246
288 1302
288 1715
288 1815
288 1981
289 593
289 657
289 968
289 1093
289 1192
289 1215
289 1224
289 1272
289 1608
289 1672
289 1833
290 299
290 587
290 718
290 1008
290 1259
290 1544
290 1918
291 519
291 664
291 683
291 1842
291 1956
292 404
292 412
292 942
292 1260
292 1305
292 1974
293 326
293 534
293 730
293 1684
293 1704
294 484
294 712
294 880
294 1053
294 1177
294 1311
294 1456
294 1725
295 304
295 473
295 967
295 1002
295 1392
295 1442
295 1610
295 1705
295 1768
296 472
296 645
297 384
297 1079
297 1481
297 1522
297 1978
298 327
298 389
298 522
298 829
298 1085
298 1439
299 335
299 1098
299 1473
299 1898
300 393
300 450
300 464
300 481
300 1115
300 1397
300 1572
300 1655
300 1661
300 1901
301 337
301 1383
301 1540
302 369
302 879
302 1201
302 1806
302 1872
302 1886
303 1231
303 1265
303 1483
303 1582
304 1043
304 1090
304 1169
304 1612
304 1740
305 320
305 347
305 1425
305 1677
305 1850
306 446
306 888
306 892
306 1143
306 1332
306 1424
306 1489
306 1621
307 522
307 689
307 758
307 1001
307 1280
307 1847
307 1924
307 1980
308 625
308 914
308 1011
308 1286
308 1339
309 1124
309 1131
309 1157
309 1439
309 1691
309 1821
310 342
310 714
310 1094
310 1105
310 1161
310 1206
310 1386
310 1933
310 1963
311 323
311 703
311 827
311 883
311 1211
311 1234
311 1748
311 1777
312 462
312 472
312 492
312 572
312 598
312 779
312 1264
312 1369
312 1509
312 1556
313 711
313 1026
313 1110
313 1168
313 1195
313 1614
314 736
314 850
314 1126
314 1771
314 1784
315 441
315 549
315 666
315 682
315 780
315 1395
315 1571
315 1639
315 1674
315 1843
316 325
316 460
316 537
317 501
317 521
317 1067
317 1152
317 1265
317 1343
317 1362
318 778
318 1199
318 1226
318 1300
318 1435
318 1886
319 349
319 635
319 873
319 946
319 1008
319 1070
319 1235
319 1564
319 1582
320 657
320 1221
320 1253
320 1401
320 1418
320 1675
320 1694
320 1925
321 857
321 954
321 1100
321 1384
321 1447
321 1585
321 1872
322 482
322 648
322 1092
322 1163
322 1210
322 1736
323 332
323 1004
323 1080
323 1107
323 1124
323 1194
323 1742
323 1813
324 492
324 688
324 768
324 781
324 1331
325 409
325 721
325 729
325 1149
325 1306
325 1718
326 614
326 760
326 790
326 1190
326 1426
326 1525
326 1931
327 510
327 960
327 1001
327 1278
327 1856
328 1595
328 1950
328 1978
329 526
329 708
329 723
329 819
329 1072
329 1086
329 1145
329 1160
329 1230
329 1634
329 1999
330 1047
330 1223
330 1583
330 1687
330 1976
331 393
331 445
331 635
331 896
331 1256
331 1321
331 1334
331 1833
331 1888
332 346
332 365
332 491
332 564
332 939
333 769
333 798
333 895
333 916
333 1071
333 1777
333 1817
334 636
334 1179
334 1546
334 1652
335 1250
335 1412
335 1452
335 1988
336 612
336 741
336 1025
336 1066
336 1349
336 1430
336 1698
336 1721
336 1849
337 458
337 700
337 994
337 1100
337 1505
337 1811
338 386
338 612
338 845
338 1122
338 1163
338 1374
338 1612
338 1657
339 772
339 885
339 1530
339 1619
339 1968
340 654
340 750
340 929
340 1010
340 1020
340 1054
340 1697
340 1746
341 358
341 740
341 760
341 973
341 1013
341 1328
341 1808
341 1975
341 1985
342 436
342 730
342 935
342 1101
342 1397
342 1504
342 1936
343 475
343 753
343 1214
343 1615
343 1634
344 415
344 451
344 485
344 502
344 710
344 1477
344 1659
345 555
345 715
345 1133
345 1213
345 1472
345 1491
345 1594
345 1991
346 363
346 571
346 776
346 872
346 1248
346 1264
347 591
347 837
347 890
347 1362
347 1648
348 708
348 1019
348 1155
348 1227
348 1404
348 1443
348 1581
348 1631
348 1874
349 812
349 865
349 1926
350 893
350 1029
350 1263
351 517
351 534
351 1040
351 1427
351 1734
351 1990
352 707
352 758
352 914
352 1027
352 1140
352 1251
352 1927
353 1423
354 365
354 518
354 1041
354 1792
355 443
355 561
355 845
355 903
355 942
356 756
356 1178
356 1757
356 1920
357 891
357 1107
358 665
358 954
358 1288
358 1567
358 1635
358 1905
359 498
359 569
359 1041
359 1580
359 1610
359 1861
360 411
360 839
360 1332
360 1947
361 470
361 766
361 976
361 1008
361 1106
361 1374
361 1663
362 423
362 655
362 715
362 724
362 914
362 1673
363 1161
363 1737
363 1874
364 406
364 546
364 772
364 1081
364 1082
364 1929
365 837
365 1280
365 1394
366 811
366 976
366 1035
366 1300
366 1305
366 1598
366 1858
367 397
367 483
367 1028
367 1178
367 1606
368 698
368 792
368 1003
368 1109
368 1318
368 1602
369 878
369 1223
369 1300
369 1491
370 628
370 712
370 1326
370 1354
370 1482
370 1638
370 1684
370 1690
370 1797
371 633
371 994
371 1172
371 1263
371 1432
371 1636
371 1737
372 686
372 1045
372 1162
373 1171
373 1671
374 608
374 1029
374 1110
374 1220
374 1315
374 1373
374 1453
374 1505
374 1558
375 708
375 918
375 1167
375 1414
376 486
376 1081
376 1142
376 1324
376 1414
376 1443
376 1620
376 1639
377 1069
378 504
378 863
378 898
378 1084
378 1201
378 1389
378 1781
378 1813
378 1975
379 427
379 439
379 1253
379 1340
379 1640
380 999
380 1091
380 1197
380 1702
380 1811
380 1931
381 803
381 863
381 910
381 988
381 1168
381 1343
381 1524
381 1563
381 1657
381 1723
381 1782
382 544
382 965
382 1218
382 1421
382 1898
383 512
383 586
383 866
383 1015
383 1025
383 1522
384 419
384 1261
384 1265
385 614
385 1344
385 1519
385 1581
385 1889
386 710
386 995
386 1215
386 1360
386 1826
386 1894
387 475
387 506
387 878
387 1110
387 1458
387 1553
388 511
388 609
388 901
388 1320
388 1529
389 654
389 1240
389 1282
389 1377
389 1578
389 1586
389 1697
390 449
390 557
390 834
390 970
390 1267
390 1462
390 1482
390 1525
390 1614
390 1750
390 1930
391 497
391 574
391 865
391 1760
391 1912
391 1947
392 533
392 632
392 946
392 1361
392 1577
392 1899
392 1913
393 797
393 1265
393 1382
393 1602
393 1838
394 406
394 500
394 561
394 802
394 1282
394 1489
394 1526
395 456
395 678
395 971
395 1156
395 1666
396 435
396 564
396 756
396 835
396 960
396 1081
396 1157
396 1199
396 1260
396 1620
396 1701
397 587
397 1450
397 1534
397 1564
397 1811
397 1971
398 527
398 985
398 1688
399 425
400 595
400 627
400 724
400 824
400 1025
400 1104
400 1179
400 1224
400 1773
401 539
401 1016
401 1211
401 1470
401 1748
401 1786
401 1901
401 1935
403 892
403 938
403 1027
403 1237
403 1239
403 1415
403 1870
404 441
404 826
404 842
404 914
404 1101
404 1155
404 1222
404 1459
404 1713
405 469
405 943
405 1005
405 1032
405 1369
405 1493
405 1948
405 1951
406 592
406 947
406 1476
406 1662
407 577
407 608
407 990
407 1849
407 1981
408 528
408 573
408 1409
408 1470
408 1679
408 1792
409 676
409 732
409 735
409 810
409 1381
409 1401
409 1883
410 595
410 695
410 739
410 878
410 914
410 1606
410 1693
410 1952
411 654
411 1123
411 1167
411 1351
412 524
412 779
412 799
412 917
412 965
412 1255
412 1289
412 1342
412 1396
412 1882
413 474
413 709
413 1038
413 1115
413 1417
413 1746
413 1844
413 1916
414 455
414 835
414 1029
414 1541
414 1619
414 1639
414 1674
415 648
415 715
415 1053
415 1120
415 1136
415 1660
415 1760
416 758
416 1794
417 669
417 760
417 1085
417 1544
417 1791
417 1957
418 553
418 628
418 644
418 1026
418 1571
418 1627
418 1790
418 1882
418 1958
419 476
419 595
419 616
419 687
419 718
419 841
419 879
419 1121
419 1417
419 1584
419 1994
420 1216
420 1467
421 511
421 657
421 755
421 1009
421 1240
422 815
422 940
422 1055
422 1723
422 1790
423 578
423 581
423 606
423 754
423 1064
423 1187
423 1769
424 762
424 792
424 1744
424 1934
425 647
425 695
425 1352
425 1381
425 1554
425 1931
426 745
426 944
426 1056
426 1180
426 1340
426 1810
427 1178
427 1668
427 1732
427 1839
428 1319
428 1614
429 477
429 733
429 753
429 1755
429 1829
430 1150
430 1763
430 1978
431 474
431 1103
431 1509
431 1538
431 1752
431 1928
432 486
432 817
432 871
432 891
432 1951
433 979
433 1425
433 1492
434 468
434 1037
435 708
435 993
435 1320
435 1732
436 725
436 749
436 925
436 985
436 1262
436 1326
436 1346
436 1750
436 1938
437 532
437 1126
437 1335
437 1517
437 1526
437 1815
438 692
438 1138
438 1207
438 1213
438 1703
439 705
439 829
439 870
439 1594
439 1800
440 1412
440 1706
441 1055
441 1351
441 1358
441 1690
441 1714
442 582
442 1090
442 1733
442 1825
443 503
443 535
443 704
443 1241
443 1664
443 1877
443 1939
444 469
444 1086
444 1553
444 1920
445 499
445 620
445 677
445 1061
445 1286
445 1775
446 663
446 1661
446 1848
447 507
447 921
447 1043
447 1094
447 1302
448 824
448 1352
448 1572
448 1913
449 1250
449 1905
450 491
450 1127
450 1218
450 1858
450 1875
451 659
451 754
452 1895
453 1200
453 1202
453 1673
453 1704
453 1869
453 1895
454 550
454 596
454 899
454 1189
454 1481
454 1597
454 1997
455 505
455 588
455 597
455 626
455 651
455 655
455 1745
455 1913
455 1929
456 733
456 887
456 977
456 1657
456 1875
456 1881
456 1908
457 719
457 741
457 945
457 1499
457 1505
457 1758
458 546
458 1345
458 1656
459 516
459 704
459 795
459 1063
459 1329
459 1370
459 1467
459 1651
459 1687
459 1910
460 518
460 790
460 1827
461 754
461 772
461 862
461 954
461 1055
461 1305
461 1414
461 1495
461 1552
462 675
462 1502
462 1924
463 1039
463 1279
463 1305
463 1374
463 1620
463 1633
463 1714
464 513
464 1003
464 1303
464 1660
464 1677
464 1679
465 784
465 891
465 1457
465 1460
465 1607
465 1904
466 807
466 952
466 1221
466 1300
466 1356
466 1934
466 1990
467 622
467 836
467 1109
467 1138
467 1243
467 1572
467 1822
467 1928
468 876
468 1477
468 1675
468 1867
468 1949
468 1990
469 483
469 572
469 600
469 616
469 741
469 1022
469 1373
469 1500
470 881
470 997
470 1087
470 1283
470 1540
470 1964
471 954
471 1574
471 1828
472 1212
472 1238
472 1474
473 755
473 1107
473 1227
473 1363
473 1487
473 1661
473 1722
473 1775
473 1920
474 615
474 1127
474 1214
474 1239
474 1716
474 1734
474 1823
474 1932
474 1964
474 1980
475 944
475 1038
475 1063
475 1139
475 1164
475 1249
475 1819
475 1890
476 551
476 714
476 1283
476 1514
476 1806
476 1933
477 484
477 854
477 861
477 1492
477 1996
478 498
478 628
478 1025
478 1341
478 1585
479 492
479 724
479 990
479 1593
479 1695
479 1768
479 1770
480 667
480 807
480 843
480 1363
481 562
481 569
482 775
482 1416
482 1510
483 842
483 1094
483 1181
483 1242
483 1667
483 1727
483 1753
484 769
484 1052
484 1218
484 1515
485 662
485 864
485 1257
485 1450
485 1546
486 1044
486 1112
486 1173
486 1250
486 1361
486 1442
486 1768
486 1852
486 1860
487 726
487 785
487 916
487 987
487 1584
488 536
488 685
488 764
488 893
488 904
488 1308
488 1433
488 1577
489 1802
489 1811
489 1910
490 496
490 497
490 737
490 941
490 1664
490 1667
491 715
491 1089
491 1227
491 1790
491 1979
492 555
492 914
492 940
492 960
492 1142
492 1180
492 1341
492 1367
493 519
493 729
493 937
493 1042
493 1544
493 1724
494 728
494 827
494 1196
494 1341
494 1824
495 548
495 807
495 1476
495 1683
495 1750
495 1756
496 993
496 1331
496 1381
496 1807
497 539
497 671
497 842
497 1182
497 1366
497 1767
498 1404
498 1903
499 540
499 569
499 721
499 946
499 1234
499 1564
499 1738
499 1780
499 1875
500 1128
500 1201
500 1845
500 1852
501 1269
501 1509
501 1687
501 1763
502 964
502 1480
502 1670
502 1975
503 722
503 1751
503 1755
504 734
504 1161
504 1262
504 1345
504 1469
504 1507
504 1723
505 724
505 1409
505 1526
505 1560
505 1723
505 1759
506 651
506 769
506 781
506 829
506 831
506 1001
506 1158
506 1265
506 1370
507 843
507 968
507 1273
507 1406
507 1495
508 528
508 613
508 1052
508 1698
508 1861
509 841
509 1029
509 1156
509 1634
510 703
510 737
510 1158
510 1214
510 1311
510 1366
510 1679
510 1715
510 1794
511 855
511 926
511 932
511 1004
511 1605
511 1748
511 1863
511 1989
512 716
512 1101
512 1228
512 1269
512 1559
512 1876
513 772
513 825
513 1173
513 1287
513 1400
513 1612
513 1975
513 1986
514 742
514 817
514 835
514 864
514 873
514 1035
514 1426
514 1434
514 1524
514 1665
514 1933
515 988
515 1143
515 1339
516 606
516 704
516 1290
516 1513
517 1084
517 1809
517 1888
518 555
518 587
518 627
518 1035
518 1044
518 1803
518 1900
518 1950
519 1046
519 1211
519 1582
519 1836
519 1906
520 729
520 1144
520 1709
521 1021
521 1251
521 1400
521 1475
521 1649
522 591
522 825
522 1054
522 1312
522 1608
522 1621
522 1804
522 1861
523 620
523 960
523 1045
523 1706
523 1796
524 928
524 1078
524 1126
524 1628
524 1830
524 1985
525 789
525 934
525 1018
525 1528
525 1614
525 1938
525 1946
525 1977
526 559
526 895
526 1592
526 1900
527 633
527 676
527 956
527 1304
527 1402
527 1870
528 649
528 718
528 727
528 919
528 1109
528 1340
528 1441
528 2000
529 868
529 1007
529 1329
529 1345
529 1516
530 607
530 617
530 1051
530 1541
530 1595
530 1890
530 1970
531 1324
532 789
532 1471
532 1543
532 1605
533 936
533 1504
533 1591
533 1635
534 815
534 954
534 1066
535 762
535 888
535 913
535 916
535 988
535 1195
535 1580
535 1611
535 1757
535 1923
536 837
536 1383
536 1393
536 1973
537 789
537 887
537 1196
537 1679
537 1705
537 1726
537 1762
538 903
538 1131
538 1227
538 1312
538 1360
538 1721
539 550
539 557
539 739
539 750
539 1693
540 783
540 1025
540 1359
540 1401
540 1568
540 1634
540 1866
541 952
541 996
541 1074
541 1156
541 1686
542 770
542 1487
543 781
543 835
543 908
543 1540
543 1882
543 1997
544 1139
544 1329
544 1562
545 893
545 1388
545 1436
545 1481
545 1581
545 1599
545 1681
545 1983
546 585
546 608
546 862
546 900
546 1017
546 1445
546 1516
546 1704
546 1944
547 799
547 1136
547 1302
548 782
548 1092
548 1296
548 1502
548 1514
548 1559
549 727
549 1117
549 1201
549 1232
549 1337
549 1564
549 1750
549 1855
549 1991
550 591
550 995
550 1140
550 1292
550 1306
550 1370
551 1158
551 1621
551 1825
551 1875
551 1896
551 1905
551 1954
552 612
552 670
552 1439
552 1595
553 703
553 762
553 1151
553 1514
553 1824
553 1932
554 826
554 997
554 1004
554 1068
554 1406
554 1932
555 576
555 719
555 828
555 1024
555 1318
555 1324
555 1331
555 1387
556 830
556 1299
556 1362
556 1571
557 798
557 969
557 1041
557 1415
557 1674
557 1933
557 1995
558 910
558 1131
558 1258
558 1404
558 1535
558 1572
558 1780
558 1966
559 926
559 1064
559 1081
559 1619
559 1683
560 645
560 1610
560 1649
560 1864
560 1940
560 1990
561 824
561 1312
561 1864
562 869
562 1311
562 1520
562 1571
562 1730
563 1573
563 1731
563 1740
563 1821
564 727
564 1463
565 637
565 1275
565 1481
565 1607
565 1642
565 1673
565 1911
565 1969
566 618
566 1033
566 1419
566 1602
566 1855
566 1926
567 1113
567 1472
567 1610
568 692
568 762
568 1578
568 1753
568 1805
569 1089
569 1304
569 1329
569 1397
569 1402
569 1751
569 1890
570 763
570 1723
570 1818
571 611
571 1061
571 1352
571 1623
571 1687
571 1762
571 1810
571 1985
572 705
572 1222
572 1678
573 775
573 956
573 1192
573 1406
573 1679
574 753
574 889
574 890
574 1070
574 1173
574 1424
574 1475
574 1537
574 1821
574 1949
575 592
575 1471
575 1563
575 1971
576 1180
576 1233
576 1670
577 667
577 767
577 797
577 1259
577 1341
578 648
578 788
578 1168
578 1463
578 1641
579 842
579 949
579 1078
579 1215
579 1612
579 1847
580 586
580 607
580 693
580 862
580 1190
581 726
581 862
581 1075
582 605
582 696
582 1259
582 1266
582 1641
582 1978
583 889
583 1012
583 1046
583 1197
583 1684
583 1737
583 1902
584 1012
584 1051
584 1468
584 1533
585 1301
585 1871
586 697
586 845
586 1030
586 1259
586 1375
586 1511
586 1696
587 829
587 1147
587 1220
587 1235
587 1245
587 1492
587 1640
587 1920
587 1921
588 1462
588 1592
588 1753
588 1809
589 679
589 758
589 1233
589 1369
589 1481
589 1483
589 1736
589 1756
589 1864
589 1912
589 1938
590 704
590 1372
590 1487
590 1659
590 1992
591 1196
591 1608
591 1701
591 1761
591 1879
591 1934
592 636
592 862
592 1091
592 1390
592 1399
592 1769
592 1806
592 1956
593 667
593 862
593 1042
593 1093
594 661
594 791
594 924
594 1190
594 1288
594 1383
594 1441
594 1503
594 1781
595 860
595 1266
595 1267
596 894
596 1253
596 1270
596 1464
596 1542
596 1722
596 1767
597 1426
597 1735
597 1887
598 650
598 798
598 1012
598 1250
598 1264
599 759
599 938
599 1172
599 1544
599 1886
600 778
600 1020
600 1076
600 1549
601 799
601 845
601 1075
601 1307
601 1601
601 1720
601 1775
601 1972
602 1142
602 1309
602 1637
603 727
603 797
603 1046
603 1085
603 1113
603 1543
603 1702
603 1823
603 1936
604 735
604 765
604 789
604 1174
604 1444
605 1109
605 1255
605 1707
605 1847
607 662
607 853
607 891
607 916
607 1307
607 1319
607 1567
607 1911
608 1007
608 1028
608 1472
608 1754
609 936
609 1096
609 1521
609 1588
609 1764
610 721
610 1552
611 1010
611 1021
611 1432
611 1962
612 753
612 843
612 907
612 1043
612 1577
612 1712
613 1117
613 1467
613 1514
613 1845
613 1934
614 683
614 824
614 879
614 1342
614 1500
614 1614
614 1874
615 680
615 1017
615 1043
615 1052
615 1584
615 1691
615 1788
616 642
616 647
616 824
616 836
616 1598
617 636
617 663
617 849
617 1148
617 1381
617 1640
617 1645
617 1810
618 707
618 921
618 1559
618 1623
618 1666
618 1772
618 1853
619 780
619 846
619 1199
619 1215
619 1217
619 1236
619 1453
619 1610
620 899
621 1002
621 1008
621 1025
621 1376
621 1725
622 1180
622 1577
622 1771
622 1921
623 1186
623 1205
623 1783
623 1957
624 877
624 943
624 968
624 1123
624 1364
624 1439
624 1586
624 1676
624 1859
624 1902
625 860
625 911
625 914
625 1343
626 718
626 899
626 1148
626 1320
626 1404
626 1856
627 881
627 1021
627 1036
627 1045
627 1071
627 1474
627 1481
627 1801
627 1904
628 707
628 913
628 946
628 973
628 1149
628 1568
628 1624
628 1697
629 849
629 1461
629 1648
629 1995
630 677
630 785
630 1048
630 1234
630 1374
630 1644
630 1655
630 1839
631 1018
631 1027
631 1564
632 800
632 1351
632 1404
632 1510
633 1215
633 1475
633 1529
633 1569
633 1773
634 805
634 1314
634 1682
634 1796
635 651
635 795
635 922
635 975
635 1211
635 1285
635 1320
635 1530
636 751
636 829
636 848
636 1069
636 1178
636 1362
637 645
637 729
637 869
637 899
637 1142
637 1151
637 1580
637 1686
637 1770
638 728
638 1185
638 1552
639 730
639 1172
639 1250
639 1362
639 1410
640 919
640 1057
640 1206
640 1328
640 1547
641 665
641 718
641 845
641 1218
641 1836
642 1047
642 1415
642 1518
642 1711
642 1925
643 716
643 806
643 1278
643 1360
643 1824
643 1927
644 787
644 842
644 1527
644 1538
644 1689
644 1757
645 861
645 1123
645 1205
645 1676
645 1682
645 1816
645 1836
645 1884
646 776
646 1224
646 1397
646 1572
646 1977
647 1147
647 1481
647 1752
648 987
648 1356
648 1688
648 1704
649 1157
649 1336
650 1234
650 1461
650 1764
651 1418
651 1544
651 1604
651 1679
651 1712
651 1987
652 669
652 1039
652 1203
652 1457
652 1613
653 963
653 1279
653 1329
653 1743
654 793
654 830
654 1009
654 1036
654 1072
654 1327
654 1454
655 1303
655 1329
655 1469
655 1530
655 1547
655 1810
656 795
656 850
656 888
656 1220
656 1736
656 1756
656 1818
657 972
657 1478
658 716
658 1001
658 1083
658 1528
658 1694
659 814
659 901
659 929
659 1408
659 1506
660 797
660 865
660 1539
661 780
661 828
661 1011
661 1740
661 1827
661 1879
662 1597
663 1147
663 1364
663 1374
663 1503
663 1728
663 1953
664 749
664 1039
664 1560
664 1900
665 701
665 905
665 1015
665 1369
666 830
666 1225
666 1547
666 1722
666 1890
667 741
667 817
667 966
667 1172
667 1217
667 1303
667 1391
668 1822
669 707
669 857
669 1278
669 1330
669 1612
669 1680
669 1755
670 1472
671 714
671 991
671 1258
671 1390
671 1480
671 1743
671 1960
672 1018
672 1740
673 812
673 1198
673 1774
674 784
674 865
674 1043
674 1677
675 736
675 1318
675 1553
675 1800
676 853
676 962
677 1059
677 1356
677 1482
678 796
678 880
678 936
678 1113
679 1839
680 904
680 1300
680 1444
680 1557
680 1645
680 1725
681 737
681 821
681 1046
681 1597
681 1909
682 712
682 1395
682 1786
683 821
683 1558
683 1676
683 1791
684 908
684 1067
685 1233
685 1364
685 1618
686 901
686 924
686 1095
686 1293
686 1440
687 746
687 964
687 1044
687 1282
687 1432
688 891
688 1180
688 1401
688 1420
688 1693
688 1712
688 1826
689 814
689 1267
689 1736
690 1726
690 1735
691 833
691 991
691 1101
691 1657
691 1792
691 1820
691 1954
692 715
692 798
692 1116
692 1370
693 751
693 813
693 1323
693 1690
693 1848
694 709
694 1024
694 1039
694 1121
694 1151
694 1159
695 711
695 1523
695 1858
695 1981
696 765
696 783
696 1000
696 1055
696 1528
696 1711
696 1784
697 843
697 1382
697 1425
697 1755
698 746
698 1517
698 1584
698 1810
698 1896
698 1927
698 1933
699 750
699 933
699 945
699 1318
699 1440
699 1550
699 1725
699 1765
699 1898
700 768
700 1176
700 1212
700 1932
700 1966
701 1241
701 1470
701 1772
701 1821
702 1470
702 1475
702 1844
703 1483
703 1558
703 1923
703 1984
704 852
704 860
704 866
704 994
704 998
704 1052
704 1168
704 1378
704 1565
704 1976
705 860
705 1070
705 1118
705 1294
705 1346
705 1508
705 1714
705 1851
705 1951
706 707
706 770
706 1012
706 1381
706 1719
707 969
707 1050
707 1110
707 1869
708 1018
708 1228
708 1723
708 1992
709 744
709 915
709 923
709 1559
709 1979
710 1304
710 1815
710 1858
711 777
711 1036
711 1085
711 1567
711 1636
712 965
712 1030
712 1049
712 1345
712 1698
712 1776
712 1859
713 771
713 1098
713 1213
713 1522
713 1571
713 1713
714 1247
714 1420
714 1423
714 1773
714 1962
715 814
715 835
715 1030
715 1311
715 1776
715 1970
716 746
716 793
716 833
716 1504
716 1580
717 1044
717 1045
717 1170
717 1470
718 905
718 976
718 1132
718 1749
719 720
719 915
719 1333
719 1374
719 1422
719 1533
720 725
720 848
720 858
720 877
720 993
720 1247
720 1298
721 927
721 950
721 977
721 1050
721 1389
721 1732
721 1895
722 738
722 896
722 937
722 1416
722 1567
722 1883
723 989
723 1094
723 1947
724 800
724 986
724 1174
724 1314
724 1843
724 1911
725 1330
725 1946
726 935
726 1061
727 980
727 1114
727 1461
727 1543
727 1672
727 1994
727 1998
728 766
728 797
728 1098
728 1122
728 1207
728 1393
728 1416
728 1611
728 1649
728 1797
729 824
729 1167
729 1705
729 1775
729 1784
729 1974
730 872
730 894
730 1155
730 1495
730 1565
730 1568
730 1601
730 1875
731 858
731 1009
731 1152
731 1184
731 1256
731 1325
731 1418
731 1477
731 1893
732 847
732 1133
732 1366
732 1388
732 1390
732 1486
733 1178
733 1549
733 1714
733 1784
734 965
734 1007
734 1008
734 1451
734 1488
735 835
735 967
735 970
735 1288
735 1678
736 840
736 1070
736 1316
736 1398
736 1590
736 1605
736 1615
736 1650
737 744
737 953
737 992
737 999
737 1567
737 1773
737 1877
737 1974
738 850
738 1186
738 1637
739 834
739 878
739 1006
739 1120
739 1221
739 1352
739 1987
740 1394
740 1616
740 1682
741 1562
741 1646
741 1701
741 1773
741 1776
742 757
742 1355
742 1635
742 1664
742 1682
742 1810
742 1918
743 889
743 1226
743 1890
744 830
744 1091
744 1745
745 993
745 1058
745 1202
745 1528
745 1976
746 1433
746 1440
746 1494
746 1576
746 1840
747 937
747 1226
747 1433
747 1519
747 1602
748 766
748 828
748 1373
748 1534
748 1881
749 787
749 1212
749 1256
750 879
750 1116
750 1169
750 1186
750 1685
750 1917
751 896
751 1467
751 1663
751 1690
751 1724
751 1868
752 924
752 1277
752 1404
752 1750
753 887
753 1246
753 1298
754 1259
754 1414
754 1437
754 1623
754 1663
754 1990
755 1231
755 1343
755 1554
755 1922
755 1953
755 1984
756 1183
756 1635
757 914
757 1040
757 1209
757 1728
757 1735
757 1752
757 1874
758 790
758 1191
758 1495
759 1747
760 895
760 1589
760 1818
761 1002
761 1605
761 1650
761 1741
761 1755
762 847
762 927
762 977
762 1201
762 1663
762 1876
762 1877
763 1198
763 1299
763 1440
763 1591
763 1871
764 909
764 984
764 1093
764 1293
764 1477
764 1568
764 1929
765 890
765 1233
765 1734
765 1884
766 903
766 1013
766 1224
766 1585
766 1928
767 776
767 800
767 884
767 1162
767 1169
767 1429
767 1636
768 1246
768 1251
768 1316
768 1648
768 1832
768 1834
769 1179
770 784
770 1276
770 1515
770 1540
770 1729
771 837
771 840
771 1217
771 1276
771 1442
771 1775
772 909
772 952
772 979
772 1366
772 1674
773 1037
773 1268
773 1611
774 960
774 967
774 1140
774 1646
774 1799
775 1248
775 1296
775 1476
775 1622
775 1959
776 824
776 897
776 1263
776 1638
776 1675
777 861
777 1360
777 1822
778 1083
778 1139
778 1314
778 1524
778 1813
779 1300
780 893
780 1120
780 1184
780 1272
780 1677
780 1719
781 1127
781 1601
781 1740
781 1828
782 828
782 1139
782 1376
782 1579
782 1696
782 1803
782 1888
783 787
783 834
783 897
783 1384
783 1479
783 1705
783 1994
784 925
784 1105
784 1372
784 1515
784 1908
785 1108
785 1394
785 1493
785 1502
785 1621
785 1644
785 1712
785 1962
786 928
786 1145
786 1355
787 1011
787 1313
787 1559
788 1005
788 1367
788 1984
789 801
789 1076
789 1120
789 1216
789 1575
789 1893
790 1043
790 1188
790 1189
790 1675
790 1754
790 1837
790 1886
790 1934
791 797
791 984
791 985
791 1624
791 1839
791 1875
792 1053
792 1293
792 1295
792 1301
792 1699
792 1937
793 995
793 1035
793 1675
793 1805
793 1846
793 1868
794 1240
794 1709
794 1856
794 1977
795 877
795 880
795 1061
795 1231
795 1472
795 1565
796 865
796 923
796 990
796 1108
796 1480
796 1578
796 1995
797 1006
797 1073
797 1150
797 1165
797 1404
797 1819
798 944
798 977
798 1027
798 1351
798 1431
798 1657
799 946
799 1100
799 1728
799 1750
799 1789
800 842
800 963
800 1227
800 1432
800 1669
800 1671
800 1895
801 1277
801 1351
801 1424
801 1695
802 1150
802 1410
803 1126
803 1245
803 1571
804 1294
804 1734
805 831
805 836
805 854
805 1242
805 1335
805 1424
806 816
806 875
806 959
806 1149
806 1443
806 1474
806 1776
807 1054
807 1486
807 1502
807 1607
808 824
808 980
809 895
809 1271
809 1309
809 1371
809 1922
810 907
810 913
810 1054
810 1335
810 1686
811 829
811 1144
811 1210
811 1490
812 1226
812 1594
813 1019
813 1165
813 1298
813 1335
813 1515
813 1865
814 870
814 1201
814 1279
814 1324
815 979
815 1972
816 820
816 844
816 934
816 1394
816 1770
816 1991
817 1055
817 1168
817 1749
818 851
818 1132
818 1484
818 1785
818 1820
819 1308
819 1338
819 1555
819 1698
819 1953
819 1992
820 1139
820 1198
820 1344
820 1480
820 1708
821 1273
821 1646
821 1943
822 928
822 1245
822 1319
822 1649
823 1240
823 1357
823 1595
823 1669
824 1070
824 1213
824 1511
824 1513
824 1543
824 1626
824 1774
825 1250
826 993
826 1327
826 1363
826 1602
827 1142
827 1228
827 1403
827 1471
828 842
828 981
828 1040
828 1049
828 1116
828 1696
828 1739
829 868
829 1509
829 1679
830 1653
830 1741
831 983
831 1456
831 1699
831 1718
831 1796
831 1953
832 848
832 875
832 965
832 1059
832 1630
832 1646
832 1948
833 1150
833 1289
833 1534
833 1751
834 908
834 962
834 1123
834 1648
834 1737
835 870
835 878
835 927
835 958
835 1079
835 1584
835 1760
836 1235
836 1275
836 1488
836 1595
836 1714
836 1798
836 1939
837 934
837 1275
837 1888
837 1921
837 1922
838 1102
838 1109
838 1585
838 1604
838 1740
839 1302
840 938
840 964
840 1278
840 1645
840 1743
840 1912
841 934
841 1057
841 1681
841 1875
841 1880
841 1989
842 1537
842 1691
842 1733
843 944
843 1166
843 1977
844 1039
844 1577
845 1109
845 1640
845 1882
846 1005
846 1412
846 1416
846 1785
846 1880
846 1907
847 954
847 1864
848 1082
849 879
849 1046
849 1188
849 1830
850 1512
850 1655
851 921
851 1041
851 1377
851 1399
851 1873
852 1016
852 1071
852 1203
852 1235
852 1303
852 1600
852 1729
852 1964
852 1994
853 1846
853 1868
853 1971
854 951
854 1266
854 1283
854 1803
854 1842
855 866
855 1239
855 1277
855 1346
855 1657
855 1740
855 1788
855 1911
856 923
856 1191
856 1689
856 1722
857 1004
857 1143
857 1158
857 1194
857 1327
857 1612
857 1628
857 1684
857 1719
857 1940
860 917
860 1110
860 1400
860 1432
860 1579
860 1824
860 1851
861 993
861 1422
861 1810
861 1871
862 1003
862 1083
862 1147
862 1173
862 1252
862 1301
862 1835
863 920
863 1205
863 1252
863 1419
864 893
864 1053
864 1180
864 1778
864 1927
865 1082
865 1101
865 1219
865 1235
865 1285
866 981
866 1180
866 1304
866 1660
866 1662
867 1545
868 1035
869 979
869 1117
869 1397
870 1039
870 1165
870 1267
870 1485
870 1717
870 1971
871 1297
871 1301
871 1602
871 1637
872 1213
872 1276
872 1402
872 1800
873 1186
873 1284
873 1497
873 1752
874 1271
874 1746
875 962
875 1006
875 1112
875 1415
876 909
876 1921
877 1097
878 1101
878 1262
878 1472
878 1495
878 1517
878 1544
878 1631
879 1506
880 1386
880 1722
880 1968
881 1428
881 1638
881 1664
881 1841
881 1875
882 1252
882 1412
882 1484
882 1598
882 1607
882 1626
882 1752
882 1767
883 971
883 1309
883 1428
884 910
884 1382
884 1524
884 1526
884 1707
884 1907
884 1989
884 1999
885 896
885 898
885 914
885 1012
885 1114
885 1900
885 1961
886 1108
886 1136
886 1153
886 1579
886 1655
887 1203
887 1411
887 1757
887 1783
888 1437
889 1351
889 1556
889 1608
889 1787
890 1128
890 1421
890 1617
890 1657
890 1910
890 1976
891 1509
891 1941
891 1984
892 941
892 1160
892 1469
892 1853
892 1917
892 1948
893 1274
893 1478
893 1531
893 1727
893 1880
893 1910
894 1149
895 1272
895 1332
895 1863
895 1884
896 1520
897 1198
897 1507
898 996
898 1017
898 1390
898 1420
898 1957
899 935
899 1381
899 1406
899 1487
899 1692
899 1886
899 1974
900 919
900 936
900 1194
900 1290
900 1858
901 1020
901 1050
901 1458
902 1229
902 1320
902 1350
903 1542
903 1695
903 1816
904 1297
905 1242
905 1275
905 1365
905 1866
905 1983
906 913
906 1965
907 1020
907 1260
907 1651
908 1167
909 1327
909 1490
909 1525
909 1891
910 913
910 1326
910 1596
910 1916
912 1729
912 1913
913 1715
913 1725
913 1997
914 1289
914 1419
914 1609
914 1614
914 1752
914 1943
915 1177
915 1704
915 1744
916 1125
917 1082
917 1110
917 1261
917 1703
917 1921
918 1400
919 952
919 1559
919 1656
919 1863
919 1990
920 995
920 1100
920 1271
920 1491
920 1723
920 1755
920 1863
921 1275
921 1329
921 1866
922 964
922 1162
922 1333
922 1443
923 1450
923 1523
923 1694
924 1498
924 1546
924 1697
925 1227
925 1362
925 1458
925 1678
925 1756
926 1172
926 1282
926 1567
926 1816
927 1105
927 1235
927 1268
927 1302
927 1765
928 934
928 1099
928 1856
928 1880
928 1948
929 934
929 1114
929 1387
929 1995
930 1068
930 1325
930 1359
930 1532
930 1634
931 1066
931 1282
931 1371
931 1988
932 1456
932 1705
932 1961
933 937
933 1102
933 1278
933 1512
933 1603
934 1092
934 1273
934 1406
934 1590
934 1779
934 1809
934 1835
935 1266
935 1598
935 1699
935 1714
935 1846
935 1907
936 1362
936 1601
936 1756
936 1900
937 1228
937 1766
937 1804
937 1868
938 992
938 1305
939 1000
939 1057
939 1179
939 1658
940 1134
940 1322
940 1739
940 1879
941 966
941 1407
941 1506
941 1540
941 1554
941 1637
941 1707
941 1778
941 1919
942 1128
942 1363
942 1541
942 1551
942 1883
942 1923
943 1070
943 1138
943 1272
943 1273
943 1316
943 1408
943 1841
944 1246
944 1413
944 1933
945 1750
945 1790
946 951
946 1219
946 1701
946 1728
946 1880
947 1386
947 1400
947 1540
947 1838
947 1964
948 1092
948 1335
948 1631
948 1669
949 990
949 1801
949 1846
949 1934
950 1082
950 1101
950 1385
950 1622
950 1920
951 1132
951 1134
951 1467
951 1643
951 1926
952 1170
952 1431
952 1672
952 1944
953 998
953 1114
953 1144
953 1226
953 1758
954 971
954 1076
954 1078
954 1916
954 1983
955 1075
955 1259
955 1382
955 1386
955 1558
956 997
956 1016
956 1083
956 1189
956 1693
956 1722
957 972
957 1101
958 1124
958 1433
958 1504
958 1546
958 1834
959 1291
959 1630
959 1646
959 1781
959 1792
960 1052
960 1118
960 1204
960 1279
960 1291
960 1561
961 1482
961 1747
962 1021
962 1022
962 1730
964 1210
964 1314
964 1456
965 1052
965 1461
965 1481
965 1634
966 1073
966 1166
967 1103
967 1907
967 1918
967 1937
968 1233
968 1854
969 1229
969 1543
969 1757
969 1794
969 1830
970 1074
970 1176
970 1281
970 1342
970 1400
970 1427
970 1695
971 974
971 1149
971 1299
971 1825
972 1141
972 1647
972 1861
972 1938
973 1404
973 1448
973 1562
973 1681
973 1725
973 1770
974 990
974 1034
974 1051
974 1202
974 1475
974 1561
974 1853
974 1931
975 978
975 1011
975 1444
975 1786
976 1517
976 1758
976 1924
977 1033
977 1114
977 1661
977 1671
978 1024
978 1031
978 1606
978 1934
979 1831
980 1167
980 1470
980 1618
980 1625
980 1841
980 1870
980 1986
981 1453
981 1755
981 1776
981 1785
982 1899
983 1486
983 1507
983 1514
984 1266
984 1299
984 1542
984 1900
985 1116
985 1153
985 1276
985 1294
985 1417
985 1565
985 1598
985 1662
985 1663
986 1022
986 1085
986 1546
986 1706
987 1672
987 1892
989 1059
989 1279
989 1511
989 1798
989 1831
990 1205
990 1237
990 1319
990 1699
990 1788
990 1901
990 1961
992 1741
992 1916
992 1972
992 1979
993 1109
993 1165
993 1781
994 1104
994 1312
994 1389
994 1427
994 1462
994 1518
994 1754
995 1198
995 1273
995 1400
995 1402
995 1720
995 1839
996 1288
996 1312
996 1698
996 1893
997 1059
997 1374
997 1988
998 1053
998 1196
999 1148
999 1180
999 1193
999 1850
999 1866
1000 1972
1001 1269
1001 1343
1001 1569
1002 1103
1002 1664
1002 1846
1003 1129
1003 1200
1003 1253
1003 1441
1003 1559
1003 1801
1003 1952
1004 1369
1004 1821
1005 1297
1005 1513
1005 1783
1006 1964
1007 1013
1007 1407
1007 1614
1007 1666
1008 1121
1008 1396
1008 1612
1008 1703
1009 1216
1009 1836
1010 1451
1010 1593
1010 1602
1011 1399
1011 1469
1011 1583
1011 1591
1011 1659
1011 1943
1012 1026
1012 1067
1012 1150
1013 1928
1013 1998
1014 1516
1014 1851
1014 1957
1015 1037
1015 1105
1015 1465
1015 1575
1015 1901
1016 1094
1016 1200
1016 1395
1016 1814
1016 1828
1016 1900
1016 1953
1017 1026
1017 1323
1017 1356
1017 1617
1017 1814
1017 1992
1018 1496
1018 1548
1018 1978
1019 1267
1019 1425
1019 1537
1020 1357
1020 1517
1020 1625
1020 1908
1020 1966
1021 1445
1021 1517
1021 1689
1021 1957
1022 1243
1022 1297
1022 1321
1022 1503
1023 1191
1024 1273
1024 1296
1024 1344
1024 1489
1024 1681
1024 1907
1025 1045
1025 1226
1025 1931
1025 1969
1026 1071
1026 1133
1026 1162
1026 1213
1026 1433
1026 1556
1026 1903
1027 1107
1027 1720
1027 1828
1028 1151
1028 1286
1028 1378
1028 1670
1029 1670
1029 1921
1030 1079
1030 1454
1030 1776
1032 1047
1032 1413
1032 1428
1032 1788
1033 1353
1034 1934
1035 1373
1035 1638
1035 1877
1036 1420
1036 1831
1036 1856
1036 1917
1037 1894
1038 1150
1038 1262
1038 1428
1038 1479
1038 1726
1039 1231
1039 1265
1039 1568
1039 1570
1040 1523
1040 1687
1040 1925
1041 1596
1041 1757
1042 1098
1042 1152
1042 1257
1042 1486
1042 1945
1043 1080
1043 1082
1043 1518
1043 1992
1044 1112
1044 1127
1044 1636
1044 1716
1044 1743
1045 1096
1045 1258
1045 1897
1046 1069
1047 1349
1047 1782
1048 1225
1048 1451
1048 1513
1048 1628
1048 1749
1049 1059
1049 1406
1049 1469
1049 1598
1050 1213
1050 1482
1050 1579
1050 1658
1050 1808
1051 1220
1051 1317
1051 1542
1051 1571
1051 1575
1051 1693
1051 1780
1052 1235
1052 1337
1053 1176
1053 1338
1053 1369
1053 1411
1053 1663
1054 1074
1054 1414
1054 1429
1055 1350
1056 1399
1057 1142
1057 1410
1057 1432
1057 1677
1057 1989
1058 1091
1058 1149
1058 1184
1058 1592
1058 1787
1059 1139
1059 1326
1059 1464
1059 1672
1060 1381
1060 1952
1061 1653
1061 1709
1062 1210
1062 1442
1062 1459
1062 1519
1062 1731
1063 1356
1063 1357
1063 1369
1063 1697
1064 1146
1064 1212
1064 1221
1064 1232
1064 1418
1064 1780
1065 1612
1065 1834
1066 1147
1066 1168
1066 1447
1066 1680
1067 1240
1067 1324
1067 1573
1068 1161
1068 1192
1068 1198
1068 1746
1069 1299
1069 1540
1069 1714
1069 1921
1070 1699
1070 1704
1070 1708
1070 1814
1070 1903
1071 1104
1071 1328
1071 1500
1071 1504
1071 1729
1071 1950
1072 1249
1072 1287
1073 1617
1073 1757
1073 1934
1074 1303
1074 1686
1074 1699
1074 1816
1074 1855
1075 1088
1075 1440
1075 1521
1075 1736
1075 1888
1075 1906
1075 2000
1076 1176
1076 1769
1076 1788
1077 1160
1077 1498
1077 1683
1077 1866
1077 1901
1077 1935
1077 1940
1077 1967
1078 1113
1078 1320
1078 1523
1078 1606
1078 1613
1079 1652
1079 1694
1079 1729
1079 1806
1080 1164
1080 1425
1080 1859
1081 1131
1081 1485
1081 1776
1081 1891
1081 1902
1081 1981
1082 1124
1082 1284
1082 1437
1082 1834
1082 1966
1083 1173
1083 1772
1083 1973
1084 1385
1084 1458
1084 1674
1085 1202
1085 1301
1085 1530
1086 1144
1086 1396
1086 1915
1086 1967
1088 1364
1088 1922
1089 1888
1089 1954
1090 1572
1090 1589
1090 1730
1091 1249
1091 1636
1092 1434
1092 1610
1092 1738
1093 1146
1093 1215
1093 1355
1093 1566
1093 1625
1093 1938
1094 1100
1094 1628
1094 1678
1095 1360
1095 1369
1095 1688
1096 1217
1096 1602
1096 1861
1097 1596
1097 1660
1097 1834
1098 1401
1098 1446
1098 1518
1098 1970
1099 1644
1099 1789
1099 1837
1100 1133
1100 1482
1100 1562
1101 1219
1101 1524
1102 1230
1102 1345
1102 1622
1102 1682
1102 1697
1103 1563
1104 1727
1105 1139
1105 1527
1105 1788
1105 1902
1105 1909
1106 1137
1106 1311
1106 1443
1107 1261
1107 1300
1107 1318
1107 1444
1108 1419
1108 1426
1108 1989
1109 1179
1109 1198
1109 1238
1109 1463
1109 1625
1109 1832
1109 1944
1110 1296
1110 1438
1111 1155
1111 1557
1111 1639
1111 1653
1111 1766
1112 1137
1112 1144
1112 1159
1112 1231
1112 1961
1112 1979
1112 1993
1113 1797
1113 1954
1114 1271
1114 1332
1114 1398
1115 1264
1115 1413
1115 1416
1115 1706
1116 1415
1116 1795
1116 1848
1117 1248
1117 1484
1118 1209
1118 1575
1118 1894
1119 1730
1119 1967
1120 1432
1121 1283
1121 1511
1122 1332
1122 1676
1122 1991
1123 1575
1124 1464
1124 1477
1124 1633
1124 1638
1124 1783
1125 1815
1126 1629
1127 1141
1127 1302
1127 1397
1127 1788
1127 1869
1128 1315
1128 1356
1128 1543
1128 1739
1129 1185
1129 1236
1129 1326
1129 1339
1129 1510
1129 1775
1129 1776
1129 1892
1129 1951
1130 1453
1130 1518
1130 1713
1130 1900
1130 1937
1130 1987
1131 1154
1131 1337
1131 1643
1131 1671
1131 1840
1132 1232
1132 1299
1132 1374
1132 1577
1133 1308
1133 1626
1133 1644
1133 1703
1133 1877
1133 1892
1134 1323
1134 1691
1135 1646
1135 1887
1136 1150
1136 1174
1136 1347
1136 1682
1136 1694
1136 1864
1137 1570
1138 1605
1138 1727
1139 1378
1139 1841
1140 1308
1140 1334
1140 1343
1140 1462
1140 1718
1140 1883
1141 1804
1141 1940
1142 1160
1142 1348
1142 1598
1143 1538
1144 1552
1144 1603
1144 1940
1144 1963
1145 1183
1145 1191
1145 1617
1145 1668
1146 1759
1147 1152
1147 1188
1147 1853
1147 1881
1147 1988
1148 1382
1149 1300
1149 1701
1149 1708
1149 1747
1149 1871
1150 1321
1150 1519
1150 1994
1151 1254
1151 1397
1151 1547
1152 1210
1152 1322
1152 1352
1152 1512
1152 1637
1153 1158
1153 1187
1153 1221
1153 1535
1153 1882
1154 1189
1154 1258
1154 1318
1154 1731
1154 1776
1155 1279
1155 1296
1155 1612
1155 1691
1155 1699
1156 1351
1156 1593
1156 1653
1157 1370
1158 1235
1158 1311
1158 1320
1158 1439
1158 1897
1158 1976
1159 1725
1160 1335
1160 1573
1160 1767
1161 1310
1161 1415
1161 1477
1161 1596
1161 1793
1162 1465
1162 1538
1162 1888
1162 1945
1164 1208
1164 1527
1164 1898
1165 1280
1165 1530
1165 1543
1166 1544
1166 1569
1166 1682
1167 1181
1167 1497
1168 1640
1168 1718
1169 1332
1170 1365
1170 1473
1170 1847
1171 1724
1172 1449
1173 1230
1173 1236
1173 1281
1174 1306
1174 1493
1174 1600
1174 1700
1174 1772
1174 1902
1175 1206
1175 1363
1175 1576
1177 1426
1177 1497
1177 1555
1177 1558
1177 1599
1177 1704
1179 1662
1180 1696
1181 1325
1181 1668
1182 1683
1182 1970
1183 1594
1183 1842
1184 1816
1185 1374
1185 1608
1185 1704
1186 1381
1186 1490
1186 1678
1186 1718
1187 1416
1187 1734
1187 1956
1188 1281
1188 1514
1188 1819
1189 1255
1189 1256
1189 1463
1189 1684
1189 1783
1189 1786
1190 1493
1191 1199
1191 1286
1191 1413
1191 1992
1192 1279
1192 1377
1192 1659
1192 1803
1193 1236
1193 1927
1194 1241
1194 1448
1195 1529
1195 1602
1195 1617
1195 1726
1196 1592
1196 1866
1196 1868
1196 1882
1196 1924
1196 1968
1197 1999
1198 1527
1198 1589
1198 1610
1198 1892
1199 1279
1200 1876
1201 1280
1201 1797
1201 1824
1202 1219
1202 1711
1203 1245
1203 1943
1204 1409
1204 1433
1204 1984
1205 1293
1205 1553
1205 1784
1206 1238
1206 1438
1206 1787
1206 1829
1207 1306
1207 1404
1207 1425
1207 1509
1207 1543
1207 1740
1207 1953
1208 1591
1209 1292
1209 1397
1209 1834
1210 1479
1210 1512
1210 1768
1210 1776
1210 1839
1211 1357
1211 1377
1211 1429
1211 1772
1211 1774
1212 1226
1212 1302
1212 1486
1212 1732
1212 1966
1213 1873
1214 1248
1214 1319
1214 1913
1215 1268
1215 1290
1215 1521
1215 1554
1215 1949
1216 1530
1216 1547
1216 1594
1216 1604
1217 1229
1217 1258
1217 1555
1217 1633
1217 1681
1217 1699
1218 1310
1218 1883
1219 1362
1219 1897
1219 1925
1220 1824
1221 1245
1221 1288
1221 1308
1221 1424
1221 1846
1222 1347
1222 1411
1222 1444
1222 1470
1222 1779
1223 1269
1223 1470
1223 1584
1223 1786
1224 1323
1224 1365
1224 1620
1224 1881
1224 1924
1224 1995
1225 1252
1225 1270
1225 1611
1225 1791
1225 1885
1226 1271
1226 1852
1227 1570
1227 1574
1227 1580
1228 1356
1229 1492
1229 1564
1229 1910
1230 1339
1230 1533
1230 1947
1230 1956
1231 1855
1231 1871
1232 1953
1233 1457
1233 1589
1233 1981
1234 1343
1234 1607
1234 1697
1234 1857
1236 1332
1236 1661
1236 1982
1237 1832
1237 1841
1237 1938
1238 1253
1238 1845
1239 1515
1239 1793
1239 1865
1239 1887
1240 1260
1240 1475
1241 1306
1241 1615
1241 1776
1241 1799
1242 1417
1242 1725
1243 1271
1243 1427
1243 1447
1243 1568
1244 1423
1244 1512
1244 1750
1244 1801
1244 1895
1244 1953
1245 1270
1245 1516
1245 1639
1245 1729
1246 1278
1246 1296
1247 1256
1247 1996
1248 1324
1248 1382
1248 1528
1248 1724
1249 1724
1249 1784
1249 1872
1249 1926
1250 1569
1250 1616
1250 1796
1250 1840
1251 1387
1251 1535
1251 1563
1251 1680
1251 1703
1251 1766
1251 1773
1251 1957
1252 1505
1253 1351
1253 1552
1253 1583
1253 1827
1253 1993
1254 1426
1254 1449
1254 1479
1254 1634
1254 1748
1254 1801
1255 1643
1255 1651
1255 1712
1257 1339
1257 1490
1257 1538
1258 1399
1259 1305
1259 1592
1259 1996
1260 1696
1260 1838
1261 1276
1261 1386
1261 1518
1261 1549
1261 1575
1262 1546
1263 1689
1263 1755
1263 1793
1263 1894
1264 1594
1264 1739
1264 1976
1265 1748
1265 1900
1266 1339
1266 1432
1266 1550
1266 1622
1266 1624
1266 1781
1267 1753
1268 1278
1268 1326
1268 1392
1268 1929
1268 1930
1269 1340
1269 1515
1269 1765
1269 1795
1270 1343
1270 1509
1270 1761
1270 1862
1270 1966
1271 1551
1271 1670
1272 1359
1272 1629
1272 1878
1273 1869
1273 1920
1274 1345
1274 1662
1274 1859
1275 1764
1276 1664
1276 1829
1277 1983
1277 1995
1278 1527
1278 1532
1278 1684
1278 1818
1278 1858
1278 1980
1279 1522
1279 1605
1280 1397
1280 1407
1280 1702
1282 1372
1282 1519
1282 1668
1282 1971
1283 1679
1285 1422
1285 1449
1285 1711
1286 1308
1286 1314
1286 1367
1286 1781
1286 1791
1286 1890
1287 1864
1288 1379
1289 1299
1289 1482
1289 1644
1289 1648
1289 1857
1289 1888
1290 1405
1290 1939
1290 1961
1291 1330
1292 1400
1293 1368
1293 1507
1293 1664
1294 1308
1294 1689
1294 1698
1295 1973
1296 1373
1296 1610
1296 1843
1297 1464
1297 1728
1297 1767
1297 1905
1298 1858
1298 1868
1299 1379
1299 1911
1300 1448
1300 1774
1300 1866
1300 1875
1301 1817
1302 1794
1303 1731
1303 1739
1303 1930
1303 1953
1304 1670
1304 1847
1305 1475
1306 1378
1306 1387
1306 1715
1307 1476
1307 1971
1308 1680
1309 1628
1309 1919
1310 1347
1310 1471
1310 1646
1310 1653
1312 1347
1312 1643
1312 1756
1312 1819
1313 1347
1313 1552
1314 1449
1314 1595
1314 1907
1315 1471
1316 1322
1316 1435
1318 1367
1319 1331
1319 1376
1320 1504
1320 1647
1320 1722
1320 1926
1320 1931
1321 1866
1321 1910
1322 1449
1322 1757
1322 1779
1322 1877
1322 1928
1323 1355
1323 1395
1323 1647
1324 1392
1324 1712
1324 1813
1325 1468
1325 1562
1325 1724
1325 1979
1325 1985
1326 1333
1326 1498
1326 1814
1326 1866
1327 1576
1327 1984
1327 1988
1328 1562
1328 1875
1328 1945
1330 1815
1330 1875
1331 1737
1331 1884
1332 1370
1332 1767
1332 1821
1332 1923
1333 1338
1333 1499
1333 1531
1333 1991
1334 1448
1334 1813
1334 1914
1334 1930
1335 1610
1335 1945
1336 1524
1336 1610
1336 1753
1336 1781
1336 1890
1337 1380
1337 1933
1338 1432
1338 1830
1338 1957
1339 1443
1339 1628
1339 1710
1340 1422
1340 1623
1340 1876
1340 1937
1341 1581
1341 1893
1341 1922
1342 1608
1343 1732
1344 1612
1344 1669
1345 1356
1345 1716
1345 1926
1346 1496
1346 1580
1346 1596
1346 1734
1347 1398
1347 1452
1347 1590
1347 1873
1348 1499
1348 1643
1348 1992
1349 1363
1349 1538
1349 1651
1350 1396
1350 1741
1351 1681
1351 1712
1351 1888
1352 1369
1352 1515
1352 1889
1352 1898
1353 1449
1354 1355
1354 1395
1354 1722
1354 1803
1355 1884
1356 1399
1356 1520
1356 1812
1356 1896
1357 1373
1357 1596
1357 1913
1358 1422
1358 1888
1359 1365
1359 1394
1359 1524
1359 1844
1360 1962
1361 1734
1363 1721
1364 1439
1364 1872
1365 1512
1365 1738
1365 1961
1365 1962
1366 1386
1366 1637
1367 1529
1368 1592
1369 1828
1370 1872
1371 1450
1372 1485
1372 1936
1373 1649
1373 1975
1374 1492
1374 1646
1375 1772
1375 1890
1376 1518
1377 1450
1377 1740
1378 1600
1378 1696
1381 1500
1381 1579
1381 1890
1382 1987
1383 1868
1384 1577
1384 1832
1385 1541
1386 1423
1386 1485
1386 1578
1386 1986
1387 1576
1387 1704
1387 1927
1389 1448
1389 1458
1389 1464
1389 1569
1389 1886
1390 1800
1390 1849
1390 1850
1390 1943
1391 1763
1391 1827
1391 1868
1393 1409
1393 1635
1393 1920
1394 1584
1394 1650
1394 1742
1394 1780
1394 1807
1395 1399
1395 1751
1395 1976
1396 1579
1396 1663
1396 1933
1397 1430
1397 1478
1397 1528
1397 1682
1397 1689
1397 1725
1398 1655
1398 1660
1399 1557
1399 1818
1399 1876
1402 1657
1402 1697
1402 1757
1402 1818
1403 1458
1403 1688
1403 1724
1403 1836
1404 1514
1404 1521
1404 1545
1404 1655
1404 1668
1404 1868
1405 1809
1406 1492
1406 1617
1406 1642
1407 1563
1407 1964
1408 1662
1408 1754
1408 1920
1408 1998
1409 1680
1409 1919
1409 1995
1410 1451
1410 1566
1410 1634
1410 1672
1410 1933
1411 1956
1412 1861
1413 1873
1413 1945
1414 1527
1414 1840
1414 1900
1415 1449
1415 1898
1415 1986
1417 1926
1419 1620
1419 1822
1420 1990
1421 1751
1422 1698
1422 1798
1422 1873
1422 1951
1422 1982
1423 1491
1423 1597
1423 1628
1423 1713
1423 1838
1425 1634
1425 1956
1426 1432
1426 1974
1427 1612
1427 1631
1427 1914
1428 1558
1428 1660
1428 1773
1428 1875
1428 1954
1429 1665
1430 1957
1431 1470
1431 1572
1431 1921
1432 1563
1432 1828
1432 1879
1433 1740
1433 1966
1434 1460
1434 1801
1435 1512
1435 1793
1435 1812
1436 1565
1436 1893
1437 1458
1437 1796
1438 1890
1438 1906
1438 1996
1439 1730
1439 1975
1439 1994
1440 1957
1440 1970
1441 1485
1441 1513
1441 1904
1442 1448
1442 1455
1442 1993
1443 1619
1443 1639
1443 1864
1444 1470
1444 1713
1444 1885
1445 1591
1445 1756
1446 1652
1446 1699
1446 1943
1446 2000
1447 1502
1447 1922
1448 1655
1449 1599
1449 1689
1450 1515
1450 1751
1451 1571
1451 1803
1452 1685
1453 1663
1453 1835
1454 1503
1454 1594
1455 1624
1456 1642
1457 1478
1457 1960
1459 1535
1459 1811
1460 1627
1460 1737
1462 1495
1462 1908
1462 1995
1463 1928
1465 1504
1465 1562
1465 1611
1465 1851
1465 1973
1466 1513
1466 1706
1467 1970
1468 1557
1469 1965
1470 1585
1470 1772
1472 1480
1473 1863
1474 1488
1474 1559
1474 1777
1474 1841
1475 1631
1475 1736
1475 1836
1475 1933
1476 1888
1478 1509
1478 1606
1478 1726
1479 1734
1479 1739
1480 1493
1481 1736
1481 1966
1482 1543
1482 1559
1483 1717
1485 1615
1485 1906
1487 1579
1487 1751
1487 1802
1488 1632
1488 1756
1489 1538
1489 1895
1490 1591
1490 1627
1490 1933
1490 1955
1491 1640
1491 1737
1492 1531
1492 1559
1492 1590
1493 1807
1493 1941
1495 1896
1496 1518
1496 1557
1496 1585
1496 1937
1496 1984
1497 1610
1498 1524
1499 1551
1500 1862
1502 1814
1502 1838
1503 1961
1504 1589
1504 1647
1504 1709
1504 1960
1505 1541
1505 1543
1505 1653
1506 1768
1507 1566
1507 1743
1507 1761
1507 1832
1507 1870
1508 1713
1508 1720
1508 1764
1508 1778
1509 1627
1509 1688
1509 1953
1509 1992
1510 1896
1510 1910
1510 1962
1512 1602
1512 1725
1512 1948
1512 1960
1513 1538
1514 1673
1514 1775
1515 1650
1515 1758
1515 1763
1515 1823
1515 1931
1516 1971
1519 1618
1520 1871
1521 1652
1522 1527
1522 1882
1523 1673
1523 1802
1523 1818
1523 1938
1524 1550
1525 1655
1525 1767
1525 1796
1525 1802
1525 1924
1526 1748
1526 1859
1527 1650
1530 1647
1530 1863
1531 1669
1532 1545
1532 1862
1534 1793
1534 1896
1536 1777
1536 1822
1536 1840
1537 1606
1537 1753
1537 1917
1538 1572
1538 1587
1539 1585
1539 1868
1539 1879
1540 1964
1540 1988
1542 1688
1542 1763
1543 1912
1544 1587
1545 1877
1545 1907
1546 1746
1546 1972
1547 1580
1547 1673
1547 1730
1547 1751
1547 1986
1548 1581
1549 1576
1551 1638
1551 1674
1551 1725
1551 1930
1552 1714
1552 1911
1553 1682
1553 1922
1553 1979
1555 1556
1555 1783
1556 1629
1556 1952
1556 1980
1557 1602
1558 1800
1558 1906
1558 1919
1559 1646
1559 1679
1559 1790
1560 1985
1561 1573
1562 1832
1562 1882
1562 1965
1563 1813
1564 1606
1564 1878
1564 1983
1565 1966
1566 1597
1566 1672
1566 1935
1567 1599
1567 1768
1568 1612
1568 1636
1568 1660
1568 1699
1570 1581
1570 1711
1570 1958
1572 1591
1574 1592
1576 1609
1576 1851
1576 1920
1577 1747
1577 1788
1578 1583
1578 1652
1579 1648
1580 1983
1581 1643
1582 1586
1582 1830
1582 1895
1583 1656
1585 1889
1586 1886
1587 1784
1587 1860
1587 1869
1587 1914
1588 1785
1589 1764
1590 1617
1591 1638
1591 1779
1591 1812
1591 1906
1591 1926
1591 1955
1592 1804
1592 1835
1593 1788
1594 1712
1594 1776
1596 1604
1596 1799
1596 1807
1596 1873
1596 1925
1598 1878
1601 1788
1601 1947
1603 1670
1603 1937
1606 1798
1606 1857
1607 1651
1607 1964
1607 1984
1608 1726
1608 1745
1608 1879
1609 1685
1609 1961
1610 1700
1610 1955
1611 1874
1612 1966
1615 1651
1615 1905
1616 1683
1616 1768
1616 1777
1616 1875
1616 1927
1617 1621
1617 1999
1618 1672
1618 1740
1618 1854
1618 1957
1620 1767
1621 1706
1622 1681
1622 1713
1623 1657
1624 1886
1624 1925
1625 1732
1626 1709
1626 1733
1626 1899
1626 1978
1628 1697
1629 1940
1630 1700
1631 1719
1631 1955
1632 1716
1632 1901
1633 1855
1633 1954
1634 1679
1635 1767
1635 1794
1635 1990
1636 1747
1638 1756
1638 1905
1639 1826
1640 1755
1641 1735
1642 1683
1642 1929
1643 1860
1644 1681
1644 1826
1644 1977
1645 1651
1645 1665
1645 1693
1648 1927
1648 1941
1650 1680
1651 1855
1651 1912
1652 1737
1652 1783
1652 1887
1653 1684
1654 1656
1654 1802
1654 1963
1655 1902
1656 1929
1657 1757
1657 1966
1658 1782
1658 1847
1660 1813
1662 1848
1663 1698
1665 1751
1665 1980
1666 1909
1668 1698
1668 1892
1669 1805
1669 1905
1669 1931
1669 1980
1670 1993
1671 1948
1671 1968
1672 1828
1673 1820
1673 1946
1674 1818
1674 1882
1675 1852
1676 1697
1677 1703
1677 1810
1678 1772
1679 1788
1680 1990
1681 1874
1683 1754
1683 1904
1684 1902
1685 1984
1686 1733
1686 1749
1686 1941
1686 1996
1687 1699
1687 1767
1687 1815
1688 1887
1690 1841
1691 1894
1692 1770
1692 1803
1692 1809
1692 1891
1692 1930
1693 1753
1694 1862
1694 1878
1695 1982
1696 1983
1697 1840
1697 1853
1698 1804
1698 1972
1698 1990
1699 1955
1700 1741
1700 1823
1701 1735
1702 1938
1703 1789
1703 1809
1703 1840
1703 1898
1704 1790
1705 1873
1705 1945
1706 1849
1708 1803
1708 1822
1709 1789
1709 1936
1710 1914
1711 1789
1711 1885
1711 1968
1712 1878
1713 1801
1713 1825
1715 1805
1716 1905
1717 1796
1718 1915
1719 1814
1720 1876
1721 1725
1722 1883
1722 1989
1723 1844
1725 1911
1725 1945
1727 1971
1727 1984
1729 1907
1730 1845
1731 1734
1731 1794
1733 1962
1734 1786
1734 1803
1735 1737
1736 1868
1736 1886
1738 1793
1739 1853
1739 1892
1739 1998
1740 1883
1740 1985
1742 1969
1743 1749
1743 1758
1743 1898
1744 1829
1745 1998
1746 1774
1747 1796
1747 1996
1748 1864
1748 1976
1749 1990
1750 1892
1754 1881
1754 1920
1757 1798
1758 1847
1759 1794
1759 1899
1761 1892
1762 1857
1763 1784
1765 1886
1767 1915
1770 1790
1770 1857
1770 1983
1771 1988
1773 1835
1781 1887
1782 1954
1784 2000
1785 1842
1788 1819
1788 1954
1788 1959
1788 1968
1788 1970
1789 1894
1790 2000
1799 1856
1799 1905
1802 1862
1802 1902
1802 1917
1803 1939
1804 1899
1805 1872
1806 1812
1807 1854
1807 1897
1810 1812
1810 1912
1813 1897
1813 1914
1813 1970
1816 1993
1819 1897
1823 1940
1824 1888
1825 1895
1825 1952
1827 1839
1827 1952
1831 1919
1832 1882
1833 1878
1834 1966
1840 1948
1840 1984
1841 1846
1841 1921
1844 1936
1848 1851
1848 1852
1848 1855
1849 1921
1850 1978
1851 1940
1857 1907
1858 1885
1860 1891
1860 1975
1861 1948
1862 1946
1865 1885
1866 1932
1867 1992
1876 1977
1878 1924
1879 1883
1879 1887
1879 1920
1885 1910
1885 1964
1887 1942
1888 1999
1891 1928
1893 1978
1901 1975
1904 1983
1908 1945
1908 1986
1910 1955
1910 1983
1916 1935
1916 1981
1928 1989
1962 1999
1963 1985
1964 1976
1968 1983