2000
1 663
1 715
1 716
1 1191
1 1474
1 1526
1 1838
1 1911
1 1918
1 1982
2 592
2 694
2 772
2 884
2 1139
2 1283
2 1451
2 1669
2 1961
3 184
3 307
3 480
3 566
3 595
3 674
3 867
3 1327
3 1335
3 1412
3 1579
3 1663
3 1750
3 1896
3 1904
4 65
4 210
4 469
4 783
4 805
4 1021
4 1103
4 1121
4 1474
4 1586
4 2000
5 24
5 271
5 756
5 1097
5 1260
5 1437
5 1536
6 27
6 281
6 658
6 1261
6 1364
6 1512
6 1586
6 1931
7 24
7 27
7 271
7 853
7 1008
7 1020
7 1243
7 1416
7 1787
8 66
8 164
8 268
8 323
8 539
8 583
8 987
8 1168
8 1593
8 1621
8 1643
8 1741
8 1786
8 1871
8 1984
9 220
9 221
9 973
9 1196
9 1372
9 1712
9 1906
9 1938
10 66
10 274
10 489
10 590
10 672
10 811
10 1266
10 1382
10 1597
10 1753
10 1931
11 144
11 201
11 327
11 1368
11 1813
12 40
12 107
12 372
12 389
12 763
12 1014
12 1167
12 1393
12 1521
12 1802
13 347
13 419
13 444
13 965
13 1174
13 1197
13 1218
13 1295
13 1784
13 1945
14 52
14 85
14 327
14 1044
14 1148
14 1176
14 1197
14 1742
14 1831
14 1858
15 248
15 828
15 1011
16 66
16 722
16 888
16 994
16 1114
16 1189
16 1314
16 1342
16 1405
17 215
17 251
17 316
17 999
17 1229
17 1293
17 1450
17 1531
17 1881
17 1970
18 104
18 244
18 689
18 1178
18 1558
18 1659
19 63
19 369
19 371
19 683
19 1410
19 1574
19 1874
20 174
20 885
20 1026
20 1148
20 1489
20 1720
21 113
21 306
21 424
21 431
21 565
21 730
21 917
21 1261
21 1389
21 1397
21 1668
21 1811
21 1962
22 167
22 276
22 534
22 543
22 787
22 1523
22 1636
22 1752
22 1775
22 1815
22 1835
22 1880
22 1913
23 167
23 218
23 730
23 1041
23 1555
23 1615
23 1870
23 1876
23 1927
23 1974
24 104
24 115
24 497
24 844
24 926
24 990
24 1728
24 1889
24 1902
25 310
25 393
25 530
25 589
25 610
25 1008
25 1627
25 1676
26 581
26 986
26 1043
26 1700
26 1886
26 1959
27 98
27 308
27 830
27 1520
27 1773
27 1792
27 1806
27 1887
28 213
28 321
28 493
28 620
28 629
28 824
28 1098
28 1747
28 1978
29 48
29 283
29 503
29 1786
29 1792
29 1996
30 649
30 938
30 957
30 1223
30 1456
30 1871
31 205
31 389
31 739
31 952
31 978
31 1072
31 1280
31 1361
31 1516
31 1559
31 1580
32 667
32 958
32 973
32 1079
32 1574
32 1839
32 1908
33 166
33 656
33 760
33 966
33 1210
33 1417
33 1773
33 1971
34 521
34 1928
35 273
35 491
35 600
35 689
35 1134
35 1315
36 306
36 907
36 1011
36 1337
37 181
37 194
37 247
37 402
37 482
37 541
37 887
37 1124
37 1322
37 1434
38 369
38 389
38 498
38 1199
38 1202
38 1483
38 1608
38 1637
38 1743
38 1948
39 103
39 148
39 253
39 520
39 762
39 981
39 1281
39 1290
39 1425
39 1442
39 1743
40 87
40 299
40 478
40 1595
40 1833
41 106
41 334
41 431
41 820
41 917
41 1021
41 1411
41 1569
41 1680
41 1804
41 1819
41 1888
42 111
42 319
42 550
42 576
42 724
42 803
42 1371
42 1846
43 255
43 321
43 615
43 829
43 1053
43 1445
43 1454
43 1799
43 1869
43 1944
44 68
44 368
44 563
44 629
44 670
44 807
44 996
44 1300
44 1440
44 1482
44 1809
45 145
45 395
45 695
45 988
45 1237
45 1424
45 1581
45 1643
45 1903
46 236
46 426
46 453
46 471
46 634
46 743
46 776
46 1088
46 1135
46 1238
46 1581
46 1663
46 1717
47 88
47 113
47 149
47 438
47 730
47 803
47 928
47 1131
47 1312
47 1318
47 1383
47 1431
47 1940
48 487
48 578
48 645
48 664
48 1758
49 382
49 437
49 544
49 588
49 656
49 979
49 1007
49 1129
49 1201
49 1214
49 1388
50 553
50 558
50 603
50 791
50 1157
50 1222
50 1921
51 214
51 326
51 398
51 480
51 586
51 1160
51 1676
51 1840
52 834
52 1033
52 1078
52 1296
52 1613
52 1663
52 1705
52 1975
53 504
53 862
53 1102
53 1314
53 1379
53 1428
53 1834
53 1847
54 89
54 650
54 795
54 871
54 1007
54 1076
54 1262
54 1360
54 1505
54 1584
54 1673
54 1765
54 1777
54 1930
54 1983
54 1996
55 138
55 927
55 1032
55 1169
55 1342
55 1406
55 1709
56 650
56 792
56 877
56 974
57 68
57 349
57 727
57 823
57 1194
57 1782
58 545
58 687
58 758
58 992
58 1326
58 1412
58 1476
58 1480
58 1833
59 87
59 129
59 546
59 690
59 827
59 848
59 936
59 1592
59 1628
59 1710
59 1796
59 1908
60 99
60 806
60 1064
60 1169
60 1436
60 1488
60 1713
60 1769
60 1840
60 1903
60 1948
61 264
61 663
61 1046
61 1415
61 1467
61 1498
61 1500
62 139
62 563
62 701
62 1449
63 183
63 529
63 887
63 1553
63 1709
64 97
64 335
64 404
64 462
64 526
64 732
64 1207
64 1516
64 1548
64 1711
64 1861
65 553
65 626
65 688
65 797
65 1664
65 1838
66 140
66 200
66 237
66 378
66 711
66 1016
66 1439
66 1530
66 1654
67 866
67 894
67 1171
67 1352
67 1554
67 1840
68 463
68 670
68 926
68 971
68 1216
68 1754
68 1912
68 1968
68 1971
69 71
69 493
69 821
69 1065
69 1417
70 111
70 508
70 769
70 962
70 971
70 1084
70 1158
70 1213
70 1357
70 1396
71 578
71 629
71 779
71 875
71 1175
71 1419
71 1431
71 1433
71 1639
71 1681
71 1712
71 1805
71 1818
72 82
72 648
72 675
72 683
72 958
72 973
72 995
72 1634
72 1703
72 1766
72 1853
72 1892
72 1980
73 94
73 142
73 417
73 491
73 980
73 1002
73 1316
73 1754
74 160
74 621
74 642
74 646
74 865
74 1426
74 1531
74 1869
75 281
75 1190
75 1202
75 1229
75 1469
75 1484
75 1948
76 253
76 277
76 342
76 592
76 679
76 1032
76 1042
76 1390
76 1428
76 1791
76 1847
76 1894
77 617
77 723
77 773
77 1327
77 1798
77 1813
77 1906
78 277
78 780
78 837
78 969
78 1110
78 1132
78 1247
78 1690
78 1878
79 123
79 238
79 569
79 1275
79 1379
80 119
80 458
80 548
80 755
80 1032
80 1267
80 1287
80 1334
80 1373
80 1438
80 1574
80 1762
80 1938
81 207
81 381
81 963
81 1089
82 228
82 398
82 421
82 906
82 1169
82 1471
82 1495
82 1840
83 394
83 546
83 1031
83 1032
83 1116
83 1581
83 1782
84 221
84 333
84 345
84 425
84 485
84 650
84 667
84 818
84 1336
84 1517
84 1872
85 116
85 815
85 1399
85 1589
85 1691
85 1814
86 175
86 291
86 954
86 1207
86 1609
86 1646
86 1787
86 1813
86 1829
86 1910
87 150
87 211
87 1162
87 1354
87 1569
88 139
88 457
88 894
88 993
88 1134
88 1236
88 1877
89 298
89 499
89 508
89 782
89 988
89 1009
89 1333
90 201
90 440
90 469
90 492
90 596
90 604
90 681
90 1106
90 1157
90 1455
90 1973
91 158
91 252
91 453
91 678
91 793
91 1222
91 1411
91 1646
91 1837
92 325
92 1007
92 1024
92 1122
92 1134
92 1171
92 1338
92 1533
92 1595
92 1788
92 1843
92 1969
93 218
93 325
93 555
93 920
93 1065
93 1590
93 1602
93 1785
93 1847
94 638
94 665
94 778
94 1191
94 1662
94 1837
94 1939
95 280
95 428
95 830
95 1113
95 1409
95 1667
96 177
96 543
96 852
96 876
96 925
96 1045
96 1207
96 1318
96 1369
96 1544
97 612
97 968
97 1306
97 1449
97 1596
97 1889
97 1969
98 192
98 456
98 541
98 572
98 882
98 923
98 939
98 940
98 1068
98 1853
99 230
99 496
99 555
99 684
99 1361
99 1491
100 188
100 295
100 415
100 507
100 612
100 729
100 972
100 1137
100 1155
100 1399
100 1409
100 1410
100 1462
100 1730
100 1884
101 269
101 539
101 861
101 973
101 1333
101 1384
101 1472
102 103
102 160
102 452
102 577
102 653
102 684
102 692
102 743
102 749
102 792
102 973
102 993
102 1129
102 1177
102 1634
102 1743
102 1803
102 1992
103 215
103 653
103 863
103 1434
103 1584
103 1762
103 1860
103 1866
104 264
104 389
104 542
104 596
104 662
104 711
104 720
104 764
104 853
104 935
104 979
104 984
104 1117
104 1302
105 106
105 642
105 1130
105 1361
105 1591
106 231
106 346
106 720
106 940
106 1120
106 1380
106 1866
107 117
107 334
107 427
107 600
107 609
107 613
107 642
107 1258
107 1350
107 1398
107 1929
108 223
108 277
108 503
108 731
108 1600
109 697
109 1003
109 1011
109 1131
109 1281
109 1432
109 1526
109 1923
109 1981
110 221
110 433
110 500
110 683
110 1280
110 1663
110 1746
110 1800
110 1845
110 1923
110 1929
111 601
111 696
111 747
111 751
111 870
111 1035
111 1126
111 1422
111 1712
111 1871
111 1927
112 433
112 437
112 464
112 539
112 834
112 1069
112 1640
112 1773
112 1919
113 263
113 451
113 479
113 530
113 588
113 949
113 1055
113 1056
113 1117
113 1128
113 1470
113 1550
113 1555
113 1885
113 1911
114 200
114 521
114 681
114 833
114 875
114 910
114 982
114 1271
114 1638
114 1910
115 169
115 501
115 764
115 1344
115 1532
115 1543
115 1899
116 438
116 594
116 768
116 1369
116 1507
116 1862
116 1987
117 458
117 518
117 547
117 586
117 1446
117 1471
117 1850
117 1966
117 1994
118 126
118 193
118 218
118 367
118 389
118 444
118 643
118 1063
118 1089
118 1360
118 1805
119 944
119 1196
119 1215
119 1612
119 1705
119 1912
119 1973
119 1989
120 529
120 625
120 1133
120 1181
120 1190
120 1340
120 1499
120 1514
120 1658
120 1790
120 1822
121 606
121 825
121 954
121 1107
121 1245
121 1504
121 1536
121 1737
121 1910
122 294
122 431
122 824
122 942
122 1077
122 1263
122 1265
122 1305
122 1526
122 1730
123 223
123 297
123 513
123 1261
123 1909
124 499
124 533
124 734
124 875
124 898
124 963
124 1241
124 1329
124 1680
124 1999
125 450
125 1398
125 1489
126 409
126 476
126 513
126 561
126 706
126 764
126 784
126 833
126 1070
126 1424
126 1439
126 1466
126 1512
126 1600
126 1853
127 267
127 306
127 669
127 746
127 913
127 1073
127 1162
127 1314
127 1990
128 181
128 338
128 802
128 931
128 1213
128 1496
128 1523
128 1713
129 221
129 231
129 233
129 673
129 718
129 826
129 1167
129 1276
129 1407
129 1450
129 1517
129 1947
130 270
130 452
130 670
130 841
130 899
130 1518
130 1688
130 1702
130 1791
131 202
131 726
131 1116
131 1564
131 1735
131 1794
131 1854
132 255
132 323
132 342
132 344
132 651
132 674
132 734
132 1052
132 1150
132 1360
132 1364
132 1370
132 1399
133 539
133 577
133 655
133 798
133 1000
133 1063
133 1245
133 1536
133 1897
133 1929
134 418
134 707
134 1039
134 1179
134 1610
134 1679
134 1952
135 389
135 618
135 796
135 1511
135 1607
135 1753
135 1853
135 1855
135 1998
136 521
136 648
136 786
136 973
136 1277
136 1528
136 1712
137 345
137 547
137 682
137 822
137 837
137 840
137 1200
137 1248
137 1386
138 208
138 211
138 299
138 602
138 1352
138 1713
138 1780
138 1808
138 1966
138 2000
139 278
139 334
139 535
139 888
139 914
139 1503
139 1587
140 196
140 550
140 582
140 668
140 694
140 1272
140 1398
140 1783
140 1863
141 367
141 430
141 700
141 722
141 782
141 799
141 1120
141 1345
141 1362
141 1587
141 1789
142 966
142 1397
142 1403
143 285
143 729
143 778
143 1069
143 1157
143 1370
143 1546
143 1677
143 1760
144 290
144 345
144 348
144 424
144 557
144 985
145 265
145 421
145 607
145 803
145 933
145 1032
145 1052
145 1054
145 1239
145 1430
145 1538
145 1835
145 1866
145 1978
146 185
146 213
146 221
146 499
146 618
146 864
146 1337
146 1413
146 1618
146 1686
146 1708
146 1918
147 679
147 872
147 900
147 1003
147 1695
147 1862
147 1871
147 1897
148 197
148 252
148 432
148 543
148 744
148 867
148 947
148 1510
148 1550
148 1622
148 1921
149 226
149 644
149 647
149 698
149 848
149 1379
149 1418
149 1466
150 419
150 597
150 710
150 1051
150 1443
151 370
151 384
151 498
151 1169
151 1230
151 1499
151 1654
151 1695
152 503
152 591
152 820
152 1071
152 1130
152 1222
152 1302
152 1465
152 1837
153 296
153 668
153 1033
153 1633
153 1660
153 1855
153 1903
154 179
154 212
154 305
154 472
154 986
154 1387
154 1514
154 1579
154 1609
154 1816
155 353
155 494
155 527
155 874
155 1614
155 1686
155 1690
155 1871
156 225
156 296
156 349
156 396
156 435
156 482
156 1029
156 1106
156 1292
156 1336
156 1661
157 318
157 1099
157 1242
157 1409
157 1826
157 1881
157 1919
158 443
158 867
158 1103
158 1297
158 1460
158 1473
158 1484
159 165
159 181
159 198
159 348
159 517
159 904
159 1158
159 1203
159 1204
159 1706
160 764
160 809
160 944
160 1133
160 1498
160 1778
160 1881
161 320
161 532
161 555
161 850
161 970
161 1101
161 1169
161 1298
161 1734
161 1879
162 617
162 750
162 1011
162 1024
162 1785
162 1870
162 1953
163 173
163 270
163 399
163 465
163 536
163 584
163 600
163 610
163 1093
163 1159
163 1444
163 1629
164 209
164 416
164 583
164 598
164 896
164 1005
164 1009
164 1368
164 1374
164 1833
164 1937
165 205
165 439
165 1110
165 1365
165 1553
165 1714
166 352
166 393
166 769
166 984
166 1093
166 1200
166 1314
166 1391
166 1451
166 1537
166 1627
166 1764
167 240
167 268
167 323
167 345
167 622
167 640
167 855
167 970
167 1012
167 1169
167 1239
167 1349
167 1677
167 1780
168 182
168 1027
168 1310
168 1340
168 1450
168 1513
168 1731
168 1987
169 444
169 882
169 1119
169 1305
169 1444
169 1673
170 221
170 604
170 783
170 859
170 929
170 948
170 1153
170 1463
170 1503
170 1554
170 1663
170 1738
170 1842
171 720
171 781
171 1297
171 1458
171 1564
171 1867
172 376
172 465
172 724
172 1133
172 1134
172 1485
172 1529
172 1676
173 383
173 587
173 831
173 1407
173 1555
173 1816
173 1918
174 388
174 405
174 1217
174 1820
175 242
175 312
175 520
175 745
175 1432
175 1473
176 400
176 497
176 979
176 1054
176 1353
176 1376
176 1492
177 303
177 532
177 580
177 715
177 1105
177 1125
177 1276
178 423
178 947
178 948
178 1054
178 1234
178 1797
178 1851
179 765
179 871
179 1103
179 1700
179 1857
180 249
180 356
180 418
180 576
180 703
180 993
180 1479
180 1928
181 213
181 216
181 467
181 681
181 740
181 762
181 782
181 856
181 1124
181 1436
181 1449
181 1650
181 1670
181 1686
181 1839
181 1915
181 1941
182 265
182 532
182 634
182 777
182 1539
182 1611
182 1734
182 1865
182 1869
183 261
183 276
183 344
183 382
183 1620
183 1774
183 1789
184 318
184 352
184 698
184 725
184 791
184 1021
184 1097
184 1100
184 1441
184 1866
185 257
185 640
185 1245
185 1318
185 1487
185 1500
185 1836
185 1956
185 1959
186 269
186 273
186 449
186 490
186 796
186 923
186 931
186 1294
186 1318
186 1325
186 1441
186 1572
186 1617
186 1670
186 1868
187 554
187 580
187 642
187 1240
187 1272
187 1374
187 1443
187 1624
187 1773
188 217
188 328
188 593
188 795
188 1180
188 1360
188 1502
189 321
189 495
189 566
189 598
189 686
189 875
189 998
189 1500
189 1548
189 1744
190 470
190 560
190 874
190 1463
190 1887
191 736
192 403
192 778
192 898
192 998
192 1352
192 1460
192 1502
192 1960
193 307
193 424
193 465
193 521
193 808
193 1383
193 1407
193 1433
193 1468
193 1508
193 1633
193 1993
194 516
194 865
194 867
194 1003
194 1158
194 1250
194 1296
194 1471
194 1686
194 1795
194 1825
195 233
195 335
195 477
195 553
195 1274
195 1848
195 1854
196 769
196 1003
196 1098
196 1295
196 1329
196 1348
196 1486
196 1738
196 1860
197 250
197 532
197 570
197 622
197 711
197 885
197 1018
197 1103
197 1125
197 1716
198 310
198 879
198 1416
198 1457
198 1698
198 1765
199 652
199 655
199 1189
199 1259
199 1329
199 1346
199 1447
199 1571
199 1664
200 694
200 1008
200 1106
200 1137
200 1293
200 1470
201 271
201 510
201 535
201 1177
201 1299
201 1349
201 1902
202 364
202 458
202 1415
202 1511
203 526
203 634
203 716
203 905
203 1383
203 1421
203 1520
203 1581
203 1928
204 212
204 278
204 724
204 828
204 1426
204 1646
204 1714
204 1790
205 397
205 854
205 883
205 899
205 1114
205 1450
205 1571
205 1627
205 1742
205 1887
206 349
206 701
206 715
206 720
206 870
206 916
206 1099
206 1163
206 1851
207 210
207 310
207 453
207 700
207 876
207 970
207 1097
207 1134
207 1160
207 1313
207 1725
207 1973
208 353
208 424
208 633
208 1521
208 1637
209 295
209 633
209 977
209 1253
209 1629
209 1865
210 778
210 848
210 981
210 1215
210 1524
210 1555
210 1630
210 1900
211 890
211 992
211 1110
211 1625
211 1746
211 1853
212 448
212 796
212 1065
212 1092
212 1109
212 1456
212 1737
213 228
213 291
213 503
213 776
213 841
213 1178
213 1216
213 1242
213 1316
213 1323
213 1349
213 1426
213 1694
214 735
214 891
214 1165
214 1434
214 1511
214 1553
214 1769
215 302
215 334
215 493
215 821
215 1196
215 1311
215 1609
215 1680
215 1811
216 231
216 283
216 455
216 543
216 895
216 1007
216 1235
216 1238
216 1277
216 1456
216 1716
216 1986
216 1990
217 250
217 896
217 975
217 990
217 1083
217 1180
217 1363
217 1400
217 1478
217 1574
217 1587
218 296
218 326
218 737
218 1057
218 1075
218 1212
218 1272
218 1437
218 1551
218 1983
218 1986
218 1988
219 332
219 640
219 1419
219 1455
219 1509
219 1553
219 1935
219 1982
220 539
220 763
220 915
220 1049
220 1389
220 1873
220 1923
220 1968
221 366
221 502
221 833
221 1037
221 1059
221 1277
221 1394
221 1462
222 279
222 460
222 579
222 683
222 854
222 1220
222 1290
222 1350
222 1496
222 1600
222 1610
222 1720
222 1800
223 391
223 454
223 495
223 558
223 598
223 812
223 880
223 1160
223 1170
223 1175
223 1532
223 1540
223 1876
224 277
224 359
224 687
224 920
224 1102
224 1130
224 1621
225 341
225 447
225 655
225 834
225 1442
225 1521
226 279
226 456
226 794
226 853
226 875
226 941
226 1160
226 1180
226 1901
226 1975
227 300
227 449
227 549
227 570
227 890
227 1035
227 1120
227 1393
227 1554
227 1566
227 1714
228 236
228 286
228 498
228 549
228 680
228 1003
228 1274
228 1300
228 1585
228 1716
228 1801
228 1881
228 1905
229 384
229 1251
229 1293
229 1414
229 1418
229 1547
229 1863
229 1882
229 1954
230 285
230 302
230 304
230 382
230 822
230 874
230 891
230 1242
230 1281
230 1344
230 1605
230 1722
230 1804
230 1909
230 1982
231 322
231 359
231 462
231 490
231 953
231 989
231 1308
231 1313
231 1335
231 1371
231 1610
231 1899
231 1947
232 538
232 1154
232 1265
232 1455
232 1544
232 1670
232 1979
233 424
233 569
233 686
233 781
233 1326
233 1416
233 1869
234 418
234 873
234 894
234 1089
234 1403
234 1428
234 1560
234 1665
234 1764
235 374
235 623
235 701
235 764
235 801
235 817
235 826
235 836
235 880
235 1327
235 1395
235 1614
236 673
236 1052
236 1537
237 917
237 1087
237 1100
237 1229
237 1347
237 1489
237 1780
237 1920
237 1922
238 288
238 397
238 520
238 707
238 739
238 1189
238 1578
238 1594
238 1835
239 538
239 599
239 909
239 1090
239 1091
239 1219
239 1333
239 1383
239 1391
239 1771
240 512
240 518
240 1068
240 1915
240 1936
241 817
241 1008
241 1150
241 1181
241 1365
241 1452
241 1575
241 1667
241 1746
242 244
242 290
242 714
242 1058
242 1144
242 1231
242 1473
242 1474
242 1624
242 1689
242 1789
243 807
243 867
243 992
243 1086
243 1300
243 1546
244 291
244 574
244 632
244 822
244 948
244 1644
244 1706
245 318
245 384
245 417
245 663
245 674
245 733
245 1043
245 1147
245 1271
246 319
246 1047
246 1333
246 1423
246 1636
246 1646
246 1918
246 1960
247 314
247 450
247 474
247 693
247 802
247 818
247 886
247 1962
247 1980
248 960
248 992
248 1002
248 1337
249 559
249 1004
249 1067
249 1216
249 1244
249 1268
249 1652
250 383
250 458
250 553
250 808
250 1056
250 1180
250 1221
250 1276
250 1475
250 1868
251 265
251 312
251 335
251 461
251 1576
252 926
252 943
252 1003
252 1277
252 1460
252 1478
253 508
253 614
253 867
253 930
253 952
253 1203
253 1984
254 450
254 548
254 1108
254 1258
254 1407
254 1503
254 1639
254 1677
255 444
255 570
255 842
255 1265
255 1346
255 1351
255 1454
255 1502
255 1519
255 1644
255 1656
255 1773
255 1932
256 535
256 618
256 709
256 849
256 948
256 957
256 1732
257 487
257 538
257 674
257 751
257 1117
257 1246
257 1276
257 1324
258 695
258 767
258 862
258 940
258 1064
258 1178
258 1915
259 271
259 324
259 366
259 581
259 981
259 1378
259 1653
260 626
260 768
260 777
260 815
260 1249
260 1642
261 448
261 1265
261 1456
261 1554
261 1697
261 1699
261 1762
262 391
262 498
262 594
262 1282
262 1295
262 1346
262 1554
262 1770
262 1970
263 534
263 970
263 1045
263 1069
263 1112
263 1572
263 1599
263 1603
263 1623
264 525
264 881
264 994
264 1030
264 1243
264 1664
264 1775
265 297
265 327
265 650
265 789
265 845
265 1300
265 1309
265 1788
265 1837
266 652
266 784
266 792
266 940
266 1211
266 1300
266 1352
266 1442
267 1037
267 1277
267 1836
268 805
268 1277
268 1494
268 1728
268 1747
268 1896
269 502
269 579
269 598
269 702
269 868
269 1006
269 1173
269 1572
269 1689
269 1690
269 1828
269 1963
270 808
270 994
270 1001
270 1022
270 1513
270 1687
270 1786
270 1894
270 1966
271 301
271 624
271 977
271 1041
271 1109
271 1224
272 364
272 1070
272 1460
273 545
273 551
273 562
273 646
273 821
273 889
273 1409
273 1449
274 398
274 661
274 1189
274 1212
274 1498
274 1960
275 352
275 379
275 838
275 1048
275 1340
275 1587
275 1971
276 642
276 981
276 1313
276 1408
276 1615
276 1886
277 538
277 567
277 684
277 749
277 768
277 926
277 1006
277 1384
277 1716
277 1859
278 1150
278 1318
279 488
279 537
279 589
279 674
279 988
279 1054
279 1080
279 1361
279 1381
279 1488
279 1590
279 1642
279 1708
280 337
280 431
280 768
280 1223
280 1264
280 1512
280 1729
280 1826
280 1832
281 331
281 619
281 666
281 693
281 930
281 1175
281 1435
281 1823
281 1990
282 432
282 532
282 712
282 906
282 1467
282 1581
282 1656
282 1667
282 1787
282 1965
282 1983
283 369
283 452
283 510
283 744
283 939
283 963
283 1992
284 354
284 370
284 943
284 1677
284 1736
284 1758
284 1856
284 1900
285 484
285 506
285 641
285 720
285 830
285 908
285 1157
285 1208
285 1218
285 1253
285 1265
285 1475
285 1545
285 1750
285 1921
286 301
286 447
286 581
286 624
286 685
286 987
286 1148
286 1159
286 1234
286 1289
286 1462
286 1564
286 1644
286 1647
286 1837
286 1950
287 349
287 531
287 871
287 1076
287 1388
287 1568
287 1722
287 1749
288 520
288 606
288 1054
288 1426
288 1631
288 1658
288 1786
288 1911
288 1963
289 331
289 405
289 596
289 669
289 853
289 1000
289 1075
289 1157
289 1313
289 1982
290 302
290 471
290 570
290 666
290 1336
290 1460
290 1469
290 1734
291 955
291 1045
291 1193
291 1201
291 1271
291 1378
291 1480
291 1613
291 1818
291 1837
292 401
292 449
292 550
292 626
292 686
292 1047
292 1170
292 1896
293 361
293 483
293 661
293 748
293 760
293 901
293 911
293 989
293 1030
293 1090
293 1093
293 1131
293 1151
293 1172
293 1189
293 1297
293 1958
294 545
294 723
294 1131
294 1328
294 1614
295 473
295 476
295 679
295 840
295 1269
295 1276
295 1514
295 1873
296 596
296 777
296 925
296 1188
296 1209
296 1246
296 1292
297 342
297 396
297 697
297 802
297 1271
297 1349
297 1375
297 1385
297 1400
297 1510
297 1666
298 1278
298 1759
299 424
299 1398
299 1563
299 1724
299 1974
300 372
300 395
300 445
300 873
300 874
300 1103
300 1622
300 1709
301 311
301 394
301 842
301 903
301 940
301 1040
301 1068
301 1186
301 1238
301 1759
301 1895
301 1946
302 356
302 461
302 738
302 861
302 897
302 942
302 967
302 1044
302 1103
302 1535
303 653
303 1168
303 1231
303 1300
303 1368
303 1422
303 1525
303 1745
303 1918
304 947
304 1107
304 1354
304 1400
304 1580
305 607
305 1086
305 1276
305 1598
306 788
306 791
306 1025
306 1045
306 1065
306 1648
306 1802
306 1817
306 1902
306 1954
306 1958
307 1071
307 1311
307 1854
307 1880
307 1901
307 1914
308 446
308 512
308 557
308 805
308 913
308 1013
308 1252
308 1411
308 1560
308 1810
308 1836
308 1844
308 1955
309 410
309 433
309 1087
309 1444
310 313
310 772
310 781
310 1078
310 1098
310 1247
310 1590
310 1699
310 1702
310 1794
310 1839
311 594
311 815
311 1008
311 1089
311 1360
311 1649
311 1761
311 1922
311 1940
312 405
312 412
312 426
312 882
312 1110
312 1281
312 1400
312 1704
312 1846
313 503
313 509
313 1255
313 1292
313 1371
313 1903
313 1905
313 1912
314 587
314 689
314 959
314 1104
314 1334
314 1355
314 1372
314 1448
314 1721
314 1797
315 326
315 427
315 579
315 1007
315 1008
315 1270
315 1464
315 1508
315 1751
315 1759
315 1895
315 1932
316 422
316 793
316 1849
317 405
317 449
317 569
317 671
317 837
317 1293
317 1310
317 1316
317 1572
318 347
318 446
318 731
318 834
318 840
318 998
318 1441
318 1719
319 355
319 478
319 851
319 1061
319 1564
319 1659
319 1696
319 1807
320 322
320 496
320 1181
320 1236
320 1454
320 1686
320 1908
321 338
321 507
321 593
321 597
321 1099
321 1338
321 1365
321 1585
321 1673
321 1971
322 355
322 448
322 513
322 1332
322 1566
322 1717
323 634
323 696
323 1035
323 1213
323 1308
323 1718
324 421
324 501
324 645
324 915
324 932
324 1026
324 1209
324 1544
324 1554
325 548
325 590
325 762
325 1120
325 1571
325 1778
325 1824
326 496
326 858
326 861
326 881
326 1028
326 1119
326 1221
326 1227
326 1471
326 1502
326 1601
326 1799
327 592
327 967
327 1486
328 334
328 773
328 962
328 1068
328 1158
328 1191
329 337
329 938
329 1107
329 1134
329 1489
329 1513
329 1722
329 1857
330 872
330 1061
330 1431
330 1539
330 1660
331 337
331 418
331 561
331 1145
331 1234
331 1478
331 1783
331 1929
332 334
332 530
332 535
332 923
332 925
332 1002
332 1064
332 1540
332 1573
332 1699
333 485
333 935
333 1224
333 1363
333 1629
333 1719
333 1734
333 1769
334 400
334 508
334 689
334 761
334 791
334 844
334 883
334 1184
334 1416
334 1935
335 446
335 502
335 741
335 870
335 926
335 1897
336 736
336 771
336 1115
336 1204
336 1335
336 1478
336 1847
337 531
337 1313
337 1756
337 1948
337 1985
338 392
338 413
338 807
338 1857
339 404
339 818
339 1163
339 1299
339 1406
339 1419
339 1601
339 1837
339 1847
339 1912
340 400
340 408
340 523
340 598
340 730
340 1006
340 1093
340 1097
340 1281
340 1321
340 1516
341 589
341 660
341 838
341 1213
341 1235
341 1678
341 1809
342 359
342 859
342 876
342 936
342 1364
342 1566
342 1624
342 1688
342 1723
342 1871
343 544
343 650
343 855
343 1429
343 1602
343 1612
343 1969
344 572
344 651
344 1310
344 1576
344 1889
344 1981
345 541
345 600
345 706
345 946
345 1556
345 1594
345 1774
346 669
346 916
346 979
346 1149
346 1248
346 1376
346 1985
347 727
347 814
347 879
347 1106
347 1172
347 1211
347 1372
347 1792
348 402
348 712
348 718
348 880
348 1337
348 1851
348 1900
348 1955
349 823
349 877
349 1274
349 1360
349 1449
349 1621
350 472
350 518
350 843
350 1024
350 1078
350 1244
350 1413
350 1520
350 1539
350 1735
350 1750
350 1837
350 1850
350 1949
351 612
351 1075
351 1618
351 1740
351 1750
351 1919
352 523
352 1020
352 1242
352 1986
353 458
353 732
353 1254
353 1294
353 1446
353 1880
353 1979
354 487
354 563
354 599
354 606
354 715
354 718
354 964
354 1069
354 1263
355 503
355 544
355 631
355 775
355 981
355 1216
355 1426
355 1607
355 1687
355 1764
355 1866
356 400
356 431
356 1396
356 1537
356 1835
357 703
357 804
357 852
357 1080
357 1168
357 1273
357 1375
358 841
358 1378
358 1495
358 1529
358 1695
358 1765
358 1805
358 1973
359 386
359 563
359 589
359 685
359 917
359 1316
359 1750
359 1814
359 1959
360 485
360 730
360 847
360 1089
360 1894
361 494
361 558
361 1624
361 1808
361 1999
362 477
362 552
362 618
362 1326
362 1385
362 1465
362 1810
362 1822
363 484
363 608
363 636
363 880
363 931
363 1048
363 1236
363 1646
363 1820
364 704
364 956
364 1065
364 1128
364 1225
364 1718
364 1737
364 1939
364 1946
365 499
365 636
365 643
365 789
365 835
365 1288
365 1691
366 884
366 938
366 992
366 1198
366 1536
366 1803
366 1827
366 1984
367 382
367 614
367 981
367 1130
367 1681
368 813
368 897
368 910
368 1736
368 1843
368 1870
368 1905
369 479
369 750
369 1002
369 1210
369 1735
370 373
370 763
370 870
370 1077
370 1318
370 1648
370 1693
370 1858
370 1932
371 625
371 643
371 716
371 771
371 873
371 1195
371 1535
371 1888
372 609
372 678
372 1035
372 1661
372 1678
372 1863
373 426
373 454
373 769
373 853
373 1109
373 1264
373 1596
374 917
374 1244
375 764
375 830
375 1122
375 1163
375 1284
375 1965
376 528
376 552
376 561
376 790
376 1380
376 1501
376 1653
376 1968
377 388
377 1108
377 1971
378 1021
378 1057
378 1221
378 1782
378 1812
378 1970
378 1984
379 788
379 1057
379 1203
379 1319
379 1642
379 1936
380 483
380 517
380 623
380 892
380 1195
380 1260
380 1310
380 1482
380 1589
380 1743
380 1984
381 737
381 758
381 900
381 1185
381 1297
381 1729
381 1730
382 626
382 725
382 754
382 1118
383 499
383 824
383 989
383 1264
383 1318
383 1334
383 1639
384 484
384 544
384 587
384 856
384 1192
384 1441
384 1809
385 547
385 661
385 677
385 1053
385 1365
385 1470
385 1476
385 1525
385 1697
386 529
386 700
386 839
386 1131
386 1151
386 1228
386 1724
386 1745
386 1787
386 1824
387 569
387 767
387 826
387 943
387 1050
387 1472
388 547
388 804
388 926
388 996
388 1063
388 1396
388 1730
388 1849
389 544
389 1073
389 1461
389 1521
389 1533
389 1778
389 1951
390 502
390 543
390 548
390 1206
390 1428
390 1656
390 1713
390 1745
391 548
391 845
391 885
391 949
391 1173
391 1225
391 1592
392 462
392 519
392 804
392 812
392 1111
392 1840
393 626
393 745
393 895
393 1102
393 1223
393 1235
393 1375
393 1414
394 968
394 998
394 1687
394 1704
395 438
395 519
395 642
395 658
395 1146
395 1509
395 1540
395 1716
395 1752
396 601
396 1018
396 1160
396 1315
396 1851
397 651
397 692
397 1013
397 1947
398 485
398 812
398 1221
398 1229
398 1351
398 1676
398 1818
399 430
399 526
399 547
399 695
399 1564
399 1911
400 621
400 733
400 999
400 1036
400 1509
400 1676
400 1780
401 501
401 592
401 810
401 1218
401 1381
401 1436
401 1508
401 1577
401 1859
402 929
402 996
402 1118
402 1146
402 1199
402 1233
402 1336
402 1371
402 1506
402 1696
402 1793
402 1958
402 1982
403 505
403 843
403 1088
403 1317
404 520
404 612
404 647
404 847
404 1057
404 1062
404 1496
404 1534
404 1614
404 1651
405 606
405 920
405 1215
405 1223
405 1241
405 1384
405 1671
405 1795
406 562
406 651
406 656
406 775
406 1317
406 1334
406 1516
406 1619
406 1629
406 1698
406 1837
407 533
407 681
407 696
407 912
407 1174
407 1506
408 706
408 848
408 1192
408 1536
408 1664
408 1813
408 1970
409 837
409 1031
409 1179
409 1568
409 1680
410 543
410 716
410 722
410 788
410 948
410 1306
410 1743
410 1760
410 1808
410 1822
410 1867
410 1885
411 445
411 528
411 652
411 793
411 1137
411 1193
411 1347
411 1702
412 630
412 640
412 830
412 1442
412 1522
412 1565
412 1811
412 1906
413 433
413 456
413 1105
413 1369
413 1417
413 1992
414 484
414 565
414 734
414 934
414 988
414 1016
414 1351
414 1691
414 1845
414 1927
414 1963
415 1106
415 1448
415 1458
415 1591
415 1925
415 1994
416 772
416 841
416 988
416 1137
416 1210
416 1465
416 1479
417 517
417 576
417 1004
417 1557
417 1868
417 1926
418 880
418 1088
418 1541
419 1058
419 1096
419 1184
419 1268
419 1287
419 1312
419 1386
419 1461
419 1505
419 1880
420 687
420 765
420 1043
420 1362
420 1364
420 1425
420 1518
420 1557
420 1684
420 1713
420 1874
421 433
421 579
421 812
421 986
421 1049
421 1215
421 1415
421 1451
421 1702
421 1805
422 439
422 665
422 944
422 1235
422 1264
422 1471
423 583
423 667
423 767
423 858
423 1390
423 1606
423 1795
424 574
424 718
424 908
424 1000
424 1181
424 1379
424 1553
425 441
425 526
425 549
425 586
425 1393
425 1505
426 671
426 691
426 711
426 725
426 835
426 1031
426 1388
426 1993
427 520
427 750
427 1021
427 1119
427 1304
427 1414
427 1670
427 1724
427 1781
427 1810
428 654
428 1374
428 1550
428 1611
429 836
429 931
429 1077
429 1259
429 1480
429 1771
429 1779
429 1781
430 492
430 1118
430 1296
430 1415
430 1624
430 1728
430 1928
431 478
431 511
431 773
431 798
431 820
431 950
431 974
431 1010
431 1074
431 1172
431 1191
431 1272
431 1618
431 1836
432 573
432 591
432 738
432 882
432 1188
432 1594
432 1654
432 1744
432 1846
433 495
433 515
433 936
433 943
433 1292
433 1578
433 1869
433 1932
434 509
434 851
434 1025
434 1095
434 1204
434 1224
434 1241
434 1534
434 1929
435 1137
435 1363
435 1573
435 1632
435 1729
435 1916
436 458
436 608
436 975
436 1002
436 1038
436 1148
436 1619
436 1734
436 1932
437 826
437 834
437 1382
437 1400
437 1431
437 1689
437 1759
437 1765
437 1881
438 642
438 658
438 752
438 820
438 868
438 1068
438 1286
438 1422
438 1454
439 672
439 1513
439 1532
439 1595
440 708
440 775
440 820
440 1599
440 1634
440 1898
441 657
441 951
441 1142
441 1183
441 1302
441 1634
441 1863
442 523
442 866
442 950
442 1021
442 1070
442 1287
442 1421
442 1451
443 832
443 874
443 891
443 1232
443 1738
443 1834
443 1837
444 458
444 971
444 1117
445 738
445 889
445 1530
445 1975
446 544
446 793
446 880
446 1309
446 1899
447 703
447 1215
447 1284
447 1322
447 1451
447 1860
448 513
448 779
448 1618
448 1684
449 555
449 668
449 1165
449 1594
450 721
450 881
450 1141
450 1160
450 1169
450 1314
450 1431
450 1458
450 1690
451 457
451 751
451 806
451 1083
451 1112
451 1423
451 1465
451 1569
451 1749
451 1994
452 539
452 838
452 851
452 1240
452 1771
452 1944
453 834
453 897
453 905
453 1151
453 1285
453 1462
453 1480
453 1746
454 525
454 738
454 1217
454 1814
455 484
455 621
455 650
455 944
455 1218
455 1449
455 1507
456 488
456 907
456 1368
456 1701
456 1708
456 1995
457 499
457 513
457 533
457 598
457 633
457 964
457 1024
458 853
458 967
458 1117
458 1260
458 1312
458 1465
458 1682
458 1770
459 538
459 710
459 953
459 1044
459 1046
459 1081
459 1156
459 1346
459 1383
459 1565
459 1759
459 1850
460 805
460 1088
460 1203
460 1730
461 498
461 733
461 893
461 1133
461 1429
461 1755
461 1771
462 855
462 1174
462 1540
462 1697
463 1115
463 1221
463 1262
463 1320
463 1380
463 1399
463 1594
463 1618
463 1665
463 1679
463 1699
464 597
464 830
464 1217
464 1656
464 1672
465 961
465 1070
465 1310
465 1345
465 1357
465 1531
465 1752
465 1852
465 1985
466 587
466 641
466 746
466 1412
466 1440
466 1527
466 1726
466 1733
466 1873
466 1930
467 645
467 696
467 727
467 750
467 794
467 867
467 1049
467 1067
467 1367
467 1661
467 1724
467 1989
468 513
468 718
468 788
468 816
468 857
468 1102
468 1158
468 1594
468 1683
468 1799
468 1931
469 690
469 695
469 923
469 1266
469 1502
469 1819
470 480
470 606
470 1051
470 1960
471 602
471 736
471 750
471 937
471 1047
471 1061
471 1125
471 1242
471 1245
471 1438
471 1651
471 1821
472 722
472 839
472 1065
472 1212
472 1345
472 1690
473 587
473 837
473 1013
473 1321
473 1570
473 1778
473 1846
473 1976
473 1998
474 799
474 979
474 1076
474 1105
474 1146
474 1267
474 1393
474 1437
474 1454
475 633
475 774
475 1049
475 1124
475 1422
475 1610
475 1663
475 1918
476 685
476 730
476 869
476 897
476 1043
476 1555
476 1931
477 485
477 630
477 631
477 1123
477 1301
477 1513
477 1551
477 1839
478 1006
478 1289
478 1522
478 1649
478 1885
478 1978
479 535
479 742
479 882
479 927
479 1128
479 1333
479 1383
479 1558
479 1613
479 1948
480 682
480 852
480 1037
480 1426
480 1460
480 1734
480 1785
480 1851
481 633
481 640
481 658
481 1070
481 1567
481 1675
481 1693
482 566
482 891
482 904
482 931
482 951
482 1278
482 1616
482 1658
482 1733
482 1796
482 1837
483 572
483 939
483 1296
483 1557
483 1926
483 1957
484 1008
484 1162
484 1384
484 1595
484 1688
484 1781
484 1945
485 833
485 862
485 884
485 946
485 1423
485 1559
485 1637
485 1707
485 1818
485 1831
486 595
486 856
486 997
486 1243
486 1441
486 1878
487 716
487 1087
487 1648
487 1988
488 621
488 748
488 974
488 1050
488 1202
488 1495
488 1526
488 1532
488 1615
488 1935
489 765
489 913
489 973
489 1109
489 1218
489 1284
489 1554
489 1802
490 525
490 830
490 896
490 993
490 1138
490 1154
490 1495
490 1894
490 1931
491 744
491 904
491 1063
491 1377
491 1381
491 1397
491 1509
491 1824
491 1933
492 964
492 1090
492 1195
492 1409
492 1679
492 1812
493 555
493 846
493 1181
493 1519
493 1702
493 1708
493 1920
494 717
494 924
494 926
494 1077
494 1485
494 1793
494 1929
494 1997
495 500
495 507
495 541
495 622
495 775
495 1000
495 1018
495 1382
495 1391
495 1611
495 1900
495 1916
495 1947
496 609
496 739
496 1303
496 1435
496 1481
496 1662
496 1786
496 1850
497 554
497 705
497 862
497 1205
497 1330
497 1738
498 819
498 1234
498 1302
498 1308
498 1365
498 1471
498 1754
498 1891
498 1992
499 933
499 966
499 1844
499 1872
500 630
500 1248
500 1256
500 1373
500 1477
500 1518
500 1560
500 1885
501 564
501 643
501 1427
501 1468
501 1905
501 1929
502 518
502 546
502 662
502 1275
502 1332
502 1363
502 1430
502 1697
502 1757
502 1795
502 1999
503 578
503 801
503 1147
503 1243
503 1247
503 1386
503 1411
503 1519
503 1582
503 1938
504 531
504 605
504 621
504 1171
504 1479
504 1520
504 1641
504 1693
504 1698
504 1827
504 1912
505 721
505 773
505 961
505 1094
505 1426
505 1886
506 693
506 728
506 820
506 1196
506 1598
506 1708
506 1731
506 1782
507 512
507 588
507 886
507 1328
507 1490
508 596
508 925
508 1607
509 620
509 673
509 710
509 805
509 1324
509 1392
509 1466
509 1646
509 1734
510 943
510 1021
510 1791
510 1803
510 1918
511 595
511 828
511 946
511 1017
511 1055
511 1092
511 1255
511 1416
511 1504
511 1839
512 627
512 768
512 968
512 1053
512 1431
512 1474
512 1620
512 1996
513 799
513 1154
513 1222
513 1237
513 1472
513 1488
513 1547
513 1642
513 1684
513 1792
514 676
514 779
514 789
514 1686
514 1848
514 1985
515 577
515 642
515 1137
515 1461
515 1559
515 1637
515 1716
515 1792
516 791
516 1130
516 1142
516 1362
516 1374
516 1674
516 1908
516 1989
517 619
517 1046
517 1188
517 1529
517 1662
517 1716
517 1838
517 1860
518 635
518 711
518 869
518 1250
518 1278
518 1322
518 1477
518 1495
518 1522
518 1739
518 1956
519 568
519 585
519 674
519 959
519 1777
520 788
520 863
520 1295
520 1749
520 1911
520 1939
521 550
521 555
521 557
521 590
521 598
521 630
521 734
521 817
521 1328
521 1426
521 1440
521 1702
521 1831
521 1895
521 1979
522 725
522 939
522 999
522 1414
522 1449
522 1517
522 1649
522 1710
523 656
523 775
523 1308
523 1765
524 852
524 1158
524 1180
524 1277
524 1758
524 1936
525 785
525 806
525 1134
525 1341
525 1429
526 539
526 689
526 1067
526 1214
527 706
527 949
527 1129
527 1237
527 1459
527 1773
527 1916
527 1935
528 634
528 678
528 689
528 731
528 937
528 1007
528 1264
528 1733
528 1798
529 587
529 779
529 816
529 1365
529 1463
530 1033
530 1246
530 1372
530 1891
531 1045
531 1220
531 1334
531 1369
531 1444
531 1774
532 540
532 866
532 869
532 1491
532 1960
532 1974
533 813
533 880
533 1275
533 1605
533 1646
533 1791
533 1891
534 667
534 952
534 953
534 1368
534 1408
534 1976
535 595
535 1096
535 1355
535 1489
535 1524
535 1798
536 735
536 1090
536 1271
536 1572
536 1901
536 1985
537 708
537 994
537 1201
538 718
538 1003
538 1023
538 1093
538 1171
538 1297
538 1964
539 667
539 1049
539 1432
539 1441
539 1650
540 756
540 870
540 1025
540 1100
540 1420
540 1492
540 1564
541 746
541 784
541 1061
541 1173
541 1382
541 1482
541 1595
541 1620
541 1826
541 1843
541 1929
542 976
542 1090
542 1425
542 1702
542 1911
543 589
543 658
543 668
543 1197
543 1258
543 1637
543 1946
544 651
544 681
544 685
544 703
544 1050
544 1102
544 1260
544 1348
544 1388
544 1630
545 718
545 1128
545 1173
545 1250
545 1818
545 1886
546 783
547 731
547 1512
547 1524
547 1605
548 649
548 678
548 804
548 1052
548 1184
548 1197
548 1290
548 1325
548 1512
548 1765
549 677
549 679
549 789
549 795
549 930
549 1876
549 1949
550 1035
550 1277
550 1748
550 1777
550 1822
551 660
551 693
551 1053
551 1083
551 1108
551 1236
551 1405
551 1788
551 1925
551 1977
552 663
552 705
552 739
552 785
552 1052
552 1282
552 1475
552 1509
552 1611
552 1702
552 1741
552 1847
553 610
553 724
553 977
553 1256
553 1682
554 649
554 1194
554 1827
554 1924
555 557
555 657
555 946
555 955
555 1126
555 1157
555 1578
556 689
556 1015
556 1029
556 1053
556 1410
556 1608
556 1638
556 1878
556 1943
556 1972
557 569
557 638
557 715
557 1255
557 1539
557 1587
557 1717
558 869
558 914
558 985
558 1025
558 1054
558 1214
558 1315
558 1490
558 1669
558 1804
559 618
559 802
559 1226
559 1405
559 1590
559 1616
559 1726
559 1842
560 818
560 1093
560 1291
560 1341
560 1560
560 1617
561 1684
561 1741
561 1775
561 1793
561 1887
561 1987
562 601
562 876
562 1057
562 1091
562 1104
562 1712
562 1899
562 1912
563 927
563 1127
563 1130
563 1151
563 1232
563 1368
564 809
564 997
564 1593
564 1876
565 912
565 1198
565 1497
565 1654
565 1673
565 1733
565 1792
566 694
566 725
566 761
566 835
566 987
566 1252
566 1255
566 1366
566 1673
566 1767
566 1782
566 1823
567 705
567 919
567 1006
567 1594
567 1623
567 1828
567 1834
568 686
568 1347
568 1589
568 1716
569 620
569 652
569 769
569 817
569 865
569 925
569 1090
569 1313
569 1435
569 1498
569 1540
569 1807
570 618
570 908
570 986
570 1009
570 1665
570 1815
570 1821
571 676
571 678
571 1469
571 1478
571 1551
571 1613
571 1628
571 1648
572 690
572 729
572 806
572 878
572 1026
572 1288
572 1296
572 1697
572 1730
573 694
573 1086
573 1433
573 1488
573 1620
573 1730
573 1910
574 584
574 644
574 757
574 843
574 1207
574 1259
574 1321
574 1376
574 1465
574 1883
575 696
575 802
575 946
575 1304
575 1620
575 1801
575 1913
576 978
576 1106
576 1298
576 1406
576 1690
577 693
577 908
577 1412
577 1579
577 1698
577 1770
578 706
578 1080
578 1660
578 1749
578 1782
578 1817
579 645
579 890
579 997
579 1016
579 1533
579 1559
579 1779
579 1806
580 1553
580 1780
580 1913
581 594
581 654
581 877
581 924
581 1133
581 1198
581 1233
581 1390
581 1559
581 1731
581 1803
582 918
582 1436
582 1596
582 1725
582 1749
582 1755
583 879
583 1115
583 1144
583 1282
583 1397
583 1463
583 1691
583 1760
583 1862
583 1902
584 632
584 797
584 846
584 913
584 1387
584 1421
584 1668
585 929
585 932
585 955
585 1137
585 1190
585 1830
585 1899
586 663
586 702
586 884
586 1030
586 1118
586 1262
586 1393
586 1898
586 1962
587 765
587 927
587 1057
587 1153
587 1420
587 1541
587 1844
587 1980
587 1996
587 1998
588 601
588 999
588 1280
588 1723
589 909
589 940
589 1076
589 1132
589 1199
589 1289
589 1305
589 1600
589 1602
589 1641
589 1988
590 1195
590 1204
590 1469
590 1785
590 1957
591 933
591 961
591 990
591 1001
591 1077
592 929
592 1086
592 1629
592 1660
592 1705
592 1931
593 688
593 745
593 1102
593 1257
593 1355
593 1373
593 1531
594 667
594 717
594 926
594 1296
594 1995
595 925
595 1281
595 1353
596 612
596 823
596 1180
596 1353
596 1592
596 1647
596 1666
596 1818
597 636
597 890
597 1150
597 1585
597 1592
598 811
598 885
598 1037
598 1194
598 1817
599 1008
599 1094
599 1208
599 1460
599 1605
599 1792
599 1959
600 614
600 638
600 910
600 1105
600 1177
600 1662
600 1961
601 1160
601 1289
601 1290
601 1467
601 1554
601 1868
601 1960
602 870
602 995
602 1383
602 1880
603 740
603 974
603 1020
603 1050
603 1316
603 1457
603 1638
603 1715
603 1731
603 1746
603 1904
603 1963
604 885
604 1169
604 1310
604 1588
604 1594
604 1698
604 1746
605 798
605 910
605 1203
605 1649
605 1672
605 1915
606 1847
606 1953
607 676
607 941
607 1030
607 1039
607 1259
607 1264
607 1694
607 1721
607 1990
608 1198
608 1545
608 1748
608 1798
609 905
609 1012
609 1276
609 1399
609 1485
609 1573
609 1574
609 1615
609 1998
610 743
610 751
610 1129
610 1226
610 1571
610 1608
610 1883
611 616
611 718
611 817
611 882
611 1041
611 1075
611 1192
611 1205
611 1630
611 1756
611 1793
612 660
612 1209
612 1566
612 1853
612 1871
613 620
613 941
613 1158
613 1498
613 1588
614 829
614 938
614 1554
614 1897
615 832
615 1313
615 1363
615 1668
616 1062
616 1372
616 1559
616 1872
617 665
617 1367
617 1588
617 1902
618 631
618 709
618 1110
618 1148
618 1368
618 1427
618 1700
619 658
619 755
619 778
619 1118
619 1284
619 1632
620 667
620 955
620 1288
620 1355
620 1398
620 1503
620 1588
620 1620
620 1893
621 947
621 1201
621 1438
621 1680
621 1877
622 783
622 886
622 1062
622 1067
622 1239
622 1457
622 1464
622 1506
622 1824
622 1828
623 1166
623 1326
623 1632
623 1705
623 1790
623 1848
624 1112
624 1351
624 1491
624 1570
624 1629
624 1710
625 872
625 1088
625 1151
625 1269
625 1342
625 1563
625 1593
625 1806
626 867
626 1009
626 1181
626 1202
626 1210
626 1477
626 1769
626 1778
626 1782
626 1807
627 685
627 1096
627 1209
627 1231
627 1249
627 1393
627 1686
627 1908
627 1924
628 684
628 689
628 814
628 1402
628 1468
629 684
629 879
629 1699
629 1940
629 1957
630 852
630 926
630 1351
630 1564
630 1622
630 1667
630 1913
630 1943
631 833
631 979
631 1271
631 1579
631 1690
631 1743
631 1935
632 707
632 744
632 957
632 1024
632 1162
632 1172
632 1402
633 1017
633 1027
633 1175
633 1220
633 1474
633 1483
633 1643
633 1738
633 1947
634 678
634 849
634 1210
634 1470
634 1572
634 1624
634 1629
634 1732
635 813
635 845
635 856
635 1115
635 1473
635 1620
636 640
636 674
636 721
636 774
636 783
636 809
636 1295
636 1424
636 1672
636 1792
636 1837
636 1873
637 669
637 677
637 1403
637 1420
637 1645
637 1939
637 1959
638 674
638 745
638 770
638 903
638 1167
638 1375
638 1419
638 1548
638 1618
638 1870
638 1924
638 1999
639 847
639 876
639 1092
639 1447
640 797
640 1057
640 1186
640 1785
641 1035
641 1368
641 1675
642 770
642 827
642 976
642 1120
642 1561
643 870
643 890
643 1147
643 1179
643 1309
643 1479
643 1926
644 675
644 930
644 1067
644 1293
644 1503
644 1639
644 1781
645 807
645 992
645 1319
645 1707
646 771
646 818
646 899
646 1298
646 1533
646 1717
646 1727
646 1763
646 1781
647 751
647 936
647 1090
647 1419
648 1010
648 1049
648 1580
648 1665
648 1684
649 881
649 892
649 1008
649 1062
649 1284
649 1306
649 1309
649 1479
649 1613
649 1624
649 1629
649 1647
649 1977
650 1379
650 1401
650 1524
650 1567
650 1636
651 694
651 734
651 946
651 975
651 1223
651 1522
651 1780
651 1808
651 2000
652 816
652 1070
652 1650
653 1249
653 1333
653 1422
653 1495
653 1586
654 1077
654 1269
654 1760
654 1853
654 1948
655 684
655 1261
655 1304
655 1315
655 1490
655 1673
655 1785
656 769
656 866
656 1209
656 1345
656 1365
656 1418
656 1561
656 1692
656 1886
656 1943
656 1964
657 826
657 841
657 1176
657 1347
657 1626
657 1821
658 740
658 808
658 819
658 983
658 1335
658 1529
658 1966
659 967
659 1283
659 1476
659 1691
659 1802
660 781
660 1113
660 1941
661 901
661 914
661 974
661 1049
661 1063
661 1119
661 1128
661 1371
661 1410
661 1996
662 1127
662 1413
662 1538
662 1542
662 1767
663 833
663 1112
663 1473
663 1725
663 1838
663 1885
663 1975
664 1116
664 1228
664 1251
664 1388
664 1633
664 1666
665 875
665 1375
665 1775
665 1810
665 1920
666 905
666 1048
666 1320
666 1353
666 1742
667 827
667 883
667 957
667 977
667 1071
667 1174
667 1396
667 1513
667 1575
667 1578
667 1630
667 1783
667 1822
668 1235
668 1384
668 1438
668 1666
668 1801
668 1897
669 710
669 713
669 1001
669 1047
669 1140
669 1270
669 1871
669 1942
670 1025
670 1149
670 1216
670 1386
670 1505
670 1943
671 811
671 875
671 901
671 1103
671 1313
672 931
672 1177
672 1381
672 1759
672 1934
672 1980
673 725
673 783
673 842
673 1031
673 1511
673 1666
674 1059
674 1429
674 1451
674 1537
674 1870
675 751
675 803
675 1114
675 1204
675 1234
675 1400
675 1431
675 1447
675 1682
675 1781
675 1822
676 905
676 961
676 1204
676 1518
677 735
677 859
677 954
677 1301
677 1360
677 1486
677 1510
677 1679
678 1170
678 1210
678 1424
678 1576
678 1609
678 1620
678 1826
679 1050
679 1293
679 1426
679 1572
679 1810
680 726
680 907
680 1287
680 1336
680 1419
680 1674
680 1987
681 1212
681 1789
681 1881
682 764
682 840
682 860
682 1006
682 1253
682 1562
682 1873
682 1944
682 1978
683 1077
683 1319
683 1331
683 1385
683 1461
683 1654
683 1724
683 1787
684 758
684 1179
684 1269
684 1435
684 1601
684 1669
684 1971
685 830
685 1350
685 1546
685 1702
686 1087
686 1386
686 1493
686 1969
687 733
687 946
687 1027
687 1151
687 1249
687 1616
687 1854
687 1953
688 1183
688 1876
688 1968
689 1060
689 1357
689 1359
689 1639
690 1161
690 1579
691 915
691 947
691 1067
691 1197
692 1244
692 1428
692 1550
692 1878
693 887
693 1221
693 1253
693 1363
693 1603
694 697
694 1088
694 1124
694 1620
694 1861
694 1991
695 765
695 987
695 1425
695 1551
695 1714
695 1935
695 1973
695 1975
696 1069
696 1315
696 1845
696 1920
696 1941
697 801
697 810
697 1008
697 1100
697 1210
697 1439
697 1495
697 1682
697 1688
697 1780
697 1971
698 833
698 912
698 916
698 960
698 1097
698 1510
698 1774
698 1889
699 782
699 846
699 881
699 891
699 912
699 1233
699 1445
699 1470
700 708
700 731
700 1021
700 1180
700 1188
700 1573
700 1778
700 1844
700 1994
701 1396
701 1538
701 1804
702 1444
703 758
703 1200
703 1218
703 1452
703 1553
703 1718
703 1803
703 1864
703 1950
704 1073
704 1986
704 1991
705 711
705 1129
705 1275
705 1425
705 1687
705 1725
705 1755
705 1779
706 737
706 876
706 1499
706 1574
707 788
707 1081
707 1451
707 1770
707 1927
708 775
708 802
708 823
708 1091
708 1172
708 1204
708 1439
708 1646
709 711
709 1571
709 1951
710 791
710 1423
710 1441
710 1491
710 1711
711 1008
711 1011
711 1132
711 1257
711 1381
711 1639
711 1773
711 1900
711 1943
711 1977
712 930
712 1161
712 1219
712 1498
712 1554
712 1617
712 1799
712 1837
712 1989
713 758
713 781
713 1040
713 1138
713 1366
713 1614
713 1620
713 1822
713 1951
713 1956
714 1105
714 1150
714 1580
714 1706
715 793
715 1096
715 1266
715 1940
716 750
716 862
716 1429
716 1600
716 1608
716 1609
717 777
717 865
717 1041
717 1238
717 1249
717 1507
717 1667
717 1734
718 867
718 1525
718 1747
718 1814
719 754
719 780
719 1070
719 1161
719 1316
719 1496
719 1917
720 825
720 1371
720 1959
721 724
721 1435
721 1656
721 1804
722 1279
722 1507
722 1868
723 962
723 1177
723 1225
723 1292
723 1804
724 859
724 1047
724 1210
724 1511
724 1745
725 978
725 1660
725 1817
725 1838
726 736
726 771
726 1084
726 1109
726 1117
726 1237
727 863
727 932
727 1070
727 1483
727 1576
727 1843
727 1920
728 812
728 992
728 1253
728 1517
728 1708
728 1804
728 1806
729 816
729 1022
729 1658
729 1907
730 804
730 1269
730 1303
730 1362
730 1372
730 1560
730 1645
730 1650
730 1672
730 1776
730 1832
731 815
731 1116
731 1706
731 1809
732 763
732 814
732 1136
732 1236
732 1304
732 1330
732 1874
733 759
733 1247
733 1465
733 1543
733 1670
733 1965
734 1266
734 1269
734 1565
734 1886
735 809
735 821
735 1143
735 1405
735 1590
735 1950
736 1096
736 1248
736 1503
736 1704
736 1945
737 1406
737 1460
737 1494
737 1780
737 1904
738 848
738 1288
738 1566
738 1718
738 1860
738 1920
738 1923
739 781
739 892
739 933
739 1303
739 1310
739 1440
739 1792
740 748
740 1045
740 1486
740 1494
740 1590
740 1749
740 1916
740 1926
741 1040
741 1144
741 1334
741 1479
741 1552
742 874
742 884
742 1091
742 1157
742 1503
742 1731
742 1846
742 1929
743 822
743 984
743 1288
743 1567
743 1790
744 913
744 1028
744 1080
744 1328
744 1691
745 750
745 1050
745 1295
745 1304
745 1656
745 1909
746 783
746 991
746 1030
746 1070
746 1178
746 1378
746 1797
746 1861
746 1884
746 1998
747 1438
747 1473
747 1524
747 1567
747 1607
747 1785
748 833
748 922
748 1175
748 1353
748 1542
748 1697
748 1766
749 1346
749 1448
749 1586
749 1617
749 1669
749 1772
749 1795
749 1927
750 849
750 857
750 1697
750 1859
750 1929
750 1990
751 832
751 871
751 1163
751 1185
751 1220
751 1754
751 1882
752 923
752 1025
752 1088
752 1107
752 1304
752 1668
752 1831
752 1912
753 918
753 1109
753 1145
753 1373
753 1504
753 1938
754 1051
754 1319
754 1449
754 1482
754 1721
754 1750
754 1842
754 1869
754 1883
755 986
755 1418
755 1509
755 1697
755 1806
756 1051
756 1068
756 1642
756 1992
757 784
757 1115
757 1340
757 1367
757 1500
758 804
758 1038
758 1582
758 1708
758 1993
759 812
759 824
759 860
759 958
759 1285
760 793
760 1086
760 1284
760 1290
760 1605
760 1698
760 1800
760 1806
760 1829
761 795
761 1272
761 1493
762 925
762 1221
762 1266
762 1434
762 1891
762 1917
763 1338
763 1391
763 1484
763 1699
763 1798
763 1893
764 1016
764 1071
764 1077
764 1098
764 1648
765 790
765 864
765 1305
765 1313
765 1528
766 1290
766 1379
767 1347
767 1363
767 1574
767 1608
767 1731
768 1021
768 1091
768 1346
768 1414
768 1632
768 1706
769 938
769 1248
769 1830
770 1018
770 1085
770 1109
770 1236
770 1262
770 1537
771 1180
771 1554
771 1650
772 831
772 932
772 1331
772 1350
772 1765
772 1838
772 1914
772 1944
772 1980
773 832
773 898
773 1055
773 1259
773 1889
773 1917
774 1210
774 1407
774 1570
774 1733
774 1818
775 1365
775 1750
776 1181
776 1337
776 1368
776 1504
776 1526
776 1609
776 1773
777 779
777 994
777 1343
777 1559
777 1765
777 1920
778 1482
778 1535
778 1547
778 1664
778 1839
778 1940
779 1121
779 1203
779 1479
779 1575
779 1764
780 1096
780 1108
780 1146
780 1704
780 1882
781 947
781 1558
781 1609
781 1909
782 1248
782 1696
782 1740
782 1945
783 917
783 1034
783 1246
783 1486
783 1733
783 1771
783 1772
784 1056
784 1195
784 1406
784 1517
784 1730
785 924
785 1187
785 1845
785 1982
786 1562
786 1592
786 1624
786 1631
786 1948
786 1966
787 820
787 1473
787 1480
787 1687
787 1707
788 969
788 1003
788 1084
788 1179
788 1208
788 1656
788 1969
789 1368
789 1395
789 1446
789 1558
789 1831
790 839
790 1254
790 1683
790 1757
790 1933
791 1057
791 1165
791 1253
791 1407
791 1417
791 1479
791 1736
791 1847
792 1270
792 1486
792 1784
793 1284
793 1327
794 1066
794 1370
794 1602
794 1948
795 1042
795 1176
795 1351
795 1594
795 1779
795 1831
796 1502
796 1865
797 815
797 825
797 840
797 1161
797 1240
797 1551
797 1736
797 1972
798 935
798 1270
798 1337
798 1539
799 817
799 1014
799 1213
799 1366
799 1871
799 1992
800 978
800 994
800 1122
800 1352
800 1373
800 1482
800 1506
800 1694
800 1788
800 1834
801 952
801 957
801 1534
802 1415
802 1434
802 1822
803 941
803 955
803 1196
803 1324
803 1400
803 1907
803 1971
804 916
804 935
804 1060
804 1062
804 1270
804 1623
804 1651
804 1738
805 996
805 1015
805 1169
805 1637
805 1960
806 893
806 1073
806 1143
806 1401
806 1418
806 1474
806 1715
806 1730
806 1997
807 816
807 1166
807 1351
807 1384
807 1421
807 1559
808 968
808 1417
808 1925
809 1882
810 836
810 1814
810 1977
811 1339
811 1607
812 1177
812 1374
812 1487
812 1704
813 932
813 1455
813 1719
813 1967
814 989
814 1114
814 1638
814 1920
815 948
815 1046
815 1147
816 873
816 1157
816 1485
816 1593
816 1639
816 1817
816 1847
816 1948
817 1282
817 1309
817 1851
817 1905
818 848
818 889
818 913
818 1067
818 1128
818 1157
818 1304
818 1370
818 1416
818 1470
819 838
819 1390
819 1723
820 867
820 882
820 1677
821 1678
821 1986
822 850
822 984
822 1007
822 1074
822 1360
822 1535
822 1678
822 1778
822 1990
823 988
823 1015
823 1398
823 1680
823 1752
823 1793
824 954
824 988
824 1116
824 1150
824 1274
825 1510
825 1761
825 1898
826 969
826 1042
826 1053
826 1172
826 1407
826 1412
826 1543
826 1939
827 928
827 931
827 936
827 947
827 957
827 1022
827 1359
828 844
828 915
828 1511
829 898
829 1075
829 1845
830 842
830 930
830 1358
830 1864
831 966
831 1813
832 909
832 1035
832 1129
832 1223
832 1461
832 1490
833 1275
833 1492
833 1755
833 1787
834 1572
834 1732
834 1876
835 858
835 1016
835 1194
835 1239
835 1311
835 1369
835 1444
835 1526
835 1714
835 1810
836 905
836 1193
836 1263
836 1381
836 1617
836 1974
837 1054
837 1102
837 1334
837 1528
837 1716
837 1852
838 1002
838 1327
838 1350
838 1483
838 1678
838 1691
838 1822
838 1837
839 928
839 1003
839 1212
839 1284
839 1645
839 1779
840 1063
840 1096
840 1238
840 1476
840 1744
840 1788
841 957
841 1186
841 1447
841 1607
842 911
842 1144
842 1191
842 1327
842 1974
843 975
843 1488
843 1783
843 1844
844 980
844 1087
844 1422
844 1446
845 869
845 990
845 1100
845 1105
845 1154
845 1309
845 1435
845 1584
846 1115
846 1200
846 1261
846 1444
846 1668
846 1689
847 930
847 986
847 1068
847 1309
847 1314
847 1501
848 922
848 1143
848 1148
848 1393
848 1475
848 1753
848 1966
849 943
849 1737
849 1752
850 954
850 1017
850 1170
850 1304
850 1589
850 1912
851 1148
851 1246
851 1371
851 1403
852 1003
852 1078
852 1286
852 1341
852 1378
852 1578
852 1859
853 874
853 1013
853 1220
853 1252
853 1525
853 1697
854 866
854 1127
854 1197
854 1335
855 867
855 1160
855 1289
855 1357
855 1487
855 1805
855 1940
856 1205
856 1304
856 1358
856 1970
857 1166
857 1193
857 1207
857 1594
857 1787
857 1893
857 1976
858 944
858 1550
858 1712
858 1848
859 960
859 978
859 1092
859 1365
859 1790
859 1953
860 895
860 904
860 985
860 1052
860 1315
860 1392
860 1561
860 1886
861 1014
861 1081
861 1146
861 1371
861 1473
861 1522
861 1713
861 1906
862 1723
862 1737
862 1852
863 907
863 1131
863 1318
863 1477
863 1619
863 1638
864 1015
864 1059
864 1091
864 1102
864 1126
864 1298
864 1329
864 1716
864 1771
865 1051
865 1083
865 1432
865 1616
865 1768
865 1926
866 914
866 1533
866 1754
867 1056
867 1103
867 1278
867 1497
867 1591
867 1658
867 1897
868 897
868 909
868 1144
868 1176
868 1347
868 1772
868 1842
869 916
869 1175
869 1711
869 1746
870 1044
870 1189
870 1190
871 924
871 1162
871 1165
871 1404
871 1857
871 1912
872 1116
872 1224
872 1339
872 1598
872 1684
872 1780
872 1935
873 946
873 1073
873 1175
873 1300
873 1406
873 1701
873 1707
873 1769
873 1822
874 995
874 1251
874 1407
874 1481
874 1739
874 1758
874 1900
874 1958
875 1859
876 1062
876 1353
876 1729
877 1003
877 1103
877 1114
877 1269
877 1685
877 1858
878 1104
879 968
879 1049
879 1251
879 1330
879 1596
879 1614
879 1725
879 1933
879 1956
880 1299
880 1616
880 1618
880 1717
881 891
881 1188
881 1264
881 1365
881 1588
882 938
882 1098
882 1541
882 1550
882 1813
883 913
883 1290
883 1803
883 1860
883 1925
884 1104
885 1239
885 1566
885 1568
885 1600
885 1647
885 1664
885 1960
885 1998
886 1196
886 1499
886 1736
887 935
887 981
887 1015
887 1069
887 1090
887 1509
887 1906
888 1314
888 1326
888 1686
888 1694
888 1763
889 1082
889 1183
889 1580
889 1898
890 982
890 1026
890 1300
890 1432
890 1722
890 1729
890 1939
891 1044
891 1244
891 1258
891 1324
891 1339
891 1343
891 1641
891 1862
892 921
892 950
892 972
892 1916
892 2000
893 1034
893 1306
893 1468
893 1760
893 1812
893 1876
893 1899
894 966
894 1069
894 1227
894 1353
894 1764
895 1012
895 1242
895 1973
896 1346
896 1491
896 1617
896 1707
896 1845
896 1891
897 1093
897 1532
897 1640
897 1690
897 1733
897 1832
897 1890
897 1958
898 1371
898 1373
898 1862
899 1145
899 1214
899 1504
899 1522
899 1674
899 1719
899 1861
899 1917
900 1166
900 1353
900 1371
900 1479
900 1526
901 1321
901 1350
901 1676
902 1524
903 1141
903 1152
904 912
904 1024
904 1307
904 1528
904 1769
905 1254
905 1311
905 1463
905 1914
905 1954
906 1238
906 1351
906 1353
906 1816
907 1066
907 1589
907 1613
907 1803
907 1869
907 1870
907 1913
908 918
908 1290
908 1722
908 1975
909 948
909 1151
909 1233
909 1695
909 1983
910 1023
911 950
911 1060
911 1485
911 1657
911 1669
911 1829
911 1911
912 945
912 1130
912 1196
912 1200
912 1287
912 1739
912 1757
912 1887
913 1049
913 1050
913 1171
913 1323
913 1461
913 1525
913 1747
913 1872
913 1874
913 1937
914 1205
914 1347
914 1433
914 1785
915 916
915 1054
915 1077
915 1082
915 1199
915 1313
915 1915
917 933
917 1280
918 958
918 1501
918 1662
918 1755
918 1953
919 983
919 1018
919 1236
919 1287
919 1342
919 1708
919 1839
920 1083
920 1387
920 1594
920 1629
921 1006
921 1111
921 1175
921 1301
921 1354
921 1453
921 1472
921 1657
922 1179
922 1194
922 1415
922 1757
922 1772
922 1923
923 1357
923 1570
923 1581
923 1627
923 1826
923 1961
924 1244
924 1252
924 1277
924 1339
924 1557
924 1803
925 1135
925 1315
925 1697
925 1701
925 1764
925 1800
925 1831
925 1876
926 1109
926 1310
926 1833
926 1923
926 1924
927 1137
927 1150
928 1279
928 1552
928 1575
928 1933
929 996
930 940
930 1206
930 1442
930 1445
930 1692
931 1115
931 1135
931 1338
931 1399
931 1484
931 1622
931 1623
932 1168
932 1464
932 1494
932 1651
932 1689
932 1911
932 1946
933 951
933 1090
933 1113
933 1413
933 1476
933 1667
934 1784
934 1945
935 1426
935 1495
935 1766
936 1083
936 1187
936 1575
936 1754
936 1941
937 1015
937 1157
937 1904
938 981
938 1596
938 1652
938 1724
939 1171
939 1476
939 1532
939 1584
939 1646
940 973
940 1449
940 1616
940 1689
941 946
941 1290
941 1523
941 1569
942 1257
942 1480
942 1692
942 1828
943 1368
943 1442
943 1480
943 1502
943 1732
943 1998
944 1147
944 1261
944 1273
944 1827
945 1421
945 1588
945 1741
946 1295
946 1811
946 1939
947 965
947 1361
947 1537
947 1538
947 1912
948 972
948 1057
948 1080
948 1329
948 1338
948 1562
948 1782
948 1840
948 1865
948 1887
949 1094
949 1242
949 1250
949 1313
949 1446
949 1520
949 1617
949 1684
949 1941
949 1947
950 1119
950 1354
950 1664
950 1692
950 1905
950 1908
950 1980
951 1001
951 1307
952 1328
952 1486
952 1532
952 1683
952 1705
953 1117
953 1264
953 1308
953 1704
954 1180
954 1426
954 1506
954 1672
954 1689
954 1766
955 1271
955 1305
955 1337
955 1360
955 1462
955 1466
956 1225
956 1239
956 1488
956 1802
956 1872
956 1926
957 1069
957 1077
957 1588
957 1621
957 1793
957 1971
958 987
958 1088
958 1122
958 1148
958 1169
958 1368
958 1628
958 1832
959 1159
959 1199
959 1704
959 1866
960 1363
960 1589
960 1754
960 1806
961 1079
961 1238
961 1314
961 1321
961 1388
961 1389
961 1521
961 1586
961 1647
961 1799
961 1848
961 1858
962 1338
962 1370
962 1533
962 1588
963 1043
963 1114
963 1276
963 1425
963 1547
964 1141
964 1776
964 1882
965 1225
965 1446
965 1932
966 1424
967 1182
967 1288
967 1295
967 1622
967 1698
967 1768
967 1952
967 1998
968 1095
968 1562
968 1569
968 1940
969 1010
969 1074
969 1408
969 1506
969 1912
970 1416
970 1530
970 1731
970 1890
970 1977
971 1097
971 1137
971 1802
972 1012
972 1018
972 1134
972 1481
972 1502
972 1820
972 1871
972 1874
972 1940
974 1024
974 1245
974 1394
974 1549
974 1695
975 1135
975 1656
975 1920
976 995
976 1095
976 1137
976 1389
976 1494
976 1690
976 1729
976 1800
976 1917
977 1334
977 1872
978 1020
978 1146
978 1387
978 1641
978 1901
979 1289
979 1351
979 1538
979 1630
979 1871
979 1955
980 1075
980 1364
980 1547
980 1839
980 1855
980 1915
981 1029
981 1069
981 1689
981 1716
981 1780
982 1109
982 1195
982 1486
982 1558
982 1685
983 1134
983 1234
983 1288
983 1834
983 1993
984 1090
984 1290
984 1763
985 1224
985 1314
985 1341
986 1102
986 1168
986 1614
987 1239
987 1381
987 1613
987 1842
988 1103
988 1328
988 1955
989 1372
989 1586
989 1974
990 1285
990 1484
990 1733
990 1914
990 1965
991 1717
992 1015
992 1633
992 1896
993 1020
993 1268
993 1316
993 1442
993 1788
993 1834
994 1130
994 1303
994 1658
994 1872
995 1290
995 1402
995 1493
995 1828
996 1002
996 1046
996 1113
996 1228
996 1662
996 1692
996 1700
996 1796
996 1967
997 1112
997 1416
997 1470
998 1191
998 1500
998 1659
998 1692
999 1348
999 1642
999 1756
999 1784
1000 1128
1000 1234
1000 1791
1001 1052
1001 1312
1001 1415
1001 1507
1001 1627
1001 1693
1001 1728
1001 1844
1002 1086
1002 1095
1002 1726
1002 1782
1003 1450
1003 1531
1003 1633
1003 1936
1004 1019
1004 1049
1004 1145
1004 1525
1004 1891
1005 1163
1005 1352
1005 1443
1005 1555
1005 1695
1006 1086
1006 1276
1006 1278
1006 1300
1006 1387
1006 1856
1007 1056
1007 1199
1007 1394
1007 1440
1007 1745
1007 1790
1007 1899
1007 1988
1008 1440
1008 1531
1008 1578
1008 1810
1008 1888
1009 1106
1009 1300
1009 1675
1009 1766
1009 1838
1009 1872
1010 1145
1010 1254
1010 1531
1010 1576
1011 1078
1011 1106
1011 1189
1011 1480
1011 1866
1012 1428
1012 1472
1012 1531
1013 1215
1013 1245
1013 1564
1013 1639
1014 1439
1014 1502
1014 1633
1014 1869
1015 1568
1016 1094
1016 1704
1016 1897
1017 1335
1017 1754
1017 1852
1018 1214
1018 1654
1018 1670
1019 1252
1019 1530
1020 1042
1020 1298
1020 1374
1020 1381
1020 1424
1020 1454
1020 1939
1020 1962
1021 1146
1021 1359
1021 1836
1021 1847
1021 1963
1022 1143
1022 1219
1022 1265
1022 1414
1022 1864
1022 1967
1024 1206
1024 1276
1024 1552
1024 1840
1024 1880
1025 1133
1025 1330
1025 1622
1025 1731
1025 1732
1026 1314
1026 1881
1027 1082
1027 1340
1027 1505
1027 1734
1028 1285
1028 1444
1029 1036
1029 1079
1029 1251
1029 1725
1029 1808
1030 1226
1030 1332
1030 1369
1030 1492
1030 1504
1030 1711
1030 1762
1030 1801
1031 1078
1031 1097
1031 1421
1031 1685
1032 1097
1032 1130
1032 1151
1032 1465
1032 1546
1032 1671
1033 1063
1033 1747
1033 1820
1034 1113
1034 1253
1034 1447
1035 1199
1035 1316
1035 1489
1035 1528
1035 1820
1035 1936
1036 1573
1036 1747
1037 1340
1037 1489
1037 1759
1038 1213
1038 1352
1038 1497
1038 1523
1038 1765
1038 1963
1039 1045
1039 1199
1039 1300
1039 1424
1039 1634
1039 1659
1040 1669
1041 1158
1041 1179
1041 1780
1041 1866
1042 1406
1042 1749
1042 1861
1043 1195
1043 1372
1043 1506
1043 1738
1043 1877
1044 1448
1044 1553
1044 1569
1044 1739
1044 1783
1044 1964
1045 1610
1045 1900
1046 1251
1046 1514
1046 1649
1047 1091
1047 1375
1048 1136
1048 1465
1048 1690
1048 1957
1048 1985
1049 1220
1049 1283
1049 1548
1049 1641
1050 1257
1050 1290
1050 1568
1050 1868
1051 1067
1051 1078
1051 1212
1051 1246
1051 1273
1051 1323
1051 1598
1051 1682
1051 1712
1051 1796
1052 1088
1052 1202
1052 1526
1052 1685
1052 1705
1053 1072
1053 1108
1053 1179
1053 1275
1053 1451
1053 1526
1054 1124
1054 1216
1054 1245
1054 1426
1054 1680
1054 1826
1055 1238
1055 1679
1055 1801
1055 1813
1055 1833
1056 1341
1056 1431
1056 1714
1056 1746
1056 1772
1057 1089
1057 1392
1057 1676
1058 1327
1058 1825
1059 1424
1059 1443
1059 1563
1059 1896
1059 1959
1060 1281
1060 1339
1060 1476
1060 1658
1060 1702
1061 1235
1061 1300
1061 1991
1061 1997
1062 1195
1062 1227
1062 1895
1063 1137
1063 1240
1063 1451
1063 1453
1063 1504
1063 1772
1063 1929
1064 1184
1064 1548
1064 1892
1065 1075
1065 1125
1065 1283
1065 1616
1065 1625
1065 1759
1066 1105
1066 1206
1066 1313
1066 1325
1066 1523
1066 1647
1066 1660
1066 1819
1067 1129
1067 1305
1067 1494
1067 1649
1067 1830
1067 1905
1067 1906
1068 1396
1068 1423
1069 1131
1069 1166
1069 1282
1069 1649
1069 1698
1069 1912
1069 1954
1070 1146
1070 1314
1070 1480
1070 1632
1071 1176
1071 1688
1071 1790
1071 1935
1071 1939
1072 1440
1073 1196
1073 1244
1073 1291
1073 1531
1073 1604
1073 1957
1074 1221
1074 1273
1074 1277
1074 1402
1074 1403
1074 1575
1074 1992
1075 1107
1075 1347
1075 1589
1076 1374
1076 1620
1076 1722
1076 1911
1077 1242
1078 1103
1078 1360
1078 1744
1078 1923
1078 1966
1079 1194
1079 1410
1079 1794
1080 1271
1080 1539
1080 1889
1081 1471
1081 1903
1082 1125
1082 1171
1082 1648
1082 1774
1082 1825
1083 1248
1083 1297
1083 1310
1084 1141
1084 1171
1084 1353
1084 1524
1084 1686
1084 1928
1085 1118
1085 1159
1085 1524
1085 1577
1085 1791
1085 1892
1086 1824
1087 1720
1088 1121
1088 1135
1088 1483
1088 1509
1088 1514
1088 1545
1088 1620
1088 1807
1088 1981
1089 1477
1089 1645
1089 1949
1089 1985
1090 1154
1090 1183
1090 1219
1090 1681
1091 1188
1091 1251
1091 1343
1092 1299
1092 1472
1092 1570
1092 1631
1092 1947
1092 1949
1093 1094
1093 1227
1093 1789
1093 1819
1094 1891
1094 1981
1095 1375
1095 1452
1095 1636
1095 1644
1095 1725
1095 1751
1096 1145
1096 1174
1096 1266
1096 1424
1096 1853
1096 1939
1097 1473
1097 1550
1097 1610
1097 1712
1097 1739
1097 1996
1098 1226
1098 1349
1098 1355
1098 1575
1098 1611
1098 1650
1099 1306
1099 1554
1100 1157
1100 1306
1100 1531
1100 1560
1100 1645
1100 1743
1100 1838
1100 1841
1101 1183
1101 1439
1101 1656
1101 1752
1101 1997
1102 1208
1102 1889
1103 1228
1103 1372
1104 1395
1104 1747
1104 1893
1104 2000
1105 1355
1105 1511
1105 1547
1105 1719
1106 1160
1106 1178
1106 1192
1106 1537
1107 1223
1107 1561
1108 1381
1108 1440
1108 1605
1108 1743
1108 1866
1108 1995
1109 1298
1109 1619
1109 1666
1109 1936
1110 1129
1110 1436
1110 1590
1110 1924
1111 1271
1111 1400
1111 1414
1111 1727
1111 1779
1111 1932
1112 1169
1112 1362
1112 1365
1112 1510
1112 1621
1112 1689
1112 1724
1112 1760
1113 1307
1113 1795
1114 1618
1114 1842
1114 1902
1115 1197
1115 1436
1115 1574
1115 1789
1115 1936
1116 1191
1116 1511
1116 1570
1116 1821
1116 1842
1116 1901
1117 1301
1117 1692
1117 1836
1118 1213
1118 1241
1118 1560
1118 1678
1118 1716
1118 1836
1118 1862
1119 1394
1119 1813
1119 1906
1120 1177
1120 1367
1120 1659
1120 1706
1120 1918
1121 1123
1121 1179
1121 1409
1121 1465
1121 1497
1121 1554
1121 1674
1121 1747
1121 1817
1122 1322
1122 1325
1123 1364
1123 1433
1123 1505
1123 1659
1124 1139
1124 1140
1124 1294
1124 1711
1124 1738
1125 1311
1125 1480
1125 1886
1126 1390
1126 1602
1127 1229
1127 1538
1128 1277
1128 1283
1128 1402
1128 1420
1129 1386
1129 1412
1129 1787
1129 1936
1130 1237
1130 1444
1130 1556
1130 1606
1130 1768
1130 1855
1131 1200
1131 1299
1131 1439
1132 1443
1132 1637
1134 1425
1134 1438
1134 1804
1134 1926
1135 1181
1135 1237
1135 1383
1135 1421
1135 1490
1135 1595
1135 1687
1135 1949
1136 1194
1136 1309
1136 1701
1137 1148
1137 1302
1137 1698
1137 1835
1137 1852
1138 1196
1139 1515
1140 1220
1140 1378
1140 1703
1140 1905
1141 1702
1142 1249
1142 1383
1142 1639
1143 1209
1143 1672
1143 1748
1143 1855
1143 1971
1144 1242
1144 1308
1144 1376
1144 1507
1144 1571
1144 1727
1144 1986
1145 1178
1145 1312
1145 1364
1145 1366
1145 1588
1145 1756
1145 1836
1146 1942
1147 1570
1148 1326
1148 1526
1148 1577
1148 1582
1148 1900
1149 1206
1149 1966
1150 1194
1150 1200
1150 1458
1150 1593
1150 1597
1150 1600
1150 1611
1150 1626
1151 1227
1151 1487
1151 1547
1151 1600
1151 1742
1151 1849
1151 1909
1152 1249
1152 1355
1152 1749
1153 1165
1153 1188
1153 1287
1153 1298
1153 1423
1153 1591
1153 1652
1153 1943
1154 1217
1154 1465
1154 1651
1154 1768
1154 1802
1155 1926
1156 1265
1156 1334
1156 1709
1156 1842
1156 1904
1157 1207
1157 1261
1157 1307
1157 1352
1157 1451
1158 1515
1158 1628
1158 1713
1159 1409
1159 1544
1159 1555
1159 1570
1159 1654
1159 1975
1160 1236
1160 1238
1160 1425
1160 1598
1160 1677
1160 1787
1161 1222
1161 1408
1161 1741
1161 1945
1162 1354
1162 1447
1162 1668
1162 1776
1162 1912
1162 1954
1163 1316
1164 1250
1164 1509
1164 1620
1164 1672
1164 1972
1165 1246
1165 1258
1165 1518
1165 1546
1165 1699
1166 1170
1166 1338
1166 1427
1166 1449
1167 1246
1167 1389
1167 1521
1167 1625
1167 1700
1167 1724
1167 1875
1167 1918
1168 1259
1168 1466
1168 1841
1168 1988
1169 1341
1169 1360
1169 1797
1169 1863
1169 1946
1170 1355
1170 1637
1170 1961
1170 1979
1171 1342
1171 1657
1172 1230
1172 1354
1172 1395
1172 1796
1172 1803
1173 1230
1173 1384
1173 1536
1173 1615
1173 1652
1173 1901
1174 1545
1174 1736
1175 1310
1175 1430
1175 1542
1175 1766
1175 1866
1175 1891
1176 1688
1176 1771
1176 1939
1177 1184
1177 1192
1177 1438
1177 1518
1177 1577
1177 1864
1178 1495
1178 1720
1178 1950
1179 1194
1179 1208
1179 1621
1179 1792
1179 1964
1179 1990
1180 1533
1180 1551
1180 1684
1180 1897
1181 1209
1181 1259
1182 1595
1182 1772
1182 1859
1182 1984
1184 1404
1184 1532
1184 1700
1185 1279
1185 1617
1186 1283
1186 1325
1186 1776
1187 1309
1187 1335
1187 1411
1187 1415
1187 1845
1187 1872
1187 1899
1187 1904
1187 1940
1188 1449
1188 1489
1188 1838
1189 1487
1190 1469
1190 1518
1190 1648
1191 1439
1191 1580
1192 1302
1192 1693
1192 1780
1193 1476
1193 1734
1193 1762
1194 1246
1194 1287
1194 1348
1194 1643
1194 1779
1194 1791
1194 1942
1195 1357
1195 1433
1196 1413
1196 1439
1196 1849
1197 1643
1197 1692
1199 1749
1200 1885
1200 1944
1201 1301
1201 1325
1201 1412
1201 1432
1201 1436
1201 1688
1201 1899
1202 1427
1202 1517
1203 1664
1203 1743
1203 1808
1203 1936
1204 1216
1204 1380
1204 1616
1204 1634
1204 1742
1205 1328
1205 1407
1205 1690
1205 1846
1205 1976
1206 1669
1206 1739
1206 1936
1207 1225
1207 1331
1207 1430
1207 1790
1207 1928
1208 1323
1208 1803
1208 1967
1209 1259
1209 1439
1209 1796
1209 1936
1209 1971
1210 1248
1210 1518
1210 1961
1211 1408
1211 1936
1211 1948
1211 1997
1212 1834
1213 1352
1213 1382
1213 1438
1213 1474
1214 1220
1214 1628
1214 1984
1215 1361
1215 1495
1215 1806
1215 1817
1215 1878
1216 1429
1216 1541
1216 1602
1216 1673
1216 1854
1217 1436
1217 1842
1218 1309
1218 1583
1218 1911
1218 1963
1219 1354
1219 1670
1220 1468
1221 1418
1221 1445
1221 1871
1222 1265
1223 1404
1224 1417
1224 1664
1225 1296
1225 1425
1225 1589
1225 1631
1226 1456
1226 1605
1226 1788
1226 1861
1226 1976
1227 1232
1227 1324
1227 1489
1227 1609
1227 1780
1227 1975
1228 1268
1228 1305
1228 1330
1228 1510
1228 1747
1229 1336
1229 1628
1229 1708
1229 1909
1230 1353
1230 1692
1230 1793
1230 1956
1231 1722
1231 1746
1231 1780
1231 1971
1232 1832
1232 1967
1233 1550
1233 1579
1234 1409
1234 1429
1234 1720
1235 1255
1235 1431
1235 1463
1235 1559
1235 1633
1235 1648
1235 1660
1235 1664
1235 1854
1236 1361
1237 1243
1237 1316
1237 1355
1237 1384
1237 1460
1237 1502
1237 1877
1238 1492
1238 1818
1239 1517
1240 1378
1240 1546
1240 1716
1240 1769
1241 1330
1241 1374
1241 1659
1241 1723
1242 1275
1242 1502
1242 1627
1242 1826
1242 1974
1243 1654
1243 1735
1243 1834
1244 1289
1244 1326
1244 1665
1244 1820
1245 1439
1245 1543
1245 1624
1245 1724
1245 1781
1245 1810
1246 1251
1246 1255
1246 1862
1247 1360
1247 1678
1247 1850
1247 1968
1248 1387
1249 1718
1249 1852
1249 1893
1250 1664
1250 1775
1250 1922
1250 1975
1251 1475
1251 1529
1251 1713
1251 1953
1252 1449
1252 1609
1252 1631
1252 1853
1252 1932
1253 1290
1253 1365
1254 1389
1254 1621
1255 1318
1255 1419
1255 1567
1255 1632
1255 1690
1256 1733
1256 1847
1257 1258
1257 1602
1258 1265
1258 1289
1258 1542
1258 1594
1258 1626
1259 1278
1259 1750
1260 1279
1260 1432
1260 1786
1260 1872
1260 1936
1260 1990
1261 1620
1261 1632
1261 1673
1261 1932
1261 1972
1263 1361
1263 1517
1264 1326
1265 1392
1265 1539
1265 1635
1265 1758
1265 1937
1266 1286
1266 1606
1266 1833
1267 1313
1267 1330
1267 1674
1267 1902
1267 1928
1268 1483
1268 1522
1268 1834
1268 1928
1268 1967
1269 1770
1269 1970
1270 1720
1271 1385
1271 1960
1271 1986
1272 1592
1272 1652
1273 1550
1273 1624
1273 1692
1274 1330
1274 1445
1274 1894
1274 1963
1275 1437
1275 1568
1275 1618
1275 1973
1276 1528
1276 1941
1277 1322
1277 1328
1277 1344
1277 1481
1277 1728
1278 1672
1279 1386
1279 1405
1279 1414
1279 1922
1279 1940
1280 1296
1280 1322
1280 1885
1280 1889
1280 1923
1281 1318
1281 1367
1281 1505
1281 1591
1281 1775
1281 1935
1282 1338
1282 1511
1283 1880
1284 1490
1284 1516
1284 1638
1284 1768
1284 1868
1284 1950
1285 1421
1286 1439
1286 1580
1286 1677
1286 1909
1286 1944
1287 1292
1287 1428
1287 1515
1287 1577
1287 1728
1287 1759
1288 1363
1288 1448
1288 1584
1288 1687
1288 1822
1288 1904
1289 1327
1289 1584
1289 1735
1290 1433
1290 1532
1290 1545
1290 1883
1291 1486
1291 1864
1291 1905
1292 1419
1292 1429
1292 1547
1293 1557
1293 1709
1293 1906
1293 1922
1294 1509
1294 1790
1294 1846
1295 1463
1295 1806
1295 1976
1296 1317
1296 1436
1296 1520
1296 1675
1296 1875
1296 1931
1297 1366
1297 1638
1297 1792
1298 1745
1298 1769
1298 1823
1298 1885
1298 1907
1299 1313
1299 1617
1299 1636
1299 1694
1299 1832
1299 1865
1300 1327
1300 1515
1300 1759
1300 1822
1301 1736
1302 1539
1302 1647
1303 1314
1303 1501
1303 1513
1303 1757
1304 1374
1304 1974
1305 1502
1305 1807
1305 1933
1306 1483
1306 1585
1306 1659
1306 1926
1307 1639
1307 1778
1307 1929
1308 1352
1308 1553
1308 1792
1308 1816
1309 1618
1310 1364
1310 1663
1311 1788
1311 1857
1311 1945
1312 1880
1312 1924
1312 1955
1312 1976
1313 1412
1313 1625
1313 1767
1313 1965
1314 1616
1314 1727
1314 1846
1315 1558
1315 1723
1315 1910
1315 1963
1316 1444
1316 1695
1317 1386
1317 1628
1317 1738
1318 1652
1318 1776
1318 1892
1319 1410
1319 1563
1319 1572
1319 1883
1320 1554
1320 1635
1321 1624
1321 1657
1321 1892
1321 1988
1322 1662
1322 1775
1323 1453
1324 1466
1324 1692
1324 1702
1324 1790
1324 1887
1325 1648
1325 1858
1326 1786
1327 1643
1327 1711
1327 1727
1327 1951
1328 1383
1328 1557
1328 1837
1328 1967
1329 1341
1329 1677
1329 1901
1329 1945
1329 1999
1330 1507
1330 1708
1330 1749
1330 1960
1331 1431
1332 1675
1332 1792
1333 1630
1333 1642
1333 1664
1333 1693
1334 1396
1334 1549
1334 1647
1334 1927
1335 1485
1335 1716
1336 1542
1336 1580
1336 1628
1336 1780
1336 1781
1337 1707
1337 1735
1337 1928
1338 1728
1338 1754
1339 1447
1339 1532
1339 1536
1339 1602
1339 1669
1339 1975
1340 1535
1340 1811
1341 1682
1341 1895
1342 1458
1342 1547
1343 1574
1343 1734
1343 1869
1344 1458
1344 1629
1345 1396
1345 1427
1345 1635
1346 1409
1346 1625
1346 1705
1346 1838
1347 1527
1347 1530
1347 1549
1347 1624
1347 1647
1347 1793
1348 1469
1348 1477
1348 1589
1348 1615
1348 1737
1348 1833
1348 1963
1349 1452
1349 1470
1349 1703
1350 1579
1350 1901
1350 1954
1351 1353
1351 1379
1351 1411
1351 1782
1351 1789
1352 1684
1352 1698
1352 1795
1353 1437
1353 1738
1354 1738
1354 1748
1355 1468
1356 1441
1356 1600
1356 1611
1356 1702
1357 1410
1357 1679
1357 1862
1358 1376
1358 1385
1358 1428
1358 1753
1358 1875
1358 1955
1359 1622
1359 1785
1360 1435
1360 1609
1360 1613
1360 1647
1360 1905
1360 1995
1361 1461
1361 1682
1361 1774
1361 1942
1362 1384
1363 1480
1363 1546
1363 1580
1363 1674
1363 1846
1363 1979
1364 1530
1365 1457
1365 1926
1365 1930
1365 1950
1365 1958
1366 1806
1366 1862
1367 1429
1367 1529
1367 1546
1367 1568
1367 1917
1368 1495
1368 1547
1368 1741
1368 1749
1368 1911
1368 1970
1369 1371
1369 1546
1369 1646
1369 1654
1369 1787
1370 1560
1370 1816
1370 1847
1370 1963
1370 1991
1371 1553
1372 1466
1372 1571
1372 1848
1372 1947
1373 1502
1373 1698
1373 1702
1374 1482
1374 1555
1374 1565
1374 1631
1374 1854
1374 1989
1375 1698
1375 1784
1375 1990
1376 1429
1376 1459
1376 1641
1376 1759
1376 1811
1377 1538
1377 1926
1378 1640
1378 1902
1378 1963
1379 1717
1379 1862
1380 1488
1380 1498
1380 1688
1380 1732
1380 1937
1383 1875
1384 1877
1384 1950
1384 1978
1385 1730
1386 1469
1386 1634
1386 1749
1386 1935
1386 1996
1387 1516
1387 1526
1387 1678
1387 1689
1387 1817
1389 1484
1389 1537
1389 1855
1389 1935
1389 1965
1390 1608
1391 1729
1391 1897
1392 1485
1392 1508
1392 1839
1394 1406
1394 1505
1395 1399
1395 1726
1395 1809
1396 1826
1396 1837
1396 1882
1397 1463
1397 1808
1397 1982
1399 1599
1399 1831
1399 1927
1399 1988
1400 1743
1400 1755
1400 1769
1401 1559
1401 1831
1402 1628
1403 1415
1403 1532
1403 1608
1403 1662
1404 1609
1404 1664
1404 1755
1405 1773
1405 1977
1406 1674
1406 1694
1406 1703
1406 1881
1406 1942
1407 1411
1407 1453
1407 1571
1407 1664
1408 1808
1408 1818
1408 1889
1408 1952
1408 1996
1409 1443
1409 1623
1409 1963
1410 1500
1411 1635
1411 1744
1411 1810
1411 1942
1412 1445
1412 1719
1412 1845
1412 1929
1413 1428
1413 1650
1413 1805
1413 1947
1413 1978
1414 1477
1414 1571
1415 1467
1415 1676
1415 1848
1415 1882
1416 1925
1416 1936
1417 1561
1417 1596
1417 1691
1417 1793
1418 1621
1418 1699
1419 1621
1419 1876
1420 1589
1420 1642
1420 1668
1420 1733
1420 1771
1420 1849
1421 1432
1421 1542
1421 1836
1422 1677
1422 1727
1422 1860
1422 1872
1423 1755
1424 1615
1424 1693
1425 1426
1425 1466
1425 1636
1425 1928
1426 1541
1426 1606
1426 1811
1427 1529
1427 1987
1428 1542
1428 1841
1428 1856
1429 1890
1430 1824
1430 1846
1432 1559
1432 1829
1432 1861
1433 1504
1433 1513
1433 1800
1433 1865
1434 1531
1434 1779
1434 1830
1435 1485
1435 1549
1435 1770
1435 1794
1436 1493
1436 1568
1436 1772
1437 1515
1437 1557
1438 1839
1439 1543
1439 1886
1440 1505
1440 1716
1441 1544
1441 1749
1442 1570
1442 1860
1442 1948
1442 1959
1442 1986
1443 1720
1443 1730
1443 1757
1443 1820
1443 1920
1443 1928
1443 1970
1444 1547
1445 1497
1446 1494
1446 1837
1448 1575
1448 1785
1448 1916
1449 1948
1450 1527
1450 1535
1450 1553
1450 1761
1451 1508
1451 1517
1452 1625
1452 1868
1452 1956
1453 1508
1453 1606
1453 1876
1454 1586
1454 1617
1454 1794
1454 1831
1454 1846
1454 1916
1455 1781
1456 1572
1456 1916
1456 1997
1457 1820
1457 1996
1458 1969
1459 1467
1459 1475
1459 1512
1459 1620
1459 1853
1460 1974
1461 1715
1462 1641
1462 1815
1462 1838
1462 1856
1462 1936
1463 1518
1463 1687
1463 1715
1463 1953
1464 1751
1464 1785
1464 1820
1465 1545
1465 1645
1467 1642
1468 1744
1468 1769
1469 1824
1470 1676
1470 1749
1471 1766
1471 1861
1472 1521
1472 1568
1472 1925
1473 1677
1473 1840
1473 1975
1474 1554
1474 1649
1474 1780
1475 1761
1476 1587
1476 1706
1476 1802
1476 1833
1477 1584
1477 1589
1477 1919
1477 1994
1478 1582
1478 1791
1478 1815
1478 1974
1479 1713
1479 1862
1479 1922
1480 1499
1480 1771
1480 1840
1480 1942
1480 1960
1481 1489
1481 1679
1481 1765
1481 1781
1481 1783
1482 1848
1483 1665
1484 1800
1485 1558
1485 1614
1485 1624
1485 1914
1485 1969
1487 1606
1487 1675
1487 1850
1488 1507
1488 1510
1488 1661
1488 1892
1489 1516
1489 1567
1489 1669
1489 1918
1491 1561
1491 1733
1491 1828
1492 1514
1492 1843
1492 1918
1494 1689
1494 1863
1495 1641
1495 1657
1496 1819
1497 1751
1497 1885
1498 1545
1498 1565
1498 1590
1498 1673
1499 1562
1499 1899
1500 1870
1500 1876
1500 1943
1501 1540
1501 1675
1502 1559
1502 1758
1504 1980
1505 1733
1505 1747
1506 1788
1507 1522
1507 1577
1508 1787
1509 1702
1509 1726
1509 1763
1509 1925
1510 1632
1510 1809
1510 1954
1510 1977
1513 1747
1513 1766
1515 1997
1516 1648
1517 1625
1517 1781
1517 1843
1517 1942
1517 1985
1518 1859
1518 1938
1519 1590
1519 1742
1519 1779
1519 1897
1520 1824
1521 1714
1524 1668
1525 1759
1525 1798
1525 1809
1525 1840
1525 1921
1527 1608
1527 1858
1527 1870
1527 1897
1527 1993
1528 1581
1528 1746
1528 1923
1528 1941
1529 1657
1530 1719
1530 1882
1530 1909
1530 1986
1531 1851
1531 1857
1531 1994
1532 1578
1532 1867
1533 1991
1534 1814
1536 1686
1536 1796
1537 1544
1537 1637
1537 1744
1537 2000
1538 1727
1539 1707
1539 1901
1540 1836
1542 1588
1542 1704
1542 1924
1543 1711
1543 1752
1543 1772
1543 1952
1544 1712
1544 1880
1544 1905
1545 1600
1545 1818
1545 1823
1545 1933
1545 1953
1546 1718
1546 1904
1547 1795
1548 1552
1548 1884
1549 1808
1551 1623
1551 1722
1551 1781
1551 1837
1551 1961
1552 1927
1553 1565
1553 1648
1553 1971
1554 1561
1554 1564
1554 1760
1554 1762
1554 1924
1555 1596
1555 1703
1555 1957
1556 1763
1556 1764
1556 1959
1557 1657
1557 1867
1557 1958
1559 1666
1559 1678
1559 1906
1560 1719
1560 1869
1561 1992
1562 1630
1562 1753
1563 1654
1563 1662
1563 1712
1563 1733
1563 1789
1563 1830
1564 1724
1564 1936
1565 1771
1565 1794
1565 1947
1566 1641
1566 1729
1566 1837
1566 1977
1567 1625
1567 1745
1570 1760
1571 1733
1571 1800
1571 1819
1571 1905
1573 1711
1574 1624
1575 1587
1575 1881
1575 1942
1576 1752
1576 1902
1576 1965
1576 2000
1577 1656
1578 1636
1579 1588
1580 1660
1580 1794
1581 1712
1581 1956
1581 1958
1582 1690
1583 1618
1584 1623
1585 1741
1586 1800
1586 1853
1586 1942
1586 1998
1587 1807
1588 1769
1589 1750
1589 1967
1590 1809
1590 1888
1591 1880
1591 1900
1592 1728
1592 1916
1592 1945
1593 1803
1594 1614
1594 1675
1594 1712
1595 1843
1595 1886
1595 1957
1598 1640
1598 1752
1599 1723
1599 1731
1600 1950
1600 1988
1601 1680
1601 1895
1601 1920
1602 1986
1603 1975
1606 1693
1607 1613
1607 1691
1610 1832
1614 1677
1614 1737
1614 1800
1614 1932
1614 1942
1614 1980
1615 1693
1615 1734
1615 1745
1615 1795
1616 1769
1617 1622
1617 1751
1618 1638
1618 1845
1619 1676
1619 1753
1619 1893
1619 1924
1620 1622
1620 1678
1620 1780
1620 1913
1621 1896
1621 1978
1622 1817
1623 1641
1624 1773
1627 1994
1628 1630
1628 1852
1630 1861
1631 1654
1631 1776
1631 1853
1632 1657
1632 1706
1633 1691
1633 1700
1634 1650
1634 1693
1634 1697
1635 1806
1636 1819
1636 1830
1636 1890
1636 1929
1637 1655
1637 1738
1638 1879
1638 1954
1639 1922
1639 1958
1640 1678
1641 1644
1641 1697
1642 1654
1642 1895
1643 1849
1643 1851
1643 1856
1643 1885
1643 1925
1645 1916
1646 1805
1647 1788
1647 1905
1647 1964
1648 1776
1649 1761
1649 1773
1649 1964
1650 1730
1651 1745
1651 1757
1651 1854
1652 1684
1652 1772
1652 1811
1652 1860
1653 1699
1653 1882
1653 1891
1654 1674
1654 1702
1654 1924
1654 1952
1655 1680
1655 1800
1655 1933
1657 1680
1659 1700
1659 1716
1659 1901
1660 1897
1661 1682
1661 1836
1661 1970
1662 1692
1662 1901
1663 1666
1663 1842
1664 1737
1665 1730
1665 1832
1665 1882
1665 1983
1667 1772
1667 1973
1668 1729
1668 1772
1670 1741
1670 1806
1670 1820
1670 1956
1670 1975
1671 1907
1672 1729
1672 1737
1672 1898
1674 1706
1674 1737
1674 1752
1674 1911
1675 1910
1675 1937
1677 1715
1677 1937
1678 1771
1680 1836
1680 1906
1680 1988
1681 1762
1681 1955
1682 1855
1683 1933
1684 1704
1684 1728
1684 1932
1685 1730
1685 1829
1685 1860
1685 1889
1686 1730
1686 1821
1686 1852
1687 1701
1687 1909
1688 1726
1690 1940
1691 1849
1692 1845
1694 1893
1694 1926
1694 1946
1694 1968
1695 1919
1699 1894
1700 1774
1701 1703
1701 1751
1702 1792
1702 1971
1703 1711
1703 1797
1703 1828
1703 1849
1703 1946
1703 1981
1704 1962
1706 1826
1706 1833
1707 1764
1711 1860
1711 1943
1712 1982
1715 1777
1715 1872
1717 1921
1717 1926
1717 1977
1718 1872
1718 1911
1718 1929
1720 1877
1720 1966
1721 1793
1721 1969
1721 1993
1722 1849
1722 1860
1722 1917
1723 1913
1725 1790
1727 1814
1729 1828
1730 1812
1730 1917
1731 1736
1731 1835
1731 1885
1731 1971
1732 1767
1732 1838
1732 1842
1733 1905
1733 1950
1734 1797
1735 1748
1736 1841
1736 1887
1736 1934
1737 1909
1739 1768
1739 1830
1740 1787
1740 1837
1741 1933
1741 1957
1742 1769
1742 1987
1743 1898
1743 1936
1743 1944
1745 1965
1746 1795
1748 1757
1748 1885
1749 1973
1750 1880
1751 1865
1752 1902
1756 1768
1756 1799
1756 1919
1757 1772
1758 1863
1758 1865
1759 1838
1759 1840
1760 1857
1760 1952
1761 1923
1763 1813
1763 1989
1764 1854
1765 1878
1765 1897
1766 1773
1767 1827
1768 1808
1769 1857
1769 1894
1771 1914
1772 1828
1773 1837
1774 1792
1774 1937
1775 1951
1776 1918
1777 1999
1778 1930
1780 1784
1780 1865
1780 1868
1781 1851
1781 1954
1783 1804
1783 1849
1785 1991
1788 1953
1789 1796
1789 1980
1790 1844
1790 1925
1792 1804
1795 1822
1796 1912
1796 1930
1797 1802
1797 1882
1797 1916
1797 1946
1800 1957
1802 1952
1802 1961
1804 1833
1805 1915
1810 1828
1810 1894
1811 1970
1812 1911
1812 1975
1814 1827
1814 1840
1814 1976
1815 1852
1817 1831
1819 1829
1821 1829
1822 1892
1826 1885
1828 1973
1828 1986
1829 1963
1830 1981
1832 1939
1832 1960
1833 1995
1834 1908
1835 1907
1837 1938
1838 1936
1838 1983
1841 1926
1841 1945
1844 1867
1849 1875
1850 1866
1850 1877
1850 1924
1851 1991
1852 1916
1853 1956
1855 1905
1855 1928
1856 1921
1858 1944
1859 1999
1860 1905
1860 1959
1861 1879
1862 1984
1863 1909
1863 1982
1863 1995
1866 1966
1867 1911
1868 1934
1869 1944
1869 1958
1870 1997
1871 1900
1876 1912
1876 1926
1877 1991
1878 1989
1886 1912
1886 1928
1889 1977
1891 1967
1906 1914
1906 1967
1907 1989
1909 1991
1910 1945
1915 1939
1915 1960
1917 1981
1919 1935
1920 1929
1920 1937
1921 1962
1925 1967
1927 1929
1928 1993
1933 1997
1934 1950
1938 1995
1940 1965
1945 1980
1952 1983
1955 1991
1966 1968
1966 1980
1968 1998
1969 1981
1984 1996
1992 1996
1994 2000