2000
1 867
2 1211
3 514
4 1676
6 929
6 1130
7 1780
7 1829
8 1826
9 961
9 1234
10 480
10 1347
11 1804
12 32
13 101
14 634
15 1431
15 1532
16 219
16 1392
16 1813
17 697
18 1261
18 1851
19 1870
20 556
21 203
21 583
21 1225
22 797
22 1376
23 619
27 57
28 75
28 712
28 1681
29 140
29 896
29 1673
30 1733
31 570
31 687
31 964
31 1019
31 1743
32 79
32 1436
32 1805
33 886
34 779
37 577
39 1452
39 1485
39 1574
40 1241
41 533
41 1970
42 552
42 623
42 1735
42 1844
42 1921
42 1938
43 398
43 915
43 1300
43 1963
44 1146
44 1298
44 1770
45 732
47 628
47 1047
47 1287
47 1889
48 317
48 1223
48 1360
49 375
49 1033
49 1097
49 1288
49 1481
50 783
51 113
51 611
51 888
51 1152
52 368
53 82
53 614
55 89
55 630
55 1075
56 467
57 791
60 156
61 1167
62 1079
63 1477
64 1267
64 1296
65 184
65 654
65 1692
65 1864
68 1881
69 556
70 583
72 1945
73 1626
76 1167
78 1137
78 1860
80 1039
81 1325
81 1636
82 227
82 837
82 1682
82 1909
84 884
85 516
85 749
85 1294
85 1814
87 1543
88 384
88 1031
90 1700
90 1706
91 1834
92 673
92 1734
93 146
93 1037
93 1537
94 1247
94 1681
95 521
95 564
99 1697
102 233
102 263
102 612
102 1217
103 846
104 1234
105 1444
106 193
106 1294
107 195
107 293
107 607
108 172
108 420
108 462
109 500
109 942
110 1233
110 1448
112 1540
114 146
114 1256
115 791
115 1585
116 430
117 514
117 758
118 1180
118 1659
121 698
121 905
121 1079
121 1247
122 230
122 468
122 1523
123 1794
124 1061
124 1848
125 797
125 1794
128 714
129 1917
129 1944
131 1913
132 1811
133 724
134 647
135 347
135 1081
137 1191
137 1485
138 1151
138 1724
139 863
141 975
141 1052
141 1898
142 1125
142 1418
144 351
144 841
144 1216
144 1839
145 253
145 1451
147 388
147 784
148 750
148 978
149 150
149 1397
152 221
152 1209
155 806
155 1615
156 970
157 1543
158 242
158 406
158 1140
158 1358
159 1642
159 1745
160 1275
162 1104
163 1345
164 741
164 1358
164 1879
165 309
165 520
165 659
165 1070
165 1249
166 697
166 1710
166 1949
167 1829
169 236
169 409
170 313
170 330
171 1327
172 241
172 1032
172 1661
173 447
173 1005
174 376
174 951
175 1250
175 1750
175 1921
177 1887
179 500
179 1924
180 264
181 511
181 1518
181 1713
182 1298
184 537
185 863
185 1634
189 457
189 1546
190 1483
190 1784
191 729
191 1605
191 1730
192 1580
193 816
194 336
195 612
195 960
195 1077
195 1832
195 1904
196 439
196 575
197 556
197 1598
197 1698
199 1063
200 536
201 824
201 1470
202 553
202 1159
202 1869
203 1699
204 1415
205 1174
206 822
207 1404
208 926
208 1082
208 1874
209 252
209 1527
210 469
210 1717
211 1954
212 1311
212 1501
212 1949
214 339
216 1519
217 1023
217 1934
219 1350
220 388
220 844
220 1419
222 1988
224 1257
224 1586
225 549
227 1550
227 1905
228 1486
228 1828
230 236
231 1553
231 1956
232 611
233 514
233 623
233 861
233 1333
233 1710
233 1888
235 797
235 1493
235 1734
235 1927
235 1961
237 1153
237 1255
238 1258
239 1280
240 630
242 733
242 969
242 1453
243 775
243 881
243 1447
246 709
250 1275
250 1484
251 1388
252 1366
254 1255
255 1890
257 1484
258 799
258 1374
260 1392
261 1262
261 1462
261 1507
261 1831
261 1835
261 1987
264 626
264 681
265 1247
268 1773
269 647
269 909
269 1380
270 384
270 1040
270 1252
273 1554
274 503
274 1219
275 799
276 623
277 732
278 924
278 1790
279 354
279 1405
280 1858
282 800
282 1595
283 1320
284 1095
285 620
285 847
285 857
286 1657
287 1980
289 369
289 505
289 733
289 1222
289 1855
290 944
290 1190
292 1376
292 1945
296 609
297 573
297 1545
298 416
298 1963
299 771
299 1988
300 1177
300 1390
301 1673
302 342
305 508
305 876
306 1294
306 1663
306 1903
307 1365
307 1502
308 940
308 1496
309 438
310 497
310 979
311 911
311 1803
312 701
314 606
314 970
314 1389
315 660
315 710
315 1673
316 775
316 1183
317 1660
318 905
318 1486
319 364
319 459
319 1635
320 1311
321 351
322 904
322 1469
322 1875
323 1261
323 1521
324 492
324 532
324 626
324 936
326 601
326 1945
327 658
327 1514
328 990
329 660
329 955
330 1072
331 368
331 734
331 1262
332 971
332 1936
333 598
333 1320
335 1519
337 404
337 523
337 1286
338 659
338 690
340 1390
340 1399
341 1142
341 1631
341 1704
342 532
342 1240
343 503
343 522
344 1029
344 1434
344 1686
345 977
346 1056
347 1971
349 1435
349 1792
351 1304
352 1634
353 911
354 1025
354 1318
355 492
355 1653
357 764
357 938
357 1432
357 1455
358 1567
359 506
359 607
360 1600
361 512
361 770
362 1638
362 1689
363 487
363 780
363 823
365 1233
365 1442
365 1533
365 1747
367 879
367 1484
367 1536
370 859
372 953
373 1439
373 1720
374 1938
375 1558
376 1225
377 604
377 1863
380 1095
380 1146
380 1165
381 823
384 884
384 1846
385 1538
386 1772
388 505
388 673
388 764
388 1802
389 1971
390 947
390 1667
391 1067
393 459
394 612
395 888
395 1616
395 1669
397 959
398 1769
399 581
400 1815
401 825
401 1719
402 1067
402 1085
402 1807
403 929
403 1488
403 1631
404 470
408 1589
409 1017
409 1720
409 1875
410 768
410 1043
411 453
412 1177
412 1186
413 1689
414 429
414 526
414 1287
415 1093
415 1561
415 1830
416 1395
417 1056
417 1452
418 952
418 1222
419 783
420 1260
421 1056
421 1496
423 557
423 566
424 852
424 1794
425 707
425 1151
425 1616
425 1722
428 529
428 948
428 1907
429 1534
430 1667
431 1630
432 731
432 868
433 1911
434 1725
435 526
435 997
437 813
437 1207
438 1455
439 563
441 1466
443 729
443 1233
444 1756
446 1511
448 524
448 1079
448 1856
449 1618
450 611
450 1060
451 847
451 892
451 1494
452 838
454 992
454 1427
455 582
455 698
455 1366
456 658
456 1493
457 1159
457 1681
458 507
458 537
458 864
459 839
462 678
464 721
464 915
464 1386
465 707
465 1075
466 586
467 788
467 1797
469 1208
470 813
470 1545
471 1605
472 500
472 1248
472 1792
472 1856
473 1031
473 1211
473 1782
474 1940
475 725
475 1154
476 1260
477 904
480 1052
480 1378
480 1994
481 1642
481 1962
482 855
483 1132
485 1628
488 857
488 1827
489 858
489 1398
490 551
490 1981
491 1659
491 1763
491 1994
493 724
493 1712
495 1757
496 964
496 1054
497 1543
499 1263
499 1989
500 1611
501 848
502 739
502 929
504 994
505 835
506 1387
507 573
507 1264
507 1421
508 579
508 915
509 849
512 1242
518 1233
520 1416
520 1907
521 1494
522 629
522 1255
522 1848
523 1139
524 1526
525 547
526 1535
527 1755
528 658
528 1921
529 1239
529 1413
531 755
531 1352
533 1863
535 831
535 1899
536 1496
537 769
538 634
538 639
538 782
539 1249
540 830
540 1504
540 1639
541 1951
542 1190
543 1309
543 1514
544 1986
545 1826
547 1780
550 1966
551 1581
551 1994
552 1944
553 1727
554 1211
555 909
555 1937
557 1270
558 1031
558 1129
560 1240
560 1424
560 1999
561 1916
562 1815
565 783
567 1255
567 1822
568 1011
568 1420
571 593
573 1423
574 1233
574 1978
576 671
580 1657
581 893
582 643
584 1345
585 591
585 888
586 1581
587 1949
588 1589
592 1278
594 1120
599 1119
599 1327
600 650
603 1061
604 1054
604 1370
607 1878
609 726
609 1666
612 1327
612 1759
613 1898
615 1190
617 1257
617 1433
617 1565
617 1672
618 899
619 908
620 1992
621 943
622 1080
622 1752
623 1744
625 796
625 1266
626 1845
626 1990
627 838
628 1516
629 1294
629 1300
631 807
632 1207
632 1364
632 1398
633 1468
633 1815
634 677
634 792
635 645
636 853
637 1438
637 1661
638 801
641 1903
644 844
644 1205
644 1671
645 847
647 1146
647 1907
649 850
650 1967
651 1551
651 1601
651 1642
651 1967
652 885
653 1780
654 1059
654 1309
657 1295
658 1146
659 1110
659 1393
661 841
661 1399
661 1815
662 1160
664 1863
665 1901
667 1767
667 1784
668 1017
670 1573
671 796
672 1295
672 1600
672 1917
673 883
674 1663
676 1407
677 844
678 1237
679 1603
680 853
682 1776
683 1144
684 1160
686 1088
687 1734
688 858
688 1502
688 1528
689 871
689 1331
689 1402
691 1372
692 1034
693 1865
694 920
695 839
695 1865
698 932
699 1361
704 829
704 1071
704 1400
704 1538
707 1700
707 1879
707 1954
708 845
708 1009
708 1830
709 765
709 1397
712 1133
715 809
715 1616
716 1708
716 1860
720 1989
722 1710
723 930
724 1054
724 1956
725 1812
726 928
728 749
728 1186
728 1840
732 767
732 1758
733 1236
733 1692
733 1734
736 887
737 1195
737 1610
738 1269
738 1973
739 1668
742 1388
743 1471
744 1467
744 1764
747 1712
747 1852
748 1867
750 991
750 1211
752 1967
754 1379
754 1448
755 1518
756 1587
757 826
757 968
758 1880
759 771
759 1286
761 925
762 1940
764 903
765 1380
766 773
766 1139
767 1689
770 1299
770 1429
771 1151
771 1963
773 1001
774 1267
776 789
778 940
778 1149
779 1855
782 851
782 966
782 1299
782 1459
784 1352
784 1434
784 1463
786 1071
786 1328
786 1455
787 1788
788 1844
790 1559
792 1432
792 1848
792 1977
795 1921
797 1258
797 1860
798 1410
798 1606
800 1181
801 1441
802 1730
803 1837
804 1185
804 1233
804 1856
805 1008
805 1218
805 1302
807 972
809 1363
813 1347
813 1552
813 1844
814 1124
814 1665
818 1251
818 1285
818 1445
818 1843
819 828
819 1682
822 1522
824 1347
826 886
826 1066
826 1389
829 923
829 1231
830 962
832 1823
834 954
834 1177
835 1644
835 1702
836 1105
837 1537
837 1750
838 1395
840 1559
841 1226
847 1272
848 1552
850 1262
851 1503
855 1504
857 1165
857 1375
857 1670
858 1302
858 1400
859 871
863 1672
865 1111
865 1292
866 1748
866 1776
867 1252
869 1754
870 1020
870 1101
871 1665
873 1144
873 1699
875 1639
876 1604
883 1437
884 1279
885 1363
886 1187
886 1341
890 1538
892 1102
892 1203
892 1229
892 1566
896 1480
897 1176
897 1700
898 1799
899 1163
900 1831
901 1021
901 1434
902 1018
902 1498
902 1963
905 1741
905 1829
906 1094
908 1204
911 983
913 1274
914 1542
914 1891
914 1968
915 936
916 1838
917 1711
921 944
921 1082
923 1780
924 1633
929 1075
929 1137
929 1878
930 1081
930 1957
931 1235
931 1783
931 1944
933 1205
936 1489
938 1633
939 1076
939 1790
941 1912
942 1032
943 1376
944 1528
947 1224
948 1806
952 1816
953 1565
953 1615
954 1573
956 1631
958 1219
958 1663
959 1754
962 1987
963 1179
964 1159
964 1879
965 1183
965 1321
966 1875
966 1986
968 1972
973 1296
973 1873
975 1274
976 1495
976 1501
976 1750
979 1842
980 1953
982 1291
984 1707
986 1243
987 1250
987 1412
988 1780
993 1829
993 2000
995 1569
996 1308
997 1209
997 1782
998 1400
999 1340
1000 1936
1002 1759
1004 1873
1009 1627
1012 1205
1012 1828
1013 1215
1013 1903
1014 1692
1015 1976
1015 1979
1016 1564
1016 1752
1020 1630
1021 1236
1023 1398
1024 1544
1024 1891
1025 1393
1025 1967
1027 1159
1029 1172
1030 1992
1031 1161
1033 1311
1034 1141
1037 1177
1038 1904
1039 1191
1039 1310
1039 1786
1042 1471
1042 1931
1044 1089
1044 1263
1045 1360
1045 1792
1047 1334
1048 1495
1049 1258
1049 1684
1051 1291
1051 1645
1051 1685
1053 1426
1053 1880
1054 1385
1056 1845
1058 1920
1059 1190
1061 1192
1063 1778
1066 1167
1066 1445
1069 1126
1069 1875
1072 1196
1072 1838
1072 1892
1074 1845
1075 1750
1077 1600
1078 1849
1079 1336
1084 1474
1087 1949
1088 1623
1089 1317
1093 1750
1095 1981
1096 1204
1098 1394
1100 1478
1100 1649
1101 1250
1101 1485
1102 1777
1102 1884
1103 1137
1105 1986
1106 1630
1107 1584
1109 1715
1110 1521
1113 1160
1117 1512
1117 1801
1117 1956
1118 1272
1118 1399
1118 1973
1121 1455
1122 1293
1122 1567
1126 1128
1126 1973
1132 1298
1133 1876
1134 1575
1135 1439
1136 1992
1137 1214
1137 1874
1138 1357
1138 1743
1141 1310
1143 1699
1144 1214
1145 1197
1145 1720
1147 1571
1150 1884
1151 1854
1153 1249
1153 1574
1155 1827
1158 1463
1158 1690
1159 1588
1160 1611
1160 1619
1162 1992
1163 1310
1164 1271
1166 1793
1171 1744
1171 1750
1171 1862
1172 1487
1176 1734
1177 1525
1179 1538
1179 1776
1182 1242
1182 1520
1184 1507
1184 1823
1185 1910
1188 1840
1189 1313
1189 1541
1193 1711
1193 1878
1194 1247
1197 1277
1198 1819
1199 1523
1199 1918
1200 1674
1200 1887
1201 1350
1202 1971
1203 1343
1205 1489
1206 1563
1210 1497
1210 1515
1211 1788
1212 1281
1213 1306
1213 1337
1215 1741
1216 1863
1218 1502
1224 1527
1226 1460
1226 1623
1226 1957
1227 1902
1229 1520
1231 1356
1231 1425
1232 1596
1232 1732
1232 1801
1235 1437
1235 1814
1237 1362
1238 1461
1238 1533
1242 1374
1243 1323
1243 1867
1243 1973
1244 1660
1245 1789
1247 1651
1248 1765
1248 1865
1250 1791
1255 1286
1255 1365
1255 1526
1256 1258
1257 1348
1257 1735
1259 1709
1259 1724
1262 1693
1264 1495
1268 1799
1269 1432
1269 1521
1271 1349
1276 1551
1276 1957
1277 1452
1279 1629
1282 1998
1285 1771
1286 1505
1286 1823
1287 1742
1288 1616
1289 1925
1298 1750
1301 1320
1302 1895
1302 1938
1305 1559
1306 1790
1309 1700
1309 1729
1309 1819
1311 1678
1311 1817
1314 1353
1316 1617
1317 1738
1317 1979
1320 1589
1322 1422
1322 1549
1323 1441
1324 1386
1326 1853
1327 1638
1328 1765
1333 1477
1333 1598
1335 1541
1336 1699
1342 1873
1342 1960
1344 1658
1344 1944
1345 1420
1345 1636
1346 1463
1348 1349
1349 1946
1350 1519
1356 1996
1358 1502
1361 1893
1362 1427
1363 1797
1364 1499
1370 1937
1371 1794
1371 1885
1372 1437
1372 1912
1374 1557
1376 1548
1376 1876
1378 1778
1379 1513
1379 1920
1381 1514
1381 1624
1383 1971
1384 1850
1385 1682
1389 1849
1390 1770
1393 1478
1394 1962
1395 1492
1401 1624
1405 1588
1406 1556
1407 1439
1407 1655
1409 1539
1409 1837
1413 1735
1420 1508
1420 1741
1421 1427
1425 1535
1426 1906
1430 1608
1432 1964
1438 1686
1440 1779
1441 1653
1443 1513
1444 1524
1444 1922
1447 1763
1450 1976
1457 1520
1460 1903
1462 1576
1462 1667
1464 1874
1466 1717
1467 1965
1468 1560
1471 1755
1479 1923
1483 1854
1485 1860
1485 1886
1493 1630
1493 1699
1493 1874
1498 1725
1501 1538
1505 1643
1507 1544
1507 1678
1507 1979
1512 1541
1512 1939
1513 1587
1515 1966
1516 1846
1518 1894
1521 1862
1523 1683
1527 1752
1541 1808
1543 1675
1544 1604
1545 1755
1545 1932
1546 1717
1547 1656
1548 1932
1550 1645
1556 1710
1557 1635
1557 1727
1557 1758
1560 1984
1574 1960
1578 1906
1579 1638
1582 1806
1588 1988
1589 1801
1589 1957
1591 1925
1593 1662
1593 1870
1603 1932
1608 1924
1617 1799
1618 1738
1624 1795
1629 1724
1629 1806
1629 1898
1631 1778
1637 1991
1638 1676
1652 1673
1654 1782
1655 1777
1661 1990
1665 1855
1665 1925
1671 1717
1672 1821
1674 1702
1675 1680
1682 1701
1682 1922
1690 1806
1702 1716
1704 1780
1704 1792
1708 1727
1708 1973
1722 1950
1729 1779
1729 1857
1732 1746
1734 1741
1742 1919
1746 1971
1747 1803
1747 1839
1752 1815
1755 1995
1758 1860
1761 1968
1764 1846
1766 1876
1772 1936
1777 1818
1782 1792
1797 1998
1801 1824
1812 1861
1824 1852
1826 1912
1850 1945
1855 1937
1878 1892
1914 1932
1924 1956
1928 1988
1947 1976