2000
1 36
1 172
1 511
1 800
1 1791
1 1902
2 346
2 988
2 1925
2 1999
3 200
3 229
3 573
3 661
3 825
3 838
3 887
3 894
3 930
3 984
3 1160
3 1263
3 1570
3 1779
4 209
4 406
4 745
4 963
4 1200
4 1224
4 1411
4 1796
4 1897
5 405
5 571
5 772
5 1079
5 1319
5 1428
5 1653
6 296
6 357
6 418
6 619
6 706
6 775
6 1158
6 1603
6 1723
6 1834
6 1884
7 222
7 427
7 444
7 1196
7 1645
7 1682
7 1969
8 67
8 156
8 469
8 647
8 695
8 839
8 1541
8 1940
8 1950
9 32
9 507
9 918
9 1097
9 1102
9 1446
9 1586
9 1639
9 1726
10 252
10 443
10 709
10 1172
10 1528
11 152
11 199
11 456
11 461
11 715
11 881
11 1367
11 1556
11 1732
11 1787
11 1874
12 647
12 751
12 856
12 1257
12 1394
12 1418
12 1962
13 159
13 163
13 920
13 989
13 1271
13 1435
13 1459
13 1628
13 1689
14 567
14 636
14 723
14 1091
14 1386
14 1701
14 1960
15 22
15 277
15 465
15 1019
15 1124
15 1392
15 1457
16 123
16 252
16 847
16 1128
16 1168
16 1184
16 1293
16 1524
16 1859
16 1968
17 80
17 233
17 294
17 325
17 779
17 1276
17 1414
17 1436
17 1505
17 1647
17 1762
17 1912
18 111
18 125
18 413
18 1051
18 1417
18 1501
18 1717
19 262
19 610
19 653
19 1111
19 1886
19 1908
20 328
20 1089
20 1367
20 1616
20 1678
20 1936
21 31
21 171
21 454
21 455
21 481
21 823
21 1375
22 26
22 148
22 322
22 402
22 756
22 791
22 1127
22 1349
22 1397
22 1467
23 208
23 479
23 639
23 756
23 1238
23 1347
23 1386
23 1710
23 1741
24 71
24 322
24 434
24 576
24 741
24 885
24 972
24 1189
24 1454
24 1992
25 86
25 151
25 202
25 320
25 398
25 495
25 595
25 1019
25 1063
25 1254
25 1277
25 1279
25 1537
25 1843
26 147
26 468
26 574
26 644
26 1150
26 1161
26 1206
26 1649
26 1824
26 1958
27 38
27 39
27 91
27 988
27 1152
27 1161
27 1273
27 1390
27 1860
27 1994
28 408
28 755
28 891
28 923
28 965
28 1691
28 1791
28 1917
29 365
29 384
29 485
29 512
29 538
29 972
29 1266
29 1451
29 1829
30 227
30 289
30 556
30 613
30 1330
30 1494
30 1509
31 180
31 562
31 589
31 755
31 772
31 884
31 956
31 1284
31 1483
31 1840
31 1882
32 113
32 387
32 624
32 1537
32 1635
33 191
33 347
33 368
33 427
33 470
33 1232
33 1386
33 1844
33 1863
34 465
34 798
34 1222
34 1259
34 1587
34 1645
34 1899
34 1925
35 355
35 668
35 757
35 827
35 868
35 974
35 1086
35 1229
35 1664
35 1901
35 1904
36 80
36 135
36 478
36 609
36 801
36 867
36 933
36 1244
36 1601
36 1660
36 1703
36 1736
36 1864
37 38
37 104
37 200
37 415
37 786
37 796
37 860
37 1378
38 140
38 385
38 414
38 871
38 1065
38 1128
38 1177
38 1356
38 1521
38 1940
39 132
39 442
39 540
39 548
39 564
39 607
39 956
39 1072
39 1404
39 1744
39 1779
39 1840
39 1866
40 170
40 408
40 849
40 899
40 1019
40 1138
40 1206
40 1509
40 1822
40 1979
41 106
41 569
41 919
41 1009
41 1114
41 1372
41 1914
41 1915
42 479
42 1121
42 1235
42 1300
42 1318
42 1495
42 1804
42 1893
43 135
43 221
43 414
43 610
43 725
43 1135
43 1327
43 1393
43 1605
43 1691
43 1740
43 1772
44 479
44 985
44 1243
44 1716
44 1754
44 1988
45 178
45 748
45 812
45 966
45 1321
45 1362
45 1392
45 1531
45 1560
45 1737
45 1801
45 1952
46 207
46 245
46 343
46 366
46 849
46 969
46 1222
46 1285
46 1708
46 1718
46 1811
46 1942
47 49
47 152
47 353
47 358
47 439
47 682
47 825
47 1847
47 1849
48 158
48 238
48 302
48 346
48 435
48 730
48 1006
48 1466
48 1477
48 1720
48 1901
49 680
49 721
49 926
49 980
49 1179
49 1357
49 1418
49 1556
49 1675
49 1683
49 1686
49 1894
50 96
50 215
50 536
50 734
50 1002
50 1030
50 1093
50 1193
50 1236
50 1415
50 1569
50 1684
50 1823
50 1858
50 1982
51 133
51 481
51 727
51 1319
52 812
52 881
52 1137
52 1456
52 1485
52 1488
52 1492
52 1514
52 1618
52 1723
52 1990
53 146
53 505
53 551
53 941
53 968
53 1229
54 317
54 515
54 548
54 844
54 882
54 922
54 1014
54 1090
54 1445
54 1607
54 1884
54 1948
55 231
55 854
55 859
55 958
55 1900
56 395
56 986
56 1007
56 1210
56 1428
56 1538
56 1584
56 1692
56 1841
57 249
57 415
57 544
57 910
57 1078
57 1174
57 1258
57 1320
57 1473
57 1991
58 69
58 158
58 544
58 695
58 928
58 1061
58 1112
59 86
59 162
59 470
59 603
59 683
59 864
59 1405
59 1415
60 84
60 1209
60 1423
60 1590
60 1613
60 1835
60 1928
61 884
61 943
61 1626
61 1722
61 1745
62 285
62 343
62 395
62 703
62 771
62 1118
62 1660
62 1663
63 486
63 642
63 688
63 700
63 987
63 1096
63 1211
63 1330
63 1379
63 1549
63 1769
64 337
64 492
64 721
64 776
64 808
64 845
64 1092
64 1327
64 1340
64 1391
65 125
65 320
65 590
65 1268
65 1580
65 1609
65 1630
65 1637
66 132
66 725
66 786
66 801
66 1191
66 1371
67 97
67 822
67 833
67 942
67 1024
67 1180
67 1305
67 1558
67 1650
67 1739
67 1884
68 536
68 928
68 1037
68 1052
68 1487
68 1574
68 1806
68 1822
69 174
69 415
69 599
69 695
69 703
69 997
69 1909
70 111
70 261
70 700
70 740
70 805
70 837
70 848
70 1097
70 1301
70 1326
70 1435
70 1462
70 1523
70 1655
70 1687
71 222
71 273
71 408
71 603
71 743
71 1372
71 1882
72 91
72 253
72 357
72 813
72 1257
72 1431
73 348
73 931
73 1278
73 1328
73 1479
73 1572
73 1789
73 1883
74 107
74 340
74 721
74 872
74 1114
74 1431
74 1434
74 1685
74 1826
74 1945
75 93
75 162
75 189
75 250
75 734
75 1123
75 1275
75 1486
75 1708
75 1794
75 1886
76 518
76 714
76 787
76 996
76 1062
76 1567
76 1815
76 1896
77 403
77 455
77 522
77 783
77 1132
77 1362
77 1370
77 1555
77 1832
78 542
78 628
78 664
78 689
78 1188
78 1673
79 104
79 164
79 531
79 559
79 1442
79 1542
79 1633
79 1729
79 1842
80 89
80 114
80 575
80 675
80 689
80 698
80 898
80 924
81 227
81 764
81 1331
81 1641
81 1686
81 1728
82 293
82 532
82 570
82 717
82 864
82 1224
82 1547
82 1578
82 1768
82 1970
83 172
83 1010
83 1022
83 1372
83 1430
83 1897
83 1916
84 165
84 340
84 885
84 1100
84 1458
84 1679
84 1797
84 1804
84 1818
84 1918
85 197
85 303
85 446
85 726
85 820
85 870
85 1110
85 1318
85 1544
85 1653
85 1736
86 187
86 213
86 469
86 479
86 585
86 712
86 798
86 843
86 870
86 1003
86 1160
86 1613
87 142
87 231
87 498
87 1068
87 1194
87 1753
88 239
88 261
88 423
88 442
88 520
88 574
88 594
88 798
88 1585
88 1586
89 321
89 743
89 1029
89 1098
89 1181
89 1633
89 1727
89 1905
90 197
90 397
90 561
90 1297
90 1390
90 1432
90 1795
90 1798
91 192
91 242
91 344
91 502
91 1765
91 1877
91 1926
92 157
92 348
92 368
92 617
92 704
92 782
92 864
92 954
92 1058
92 1330
92 1855
92 1870
93 267
93 939
93 1148
93 1293
93 1733
93 1866
94 844
94 936
94 1555
94 1821
95 750
95 1065
95 1216
95 1478
95 1808
95 1932
96 104
96 240
96 260
96 351
96 524
96 544
96 743
96 822
96 1222
96 1310
96 1404
96 1480
96 1751
96 1810
97 128
97 431
97 452
97 459
97 782
97 918
97 1466
97 1569
98 565
98 599
98 784
98 974
98 1011
98 1624
98 1689
98 1700
99 289
99 353
99 1947
100 699
100 733
100 881
100 896
100 1147
100 1199
100 1288
100 1880
100 1978
100 1994
101 481
101 699
101 811
101 1234
101 1282
101 1330
101 1430
101 1457
101 1692
101 1862
101 1884
102 201
102 206
102 1310
102 1390
102 1397
102 1440
102 1940
102 1972
103 221
103 304
103 530
103 914
103 942
103 1118
103 1351
103 1419
103 1527
103 1945
103 1948
103 1976
104 990
104 1152
104 1234
105 240
105 813
105 868
105 948
105 1495
105 1715
105 1855
106 844
106 1236
106 1407
106 1408
106 1652
106 1655
106 1875
107 309
107 329
107 581
107 627
107 693
107 798
107 1699
107 1808
108 383
108 753
108 787
108 1123
108 1231
108 1386
108 1480
108 1544
108 1752
108 1993
109 248
109 383
109 542
109 558
109 606
109 650
109 680
109 903
109 1183
109 1278
109 1510
109 1571
109 1694
109 1765
110 385
110 864
110 865
110 875
110 994
110 1889
111 194
111 234
111 390
111 399
111 601
111 741
111 1493
111 1731
111 1905
112 118
112 225
112 247
112 352
112 420
112 472
112 481
112 848
112 928
112 944
112 1244
112 1280
112 1359
112 1404
112 1447
112 1454
112 1519
112 1664
112 1897
113 362
113 618
113 814
113 844
113 1264
113 1338
113 1402
113 1566
113 1608
113 1909
114 375
114 487
114 737
114 1015
114 1103
114 1306
114 1383
114 1394
114 1441
114 1585
114 1704
115 230
115 607
115 1202
115 1836
115 1858
115 1967
115 1999
116 738
116 829
116 869
116 888
116 1143
116 1362
116 1917
117 373
117 606
117 840
117 1005
117 1322
117 1431
117 1449
118 793
118 1168
118 1360
118 1402
119 141
119 174
119 306
119 390
119 758
119 823
119 1175
119 1397
119 1657
119 1692
120 342
120 918
120 1201
120 1277
120 1354
120 1358
120 1431
120 1667
121 654
121 698
121 1444
121 1541
122 989
122 1342
122 1464
122 1476
122 1956
122 1973
123 1113
123 1831
124 243
124 569
124 864
124 1201
124 1227
124 1402
124 1667
124 1683
124 1715
124 1824
125 200
125 253
125 273
125 397
125 720
125 1039
125 1076
125 1135
125 1197
125 1454
126 163
126 252
126 421
126 490
126 645
126 845
126 881
126 909
126 1815
127 330
127 332
127 388
127 1282
127 1908
127 1932
128 260
128 502
128 1276
128 1302
128 1414
128 1791
129 609
129 762
129 888
129 993
129 1019
129 1210
129 1254
129 1341
129 1357
129 1371
129 1788
130 176
130 186
130 342
130 512
130 669
130 747
130 844
130 1136
130 1164
130 1211
130 1407
130 1904
130 1938
131 135
131 160
131 374
131 504
131 701
131 994
131 1040
131 1334
131 1337
131 1708
131 1778
131 1949
132 137
132 152
132 156
132 232
132 432
132 459
132 515
132 916
132 996
132 1020
132 1514
132 1691
132 1864
132 1924
133 669
133 674
133 974
133 1229
133 1331
133 1528
133 1737
133 1974
134 248
134 265
134 670
134 746
134 844
134 906
134 1420
134 1592
134 1618
134 1742
134 1770
134 1809
134 1897
135 235
135 247
135 452
135 613
135 755
135 1347
135 1441
135 1764
135 1884
136 237
136 298
136 571
136 608
136 639
136 662
136 1286
136 1547
136 1667
136 1712
137 409
137 462
137 1115
137 1502
137 1732
138 203
138 539
138 671
138 1179
138 1226
138 1438
138 1846
139 275
139 1016
139 1157
139 1373
139 1549
140 645
140 1323
140 1608
140 1664
140 1865
140 1963
141 463
141 487
141 659
141 691
141 704
141 758
141 1077
141 1161
141 1181
141 1199
141 1237
141 1257
141 1487
141 1615
141 1629
142 273
142 627
142 642
142 761
142 1122
142 1580
142 1921
143 170
143 250
143 255
143 319
143 676
143 907
143 1233
143 1578
143 1645
143 1878
143 1942
144 595
144 745
144 769
144 818
144 999
144 1041
144 1154
144 1335
144 1341
144 1437
145 200
145 409
145 668
145 690
145 1046
145 1131
145 1265
145 1574
145 1933
146 339
146 440
146 522
146 593
146 811
146 922
146 1210
146 1235
146 1339
146 1361
146 1449
146 1932
147 293
147 651
147 733
147 812
147 848
147 1082
147 1346
147 1719
147 1881
148 225
148 295
148 595
148 640
148 870
148 877
148 939
148 1031
148 1034
148 1265
148 1369
148 1373
148 1537
148 1647
149 1054
149 1131
149 1139
149 1140
149 1482
149 1929
149 1974
150 735
150 911
150 1269
150 1306
150 1408
150 1438
150 1624
150 1989
151 397
151 521
151 590
151 1465
151 1652
151 1767
152 193
152 432
152 495
152 579
152 957
152 1462
152 1884
153 367
153 424
153 789
153 808
153 899
153 964
153 1399
153 1764
153 1897
154 605
154 809
154 958
154 1310
154 1428
154 1474
154 1581
154 1835
154 1857
154 1912
155 215
155 469
155 490
155 632
155 771
155 1017
155 1500
155 1623
155 1776
155 1896
156 330
156 524
156 621
156 842
156 955
156 1033
156 1046
156 1226
156 1453
156 1493
156 1785
157 269
157 426
157 1338
157 1608
157 1669
157 1991
157 1994
158 371
158 592
158 626
158 833
158 1360
158 1392
158 1427
158 1730
159 524
159 906
159 1245
159 1612
159 1736
160 373
160 395
160 573
160 881
160 950
160 1203
160 1293
160 1296
160 1386
160 1677
161 1036
161 1182
161 1763
162 171
162 215
162 228
162 291
162 450
162 558
162 950
162 1000
162 1286
162 1670
163 164
163 477
163 542
163 1142
163 1419
163 1750
163 1914
164 259
164 462
164 554
164 1213
164 1261
164 1307
164 1569
164 1775
164 1872
165 381
165 599
165 1327
165 1771
165 1789
165 1858
166 515
166 568
166 1152
166 1641
166 1734
166 1856
167 177
167 511
167 575
167 785
167 1043
167 1107
167 1226
167 1681
167 1737
167 1741
167 1995
168 232
168 249
168 345
168 704
168 1250
168 1481
169 247
169 850
169 886
169 947
169 1162
169 1708
170 431
170 873
170 968
170 1047
170 1163
170 1374
170 1832
171 255
171 274
171 586
171 856
171 859
171 1047
171 1066
171 1141
171 1348
171 1532
171 1677
171 1717
171 1974
172 223
172 259
172 347
172 933
172 1503
172 1579
172 1961
173 260
173 583
173 623
173 1460
173 1481
173 1514
173 1753
173 1832
173 1925
173 1947
174 474
174 646
174 934
174 1251
174 1371
174 1520
174 1558
175 390
175 395
175 488
175 1317
175 1331
176 838
176 1447
176 1501
176 1504
176 1512
176 1528
177 425
177 460
177 463
177 514
177 616
177 621
177 744
177 887
177 1106
177 1196
177 1236
177 1284
177 1353
177 1408
177 1646
177 1692
178 242
178 258
178 370
178 551
178 993
178 1360
178 1397
178 1450
178 1662
179 288
179 813
179 854
179 1074
179 1084
179 1101
179 1297
179 1909
179 1970
180 298
180 335
180 948
180 1023
180 1583
180 1823
180 1924
181 225
181 458
181 621
181 1219
181 1269
181 1485
181 1910
181 1912
182 418
182 564
182 898
182 1066
182 1179
182 1372
182 1531
182 1713
182 1787
183 452
183 567
183 999
183 1294
183 1356
183 1455
183 1608
184 324
184 595
184 751
184 868
184 878
184 914
184 1173
184 1198
184 1283
184 1421
184 1553
185 603
185 688
185 691
185 1187
185 1242
185 1695
186 463
186 575
186 717
186 793
186 1052
186 1317
187 695
187 786
187 914
187 961
187 962
187 996
187 1029
187 1204
187 1336
187 1363
187 1908
187 1914
187 1928
187 1963
188 713
188 723
188 982
188 1079
188 1858
189 324
189 387
189 465
189 767
189 879
189 1020
189 1108
189 1411
189 1546
189 1707
190 784
190 816
190 925
190 1088
190 1411
191 310
191 644
191 696
191 777
191 845
191 874
191 1197
191 1904
191 1966
192 355
192 774
192 784
192 980
192 1078
192 1258
192 1322
192 1336
192 1438
192 1458
192 1474
192 1947
193 600
193 787
193 1322
193 1349
193 1405
193 1523
193 1577
193 1812
194 448
194 607
194 954
194 1123
194 1151
194 1240
194 1345
194 1537
194 1699
194 1888
194 1964
195 297
195 1115
195 1258
195 1274
195 1396
195 1612
196 197
196 293
196 1042
196 1096
196 1167
196 1516
196 1713
197 226
197 241
197 417
197 454
197 716
197 1047
197 1406
197 1416
197 1489
197 1797
198 338
198 929
198 1068
198 1125
198 1157
198 1386
198 1419
199 538
199 691
199 708
199 928
199 1089
199 1543
199 1797
200 235
200 950
200 1328
200 1504
200 1562
200 1774
201 333
201 337
201 480
201 1214
201 1286
201 1461
201 1819
202 330
202 544
202 695
202 1000
202 1030
202 1046
202 1158
202 1172
202 1490
202 1663
202 1688
202 1754
203 353
203 775
203 1086
203 1312
203 1336
203 1349
203 1771
203 1781
204 595
204 1272
204 1593
205 937
205 1549
205 1683
205 1873
205 1996
206 288
206 409
206 417
206 694
206 796
206 861
206 1118
206 1363
206 1553
206 1557
206 1612
206 1641
206 1716
206 1733
206 1757
206 1837
206 1931
207 336
207 1138
207 1449
207 1510
207 1817
207 1840
207 1969
208 475
208 497
208 870
208 877
208 1220
208 1250
208 1275
208 1314
208 1339
208 1540
208 1906
209 345
209 623
209 664
209 994
209 1639
209 1655
209 1678
209 1739
210 305
210 386
210 635
210 799
210 1083
210 1837
210 1899
211 227
211 366
211 378
211 809
211 939
211 1177
211 1200
211 1251
211 1371
211 1400
211 1422
211 1538
211 1825
212 368
212 369
212 537
212 771
212 893
212 1706
212 1736
213 802
213 1181
213 1304
213 1325
213 1424
213 1650
213 1886
213 1946
214 578
214 637
214 973
214 1082
214 1440
214 1773
214 1799
214 1962
215 231
215 250
215 390
215 555
215 599
215 702
215 747
215 1298
215 1377
215 1384
216 296
216 395
216 644
216 697
216 1172
216 1599
216 1820
216 1864
217 291
217 560
217 700
217 731
217 913
217 972
217 997
217 1101
217 1434
218 574
218 1723
218 1930
219 560
219 629
219 745
219 1378
219 1446
219 1508
219 1841
219 1865
219 1971
220 343
220 810
220 866
220 1122
220 1561
220 1661
220 1783
220 1823
220 1926
220 1966
221 489
221 578
221 789
221 790
221 850
221 902
221 1053
221 1111
221 1359
221 1609
221 1615
221 1662
221 1758
221 1799
222 1031
222 1381
222 1824
222 1939
223 259
223 376
223 652
223 947
223 1203
223 1266
223 1368
223 1443
223 1661
223 1685
223 1738
224 344
224 539
224 680
224 743
224 868
224 1286
224 1580
224 1652
224 1817
225 373
225 636
225 752
225 952
225 983
225 1066
225 1234
225 1449
225 1515
225 1840
225 1975
226 682
226 1010
226 1680
226 1910
226 1933
226 1935
226 1940
227 268
227 298
227 423
227 467
227 625
227 957
227 975
227 1168
227 1458
227 1672
227 1695
228 361
228 429
228 446
228 622
228 684
228 1096
228 1152
228 1155
228 1178
228 1704
228 1714
229 478
229 501
229 609
229 694
229 911
229 1114
229 1302
229 1774
230 258
230 288
230 335
230 540
230 775
230 991
230 1156
230 1581
230 1596
230 1839
231 402
231 486
231 557
231 1119
231 1622
231 1696
231 1957
231 1988
232 349
232 688
232 707
232 836
232 1692
232 1954
233 675
233 805
233 994
233 1071
233 1367
233 1433
233 1784
234 605
234 811
234 1280
234 1426
234 1706
234 1787
235 944
235 1006
235 1077
235 1365
235 1454
235 1556
235 1564
235 1601
235 1992
236 306
236 449
236 540
236 703
236 760
236 891
236 1556
236 1737
236 1744
237 508
237 752
237 906
237 1316
237 1444
237 1455
237 1590
238 573
238 720
238 743
238 785
238 795
238 1140
238 1465
238 1565
238 1744
238 1810
238 1959
239 496
239 519
239 911
239 1069
239 1502
239 1625
239 1869
240 246
240 408
240 893
240 903
240 1050
240 1098
240 1149
240 1326
240 1874
241 258
241 615
241 667
241 792
241 817
241 1026
241 1125
241 1175
241 1588
241 1792
242 304
242 351
242 386
242 571
242 580
242 734
242 793
242 1625
242 1686
243 1526
243 1607
244 902
244 1104
244 1600
244 1842
245 257
245 295
245 424
245 527
245 657
245 723
245 883
245 926
245 962
245 1086
245 1131
245 1522
245 1817
246 372
246 427
246 526
246 726
246 866
246 1053
246 1260
246 1340
246 1699
246 1724
247 274
247 386
247 408
247 703
247 1009
247 1157
247 1181
247 1265
247 1411
247 1756
247 1895
248 561
248 656
248 1531
248 1748
248 1943
249 398
249 410
249 450
249 611
249 710
249 787
249 1229
249 1380
249 1533
249 1695
250 681
250 1005
250 1392
251 440
251 1056
251 1149
251 1175
251 1197
251 1470
251 1647
251 1663
252 735
252 819
252 875
252 1331
252 1810
253 307
253 319
253 864
253 938
253 1338
253 1526
253 1752
253 1881
254 759
254 1287
254 1665
254 1683
255 372
255 443
255 641
255 857
255 1084
255 1090
255 1231
255 1331
255 1426
255 1996
256 982
256 1025
256 1108
256 1140
256 1300
256 1472
256 1540
256 1869
256 1933
256 1947
257 578
257 596
257 940
257 991
257 1380
258 412
258 601
258 755
258 1164
258 1222
258 1697
258 1874
259 843
259 872
259 1251
259 1375
259 1467
259 1856
260 908
260 910
260 920
260 1086
260 1179
260 1405
261 333
261 530
261 579
261 615
261 718
261 781
261 846
261 1017
261 1216
261 1327
261 1544
261 1895
261 2000
262 589
262 975
262 1145
262 1253
262 1599
262 1618
262 1657
262 1659
262 1769
262 1804
263 505
263 552
263 570
263 607
263 986
263 1568
263 1610
264 340
264 518
264 576
264 617
264 664
264 696
264 903
264 964
264 1052
264 1072
264 1243
264 1415
264 1456
264 1650
264 1842
265 368
265 376
265 530
265 717
265 718
265 801
265 857
265 1097
265 1435
265 1649
266 426
266 447
266 822
266 1031
266 1255
266 1303
266 1809
266 1884
267 285
267 286
267 576
267 695
267 708
267 714
267 1080
267 1622
267 1705
267 1709
267 1743
268 471
268 812
268 821
268 952
268 1467
268 1479
268 1492
268 1626
268 1809
268 1851
268 1978
269 371
269 402
269 413
269 492
269 641
269 710
269 734
269 774
269 866
269 1052
269 1630
269 1876
269 1880
269 1986
270 312
270 1005
270 1298
270 1499
270 1708
270 1827
270 1870
271 966
271 1394
271 1556
271 1654
271 1961
271 1975
272 294
272 365
272 654
272 1180
272 1431
272 1705
272 1724
272 1819
272 1858
272 1902
273 986
273 1196
273 1321
273 1383
273 1744
273 1989
273 1990
274 631
274 766
274 1009
274 1192
274 1237
274 1774
275 958
275 992
275 1048
275 1128
275 1226
275 1252
275 1659
275 1830
275 1995
276 585
276 631
276 1056
276 1194
276 1744
276 1957
277 354
277 436
277 554
277 1836
278 305
278 565
278 644
278 694
278 882
278 1059
278 1178
278 1271
278 1848
278 1950
279 456
279 568
279 1023
279 1303
279 1459
279 1774
279 1812
279 1937
279 1941
280 454
280 508
280 1148
281 604
281 622
281 657
281 1090
281 1884
282 420
282 445
282 478
282 546
282 613
282 835
282 952
282 955
282 1056
282 1134
282 1258
282 1287
282 1314
282 1448
282 1681
282 1683
282 1742
282 1782
283 364
283 668
283 686
283 1343
283 1489
283 1520
283 1597
283 1716
284 1071
284 1081
284 1205
284 1257
284 1258
284 1352
284 1957
284 1971
285 524
285 528
285 783
285 1242
285 1262
285 1510
285 1674
285 1711
285 1784
285 1843
285 1869
286 381
286 586
286 988
286 1028
286 1381
286 1665
286 1809
287 953
287 1093
287 1657
288 384
288 595
288 706
288 1116
288 1465
288 1690
288 1945
288 1996
289 297
289 318
289 428
289 950
289 1098
289 1144
289 1367
289 1632
289 1941
290 1103
290 1114
290 1242
290 1296
290 1481
290 1500
290 1511
290 1599
291 394
291 612
291 793
291 816
291 1127
291 1446
292 330
292 337
292 514
292 653
292 1063
292 1500
292 1606
292 1792
292 1795
292 1907
293 466
293 708
293 1185
293 1302
293 1365
293 1566
293 1946
294 353
294 363
294 734
294 995
294 1010
294 1220
294 1234
294 1450
294 1626
294 1721
294 1906
295 378
295 480
295 545
295 711
295 870
295 1013
295 1133
295 1314
295 1807
296 387
296 766
296 1178
296 1204
296 1224
296 1528
296 1745
296 1999
297 967
297 1269
297 1393
297 1494
297 1569
297 1610
297 1876
298 678
298 914
298 1389
298 1633
298 1751
299 357
299 726
299 745
299 1025
299 1201
299 1350
299 1533
300 528
300 601
300 791
300 962
300 1219
300 1664
300 1973
301 359
301 395
301 477
301 509
301 1257
301 1281
301 1345
301 1512
301 1984
302 314
302 519
302 579
302 904
302 1141
302 1251
302 1707
302 1860
303 351
303 438
303 510
303 512
303 732
303 738
303 797
303 856
303 1968
303 1981
304 451
304 549
304 1705
304 1880
305 374
305 681
305 796
305 1191
305 1210
305 1590
305 1638
305 1789
305 1968
306 401
306 464
306 656
306 834
306 1013
306 1206
306 1283
306 1589
306 1802
307 395
307 410
307 573
307 691
307 855
307 1018
307 1102
307 1236
307 1411
307 1753
307 1920
307 1942
308 504
308 599
308 649
308 1110
308 1307
308 1555
308 1824
308 1828
308 1844
309 955
309 1150
309 1636
309 1855
310 416
310 783
310 928
310 1168
310 1273
310 1828
310 1879
310 1937
311 514
311 1053
311 1304
311 1553
311 1804
311 1819
311 1865
311 1885
312 403
312 621
312 1003
312 1087
312 1325
312 1730
312 1745
313 388
313 650
313 670
313 756
313 1242
313 1505
313 1549
314 327
314 346
314 846
314 1021
314 1109
314 1136
314 1533
314 1599
314 1880
315 557
315 807
315 928
315 966
315 1463
315 1630
315 1916
316 327
316 374
316 376
316 596
316 833
316 1264
316 1377
316 1585
316 1607
316 1683
316 1919
317 386
317 405
317 550
317 617
317 1093
317 1450
317 1498
317 1702
317 1730
318 378
318 783
318 813
318 920
318 977
318 1060
318 1080
318 1267
318 1886
318 1890
319 446
319 447
319 503
319 644
319 722
319 727
319 1007
319 1024
319 1183
319 1581
319 1629
319 1830
319 1896
320 413
320 687
320 790
320 912
320 1621
320 1665
320 1830
321 358
321 472
321 476
321 940
321 1187
321 1258
321 1269
321 1319
321 1325
321 1441
321 1845
322 394
322 614
322 649
322 683
322 788
322 1060
322 1210
322 1598
322 1613
322 1624
322 1695
322 1907
323 515
323 528
323 538
323 1109
323 1196
323 1391
323 1968
324 704
324 1469
324 1579
324 1594
324 1942
325 516
325 638
325 970
325 1179
325 1190
325 1306
325 1721
325 1967
326 446
326 697
326 1196
326 1278
326 1432
326 1501
326 1525
326 1611
326 1964
327 338
327 340
327 703
327 1994
328 455
328 604
328 779
328 1599
328 1886
329 513
329 591
329 679
329 794
329 1014
329 1044
329 1241
329 1742
329 1885
330 542
330 990
330 1741
330 1913
331 433
331 484
331 933
331 1337
331 1506
331 1621
331 1847
332 479
332 522
332 928
332 1544
332 1611
332 1954
333 916
333 1030
333 1128
333 1177
333 1288
333 1570
333 1615
333 1710
333 1911
333 1982
334 687
334 747
334 1085
334 1419
334 1510
334 1723
334 1883
334 1922
335 454
335 748
335 850
335 1337
335 1389
335 1700
335 1739
335 1760
336 527
336 1372
336 1493
336 1605
336 1827
337 390
337 508
337 739
337 758
337 859
337 1272
337 1340
337 1501
337 1642
337 1691
338 350
338 389
338 484
338 545
338 900
338 1384
338 1427
339 345
339 636
339 663
339 729
339 1022
339 1028
339 1499
339 1602
339 1722
339 1803
339 1891
340 757
340 1137
340 1214
340 1461
340 1481
340 1583
340 1807
341 599
341 947
341 1207
341 1480
342 378
342 450
342 807
342 1286
342 1367
342 1411
342 1422
342 1647
342 1787
343 365
343 717
343 844
343 1027
343 1202
343 1420
343 1428
343 1589
343 1752
343 1753
344 478
344 560
344 634
344 671
344 820
344 874
344 1066
344 1315
344 1559
344 1590
344 1878
345 967
345 1019
345 1220
345 1232
345 1983
346 532
346 613
346 686
346 832
346 1099
346 1474
347 378
347 650
347 803
347 1051
347 1331
347 1367
347 1552
347 1656
347 1996
348 375
348 490
348 627
348 893
348 912
348 1123
348 1511
348 1679
349 719
349 1060
349 1701
349 1945
350 394
350 482
350 1012
350 1619
350 1817
351 566
351 632
351 775
351 803
351 837
351 1058
351 1417
351 1512
351 1706
351 1851
351 1853
352 372
352 416
352 683
352 811
352 1211
352 1272
352 1762
353 590
353 834
353 1129
353 1648
354 505
354 661
354 994
354 1296
354 1354
354 1557
355 549
355 1226
355 1829
355 1843
356 483
356 1030
356 1198
356 1260
356 1307
356 1370
356 1465
356 1875
356 1908
357 605
357 614
357 735
357 1533
357 1851
357 1855
357 1940
358 535
358 853
358 1139
358 1518
359 464
359 1122
359 1374
359 1509
359 1588
359 1710
359 1782
360 647
360 889
360 1220
360 1613
360 1708
360 1795
361 405
361 505
361 655
361 962
361 1187
361 1350
361 1498
361 1669
361 1808
362 612
362 1202
363 465
363 624
363 648
363 780
363 1328
363 1540
363 1580
363 1764
363 1823
363 1932
363 1986
364 667
364 915
364 1448
364 1518
364 1635
364 1662
364 1666
364 1969
365 384
365 1279
365 1308
365 1622
365 1696
365 1856
366 421
366 732
366 960
366 1363
366 1367
366 1398
367 850
367 870
367 875
367 1438
367 1786
367 1787
367 1945
368 623
368 702
368 761
368 950
368 1310
368 1561
368 1926
369 615
369 960
369 1477
369 1557
369 1634
369 1737
370 568
370 994
370 1293
370 1341
370 1898
371 465
371 1121
371 1130
371 1132
371 1270
371 1309
371 1454
371 1604
371 1756
371 1812
371 1836
371 1981
372 388
372 650
372 1210
372 1276
373 470
373 584
373 633
373 730
373 1225
373 1327
373 1353
373 1844
374 523
374 818
374 1206
374 1605
374 1712
374 1794
374 1846
374 1858
375 412
375 764
375 799
375 899
375 919
375 1037
375 1170
375 1381
375 1561
375 1998
376 503
376 720
376 999
376 1400
376 1414
376 1437
376 1628
377 780
377 1341
377 1443
377 1490
377 1960
377 1963
378 578
378 646
378 799
378 922
378 1084
378 1173
378 1300
378 1781
379 382
379 576
379 608
379 688
379 722
379 805
379 896
379 985
380 893
380 974
380 1000
380 1085
380 1106
380 1172
380 1251
380 1415
380 1537
380 1666
380 1902
381 415
381 813
381 1328
381 1888
382 864
382 971
382 1221
382 1250
382 1288
382 1319
382 1817
382 1822
382 1832
383 456
383 1490
383 1780
383 1790
384 661
384 943
384 973
384 1265
384 1356
384 1665
384 1680
384 1709
384 1894
385 419
385 464
385 511
385 565
385 699
385 863
385 1048
385 1186
385 1396
385 1476
385 1494
385 1756
385 1868
385 1928
386 805
386 932
386 1517
386 1596
386 1803
386 1872
386 1949
387 393
387 407
387 654
387 888
387 906
387 939
387 976
387 1007
387 1114
387 1146
387 1648
387 1685
387 1793
387 1880
388 496
388 634
388 1648
388 1661
388 1728
389 510
389 534
389 965
389 1639
389 1663
389 1857
389 1865
390 685
390 713
390 1386
390 1556
390 1638
391 607
391 1294
391 1437
391 1472
391 1656
392 616
392 645
392 788
392 857
392 931
392 1045
392 1277
392 1561
392 1791
393 637
393 767
393 795
393 877
393 1246
393 1683
394 815
394 1146
394 1304
394 1369
394 1726
394 1856
395 550
395 632
395 834
395 1094
395 1572
395 1608
395 1618
395 1706
396 1251
396 1720
396 1859
396 1864
397 480
397 760
397 1154
397 1166
397 1172
397 1210
397 1291
397 1459
398 694
398 847
398 852
398 927
398 1022
398 1061
398 1173
398 1491
398 1597
398 1851
398 1912
398 1924
398 1967
399 429
399 1322
399 1431
399 1628
400 404
400 679
400 848
400 852
400 1031
400 1221
400 1456
400 1497
400 1736
400 1759
400 1951
401 454
401 475
401 684
401 860
401 910
401 1032
401 1074
401 1085
401 1470
401 1590
401 1964
402 1955
403 574
403 647
403 700
403 811
403 1362
403 1642
403 1739
403 1773
403 1843
404 431
404 677
404 808
404 1297
404 1503
404 1589
404 1682
404 1716
404 1899
405 469
405 630
405 804
405 930
405 1291
405 1452
405 1627
405 1798
405 1956
406 513
406 603
406 613
406 734
406 846
406 855
407 441
407 477
407 594
407 749
407 770
407 852
407 941
407 1035
407 1228
407 1677
407 1745
408 456
408 720
408 819
408 871
408 882
408 983
408 1037
408 1053
408 1332
408 1440
408 1546
408 1608
408 1623
408 1694
408 1989
409 803
409 1190
409 1191
409 1636
409 1773
409 1925
410 413
410 522
410 917
410 951
410 1084
410 1324
410 1362
410 1691
410 1953
411 439
411 535
411 733
411 751
411 762
411 896
411 1292
411 1881
411 1924
412 518
412 538
412 685
412 1182
412 1808
412 1895
413 634
413 996
413 1671
413 1988
414 1210
414 1399
414 1636
415 434
415 1201
415 1267
415 1362
415 1876
416 423
416 652
416 1080
416 1533
416 1964
417 611
417 678
417 755
417 1157
417 1246
417 1323
417 1455
418 531
418 966
418 1025
418 1300
418 1481
418 1579
418 1889
419 586
419 634
419 798
419 1056
419 1205
419 1728
419 1730
419 1801
419 1841
420 675
420 847
420 921
420 1077
420 1436
420 1480
420 1523
420 1572
420 1848
420 1982
421 498
421 983
421 1015
421 1045
421 1101
421 1207
421 1272
421 1559
421 1834
421 1842
422 1975
423 479
423 617
423 750
423 770
423 773
423 935
423 1244
423 1486
424 524
424 783
424 812
424 1255
424 1381
425 642
425 682
425 988
425 1001
425 1251
425 1436
425 1508
425 1522
425 1759
425 1896
425 1956
426 539
426 859
426 959
426 1150
426 1153
426 1229
426 1417
426 1489
426 1566
426 1810
426 1903
427 843
427 1402
427 1576
427 1942
428 615
428 1102
428 1240
428 1260
428 1539
428 1640
429 438
429 590
429 854
429 862
429 1592
430 897
430 1275
430 1343
430 1638
430 1691
430 1813
431 598
431 638
431 686
431 687
431 941
431 1171
431 1239
431 1372
432 641
432 680
432 684
432 782
432 853
432 1144
432 1251
432 1253
432 1571
432 1679
432 1749
432 1903
433 731
433 741
433 1398
434 728
434 848
434 945
434 1212
434 1248
434 1400
434 1485
434 1524
434 1648
435 866
435 894
435 1115
435 1227
435 1361
436 544
436 715
436 976
436 1362
436 1512
437 682
437 978
437 1104
437 1324
437 1555
437 1827
438 591
438 735
438 804
438 861
438 914
438 1409
438 1521
438 1670
438 1822
438 1868
439 526
439 588
439 682
439 788
439 799
439 1366
439 1570
439 1783
439 1814
440 530
440 829
440 1298
440 1741
440 1750
440 1975
441 952
441 1397
441 1479
441 1484
441 1654
441 1725
442 1242
442 1348
442 1626
442 1716
443 719
443 772
443 1062
443 1082
443 1699
443 1829
444 666
444 1826
444 1876
445 642
445 901
445 1243
445 1259
445 1518
445 1619
445 1716
445 1815
446 609
446 1171
446 1177
446 1549
446 1715
446 1847
447 521
447 673
447 799
447 1458
447 1468
447 1489
447 1571
447 1601
447 1868
448 887
448 965
448 1090
448 1378
448 1707
448 1766
448 1868
448 1918
449 793
449 932
449 1159
449 1166
449 1571
449 1578
449 1600
449 1603
449 1629
449 1712
449 1833
450 986
450 1110
450 1139
450 1644
450 1869
451 508
451 519
451 827
451 886
451 1076
451 1199
451 1288
451 1522
451 1649
451 1843
451 1969
451 1993
452 508
452 675
452 771
452 955
452 1419
452 1545
452 1962
453 455
453 462
453 466
453 1298
453 1345
453 1358
453 1647
454 789
454 834
454 858
454 1097
454 1454
454 1598
454 1615
454 1725
454 1933
455 475
455 504
455 636
455 684
455 913
455 1050
455 1300
455 1317
455 1324
455 1599
455 1642
455 1709
455 1793
455 1951
456 862
456 1484
456 1608
456 1666
456 1678
456 1945
457 855
457 885
457 1146
457 1294
457 1418
457 1504
457 1666
457 1737
457 1784
458 513
458 717
458 911
458 955
458 1122
458 1356
458 1397
458 1794
458 1898
459 472
459 888
459 1417
459 1580
460 505
460 554
460 723
460 797
460 853
460 887
460 1055
460 1089
460 1659
460 1670
460 1697
460 1967
461 1501
462 519
462 801
462 913
462 1194
462 1314
462 1481
462 1757
462 1899
462 1940
462 1942
463 777
463 816
463 1068
463 1169
463 1214
463 1556
464 745
464 1169
464 1251
464 1465
464 1669
465 552
465 563
465 997
465 1010
465 1030
465 1153
465 1364
465 1490
465 1533
465 1639
465 1664
465 1804
466 548
466 697
466 755
466 1226
466 1279
466 1463
466 1671
467 620
467 791
467 823
467 957
467 1367
467 1945
468 804
468 1114
468 1282
468 1396
468 1682
468 1770
468 1829
468 1891
469 1077
469 1108
469 1764
469 1871
470 961
470 969
470 1143
470 1186
470 1249
470 1362
470 1374
470 1381
470 1704
470 1925
471 816
471 915
471 996
471 1177
471 1303
471 1354
471 1719
471 1869
472 522
472 647
472 950
472 1023
472 1292
472 1335
472 1616
472 1764
472 1971
473 779
473 861
473 901
473 997
473 1046
473 1153
473 1481
473 1913
474 695
474 905
474 1464
474 1593
474 1638
474 1922
475 569
475 858
475 1140
475 1310
475 1589
475 1666
475 1891
476 519
476 584
476 1124
476 1522
476 1709
477 1147
477 1353
477 1638
477 1963
478 662
478 1043
478 1075
478 1289
478 1356
478 1550
478 1566
478 1580
479 649
479 955
479 1112
479 1254
479 1314
479 1426
479 1688
480 731
480 887
480 1094
480 1116
480 1399
480 1877
481 578
481 851
481 855
481 1143
481 1271
481 1562
481 1576
481 1897
482 508
482 519
482 551
482 714
482 915
482 980
482 1241
482 1579
482 1592
482 1762
482 1786
483 822
483 962
483 1119
483 1286
483 1452
483 1716
484 576
484 655
484 755
484 787
484 982
484 1352
484 1935
484 1997
485 637
485 799
485 858
485 895
485 1126
485 1209
485 1315
485 1386
485 1621
485 1798
486 733
486 786
486 1059
486 1139
486 1227
486 1609
486 1648
486 1780
487 1157
487 1272
487 1399
487 1619
488 538
488 713
488 1062
488 1846
488 1912
489 559
489 985
489 1203
489 1292
489 1549
489 1710
489 1785
489 1824
490 558
490 689
490 1550
490 1777
490 1804
490 1888
490 1957
491 547
491 782
491 1004
491 1565
491 1800
492 526
492 598
492 667
492 737
492 1303
492 1537
493 602
493 755
493 904
493 972
493 1085
493 1156
493 1276
493 1521
493 1550
493 1647
493 1773
494 670
494 677
494 692
494 915
494 1094
494 1616
494 1784
494 1953
495 570
495 586
495 594
495 896
495 1139
495 1781
495 1853
496 498
496 541
496 778
496 1063
496 1470
496 1541
496 1550
496 1914
496 1959
497 1032
497 1039
497 1201
497 1388
497 1424
497 1701
497 1925
498 713
498 854
498 1188
498 1228
498 1465
498 1554
498 1631
498 1769
498 1895
499 637
499 1402
499 1516
499 1857
500 527
500 1229
500 1352
500 1908
501 576
501 713
501 757
501 890
501 907
501 1137
501 1423
501 1456
501 1623
501 1911
502 599
502 670
502 769
502 1405
503 524
503 846
503 924
503 957
503 1367
503 1396
503 1757
503 1938
504 637
504 902
504 960
504 1269
504 1987
505 617
505 658
505 867
505 1037
505 1118
506 840
506 898
506 985
506 1079
506 1181
506 1657
506 1857
506 1967
507 655
507 1839
508 548
508 793
508 1136
508 1416
508 1572
508 1720
509 644
509 692
509 898
509 906
509 1099
509 1165
509 1784
509 1832
510 823
510 1012
510 1131
510 1229
510 1303
510 1326
510 1341
510 1516
510 1709
510 1830
511 1703
512 650
512 1436
512 1819
513 715
513 843
513 971
513 1168
513 1192
513 1324
513 1384
513 1446
513 1473
513 1626
513 1927
514 831
514 927
514 1169
514 1183
514 1243
514 1797
514 1853
515 811
515 849
515 912
515 1229
515 1258
515 1502
515 1551
515 1725
516 1028
516 1668
516 1702
517 528
517 602
517 615
517 771
517 794
517 829
517 1148
517 1211
517 1304
517 1329
517 1617
518 522
518 741
518 846
518 1099
518 1103
518 1170
518 1372
518 1492
519 536
519 616
519 702
519 1996
520 580
520 1200
520 1477
520 1894
521 571
521 812
521 942
521 1371
521 1426
522 653
522 1011
522 1244
522 1324
523 619
523 736
523 1575
523 1787
523 1810
524 541
524 1522
524 1632
524 1936
525 528
525 897
525 994
525 1024
525 1274
525 1543
525 1958
525 1981
526 931
526 1131
526 1688
527 622
527 1276
527 1452
527 1474
527 1673
527 1809
528 830
528 855
528 1235
528 1374
528 1867
528 1869
529 657
529 667
529 924
529 935
529 984
529 1047
529 1111
529 1118
529 1130
529 1676
529 1702
529 1753
530 593
530 595
530 893
530 1211
530 1281
530 1316
531 590
531 720
531 924
531 1028
531 1065
531 1070
531 1077
531 1281
531 1713
531 1936
531 1949
532 964
532 1014
532 1302
532 1342
532 1835
532 1899
532 1904
532 1970
533 913
533 938
533 987
533 1170
533 1556
534 741
534 955
534 1056
534 1323
534 1559
534 1806
534 1910
534 1991
535 841
535 932
535 1035
535 1864
536 1448
536 1543
536 1851
537 815
537 825
537 832
537 930
537 1060
537 1062
537 1139
537 1226
537 1407
537 1591
537 1611
537 1849
538 589
538 611
538 758
538 1120
538 1458
538 1506
538 1677
538 1685
539 585
539 697
539 854
539 1151
539 1252
539 1320
539 1862
540 609
540 1257
540 1282
541 621
541 906
541 1162
541 1298
541 1463
541 1473
541 1580
541 1634
541 1683
541 1734
542 675
542 872
542 933
542 1231
543 568
543 820
543 1144
543 1191
543 1369
543 1734
544 566
544 613
544 717
544 744
544 1114
544 1230
544 1967
545 677
545 742
545 953
545 957
545 1105
545 1247
545 1425
545 1452
545 1751
545 1822
546 622
546 1115
546 1652
546 1763
546 1989
547 794
547 888
547 935
547 1018
547 1043
547 1547
547 1604
547 1848
547 1905
547 1977
548 792
548 858
548 924
548 1220
548 1440
548 1608
549 1646
549 1925
549 1938
549 1976
550 556
550 652
550 1310
550 1900
550 1984
551 671
551 1155
551 1355
551 1402
551 1479
551 1661
551 1890
551 1898
551 1964
552 802
552 906
552 971
552 1530
552 1560
552 1753
552 1959
553 610
553 739
553 834
553 894
553 973
553 1448
554 667
554 1403
554 1522
554 1732
554 1747
554 1944
554 1976
555 687
555 776
555 1012
555 1609
555 1703
555 1951
556 1333
556 1405
556 1505
556 1542
556 1559
556 1747
556 1765
556 1920
557 1433
557 1848
557 1862
557 1880
557 1916
558 645
558 1020
558 1356
558 1479
559 695
559 1957
560 876
560 1023
560 1227
560 1342
560 1507
560 1720
560 1998
561 570
561 668
561 726
561 1035
561 1391
561 1731
562 576
562 600
562 616
562 805
562 825
562 1937
563 573
563 760
563 883
563 1001
563 1038
563 1689
563 1711
563 1784
563 1795
564 566
564 699
564 901
564 1010
564 1093
564 1105
564 1292
564 1768
565 571
565 965
565 1104
565 1184
565 1251
565 1261
565 1499
565 1717
566 665
566 1089
566 1298
566 1309
566 1422
566 1479
566 1789
566 1822
567 750
567 769
567 846
567 1139
567 1201
567 1795
567 1910
568 709
568 1002
568 1016
569 590
569 889
569 1102
569 1867
570 658
570 775
570 892
570 926
570 1058
570 1147
570 1454
570 1905
571 687
571 778
571 860
571 879
571 903
571 1180
571 1304
571 1466
571 1743
571 1942
572 722
572 914
572 1602
572 1790
573 613
573 733
573 1062
573 1143
573 1212
573 1258
573 1483
573 1620
573 1828
574 668
574 675
574 786
574 835
574 1101
574 1530
574 1729
575 727
575 812
575 877
575 1445
575 1529
575 1766
575 1767
575 1793
575 1914
576 743
576 946
576 1531
576 1639
576 1663
576 1981
576 1986
577 701
577 865
577 1659
577 1739
578 641
578 1065
578 1146
578 1421
578 1688
579 702
579 987
579 1032
579 1091
579 1124
579 1207
579 1235
579 1338
579 1428
579 1591
579 1656
579 1725
580 613
580 953
580 1119
580 1436
580 1470
580 1746
580 1842
580 1895
581 701
581 745
581 1309
581 1350
581 1426
581 1557
582 1429
582 1534
582 1603
582 1682
582 1738
583 593
583 758
583 774
583 910
583 947
583 1093
583 1499
583 1831
584 622
584 689
584 849
584 863
584 873
584 1158
584 1201
584 1599
585 679
585 777
585 962
585 1132
585 1153
585 1228
585 1470
585 1835
586 771
586 1117
586 1438
586 1483
586 1522
586 1816
586 1948
587 755
587 775
587 789
587 805
587 1629
587 1633
587 1788
587 1844
587 1923
588 597
588 1199
588 1277
588 1288
588 1396
588 1460
588 1505
588 1705
588 1725
589 875
589 1033
589 1331
589 1579
590 797
590 1683
590 1765
591 1106
591 1207
591 1519
591 1653
591 1773
592 674
592 1285
592 1758
593 719
593 729
593 1472
593 1822
593 1889
593 1891
594 604
594 887
594 958
594 1262
595 688
595 736
595 907
595 1027
595 1207
595 1336
595 1656
595 1733
595 1895
596 813
596 1396
596 1671
596 1752
596 1936
597 698
597 746
597 846
597 1325
597 1428
597 1652
597 1942
598 607
598 775
598 789
598 873
598 1295
598 1844
598 1856
599 633
599 809
599 989
599 997
599 1755
599 1779
600 1496
600 1647
600 1655
600 1675
600 1819
601 652
601 805
601 1100
601 1231
601 1545
601 1587
601 1657
601 1682
602 655
602 896
602 942
602 1249
602 1355
602 1416
602 1534
602 1877
602 1918
603 724
603 803
603 839
603 1547
603 1638
603 1779
603 1841
603 1926
604 850
604 1042
604 1430
604 1739
604 1759
604 1774
604 1946
604 1980
605 1093
605 1261
605 1840
606 925
606 1776
606 1828
606 1942
606 1969
607 1526
608 642
608 766
608 867
608 869
608 901
608 1027
608 1135
608 1208
608 1242
608 1285
608 1472
608 1506
608 1767
608 1966
609 677
609 737
609 1087
609 1263
609 1610
609 1809
610 1255
610 1257
610 1408
610 1425
610 1602
611 679
611 836
611 1432
611 1504
611 1572
611 1608
611 1735
611 1786
611 1864
612 641
612 850
612 910
612 1065
612 1293
612 1458
612 1468
612 1541
612 1884
612 1945
613 890
613 1318
614 662
614 903
614 1392
614 1422
614 1832
614 1845
615 783
615 955
615 1519
615 1606
615 1611
616 774
616 957
616 958
616 1159
617 805
617 872
617 1037
617 1150
617 1195
617 1628
617 1861
617 1935
618 623
618 823
618 869
618 1115
618 1142
618 1313
618 1341
618 1374
618 1427
618 1495
618 1744
618 1844
619 667
619 711
619 1115
619 1389
619 1432
619 1666
619 1704
619 1884
620 689
620 1106
620 1141
620 1180
620 1491
620 1503
620 1601
620 1610
620 1681
620 1747
621 708
621 1248
621 1263
621 1990
622 688
622 952
622 1102
622 1249
622 1442
622 1670
622 1761
622 1779
623 722
623 802
623 1017
623 1039
623 1534
623 1873
624 734
624 836
624 1652
625 1141
625 1195
625 1394
626 662
626 750
626 812
626 1064
626 1262
626 1263
626 1532
627 659
627 960
627 1458
627 1511
627 1514
627 1785
627 1836
628 749
628 916
628 1303
628 1655
628 1944
629 988
629 1008
629 1021
629 1380
629 1480
629 1828
630 714
630 748
630 877
630 1080
630 1087
630 1242
630 1288
630 1721
630 1736
630 1978
631 847
631 1084
631 1124
631 1584
631 1715
631 1959
631 1960
632 964
632 987
632 1158
632 1199
632 1427
632 1830
632 1836
632 1864
633 913
633 1173
633 1216
633 1400
633 1406
633 1453
633 1547
633 1661
633 1767
633 1823
634 998
634 1242
634 1643
635 764
635 771
635 888
635 1010
635 1264
635 1604
635 1641
636 992
636 1375
636 1710
636 1876
636 1955
637 700
637 1134
637 1188
637 1737
637 1741
638 911
638 1112
638 1134
638 1512
638 1755
639 726
639 1031
639 1692
639 1930
639 1972
640 1122
640 1334
640 1396
640 1526
640 1639
640 1721
640 1803
640 1911
641 663
641 1340
641 1453
641 1601
641 1664
641 1887
641 1961
642 817
642 1693
643 689
643 906
643 996
643 1053
643 1112
643 1478
643 1653
643 1806
643 1858
643 1975
643 1993
644 978
644 1372
644 1707
644 1750
644 1808
645 806
645 971
645 1025
645 1524
646 750
646 995
646 1029
646 1052
646 1467
646 1484
647 1307
647 1356
647 1520
647 1680
647 1703
647 1757
647 1809
647 1922
647 1966
648 760
648 1034
648 1037
648 1180
648 1390
648 1575
648 1670
648 1816
649 727
649 997
649 1291
649 1776
649 1843
650 685
650 1368
650 1390
650 1532
650 1733
651 956
651 1023
651 1031
651 1080
651 1286
651 1345
651 1426
652 919
652 941
652 970
652 1215
652 1332
652 1354
652 1794
652 1888
653 686
653 756
653 812
653 1299
653 1745
653 1868
653 1972
654 671
654 765
654 832
654 1288
654 1296
654 1547
654 1782
654 1837
655 732
655 1071
655 1167
655 1539
655 1747
655 1771
656 704
656 975
656 1065
657 832
657 1312
657 1453
657 1788
657 1810
657 1917
658 786
658 799
658 1028
658 1502
658 1509
659 697
659 742
659 783
659 1076
659 1730
659 1908
659 1965
660 698
660 702
660 731
660 1076
660 1889
661 1551
661 1585
661 1616
662 743
662 748
662 815
662 839
662 1165
662 1417
662 1441
662 1706
662 1846
663 823
663 881
663 1203
663 1223
663 1537
663 1584
664 700
664 751
664 776
664 812
664 908
664 938
664 1173
664 1702
665 757
665 1109
665 1126
665 1142
665 1667
665 1690
665 1800
665 1850
666 683
666 1052
666 1180
666 1272
666 1472
666 1529
666 1886
666 1893
667 699
667 779
667 1002
667 1151
667 1268
667 1530
668 1307
668 1526
668 1854
668 1988
669 929
669 1382
669 1873
670 896
670 1791
671 715
671 817
671 831
671 1687
671 1791
671 1987
672 848
672 853
672 873
672 1651
672 1722
672 1992
673 891
673 1209
673 1330
673 1393
673 1430
673 1489
673 1586
673 1762
674 728
674 1230
674 1511
674 1538
674 1650
674 1739
675 845
675 941
675 982
675 1265
675 1565
676 876
676 894
676 1255
676 1415
676 1729
676 1939
677 941
677 957
677 1137
677 1322
677 1375
677 1588
677 1654
677 1959
678 800
678 1294
678 1630
678 1780
678 1950
679 753
679 894
679 897
679 910
679 942
679 1084
679 1484
680 1627
680 1853
680 1963
681 969
681 1097
681 1175
681 1273
681 1438
681 1485
681 1490
681 1567
681 1614
681 1773
681 1808
682 756
682 823
682 1323
682 1494
683 928
683 1043
683 1220
683 1480
683 1701
684 1020
684 1114
684 1158
684 1339
684 1535
684 1641
684 1660
684 1770
684 1944
684 1950
685 1608
685 1756
685 1853
685 1879
686 1092
686 1116
686 1164
686 1271
686 1467
686 1646
686 1845
687 721
687 980
687 1339
687 1429
687 1791
687 1921
687 1973
688 1102
688 1120
688 1190
688 1592
689 732
689 822
689 904
689 1905
690 1166
690 1490
690 1865
690 1883
690 1976
691 981
691 1200
691 1243
691 1279
691 1354
691 1391
691 1498
691 1713
691 1785
691 1868
691 1877
692 702
692 928
692 1376
692 1822
692 1862
692 1990
693 718
693 914
693 979
693 990
693 1412
693 1414
694 1388
694 1704
694 1722
694 1810
694 1815
694 1824
694 1888
694 1900
694 1916
694 1956
695 1551
696 1088
696 1414
696 1487
696 1920
697 710
697 811
697 846
697 1293
697 1449
697 1487
697 1529
697 1692
697 1842
698 775
698 809
698 939
698 968
698 1143
698 1186
698 1803
699 894
699 1023
699 1127
699 1140
699 1368
699 1579
699 1753
700 806
700 1007
700 1159
700 1205
700 1337
700 1658
701 805
701 1708
701 1989
702 836
702 924
702 947
702 957
702 1062
702 1212
702 1263
702 1272
702 1828
703 860
703 1054
703 1169
703 1187
703 1192
703 1313
703 1528
703 1835
703 1906
704 792
704 1026
704 1177
704 1586
705 1598
705 1842
706 1078
706 1493
706 1566
707 849
707 1283
707 1405
707 1713
707 1944
708 941
708 982
708 1155
708 1402
708 1428
708 1576
708 1659
708 1798
708 1875
709 777
709 1039
709 1324
709 1553
709 1608
710 758
710 1074
710 1393
710 1489
710 1544
710 1580
710 1600
711 769
711 930
711 1090
711 1220
711 1254
711 1590
711 1716
712 803
712 1873
713 894
713 988
713 999
713 1613
714 1536
714 1541
714 1674
714 1891
715 760
715 831
715 855
715 1225
715 1336
715 1694
715 1854
715 1997
716 870
716 1300
716 1494
716 1619
716 1664
717 918
717 937
717 1194
717 1462
717 1645
717 1768
717 1867
718 948
718 1050
718 1327
718 1496
718 1678
718 1715
719 1532
719 1714
719 1752
720 917
720 1675
720 1956
720 1977
721 1149
721 1177
721 1438
721 1824
721 1904
721 2000
722 778
722 903
722 930
722 1251
723 869
723 1166
723 1352
723 1477
723 1938
723 1971
723 1980
724 1000
724 1096
724 1644
724 1669
724 1906
724 1953
725 731
725 770
725 794
725 905
725 1501
725 1618
725 1634
725 1662
725 1746
725 1755
725 1789
725 1922
726 922
726 1120
726 1398
726 1446
726 1707
726 1733
726 1824
726 1892
726 1977
727 737
727 1012
727 1129
727 1353
727 1395
727 1660
728 775
728 1099
728 1246
728 1809
728 1960
729 880
729 912
729 993
729 1377
729 1498
729 1827
729 1938
729 1970
730 1208
730 1230
730 1303
730 1316
730 1443
730 1869
730 1979
731 882
731 1599
731 1872
732 887
732 955
732 977
732 1242
732 1584
732 1603
732 1646
732 1825
732 1851
732 1939
733 865
733 1366
733 1674
733 1765
734 787
734 930
734 1016
734 1051
734 1169
734 1367
734 1407
734 1438
735 1251
735 1267
735 1718
735 1724
735 1845
736 1317
736 1674
737 830
737 1073
737 1257
737 1418
737 1499
737 1829
738 855
738 1678
738 1878
738 1991
739 833
739 1041
739 1216
739 1342
739 1638
740 858
740 958
740 1409
740 1513
740 1533
740 1772
741 892
741 930
741 1131
741 1215
741 1238
741 1543
742 1129
742 1218
742 1708
742 1835
743 1006
743 1088
743 1104
743 1947
744 752
744 790
744 895
744 968
744 1023
744 1305
744 1353
744 1474
744 1480
744 1498
745 747
745 785
745 1392
745 1465
745 1801
746 797
746 1036
746 1081
746 1096
746 1189
746 1216
746 1242
746 1316
746 1336
746 1471
746 1492
746 1918
746 1953
747 797
747 944
747 1317
747 1326
747 1486
747 1607
747 1758
747 1888
747 1961
748 873
748 1027
748 1139
748 1326
748 1349
748 1420
749 1142
749 1501
749 1516
749 1576
749 1744
749 1748
749 1797
749 1962
750 757
750 835
750 855
750 923
750 1079
750 1154
751 779
751 1548
752 947
752 965
752 1011
752 1465
752 1574
752 1812
753 964
753 1153
753 1176
754 927
754 1358
754 1411
754 1546
754 1813
754 1835
754 1851
755 1217
755 1282
755 1619
755 1739
755 1872
755 1904
755 1938
756 1029
756 1177
756 1251
756 1510
756 1556
756 1991
757 890
757 917
757 1087
757 1213
757 1945
757 1952
758 817
758 1063
758 1226
758 1604
758 1869
759 1152
759 1422
759 1927
760 1358
760 1665
760 1864
761 772
761 855
761 1256
761 1540
761 1596
761 1603
761 1683
762 778
762 1017
762 1055
762 1114
762 1257
762 1531
762 1762
762 1836
763 1311
764 815
764 1052
764 1088
764 1276
764 1806
764 1847
764 1871
765 772
765 887
765 1122
765 1209
765 1275
765 1680
765 1851
765 1894
765 1929
766 818
766 1563
766 1679
766 1881
767 920
767 964
767 1309
767 1342
767 1435
767 1508
767 1856
768 810
768 1103
768 1180
768 1222
768 1279
768 1981
769 986
769 1128
769 1545
769 1607
769 1912
770 829
770 1411
770 1821
770 1969
771 1057
771 1534
771 1731
771 1847
771 1920
771 1971
772 1097
772 1238
772 1277
772 1329
772 1348
772 1364
772 1660
772 1849
773 983
773 999
773 1420
773 1661
773 1723
774 843
774 862
774 998
774 1424
774 1643
774 1756
775 1349
775 1532
775 1750
775 1917
775 1959
776 1081
776 1268
776 1816
776 1908
777 1276
777 1490
777 1671
777 1990
778 886
778 1337
778 1611
778 1716
778 1732
779 897
779 954
779 976
779 1467
779 1479
779 1956
780 814
780 816
780 1639
780 1726
781 1221
781 1284
782 909
782 1026
782 1041
782 1624
782 1846
782 1920
782 1960
783 971
783 1159
783 1491
784 928
784 1206
784 1375
784 1747
785 793
785 1031
785 1144
785 1370
785 1662
786 908
786 927
786 1106
786 1406
786 1625
787 882
787 967
787 1405
787 1518
787 1757
788 871
788 1981
789 832
789 1445
789 1491
789 1506
789 1546
790 999
790 1109
790 1700
790 1712
790 1793
790 1861
790 1877
791 854
791 931
791 1269
791 1398
791 1507
791 1643
791 1661
791 1914
792 803
792 1246
792 1643
792 1664
792 1722
792 1838
793 1031
793 1458
793 1918
794 796
794 1088
794 1096
795 1272
795 1898
795 1901
795 1910
796 1036
796 1293
797 963
798 987
798 1016
798 1096
798 1145
798 1498
798 1678
798 1892
799 1047
799 1264
799 1560
799 1585
799 1618
799 1874
799 1914
799 1966
799 1975
800 807
800 1508
801 960
801 975
801 1250
801 1362
801 1399
801 1688
803 992
803 1033
803 1045
803 1157
803 1844
803 1920
803 1973
804 1070
804 1167
804 1315
804 1538
804 1583
804 1717
804 1921
805 1235
805 1712
805 1761
805 1881
806 948
806 1097
806 1104
806 1205
806 1975
807 988
807 1051
807 1109
807 1179
807 1243
807 1271
807 1450
807 1683
807 1823
808 873
808 1027
808 1098
808 1257
808 1650
808 1651
808 1676
808 1715
808 1804
808 1815
808 1955
809 1244
809 1247
809 1402
810 970
810 1018
810 1406
811 1585
811 1766
811 1984
812 919
812 1172
812 1693
812 1697
812 1829
812 1880
813 1126
813 1220
813 1474
813 1611
813 1681
813 1691
813 1813
814 869
814 913
814 1083
814 1319
814 1423
814 1555
814 1944
815 1016
815 1270
815 1420
815 1699
815 1932
815 1965
816 913
816 1098
816 1238
816 1789
816 1791
816 1825
816 1827
816 1870
817 999
817 1289
817 1381
817 1471
817 1958
818 992
818 1344
818 1375
818 1470
818 1585
818 1590
818 1943
819 933
819 1092
819 1093
819 1150
819 1161
819 1187
819 1246
819 1350
819 1373
819 1386
819 1696
819 1991
820 1452
820 1759
821 1112
821 1117
821 1153
821 1736
821 1776
822 905
822 1026
822 1128
822 1351
822 1546
822 1588
823 1022
823 1214
823 1228
823 1295
823 1426
823 1486
823 1514
823 1535
823 1775
823 1924
824 973
824 1040
824 1056
824 1128
824 1794
825 1405
826 1444
826 1744
826 1753
826 1915
827 894
827 951
827 959
827 1673
827 1709
828 994
828 1247
828 1985
829 846
829 1253
829 1714
829 1832
830 1604
830 1690
830 1768
831 1137
831 1145
831 1205
831 1292
831 1653
831 1669
831 1670
831 1906
832 842
832 1275
832 1360
832 1385
832 1987
833 1408
833 1441
833 1941
833 1965
834 1084
834 1290
834 1312
834 1446
834 1922
835 870
835 1168
835 1296
835 1436
835 1491
835 1615
835 1751
835 1871
835 1942
835 1977
836 919
836 1214
836 1525
836 1531
836 1569
836 1917
837 1560
837 1857
837 1987
838 1044
838 1071
838 1094
838 1152
838 1621
838 1623
839 1101
839 1924
839 1974
840 1121
840 1467
840 1472
840 1613
841 914
841 951
841 962
841 1124
841 1360
841 1471
841 1517
841 1652
841 1676
841 1719
842 878
842 999
842 1565
842 1764
842 1807
842 1873
842 1988
843 951
843 969
843 972
843 1070
843 1200
843 1220
843 1234
843 1251
843 1389
843 1425
843 1587
843 1830
844 1014
844 1228
844 1352
844 1437
844 1596
844 1608
844 1729
844 1948
845 989
845 1005
845 1189
845 1191
845 1433
845 1590
846 1477
846 1712
847 1025
847 1105
847 1255
847 1396
847 1522
847 1771
847 1918
848 984
848 1022
848 1032
848 1581
848 1916
848 1987
849 885
849 988
849 1416
849 1465
849 1572
850 1081
850 1096
850 1532
850 1754
850 1968
850 2000
851 1042
852 866
852 1053
852 1914
852 1945
853 860
853 1572
854 937
854 1023
854 1072
854 1090
854 1160
854 1223
854 1446
854 1645
854 1827
854 1958
855 1033
855 1212
855 1416
855 1442
855 1802
856 889
856 926
856 948
856 999
856 1073
856 1342
856 1475
856 1501
856 1505
856 1772
856 1951
857 1379
857 1625
857 1987
858 958
858 1063
858 1229
858 1462
858 1485
859 914
859 1222
859 1518
859 1804
860 1461
860 1498
860 1531
860 1774
860 1846
860 1987
861 1168
861 1274
861 1323
861 1585
861 1743
862 896
862 1150
862 1249
862 1350
862 1426
862 1523
862 1886
863 1590
863 1756
864 915
864 1137
864 1447
864 1463
864 1498
864 1909
865 1050
865 1078
865 1493
865 1725
865 1906
866 886
866 1139
866 1220
866 1549
866 1629
866 1715
866 1736
866 1918
867 1082
867 1351
867 1459
867 1583
867 1690
867 1763
867 1895
867 1927
867 1947
868 1109
868 1348
868 1540
868 1562
868 1634
868 1745
869 888
869 1023
869 1120
869 1125
869 1419
870 1838
870 1854
871 1439
871 1801
871 1858
871 1925
872 1028
872 1320
872 1431
872 1754
873 1120
873 1233
873 1667
873 1677
873 1870
874 1036
874 1275
874 1517
874 1559
874 1696
874 1709
874 1984
874 1994
875 1350
875 1454
875 1536
875 1785
875 1895
875 1901
876 1018
876 1054
876 1089
876 1233
876 1448
877 1145
877 1357
877 1668
878 1010
878 1473
878 1559
878 1617
878 1661
879 962
879 1333
879 1390
879 1421
879 1589
879 1841
879 1845
879 1869
880 1252
880 1377
880 1492
880 1615
880 1773
880 1953
880 1962
881 946
881 1293
881 1371
881 1416
881 1614
881 1796
882 930
882 1015
882 1022
883 1326
883 1348
883 1362
883 1863
884 894
884 1128
884 1141
884 1245
884 1277
884 1410
884 1460
884 1593
884 1657
884 1929
885 1165
885 1194
885 1388
885 1572
885 1614
885 1744
886 1060
886 1124
886 1409
887 974
887 1006
887 1269
887 1463
887 1585
887 1683
887 1808
887 1811
888 1432
888 1550
889 1218
889 1399
889 1498
889 1709
889 1882
889 1974
890 993
890 1031
890 1601
890 1638
890 1777
891 1025
891 1263
891 1320
891 1598
891 1926
892 1289
892 1435
893 1093
893 1314
893 1369
893 1391
893 1487
893 1568
893 1659
893 1686
893 1755
893 1784
893 1983
894 1047
894 1297
894 1434
894 1509
894 2000
895 1364
895 1373
895 1447
895 1680
895 1790
895 1924
896 1051
896 1332
896 1424
896 1553
896 1590
896 1731
897 1033
897 1573
897 1724
897 1875
897 1898
897 1969
898 1116
898 1594
898 1842
898 1960
899 1361
899 1404
899 1976
900 942
900 967
900 1631
900 1895
901 1014
901 1466
901 1499
902 1363
902 1468
902 1502
902 1515
902 1578
902 1602
902 1718
902 1857
903 1114
903 1485
903 1851
903 1867
904 989
904 1576
904 1729
904 1835
904 1884
904 1966
905 1071
905 1566
905 1953
906 1228
906 1498
906 1527
906 1895
907 1189
907 1563
907 1919
908 1299
908 1381
908 1449
908 1917
908 1973
909 1021
909 1258
909 1912
910 914
910 1037
910 1182
910 1221
910 1335
910 1905
911 1886
912 1525
912 1539
912 1590
912 1643
912 1772
912 1798
913 1191
913 1689
913 1853
914 1026
914 1254
914 1611
914 1811
914 1902
914 1936
915 1319
915 1499
915 1772
916 950
916 1080
916 1133
916 1187
916 1883
917 954
917 1240
917 1375
917 1528
917 1748
918 1302
919 1129
919 1161
919 1471
919 1670
919 1897
920 1109
920 1469
920 1483
920 1539
920 1723
921 942
921 1007
921 1119
921 1173
921 1608
921 1762
921 1794
921 1921
921 1932
921 1934
922 928
922 957
922 1146
923 1207
923 1272
923 1300
923 1459
923 1568
923 1690
924 955
924 1214
924 1359
924 1817
925 1042
925 1194
925 1511
925 1542
925 1613
925 1618
925 1704
925 1872
925 1967
926 1221
926 1361
926 1379
926 1739
927 1128
927 1230
927 1441
927 1482
927 1522
927 1660
928 1193
928 1378
928 1520
928 1578
929 1225
929 1255
929 1308
929 1333
929 1421
930 1145
930 1266
930 1295
930 1657
930 1676
930 1743
930 1866
931 983
931 1385
931 1738
932 951
932 1050
932 1090
932 1096
932 1793
932 1899
933 1174
933 1231
933 1290
933 1505
933 1769
933 1790
933 1967
934 1063
934 1302
934 1613
934 1850
934 1947
935 1410
935 1541
935 1587
936 1040
936 1299
936 1675
937 1156
938 1036
938 1234
938 1501
938 1507
938 1524
938 1906
938 1984
939 1097
939 1393
939 1565
939 1566
939 1583
939 1609
939 1815
939 1915
940 1013
940 1046
940 1052
940 1443
940 1803
940 1825
941 1272
941 1627
941 1649
941 1688
942 1161
942 1465
942 1471
942 1551
942 1730
942 1932
943 1141
943 1149
943 1324
943 1805
944 1182
944 1512
944 1830
945 960
945 1163
945 1181
945 1497
945 1507
945 1635
945 1875
946 1027
946 1083
946 1113
946 1472
946 1813
946 1855
946 1885
946 1999
947 1749
947 1844
947 1959
948 1431
948 1693
948 1847
948 1867
949 1082
949 1658
949 1798
950 1074
950 1229
950 1338
950 1373
950 1448
950 1720
950 1882
951 1283
951 1464
951 1574
951 1805
951 1934
952 973
952 1278
952 1299
952 1483
952 1561
952 1568
952 1718
952 1912
953 1121
953 1149
953 1387
953 1536
954 1103
954 1373
954 1545
954 1600
955 1013
955 1270
955 1660
955 1838
956 976
956 1079
956 1173
956 1187
956 1258
956 1372
956 1757
957 1229
957 1255
957 1485
957 1788
958 996
958 1162
958 1462
958 1497
958 1705
959 1041
959 1122
959 1807
959 1916
959 1978
960 1010
960 1183
960 1487
960 1966
961 975
961 1099
962 1158
962 1287
962 1325
962 1517
962 1796
963 1570
963 1654
963 1731
963 1755
963 1875
963 1906
964 1126
964 1235
964 1272
964 1563
964 1704
964 1789
964 1968
965 1447
966 1181
966 1249
966 1377
966 1585
967 1288
967 1869
967 1955
968 1222
968 1393
968 1804
968 1964
968 1991
969 1003
969 1012
969 1090
969 1173
969 1432
969 1506
970 1063
970 1090
970 1337
971 1090
971 1368
971 1504
971 1653
971 1987
972 1430
972 1544
972 1551
972 1631
972 1674
972 1928
973 1186
973 1803
974 1018
974 1095
974 1164
974 1428
974 1497
974 1908
974 1971
975 1262
975 1652
975 1679
975 1951
976 1415
976 1490
976 1814
977 1099
977 1604
977 1750
978 1396
978 1455
979 1037
979 1311
979 1393
979 1609
979 1891
979 1941
980 1112
980 1233
980 1289
980 1899
981 991
981 1310
981 1792
981 1874
981 1877
981 1966
982 1288
982 1299
983 1170
983 1319
983 1562
983 1579
983 1807
983 1823
984 1581
984 1999
985 1172
985 1684
985 1853
986 1448
986 1519
986 1649
987 1066
987 1157
987 1474
987 1480
987 1565
987 1581
988 1469
988 1513
988 1945
988 1979
989 1796
990 1310
990 1873
991 998
991 1309
991 1358
992 1240
992 1257
992 1465
992 1959
993 1105
993 1183
993 1235
993 1286
993 1416
993 1651
993 1713
993 1930
994 1109
994 1316
994 1385
994 1429
994 1614
994 1770
994 1832
994 1905
995 1047
995 1100
995 1191
995 1266
995 1269
995 1377
995 1849
995 1964
996 1107
996 1344
996 1435
996 1668
996 1673
996 1679
996 1771
997 1114
997 1299
997 1817
998 1557
998 1755
999 1396
1000 1343
1000 1449
1000 1858
1001 1475
1001 1681
1001 1830
1002 1216
1002 1348
1002 1369
1002 1611
1003 1816
1003 1952
1004 1316
1004 1466
1004 1510
1004 1908
1005 1330
1005 1808
1005 1917
1006 1889
1007 1117
1007 1264
1007 1321
1007 1485
1007 1502
1007 1672
1007 1938
1007 1975
1008 1165
1008 1679
1008 1773
1009 1273
1009 1535
1009 1626
1009 1658
1010 1434
1010 1451
1010 1808
1011 1141
1011 1233
1011 1744
1011 1818
1011 1913
1011 1964
1011 1989
1012 1028
1012 1100
1012 1303
1012 1603
1012 1761
1013 1064
1013 1352
1014 1082
1014 1709
1014 1770
1014 1977
1015 1134
1015 1281
1015 1370
1015 1432
1015 1501
1016 1296
1016 1522
1017 1104
1017 1316
1017 1459
1017 1473
1017 1631
1017 1667
1018 1105
1018 1285
1018 1526
1018 1619
1019 1614
1019 1629
1019 1643
1019 1730
1019 1818
1020 1074
1020 1159
1020 1231
1020 1515
1021 1054
1021 1318
1021 1550
1021 1589
1021 1784
1021 1796
1022 1030
1022 1087
1022 1595
1023 1121
1023 1199
1023 1310
1024 1142
1024 1235
1024 1258
1024 1284
1024 1683
1025 1029
1025 1220
1025 1802
1025 1936
1026 1044
1026 1141
1026 1166
1026 1416
1026 1835
1026 1935
1027 1096
1027 1731
1027 1777
1027 1886
1027 1951
1028 1579
1028 1663
1029 1277
1029 1559
1029 1609
1029 1689
1029 1926
1030 1084
1030 1436
1030 1710
1030 1740
1030 1768
1030 1852
1030 1895
1031 1286
1031 1354
1031 1902
1032 1654
1032 1666
1032 1800
1032 1857
1032 1932
1033 1178
1033 1192
1033 1628
1034 1185
1034 1254
1034 1353
1034 1736
1034 1781
1034 1861
1034 1897
1035 1396
1035 1466
1035 1519
1035 1759
1035 1989
1036 1058
1036 1077
1036 1871
1036 1882
1037 1047
1037 1509
1037 1582
1037 1613
1037 1855
1038 1048
1038 1118
1038 1158
1038 1234
1038 1291
1038 1449
1038 1496
1038 1641
1039 1168
1039 1438
1039 1456
1039 1503
1039 1528
1039 1791
1040 1267
1040 1409
1040 1493
1040 1660
1040 1705
1041 1226
1041 1341
1041 1755
1041 1828
1042 1094
1042 1290
1042 1402
1042 1452
1042 1938
1043 1391
1043 1430
1043 1462
1043 1577
1044 1045
1044 1104
1044 1543
1044 1634
1045 1336
1045 1624
1045 1726
1046 1187
1046 1372
1046 1377
1046 1590
1046 1654
1046 1862
1047 1256
1047 1321
1047 1909
1047 1911
1047 1946
1048 1682
1048 1826
1048 1831
1048 1920
1049 1201
1049 1227
1049 1330
1049 1622
1049 1736
1049 1830
1049 1935
1050 1730
1050 1967
1051 1065
1051 1290
1052 1342
1052 1776
1052 1818
1053 1305
1053 1373
1053 1723
1053 1747
1053 1880
1054 1144
1054 1457
1054 1856
1054 1911
1055 1161
1055 1212
1055 1475
1055 1476
1055 1861
1055 1903
1055 1904
1056 1183
1056 1341
1056 1844
1057 1994
1058 1094
1058 1176
1058 1219
1058 1334
1058 1495
1058 1649
1058 1794
1058 1913
1059 1068
1059 1487
1059 1708
1059 1789
1059 2000
1060 1102
1060 1172
1060 1410
1060 1435
1060 1629
1060 1677
1060 1780
1060 1898
1060 1929
1060 1981
1061 1385
1061 1555
1061 1648
1061 1799
1062 1185
1062 1300
1062 1775
1062 1988
1063 1739
1063 1903
1063 1963
1064 1420
1064 1680
1065 1418
1065 1567
1065 1634
1065 1837
1065 1866
1065 1906
1066 1518
1066 1567
1067 1103
1067 1250
1067 1346
1068 1205
1068 1379
1068 1895
1068 1896
1069 1089
1069 1100
1069 1134
1069 1742
1070 1076
1070 1301
1070 1426
1070 1778
1071 1141
1071 1203
1071 1542
1071 1846
1071 1880
1071 1907
1073 1161
1073 1251
1073 1586
1073 1846
1073 1972
1074 1197
1074 1572
1074 1693
1074 1784
1074 1964
1075 1085
1075 1714
1075 1748
1075 1837
1075 1994
1075 1998
1076 1261
1076 1391
1076 1695
1076 1872
1076 1983
1077 1233
1077 1644
1077 1754
1077 1968
1078 1894
1078 1903
1079 1173
1079 1196
1079 1350
1079 1444
1079 1485
1079 1508
1080 1745
1080 1853
1080 1953
1080 1978
1081 1152
1081 1227
1081 1392
1081 1538
1081 1887
1081 1993
1082 1116
1082 1717
1082 1943
1083 1132
1083 1320
1083 1790
1083 1818
1084 1611
1084 1931
1084 1937
1085 1279
1085 1386
1085 1494
1085 1649
1085 1670
1085 1712
1085 1752
1086 1121
1086 1160
1086 1268
1086 1330
1086 1596
1086 1950
1086 1955
1087 1493
1087 1645
1087 1685
1087 1861
1087 1932
1088 1092
1088 1101
1088 1228
1088 1234
1088 1325
1088 1762
1088 1866
1089 1313
1089 1448
1089 1473
1089 1707
1089 1762
1090 1377
1090 1478
1090 1522
1090 1573
1091 1207
1091 1536
1091 1645
1091 1664
1091 1794
1091 1920
1092 1117
1092 1189
1092 1218
1092 1507
1092 1755
1092 1792
1093 1582
1093 1595
1093 1614
1093 1690
1093 1695
1093 1812
1093 1823
1093 1834
1093 1871
1094 1150
1094 1381
1094 1607
1094 1689
1094 1864
1095 1156
1095 1344
1095 1687
1095 1690
1095 1786
1096 1591
1096 1706
1096 1974
1097 1260
1097 1511
1098 1254
1098 1844
1098 1867
1098 1880
1098 1981
1099 1222
1099 1816
1099 1840
1100 1668
1100 1688
1100 1789
1100 1820
1101 1253
1101 1432
1101 1687
1101 1956
1102 1103
1102 1235
1102 1558
1102 1766
1102 1811
1102 1976
1102 1980
1102 1989
1103 1726
1104 1150
1104 1316
1104 1642
1104 1647
1105 1634
1105 1821
1105 1851
1106 1293
1106 1369
1107 1156
1107 1176
1107 1282
1107 1347
1107 1678
1107 1696
1107 1836
1107 1846
1107 1852
1107 1876
1108 1230
1108 1240
1108 1639
1108 1925
1109 1284
1109 1331
1109 1426
1109 1927
1110 1351
1110 1644
1111 1361
1111 1622
1111 1663
1111 1868
1111 1966
1112 1212
1112 1377
1112 1476
1112 1488
1112 1612
1112 1680
1112 1823
1113 1161
1113 1276
1113 1306
1113 1500
1113 1680
1114 1234
1114 1663
1114 1829
1115 1186
1115 1594
1115 1770
1116 1172
1116 1374
1116 1576
1116 1747
1116 1952
1117 1246
1117 1328
1117 1403
1117 1537
1117 1625
1117 1668
1117 1954
1118 1152
1118 1362
1118 1846
1119 1143
1119 1638
1120 1144
1120 1651
1121 1153
1121 1522
1121 1914
1121 1921
1122 1315
1122 1612
1122 1726
1122 1846
1123 1383
1123 1556
1124 1595
1124 1728
1125 1145
1125 1851
1127 1186
1127 1197
1127 1284
1127 1457
1127 1523
1127 1820
1127 1827
1127 1843
1127 1962
1128 1129
1128 1547
1128 1890
1128 1902
1129 1138
1129 1330
1129 1345
1129 1874
1129 1947
1130 1144
1130 1217
1130 1241
1130 1372
1130 1413
1130 1533
1130 1753
1131 1332
1131 1487
1131 1865
1132 1145
1132 1241
1132 1509
1132 1680
1132 1787
1132 1860
1133 1287
1133 1576
1133 1947
1134 1316
1134 1820
1135 1502
1135 1874
1135 1965
1136 1288
1136 1488
1136 1678
1137 1320
1137 1411
1137 1511
1137 1906
1138 1578
1140 1291
1140 1359
1140 1489
1140 1766
1140 1917
1141 1464
1141 1474
1142 1415
1142 1650
1142 1682
1142 1709
1142 1711
1142 1783
1142 1864
1143 1244
1143 1714
1143 1767
1143 1781
1143 1903
1144 1240
1144 1472
1144 1633
1144 1785
1145 1501
1145 1528
1145 1567
1145 1852
1145 1860
1145 1961
1146 1303
1146 1392
1146 1421
1146 1537
1146 1676
1146 1866
1147 1165
1147 1541
1147 1748
1147 1805
1147 1853
1147 1882
1147 1887
1147 1923
1147 1926
1147 1947
1148 1171
1148 1356
1148 1381
1148 1410
1148 1562
1148 1599
1148 1640
1148 1711
1148 1969
1149 1280
1149 1592
1150 1154
1150 1385
1150 1404
1150 1614
1150 1854
1151 1791
1151 1935
1152 1247
1152 1761
1152 1861
1152 1892
1153 1603
1153 1864
1154 1168
1154 1306
1154 1402
1154 1979
1155 1274
1155 1467
1155 1543
1155 1835
1156 1364
1156 1475
1156 1551
1156 1650
1157 1386
1157 1416
1157 1513
1157 1559
1157 1637
1157 1644
1158 1507
1158 1556
1158 1951
1159 1357
1159 1798
1159 1977
1160 1989
1161 1663
1161 1847
1161 1872
1161 1924
1162 1163
1162 1229
1162 1497
1162 1744
1163 1456
1163 1610
1163 1824
1164 1346
1164 1660
1164 1822
1165 1335
1165 1729
1166 1392
1166 1448
1166 1497
1166 1711
1166 1896
1166 1956
1167 1453
1167 1633
1167 1690
1167 1748
1168 1281
1168 1390
1168 1547
1168 1577
1168 1650
1168 1920
1169 1237
1169 1740
1169 1921
1169 1968
1170 1629
1170 1717
1171 1409
1171 1492
1171 1630
1171 1637
1171 1814
1171 1919
1172 1381
1172 1397
1172 1514
1172 1599
1172 1694
1172 1985
1173 1317
1173 1357
1173 1368
1173 1493
1173 1559
1173 1677
1173 1737
1173 1892
1173 1973
1174 1464
1174 1521
1174 1693
1174 1745
1174 1872
1175 1250
1175 1930
1176 1243
1176 1296
1176 1361
1176 1560
1176 1576
1176 1579
1176 1847
1177 1532
1177 1596
1177 1718
1177 1952
1179 1245
1179 1323
1179 1525
1179 1549
1179 1590
1179 1695
1179 1801
1179 1953
1180 1614
1180 1843
1180 1860
1181 1275
1181 1521
1182 1585
1182 1967
1183 1299
1183 1578
1183 1709
1184 1473
1184 1606
1184 1833
1184 1870
1185 1234
1185 1257
1185 1687
1186 1189
1186 1220
1186 1950
1187 1214
1187 1552
1187 1593
1187 1970
1188 1752
1188 1795
1189 1512
1189 1580
1189 1601
1189 1869
1189 1918
1190 1210
1190 1422
1191 1271
1191 1294
1191 1330
1191 1405
1191 1625
1191 1922
1192 1260
1192 1293
1192 1444
1192 1596
1192 1907
1192 1934
1192 1940
1193 1215
1193 1324
1193 1609
1193 1718
1193 1985
1194 1239
1194 1405
1194 1634
1194 1935
1195 1288
1195 1770
1195 1994
1196 1260
1196 1432
1196 1452
1196 1943
1198 1329
1198 1391
1198 1580
1199 1591
1200 1565
1201 1256
1201 1485
1201 1625
1202 1209
1202 1580
1203 1781
1204 1223
1204 1443
1204 1655
1206 1697
1206 1919
1206 1958
1207 1405
1207 1558
1207 1773
1207 1977
1208 1435
1208 1523
1208 1721
1208 1998
1209 1238
1209 1525
1209 1556
1209 1683
1209 1802
1210 1461
1210 1597
1210 1795
1210 1921
1212 1391
1212 1783
1213 1308
1214 1631
1214 1678
1214 1989
1215 1717
1216 1321
1216 1401
1216 1471
1217 1222
1217 1811
1218 1806
1218 1847
1219 1246
1219 1265
1219 1878
1220 1401
1220 1534
1220 1745
1220 1941
1221 1280
1221 1800
1221 1889
1221 1941
1221 1952
1222 1344
1222 1437
1222 1482
1222 1517
1222 1847
1222 1965
1223 1253
1223 1737
1223 1793
1224 1493
1224 1572
1225 1500
1225 1731
1225 1851
1225 1901
1226 1238
1226 1434
1226 1653
1226 1661
1227 1452
1227 1650
1227 1780
1227 1977
1227 1994
1228 1338
1228 1540
1230 1620
1230 1621
1230 1653
1230 1709
1230 1719
1230 1905
1231 1337
1231 1448
1231 1525
1231 1792
1231 1977
1232 1931
1233 1294
1233 1531
1233 1747
1234 1404
1234 1603
1234 1768
1234 1815
1234 1867
1234 1995
1236 1760
1236 1761
1236 1811
1236 1925
1237 1286
1237 1504
1238 1372
1238 1677
1239 1841
1239 1986
1240 1368
1240 1391
1240 1416
1240 1531
1240 1684
1240 1797
1241 1465
1241 1737
1241 1922
1241 1930
1241 1946
1242 1391
1242 1489
1242 1606
1243 1896
1244 1305
1244 1327
1244 1556
1244 1662
1244 1813
1244 1870
1245 1285
1245 1325
1245 1415
1245 1725
1245 1746
1245 1826
1245 1847
1245 1972
1246 1383
1246 1671
1246 1900
1247 1528
1248 1268
1248 1455
1248 1568
1248 1610
1249 1801
1249 1860
1250 1545
1251 1364
1251 1463
1251 1486
1251 1638
1252 1402
1252 1602
1252 1749
1252 1882
1252 1890
1253 1405
1253 1841
1254 1736
1254 1940
1255 1296
1255 1799
1255 1902
1255 1957
1256 1940
1257 1271
1257 1845
1257 1865
1257 1875
1258 1660
1258 1888
1259 1282
1259 1868
1260 1343
1260 1597
1260 1820
1260 1846
1261 1265
1261 1466
1261 1542
1261 1606
1262 1292
1262 1395
1262 1563
1262 1607
1262 1612
1263 1383
1263 1534
1263 1596
1263 1669
1263 1852
1263 1887
1263 1909
1263 1971
1264 1397
1264 1463
1264 1623
1264 1655
1264 1929
1265 1288
1265 1358
1265 1362
1265 1514
1265 1685
1266 1452
1266 1579
1266 1648
1266 1755
1266 1942
1267 1318
1268 1604
1268 1766
1268 1820
1268 1964
1269 1593
1269 1939
1270 1285
1270 1306
1270 1631
1270 1957
1272 1312
1272 1728
1272 1805
1272 1986
1273 1692
1273 1702
1273 1944
1274 1490
1274 1615
1274 1625
1274 1888
1274 1917
1275 1401
1275 1772
1276 1694
1276 1840
1276 1958
1277 1438
1278 1310
1279 1596
1279 1736
1279 1737
1280 1419
1280 1735
1281 1446
1281 1838
1282 1316
1282 1518
1282 1671
1282 1944
1283 1359
1283 1407
1284 1390
1285 1686
1285 1771
1285 1857
1286 1465
1286 1684
1286 1965
1287 1322
1287 1406
1287 1623
1287 1916
1287 1951
1288 1484
1288 1964
1289 1298
1289 1401
1289 1625
1289 1842
1290 1570
1290 1699
1290 1750
1290 1810
1290 1907
1291 1326
1291 1465
1291 1585
1291 1592
1291 1604
1291 1641
1291 1753
1291 1765
1291 1901
1291 1971
1292 1523
1292 1892
1293 1343
1293 1672
1294 1495
1294 1826
1295 1702
1296 1490
1296 1618
1296 1660
1296 1668
1296 1755
1296 1876
1296 1877
1296 1879
1296 1919
1296 2000
1297 1300
1297 1500
1298 1388
1298 1443
1298 1782
1298 1786
1298 1845
1299 1440
1299 1599
1299 1606
1299 1806
1299 1921
1299 1926
1300 1426
1300 1482
1300 1679
1300 1688
1300 1830
1300 1875
1301 1447
1301 1452
1301 1668
1301 1868
1301 1922
1302 1366
1302 1514
1302 1654
1302 1719
1302 1837
1303 1454
1303 1588
1303 1678
1303 1883
1304 1748
1304 1931
1305 1634
1305 1880
1306 1420
1306 1698
1306 1876
1306 1905
1307 1375
1307 1431
1307 1607
1307 1782
1307 1809
1308 1389
1308 1434
1309 1628
1309 1884
1310 1700
1311 1563
1311 1632
1311 1975
1312 1850
1312 1867
1312 1911
1312 1962
1313 1364
1313 1366
1313 1547
1313 1809
1313 1843
1314 1829
1314 1858
1315 1673
1315 1704
1315 1910
1316 1342
1316 1656
1316 1739
1317 1428
1317 1487
1317 1498
1318 1561
1318 1721
1318 1889
1319 1470
1319 1541
1319 1644
1319 1681
1319 1813
1319 1817
1319 2000
1320 1424
1320 1426
1320 1658
1320 1710
1320 1790
1321 1672
1322 1662
1322 1809
1322 1847
1323 1748
1323 1842
1324 1343
1324 1399
1324 1548
1324 2000
1325 1352
1325 1390
1325 1438
1325 1942
1326 1330
1326 1462
1326 1523
1326 1619
1326 1942
1327 1498
1327 1777
1329 1355
1329 1371
1329 1736
1329 1838
1329 1865
1330 1460
1330 1707
1330 1721
1330 1777
1330 1865
1330 1871
1331 1407
1331 1450
1331 1480
1331 1557
1331 1905
1331 1983
1332 1982
1333 1339
1333 1468
1333 1607
1333 1694
1333 1829
1333 1969
1334 1421
1334 1618
1335 1429
1335 1499
1335 1507
1335 1639
1336 1570
1336 1776
1336 1785
1337 1361
1337 1400
1337 1623
1337 1672
1337 1713
1337 1924
1337 1988
1338 1437
1338 1445
1338 1646
1340 1679
1340 1753
1340 1815
1340 1967
1342 1399
1342 1482
1342 1667
1343 1546
1343 1760
1343 1903
1343 1983
1344 1407
1344 1545
1344 1700
1345 1610
1345 1923
1346 1630
1346 1649
1346 1802
1346 1828
1347 1572
1347 1574
1347 1642
1347 1805
1347 1873
1347 1886
1348 1801
1348 1881
1349 1369
1349 1614
1349 1795
1349 1985
1350 1383
1350 1784
1351 1384
1351 1411
1351 1588
1353 1737
1353 1806
1354 1638
1354 1734
1354 1873
1354 1912
1355 1699
1355 1887
1356 1408
1356 1419
1356 1468
1356 1587
1356 1596
1356 1662
1356 1706
1357 1590
1357 1719
1357 1880
1358 1374
1358 1387
1358 1732
1359 1368
1359 1562
1359 1898
1360 1487
1360 1494
1360 1552
1360 1663
1361 1477
1361 1656
1362 1693
1362 1763
1362 1876
1363 1370
1363 1525
1363 1584
1363 1665
1363 1774
1364 1412
1364 1508
1364 1750
1364 1999
1365 1489
1365 1625
1366 1511
1366 1819
1367 1729
1368 1490
1368 1527
1368 1632
1368 1670
1368 1699
1368 1733
1369 1872
1370 1403
1370 1564
1370 1698
1370 1897
1371 1590
1371 1606
1371 1747
1372 1866
1373 1554
1373 1659
1374 1383
1374 1397
1374 1518
1374 1698
1374 1724
1374 1909
1375 1715
1375 1814
1376 1762
1376 1787
1376 1965
1377 1440
1377 1517
1377 1557
1379 1508
1379 1783
1379 1931
1380 1400
1380 1583
1380 1608
1381 1639
1381 1723
1381 1779
1381 1995
1382 1446
1383 1416
1383 1418
1383 1459
1383 1482
1384 1411
1384 1458
1384 1555
1384 1709
1384 1859
1384 1918
1384 1945
1386 1459
1387 1572
1387 1847
1387 1926
1388 1410
1388 1589
1388 1689
1388 1793
1388 1871
1389 1455
1389 1622
1389 1732
1389 1796
1389 1804
1389 1886
1390 1594
1390 1603
1390 1762
1390 1959
1391 1406
1391 1731
1392 1401
1392 1491
1392 1836
1393 1657
1393 1720
1393 1780
1394 1500
1394 1516
1394 1824
1394 1879
1394 1893
1395 1609
1396 1468
1396 1821
1396 1907
1396 1918
1397 1527
1397 1767
1397 1781
1397 1952
1399 1754
1399 1963
1399 1971
1400 1761
1400 1769
1400 1830
1400 1931
1401 1479
1401 1525
1401 1669
1401 1700
1401 1867
1402 1621
1402 1840
1402 1881
1403 1533
1403 1618
1403 1683
1403 1759
1405 1777
1405 1873
1405 1957
1406 1453
1406 1508
1406 1920
1407 1558
1407 1580
1407 1632
1407 1666
1407 1701
1407 1702
1408 1565
1408 1909
1408 1989
1409 1724
1409 1743
1410 1827
1411 1570
1411 1663
1412 1804
1412 1954
1413 1607
1413 1617
1413 1686
1413 1988
1415 1534
1415 1644
1415 1752
1415 1910
1416 1655
1416 1727
1416 1863
1416 1919
1417 1512
1417 1569
1417 1739
1418 1599
1418 1614
1418 1905
1419 1463
1420 1543
1420 1763
1420 1819
1420 1896
1421 1431
1421 1671
1421 1746
1421 1771
1422 1588
1422 1616
1423 1503
1423 1590
1423 1594
1423 1606
1423 1903
1423 1970
1424 1483
1424 1693
1424 1993
1425 1626
1425 1949
1425 1970
1427 1681
1427 1787
1428 1504
1429 1442
1429 1453
1429 1483
1429 1822
1431 1517
1431 1753
1431 1781
1431 1940
1432 1533
1432 1540
1432 1637
1432 1693
1432 1721
1432 1856
1433 1881
1433 1938
1433 1973
1434 1692
1434 1837
1435 1518
1435 1545
1435 1909
1436 1667
1436 1901
1437 1442
1437 1521
1437 1651
1437 1791
1438 1471
1438 1666
1438 1940
1440 1575
1441 1525
1441 1721
1441 1911
1441 1944
1442 1451
1442 1534
1442 1747
1442 1792
1442 1952
1443 1526
1443 1814
1443 1964
1443 1979
1444 1532
1444 1553
1444 1590
1444 1608
1444 1683
1444 1928
1444 1934
1445 1805
1445 1974
1446 1551
1446 1683
1447 1467
1447 1509
1447 1720
1448 1757
1449 1469
1449 1515
1449 1771
1449 1923
1450 1845
1450 1848
1450 1887
1451 1729
1451 1810
1451 1868
1451 1978
1452 1478
1452 1780
1452 1838
1453 1496
1453 1520
1454 1944
1455 1710
1456 1475
1456 1691
1456 1807
1457 1499
1457 1512
1457 1842
1457 1891
1458 1878
1459 1793
1459 1801
1460 1928
1461 1542
1461 1616
1462 1487
1462 1734
1462 1751
1462 1775
1462 1843
1462 1948
1463 1766
1463 1777
1464 1650
1464 1696
1465 1733
1466 1555
1466 1786
1466 1856
1466 1880
1467 1532
1467 1605
1467 1850
1468 1502
1468 1527
1468 1601
1468 1623
1469 1507
1469 1727
1469 1765
1469 1958
1470 1567
1470 1612
1471 1587
1471 1887
1471 1915
1472 1527
1472 1537
1472 1588
1472 1729
1472 1792
1473 1878
1474 1526
1474 1899
1475 1519
1475 1768
1475 1861
1476 1576
1476 1912
1476 1920
1478 1687
1478 1822
1478 1985
1479 1887
1480 1852
1480 1948
1481 1510
1481 1569
1481 1643
1481 1663
1482 1631
1482 1663
1482 1943
1483 1686
1483 1960
1484 1864
1484 1876
1485 1720
1485 1840
1486 1578
1486 1586
1486 1740
1487 1915
1489 1553
1489 1570
1489 1629
1489 1930
1490 1493
1490 1560
1490 1980
1491 1671
1491 1797
1491 1940
1492 1507
1492 1873
1493 1945
1494 1926
1495 1801
1495 1863
1495 1908
1495 1911
1495 1994
1496 1530
1496 1691
1497 1573
1497 1704
1497 1991
1498 1976
1499 1866
1500 1510
1500 1711
1500 1738
1500 1744
1501 1524
1501 1556
1501 1571
1501 1603
1501 1625
1501 1793
1502 1577
1502 1687
1503 1815
1503 1897
1503 1900
1503 1944
1504 2000
1505 1911
1505 1946
1505 1980
1506 1737
1506 1874
1507 1611
1507 1681
1507 1682
1507 1722
1507 1831
1507 1927
1507 1954
1508 1603
1508 1699
1509 1760
1509 1888
1509 1949
1510 1803
1510 1854
1512 1819
1513 1619
1513 1707
1513 1845
1514 1969
1516 1782
1517 1789
1518 1521
1518 1607
1518 1815
1518 1907
1519 1917
1520 1576
1520 1944
1522 1618
1522 1630
1522 1715
1522 1965
1523 1891
1523 1981
1524 1579
1524 1590
1524 1620
1524 1753
1524 1941
1524 1972
1525 1811
1525 1873
1526 1691
1526 1833
1527 1687
1528 1851
1528 1964
1529 1774
1529 1895
1529 1909
1530 1845
1531 1562
1531 1698
1531 1702
1531 1754
1531 1943
1533 1675
1533 1785
1534 1763
1535 1539
1535 1745
1536 1772
1537 1693
1537 1994
1538 1717
1538 1919
1538 1935
1540 1638
1540 1713
1540 1752
1540 1852
1540 1918
1541 1826
1541 1930
1541 1957
1542 1594
1543 1723
1544 1557
1544 1564
1544 1570
1545 1630
1545 1715
1545 1899
1546 1692
1546 1849
1548 1637
1548 1791
1549 1608
1549 1657
1549 1778
1549 1810
1550 1581
1550 1663
1551 1785
1552 1564
1552 1671
1552 1761
1553 1577
1553 1650
1553 1774
1553 1895
1553 1958
1553 1971
1555 1928
1555 1949
1556 1744
1556 1997
1557 1607
1557 1627
1557 1763
1557 1953
1559 1964
1561 1696
1561 1703
1563 1727
1563 1731
1563 1765
1564 1589
1564 1669
1564 1851
1564 1900
1565 1706
1566 1811
1566 1896
1566 1985
1567 1675
1567 1781
1567 1847
1568 1835
1569 1743
1570 1971
1570 1993
1571 1775
1572 1657
1572 1697
1572 1793
1573 1681
1573 1910
1574 1608
1575 1969
1576 1591
1576 1616
1576 1934
1577 1705
1579 1917
1580 1768
1580 1901
1581 1619
1581 1746
1581 1930
1582 1965
1583 1584
1583 1746
1585 1789
1585 1913
1586 1828
1587 1822
1587 1850
1588 1689
1588 1737
1588 1806
1588 1905
1588 1944
1589 1937
1589 1990
1590 1844
1590 1850
1591 1635
1591 1692
1591 1955
1591 1962
1593 1620
1593 1668
1593 1864
1594 1602
1594 1773
1595 1839
1595 1858
1595 1866
1598 1899
1600 1715
1600 1870
1603 1807
1603 1824
1604 1786
1604 1873
1605 1797
1606 1727
1606 1782
1607 1692
1608 1709
1608 1835
1609 1646
1609 1664
1609 1760
1610 1885
1610 1908
1611 1724
1612 1658
1613 1785
1613 1829
1614 1746
1616 1669
1616 1678
1616 1923
1617 1637
1619 1660
1619 1971
1620 1958
1622 1879
1623 1708
1623 1720
1623 1837
1623 1928
1624 1899
1624 1960
1625 1941
1625 1966
1626 1673
1627 1829
1627 1852
1627 1981
1628 1853
1630 1706
1630 1873
1631 1632
1631 1642
1631 1679
1631 1701
1631 1725
1632 1740
1632 1826
1632 1836
1633 1761
1633 1778
1633 1919
1634 1899
1635 1663
1635 1955
1635 1961
1637 1670
1637 1673
1637 1958
1639 1768
1639 1791
1639 1965
1641 1732
1641 1779
1644 1786
1644 1964
1647 1966
1647 1997
1649 1721
1649 1953
1650 1774
1651 1663
1651 1677
1651 1753
1652 1792
1652 1798
1652 1881
1652 1927
1653 1782
1653 1948
1655 1665
1655 1887
1656 1802
1656 1890
1656 1967
1657 1895
1658 1725
1658 1908
1658 1921
1659 1767
1659 1874
1660 1673
1660 1883
1662 1845
1664 1723
1664 1750
1664 1761
1665 1673
1665 1865
1667 1750
1668 1952
1669 1773
1669 1774
1669 1846
1669 1896
1669 1917
1671 1915
1672 1743
1673 1876
1674 1996
1676 1719
1676 1874
1676 1880
1676 1907
1676 1912
1677 1776
1678 1679
1678 1873
1680 1881
1681 1733
1681 1742
1681 1814
1683 1704
1683 1826
1683 1991
1684 1707
1684 1979
1685 1909
1686 1743
1686 1754
1686 1875
1689 1879
1690 1749
1692 1939
1693 1811
1694 1809
1695 1793
1695 1798
1696 1730
1696 1828
1697 1906
1698 1833
1698 1988
1700 1706
1701 1715
1701 1890
1701 1936
1702 1769
1703 1981
1706 1941
1707 1797
1707 1867
1707 1894
1708 1948
1709 1782
1709 1860
1710 1775
1710 1825
1711 1827
1712 1893
1713 1834
1713 1919
1713 1937
1714 1719
1714 1992
1715 1735
1716 1773
1716 1877
1716 1963
1718 1925
1718 1984
1719 1772
1719 1792
1719 1794
1719 1872
1720 1823
1720 1831
1720 1963
1722 1974
1726 1883
1726 1912
1726 1967
1727 1757
1727 1859
1730 1998
1733 1858
1733 1893
1733 1951
1734 1964
1735 1737
1735 1792
1737 1800
1738 1845
1739 1916
1741 1754
1741 1883
1742 1824
1742 1977
1745 1794
1747 1918
1747 1938
1748 1847
1748 1911
1748 1943
1749 1801
1751 1842
1751 1958
1752 1798
1752 1805
1753 1932
1753 1974
1756 1961
1757 1858
1758 1823
1758 1969
1758 1999
1759 1788
1759 1822
1759 1851
1759 1906
1761 1962
1762 1901
1765 1879
1765 1880
1765 1897
1766 1828
1766 1911
1766 1985
1767 1893
1767 1938
1768 1858
1768 1986
1770 1777
1772 1783
1772 1827
1773 1872
1773 1920
1776 1829
1776 1898
1777 1814
1779 1884
1779 1911
1780 1843
1780 2000
1782 1969
1784 1810
1784 1972
1787 1892
1790 1885
1790 1994
1791 1848
1791 1882
1792 1798
1792 1997
1793 1795
1793 1944
1794 1827
1794 1953
1795 1819
1795 1835
1796 1878
1797 1856
1798 1870
1799 1998
1804 1850
1805 1849
1805 1887
1806 1915
1807 1950
1808 1946
1810 1886
1817 1978
1820 1994
1821 1949
1821 1967
1821 1985
1822 1909
1823 1831
1824 1923
1827 1972
1829 1930
1829 1943
1831 1916
1834 1977
1837 1887
1838 1934
1840 1882
1842 1980
1843 1847
1843 1942
1843 1963
1845 1924
1846 1897
1847 1888
1850 1866
1850 1994
1851 1916
1852 1962
1853 1921
1856 1982
1856 2000
1858 1868
1859 1882
1860 1862
1860 1999
1861 1950
1865 1892
1871 1938
1874 1913
1874 1995
1876 1877
1876 1885
1880 1886
1884 1955
1887 1916
1888 1931
1891 1954
1892 1969
1892 1977
1897 1957
1897 1958
1898 1952
1899 1903
1904 1936
1905 1976
1906 1961
1907 1926
1908 1975
1909 1916
1910 1964
1911 1973
1912 1927
1912 1989
1920 1929
1920 1949
1920 1972
1929 1936
1930 1942
1932 1950
1935 1938
1936 1943
1947 1954
1949 1985
1962 1986
1975 1981
1981 1992