2000
1 167
1 312
1 1531
1 1746
2 292
2 372
2 1549
2 1596
2 1743
2 1982
3 551
3 966
4 37
4 775
4 1943
5 177
5 361
5 713
5 971
5 1303
5 1667
6 91
6 788
6 802
6 1131
6 1193
6 1327
7 854
7 1305
8 45
8 558
8 656
8 767
8 1089
9 207
9 1491
10 137
10 408
10 1651
10 1795
10 1935
11 277
11 375
11 617
11 739
11 863
11 865
12 272
12 839
12 1061
12 1366
12 1405
12 1952
13 904
13 1279
13 1499
13 1512
13 1725
13 1817
14 277
14 473
14 588
14 628
14 1746
15 445
15 661
16 417
16 502
16 1565
16 1762
17 61
17 302
17 524
17 1846
18 825
18 847
18 1141
18 1266
18 1615
18 1805
19 346
19 1172
19 1175
20 270
20 690
21 136
21 176
21 258
21 551
21 1510
21 1523
22 696
22 1799
22 1862
23 97
23 124
23 688
23 995
23 1387
23 1556
23 1916
24 1280
25 425
25 512
25 534
25 967
25 1147
25 1231
25 1980
26 560
26 684
26 873
27 284
27 306
27 808
27 943
27 1146
27 1405
27 1703
28 371
28 778
28 1611
29 206
29 754
29 853
29 1326
29 1790
29 1830
29 1962
30 720
30 967
31 606
31 923
31 1693
31 1704
32 193
32 285
32 751
32 1019
33 529
33 882
34 277
34 1025
34 1055
34 1093
34 1527
34 1820
35 499
35 893
35 1242
36 1033
36 1525
37 1904
38 194
38 748
38 763
38 849
39 148
39 757
39 1718
39 1758
40 950
40 1458
40 1997
41 1294
41 1650
42 239
42 782
42 1043
42 1305
42 1778
42 1886
43 318
43 337
43 1973
44 717
44 774
44 1051
44 1185
44 1571
44 1809
45 177
45 880
45 1070
45 1528
45 1733
45 1787
46 977
46 1144
46 1548
47 184
47 584
47 1232
47 1616
47 1869
48 204
48 1281
49 110
49 392
49 463
49 994
49 1888
50 105
50 227
50 281
51 1350
51 1406
51 1422
51 1649
52 724
52 1969
52 1976
53 201
53 204
53 843
53 1473
53 1606
53 1860
53 1883
53 1918
54 138
54 192
54 608
54 798
54 923
54 1635
55 755
55 962
55 1126
55 1496
56 439
56 648
56 964
56 1325
56 1452
56 1551
56 1885
56 1985
57 96
57 170
57 171
57 380
57 707
57 950
57 1737
58 115
58 431
58 787
59 227
59 715
59 792
59 1232
59 1378
59 1549
60 380
60 611
60 875
60 1057
60 1651
60 1757
61 770
62 348
62 1757
63 696
63 921
63 1063
63 1348
63 1798
64 948
65 165
65 376
65 661
65 1376
66 255
66 898
66 1001
66 1071
66 1347
66 1362
66 1825
66 1903
66 1956
67 1448
67 1592
68 299
68 833
68 1084
68 1179
68 1613
68 1920
69 638
69 998
69 1820
70 763
70 876
70 932
70 1359
71 558
71 759
71 1458
71 1644
72 381
72 848
72 1007
72 1150
72 1272
72 1313
72 1938
73 113
73 171
73 189
73 896
73 1059
73 1268
73 1301
73 1328
73 1712
74 456
74 656
74 697
75 176
75 357
75 904
75 1218
76 82
76 830
76 873
76 1363
76 1372
76 1613
76 1866
76 1923
76 1942
77 544
77 921
77 945
77 1208
77 1773
78 260
78 293
78 551
78 631
78 756
79 1338
80 1447
80 1946
81 169
81 537
81 1094
81 1736
81 1981
82 775
82 1206
82 1936
83 357
83 531
83 736
83 779
83 796
83 1350
84 103
84 157
84 639
84 1269
84 1394
84 1663
84 1709
84 1767
85 214
85 233
85 245
85 277
85 412
85 548
85 953
85 1457
86 305
86 321
86 502
86 924
86 962
86 1226
86 1788
87 118
87 136
87 506
87 971
87 1417
87 1576
88 220
88 913
88 1066
88 1196
88 1726
88 1794
89 1160
90 496
90 753
90 1405
90 1651
91 106
91 338
91 707
91 1635
91 1767
92 769
92 1017
92 1597
92 1763
93 199
93 1220
93 1555
94 275
94 895
94 1303
95 671
95 1829
96 867
96 1361
96 1526
97 194
97 995
97 1112
97 1154
97 1535
97 1710
98 101
98 1024
98 1278
98 1305
98 1307
98 1909
99 271
99 291
99 341
99 523
99 1166
99 1281
100 491
100 641
100 1503
100 1517
101 125
101 408
101 715
101 733
101 825
101 1195
101 1660
102 1847
103 259
104 1068
104 1156
104 1568
104 1635
105 114
105 1030
105 1298
106 167
106 189
106 223
106 478
106 700
106 850
106 894
106 955
106 995
107 1379
108 120
108 304
108 541
108 1899
108 1902
109 267
109 362
109 544
109 871
109 908
109 948
109 1007
109 1053
109 1226
110 219
110 400
110 937
110 1088
110 1512
110 1529
110 1597
110 1744
111 382
111 671
111 1400
111 1606
112 829
112 989
112 1200
112 1235
112 1750
113 982
113 1142
113 1531
114 258
114 1373
114 1955
115 676
115 807
115 895
115 1092
115 1371
115 1694
115 1737
115 1855
116 299
116 433
116 814
116 1067
116 1139
116 1311
116 1680
117 179
117 222
117 467
117 1191
117 1200
117 1221
117 1365
117 1755
117 1842
118 706
118 813
118 934
118 1714
118 1951
119 493
119 635
119 1109
119 1380
119 1750
119 1847
120 132
120 204
120 319
120 406
120 871
120 916
120 1015
120 1621
120 1974
121 147
121 474
121 925
121 1214
121 1660
121 1925
122 410
122 548
122 969
122 982
122 1206
122 1689
122 1852
123 386
123 729
123 766
123 905
123 1078
123 1341
123 1471
123 1953
124 150
125 259
125 492
125 1737
125 1956
126 1333
126 1450
126 1515
126 1664
126 1770
126 1823
127 186
127 788
127 966
127 1912
128 197
128 366
128 863
128 1496
128 1514
129 1200
129 1401
130 599
130 1089
130 1435
130 1839
131 313
131 864
131 929
131 1135
131 1165
131 1426
131 1802
132 145
132 493
132 916
132 1169
132 1324
132 1370
132 1438
132 1778
133 260
133 662
133 1547
134 259
134 621
134 745
134 1034
134 1100
134 1158
135 424
135 737
135 1082
135 1130
135 1335
135 1348
135 1890
136 344
136 638
136 1389
136 1491
136 1651
137 192
137 418
137 700
137 766
137 928
137 1678
138 379
138 594
138 1099
138 1407
139 563
139 875
139 1255
139 1436
139 1801
140 872
140 1538
141 1540
141 1909
142 509
142 908
142 1233
142 1585
142 1609
143 285
143 819
143 1205
143 1312
144 796
144 939
144 1219
144 1459
144 1636
144 1678
144 1721
145 257
145 1136
145 1522
145 1633
146 187
146 277
146 412
146 538
146 757
146 1453
147 498
147 917
147 1629
148 457
148 655
148 695
148 809
148 1343
148 1469
148 1989
149 224
149 604
149 1492
149 1511
150 309
150 447
150 618
150 657
150 1296
150 1451
150 1789
151 158
151 1236
152 793
152 854
152 1023
152 1173
152 1268
153 745
153 824
153 897
153 1230
153 1725
153 1840
154 336
154 852
154 853
154 959
154 1250
154 1421
154 1427
154 1576
154 1945
155 552
155 1702
155 1807
156 526
156 529
156 671
156 995
156 1035
156 1207
156 1453
156 1594
156 1814
157 315
157 472
157 573
158 168
159 1024
159 1372
159 1822
159 1994
160 525
160 715
160 900
160 934
160 1340
160 1942
161 755
161 1264
161 1318
161 1412
161 1493
161 1892
162 313
162 434
162 457
162 789
162 1822
163 171
163 188
163 246
163 485
163 496
163 728
163 907
163 1239
163 1353
164 836
165 1128
165 1168
165 1254
165 1717
166 392
166 1442
166 1838
166 1928
167 183
167 1078
167 1479
168 286
168 643
168 1039
168 1130
169 176
169 223
169 730
169 1009
169 1244
169 1254
170 1165
170 1492
171 660
171 858
171 1280
171 1282
171 1904
172 277
172 350
172 410
172 1395
172 1667
173 188
173 1154
173 1311
173 1665
174 336
174 437
174 692
174 1694
174 1811
175 243
175 350
175 639
176 379
176 445
176 1126
176 1193
176 1421
176 1430
176 1459
176 1534
176 1622
176 1733
177 279
177 417
177 533
177 1303
177 1345
178 317
178 1234
179 225
179 579
179 1036
180 264
180 991
180 1470
180 1871
180 1928
181 236
181 250
181 859
181 1331
181 1407
181 1740
181 1968
182 205
182 513
182 679
182 1130
182 1791
183 237
183 450
183 643
183 978
183 1952
184 996
184 1003
184 1086
184 1190
184 1473
184 1603
185 1107
186 190
186 437
186 711
186 819
186 1687
186 1809
187 670
187 934
187 962
187 1335
187 1513
188 926
188 1071
188 1108
188 1134
188 1860
189 588
189 1249
189 1487
190 586
190 1276
190 1710
191 630
191 679
191 1628
192 760
192 1042
192 1556
192 1910
193 196
193 542
193 1161
193 1431
194 1106
194 1528
195 928
195 1050
195 1936
196 1170
196 1377
196 1650
197 857
197 880
197 1383
198 260
198 1159
199 378
199 673
199 776
199 831
199 1190
199 1586
199 1774
200 204
200 1819
201 803
201 1110
201 1435
201 1739
201 1789
202 455
202 781
202 1347
202 1554
202 1730
202 1781
202 1913
203 385
203 550
203 662
203 1012
203 1728
204 856
204 1414
204 1837
205 455
205 1616
206 503
206 841
206 946
206 992
206 1268
207 332
207 486
207 593
207 1277
207 1770
207 1771
208 520
208 597
208 776
208 1274
208 1507
208 1797
208 1841
209 261
209 832
209 1759
209 1796
210 491
210 650
210 1017
210 1365
211 530
212 308
212 800
212 1247
212 1394
212 1701
212 1913
212 1996
213 1718
214 619
214 629
214 753
214 936
214 1384
214 1756
214 1758
215 411
215 767
215 963
215 1955
216 723
216 1158
216 1172
216 1630
216 1675
217 265
217 635
217 671
217 1568
217 1658
217 1695
218 840
218 1015
218 1597
218 1881
219 927
219 1190
220 433
220 802
220 890
220 900
220 1203
220 1234
220 1826
221 526
221 904
221 1713
221 1942
222 888
222 910
222 1080
222 1185
222 1236
222 1562
222 1887
223 404
223 463
223 728
223 1433
223 1827
224 758
225 413
225 442
226 1246
226 1922
227 1744
228 587
228 1685
229 588
229 1698
229 1848
230 808
230 1747
231 244
231 364
232 1924
233 267
233 385
233 1077
233 1340
233 1357
233 1584
233 1661
233 1907
234 298
234 1991
235 415
235 477
235 861
235 1200
235 1311
235 1986
236 360
236 715
236 1415
237 446
237 1327
237 1667
238 396
238 593
238 1044
238 1142
239 619
239 741
239 861
239 969
239 1357
240 398
240 759
240 1358
240 1769
240 1799
241 358
241 911
241 1215
241 1616
241 1894
242 699
242 818
242 1186
242 1328
242 1585
243 1084
243 1195
243 1307
244 354
244 1271
244 1416
244 1440
244 1587
245 246
245 255
245 1193
245 1344
245 1524
246 404
246 562
246 597
246 878
246 1316
246 1461
246 1626
246 1885
247 415
247 577
247 746
247 1605
247 1858
248 1359
248 1416
248 1454
249 1150
249 1905
249 1991
250 704
250 1393
250 1490
250 1544
250 1573
250 1674
251 549
251 652
251 1599
252 491
252 583
252 947
252 999
252 1206
252 1631
252 1904
253 490
253 718
253 1080
253 1152
254 1041
254 1503
255 1409
255 1441
255 1981
256 514
256 798
256 1071
256 1106
256 1172
256 1589
257 530
257 710
257 999
257 1844
258 891
258 1319
258 1844
259 695
259 1844
260 352
260 413
260 793
260 1061
260 1105
260 1881
261 772
261 848
261 929
261 1053
261 1721
261 1870
262 825
262 1988
263 330
263 635
263 763
263 1294
263 1312
263 1421
263 1698
264 696
264 1273
264 1295
265 471
265 831
265 965
265 1050
265 1348
266 764
266 978
266 1232
266 1342
266 1588
267 779
267 1564
267 1965
268 457
268 1366
268 1879
268 1999
269 1524
269 1852
270 1694
271 798
271 1385
272 1330
273 523
273 616
273 670
273 1063
273 1630
274 674
274 1139
274 1872
275 1919
276 807
276 991
277 507
277 1151
277 1200
277 1205
277 1455
277 1724
278 1506
278 1525
278 1533
278 1877
279 361
279 415
279 868
279 1034
279 1522
279 1932
280 290
280 925
280 1367
280 1862
281 464
281 515
281 522
281 1727
282 304
283 466
283 491
283 492
283 1302
284 672
284 1053
284 1312
284 1509
285 374
285 1086
285 1180
285 1448
285 1789
286 530
286 825
286 1275
286 1313
286 1772
286 1895
287 413
287 1514
287 1560
287 1892
288 557
288 1518
288 1721
288 1726
289 1171
289 1804
290 330
290 373
290 380
290 1586
291 809
291 886
291 1403
292 462
292 687
292 1172
292 1196
292 1359
292 1433
292 1620
293 307
293 467
293 595
293 1580
293 2000
294 1098
294 1276
294 1389
294 1792
295 647
295 650
295 794
295 1066
295 1092
295 1215
295 1285
295 1472
295 1758
296 338
296 403
296 555
296 1477
296 1926
297 343
297 493
297 801
297 1098
297 1440
297 1639
298 690
298 706
298 958
298 1322
298 1398
298 1593
298 1705
299 1429
299 1529
299 1559
299 1757
300 1089
300 1266
300 1541
300 1804
301 643
301 1266
301 1660
301 1675
302 526
302 1095
302 1530
303 314
303 572
303 661
303 1422
303 1721
303 1732
304 785
304 789
304 1334
304 1430
305 310
305 1043
305 1281
305 1515
305 1887
306 1279
306 1587
306 1687
306 1751
306 1975
307 835
307 873
307 1216
308 390
308 942
308 991
308 1167
308 1266
308 1480
309 928
309 1154
309 1253
310 398
310 645
310 704
310 781
310 1012
310 1066
310 1120
310 1516
310 1986
311 817
311 1742
311 1894
311 1965
311 1969
312 723
312 1160
312 1292
312 1809
312 1999
313 1088
313 1093
313 1104
313 1451
313 1496
314 363
314 930
314 1141
314 1556
315 322
315 398
315 464
315 795
315 1261
316 662
316 1991
317 812
317 1320
317 1444
317 1994
318 864
319 921
319 1887
319 1888
320 1099
320 1147
320 1282
321 393
321 891
321 964
321 1213
321 1301
321 1439
321 1669
321 1896
322 423
322 688
322 1038
322 1535
322 1663
323 542
323 774
323 869
323 1052
323 1546
323 1892
324 838
324 1345
324 1429
324 1560
325 530
325 1184
325 1234
325 1802
326 854
326 855
326 1069
326 1594
327 341
327 1056
328 343
328 1190
328 1229
329 409
329 663
329 824
329 937
329 998
329 1384
330 501
330 972
330 1562
331 923
331 1502
332 723
332 748
332 861
332 1190
332 1329
332 1840
333 1090
334 946
334 1343
334 1529
335 501
335 927
335 1027
335 1278
335 1675
335 1811
336 757
336 973
336 1169
336 1281
336 1336
336 1392
336 1434
336 1698
336 1728
336 1759
337 421
337 460
337 917
337 1474
337 1633
338 1152
338 1263
338 1467
338 1521
338 1931
339 940
339 1734
339 1774
339 1944
340 463
340 653
340 822
340 945
340 1209
340 1562
340 1732
341 501
341 690
341 1186
341 1203
341 1836
341 1858
342 849
342 861
342 1005
342 1177
342 1741
343 891
343 1070
343 1161
343 1467
344 709
344 1983
345 417
345 457
345 1295
345 1424
345 1496
345 1609
345 1707
346 537
346 1779
347 593
347 981
348 600
348 685
348 924
348 1178
348 1310
349 472
349 520
349 1117
349 1408
349 1511
349 1629
349 1914
350 1038
350 1689
351 757
351 1708
352 1457
352 1748
353 394
353 401
353 764
353 1319
353 1547
354 1235
354 1922
355 576
355 726
355 921
356 790
356 919
356 929
356 1216
356 1313
356 1554
356 1766
356 1859
357 897
357 1003
357 1504
357 1663
357 1708
358 870
358 1900
359 1127
359 1408
359 1596
359 1893
360 478
360 481
360 912
360 981
360 1263
360 1555
360 1880
361 885
361 1026
361 1606
362 1203
362 1375
362 1480
362 1745
362 1770
363 1809
364 381
364 450
364 789
364 1375
364 1412
365 488
365 588
365 987
365 1151
365 1206
365 1582
365 1650
365 1795
366 718
366 940
366 1541
366 1890
367 620
367 996
367 1012
367 1172
367 1411
368 398
368 453
368 925
368 1160
369 399
369 912
369 960
369 1152
370 400
370 633
370 1148
370 1292
370 1398
370 1413
370 1500
370 1982
370 1983
371 1520
371 1624
371 1790
372 641
372 767
372 1049
372 1305
372 1375
372 1609
372 1989
373 445
373 493
373 899
373 1344
373 1476
373 1925
373 1950
374 422
374 665
374 1024
374 1261
374 1368
374 1660
375 1229
375 1329
375 1932
376 1147
376 1391
376 1884
377 861
377 1629
377 1866
378 500
378 573
378 1881
378 1959
379 547
379 700
379 759
379 772
380 526
380 593
380 705
380 975
380 1263
380 1770
381 412
381 809
381 1083
381 1267
381 1406
382 763
382 794
382 1541
383 545
383 722
383 1042
383 1153
383 1235
383 1544
384 797
384 886
384 1258
384 1644
384 1687
384 1881
385 1059
385 1477
385 1700
386 438
386 781
386 923
386 1939
387 470
387 658
387 852
387 1119
387 1649
387 1749
387 1805
387 1896
388 514
388 576
388 707
388 1114
389 849
389 987
389 1142
389 1715
390 1583
390 1677
390 1935
391 446
391 541
391 707
391 1093
391 1711
391 1856
391 1923
392 523
392 686
393 1818
394 426
394 1246
394 1627
395 677
395 831
395 1480
396 743
396 815
396 1358
396 1365
396 1853
396 1987
397 1161
397 1245
397 1687
397 1977
398 529
398 1026
398 1040
398 1520
399 1365
400 468
400 609
400 944
400 1269
401 796
401 803
401 1730
401 1890
402 819
402 1184
402 1305
403 522
403 668
403 1347
404 1187
404 1515
405 511
405 545
405 716
406 496
406 664
406 1130
406 1329
407 663
407 1728
408 441
408 530
408 1450
408 1841
409 463
409 616
409 1049
409 1701
410 958
410 1153
410 1564
410 1654
410 1663
410 1760
411 1091
411 1952
411 1962
412 835
412 863
412 1025
412 1188
412 1277
412 1293
412 1922
413 899
413 1035
413 1055
413 1074
413 1375
414 526
414 809
414 1211
414 1330
414 1429
414 1704
415 519
415 773
415 1671
415 1838
415 1994
416 920
416 1708
417 1064
417 1489
418 591
418 1083
418 1551
418 1650
419 497
419 604
419 741
419 1030
419 1116
419 1201
419 1933
420 715
420 1026
420 1144
420 1247
420 1292
420 1599
420 1690
420 1964
421 1048
421 1291
421 1449
422 704
422 933
422 1446
422 1824
422 1861
423 1023
423 1560
423 1696
424 764
424 1306
424 1564
425 475
425 1016
425 1765
426 870
426 1052
426 1900
427 469
427 1217
427 1317
427 1325
427 1769
428 468
428 557
428 964
428 1265
428 1852
429 1120
430 984
430 1247
430 1419
430 1430
430 1931
431 1131
431 1133
431 1495
432 634
432 1186
432 1570
432 1658
433 675
433 891
433 1171
433 1426
433 1981
434 558
434 660
435 517
435 1171
435 1522
435 1821
435 1947
436 1205
436 1587
436 1978
437 580
437 915
437 1774
437 1871
438 627
438 972
438 1121
438 1316
438 1454
438 1551
439 773
439 1641
440 1181
440 1291
440 1864
441 1204
441 1312
442 504
442 1569
442 1597
443 915
443 996
443 1298
443 1366
443 1845
444 1288
444 1449
444 1469
444 1722
445 1619
445 1653
446 787
446 1191
446 1196
446 1267
446 1269
446 1944
447 614
447 676
447 1067
448 1138
448 1463
449 1022
449 1525
449 1662
451 534
451 764
451 1350
452 1176
452 1534
453 898
453 1558
454 1022
454 1047
454 1971
454 1977
455 1209
455 1463
455 1862
455 1947
455 1970
457 721
457 797
458 526
458 823
458 1011
458 1827
459 462
459 578
459 692
459 1058
459 1159
459 1721
460 553
460 735
460 774
460 1149
460 1214
461 860
462 652
462 835
462 1050
462 1098
462 1186
463 856
463 1049
463 1058
464 751
464 990
464 1160
464 1992
465 467
465 1747
465 1931
466 560
466 629
466 793
466 1258
466 1612
466 1651
467 634
467 850
468 1110
468 1790
468 1938
469 739
469 1314
469 1643
470 750
470 1756
470 1809
470 1822
471 1788
471 1829
471 1864
472 1517
472 1718
473 581
473 631
473 1030
473 1451
474 880
474 996
474 1881
475 846
475 1095
475 1110
475 1167
475 1506
475 1816
475 1900
475 1981
476 576
476 670
476 1071
476 1233
476 1266
477 566
477 1353
477 1628
477 1653
477 1897
478 1276
478 1439
478 1638
479 750
479 830
480 495
480 1087
480 1420
480 1765
481 585
481 1287
481 1657
483 676
483 684
483 964
483 1288
484 686
484 1618
485 1092
485 1914
486 1144
486 1481
486 1518
486 1659
486 1754
487 671
487 879
487 1234
487 1520
487 1621
487 1796
487 1893
488 811
488 1022
488 1924
489 534
489 681
489 972
490 724
490 986
490 1248
490 1285
491 593
491 871
492 1014
492 1441
492 1870
493 818
493 881
494 586
494 1207
494 1473
494 1555
494 1820
495 547
495 643
495 998
495 1026
495 1099
495 1388
496 808
496 1104
496 1200
496 1432
496 1911
497 525
497 1511
497 1827
498 688
498 1336
498 1581
498 1587
498 1890
499 1171
500 530
500 648
500 655
500 744
500 926
500 932
500 1044
500 1048
500 1260
500 1437
500 1545
500 1683
501 1481
501 1522
502 1178
502 1311
502 1734
503 743
503 940
503 1088
503 1567
504 1098
504 1281
505 1753
506 1091
506 1191
506 1959
507 564
507 592
507 627
507 1125
507 1355
507 1448
507 1861
508 703
508 792
508 807
508 813
508 1011
508 1223
508 1263
508 1703
508 1781
509 516
509 904
509 993
509 1718
509 1732
510 717
510 1130
510 1749
511 569
511 755
511 817
512 1382
512 1440
512 1452
512 1505
512 1961
513 1301
513 1596
513 1947
514 795
514 1103
515 624
515 942
515 1052
516 1327
517 519
517 651
517 963
518 1481
518 1677
518 1708
519 606
519 696
519 977
519 1448
519 1669
520 834
520 975
520 1183
520 1518
520 1730
521 1122
521 1163
521 1182
521 1454
521 1520
521 1627
522 708
522 718
522 1160
522 1594
522 1892
523 534
523 1658
524 722
524 769
524 1300
524 1499
524 1985
525 1202
525 1493
525 1664
525 1696
525 1996
526 697
526 851
526 1022
526 1133
526 1205
526 1524
528 651
528 1040
528 1193
528 1543
528 1592
528 1798
529 551
529 959
529 1765
529 1867
530 1764
531 936
531 1361
532 1219
533 1384
533 1802
533 1981
534 715
534 922
534 1172
534 1299
534 1395
535 907
535 1566
535 1714
536 1421
537 651
537 795
537 1003
537 1108
537 1119
537 1221
537 1572
538 991
538 1010
538 1396
538 1937
539 926
539 1213
539 1477
539 1672
539 1894
540 1674
541 1223
541 1381
541 1956
542 562
542 939
542 1360
542 1458
542 1690
542 1822
543 881
543 963
544 712
544 1090
544 1241
545 577
545 774
545 837
545 1302
545 1785
545 1809
546 560
546 713
546 809
546 1601
547 1023
547 1836
548 966
548 1038
548 1040
548 1109
549 596
549 1121
550 734
550 856
550 1367
551 607
551 629
551 686
551 1400
551 1704
552 686
552 756
552 807
552 1559
553 562
553 790
553 835
553 1300
553 1494
554 973
554 1414
554 1436
555 1304
556 1170
556 1216
556 1245
557 1223
557 1696
557 1902
557 1985
558 1687
559 800
559 1073
559 1184
559 1293
559 1914
560 1498
560 1968
561 695
561 770
562 752
562 1141
562 1436
562 1724
563 1608
564 566
564 1065
564 1207
564 1550
564 1699
564 1775
565 1372
565 1473
566 592
566 627
566 696
566 737
566 882
566 943
566 1264
566 1419
567 628
567 1796
568 760
569 588
570 1807
571 968
571 1069
571 1621
571 1934
572 603
572 1074
572 1934
572 1947
573 1283
573 1362
573 1405
573 1488
573 1990
574 1878
575 732
575 801
575 883
575 989
575 1102
575 1137
575 1352
576 577
576 854
576 897
576 1120
576 1549
576 1626
576 1802
577 1412
577 1443
577 1469
577 1550
577 1556
577 1756
577 1799
577 1845
578 801
578 1155
578 1766
579 1344
579 1444
580 746
580 842
580 972
580 1710
580 1838
581 1090
581 1287
582 630
582 776
582 829
582 1160
582 1165
583 890
583 1044
583 1370
584 1144
584 1709
584 1780
585 698
585 943
585 1113
585 1341
585 1677
585 1691
585 1707
585 1811
585 1911
586 894
586 1282
586 1662
587 1298
587 1306
587 1583
588 1316
588 1403
588 1473
588 1741
589 779
589 1579
589 1879
590 930
590 1108
590 1204
590 1222
590 1645
590 1816
591 843
591 1149
591 1606
591 1835
592 652
592 1060
592 1106
592 1271
592 1871
593 741
593 1219
593 1806
594 915
594 1851
594 1997
595 1318
595 1333
595 1476
595 1588
595 1909
596 777
597 1110
597 1347
597 1440
597 1821
597 1993
598 1120
598 1169
598 1445
598 1761
599 1366
601 760
601 1032
601 1705
601 1856
603 1375
604 637
604 860
604 898
604 992
604 1143
604 1151
604 1434
604 1597
604 1618
604 1936
605 1036
605 1280
605 1847
606 1592
607 800
607 1227
607 1527
608 1160
608 1251
608 1298
608 1371
608 1756
609 625
609 777
609 956
610 760
610 799
610 1652
611 850
612 1088
612 1706
612 1800
613 1743
613 1836
613 1875
613 1945
614 643
614 1365
615 1231
615 1771
615 1958
616 740
616 1050
616 1239
616 1887
617 776
617 951
617 1152
618 771
618 1014
618 1362
618 1777
619 811
619 1395
619 1417
620 1798
620 1954
621 1009
621 1159
621 1704
621 1827
622 816
622 881
622 1895
623 955
623 1025
623 1427
624 1108
625 655
625 730
625 1198
625 1549
626 640
626 946
626 1275
626 1555
626 1616
626 1754
627 684
627 1037
627 1241
628 712
628 1014
628 1351
628 1601
628 1827
629 1288
629 1504
630 930
630 1839
631 672
631 830
631 903
631 977
631 1418
631 1649
631 1894
631 1948
632 813
632 1049
632 1398
632 1742
633 741
633 1658
633 1950
634 886
634 1285
634 1564
634 1584
635 939
635 1195
637 828
637 974
637 1624
637 1962
638 854
638 866
638 879
638 931
638 1141
638 1355
638 1870
639 1423
639 1587
640 659
640 1006
640 1009
640 1012
640 1431
640 1436
640 1693
640 1917
641 959
641 1171
641 1319
642 813
642 991
643 1350
643 1997
644 880
644 1832
645 831
646 827
646 1298
646 1699
646 1776
647 875
647 1477
647 1941
647 1995
648 691
648 692
648 1070
648 1300
648 1701
649 785
649 926
649 1007
650 797
650 810
650 890
650 1351
650 1745
651 1005
651 1098
651 1468
652 1019
652 1186
653 1139
653 1189
653 1360
653 1421
653 1483
653 1745
653 1768
654 665
654 820
654 1429
654 1885
655 989
655 1346
656 1781
656 1795
657 677
657 813
657 1241
657 1271
657 1426
658 1363
658 1664
658 1786
658 1901
659 685
659 1337
659 1468
659 1478
659 1841
660 1295
660 1533
661 702
661 703
661 1321
661 1686
662 1346
662 1681
662 1865
662 1986
663 1379
663 1962
663 1968
664 728
665 1014
665 1574
665 1754
665 1975
666 790
666 1092
666 1859
666 1960
667 846
667 895
667 1233
667 1996
668 1375
669 1209
669 1417
669 1561
669 1658
669 1800
670 809
670 1095
670 1436
670 1448
670 1557
671 988
671 1233
671 1423
671 1954
671 1955
672 1256
672 1261
672 1616
673 695
673 973
673 1062
673 1117
673 1864
674 714
674 794
674 1389
676 700
676 1277
676 1416
676 1417
676 1733
677 1275
677 1292
678 782
678 970
678 994
678 1234
678 1486
678 1535
679 1348
679 1414
679 1449
679 1563
679 1746
680 687
680 1194
680 1343
680 1678
681 1761
682 726
682 828
682 836
682 1732
682 1993
683 1073
683 1390
683 1395
683 1741
684 1081
684 1964
685 980
686 837
686 1474
686 1502
686 1785
686 1886
687 1305
687 1509
688 1187
688 1349
688 1821
689 1003
689 1113
689 1419
689 1673
689 1988
690 1748
690 1864
691 722
691 1171
691 1302
691 1484
691 1853
691 1987
692 1266
692 1568
692 1901
693 1354
694 1176
695 1564
695 1984
696 1224
696 1309
696 1404
696 1771
697 715
697 919
697 1087
697 1812
698 1042
698 1363
698 1370
699 1285
699 1386
700 860
700 1004
700 1677
701 862
702 819
702 1137
702 1320
702 1323
702 1325
702 1426
702 1937
703 728
703 1050
703 1349
703 1366
703 1877
704 1303
704 1369
704 1424
704 1944
706 1499
707 1386
707 1427
707 1428
707 1595
707 1619
707 1784
708 775
708 1031
708 1528
708 1602
709 1356
710 1080
711 825
711 826
711 1061
711 1831
711 1864
712 790
712 844
712 1212
713 796
713 894
713 1080
713 1174
713 1622
715 737
715 988
715 1227
715 1804
716 1096
716 1438
716 1560
716 1893
717 1316
717 1364
717 1424
717 1742
718 1282
718 1843
719 886
719 1534
719 1576
719 1738
719 1829
720 1220
720 1637
720 1782
721 935
721 1086
721 1826
722 765
722 1306
722 1312
722 1618
723 965
723 1290
724 733
724 844
724 1180
724 1399
724 1619
724 1843
724 1860
725 1153
726 1110
726 1537
727 917
727 1047
728 1819
728 1989
729 871
729 947
729 1147
729 1271
729 1666
729 1701
730 1624
730 1659
730 1787
731 761
731 1121
731 1771
732 1191
732 1254
732 1303
733 1202
733 1450
733 1980
734 825
734 1817
735 1231
735 1555
735 1667
736 769
736 1236
736 1251
736 1564
737 1465
738 1299
738 1720
739 1041
739 1375
739 1386
739 1508
739 1838
740 918
740 976
741 845
741 885
741 941
741 961
741 1069
741 1504
741 1957
742 1416
743 1179
743 1441
743 1504
743 1940
744 1053
744 1438
745 757
745 1390
745 1402
745 1445
745 1887
746 771
746 912
746 1084
746 1096
746 1161
746 1583
746 1893
747 779
747 867
747 890
747 911
747 1219
747 1680
747 1773
747 1780
747 1791
748 1215
748 1265
748 1932
749 760
749 911
749 1115
749 1470
749 1824
749 1841
749 1890
749 1933
750 1338
750 1795
750 1814
751 1124
751 1910
751 1992
752 783
752 938
752 1209
752 1238
752 1364
753 1035
753 1257
753 1584
754 1619
754 1660
754 1855
755 1503
755 1845
756 779
756 1439
756 1516
756 1543
756 1553
757 1731
758 1300
759 978
759 1032
759 1106
759 1956
760 1077
760 1741
761 844
761 882
761 1910
762 1198
762 1761
763 932
763 1881
764 981
764 1792
764 1849
764 1857
764 1920
765 816
765 1066
765 1304
765 1747
765 1941
765 1948
766 1297
766 1668
766 1825
767 884
767 1308
767 1422
767 1488
767 1544
767 1593
767 1749
768 860
768 1615
768 1773
768 1900
769 1678
770 919
770 971
770 1073
770 1191
770 1396
770 1597
770 1619
771 1365
771 1758
772 780
772 1147
773 916
773 1633
773 1803
774 1757
774 1828
774 1932
775 887
775 1654
775 1698
775 1897
776 961
776 1601
776 1733
777 1058
777 1126
778 1371
779 1005
779 1354
779 1465
779 1491
779 1528
780 969
780 1002
781 908
781 1262
781 1823
782 1602
784 1617
784 1886
785 997
785 1374
785 1396
785 1983
786 960
786 1262
786 1298
786 1407
786 1444
786 1529
787 1224
787 1694
788 933
788 1045
788 1074
788 1350
788 1479
788 1623
788 1799
788 1828
789 1181
789 1191
789 1601
789 1672
789 1720
789 1753
790 1602
790 1728
791 1453
792 804
792 984
792 1712
792 1947
793 951
793 1163
793 1244
793 1311
793 1351
793 1739
793 1750
794 1350
795 1377
795 1598
795 1866
795 1918
796 843
796 1203
796 1462
796 1550
796 1768
797 894
797 1070
797 1231
797 1560
797 1667
797 1809
798 954
798 1066
798 1737
798 1980
799 1105
799 1522
800 1087
800 1798
800 1896
800 1919
800 1975
801 1099
801 1251
801 1390
801 1852
802 1877
803 1043
803 1200
803 1855
804 959
804 1052
804 1139
804 1725
805 1287
805 1896
805 1920
806 845
806 878
806 1005
806 1058
806 1300
806 1494
806 1952
806 1972
807 1236
808 1399
808 1501
808 1975
809 1035
809 1053
809 1239
809 1368
810 1599
811 818
811 977
811 1700
811 1873
812 939
812 1073
813 1549
813 1808
814 944
814 1242
814 1306
814 1666
814 1990
815 862
815 894
815 904
815 1621
815 1690
815 1799
816 869
816 1239
816 1476
817 1216
817 1427
817 1477
819 1148
819 1374
819 1926
819 1950
819 1958
820 860
820 1398
820 1480
821 1012
821 1496
822 849
822 1199
822 1445
822 1902
823 903
823 1313
823 1486
823 1518
824 1944
825 1237
825 1464
825 1544
826 963
826 1630
826 1924
826 1990
827 845
827 1253
827 1826
827 1860
828 1669
828 1908
828 1984
829 1512
829 1572
831 1555
831 1836
832 1001
832 1023
832 1240
832 1323
833 1418
833 1978
834 1991
835 1072
835 1479
837 1678
837 1837
838 1158
838 1239
838 1459
839 1635
839 1647
839 1765
839 1955
840 1901
842 1001
842 1335
843 867
843 957
843 1063
843 1365
843 1478
844 959
844 1308
844 1712
845 1230
845 1767
847 962
847 1169
848 1349
849 1198
849 1589
849 1843
850 1653
850 1699
850 1888
850 1926
851 858
851 1203
851 1346
851 1931
852 972
852 1835
852 1896
853 1108
854 1512
854 1765
856 871
856 983
856 1392
856 1409
856 1442
856 1726
856 1953
857 1161
857 1426
857 1695
858 1135
859 1464
859 1806
859 1814
860 900
860 1091
860 1581
860 1960
862 1417
863 1562
863 1687
864 885
864 1399
864 1880
865 1449
865 1681
866 908
866 929
866 1001
866 1099
866 1111
866 1652
866 1828
866 1945
866 1980
867 1661
868 1005
868 1141
868 1290
868 1690
868 1851
869 1116
869 1658
869 1728
869 1892
870 1956
871 1493
873 1271
873 1434
873 1467
874 1458
874 1516
875 1375
875 1490
875 1733
876 1120
876 1252
876 1668
876 1677
877 1093
878 917
878 1833
878 1983
879 900
879 1008
879 1243
879 1585
880 1357
880 1851
880 1869
880 1893
881 1131
881 1242
881 1604
882 1001
883 1208
884 1133
884 1392
884 1499
884 1584
884 1663
884 1808
885 1518
885 1542
885 1826
885 1909
886 982
886 1448
886 1928
887 1291
887 1836
887 1911
888 923
888 1699
889 1544
889 1586
889 1767
890 976
890 1263
890 1282
890 1750
890 1765
891 967
891 1612
892 912
892 1446
892 1586
892 1807
893 1019
893 1665
894 992
894 1151
894 1240
894 1247
895 1050
895 1355
895 1763
895 1983
896 1191
897 1413
897 1435
897 1669
898 1293
898 1301
898 1511
898 1804
898 1830
899 1135
899 1514
900 925
901 1927
903 1032
903 1433
904 1671
905 984
905 1798
905 1841
906 1047
906 1284
906 1646
907 1254
908 1000
908 1163
908 1541
908 1660
909 910
909 1980
910 970
910 1722
910 1829
910 1891
910 1919
913 1045
913 1244
913 1783
914 954
914 978
915 1638
916 1056
916 1122
916 1375
916 1712
916 1938
916 1965
918 1289
918 1558
918 1654
918 1702
918 1812
919 1039
919 1182
919 1496
919 1874
920 1588
920 1639
920 1764
921 922
921 1045
921 1085
921 1455
922 1157
922 1687
923 1270
923 1447
923 1634
924 967
924 1212
924 1721
925 1292
925 1586
926 1422
926 1574
926 1860
926 1931
927 1167
927 1662
928 1148
928 1190
928 1436
928 1836
929 1123
929 1254
929 1481
929 1824
931 1034
931 1098
931 1465
931 1643
932 1765
933 1537
933 1626
934 965
934 1080
934 1505
935 973
935 1461
935 1842
935 1968
936 1205
936 1382
936 1678
937 1359
937 1361
937 1404
937 1923
938 1156
938 1209
938 1218
938 1264
938 1881
939 1009
939 1273
939 1408
940 1190
940 1982
941 1185
941 1422
941 1498
941 1506
941 1530
941 1619
941 1689
942 957
942 1330
942 1647
943 1009
943 1041
943 1329
943 1509
943 1648
943 1771
945 1378
945 1621
945 1653
947 1172
947 1293
948 1368
948 1411
948 1965
949 1266
949 1642
950 1176
950 1398
950 1540
951 1014
951 1372
951 1507
951 1638
952 1063
952 1678
952 1707
953 996
953 1345
953 1422
953 1531
953 1572
953 1787
954 976
954 1262
954 1670
955 1111
955 1209
955 1355
955 1785
955 1955
956 1076
956 1317
956 1538
956 1596
957 1098
957 1406
957 1603
958 1030
958 1184
958 1632
959 1257
959 1619
959 1926
960 1404
960 1576
960 1766
960 1835
961 1218
961 1221
962 1137
962 1385
962 1397
962 1653
962 1765
964 997
964 1618
964 1814
965 1164
966 1481
966 1681
966 1691
966 1748
967 1190
967 1704
967 1817
968 984
968 1184
968 1449
968 1654
968 1891
969 1128
969 1409
969 1421
969 1556
970 1015
970 1216
970 1295
971 1014
971 1049
971 1294
971 1481
971 1808
972 1058
972 1227
974 1050
974 1158
974 1164
974 1337
974 1991
975 1279
975 1909
976 1717
976 1899
977 1567
977 1735
980 1236
980 1546
980 1737
980 1801
981 1182
981 1225
981 1377
981 1379
981 1591
982 1892
983 996
983 1948
984 1047
984 1199
984 1215
984 1394
984 1466
985 1128
985 1238
985 1834
985 1962
986 1320
986 1732
988 1491
988 1543
989 1993
990 1650
990 1950
991 1179
991 1246
991 1299
991 1628
992 1738
992 1928
993 1684
994 1166
995 1619
995 1977
996 1135
996 1622
996 1827
996 1884
997 1135
997 1345
997 1897
998 1263
999 1401
999 1812
1000 1014
1000 1117
1000 1573
1000 1968
1001 1218
1002 1163
1002 1800
1004 1587
1004 1880
1005 1073
1005 1303
1005 1896
1006 1480
1006 1995
1007 1847
1008 1224
1008 1363
1008 1484
1008 1487
1008 1550
1008 1616
1008 1732
1008 1900
1009 1100
1009 1116
1009 1195
1009 1250
1010 1400
1011 1065
1011 1506
1011 1606
1011 1631
1011 1695
1012 1213
1012 1329
1012 1651
1013 1169
1013 1562
1013 1895
1014 1485
1014 1523
1014 1870
1015 1279
1015 1428
1015 1885
1016 1051
1016 1656
1018 1153
1018 1183
1018 1249
1018 1402
1018 1798
1018 1840
1019 1547
1019 1999
1020 1035
1020 1163
1020 1197
1021 1464
1021 1532
1021 1861
1021 1916
1022 1511
1022 1588
1023 1431
1023 1923
1024 1095
1024 1383
1024 1750
1024 1769
1025 1711
1026 1233
1027 1443
1027 1462
1027 1501
1027 1644
1027 1795
1029 1461
1029 1791
1029 1979
1030 1309
1030 1463
1030 1896
1031 1298
1031 1349
1031 1708
1031 1721
1032 1406
1032 1540
1032 1663
1032 1697
1032 1779
1032 1858
1032 1959
1033 1267
1034 1988
1035 1455
1035 1708
1036 1316
1036 1503
1036 1592
1036 1780
1037 1183
1037 1241
1037 1702
1038 1263
1038 1979
1039 1130
1039 1289
1039 1305
1039 1570
1039 1763
1039 1783
1041 1532
1041 1544
1042 1129
1042 1398
1042 1696
1042 1887
1044 1090
1044 1116
1044 1307
1044 1938
1045 1333
1045 1761
1046 1513
1046 1615
1046 1804
1047 1182
1047 1427
1049 1191
1049 1251
1049 1802
1049 1961
1050 1267
1050 1466
1050 1913
1051 1340
1051 1637
1051 1901
1053 1365
1054 1276
1054 1473
1054 1907
1055 1216
1056 1126
1056 1397
1056 1750
1057 1286
1057 1784
1058 1185
1058 1414
1059 1175
1059 1386
1059 1577
1060 1258
1060 1371
1060 1399
1060 1544
1061 1525
1061 1662
1061 1929
1062 1220
1062 1247
1063 1383
1063 1771
1063 1812
1063 1950
1064 1235
1064 1491
1064 1653
1065 1571
1065 1840
1066 1071
1066 1164
1066 1620
1066 1711
1066 1812
1067 1491
1067 1609
1067 1692
1067 1995
1068 1150
1068 1319
1068 1510
1068 1620
1068 1750
1069 1553
1069 1641
1069 1850
1070 1546
1070 1886
1071 1231
1071 1312
1071 1482
1072 1164
1072 1227
1073 1492
1073 1631
1073 1833
1074 1420
1074 1692
1075 1286
1076 1718
1077 1711
1078 1433
1078 1700
1079 1330
1079 1465
1080 1203
1082 1333
1082 1368
1082 1872
1084 1402
1084 1707
1085 1468
1085 1706
1086 1089
1086 1899
1087 1862
1089 1562
1089 1919
1090 1161
1090 1525
1091 1211
1091 1435
1091 1852
1092 1944
1092 1951
1093 1711
1094 1261
1094 1270
1094 1294
1095 1132
1097 1270
1097 1333
1097 1369
1097 1404
1097 1405
1097 1498
1097 1715
1098 1826
1099 1593
1100 1110
1100 1379
1100 1962
1101 1145
1102 1148
1102 1212
1102 1807
1104 1332
1104 1462
1104 1477
1104 2000
1105 1325
1106 1872
1107 1544
1110 1127
1110 1170
1110 1203
1110 1499
1112 1472
1112 1971
1113 1158
1113 1170
1113 1369
1114 1519
1114 1664
1114 1937
1115 1751
1116 1271
1116 1763
1117 1149
1117 1896
1118 1133
1118 1234
1118 1275
1118 1423
1118 1710
1119 1857
1119 1980
1121 1704
1121 1891
1121 1913
1122 1624
1122 1649
1123 1421
1123 1622
1124 1339
1124 1580
1124 1763
1124 1843
1125 1137
1125 1199
1125 1812
1125 1919
1126 1389
1126 1590
1127 1297
1127 1842
1128 1284
1129 1504
1129 1862
1130 1206
1130 1404
1130 1617
1130 1869
1131 1266
1131 1915
1132 1141
1132 1243
1132 1346
1132 1632
1132 1877
1132 1972
1133 1174
1134 1314
1134 1580
1134 1684
1135 1718
1135 1762
1136 1202
1136 1296
1136 1783
1136 1854
1137 1683
1137 1767
1138 1437
1138 1438
1138 1552
1140 1408
1140 1595
1140 1975
1141 1809
1141 1993
1142 1698
1143 1210
1143 1617
1143 1717
1143 1764
1143 1954
1145 1221
1145 1876
1146 1386
1146 1763
1149 1438
1149 1786
1149 1841
1150 1287
1150 1785
1150 1907
1150 1990
1151 1712
1151 1829
1151 1935
1152 1396
1152 1472
1153 1930
1154 1242
1154 1260
1154 1423
1154 1859
1154 1862
1154 1946
1155 1856
1156 1679
1156 1833
1157 1741
1159 1514
1159 1569
1160 1945
1161 1259
1161 1261
1161 1938
1162 1461
1162 1691
1162 1728
1162 1782
1163 1795
1163 1949
1164 1207
1164 1279
1164 1902
1164 1923
1166 1378
1167 1270
1167 1425
1167 1537
1167 1568
1169 1283
1169 1848
1170 1654
1171 1206
1171 1772
1172 1360
1172 1484
1172 1720
1173 1911
1174 1345
1174 1372
1174 1583
1174 1767
1174 2000
1175 1617
1176 1494
1176 1815
1176 1969
1178 1401
1178 1983
1179 1597
1179 1967
1180 1585
1180 1744
1180 1857
1181 1241
1181 1454
1181 1941
1182 1623
1183 1310
1184 1890
1184 1968
1185 1545
1185 1654
1186 1691
1187 1471
1188 1366
1188 1590
1189 1229
1189 1326
1190 1565
1190 1723
1190 1792
1191 1589
1191 1600
1192 1378
1192 1961
1193 1200
1194 1215
1194 1265
1194 1383
1194 1415
1194 1511
1194 1727
1194 1835
1195 1265
1195 1586
1195 1750
1196 1312
1196 1739
1196 1858
1196 1864
1197 1303
1197 1397
1197 1738
1198 1719
1200 1468
1201 1369
1201 1460
1201 1511
1201 1591
1202 1479
1202 1747
1203 1237
1203 1767
1204 1744
1205 1237
1205 1244
1205 1454
1206 1215
1206 1462
1207 1233
1207 1634
1208 1430
1208 1458
1209 1523
1209 1986
1210 1496
1212 1519
1212 1620
1212 1737
1214 1301
1214 1325
1214 1337
1214 1342
1215 1227
1215 1266
1215 1333
1215 1463
1216 1676
1216 1898
1216 1960
1217 1498
1218 1287
1218 1321
1219 1474
1219 1915
1221 1905
1222 1654
1223 1780
1225 1329
1225 1459
1225 1510
1225 1942
1225 1972
1226 1616
1226 1697
1227 1545
1227 1578
1227 1660
1227 1927
1228 1270
1228 1386
1228 1543
1228 1622
1228 1916
1229 1254
1229 1295
1229 1437
1229 1636
1229 1725
1229 1883
1230 1814
1230 1922
1232 1507
1232 1529
1233 1756
1234 1710
1235 1994
1236 1417
1237 1975
1239 1599
1240 1389
1241 1528
1242 1316
1242 1376
1243 1321
1243 1837
1243 1945
1243 1948
1245 1533
1245 1628
1247 1707
1248 1356
1248 1439
1248 1620
1249 1347
1249 1676
1250 1577
1250 1783
1251 1316
1251 1558
1251 1860
1251 1997
1252 1798
1253 1342
1254 1655
1254 1898
1255 1434
1255 1697
1257 1263
1257 1932
1257 1960
1258 1287
1258 1873
1259 1440
1260 1738
1261 1300
1261 1338
1261 1441
1261 1819
1262 1479
1264 1602
1264 1767
1265 1981
1266 1787
1267 1435
1267 1745
1267 1933
1268 1503
1268 1772
1269 1915
1270 1288
1270 1858
1270 1949
1273 1340
1273 1379
1273 1384
1273 1859
1275 1531
1275 1923
1277 1322
1277 1606
1277 1659
1277 1956
1278 1819
1278 1896
1279 1478
1280 1440
1280 1605
1282 1557
1282 1607
1282 1722
1282 1822
1283 1286
1283 1826
1283 1995
1284 1457
1285 1514
1286 1471
1286 1544
1286 1632
1288 1649
1288 1838
1289 1803
1290 1825
1291 1331
1291 1594
1291 1596
1293 1531
1293 1682
1293 1831
1293 1940
1294 1527
1294 1601
1294 1785
1295 1660
1295 1973
1296 1800
1296 1880
1297 1305
1297 1313
1297 1872
1298 1425
1298 1986
1299 1402
1299 1536
1300 1661
1300 1946
1301 1385
1301 1585
1301 1687
1302 1804
1302 1961
1302 1962
1303 1523
1304 1784
1307 1649
1307 1679
1308 1507
1310 1390
1310 1468
1311 1427
1311 1921
1311 1951
1312 1369
1312 1788
1313 1383
1313 1796
1313 1816
1314 1519
1314 1833
1314 1896
1315 1705
1315 1895
1316 1659
1316 1737
1316 1872
1318 1409
1319 1959
1320 1342
1320 1578
1320 1792
1321 1388
1321 1788
1322 1441
1322 1476
1322 1610
1323 1374
1323 1553
1324 1899
1325 1466
1325 1537
1326 1789
1326 1853
1327 1560
1328 1336
1328 1379
1328 1473
1328 1560
1328 1646
1328 1793
1328 1835
1329 1335
1329 1787
1329 1794
1330 1458
1330 1693
1331 1493
1331 1533
1332 1406
1333 1782
1334 1352
1334 1519
1334 1831
1335 1381
1335 1549
1335 1564
1335 1602
1335 1900
1336 1586
1336 1890
1337 1811
1337 1851
1337 1947
1338 1415
1338 1897
1340 1434
1340 1494
1340 1503
1341 1433
1341 1625
1341 1851
1342 1738
1342 1872
1343 1514
1343 1561
1343 1992
1344 1493
1344 1551
1344 1779
1345 1378
1345 1483
1345 1873
1346 1389
1346 1546
1346 1584
1347 1443
1347 1623
1348 1886
1349 1451
1349 1472
1349 1722
1349 1903
1350 1948
1352 1595
1352 1918
1353 1652
1353 1723
1354 1785
1355 1583
1355 1639
1358 1459
1358 1647
1358 1723
1358 1736
1359 1561
1359 1945
1360 1951
1361 1781
1363 1469
1363 1539
1364 1468
1365 1468
1365 1473
1366 1621
1367 1776
1367 1911
1368 1371
1368 1504
1368 1936
1369 1833
1370 1589
1370 1611
1371 1515
1371 1927
1372 1632
1372 1984
1374 1831
1375 1939
1376 1419
1376 1612
1377 1448
1378 1607
1379 1631
1379 1869
1381 1587
1381 1795
1382 1992
1385 1886
1385 1964
1386 1637
1386 1946
1387 1485
1387 1532
1387 1662
1387 1767
1387 1779
1387 1964
1388 1851
1389 1449
1392 1543
1392 1558
1392 1719
1393 1747
1396 1987
1397 1726
1397 1866
1397 1989
1398 1967
1399 1540
1399 1979
1400 1972
1400 1976
1400 1992
1401 1502
1401 1505
1401 1703
1401 1819
1403 1807
1404 1582
1405 1410
1405 1507
1405 1750
1405 1888
1405 1937
1406 1437
1406 1999
1407 1585
1408 1866
1409 1695
1410 1697
1410 1846
1412 1443
1412 1556
1412 1754
1412 1769
1413 1963
1415 1909
1416 1633
1418 1579
1418 1803
1419 1478
1419 1516
1419 1721
1419 1874
1420 1455
1420 1649
1420 1933
1420 1938
1422 1504
1422 1931
1423 1656
1424 1435
1424 1491
1424 1778
1425 1717
1426 1455
1427 1450
1427 1637
1427 1756
1427 1889
1428 1833
1428 1977
1429 1605
1429 1652
1429 1691
1429 1927
1429 1976
1431 1850
1432 1516
1432 1676
1432 1902
1433 1443
1433 1844
1433 1875
1433 1931
1435 1442
1435 1772
1435 1977
1436 1817
1436 1947
1437 1562
1437 1797
1438 1709
1439 1916
1440 1464
1440 1912
1441 1538
1442 1829
1443 1907
1444 1658
1445 1875
1446 1529
1447 1854
1447 1882
1448 1460
1449 1932
1450 1734
1450 1996
1451 1726
1452 1538
1452 1911
1453 1606
1453 1659
1454 1891
1455 1494
1456 1592
1457 1708
1457 1856
1457 1968
1458 1915
1459 1743
1459 1924
1461 1589
1461 1633
1461 1935
1463 1723
1463 1842
1463 1934
1464 1925
1465 1559
1465 1850
1467 1964
1468 1989
1470 1705
1471 1657
1472 1737
1473 1498
1473 1555
1475 1550
1475 1606
1476 1728
1478 1556
1478 1597
1479 1802
1480 1557
1480 1778
1481 1698
1482 1781
1482 1920
1483 1940
1484 1574
1484 1974
1485 1647
1485 1740
1487 1508
1487 1648
1487 1660
1487 1734
1487 1805
1488 1735
1489 1866
1490 1542
1490 1861
1491 1532
1492 1645
1492 1991
1493 1527
1495 1791
1495 1818
1495 1894
1495 1928
1496 1810
1498 1509
1498 1702
1498 1943
1499 1594
1499 1773
1499 1837
1499 1847
1499 1916
1500 1944
1502 1931
1503 1857
1503 1976
1504 1668
1504 1826
1505 1946
1505 1972
1506 1578
1506 1618
1507 1511
1507 1949
1508 1834
1512 1517
1512 1621
1512 1674
1512 1682
1512 1917
1513 1750
1515 1681
1515 1935
1516 1539
1516 1715
1516 1993
1517 1581
1517 1777
1520 1678
1520 1962
1521 1619
1521 1677
1521 1688
1521 1777
1521 1846
1524 1751
1526 1591
1526 1594
1526 1694
1527 1772
1527 1945
1528 1580
1528 1616
1528 1687
1528 1807
1528 1908
1529 1550
1529 1968
1530 1850
1531 1943
1532 1790
1533 1629
1533 1980
1533 1989
1533 1999
1534 1663
1534 1814
1536 1646
1536 1715
1536 1721
1537 1543
1537 1571
1538 1851
1539 1898
1541 1950
1544 1639
1544 1870
1544 1891
1547 1574
1547 1583
1548 1745
1548 1881
1549 1598
1549 1608
1549 1670
1549 1870
1550 1866
1550 1926
1551 1963
1552 1799
1552 1826
1552 1936
1554 1807
1554 1815
1554 1928
1554 1950
1555 1572
1557 1712
1558 1780
1558 1970
1558 1971
1559 1950
1559 1956
1560 1653
1560 1765
1560 1917
1561 1751
1561 1848
1562 1742
1562 1891
1562 1987
1563 1810
1563 1937
1564 1699
1565 1679
1567 1584
1569 1614
1569 1809
1570 1824
1573 1797
1575 1648
1575 1876
1577 1696
1579 1851
1580 1953
1583 1960
1586 1749
1587 1624
1587 1777
1587 1978
1588 1805
1588 1937
1588 1963
1588 1968
1590 1819
1592 1631
1592 1646
1593 1901
1593 1914
1593 1946
1595 1601
1595 1747
1595 1816
1596 1992
1598 1601
1598 1681
1600 1961
1602 1643
1603 1772
1605 1685
1605 1855
1609 1807
1609 1956
1610 1677
1612 1843
1613 1721
1613 1787
1615 1906
1616 1628
1617 1817
1618 2000
1619 1704
1619 1783
1621 1896
1622 1981
1624 1986
1625 1776
1625 1787
1626 1753
1627 1710
1627 1853
1628 1716
1628 1751
1629 2000
1631 1650
1631 1887
1633 1996
1637 1721
1637 1841
1637 1852
1638 1756
1638 1930
1641 1841
1643 1898
1646 1963
1648 1775
1649 1756
1649 1901
1653 1723
1654 1754
1655 1900
1658 1941
1660 1966
1661 1763
1662 1845
1663 1864
1669 1805
1671 1836
1672 1834
1673 1994
1674 1739
1674 1768
1675 1868
1675 1905
1679 1769
1679 1926
1680 1954
1683 1980
1685 1699
1687 1690
1687 1726
1691 1744
1691 1922
1692 1905
1692 1958
1693 1880
1694 1983
1694 1991
1696 1701
1697 1737
1698 1736
1698 1782
1699 1729
1699 1866
1699 1981
1702 1939
1705 1751
1705 1798
1705 1934
1705 1945
1706 1800
1708 1987
1711 1890
1711 1960
1714 1791
1714 1954
1715 1758
1721 1927
1722 1954
1723 1796
1723 1875
1725 1993
1726 1875
1726 1886
1727 1851
1728 1793
1732 1992
1734 1922
1735 1807
1737 1876
1738 1964
1739 1788
1741 1782
1741 1854
1742 1892
1746 1874
1757 1972
1758 1909
1763 1766
1764 1991
1765 1865
1765 1932
1765 1936
1765 1949
1766 1780
1767 1912
1768 1769
1769 1795
1772 1822
1772 1899
1773 1816
1777 1881
1777 1979
1779 1834
1780 1828
1780 1918
1780 1960
1781 1869
1781 1997
1784 1922
1785 1889
1785 1923
1785 1976
1786 1885
1787 1882
1789 1966
1790 1894
1793 1840
1800 1992
1801 1981
1803 1909
1805 1840
1808 1966
1817 1852
1818 1888
1819 1954
1820 1961
1827 1851
1828 1941
1828 1991
1830 1890
1832 1861
1832 1951
1832 1958
1833 1855
1835 1836
1837 1845
1838 1883
1840 1860
1847 1932
1851 1996
1854 1952
1859 1880
1859 1881
1866 1918
1874 1986
1878 1895
1880 1974
1881 1963
1893 1942
1894 1930
1898 1923
1899 1994
1900 1901
1903 1938
1921 1925
1924 1926
1926 1952
1927 1932
1938 1969
1944 1984
1947 1959
1949 1957
1950 1993
1955 1958
1956 1982
1967 1986