2000
1 130
1 576
1 1020
1 1365
1 1422
1 1442
1 1956
1 1962
2 111
2 274
2 523
2 528
2 1361
2 1763
2 1958
3 403
3 605
3 758
3 790
3 904
4 55
4 265
4 405
4 524
4 562
4 1147
4 1351
4 1370
4 1476
4 1629
5 161
5 747
5 764
5 794
5 1007
5 1645
5 1695
6 406
6 763
6 904
6 1074
6 1141
6 1201
6 1316
6 1472
6 1753
6 1856
7 50
7 172
7 269
7 373
7 464
7 1073
7 1772
8 55
8 408
8 970
8 1117
8 1226
8 1338
8 1497
8 1647
9 240
9 325
9 630
9 1449
9 1598
10 66
10 297
10 925
10 954
10 1230
10 1343
10 1361
10 1503
10 1598
10 1628
11 581
11 618
11 624
11 1251
11 1261
12 32
12 953
12 1161
12 1776
13 179
13 655
13 1036
13 1126
13 1170
13 1219
13 1243
13 1264
13 1572
13 1588
13 1665
14 189
14 203
14 210
14 663
14 709
14 729
14 822
14 866
14 1241
14 1508
14 1663
14 1785
14 1807
14 1829
15 17
15 47
15 580
15 1033
15 1050
15 1236
15 1268
15 1347
15 1832
15 1862
15 1893
15 1903
15 1983
16 508
16 1248
16 1375
16 1588
16 1703
16 1897
16 1934
16 1963
16 1997
17 430
17 618
17 1248
17 1395
17 1396
17 1772
17 1960
18 117
18 527
18 674
18 1354
18 1588
19 202
19 226
19 374
19 385
19 581
19 597
19 726
19 1038
19 1126
19 1569
20 1180
20 1526
20 1943
21 171
21 335
21 631
21 708
21 754
21 1302
21 1478
21 1569
22 214
22 429
22 571
22 605
22 1538
22 1618
22 1788
22 1946
23 51
23 124
23 498
23 736
23 771
23 1023
23 1195
23 1575
23 1903
23 1999
24 294
24 305
24 412
24 1062
24 1400
24 1406
24 1555
24 1735
24 1886
25 138
25 187
25 460
25 468
25 665
25 1136
25 1219
25 1459
25 1976
26 255
26 874
26 947
26 1000
26 1211
26 1257
26 1360
26 1409
26 1497
26 1574
26 1822
27 121
27 137
27 296
27 438
27 458
27 514
27 676
27 972
27 1312
27 1694
27 1828
27 1875
28 240
28 252
28 1229
28 1272
28 1398
28 1529
28 1545
28 1830
29 121
29 160
29 439
29 489
29 647
29 819
29 922
29 1101
29 1434
29 1435
29 1838
30 110
30 179
30 222
30 467
30 472
30 802
30 899
30 1036
30 1138
30 1159
30 1411
30 1578
30 1957
31 477
31 563
31 748
31 863
31 1070
31 1495
31 1534
31 1564
31 1592
31 1634
31 1753
31 1803
31 1882
32 168
32 267
32 462
32 1157
32 1292
32 1395
32 1566
32 1773
33 535
33 1302
33 1354
33 1431
33 1706
33 1788
33 1790
33 1912
34 380
34 846
34 888
34 931
34 1189
34 1261
34 1412
34 1458
34 1517
34 1638
34 1700
34 1717
34 1806
35 116
35 1063
35 1381
35 1658
35 1833
35 1908
36 90
36 189
36 429
36 1306
36 1824
37 226
37 272
37 434
37 740
37 1079
37 1210
37 1562
37 1615
38 843
38 1728
39 392
39 601
39 1324
39 1404
39 1648
39 1795
39 1829
39 1851
39 1899
40 148
40 930
40 1278
40 1289
40 1295
40 1527
40 1592
41 85
41 181
41 190
41 360
41 1331
41 1979
42 291
42 555
42 1022
42 1055
42 1506
42 1851
43 172
43 219
43 409
43 815
43 1141
43 1268
43 1342
43 1390
43 1429
43 1601
43 1655
43 1686
44 140
44 335
44 451
44 467
44 566
44 685
44 1025
44 1499
44 1647
44 1685
44 1731
44 1780
44 1821
45 174
45 258
45 880
45 1112
45 1357
45 1669
45 1738
45 1775
45 1862
46 322
46 1081
46 1083
47 271
47 610
47 768
47 939
47 1126
47 1564
47 1707
48 914
48 1157
48 1326
48 1634
48 1710
48 1888
48 1948
49 368
49 377
49 843
49 846
49 1970
50 247
50 293
50 352
50 564
50 817
50 863
50 889
50 902
50 919
50 1036
50 1338
51 778
51 1115
51 1690
51 1824
52 292
52 946
52 974
53 149
53 589
53 725
53 1058
53 1064
53 1181
53 1207
53 1254
53 1339
53 1545
53 1698
53 1754
54 110
54 585
54 671
54 1119
54 1400
54 1608
54 1759
54 1827
55 143
55 150
55 242
55 521
55 818
55 961
55 1007
55 1571
56 246
56 364
56 624
56 733
56 1098
56 1194
57 147
57 274
57 434
57 606
57 659
57 692
57 1467
57 1787
58 162
58 547
58 637
58 1011
58 1269
58 1416
58 1623
58 1815
58 1955
59 90
59 719
59 810
59 847
59 851
59 1269
59 1310
59 1629
60 820
60 1060
60 1156
60 1181
60 1301
60 1425
60 1893
61 137
61 231
61 598
61 1109
61 1391
61 1616
61 1707
61 1958
62 300
62 501
62 650
62 1100
62 1329
62 1403
62 1451
62 1614
62 1640
62 1872
63 68
63 141
63 274
63 280
63 291
63 394
63 709
63 802
63 1329
63 1394
64 309
64 586
64 705
64 1161
64 1229
64 1274
64 1477
64 1617
64 1943
65 500
65 666
65 897
65 920
65 1004
65 1283
65 1535
65 1686
66 70
66 345
66 498
66 606
66 942
66 960
66 1185
66 1234
66 1295
66 1361
66 1594
66 1648
66 1937
67 618
67 1203
67 1518
67 1721
67 1901
67 1967
68 401
68 468
68 903
68 930
68 969
68 972
68 1125
68 1270
68 1305
68 1403
68 1638
68 1715
68 1918
69 335
69 391
69 481
69 501
69 566
69 605
69 692
69 747
69 830
69 1179
69 1501
70 188
70 203
70 277
70 553
70 1219
70 1586
70 1955
71 169
71 229
71 337
71 444
71 456
71 739
71 740
71 1201
71 1258
71 1488
71 1541
71 1962
71 1999
72 974
72 993
73 205
73 598
73 858
73 1420
73 1572
73 1631
73 1973
73 1982
74 230
74 235
74 666
74 1001
74 1086
74 1399
74 1435
74 1526
74 1741
74 1786
75 147
75 170
75 264
75 370
75 1261
75 1479
75 1951
76 100
76 105
76 221
76 523
76 865
76 1038
76 1061
76 1116
76 1344
76 1538
76 1566
76 1619
77 319
77 914
77 1508
77 1579
77 1809
78 114
78 333
78 537
78 1081
78 1132
78 1384
78 1929
78 1968
79 326
79 634
79 947
79 1088
79 1099
79 1115
79 1492
79 1526
79 1888
79 1933
80 416
80 551
80 802
80 1152
80 1414
80 1521
80 1813
81 220
81 314
81 678
81 1077
81 1246
81 1330
81 1408
81 1508
81 1708
81 1860
82 493
82 723
82 904
82 972
82 1019
82 1159
82 1460
82 1465
82 1585
82 1767
82 1824
83 728
83 814
83 927
83 1374
83 1471
83 1556
83 1681
84 796
84 1130
84 1273
84 1736
84 1962
85 115
85 219
85 528
85 530
85 811
85 1243
85 1835
85 1974
86 421
86 1106
86 1140
86 1307
86 1339
86 1585
86 1697
86 1930
87 150
87 401
87 497
87 965
87 1277
87 1417
87 1560
87 1759
88 249
88 561
88 606
88 881
88 959
88 1006
88 1287
88 1421
88 1784
89 268
89 296
89 400
89 870
89 953
89 982
90 208
90 310
90 567
90 1069
90 1137
90 1222
90 1285
90 1350
90 1806
90 1910
91 441
91 503
91 703
91 1029
91 1330
91 1622
92 1056
92 1177
92 1293
92 1322
92 1759
92 1885
92 1957
93 470
93 645
93 791
93 1273
93 1419
93 1441
93 1716
93 1783
93 1804
93 1967
94 525
94 599
94 868
94 941
94 1835
95 223
95 286
95 301
95 407
95 749
95 928
95 1138
95 1253
95 1378
95 1509
95 1586
95 1816
95 1870
95 1968
95 1992
96 243
96 330
96 571
96 593
96 1180
96 1534
96 1541
97 159
97 669
97 710
97 948
97 980
97 1044
97 1334
97 1653
97 1656
97 1844
97 1855
97 1903
98 519
98 578
98 811
98 818
98 1069
98 1086
98 1455
98 1703
99 351
99 421
99 566
99 733
99 737
99 1623
99 1665
100 306
100 481
100 910
100 1039
100 1254
100 1382
101 221
101 289
101 694
101 739
101 1020
101 1392
101 1634
101 1794
102 1523
102 1630
102 1869
102 1990
103 565
103 608
103 753
103 768
103 797
103 1061
103 1432
103 1958
104 233
104 274
104 369
104 526
104 937
104 1452
104 1495
104 1502
104 1626
105 481
105 1322
105 1389
105 1672
105 1802
106 173
106 830
106 1407
106 1572
106 1784
107 166
107 711
107 871
107 892
108 965
108 1025
108 1450
108 1516
109 282
109 545
109 1055
109 1495
110 153
110 156
110 753
110 1216
110 1218
110 1290
110 1726
110 1843
111 186
111 264
111 510
111 815
111 912
111 1183
111 1242
111 1302
111 1343
111 1554
111 1800
111 1935
111 1985
112 545
112 880
112 1162
112 1179
112 1356
112 1450
112 1527
112 1656
112 1985
112 1994
113 251
113 262
113 346
113 424
113 488
113 632
113 1081
113 1251
113 1379
113 1639
113 1738
113 1848
114 736
114 740
114 1059
114 1346
114 1813
115 591
115 632
115 1192
116 187
116 191
116 1026
116 1041
116 1245
116 1567
116 1688
116 1838
116 1859
116 1863
117 146
117 309
117 358
117 466
117 786
117 901
117 1005
117 1393
117 1536
117 1628
118 413
118 512
118 542
118 563
118 567
118 727
118 1167
118 1208
118 1252
118 1957
119 471
119 1057
119 1104
119 1796
119 1821
120 391
120 417
120 476
120 571
120 956
120 1389
120 1572
120 1614
120 1710
120 1712
120 1731
120 1772
120 1980
121 827
121 1163
121 1319
121 1430
121 1675
121 1766
122 182
122 196
122 281
122 821
122 1128
122 1837
123 224
123 449
123 864
123 1009
123 1077
123 1175
123 1648
123 1934
124 213
124 228
124 530
124 804
124 1337
124 1571
124 1735
125 237
125 277
125 440
125 518
125 644
125 836
125 952
125 1004
125 1310
125 1343
125 1359
125 1744
126 524
126 534
126 592
126 602
126 1265
126 1345
127 192
127 763
127 1114
127 1356
127 1692
127 1775
127 1922
128 847
128 998
128 1156
128 1275
129 358
129 587
129 681
129 985
129 1565
130 293
130 635
130 1103
130 1391
130 1974
131 166
131 567
131 623
131 649
131 1505
131 1669
131 1870
131 1940
132 760
132 925
132 1510
132 1676
133 214
133 223
133 339
133 1029
133 1235
133 1569
133 1623
133 1686
133 1787
134 327
134 694
134 888
134 1010
134 1197
134 1506
134 1509
134 1576
134 1992
135 174
135 245
135 375
135 423
135 719
135 755
135 952
135 1262
135 1892
136 411
136 511
136 523
136 1144
136 1367
136 1622
136 1799
136 1928
137 531
137 1496
137 1533
137 1552
137 1555
137 1947
138 280
138 336
138 663
138 713
138 767
138 809
138 1378
138 1380
138 1790
138 1854
139 409
139 512
139 732
139 1016
139 1398
139 1538
139 1933
140 557
140 919
140 1262
140 1449
140 1731
140 1797
140 1917
141 256
141 399
141 420
141 555
141 792
141 1166
141 1471
141 1678
141 1729
142 226
142 295
142 313
142 338
142 557
142 642
142 693
142 711
142 840
142 869
142 982
142 1049
142 1103
142 1616
142 1783
142 1893
142 1911
143 352
143 463
143 1308
143 1535
143 1590
143 1757
143 1773
144 731
144 747
144 793
144 1214
144 1463
144 1748
144 1921
144 1962
145 224
145 307
145 976
145 1675
145 1742
145 1787
146 275
146 525
146 565
146 1287
146 1309
146 1387
146 1803
147 304
147 368
147 859
147 946
147 1177
147 1496
147 1616
147 1705
147 1833
148 640
148 913
148 934
148 989
148 1357
148 1648
148 1768
148 1904
148 1961
149 207
149 208
149 275
149 417
149 467
149 726
149 859
149 1275
149 1283
149 1992
150 344
150 536
150 782
150 785
150 916
150 1224
150 1361
150 1581
151 170
151 581
151 686
151 696
151 932
151 1077
151 1669
151 1733
151 1996
152 939
152 944
152 1062
152 1479
152 1734
153 992
153 1040
153 1373
154 1148
154 1395
155 175
155 200
155 463
155 800
155 1078
155 1141
155 1327
155 1612
156 345
156 743
156 938
156 1207
156 1363
156 1895
156 1967
157 170
157 731
157 894
157 1201
157 1483
157 1698
158 161
158 619
158 622
158 766
158 1013
158 1503
158 1682
158 1813
159 770
159 922
159 1078
159 1282
159 1373
160 312
160 601
160 867
160 945
160 1423
160 1689
161 196
161 201
161 354
161 689
161 846
161 987
161 1111
161 1116
161 1195
161 1322
161 1605
162 292
162 409
162 416
162 482
162 582
162 1065
162 1160
162 1173
162 1190
162 1263
162 1838
163 244
163 570
163 803
163 867
163 941
163 1078
163 1080
163 1083
163 1090
163 1393
163 1579
163 1644
163 1940
164 319
164 351
164 474
164 523
164 919
164 944
164 1078
164 1308
164 1364
164 1650
164 1851
165 301
165 810
165 915
165 1188
165 1342
165 1396
165 1498
165 1813
165 1921
166 267
166 396
166 579
166 603
166 859
166 951
166 1234
166 1364
166 1713
166 1714
167 286
167 452
167 702
167 995
167 1048
167 1202
167 1337
167 1440
167 1742
167 1842
168 287
168 309
168 422
168 645
168 838
168 906
168 980
168 982
168 1152
168 1404
168 1737
169 300
169 568
169 605
169 650
169 720
169 988
169 1137
169 1250
169 1732
169 1791
170 372
170 570
170 749
170 777
170 860
170 1252
170 1341
171 489
171 931
171 1155
171 1763
171 1902
172 1081
172 1246
172 1849
172 1874
173 268
173 446
173 847
173 910
173 980
173 1289
173 1306
173 1454
173 1715
174 943
174 1014
174 1074
174 1684
175 188
175 305
175 341
175 395
175 722
175 976
175 1383
176 191
176 331
176 537
176 704
176 712
176 772
176 801
176 906
176 1153
176 1422
176 1539
176 1566
177 389
177 431
177 624
177 644
177 811
177 993
177 995
177 1055
177 1294
177 1421
177 1618
177 1774
177 1949
178 653
178 814
178 1003
178 1032
178 1262
178 1345
178 1449
178 1453
178 1824
178 1927
179 185
179 399
179 438
179 482
179 1035
179 1498
179 1666
179 1669
179 1728
179 1770
180 357
180 494
180 854
180 943
180 1101
180 1251
180 1368
180 1526
180 1989
181 324
181 343
181 401
181 860
181 899
181 1189
181 1228
181 1620
182 387
182 561
182 676
182 829
182 856
182 925
182 1232
183 196
183 419
183 522
183 609
183 1044
183 1079
183 1147
183 1164
183 1529
183 1576
183 1612
183 1703
184 419
184 469
184 644
184 1204
184 1286
184 1685
185 261
185 633
185 746
185 903
185 1070
185 1171
185 1440
185 1584
185 1825
186 700
186 858
186 1177
186 1318
186 1614
187 222
187 601
187 1091
187 1319
187 1419
187 1789
187 1940
187 1974
188 191
188 247
188 644
188 651
188 1061
188 1257
188 1413
188 1558
188 1749
188 1828
188 1857
188 1954
189 205
189 263
189 298
189 588
189 638
189 682
189 786
189 939
189 950
189 989
189 1198
189 1423
189 1549
189 1805
190 265
190 514
190 1195
190 1322
190 1652
190 1654
191 702
191 967
191 996
191 1028
191 1107
191 1439
191 1456
191 1460
191 1926
192 293
192 484
192 829
192 939
192 1272
192 1304
192 1406
192 1487
193 268
193 317
193 811
193 964
193 1102
193 1170
193 1197
193 1351
193 1514
193 1603
193 1783
194 273
194 535
194 770
194 1342
194 1580
195 424
195 447
195 726
195 875
195 1007
195 1093
195 1318
195 1493
195 1616
195 1643
196 490
196 940
196 1016
196 1113
196 1245
196 1372
197 655
197 763
197 822
197 875
197 917
197 1461
197 1482
197 1515
197 1652
197 1696
197 1811
198 250
198 427
198 686
198 701
198 1048
198 1541
198 1571
199 1398
199 1921
199 1974
200 247
200 673
200 769
200 813
200 950
200 1159
200 1383
200 1634
201 537
201 716
201 1111
201 1696
201 1701
201 1926
202 204
202 473
202 880
202 1538
202 1895
202 1916
203 835
203 1282
203 1444
203 1593
203 1925
204 318
204 512
204 1625
204 1882
204 1889
205 919
205 1133
205 1451
205 1530
206 588
206 939
206 969
206 1619
207 224
207 228
207 494
207 718
207 920
207 1061
207 1243
207 1661
207 1772
207 1797
207 1895
208 535
208 638
208 958
208 993
208 1002
208 1306
209 374
209 442
209 1015
209 1649
209 1785
209 1911
209 1958
210 272
210 1066
210 1496
210 1557
210 1623
210 1813
210 1857
210 1924
211 450
211 489
211 566
211 951
211 1376
211 1734
212 235
212 275
212 436
212 529
212 848
212 1060
212 1206
212 1546
212 1562
212 1666
212 1762
212 1869
213 235
213 469
213 1067
213 1434
213 1625
213 1656
214 437
214 508
214 526
214 706
214 879
214 1617
214 1888
215 704
215 762
215 916
215 1101
215 1383
215 1875
216 715
216 939
216 991
216 1038
216 1341
216 1805
216 1838
217 252
217 462
217 496
217 1284
217 1401
217 1430
217 1478
218 241
218 343
218 470
218 580
218 1182
218 1489
218 1728
219 230
219 263
219 404
219 1307
219 1861
220 1075
220 1292
220 1306
220 1355
220 1415
221 450
221 476
221 502
221 555
221 1248
221 1305
221 1481
221 1676
221 1897
222 257
222 413
222 918
222 1159
222 1200
222 1304
222 1328
223 264
223 444
223 461
223 629
223 891
223 1414
223 1492
224 294
224 809
224 1184
225 337
225 498
225 732
225 1101
225 1458
225 1772
226 239
226 964
226 1019
226 1274
226 1555
226 1890
227 299
227 424
227 685
227 1315
228 1548
228 1845
228 1952
229 284
229 313
229 957
229 985
230 361
230 630
230 906
230 910
230 1021
230 1070
230 1752
231 758
231 1274
231 1367
231 1566
231 1590
231 1907
231 1988
232 310
232 525
232 708
232 756
232 1324
232 1749
233 607
233 746
233 832
233 877
233 943
233 1142
233 1306
233 1390
233 1403
233 1693
233 1838
233 1919
234 471
234 695
234 709
234 794
234 931
234 1040
234 1076
234 1093
235 530
235 584
235 726
235 798
235 966
235 1165
236 254
236 335
236 462
236 475
236 589
236 605
236 715
236 1315
236 1340
236 1431
236 1659
237 646
237 683
237 1259
237 1333
237 1370
237 1476
237 1527
237 1629
237 1636
237 1698
237 1772
237 1794
238 434
238 1065
238 1142
238 1261
238 1340
238 1379
238 1469
238 1704
239 486
239 587
239 644
239 839
239 1141
239 1558
239 1685
240 520
240 972
240 976
240 1201
240 1480
241 429
241 772
241 786
241 1031
241 1114
241 1414
241 1716
241 1784
242 472
242 634
242 889
242 1420
242 1567
242 1598
242 1692
242 1765
242 1964
243 412
243 722
243 820
243 1431
243 1467
243 1916
243 1992
244 547
244 607
244 793
244 906
244 928
244 1386
244 1940
244 1984
245 302
245 311
245 800
245 806
245 979
245 1753
245 1760
245 1773
245 1788
245 1932
246 616
246 644
246 758
246 805
246 1262
246 1359
246 1411
246 1834
246 1841
246 1873
246 1878
247 380
247 716
247 1141
247 1553
247 1660
247 1667
247 1706
247 1766
247 1962
248 575
248 592
248 627
248 688
248 803
248 812
248 911
248 922
248 1053
248 1266
248 1343
248 1908
249 253
249 700
249 1049
249 1591
250 398
250 429
250 559
250 773
250 838
250 989
250 1135
250 1434
250 1583
250 1796
251 538
251 704
251 791
251 1013
251 1108
251 1322
251 1807
252 420
252 567
252 903
252 921
252 982
252 1586
252 1841
253 494
253 844
253 998
253 1275
253 1494
253 1805
253 1829
253 1857
253 1932
253 1978
253 1994
254 526
254 615
254 665
254 723
254 1101
254 1205
254 1320
254 1665
254 1766
254 1886
254 1904
255 294
255 517
255 545
255 585
255 590
255 618
255 1381
255 1591
255 1774
255 1983
256 373
256 399
256 422
256 677
256 724
256 1006
256 1332
256 1440
256 1782
257 307
257 572
257 1390
257 1894
258 348
258 537
258 1155
258 1323
258 1443
258 1467
258 1677
258 1951
259 566
259 605
259 1159
259 1707
259 1823
259 1928
260 278
260 473
260 1432
260 1644
260 1676
260 1723
261 316
261 934
261 961
261 1170
261 1329
261 1331
261 1569
261 1887
262 349
262 1593
262 1599
262 1885
263 276
263 774
263 1049
263 1587
263 1802
263 1960
264 534
264 1072
264 1114
264 1156
264 1227
264 1352
264 1485
264 1762
265 274
265 403
265 776
265 823
265 983
265 1126
265 1128
265 1164
265 1742
266 1332
266 1502
266 1578
266 1897
266 1934
267 581
267 737
267 764
267 984
267 993
267 1112
267 1200
267 1345
267 1372
267 1461
267 1535
267 1566
267 1727
267 1924
267 1929
268 618
268 1270
268 1375
268 1509
269 367
269 952
269 1044
269 1430
269 1519
269 1527
270 724
270 974
270 1163
270 1438
270 1692
271 616
271 1491
271 1970
272 588
272 1694
272 1839
272 1958
273 639
273 886
273 991
273 1129
273 1145
273 1704
273 1865
274 577
274 833
274 954
274 1098
274 1359
274 1366
274 1631
274 1714
275 489
275 655
275 862
275 935
275 1008
275 1395
275 1402
275 1625
275 1737
275 1753
275 1754
276 583
276 882
276 1343
276 1594
277 303
277 363
277 545
277 944
277 1106
277 1292
277 1311
277 1822
278 419
278 587
278 634
278 757
278 948
278 1080
278 1327
278 1351
278 1697
278 1730
278 1741
278 1851
279 638
279 756
279 898
279 1183
279 1306
279 1353
279 1429
279 1445
279 1468
279 1779
280 311
280 502
280 702
280 894
280 1027
280 1869
281 658
281 867
281 868
281 999
281 1071
281 1510
281 1732
281 1868
281 1875
282 785
282 830
282 1162
282 1423
282 1456
282 1610
282 1646
282 1723
282 1881
283 389
283 553
283 953
283 1081
283 1126
283 1142
283 1178
284 323
284 341
284 347
284 409
284 557
284 833
284 1038
284 1067
284 1072
284 1153
284 1292
284 1534
285 537
285 868
285 937
285 994
285 1094
285 1138
285 1257
285 1475
285 1626
285 1928
286 295
286 723
286 923
286 1075
286 1205
286 1319
286 1836
286 1924
286 1945
287 621
287 771
287 820
287 1373
287 1630
288 502
288 804
288 871
288 1436
288 1837
289 517
289 567
289 717
289 1117
289 1506
289 1534
289 1996
290 1265
290 1777
290 1836
291 771
291 988
291 1302
292 483
292 495
292 640
292 854
292 885
292 1417
292 1992
293 843
293 1197
293 1357
293 1362
293 1989
294 313
294 442
294 558
294 580
294 1017
294 1067
294 1739
295 722
295 1321
295 1795
296 331
296 1348
296 1557
297 367
297 393
297 1659
297 1700
297 1717
297 1817
298 415
298 772
298 803
298 865
298 1201
298 1569
298 1618
298 1675
298 1781
298 1878
299 334
299 752
299 799
299 844
299 1115
299 1180
299 1364
299 1558
300 304
300 841
300 879
300 1298
300 1366
300 1498
300 1883
301 396
301 624
301 767
301 821
301 972
301 1645
302 414
302 757
302 828
302 848
302 1459
303 516
303 709
303 838
303 941
303 1301
303 1459
303 1665
303 1924
304 326
304 517
304 525
304 770
304 1290
304 1811
305 423
305 1168
305 1737
305 1945
306 922
306 1184
307 832
307 942
307 1034
307 1343
307 1582
307 1619
307 1712
307 1851
307 1862
307 1953
308 351
308 564
308 674
308 839
308 985
308 1014
308 1023
308 1107
308 1269
308 1624
308 1661
309 521
309 1020
309 1329
309 1642
310 320
310 358
310 1092
310 1888
311 363
311 482
311 562
311 698
311 883
311 894
311 955
311 985
311 1182
311 1325
311 1591
311 1876
311 1898
311 1915
312 315
312 353
312 415
312 607
312 871
312 1590
312 1790
313 388
313 624
313 1372
313 1498
313 1622
313 1733
313 1971
314 655
314 922
314 1101
314 1320
314 1780
314 1849
315 424
315 446
315 537
315 810
315 949
315 961
315 1146
315 1398
315 1464
315 1790
315 1903
316 376
316 435
316 843
316 1348
316 1576
316 1627
317 374
317 407
317 532
317 704
317 1151
317 1175
317 1238
317 1546
317 1718
317 1884
318 440
318 633
318 849
318 1254
318 1568
318 1789
319 355
319 373
319 542
319 564
319 842
319 879
319 935
319 998
319 1208
319 1245
319 1607
319 1785
319 1955
320 631
320 1142
320 1309
320 1330
320 1369
320 1425
320 1551
320 1900
321 552
321 873
321 1504
321 1612
321 1617
321 1621
321 1760
321 1857
322 416
322 498
322 549
322 1029
322 1040
322 1193
322 1366
322 1715
323 750
323 832
323 1007
323 1362
323 1373
324 656
324 1134
324 1274
324 1340
324 1531
324 1671
324 1677
324 1970
325 452
325 1032
325 1116
325 1313
325 1316
325 1363
325 1425
325 1991
326 328
326 350
326 560
326 661
326 801
326 975
326 1270
326 1627
326 1694
326 1833
327 341
327 497
327 695
327 917
327 1744
327 1759
328 758
328 1026
328 1212
328 1689
329 337
329 562
329 749
329 757
329 970
329 1024
329 1191
329 1324
329 1329
329 1468
329 1730
329 1801
330 451
330 756
330 895
330 985
330 1252
330 1292
330 1695
330 1732
330 1764
330 1980
331 521
331 1091
331 1145
331 1660
332 632
332 1368
332 1483
332 1938
332 1962
333 930
333 1006
333 1279
333 1432
333 1441
333 1610
333 1880
334 344
334 623
334 1228
334 1666
334 1797
335 486
335 530
335 1333
335 1406
335 1419
335 1541
335 1828
335 1906
335 1929
336 580
336 923
336 961
336 1001
336 1110
336 1113
336 1536
337 552
337 736
337 1378
337 1565
337 1655
337 1747
337 1856
337 1943
338 592
338 1086
338 1182
338 1322
338 1444
338 1571
339 1063
339 1603
339 1700
339 1848
339 1985
340 427
340 489
340 638
340 719
340 1367
340 1933
341 405
341 1013
341 1213
341 1524
341 1648
341 1767
342 443
342 997
342 1033
342 1197
342 1672
342 1719
342 1973
343 775
343 971
343 1032
343 1065
343 1301
343 1439
343 1529
343 1915
344 410
344 538
344 655
344 795
344 807
344 896
344 1250
344 1652
344 1885
344 1947
345 733
345 804
345 985
345 1627
345 1721
345 1812
346 606
346 783
346 861
346 1144
346 1275
346 1643
346 1741
346 1881
346 1893
347 789
347 1022
347 1033
347 1059
347 1253
347 1320
347 1702
347 1767
347 1898
347 1928
348 505
348 507
348 885
348 1165
348 1188
348 1468
348 1600
349 1080
349 1575
349 1668
349 1699
349 1935
349 1974
350 908
350 1115
350 1419
350 1691
350 1816
350 1880
351 473
351 512
351 585
351 636
351 882
351 1067
351 1313
351 1549
351 1591
351 1687
351 1980
352 622
352 708
352 946
352 1244
352 1646
352 1747
352 1956
352 1963
353 699
353 1157
353 1240
353 1397
353 1418
353 1459
353 1632
354 674
354 683
354 684
354 745
354 778
354 1377
355 500
355 674
355 922
355 1431
355 1619
355 1642
355 1717
355 1903
356 604
356 810
356 920
356 987
356 1214
356 1617
356 1862
357 434
357 955
357 1562
357 1580
357 1693
357 1709
357 1976
358 760
358 1480
358 1551
358 1684
358 1902
359 393
359 528
359 702
359 787
359 827
359 915
359 963
359 1256
359 1298
359 1482
359 1837
359 1941
360 441
360 519
360 1088
360 1559
361 805
361 861
361 1134
361 1189
362 723
362 900
362 1241
363 542
363 1157
363 1176
363 1415
363 1537
364 842
364 1336
364 1411
364 1561
364 1666
364 1672
364 1734
364 1899
365 1169
365 1176
365 1392
365 1523
365 1783
365 1965
366 693
366 772
366 921
366 1293
366 1423
366 1641
366 1708
366 1803
366 1868
366 1962
366 1964
366 1969
367 529
367 1566
367 1705
367 1729
367 1979
368 373
368 538
368 1069
368 1225
368 1393
368 1788
368 1828
369 733
369 750
369 1062
369 1184
369 1195
369 1267
369 1303
370 532
370 822
370 966
370 1225
370 1251
370 1341
370 1987
371 428
371 1200
371 1682
371 1902
372 526
372 605
372 776
372 883
372 1407
372 1589
372 1646
372 1698
372 1914
372 1926
373 886
373 982
373 1046
373 1442
373 1786
374 934
374 978
374 1132
374 1418
374 1604
374 1853
375 559
375 616
375 1250
375 1283
375 1344
375 1431
375 1481
375 1778
376 614
376 633
376 729
376 942
376 948
376 1135
376 1509
376 1529
376 1534
376 1622
376 1792
376 1984
377 846
377 1008
377 1082
377 1528
377 1672
377 1686
377 1831
377 1910
377 1926
378 398
378 594
378 1346
378 1644
378 1873
379 411
379 513
379 620
379 668
379 744
379 1160
379 1196
379 1204
379 1380
379 1613
380 592
380 633
380 660
380 996
380 1064
380 1070
380 1152
380 1177
380 1185
380 1437
381 916
381 1079
381 1198
381 1203
381 1276
381 1524
381 1605
381 1761
382 434
382 555
382 737
382 761
382 1091
382 1328
382 1792
382 1944
383 493
383 535
383 547
383 1039
383 1091
383 1120
383 1547
383 1598
383 1605
383 1681
383 1911
383 1916
384 704
384 867
384 946
384 1015
384 1069
384 1364
384 1437
384 1537
384 1632
384 1707
384 1721
384 1972
385 554
385 598
385 817
385 830
385 881
385 1167
385 1438
386 506
386 600
386 664
386 839
386 1491
386 1582
386 1752
387 588
387 779
387 955
387 1029
387 1062
387 1332
387 1643
387 1772
388 392
388 679
388 803
388 1045
388 1476
388 1550
389 736
389 992
389 1053
389 1735
390 513
390 653
390 686
390 850
390 935
390 1216
390 1706
391 581
391 647
391 1386
392 1500
392 1618
393 442
393 816
393 854
393 947
393 1036
393 1553
394 529
394 552
394 574
394 1437
394 1530
394 1752
394 1811
395 503
395 1202
395 1740
395 1752
396 469
396 487
396 570
396 1371
396 1448
396 1585
396 1634
396 1644
396 1967
397 449
397 1264
397 1475
397 1517
397 1598
397 1639
397 1731
397 1943
397 1997
398 522
398 826
398 1030
398 1627
398 1811
399 527
399 800
399 1077
399 1104
399 1250
399 1366
400 1646
400 1723
400 1767
401 578
401 812
401 1173
401 1322
401 1323
401 1909
401 1989
402 1068
402 1736
402 1887
403 1283
403 1473
403 1647
403 1827
403 1844
404 508
404 607
404 1794
405 619
405 772
405 905
405 1142
405 1282
405 1505
405 1885
406 558
406 590
406 873
406 1444
407 426
407 843
407 1629
407 1729
407 1783
407 1818
407 1949
408 649
408 941
408 1148
408 1456
408 1822
409 420
409 1616
409 1696
409 1885
410 652
410 1010
411 438
411 487
411 497
411 566
411 571
411 1046
411 1623
411 1978
412 522
412 865
412 1079
412 1187
412 1624
412 1672
412 1893
413 530
413 884
413 1114
413 1120
413 1225
413 1744
413 1943
414 478
414 712
414 1197
414 1227
414 1465
414 1861
415 465
415 907
415 1004
415 1344
415 1416
415 1569
416 804
416 950
416 1027
416 1149
416 1351
416 1503
416 1624
416 1654
416 1889
417 466
417 568
417 681
417 806
417 814
417 838
417 930
417 938
417 969
417 1060
417 1575
417 1942
418 661
418 1401
418 1436
418 1741
419 626
419 903
419 971
419 1240
419 1248
419 1800
420 662
420 756
420 938
420 1020
420 1072
420 1196
420 1218
420 1274
420 1470
420 1808
420 1924
421 1651
421 1860
422 629
422 704
422 1843
422 1857
423 614
423 647
423 974
423 1462
423 1548
423 1729
423 1774
424 1154
424 1394
424 1410
424 1902
424 1975
425 452
425 579
425 614
425 651
425 754
425 866
425 992
425 1066
425 1153
425 1203
425 1231
425 1365
425 1579
425 1740
425 1790
425 1921
425 1960
426 606
426 615
426 696
426 1170
426 1481
426 1536
426 1585
427 477
427 988
427 1169
427 1881
428 572
428 826
428 1091
428 1173
428 1671
428 1769
429 683
429 734
429 1077
429 1147
429 1517
429 1821
429 1827
430 898
430 1194
430 1344
430 1844
431 1107
431 1142
431 1190
431 1443
431 1587
431 1800
432 481
432 800
433 502
433 769
433 819
433 1112
433 1130
433 1314
433 1628
433 1640
433 1905
434 641
434 727
434 830
434 993
434 1017
434 1198
434 1344
435 903
435 1006
435 1275
435 1699
435 1937
436 908
436 911
436 1151
436 1542
436 1565
436 1637
436 1890
436 1898
436 1899
437 1041
437 1226
437 1310
438 482
438 524
438 611
438 761
438 790
438 1074
438 1244
439 1085
439 1147
439 1364
440 441
440 457
440 498
440 910
440 965
440 1176
440 1233
440 1249
440 1351
440 1406
440 1756
440 1774
440 1830
441 1049
441 1243
441 1415
441 1542
441 1864
442 495
442 835
442 875
442 895
442 936
442 998
443 479
443 752
443 1279
443 1344
443 1544
443 1568
443 1589
443 1835
443 1990
444 447
444 1112
444 1372
444 1507
444 1573
444 1701
444 1953
445 834
445 863
445 1125
445 1393
445 1781
445 1850
446 656
446 683
446 1243
446 1408
446 1609
446 1639
446 1688
447 715
447 969
447 1096
447 1746
447 1877
448 772
448 1427
448 1679
448 1746
449 620
449 624
449 629
449 769
449 879
449 914
449 1162
449 1163
449 1357
449 1843
450 479
450 1757
450 1828
451 482
451 585
451 1009
451 1087
451 1185
451 1200
451 1354
451 1656
451 1988
452 697
452 1522
452 1808
453 519
453 618
453 632
453 1115
453 1252
454 483
454 711
454 912
454 1810
454 1956
455 766
455 912
455 961
455 1706
455 1776
456 570
456 644
456 1023
456 1310
456 1770
456 1828
457 574
457 733
457 1165
457 1303
457 1413
457 1476
457 1799
457 1807
458 598
458 639
458 1597
458 1662
458 1772
458 1926
459 906
459 1064
459 1115
459 1122
459 1207
459 1532
459 1651
459 1716
459 1952
460 637
460 857
460 1054
460 1075
461 572
461 862
461 956
461 1075
461 1241
462 523
462 1052
462 1176
462 1677
462 1752
463 945
463 1523
463 1817
463 1968
463 1981
464 570
464 576
464 806
464 877
464 1068
464 1164
464 1316
464 1369
464 1465
464 1556
464 1567
464 1579
464 1647
465 501
465 612
465 1147
466 819
466 1035
466 1129
466 1213
466 1856
466 1981
467 503
467 869
467 1026
467 1306
467 1450
467 1477
467 1854
468 548
468 553
468 691
468 1051
468 1309
468 1442
468 1469
468 1649
468 1678
468 1999
469 813
469 819
469 1307
470 1310
470 1797
470 1906
471 680
471 1172
471 1235
471 1273
471 1732
472 852
472 1048
472 1133
472 1187
472 1290
472 1916
473 514
473 644
473 780
473 844
473 968
473 1066
473 1595
473 1706
474 817
474 1174
474 1607
474 1819
474 1953
474 1999
475 507
475 532
475 646
475 784
475 911
475 1074
475 1907
476 523
476 554
476 682
476 751
476 860
476 918
476 1126
476 1367
476 1797
476 1800
477 618
477 662
477 742
477 799
477 837
477 960
477 990
477 1274
477 1374
477 1425
477 1823
477 1916
478 496
478 563
478 1048
478 1150
478 1235
478 1481
478 1763
478 1805
478 1826
478 1839
478 1947
479 843
479 1136
479 1241
479 1484
479 1715
479 1820
480 498
480 502
480 555
480 838
480 1108
480 1719
481 540
481 930
481 1551
482 534
482 707
482 752
482 1293
482 1831
483 782
483 956
483 1133
483 1239
483 1544
483 1586
483 1624
483 1852
484 551
484 743
484 1184
484 1264
484 1628
485 794
485 809
485 852
485 1671
486 655
487 1092
487 1171
487 1244
487 1413
488 860
488 1088
488 1456
488 1634
488 1909
489 498
489 595
489 1415
489 1509
489 1566
489 1735
489 1976
490 643
490 709
490 865
490 874
490 898
490 1069
490 1676
491 492
491 1330
491 1515
491 1573
491 1588
491 1628
491 1801
491 1822
491 1924
492 607
492 714
492 1839
493 530
493 867
493 956
493 1188
493 1430
493 1448
493 1513
493 1813
493 1989
494 828
494 832
494 1031
494 1254
494 1371
494 1502
494 1736
494 1805
495 514
495 551
495 1184
495 1211
495 1242
496 1118
496 1455
496 1747
497 845
497 953
497 1022
497 1275
497 1497
497 1501
498 864
498 961
498 1645
498 1662
498 1741
498 1844
498 1867
498 1930
499 515
499 852
499 853
499 1420
499 1456
499 1515
499 1585
500 1131
500 1405
500 1842
500 1963
501 611
501 808
501 1415
501 1822
501 1850
502 818
502 1094
502 1102
502 1191
502 1388
502 1712
503 963
503 1539
504 736
504 1182
504 1611
504 1719
504 1784
505 599
505 753
505 1044
505 1063
505 1359
505 1939
505 1955
506 618
506 770
506 940
506 945
506 1102
506 1275
506 1506
506 1517
506 1673
506 1789
506 1893
507 1091
507 1218
507 1738
508 649
508 752
508 1941
508 1974
509 618
509 917
509 1401
509 1565
509 1967
510 711
510 758
510 1219
510 1455
511 1268
511 1503
511 1599
512 681
512 683
512 1165
512 1486
512 1491
512 1689
513 766
513 997
513 1246
513 1293
513 1671
513 1691
513 1771
514 942
514 1257
514 1423
514 1470
514 1527
514 1653
515 719
515 1227
515 1310
515 1366
515 1662
515 1664
515 1828
515 1890
515 1941
516 1010
516 1296
516 1379
516 1635
516 1709
517 537
517 661
517 662
517 769
517 772
517 1022
517 1046
517 1125
517 1301
517 1578
518 1540
518 1618
519 571
519 1216
519 1270
520 861
520 952
520 1004
520 1013
520 1188
520 1305
520 1340
520 1385
521 872
521 1117
521 1214
522 549
522 607
522 662
522 830
522 1139
522 1271
522 1296
522 1339
522 1343
522 1502
522 1558
523 627
523 759
523 1007
523 1403
523 1498
524 527
524 699
524 1057
524 1196
524 1614
524 1636
524 1758
525 910
525 1083
525 1360
525 1472
525 1570
525 1702
525 1964
526 542
526 631
526 789
526 809
526 859
526 937
526 1282
526 1332
526 1448
526 1500
526 1898
527 610
527 833
527 976
527 1560
527 1676
527 1833
528 563
528 1201
529 1309
529 1467
530 536
530 646
530 674
530 867
530 1389
530 1576
530 1772
530 1976
531 701
531 825
531 826
531 890
531 999
531 1367
531 1375
531 1665
531 1749
532 819
532 910
532 1160
532 1277
532 1641
532 1850
533 726
533 808
533 886
533 1720
534 1000
534 1193
534 1462
534 1877
534 1949
535 678
535 693
535 840
535 973
535 1857
536 863
536 1191
536 1566
536 1956
537 803
537 868
537 1193
537 1460
537 1533
537 1824
537 1925
538 622
538 779
538 812
538 1028
538 1646
539 867
539 880
539 1262
539 1269
539 1463
539 1775
539 1813
539 1848
540 614
540 948
540 959
540 1011
540 1113
540 1207
540 1755
540 1907
540 1935
540 1986
540 1997
541 673
541 747
541 1056
541 1323
541 1484
541 1561
541 1846
541 1966
541 1999
542 548
542 833
542 924
542 955
542 1060
542 1309
542 1316
542 1319
542 1392
542 1516
542 1529
542 1706
542 1997
543 596
543 1295
544 766
544 780
544 784
544 1195
544 1308
544 1557
544 1754
544 1841
544 1963
545 1248
545 1374
545 1528
546 676
547 1506
547 1662
547 1669
547 1796
548 729
548 1183
548 1195
548 1209
548 1291
548 1621
548 1650
549 595
549 685
549 778
549 880
549 1279
549 1297
549 1789
550 564
550 688
550 700
550 1248
550 1652
550 1929
551 663
551 1110
551 1153
551 1442
552 578
552 606
552 668
552 1013
552 1802
552 1997
553 641
553 1022
553 1128
554 844
554 1391
554 1543
554 1549
554 1662
554 1783
555 653
555 1029
555 1082
555 1261
555 1597
556 607
556 950
556 1428
556 1431
556 1567
556 1815
557 561
557 640
557 1486
557 1517
557 1718
558 635
558 732
558 1018
558 1099
558 1361
558 1486
558 1582
558 1792
558 1945
559 1144
559 1258
559 1394
559 1602
559 1653
560 1092
560 1370
560 1397
560 1418
560 1902
560 1971
561 744
561 849
561 922
561 1017
561 1191
561 1353
561 1520
561 1784
561 1896
562 950
562 1375
562 1672
562 1717
562 1820
562 1849
563 638
563 741
563 874
563 1350
563 1744
563 1836
564 655
564 754
564 945
564 975
564 1350
564 1550
564 1828
564 1893
565 1740
565 1981
566 659
566 711
566 730
566 1063
566 1119
566 1279
566 1707
566 1818
566 1908
566 1971
567 988
567 1428
567 1457
567 1511
567 1627
567 1757
567 1760
567 1969
568 1205
568 1340
568 1480
568 1626
568 1820
568 1954
569 747
569 801
569 803
569 1054
569 1164
569 1220
569 1486
569 1804
569 1832
569 1978
570 833
570 839
570 1187
570 1665
570 1861
570 1966
571 1304
571 1598
571 1958
572 833
572 1484
572 1590
572 1708
572 1905
573 725
573 945
573 1160
573 1772
573 1985
574 609
574 803
574 819
574 954
574 1367
574 1499
574 1589
574 1607
575 615
575 711
575 809
575 1031
575 1351
575 1767
576 792
576 986
576 1162
577 652
577 684
577 1183
577 1269
577 1382
577 1545
577 1585
577 1637
577 1883
577 1946
577 1964
578 611
578 799
578 930
578 1172
578 1542
578 1672
578 1962
578 1972
579 1365
579 1572
579 1866
579 1947
579 1989
580 839
580 1050
580 1135
580 1274
580 1415
580 1525
580 1714
580 1911
581 684
581 690
581 828
581 832
581 1087
581 1969
582 820
582 1386
582 1710
583 616
583 691
583 770
583 867
583 1214
583 1744
584 696
584 1046
584 1306
584 1362
584 1443
584 1492
584 1662
585 1119
585 1216
585 1458
585 1460
585 1933
585 1961
586 727
586 770
586 790
586 887
586 1329
586 1440
586 1480
586 1797
587 1098
588 675
588 905
588 930
588 1986
589 779
589 901
589 930
589 1508
589 1545
589 1877
589 1990
590 1141
590 1504
591 1265
591 1744
591 1886
592 707
592 935
592 1086
592 1149
592 1166
592 1195
593 716
593 720
593 774
593 825
593 1129
593 1641
593 1987
594 806
594 1001
594 1043
594 1903
594 1925
595 1394
595 1624
595 1625
595 1761
595 1994
596 709
596 939
596 975
596 1711
597 645
597 647
597 768
597 1115
597 1459
597 1511
597 1520
597 1766
597 1786
598 668
598 1519
598 1964
598 1988
599 725
599 788
599 808
599 1210
599 1319
599 1536
599 1799
599 1962
600 665
600 749
600 1155
600 1260
600 1266
600 1701
601 655
601 733
601 955
601 970
601 1337
601 1749
601 1805
602 631
602 944
602 1171
603 621
603 698
603 933
603 1106
604 689
604 1270
604 1278
604 1346
604 1406
604 1452
604 1552
604 1554
604 1756
604 1818
604 1919
604 1986
605 782
606 635
606 761
606 987
606 1406
606 1475
606 1714
607 703
607 921
607 945
607 1040
607 1506
607 1620
607 1692
607 1753
608 701
608 885
608 1088
608 1344
608 1445
608 1579
608 1600
608 1663
609 692
609 1638
609 1672
609 1816
609 1982
610 636
610 754
610 837
610 1136
611 753
611 850
611 852
611 1485
611 1840
612 968
612 1365
612 1687
613 763
613 950
613 1061
613 1072
613 1177
613 1390
613 1556
613 1778
613 1796
614 763
614 906
614 1055
614 1102
614 1198
614 1261
614 1421
614 1898
614 1927
614 1985
615 708
615 931
615 1110
615 1265
615 1386
615 1594
615 1719
615 1955
616 826
616 928
616 1142
616 1227
616 1286
616 1420
616 1802
616 1825
617 746
617 999
617 1050
617 1553
617 1610
617 1685
618 1574
618 1996
619 723
619 790
619 990
619 1265
619 1626
619 1744
620 623
620 641
620 761
620 1220
620 1267
620 1699
620 1871
621 928
621 1100
621 1141
621 1524
621 1697
621 1706
622 651
622 974
622 1007
622 1196
622 1482
622 1588
622 1615
622 1714
622 1802
623 1308
623 1327
623 1751
623 1792
624 1113
624 1553
624 1856
625 730
625 1388
625 1862
626 742
626 807
626 809
626 1008
626 1351
626 1708
627 801
627 837
627 1256
628 1247
628 1751
629 1109
629 1193
629 1464
629 1632
629 1709
629 1777
630 698
630 765
630 894
630 1238
630 1693
630 1694
630 1710
630 1983
631 733
631 1048
631 1138
631 1296
631 1375
631 1569
631 1637
631 1749
631 1853
631 1880
632 1083
632 1158
632 1553
632 1560
632 1766
632 1937
633 767
633 859
633 1012
633 1081
633 1257
633 1355
633 1445
633 1452
633 1687
633 1831
634 815
634 837
634 984
634 1163
635 678
635 822
635 1074
635 1244
635 1727
635 1809
636 970
636 1784
636 1787
636 1800
636 1996
637 763
637 975
637 1058
637 1717
637 1788
637 1901
638 793
638 830
638 992
638 1451
638 1829
638 1848
639 695
639 775
639 1311
639 1374
639 1782
640 1576
641 717
641 1187
641 1516
641 1654
641 1791
641 1828
642 673
642 761
642 797
642 1008
642 1318
642 1847
642 1930
643 1080
643 1186
643 1314
643 1812
644 995
644 1040
644 1175
644 1611
644 1957
645 689
645 787
645 1394
645 1626
645 1855
646 729
646 862
646 1036
646 1090
646 1179
646 1240
646 1409
646 1571
646 1592
647 691
647 832
647 1408
647 1414
647 1568
647 1613
648 709
648 1166
648 1533
648 1534
648 1539
648 1644
648 1763
648 1985
649 679
649 986
649 1486
649 1596
649 1899
650 898
650 1104
650 1286
650 1444
650 1480
650 1659
650 1664
650 1991
651 973
651 1303
651 1400
651 1616
651 1764
652 856
652 872
652 902
652 1165
652 1439
652 1450
652 1557
652 1806
652 1826
653 705
653 1096
653 1162
653 1324
653 1367
653 1862
653 1870
653 1883
654 671
654 966
654 1123
654 1360
654 1501
655 664
655 856
655 982
655 1005
655 1073
655 1091
655 1131
655 1698
655 1826
655 1858
655 1909
656 659
656 847
656 1273
656 1285
656 1448
656 1477
656 1617
656 1698
657 659
657 948
657 1267
657 1741
658 893
658 1046
658 1401
658 1768
658 1914
659 1059
659 1084
659 1608
659 1768
660 958
660 1189
660 1310
660 1521
660 1545
660 1609
660 1617
660 1722
661 676
661 904
661 1091
661 1279
661 1644
661 1908
662 1420
662 1548
662 1706
662 1857
663 756
663 1078
663 1119
663 1247
663 1668
664 1077
664 1447
664 1698
664 1913
665 978
665 1054
665 1246
665 1394
665 1398
665 1415
665 1559
665 1808
666 1221
666 1653
667 695
667 728
667 742
667 931
667 1041
667 1049
667 1145
667 1278
667 1630
667 1700
667 1817
668 769
668 1032
668 1495
668 1628
668 1871
669 747
669 1298
669 1676
669 1702
669 1849
670 736
670 889
670 892
670 1274
670 1507
670 1541
670 1705
670 1744
670 1996
671 693
671 761
671 1070
671 1223
671 1293
671 1453
671 1721
671 1824
671 1881
671 1981
672 885
672 1204
672 1538
673 750
673 812
673 933
673 1030
673 1290
673 1295
673 1529
673 1805
673 1934
674 720
674 830
674 1031
674 1395
674 1896
675 869
675 1020
675 1162
675 1321
675 1776
675 1786
676 902
676 1031
676 1045
676 1606
676 1652
676 1675
676 1699
676 1817
676 1882
676 1887
676 1980
677 1414
677 1607
677 1698
678 933
678 1527
678 1623
678 1801
679 928
679 961
679 967
679 1066
679 1089
679 1244
679 1455
679 1511
679 1523
679 1973
680 734
680 1073
680 1292
680 1327
680 1615
680 1769
680 1954
681 1179
681 1237
681 1438
681 1478
681 1550
681 1851
681 1863
681 1973
682 1396
682 1483
682 1495
682 1497
682 1909
683 1300
683 1306
683 1375
683 1864
683 1922
684 902
684 925
684 1052
684 1206
684 1338
684 1713
685 843
685 905
685 976
685 1116
685 1242
685 1331
685 1635
685 1898
685 1942
686 988
686 1427
686 1570
687 878
687 943
687 954
687 1370
687 1405
687 1750
687 1957
688 715
688 884
688 896
689 753
689 761
689 840
689 843
689 1257
689 1369
689 1390
689 1571
689 1599
689 1661
690 711
690 951
690 975
690 989
690 1031
690 1279
690 1428
690 1738
690 1797
690 1997
691 882
691 957
691 1325
691 1418
691 1432
691 1592
692 951
692 1170
692 1219
692 1257
692 1803
692 1892
693 764
693 988
693 1329
693 1383
693 1856
694 737
694 740
694 753
694 1107
694 1478
694 1482
694 1500
694 1694
694 1702
694 1738
695 778
695 876
695 982
695 990
695 1157
695 1162
695 1745
695 1820
696 826
696 1268
696 1376
696 1494
696 1663
696 1676
696 1867
697 1546
697 1617
698 717
698 734
698 744
698 853
698 973
698 1188
698 1767
699 1177
699 1791
699 1946
700 1276
700 1408
700 1605
700 1796
700 1822
700 1832
700 1855
700 1918
701 1100
701 1524
702 921
702 1130
702 1377
702 1541
702 1708
702 1844
703 1080
703 1156
703 1266
703 1711
703 1808
704 734
704 931
704 944
704 1180
704 1258
704 1321
704 1583
704 1796
704 1844
704 1916
704 1950
705 804
705 919
705 1010
705 1357
705 1571
705 1610
705 1680
706 872
706 1415
706 1433
706 1530
706 1536
706 1848
706 1914
707 1010
707 1549
708 1141
708 1302
708 1646
708 1974
709 771
709 809
709 1132
709 1187
709 1791
710 854
710 867
710 1193
710 1262
710 1266
710 1868
710 1949
711 908
711 962
711 1280
711 1488
711 1581
712 807
712 901
712 902
712 1349
712 1616
712 1670
712 1713
712 1883
713 1050
713 1312
713 1863
714 1103
714 1149
714 1487
714 1656
714 1921
715 834
715 1126
715 1184
715 1237
715 1667
715 1722
715 1814
716 838
716 952
716 1052
716 1071
716 1138
716 1391
716 1474
716 1631
716 1767
717 1218
717 1290
717 1619
717 1911
717 1976
718 867
718 1434
718 1471
718 1505
718 1574
719 1260
719 1335
719 1382
719 1632
720 974
720 1362
720 1370
720 1394
720 1727
720 1959
721 1120
721 1366
721 1501
721 1936
721 1955
722 1015
722 1041
722 1076
722 1135
722 1470
722 1519
723 858
723 1305
723 1333
723 1343
723 1727
723 1802
723 1935
724 801
724 913
724 1234
724 1561
724 1627
725 1127
725 1129
725 1337
725 1553
725 1743
725 1999
726 970
726 1146
726 1360
726 1389
727 809
727 1152
727 1271
727 1393
727 1528
727 1608
727 1617
728 859
728 1452
728 1663
728 1759
728 1816
728 1932
728 1986
729 858
729 969
729 1122
729 1166
729 1199
729 1259
729 1265
730 914
730 970
730 1258
730 1456
730 1703
731 863
731 1340
731 1588
731 1674
731 1761
731 1860
731 1919
732 926
732 1334
732 1382
732 1745
732 1861
733 769
733 882
733 926
733 999
733 1235
733 1333
733 1667
733 1947
734 739
734 1586
735 1088
735 1317
735 1335
735 1372
735 1623
735 1969
735 1992
736 883
736 898
736 1264
736 1449
736 1534
736 1818
737 1051
737 1250
737 1317
737 1667
737 1881
738 993
738 1318
738 1373
738 1374
738 1578
738 1758
739 826
739 1005
739 1528
740 1252
740 1830
740 1923
740 1978
741 821
741 1148
741 1702
741 1727
741 1755
742 1105
742 1362
742 1523
742 1679
742 1878
743 1683
743 1852
743 1967
743 1994
744 1541
744 1558
744 1627
744 1940
745 941
745 1245
745 1843
746 838
746 1130
746 1518
746 1537
746 1627
747 897
747 1319
747 1417
747 1683
747 1712
747 1846
747 1979
748 1040
748 1135
748 1251
748 1364
748 1447
748 1994
749 757
749 833
749 1153
749 1326
749 1451
749 1801
750 911
750 952
750 1135
750 1269
750 1431
750 1479
750 1581
751 1005
751 1329
751 1549
751 1743
751 1944
752 1296
752 1396
752 1913
753 763
753 884
753 955
753 978
753 1177
753 1258
753 1507
753 1661
753 1821
753 1972
754 974
754 1153
754 1211
754 1648
754 1812
754 1959
755 879
755 1232
755 1306
755 1515
755 1773
756 1204
756 1467
756 1622
757 865
757 991
757 1596
757 1716
757 1782
757 1888
758 804
758 1362
759 1114
759 1253
759 1512
759 1698
759 1761
759 1876
760 1084
760 1140
760 1195
760 1378
760 1791
760 1846
760 1906
761 1212
761 1223
761 1891
762 1483
763 1266
763 1828
764 793
764 890
764 1041
764 1294
764 1429
764 1508
764 1533
765 854
765 1137
765 1147
765 1156
765 1299
765 1627
765 1652
765 1656
765 1797
765 1985
766 1221
766 1393
766 1526
766 1601
767 916
767 1069
767 1174
767 1438
767 1628
767 1802
767 1811
767 1856
767 1936
768 901
768 1179
768 1516
768 1904
768 1917
769 1754
769 1785
769 1967
770 1296
770 1297
770 1848
770 1962
771 836
771 1117
771 1138
771 1290
771 1479
772 855
772 1013
772 1198
772 1891
772 1909
773 887
774 1214
774 1379
774 1751
775 1242
775 1337
775 1740
775 1938
775 1989
776 825
776 1087
776 1284
776 1640
776 1775
777 1185
777 1429
777 1781
778 1050
778 1207
778 1790
779 867
779 1173
779 1497
780 1016
780 1118
780 1198
780 1392
780 1448
780 1854
780 1874
781 1054
781 1111
782 890
782 1051
783 839
783 959
783 1260
783 1505
783 1538
783 1640
783 1757
783 1807
783 1957
784 921
784 1256
784 1411
784 1547
784 1751
784 1786
784 1932
785 919
785 1118
785 1311
785 1330
785 1402
785 1439
785 1600
786 949
786 976
786 1273
786 1407
786 1507
786 1684
786 1761
787 809
787 822
787 1161
787 1170
787 1441
787 1458
787 1605
787 1715
787 1844
787 1971
787 1987
788 1985
789 889
789 1007
789 1749
790 813
790 951
790 1155
790 1242
791 1070
791 1220
791 1497
791 1542
791 1641
791 1684
791 1693
791 1788
791 1934
792 994
792 1053
792 1495
792 1574
792 1626
792 1842
793 1085
793 1361
793 1504
793 1826
794 836
794 1396
794 1478
794 1619
794 1938
795 986
795 1942
795 1970
796 818
796 1388
796 1787
796 1930
797 1192
797 1272
798 858
798 1033
798 1129
798 1491
798 1526
798 1529
798 1618
798 1644
799 825
799 1030
799 1109
799 1187
799 1400
800 1085
800 1428
800 1532
800 1565
800 1616
801 818
801 937
801 1202
801 1415
801 1905
801 1932
801 1952
802 1423
802 1708
803 986
803 1100
803 1171
803 1491
803 1636
803 1920
804 862
804 1391
804 1442
804 1480
804 1598
804 1698
805 934
805 1233
805 1311
805 1745
805 1862
805 1930
805 1949
806 870
806 1112
806 1796
807 872
807 880
807 937
807 1029
807 1168
807 1381
807 1688
807 1793
807 1937
807 1987
808 1031
808 1086
808 1178
808 1404
808 1469
808 1686
808 1888
808 1932
809 846
809 977
809 1258
809 1648
809 1693
809 1911
810 873
810 1061
810 1067
810 1442
810 1484
810 1584
811 838
811 857
811 1305
811 1659
812 1186
812 1378
812 1512
812 1577
812 1723
812 1864
813 977
813 1065
813 1454
813 1578
813 1720
813 1880
813 1899
814 969
814 1081
814 1830
815 933
815 1120
815 1505
815 1653
815 1840
816 1187
816 1193
816 1207
816 1299
816 1558
816 1875
816 1953
817 892
817 1536
818 877
818 926
818 1039
818 1428
818 1514
818 1595
818 1720
818 1880
819 882
819 1129
819 1348
819 1367
819 1444
819 1754
819 1875
820 953
820 1103
820 1186
820 1570
820 1983
821 887
821 895
821 1161
821 1418
822 1689
823 1326
823 1867
823 1949
824 862
824 932
824 1031
824 1292
824 1304
824 1314
824 1338
824 1556
824 1637
824 1831
825 958
825 1148
825 1169
825 1429
825 1454
825 1464
825 1568
825 1816
826 1282
826 1624
827 852
827 924
827 967
827 996
827 1172
827 1972
828 974
828 1076
828 1100
828 1268
828 1602
828 1926
829 1602
829 1633
830 922
830 1058
830 1337
830 1456
830 1863
831 1217
831 1268
831 1967
832 1878
833 863
833 1043
833 1214
833 1441
833 1695
833 1934
833 1935
834 865
834 1365
834 1494
834 1632
835 1083
835 1435
835 1536
835 1624
836 1162
836 1440
836 1864
837 1066
837 1086
837 1242
837 1327
837 1386
837 1594
837 1595
837 1612
838 909
838 965
838 1003
838 1389
838 1562
838 1778
839 846
839 1022
839 1344
840 1045
840 1497
840 1737
841 1035
841 1126
841 1630
841 1821
841 1981
842 1083
842 1559
842 1604
842 1640
842 1693
842 1960
843 907
843 1442
843 1588
843 1648
844 861
844 879
844 906
844 1252
844 1378
844 1392
844 1672
844 1750
844 1932
844 1979
845 973
845 1365
845 1379
846 985
846 1247
846 1531
846 1561
846 1619
846 1631
846 1653
847 865
847 948
847 1010
847 1448
847 1518
847 1539
847 1914
847 1995
848 864
848 1250
848 1698
848 1861
849 1558
849 1638
849 1896
850 1000
850 1066
850 1115
850 1193
850 1205
850 1685
851 1178
851 1458
851 1537
851 1613
851 1884
851 1929
851 1982
852 966
852 978
852 1047
852 1114
852 1195
852 1748
853 1031
853 1072
853 1124
853 1286
853 1302
854 928
854 1013
854 1119
854 1304
854 1355
854 1709
855 1267
855 1825
855 1857
856 1626
856 1852
857 969
857 1979
858 864
858 1161
858 1449
858 1724
859 875
859 1017
859 1060
859 1409
859 1943
860 1056
860 1078
860 1338
860 1375
860 1441
860 1496
860 1699
861 871
861 1289
861 1748
862 990
862 1052
862 1345
862 1441
863 1024
863 1439
863 1576
864 1206
864 1438
864 1532
864 1621
864 1654
865 932
865 1048
865 1102
865 1197
865 1247
865 1270
865 1404
865 1572
866 1005
866 1336
866 1505
867 1120
867 1458
868 1219
868 1239
868 1298
868 1351
868 1412
869 943
869 991
869 1532
869 1930
869 1982
870 1350
870 1738
870 1761
870 1826
871 878
871 1107
871 1280
871 1398
871 1640
871 1679
871 1920
872 1375
872 1517
872 1573
872 1689
872 1702
872 1811
872 1864
872 1984
873 1050
873 1462
873 1510
873 1606
873 1762
874 1434
874 1539
875 942
875 986
875 1151
875 1172
875 1202
875 1238
876 974
876 1796
877 1266
877 1296
877 1418
877 1474
877 1890
878 979
878 1222
878 1272
878 1296
878 1410
879 1098
879 1179
879 1276
879 1356
879 1560
879 1620
879 1830
880 1073
880 1282
880 1380
880 1425
880 1532
880 1566
881 1100
881 1338
881 1670
882 1708
882 1790
882 1793
883 1219
883 1258
883 1276
883 1308
883 1619
883 1739
884 1059
884 1337
885 1440
885 1535
885 1739
886 1238
886 1341
886 1463
887 1194
887 1428
887 1513
887 1535
887 1685
887 1913
887 1988
888 1027
888 1158
888 1430
888 1442
888 1732
888 1788
888 1801
888 1832
888 1995
889 1242
889 1948
890 1121
890 1166
890 1423
890 1501
890 1929
890 1984
891 903
891 1151
891 1470
891 1500
891 1641
891 1662
891 1779
892 1367
892 1453
892 1457
892 1990
893 1510
893 1914
894 1250
894 1614
894 1816
895 1136
895 1306
895 1397
895 1831
896 1286
896 1428
897 959
897 1032
897 1479
898 1678
898 1731
899 974
899 1157
899 1194
899 1292
899 1318
899 1375
899 1819
899 1839
899 1885
900 995
900 1238
900 1249
900 1277
900 1444
900 1765
900 1844
901 999
901 1597
901 1871
901 1898
901 1936
902 1001
902 1202
902 1330
902 1573
902 1806
903 1080
903 1541
904 1111
904 1299
904 1422
904 1448
904 1471
904 1542
904 1761
904 1819
905 1054
905 1176
905 1531
905 1707
905 1722
905 1841
905 1983
906 1530
906 1648
907 1604
907 1667
908 1118
908 1252
908 1382
908 1642
909 1050
909 1174
909 1199
909 1432
909 1576
909 1636
909 1651
909 1800
909 1878
909 1902
910 1252
910 1275
911 971
911 1046
911 1149
911 1195
911 1290
911 1335
911 1464
911 1490
911 1640
911 1999
912 1183
912 1748
913 1086
913 1488
913 1591
913 1820
913 1833
913 1994
914 1077
914 1109
914 1222
914 1437
914 1461
914 1520
914 1623
914 1835
914 1870
915 1268
915 1788
915 1809
915 1818
915 1826
916 1039
916 1248
916 1451
916 1637
916 1736
917 1318
917 1600
917 1962
918 930
918 1144
918 1496
918 1565
918 1826
918 1963
919 1465
919 1688
920 921
920 1639
920 1651
920 1792
920 1973
920 1983
921 1490
921 1717
921 1778
921 1804
921 1893
922 1120
922 1304
922 1987
923 1163
923 1386
923 1433
923 1586
923 1699
924 1326
924 1403
924 1924
925 1945
925 1988
926 1351
926 1407
926 1529
926 1532
926 1613
926 1967
927 1691
928 1064
928 1244
928 1314
928 1348
928 1629
929 1231
929 1268
930 1008
930 1089
930 1878
930 1918
931 1304
931 1314
931 1502
931 1670
931 1882
932 999
932 1335
932 1686
932 1764
932 1833
933 991
933 1625
933 1646
933 1675
933 1776
934 1071
934 1330
934 1379
935 1368
935 1530
935 1764
935 1955
935 1987
936 1358
936 1487
936 1560
936 1776
937 1255
937 1376
937 1412
937 1538
937 1656
937 1974
938 1016
938 1068
938 1581
938 1966
938 1970
939 1152
939 1401
939 1518
939 1785
940 1110
940 1397
940 1535
940 1584
940 1610
940 1613
940 1648
940 1724
940 1971
941 1306
941 1325
941 1525
941 1814
941 1826
942 1047
942 1157
942 1256
942 1342
942 1454
943 1091
943 1399
943 1405
943 1425
943 1646
944 1106
944 1112
944 1384
944 1754
945 1110
946 1352
946 1904
947 1276
947 1506
948 992
948 1094
948 1202
948 1938
948 1975
949 1065
949 1227
949 1650
949 1814
949 1958
950 1066
950 1114
950 1327
950 1588
950 1759
950 1981
951 1399
951 1662
951 1696
951 1867
951 1906
952 1045
952 1089
952 1159
952 1492
952 1631
952 1723
953 1332
953 1741
953 1764
953 1779
953 1829
954 1029
954 1335
955 1046
955 1252
955 1430
955 1947
955 1981
956 1045
956 1307
956 1338
956 1351
956 1636
956 1683
956 1715
957 1015
957 1051
957 1240
957 1332
957 1929
958 1137
958 1536
958 1583
958 1656
958 1830
958 1968
959 992
959 1114
959 1133
959 1457
959 1521
959 1660
959 1797
959 1810
959 1828
959 1955
960 1011
960 1072
960 1313
960 1428
960 1438
960 1553
960 1882
961 1142
961 1401
961 1701
961 1855
961 1993
962 1231
962 1645
963 1275
963 1643
963 1871
964 1496
964 1770
965 1128
966 1239
966 1300
966 1573
966 1955
967 1051
967 1152
967 1592
967 1924
967 1935
967 1989
968 1260
968 1356
968 1357
968 1519
968 1761
968 1946
969 1091
969 1650
969 1768
969 1943
970 1131
970 1145
970 1168
970 1277
971 1363
971 1416
971 1864
972 979
972 1108
972 1413
972 1423
972 1595
973 1002
973 1060
973 1705
973 1796
974 1163
974 1502
974 1706
974 1800
974 1993
975 1150
975 1503
975 1910
976 986
976 1674
976 1808
976 1915
977 1629
977 1929
978 1240
978 1251
978 1270
978 1281
978 1339
978 1858
979 1025
979 1418
979 1506
980 1122
980 1124
980 1389
980 1427
980 1538
980 1845
981 1805
981 1965
982 1043
982 1375
982 1518
982 1813
982 1872
984 1048
984 1150
984 1498
984 1604
985 1018
985 1056
985 1881
986 1073
986 1240
986 1242
986 1577
986 1709
987 1114
987 1189
987 1334
987 1604
987 1665
987 1707
988 1157
988 1249
988 1352
988 1424
988 1433
988 1822
989 1109
989 1266
989 1313
989 1468
989 1728
989 1864
990 1140
990 1286
990 1377
990 1774
990 1835
991 997
991 1662
991 1805
992 1334
992 1420
992 1507
992 1709
992 1766
993 1007
993 1016
993 1355
993 1602
993 1973
994 1440
994 1711
994 1712
994 1982
995 1078
995 1236
995 1314
995 1745
995 1773
995 1864
996 1129
996 1168
996 1451
996 1898
997 1654
997 1796
997 1829
998 1277
998 1472
998 1755
998 1757
999 1303
999 1404
999 1620
999 1705
999 1925
1000 1173
1000 1188
1000 1338
1000 1523
1000 1564
1000 1584
1000 1861
1001 1061
1001 1784
1002 1092
1002 1105
1002 1672
1002 1737
1003 1130
1003 1230
1003 1271
1003 1338
1003 1589
1003 1702
1003 1952
1004 1033
1004 1288
1004 1316
1004 1696
1005 1232
1005 1315
1005 1602
1005 1632
1005 1665
1006 1300
1006 1666
1006 1945
1007 1024
1007 1108
1007 1175
1007 1224
1007 1314
1007 1331
1007 1397
1007 1726
1007 1987
1008 1082
1008 1335
1008 1842
1008 1920
1009 1560
1009 1885
1009 1961
1010 1565
1010 1711
1011 1367
1011 1532
1011 1558
1011 1880
1011 1961
1012 1254
1012 1691
1013 1144
1013 1458
1013 1532
1013 1976
1014 1077
1014 1156
1014 1611
1014 1709
1015 1424
1015 1456
1015 1557
1016 1435
1016 1542
1016 1682
1016 1855
1017 1089
1017 1195
1017 1233
1017 1465
1017 1491
1018 1144
1018 1184
1018 1580
1018 1663
1018 1781
1018 1885
1019 1106
1019 1456
1019 1593
1019 1848
1019 1999
1020 1125
1020 1377
1020 1709
1020 1848
1021 1172
1022 1650
1023 1158
1023 1223
1023 1341
1023 1373
1023 1549
1023 1665
1023 1986
1024 1053
1024 1196
1024 1553
1024 1897
1025 1074
1025 1232
1025 1266
1025 1280
1025 1396
1025 1456
1025 1478
1025 1769
1025 1790
1026 1093
1026 1180
1026 1283
1026 1474
1026 1552
1027 1070
1027 1127
1027 1129
1027 1229
1027 1302
1027 1396
1027 1471
1027 1531
1027 1715
1027 1765
1028 1088
1028 1293
1028 1508
1028 1889
1029 1228
1029 1411
1029 1694
1029 1763
1030 1450
1030 1479
1030 1526
1030 1657
1030 1692
1030 1752
1030 1842
1031 1114
1031 1236
1031 1300
1031 1474
1031 1749
1031 1834
1032 1135
1032 1347
1032 1951
1033 1127
1033 1793
1033 1826
1034 1204
1034 1431
1034 1436
1034 1604
1034 1676
1035 1447
1035 1498
1035 1675
1035 1726
1035 1804
1036 1257
1036 1366
1036 1963
1036 1975
1037 1168
1037 1196
1037 1227
1037 1694
1038 1410
1038 1819
1038 1851
1038 1884
1039 1088
1039 1182
1039 1717
1039 1875
1039 1960
1040 1115
1040 1317
1040 1330
1040 1498
1040 1526
1040 1546
1040 1706
1041 1818
1041 1988
1041 1990
1042 1342
1042 1546
1042 1635
1043 1237
1043 1680
1043 1706
1043 1862
1043 1883
1043 1936
1044 1081
1044 1358
1044 1443
1044 1517
1044 1710
1044 1756
1044 1800
1044 1811
1045 1150
1045 1274
1045 1725
1045 1925
1046 1160
1046 1282
1046 1968
1047 1079
1047 1081
1047 1758
1047 1836
1048 1367
1048 1611
1049 1088
1049 1093
1051 1212
1051 1328
1051 1381
1051 1723
1051 1978
1052 1082
1052 1177
1052 1433
1052 1732
1053 1152
1053 1400
1053 1415
1053 1895
1054 1107
1054 1322
1054 1379
1054 1475
1054 1573
1054 1623
1054 1961
1055 1178
1055 1377
1055 1387
1055 1717
1055 1926
1055 1989
1056 1072
1056 1092
1056 1136
1056 1582
1056 1596
1056 1633
1056 1878
1057 1165
1057 1443
1058 1709
1058 1975
1059 1796
1060 1208
1060 1669
1060 1673
1060 1818
1060 1843
1060 1917
1061 1341
1061 1587
1061 1649
1062 1133
1062 1574
1062 1583
1062 1623
1062 1699
1062 1953
1063 1121
1063 1789
1063 1835
1064 1127
1064 1428
1064 1663
1064 1817
1064 1858
1065 1244
1065 1311
1065 1314
1065 1935
1066 1067
1066 1269
1066 1280
1066 1856
1066 1961
1067 1360
1067 1390
1068 1286
1068 1301
1068 1479
1068 1530
1068 1848
1069 1501
1069 1609
1070 1086
1070 1127
1070 1135
1070 1182
1070 1683
1070 1867
1070 1954
1071 1270
1071 1773
1071 1778
1071 1807
1071 1870
1071 1961
1072 1241
1072 1264
1072 1354
1072 1458
1072 1560
1072 1902
1073 1084
1073 1195
1073 1526
1073 1574
1073 1730
1073 1740
1073 1972
1074 1381
1074 1508
1074 1743
1074 1772
1075 1522
1075 1598
1075 1958
1076 1542
1076 1574
1076 1609
1076 1909
1077 1220
1077 1293
1077 1488
1077 1509
1077 1711
1077 1782
1078 1264
1078 1548
1079 1327
1080 1131
1080 1135
1080 1165
1080 1658
1080 1990
1081 1237
1081 1311
1081 1555
1081 1635
1082 1162
1082 1523
1082 1605
1082 1674
1082 1760
1083 1770
1083 1789
1084 1286
1084 1692
1085 1242
1085 1354
1085 1420
1085 1538
1085 1540
1085 1683
1085 1823
1086 1278
1086 1377
1086 1654
1086 1822
1086 1874
1087 1132
1087 1419
1087 1426
1087 1736
1087 1769
1088 1135
1088 1406
1088 1432
1088 1633
1088 1945
1089 1861
1089 1929
1090 1470
1090 1585
1090 1907
1090 1963
1091 1230
1091 1318
1091 1778
1092 1146
1092 1498
1092 1512
1092 1555
1092 1576
1092 1621
1092 1720
1092 1896
1092 1938
1092 1956
1093 1519
1093 1659
1094 1738
1094 1855
1095 1324
1095 1441
1095 1532
1095 1945
1096 1271
1096 1378
1096 1485
1097 1271
1098 1190
1098 1199
1098 1453
1098 1461
1098 1973
1099 1344
1099 1562
1099 1609
1099 1754
1099 1961
1100 1279
1100 1639
1101 1615
1101 1661
1102 1221
1102 1454
1102 1770
1103 1120
1103 1391
1103 1430
1103 1490
1104 1199
1104 1421
1104 1753
1104 1774
1104 1906
1105 1157
1106 1199
1106 1395
1106 1790
1106 1961
1107 1237
1107 1337
1107 1640
1107 1714
1107 1943
1108 1955
1108 1982
1109 1282
1109 1496
1111 1397
1111 1838
1112 1214
1112 1245
1112 1413
1113 1237
1113 1264
1113 1552
1113 1719
1113 1830
1113 1896
1114 1419
1114 1481
1114 1576
1114 1627
1115 1334
1115 1423
1115 1904
1115 1941
1116 1764
1116 1775
1116 1787
1116 1852
1116 1983
1117 1281
1117 1298
1117 1364
1117 1422
1117 1617
1117 1828
1118 1155
1118 1454
1118 1463
1118 1547
1118 1807
1118 1960
1118 1971
1119 1239
1119 1377
1119 1475
1119 1518
1120 1595
1120 1651
1120 1813
1120 1889
1120 1928
1121 1326
1121 1378
1121 1696
1122 1179
1122 1211
1122 1360
1122 1546
1122 1885
1122 1979
1123 1531
1124 1251
1124 1321
1124 1540
1124 1627
1124 1751
1124 1765
1124 1781
1124 1943
1124 1963
1124 1982
1125 1537
1125 1680
1126 1678
1127 1173
1127 1180
1127 1300
1127 1333
1127 1691
1127 1810
1127 1879
1127 1896
1127 1910
1128 1279
1128 1426
1128 1495
1128 1608
1129 1455
1129 1626
1129 1657
1129 1869
1130 1726
1130 1900
1130 1964
1131 1374
1131 1404
1131 1491
1131 1848
1132 1284
1132 1290
1132 1553
1132 1869
1132 1913
1133 1380
1133 1399
1133 1674
1133 1727
1133 1811
1133 1990
1134 1466
1134 1476
1134 1847
1135 1246
1135 1718
1135 1867
1136 1503
1136 1506
1136 1535
1137 1349
1137 1796
1137 1954
1138 1226
1138 1319
1138 1351
1138 1428
1139 1397
1139 1483
1140 1274
1140 1727
1140 1937
1141 1323
1141 1390
1141 1909
1142 1260
1142 1826
1143 1441
1143 1764
1143 1792
1143 1842
1144 1305
1144 1907
1144 1997
1145 1169
1145 1564
1145 1910
1145 1935
1146 1309
1146 1978
1147 1522
1147 1683
1148 1246
1148 1348
1148 1430
1148 1461
1148 1596
1149 1266
1149 1336
1149 1394
1149 1851
1150 1273
1150 1465
1150 1559
1150 1701
1151 1293
1151 1326
1151 1469
1151 1568
1151 1939
1152 1524
1152 1863
1153 1228
1153 1327
1153 1359
1153 1746
1153 1828
1153 1962
1154 1300
1154 1578
1154 1745
1154 1782
1154 1881
1154 1934
1155 1248
1155 1269
1155 1750
1155 1821
1155 1844
1156 1166
1156 1219
1156 1330
1156 1570
1156 1596
1156 1745
1157 1197
1157 1240
1157 1401
1157 1488
1157 1875
1159 1439
1159 1477
1159 1483
1160 1430
1160 1531
1160 1922
1161 1659
1162 1214
1162 1388
1162 1532
1162 1722
1162 1955
1163 1525
1163 1600
1163 1654
1163 1922
1163 1991
1164 1180
1164 1388
1164 1770
1164 1966
1165 1353
1165 1758
1166 1235
1166 1289
1167 1289
1167 1829
1167 1849
1167 1933
1167 1949
1168 1424
1168 1768
1169 1844
1169 1980
1170 1247
1170 1314
1170 1319
1170 1321
1170 1988
1171 1445
1171 1530
1171 1568
1171 1739
1172 1338
1173 1343
1173 1599
1173 1643
1173 1915
1174 1384
1174 1392
1174 1934
1175 1471
1175 1511
1175 1676
1175 1803
1175 1822
1176 1241
1176 1396
1177 1580
1177 1594
1177 1842
1178 1182
1178 1388
1179 1827
1180 1235
1180 1322
1180 1941
1181 1918
1182 1584
1182 1851
1182 1879
1182 1932
1183 1419
1183 1441
1183 1461
1183 1466
1183 1504
1183 1601
1183 1656
1183 1913
1184 1250
1184 1286
1184 1399
1184 1404
1184 1704
1185 1331
1185 1380
1185 1765
1185 1847
1185 1988
1186 1254
1186 1737
1187 1544
1187 1952
1188 1306
1188 1405
1188 1406
1188 1645
1188 1990
1189 1471
1189 1485
1189 1501
1189 1678
1190 1321
1190 1652
1190 1864
1191 1321
1191 1360
1191 1698
1191 1866
1191 1925
1191 1979
1192 1399
1192 1788
1193 1226
1193 1359
1193 1552
1193 1681
1193 1704
1194 1327
1194 1438
1194 1459
1194 1599
1194 1922
1195 1741
1195 1745
1196 1297
1196 1452
1196 1644
1197 1311
1197 1975
1198 1452
1198 1815
1199 1217
1199 1340
1199 1869
1200 1360
1200 1683
1200 1843
1201 1621
1201 1854
1202 1911
1203 1305
1203 1430
1203 1780
1203 1829
1203 1879
1203 1993
1204 1631
1204 1895
1205 1589
1205 1819
1206 1689
1206 1864
1207 1422
1207 1656
1208 1375
1208 1633
1208 1966
1209 1273
1209 1322
1210 1422
1210 1544
1210 1715
1210 1728
1211 1348
1211 1531
1211 1870
1211 1890
1211 1998
1212 1629
1212 1674
1213 1392
1214 1652
1214 1708
1214 1916
1215 1354
1215 1604
1215 1678
1215 1861
1216 1226
1216 1245
1216 1402
1216 1423
1217 1364
1217 1441
1217 1649
1217 1813
1217 1884
1218 1256
1218 1333
1218 1598
1218 1680
1218 1749
1218 1913
1219 1423
1219 1820
1220 1421
1220 1664
1220 1680
1220 1750
1221 1397
1221 1887
1221 1890
1222 1297
1222 1756
1222 1823
1223 1295
1223 1334
1223 1392
1223 1579
1223 1825
1224 1475
1224 1489
1224 1663
1224 1667
1225 1308
1225 1324
1225 1464
1225 1468
1225 1716
1225 1869
1226 1474
1226 1627
1226 1650
1226 1685
1226 1847
1227 1245
1227 1607
1227 1720
1227 1910
1228 1545
1229 1483
1229 1504
1229 1646
1229 1946
1230 1283
1230 1592
1230 1616
1231 1307
1231 1344
1231 1771
1231 1820
1232 1264
1232 1327
1232 1824
1232 1939
1232 1948
1232 1981
1233 1476
1233 1727
1234 1565
1234 1663
1234 1998
1235 1299
1235 1406
1235 1803
1235 1841
1235 1843
1236 1891
1236 1936
1237 1303
1237 1347
1237 1721
1238 1681
1238 1884
1238 1968
1239 1240
1239 1613
1239 1921
1240 1578
1240 1592
1240 1700
1240 1840
1240 1859
1241 1295
1241 1325
1241 1460
1242 1683
1242 1820
1243 1338
1243 1898
1244 1989
1245 1291
1246 1577
1247 1257
1247 1478
1247 1742
1248 1293
1248 1426
1248 1599
1248 1626
1248 1712
1248 1744
1248 1745
1248 1915
1248 1954
1249 1630
1250 1927
1251 1466
1251 1474
1251 1559
1251 1700
1252 1651
1252 1880
1252 1890
1253 1347
1253 1411
1253 1510
1253 1527
1253 1557
1253 1608
1254 1636
1254 1708
1254 1940
1255 1532
1255 1712
1255 1770
1255 1992
1256 1382
1256 1420
1256 1629
1257 1473
1258 1290
1258 1854
1260 1437
1260 1862
1261 1446
1261 1648
1261 1712
1262 1301
1262 1326
1262 1468
1263 1464
1263 1498
1263 1542
1264 1375
1264 1492
1264 1495
1265 1279
1265 1341
1265 1746
1266 1339
1266 1757
1266 1911
1267 1426
1267 1515
1267 1665
1268 1475
1268 1659
1270 1368
1270 1878
1271 1461
1272 1506
1273 1790
1273 1971
1274 1451
1274 1585
1274 1973
1275 1528
1275 1633
1276 1332
1276 1825
1277 1469
1277 1490
1277 1502
1277 1711
1278 1644
1278 1755
1279 1650
1279 1806
1279 1882
1280 1327
1280 1339
1280 1544
1280 1670
1280 1806
1281 1329
1281 1408
1281 1443
1282 1450
1282 1528
1282 1598
1282 1888
1283 1469
1283 1489
1283 1529
1283 1658
1283 1904
1284 1845
1285 1314
1286 1601
1287 1315
1287 1445
1287 1664
1287 1752
1287 1775
1287 1777
1287 1908
1288 1511
1289 1350
1289 1644
1289 1731
1290 1619
1291 1798
1291 1919
1292 1365
1292 1513
1292 1839
1293 1380
1293 1392
1293 1453
1293 1544
1293 1563
1293 1727
1293 1796
1294 1815
1295 1438
1295 1580
1295 1693
1296 1614
1297 1634
1297 1746
1297 1772
1298 1531
1298 1543
1298 1824
1298 1826
1299 1615
1299 1777
1299 1898
1300 1349
1300 1484
1300 1532
1300 1667
1300 1731
1300 1736
1301 1371
1301 1683
1301 1695
1301 1993
1302 1512
1302 1848
1302 1924
1303 1409
1303 1427
1303 1453
1304 1325
1305 1319
1305 1367
1305 1377
1305 1505
1305 1647
1305 1911
1307 1360
1307 1442
1307 1599
1307 1752
1307 1785
1308 1388
1308 1405
1308 1504
1309 1550
1309 1654
1309 1988
1310 1615
1310 1761
1310 1905
1311 1444
1311 1520
1311 1747
1311 1861
1312 1385
1312 1901
1313 1666
1314 1377
1314 1652
1314 1979
1315 1730
1315 1852
1316 1602
1316 1987
1318 1855
1319 1633
1319 1657
1320 1529
1320 1978
1321 1668
1321 1750
1322 1934
1323 1658
1323 1771
1323 1985
1324 1404
1324 1734
1325 1354
1325 1606
1325 1944
1326 1502
1327 1482
1327 1782
1327 1872
1328 1388
1328 1527
1328 1945
1329 1374
1329 1421
1329 1497
1329 1549
1329 1834
1330 1459
1330 1511
1330 1715
1330 1718
1330 1971
1331 1360
1331 1501
1331 1502
1331 1519
1331 1544
1331 1575
1331 1601
1331 1801
1332 1582
1332 1646
1332 1648
1332 1715
1332 1950
1333 1785
1333 1884
1333 1932
1333 1956
1334 1385
1334 1400
1334 1437
1334 1489
1335 1535
1335 1768
1335 1786
1335 1924
1336 1376
1336 1564
1336 1681
1337 1463
1337 1630
1337 1973
1338 1403
1338 1568
1338 1671
1338 1974
1339 1642
1339 1778
1340 1341
1340 1412
1341 1430
1341 1808
1342 1492
1342 1857
1342 1971
1343 1570
1343 1825
1344 1422
1344 1526
1344 1546
1344 1576
1344 1587
1344 1768
1344 1872
1345 1369
1345 1375
1345 1909
1345 1951
1346 1503
1346 1643
1347 1408
1347 1579
1347 1643
1347 1706
1347 1908
1349 1590
1349 1749
1349 1789
1349 1896
1349 1930
1350 1600
1351 1568
1352 1580
1352 1598
1353 1434
1353 1443
1353 1462
1353 1930
1353 1950
1353 1987
1354 1621
1354 1739
1354 1746
1354 1841
1354 1844
1355 1493
1355 1586
1355 1716
1355 1985
1356 1681
1356 1756
1357 1541
1357 1581
1357 1776
1357 1788
1357 1990
1357 1995
1358 1982
1359 1622
1359 1672
1359 1828
1360 1878
1360 1969
1361 1719
1361 1887
1361 1987
1362 1470
1363 1636
1363 1842
1363 1862
1363 1968
1364 1388
1364 1589
1364 1690
1364 1965
1365 1666
1365 1755
1365 1849
1365 1949
1365 1983
1366 1950
1366 1980
1367 1849
1367 1892
1367 1937
1368 1420
1368 1426
1368 1478
1368 1559
1368 1910
1369 1608
1369 1730
1370 1522
1370 1552
1370 1674
1370 1819
1370 1868
1370 1939
1371 1479
1371 1507
1371 1681
1371 1897
1371 1936
1371 1982
1372 1385
1372 1755
1373 1513
1373 1645
1374 1659
1374 1886
1374 1905
1375 1588
1375 1678
1376 1834
1377 1406
1377 1694
1377 1851
1378 1489
1378 1551
1378 1662
1378 1841
1378 1883
1378 1915
1380 1450
1380 1532
1380 1580
1380 1813
1380 1887
1381 1683
1381 1756
1382 1766
1383 1489
1383 1510
1383 1716
1383 1960
1383 1981
1384 1585
1384 1741
1384 1804
1385 1761
1385 1878
1385 1996
1386 1584
1387 1446
1387 1569
1388 1397
1388 1614
1389 1858
1390 1504
1390 1596
1390 1874
1391 1735
1392 1502
1392 1716
1392 1758
1393 1741
1393 1938
1394 1411
1394 1500
1394 1804
1394 1843
1394 1956
1395 1469
1395 1546
1395 1684
1395 1834
1396 1478
1396 1573
1396 1592
1396 1730
1397 1607
1397 1618
1398 1411
1398 1669
1398 1829
1399 1485
1399 1770
1399 1902
1400 1421
1400 1537
1400 1992
1401 1630
1401 1858
1402 1785
1402 1841
1402 1849
1403 1560
1403 1579
1403 1636
1403 1637
1403 1693
1403 1720
1404 1464
1404 1601
1404 1684
1405 1531
1405 1548
1405 1616
1405 1920
1406 1826
1406 1982
1407 1491
1407 1602
1407 1676
1408 1562
1408 1577
1408 1826
1408 1895
1409 1607
1410 1657
1410 1729
1410 1819
1410 1945
1411 1668
1412 1832
1413 1426
1413 1493
1413 1686
1414 1432
1414 1567
1414 1655
1414 1768
1415 1671
1416 1529
1416 1539
1417 1645
1417 1856
1418 1599
1418 1879
1419 1479
1420 1494
1421 1945
1422 1893
1423 1885
1424 1440
1424 1552
1424 1708
1424 1835
1424 1874
1424 1878
1424 1929
1426 1961
1427 1558
1427 1560
1427 1783
1428 1632
1428 1763
1428 1782
1428 1961
1429 1614
1429 1876
1430 1449
1431 1461
1431 1526
1433 1586
1433 1689
1434 1678
1434 1837
1434 1880
1435 1479
1435 1558
1435 1869
1435 1911
1435 1952
1437 1521
1437 1666
1437 1932
1438 1505
1439 1500
1440 1604
1440 1802
1440 1830
1441 1479
1441 1901
1443 1514
1443 1747
1443 1846
1443 1855
1444 1461
1444 1855
1444 1979
1445 1556
1445 1613
1445 1710
1446 1717
1446 1816
1447 1598
1447 1604
1447 1686
1448 1619
1449 1657
1449 1739
1450 1644
1450 1666
1450 1805
1450 1990
1451 1787
1452 1957
1453 1711
1454 1556
1454 1591
1454 1661
1455 1651
1455 1849
1456 1749
1456 1904
1457 1985
1458 1499
1459 1667
1459 1744
1459 1789
1460 1691
1460 1694
1460 1766
1460 1797
1460 1836
1460 1965
1461 1693
1461 1847
1461 1885
1463 1670
1463 1784
1463 1858
1463 1922
1464 1652
1464 1702
1465 1827
1466 1477
1466 1981
1467 1695
1467 1919
1468 1494
1468 1921
1469 1842
1469 1886
1469 1919
1470 1486
1471 1600
1471 1825
1472 1542
1472 1923
1473 1689
1473 1890
1474 1479
1474 1812
1476 1544
1476 1805
1476 1899
1477 1631
1477 1869
1477 1955
1477 1981
1478 1803
1479 1982
1480 1646
1482 1690
1482 1809
1482 1951
1483 1515
1483 1603
1483 1618
1483 1726
1483 1896
1483 1973
1484 1544
1484 1673
1485 1727
1486 1734
1487 1524
1487 1572
1488 1671
1490 1692
1490 1757
1490 1876
1492 1602
1492 1830
1494 1927
1495 1697
1496 1620
1496 1724
1496 1845
1496 1885
1497 1632
1497 1921
1497 1987
1498 1660
1499 1808
1499 1911
1500 1668
1500 1702
1500 2000
1501 1848
1502 1881
1502 1922
1503 1599
1503 1878
1503 1892
1504 1583
1504 1641
1504 1932
1504 1989
1505 1705
1505 1752
1506 1570
1506 1784
1507 1675
1507 1749
1507 1773
1507 1849
1507 1914
1508 1815
1508 1873
1510 1613
1510 1758
1510 1960
1510 1985
1511 1652
1511 1797
1511 1851
1512 1668
1513 1676
1513 1822
1513 1994
1514 1895
1514 1963
1516 1755
1516 1945
1517 1606
1517 1627
1517 1719
1517 1904
1518 1633
1518 1641
1518 1821
1518 1928
1518 1943
1519 1816
1520 1548
1520 1864
1521 1660
1521 1911
1522 1935
1523 1652
1523 1716
1523 1799
1524 1550
1524 1753
1524 1775
1524 1894
1525 1583
1525 1811
1525 1886
1525 1900
1526 1675
1527 1944
1528 1630
1528 1757
1529 1620
1529 1847
1530 1543
1530 1593
1530 1959
1531 1720
1531 1759
1533 1601
1533 1768
1533 1928
1533 1952
1533 1993
1534 1713
1534 1984
1535 1686
1536 1642
1536 1901
1537 1675
1538 1749
1538 1901
1539 1563
1539 1953
1540 1734
1540 1794
1541 1563
1541 1857
1541 1905
1543 1817
1544 1589
1544 1920
1544 1953
1544 1963
1545 1563
1545 1615
1545 1816
1549 1903
1549 1905
1550 1788
1550 1850
1551 1610
1551 1732
1551 1847
1552 1603
1552 1626
1552 1679
1552 1965
1553 1850
1555 1605
1555 1614
1555 1686
1556 1646
1556 1865
1558 1793
1559 1733
1560 1589
1560 1617
1560 2000
1561 1828
1565 1590
1565 1756
1565 1790
1565 1858
1566 1849
1566 1876
1568 1983
1569 1692
1569 1755
1570 1962
1571 1747
1572 1601
1572 1667
1572 1788
1572 1790
1573 1663
1573 1703
1573 1955
1574 1587
1574 1800
1575 1653
1575 1867
1576 1967
1577 1583
1577 1922
1578 1767
1579 1815
1579 1839
1580 1662
1580 1914
1580 1951
1581 1728
1582 1938
1584 1636
1585 1754
1586 1990
1587 1654
1587 1872
1587 1944
1588 1662
1589 1637
1589 1703
1589 1893
1589 1934
1591 1786
1591 1971
1592 1942
1593 1869
1593 1962
1594 1701
1594 1781
1594 1957
1596 1797
1597 1721
1597 1860
1597 1924
1598 1647
1598 1915
1598 1959
1598 1965
1598 1989
1599 1625
1599 1946
1600 1606
1602 1949
1602 1955
1603 1781
1604 1771
1604 1773
1606 1733
1607 1866
1608 1735
1608 1821
1609 1800
1609 1969
1610 1657
1610 1746
1611 1891
1612 1781
1613 1820
1613 1966
1614 1903
1617 1835
1618 1619
1619 1797
1619 1957
1620 1730
1620 1822
1621 1625
1621 1905
1621 1963
1623 1785
1624 1681
1624 1986
1624 1993
1625 1727
1625 1953
1626 1698
1626 1748
1626 1882
1626 1925
1626 1974
1627 1884
1630 1745
1630 1750
1630 1931
1631 1723
1631 1843
1631 1955
1633 1733
1633 1855
1634 1640
1634 1764
1634 1778
1635 1711
1637 1833
1637 1894
1640 1795
1642 1696
1644 1896
1645 1789
1646 1840
1646 1889
1647 1650
1647 1818
1647 1955
1648 1916
1648 1971
1649 1741
1650 1919
1651 1816
1651 1852
1651 1895
1652 1723
1653 1947
1654 1683
1655 1929
1656 1758
1656 1994
1657 1901
1658 1890
1659 1972
1660 1699
1660 1758
1660 1792
1660 1943
1661 1797
1662 1683
1663 1829
1663 1857
1663 1969
1664 1723
1664 1911
1664 1926
1665 1757
1665 1954
1666 1724
1666 1811
1666 1931
1666 1948
1667 1736
1667 1803
1667 1820
1668 1678
1668 1858
1668 1862
1669 1733
1672 1831
1674 1794
1674 1830
1677 1779
1678 1697
1678 1867
1680 1726
1681 1803
1681 1965
1681 2000
1683 1741
1683 1794
1683 1855
1683 1860
1683 1917
1684 1693
1686 1880
1687 1777
1687 1848
1687 1904
1687 1988
1688 1751
1688 1928
1688 1961
1689 1692
1689 1859
1690 1880
1691 1894
1692 1780
1692 1929
1694 1816
1695 1740
1695 1919
1695 1941
1697 1804
1697 1882
1698 1948
1698 1981
1699 1918
1701 1710
1701 1982
1702 1827
1702 1928
1703 1728
1703 1730
1703 1787
1704 1848
1704 1849
1705 1787
1706 1778
1706 1988
1707 1900
1707 1973
1710 1895
1711 1821
1711 1983
1712 1726
1712 1999
1714 1935
1715 1919
1720 1756
1720 1945
1721 1791
1721 1799
1722 1883
1722 1898
1723 1845
1725 1783
1725 1861
1725 1964
1726 1809
1726 1892
1727 1798
1727 1930
1728 1802
1728 1832
1728 1872
1729 1861
1729 1956
1731 1769
1731 1976
1733 1822
1733 1825
1733 1955
1735 1830
1735 1956
1737 1763
1738 1774
1739 1822
1739 1825
1741 1793
1742 1969
1743 1964
1745 1827
1746 1870
1746 1997
1751 1759
1751 1794
1751 1799
1751 1812
1751 1816
1752 1824
1752 1827
1752 1891
1753 1786
1754 1895
1754 1943
1755 1758
1756 1883
1757 1935
1758 1949
1760 1767
1760 1772
1760 1999
1761 1972
1762 1777
1763 1915
1763 1935
1764 1888
1764 1914
1764 1941
1767 1899
1769 1825
1769 1891
1771 1823
1772 1900
1774 1886
1774 1925
1778 1919
1781 1790
1781 1942
1781 1978
1782 1814
1784 1790
1784 1847
1788 1895
1789 1864
1789 1960
1792 1998
1797 1898
1797 1990
1798 1980
1800 1865
1800 1966
1803 1936
1804 1819
1804 1922
1804 1951
1805 1941
1806 1950
1808 1972
1809 1913
1814 1969
1817 1830
1818 1842
1822 1894
1822 1932
1823 1976
1824 1910
1825 1916
1826 1858
1827 1847
1827 1930
1828 1893
1829 1903
1830 1872
1833 1954
1835 1846
1838 1935
1840 1867
1844 1908
1844 1971
1845 1993
1846 1881
1847 1867
1852 1936
1858 1990
1859 1880
1861 1913
1861 1977
1872 1894
1876 1886
1876 1958
1877 1888
1879 1920
1880 1895
1881 1999
1882 1973
1883 1886
1883 1905
1884 1929
1885 1925
1890 1922
1898 1914
1904 1970
1910 1967
1912 1959
1913 1967
1921 1942
1923 2000
1926 1969
1932 1934
1932 1943
1932 1963
1932 1969
1934 1962
1940 1979
1942 1987
1943 1953
1955 1994
1964 1981
1964 1999
1973 1983