2000
1 120
1 267
1 1073
1 1462
2 144
2 422
2 631
2 702
2 715
2 912
2 972
2 1969
3 896
3 925
3 1038
3 1419
3 1869
3 1913
3 1933
4 589
4 1044
4 1156
4 1166
4 1396
4 1634
4 1646
4 1950
5 333
5 416
5 487
5 653
5 661
5 1026
5 1085
5 1416
5 1919
6 390
6 778
6 828
6 1372
6 1826
6 1970
7 641
7 688
7 792
8 87
8 838
8 880
8 1550
8 1763
8 1796
8 1844
8 1964
9 255
9 348
9 711
9 870
9 1135
9 1172
9 1814
9 1931
10 456
10 655
10 1215
10 1896
11 1539
11 1581
12 54
12 245
12 268
12 368
12 1586
12 1601
12 1696
13 244
13 925
13 1039
13 1105
13 1259
13 1590
13 1628
14 48
14 49
14 55
14 676
14 680
14 1167
14 1184
14 1612
14 1619
15 308
15 342
15 1254
15 1443
15 1500
16 167
16 184
16 430
16 640
16 945
16 1070
16 1165
16 1429
16 1909
17 59
17 253
17 287
17 603
17 1077
17 1098
17 1375
18 123
18 509
18 623
18 628
18 708
18 790
18 961
18 1169
18 1397
18 1566
18 1840
19 432
19 516
19 895
19 916
19 977
19 1536
20 269
20 330
20 447
20 613
20 618
20 679
20 1186
20 1672
21 321
21 575
21 829
21 981
21 1032
21 1542
21 1929
22 859
22 974
22 1301
22 1691
23 419
23 421
23 436
23 623
23 931
23 1559
23 1939
24 333
24 369
24 715
24 804
24 1264
24 1348
24 1451
24 1953
25 1462
25 1612
26 148
26 370
26 501
26 874
26 1051
26 1085
26 1278
26 1371
26 1490
26 1754
26 1860
27 136
27 450
27 565
27 1799
28 166
28 392
28 398
28 402
28 740
28 862
28 1001
28 1334
28 1534
28 1746
29 106
29 859
29 934
29 973
29 1184
29 1210
29 1251
29 1340
30 107
30 129
30 223
30 478
30 891
30 1477
30 1511
30 1642
30 1729
30 1985
31 953
31 1616
31 1635
32 700
32 764
32 847
32 1340
32 1363
32 1382
32 1834
33 583
33 716
33 992
33 1123
33 1128
33 1550
33 1973
34 287
34 1014
34 1140
35 851
35 934
35 1192
35 1316
35 1322
35 1371
35 1383
35 1944
36 362
36 517
36 554
36 719
36 1359
37 526
37 1129
37 1388
37 1658
37 1766
37 1999
38 120
38 248
38 369
38 378
38 766
38 929
39 458
39 1071
39 1451
39 1507
39 1862
40 52
40 187
40 862
40 960
40 1187
40 1314
40 1503
40 1794
41 148
41 171
41 231
41 668
41 800
41 1327
41 1772
41 1787
41 1993
42 495
42 770
42 773
42 1466
42 1793
43 111
43 1106
43 1187
43 1197
44 108
44 257
44 332
44 385
44 654
44 711
44 795
44 1149
44 1560
44 1639
44 1641
45 176
45 634
45 1346
46 222
46 276
46 951
46 992
46 1103
47 341
47 404
47 572
47 787
47 1051
47 1147
47 1648
47 1671
47 1918
48 528
48 785
48 798
48 887
48 1081
48 1289
48 1747
49 127
49 813
49 1094
49 1150
49 1396
49 1686
49 1950
50 312
50 438
50 472
50 661
50 908
50 1171
50 1316
51 362
51 453
51 712
51 1120
51 1142
51 1805
52 500
52 613
52 684
52 720
52 891
52 911
52 1116
52 1698
53 360
53 571
53 1012
53 1221
53 1490
53 1608
53 1940
54 1040
54 1091
54 1575
54 1879
55 398
55 1007
55 1852
55 1866
55 1914
55 1959
56 310
56 530
56 776
56 1157
56 1565
56 1814
57 692
57 761
57 1382
57 1634
58 285
58 749
58 1155
58 1225
58 1767
58 1943
59 584
59 670
59 679
59 884
59 998
59 1151
59 1321
59 1568
59 1796
59 1889
60 108
60 280
60 569
60 604
60 768
60 822
60 1462
61 563
61 826
61 841
61 1373
61 1678
62 234
62 702
62 1643
62 1948
62 1953
62 1972
62 1993
63 108
63 139
63 426
63 588
63 644
63 783
63 1059
63 1337
63 1864
64 270
64 309
64 379
64 568
64 824
64 1809
65 293
65 409
65 434
65 1159
65 1379
65 1442
65 1443
65 1999
66 140
66 362
66 392
66 787
66 938
66 1285
66 1336
66 1370
66 1957
67 278
67 402
67 460
67 526
67 1050
67 1104
67 1169
68 69
68 113
68 528
68 845
68 1001
68 1003
68 1525
68 1604
69 404
69 639
69 993
69 1292
69 1864
70 924
70 1107
70 1317
70 1355
70 1965
70 1998
71 969
71 1085
71 1183
71 1542
72 91
72 319
72 586
72 737
72 1170
72 1848
72 1861
73 1843
74 239
74 247
74 668
74 981
74 983
74 1045
74 1077
74 1156
74 1260
74 1450
74 1528
74 1696
75 202
75 214
75 341
75 835
75 1154
75 1824
75 1960
76 660
76 821
76 1177
76 1947
77 274
77 415
77 427
77 745
77 1082
77 1105
78 118
78 316
78 398
78 435
78 1722
78 1792
78 1865
79 208
79 442
79 607
79 764
79 1350
79 1707
80 339
80 611
80 705
80 937
80 1230
81 520
81 556
81 627
81 1216
81 1493
81 1552
81 1604
81 1801
81 1813
81 1972
82 172
82 339
82 1195
82 1277
82 1320
82 1534
83 119
83 546
84 602
84 1247
84 1325
84 1708
85 442
85 592
85 731
85 1267
85 1285
86 493
86 850
86 989
86 1154
86 1335
86 1527
86 1567
86 1895
87 381
87 674
87 747
87 829
87 942
87 1059
87 1420
87 1793
87 1973
88 545
88 572
88 1143
88 1625
88 1979
89 547
89 632
89 665
89 890
89 1043
89 1257
89 1791
89 1879
90 839
90 1413
90 1667
90 1822
91 335
91 972
91 1065
91 1298
91 1415
91 1939
92 269
92 1254
92 1919
92 1963
93 95
93 438
93 449
93 528
93 895
93 1320
93 1712
94 608
94 1657
94 1695
95 114
95 1246
95 1737
95 1793
96 342
96 530
96 538
96 704
96 714
96 866
96 905
96 939
96 1605
96 1712
97 437
97 974
97 1397
98 628
98 1223
98 1890
99 193
99 638
99 870
99 1559
100 252
100 772
100 862
100 1220
100 1280
100 1467
101 560
101 781
101 790
101 795
101 1099
101 1334
101 1450
101 1474
101 1535
101 1554
101 1796
102 308
102 1122
102 1374
103 121
103 349
103 357
103 484
103 833
103 1068
103 1081
103 1134
103 1244
103 1260
104 272
104 366
104 538
104 539
104 869
104 968
104 1638
104 1730
104 1918
105 501
105 551
105 650
105 1180
105 1275
105 1340
105 1370
105 1533
105 1606
106 156
106 754
106 910
107 326
107 982
107 1176
108 478
108 497
108 993
108 1260
108 1343
108 1795
109 771
109 882
109 1349
109 1867
110 275
110 468
110 776
110 894
110 1178
110 1420
110 1787
110 1817
110 1839
111 315
111 703
111 945
111 1538
111 1668
111 1971
111 1988
112 473
112 1353
112 1362
112 1396
112 1704
113 265
113 560
113 651
113 1181
113 1723
113 1733
113 1943
114 646
114 680
114 788
114 1151
114 1288
114 1584
114 1669
114 1785
114 1932
115 557
115 675
115 1112
115 1822
116 330
116 487
116 1087
116 1137
116 1338
116 1450
116 1832
117 689
117 860
117 861
117 865
117 1068
117 1104
117 1680
117 1790
118 605
118 649
118 898
118 965
118 1784
119 368
119 714
119 914
119 1544
119 1708
119 1926
119 1968
120 127
120 154
120 496
120 991
120 1152
120 1161
120 1253
120 1345
120 1515
121 384
121 1167
121 1643
121 1853
122 369
122 528
122 529
122 921
122 963
122 988
122 1166
122 1242
122 1259
123 266
123 809
123 1282
124 164
124 290
124 781
124 797
124 880
124 1025
124 1175
124 1319
124 1606
124 1743
124 1921
124 1989
125 319
125 334
125 357
125 659
125 745
125 868
125 939
125 1226
125 1370
125 1633
126 141
126 542
126 623
126 661
126 823
126 947
126 1649
126 1685
126 1770
127 379
127 492
127 607
127 795
127 1215
127 1238
127 1601
127 1775
128 130
128 157
128 305
128 316
128 483
128 1418
128 1832
128 1838
129 244
129 345
129 1097
129 1196
129 1510
129 1787
130 547
130 567
130 894
130 1162
130 1326
130 1392
130 1923
130 1936
131 716
131 1195
131 1310
131 1510
131 1555
131 1572
131 1795
131 1973
132 693
132 776
132 1034
132 1383
133 208
133 225
133 356
133 1068
133 1184
133 1719
133 1828
133 1922
134 486
134 762
134 1082
134 1387
134 1447
134 1635
134 1701
134 1877
135 402
135 581
135 704
135 956
135 991
136 396
136 722
136 1978
137 196
137 659
137 786
137 1045
137 1118
137 1160
138 295
138 567
138 951
138 1135
138 1379
139 337
139 374
139 613
139 1338
139 1344
139 1601
139 1730
140 341
140 709
140 913
140 992
140 1470
140 1728
140 1852
140 1908
140 1965
141 343
141 442
141 729
141 796
141 990
141 1033
141 1242
141 1376
141 1460
141 1475
141 1607
141 1913
142 249
142 550
142 1093
142 1180
142 1186
142 1618
143 159
143 197
143 609
143 789
143 818
144 1047
144 1293
144 1792
144 1868
145 766
145 994
145 1002
145 1253
145 1279
145 1890
146 205
146 767
146 1296
146 1567
146 1895
146 1934
147 589
147 640
147 1410
147 1540
147 1627
148 260
148 297
148 314
148 834
148 879
148 989
148 1088
148 1409
148 1529
148 1959
149 375
149 767
149 849
149 991
149 1133
149 1273
149 1321
149 1393
149 1666
149 1724
149 1774
149 1924
150 283
150 765
150 803
150 1185
150 1665
151 190
151 225
151 274
151 654
151 1672
151 1714
151 1950
152 393
152 449
152 451
152 677
152 875
152 903
152 1764
152 1931
153 314
153 1016
153 1753
154 184
154 207
154 251
154 532
154 580
154 839
154 928
154 1291
154 1310
154 1855
155 161
155 241
155 243
155 723
155 967
155 1043
155 1174
155 1309
155 1382
156 248
156 276
156 1337
156 1369
156 1427
156 1542
156 1804
157 684
157 866
157 939
157 1338
157 1588
158 354
158 543
158 857
158 931
158 1080
158 1257
158 1539
158 1826
158 1969
159 520
159 529
159 695
159 885
159 902
159 1006
159 1798
159 1914
160 665
160 916
160 1052
160 1250
160 1597
161 427
161 527
161 715
161 879
161 1099
161 1240
161 1405
162 832
162 1455
162 1481
162 1788
162 1822
163 164
163 330
163 862
163 1333
163 1492
164 249
164 457
164 689
164 716
164 903
164 1193
164 1601
164 1771
165 367
165 471
165 614
165 972
165 1131
165 1369
165 1585
165 1694
166 490
166 1364
166 1720
167 176
167 555
167 1181
167 1602
167 1889
168 213
168 217
168 242
168 507
168 999
168 1287
168 1688
168 1707
168 1789
169 272
169 349
169 748
169 1289
170 870
170 1022
170 1036
170 1522
170 1716
171 195
171 330
171 474
171 942
171 980
171 1130
171 1787
172 251
172 464
172 474
172 704
172 1034
172 1365
172 1758
172 1968
173 219
173 270
173 469
173 487
173 882
173 972
173 978
173 1128
173 1310
173 1604
174 495
174 766
174 986
174 1924
175 618
175 1132
175 1364
175 1696
175 1788
175 1861
175 1979
176 283
176 385
176 601
176 998
176 1267
176 1493
177 332
177 575
177 591
177 1170
177 1328
178 346
178 534
178 540
178 1199
178 1620
178 1842
178 1866
179 335
179 1639
179 1755
179 1779
179 1936
180 284
180 755
180 1234
180 1312
180 1392
180 1578
180 1607
180 1638
181 314
181 518
181 1535
181 1571
181 1808
182 459
182 548
182 814
182 1017
182 1577
183 756
183 777
183 920
183 922
183 1400
184 452
184 1586
184 1631
184 1815
184 1893
185 627
185 646
185 1142
186 260
186 314
186 632
186 1394
186 1733
186 1790
187 452
187 1130
188 266
188 588
188 645
188 1208
188 1279
188 1463
189 218
189 689
189 1246
189 1342
189 1409
189 1896
190 197
190 308
190 590
190 607
190 623
190 890
190 1201
190 1286
190 1400
190 1588
191 288
191 298
191 633
191 1904
191 1919
191 1996
192 574
192 620
192 1119
192 1174
192 1358
192 1506
192 1633
192 1728
192 1893
193 417
193 597
193 926
193 1086
193 1563
193 1802
193 1901
194 489
194 1649
194 1953
195 701
195 1605
195 1668
196 371
196 1504
196 1590
196 1636
197 753
197 808
197 1001
197 1190
197 1379
197 1609
197 1717
197 1793
198 1533
198 1589
199 261
199 521
199 553
199 806
199 1254
199 1958
200 515
200 1250
200 1294
200 1352
200 1641
200 1902
201 359
201 522
201 1137
201 1366
201 1603
202 446
202 545
202 1041
202 1371
203 314
203 386
203 553
203 1126
203 1137
203 1271
203 1514
203 1519
203 1830
203 1970
204 365
204 670
204 823
204 1522
204 1964
205 757
205 1381
205 1780
206 232
206 337
206 1377
206 1568
206 1595
206 1642
206 1792
206 1816
206 1867
206 1976
207 239
207 400
207 552
207 678
207 1163
207 1291
207 1323
207 1363
207 1461
207 1481
207 1627
207 1802
208 722
208 1016
208 1178
209 445
209 580
209 691
209 719
209 737
209 1081
209 1321
209 1667
210 659
210 724
210 1707
211 485
211 886
211 1658
211 1790
212 468
212 1885
213 961
213 1014
213 1794
214 327
214 718
214 1534
214 1543
215 493
215 1079
216 272
216 282
216 317
216 359
216 488
216 605
216 957
216 1189
216 1319
216 1504
216 1913
216 1966
217 400
217 1231
217 1372
217 1587
217 1757
218 508
218 1116
219 1012
219 1188
219 1339
219 1390
219 1448
220 336
220 563
220 1194
220 1228
220 1845
220 1996
221 477
221 489
221 730
221 793
221 1294
221 1957
222 328
222 801
222 1073
222 1243
222 1619
222 1626
222 1964
223 324
223 419
223 701
223 932
223 1093
223 1932
224 488
224 552
224 744
224 864
224 969
224 1155
224 1328
224 1541
224 1731
224 1944
225 607
225 743
225 1027
225 1266
225 1397
225 1409
225 1733
226 292
226 905
226 1488
226 1499
226 1759
227 317
227 527
227 679
227 693
227 1624
228 268
228 1057
228 1058
228 1128
228 1198
228 1631
228 1820
228 1959
228 1993
229 358
229 638
229 1097
229 1359
229 1449
230 303
230 345
230 798
230 1244
230 1399
230 1676
230 1933
230 1943
231 269
231 322
231 431
231 591
231 785
231 1027
232 264
232 289
232 444
232 674
232 692
232 736
232 1033
232 1974
233 636
233 650
233 1075
233 1111
233 1471
234 427
234 779
234 1135
234 1160
234 1197
234 1325
234 1350
234 1459
234 1953
235 1368
235 1887
236 551
236 819
236 892
236 926
236 987
236 988
236 1494
236 1853
237 859
238 929
238 1229
238 1954
239 287
239 722
239 773
240 365
240 387
240 398
240 468
240 570
240 820
240 1736
240 1947
240 1960
240 1993
241 400
241 640
241 724
241 1024
241 1107
241 1131
241 1179
241 1196
241 1690
241 1701
242 530
242 658
242 827
242 1021
242 1228
242 1284
242 1767
242 1977
243 895
243 909
243 1245
243 1537
244 356
244 555
244 716
244 1296
244 1362
244 1560
244 1600
244 1909
245 247
245 262
245 760
245 878
245 1100
245 1306
245 1659
245 1818
245 1969
246 344
246 985
246 1074
246 1124
246 1557
247 455
247 1264
247 1323
247 1867
247 1868
248 412
248 1388
248 1572
248 1583
248 1784
248 1921
249 851
249 869
249 1093
249 1271
249 1749
249 1964
250 655
250 778
250 1518
250 1582
250 1785
250 1976
251 491
251 520
251 1034
251 1137
251 1654
251 1814
251 1868
251 1906
251 1984
252 757
252 799
252 858
252 1003
252 1211
252 1336
252 1581
252 1784
253 353
253 393
253 510
253 1162
253 1216
253 1258
253 1765
254 472
254 719
254 1633
254 1742
254 1745
254 1832
255 372
255 1058
255 1177
255 1264
255 1421
255 1610
255 1671
255 1983
256 663
256 988
256 1061
256 1406
256 1514
256 1518
256 1623
256 1991
257 593
257 706
257 909
257 1060
257 1117
257 1152
257 1390
257 1538
257 1696
258 391
258 939
258 1199
258 1519
259 555
259 687
259 1090
259 1092
259 1111
259 1990
260 395
260 633
260 654
260 670
260 690
260 962
260 978
260 1467
260 1542
260 1691
261 537
261 751
261 763
261 769
261 1141
261 1280
261 1459
261 1592
261 1641
262 590
262 625
262 1477
262 1703
262 1937
263 489
263 903
263 1795
263 1863
264 712
264 864
264 1213
264 1943
264 1995
264 1996
265 368
265 619
265 865
265 1052
265 1964
265 1966
266 295
266 462
266 516
266 697
266 715
266 717
266 1268
266 1472
266 1679
266 1992
267 670
267 673
267 826
268 306
268 700
268 847
268 1138
268 1198
268 1408
268 1984
269 721
269 867
269 887
269 976
269 999
269 1236
269 1590
269 1891
270 316
270 412
270 413
270 736
270 1164
270 1183
270 1657
270 1705
270 1720
270 1882
270 1980
270 1996
271 394
271 571
271 579
271 644
271 838
271 861
271 1475
271 1477
271 1784
272 410
272 756
272 1129
272 1257
272 1974
273 425
273 935
273 1115
273 1150
273 1166
273 1374
273 1666
273 1712
274 457
274 591
274 739
274 927
274 935
274 1369
274 1399
274 1798
275 434
275 664
275 699
275 844
275 1123
275 1289
275 1782
275 1804
275 1863
276 305
276 435
276 1633
277 453
277 467
277 571
277 659
277 1085
277 1195
277 1324
277 1561
277 1612
277 1779
277 1811
277 1840
277 1894
278 431
278 560
278 654
278 936
278 1492
278 1868
279 591
279 762
279 1321
280 454
280 538
280 680
280 721
280 836
280 1011
280 1134
280 1486
280 1611
280 1952
281 437
281 990
281 1076
281 1193
281 1342
281 1672
281 1824
282 487
282 544
282 590
282 810
282 1213
282 1420
283 1494
283 1581
283 1966
284 480
284 528
284 831
284 1210
284 1427
284 1558
284 1999
285 840
285 1238
285 1585
285 1591
285 1666
286 1014
286 1073
286 1381
286 1425
286 1703
287 596
287 1023
287 1051
287 1744
288 456
288 474
288 527
288 777
288 952
288 1021
288 1032
288 1035
288 1473
288 1638
288 1686
289 789
289 971
289 1177
289 1673
290 324
290 994
290 1556
290 1984
291 611
291 758
291 990
291 1034
291 1488
291 1550
291 1713
291 1891
292 754
292 792
292 946
292 1477
293 369
293 597
293 1589
293 1743
293 1841
294 1262
294 1430
295 347
295 513
295 658
295 1007
295 1173
296 542
296 588
296 623
296 650
296 948
296 1107
296 1507
296 1772
296 1807
297 450
297 520
297 524
297 701
297 1021
297 1294
297 1394
297 1928
298 486
298 1084
298 1500
298 1772
298 1786
299 455
299 683
299 1384
300 386
300 547
300 765
300 1333
300 1343
300 1772
301 367
301 716
301 849
301 1640
301 1830
302 1652
303 569
303 767
303 1093
303 1217
303 1543
303 1620
304 400
304 622
304 754
304 1479
304 1487
304 1821
305 787
305 1240
305 1360
305 1452
306 514
306 611
306 736
306 752
306 1199
306 1416
306 1489
306 1807
307 545
307 570
307 1122
307 1126
307 1411
307 1549
308 658
308 994
308 1431
308 1453
308 1821
309 412
309 502
309 884
309 1012
309 1399
309 1497
309 1779
310 627
310 788
310 1066
310 1137
310 1705
310 1854
310 1932
310 1981
311 527
311 876
311 1218
311 1292
311 1303
311 1721
312 345
312 475
312 770
312 786
312 1192
312 1723
313 410
313 753
313 1506
313 1600
314 435
314 514
314 843
314 921
314 994
314 1449
315 428
315 482
315 893
315 1109
315 1327
315 1520
315 1526
315 1535
315 1774
315 1929
316 444
316 677
316 981
316 1151
316 1687
317 415
317 546
317 641
317 856
317 1132
317 1182
317 1333
317 1523
317 1715
317 1902
317 1927
318 336
318 659
318 1565
318 1752
318 1968
319 723
319 790
319 885
319 1479
319 1744
319 1770
320 613
320 679
320 1034
320 1314
320 1691
320 1834
320 1841
320 1909
321 645
321 1014
321 1429
321 1500
321 1843
322 1003
322 1193
322 1695
323 490
323 520
323 684
324 622
324 775
324 1086
324 1174
324 1187
325 369
325 528
325 529
325 1320
325 1708
325 1804
326 507
326 606
326 1129
326 1427
327 408
327 434
327 603
327 992
327 1450
328 368
328 747
328 867
328 948
328 1279
328 1834
329 985
329 1191
330 861
330 962
330 1645
330 1675
330 1709
331 460
331 485
331 508
331 571
331 580
331 632
331 865
331 1091
331 1184
331 1346
332 374
332 615
332 1670
332 1928
332 1947
333 371
333 785
333 1064
333 1653
334 453
334 759
334 931
334 986
335 525
335 835
335 864
335 1149
335 1696
335 1939
336 825
336 1110
336 1217
336 1218
336 1958
337 468
337 776
337 1234
337 1257
337 1520
337 1667
338 453
338 677
338 1198
338 1241
338 1339
338 1354
338 1534
338 1717
338 1894
338 1929
338 1930
339 440
339 725
339 796
339 975
339 1113
339 1344
339 1516
339 1655
340 350
340 400
340 627
340 743
340 882
340 923
340 1058
341 542
341 1072
341 1124
341 1752
342 912
342 1156
342 1697
342 1790
343 1390
343 1570
344 556
344 653
344 672
344 1724
344 1742
344 1777
344 1965
345 624
345 911
345 1121
345 1861
346 468
346 1071
346 1074
346 1493
346 1928
347 1026
347 1249
347 1484
347 1723
348 606
348 1473
348 1507
348 1674
348 1815
348 1985
349 416
349 516
349 971
349 1546
349 1933
350 363
350 499
350 1761
350 1773
350 1791
351 489
351 909
351 1017
351 1059
351 1136
351 1515
351 1518
351 1775
351 1792
352 439
352 552
352 620
352 670
352 779
352 905
352 1070
352 1213
352 1324
352 1795
352 1854
353 479
353 859
353 1317
353 1564
353 1767
353 1807
354 1072
354 1476
354 1490
354 1840
354 1887
355 459
355 812
355 1214
355 1822
356 393
356 679
356 1137
356 1614
356 1839
356 1885
357 438
357 519
357 914
357 1194
357 1381
357 1821
357 1996
358 421
358 725
358 1622
358 1648
358 1787
358 1989
359 882
359 940
359 991
359 1427
359 1737
359 1955
359 1972
359 1987
360 521
360 553
360 568
360 711
360 780
360 1027
360 1078
360 1332
360 1371
360 1704
361 1129
362 418
362 818
362 859
362 886
362 1438
362 1784
363 381
363 423
363 530
363 549
363 833
363 858
363 862
363 863
363 965
363 1514
363 1608
363 1758
364 1036
364 1667
364 1709
365 707
365 877
365 927
365 954
365 1478
365 1675
365 1870
366 1419
366 1423
367 374
367 421
367 561
367 753
367 1283
367 1345
367 1399
367 1575
367 1634
367 1959
368 554
368 1063
368 1107
368 1196
368 1234
368 1547
368 1954
369 1544
370 556
370 666
370 741
370 779
370 800
370 1132
370 1244
370 1603
370 1845
370 1890
370 1992
371 1035
371 1481
371 1626
371 1674
371 1760
371 1876
372 496
372 507
372 1506
373 1336
373 1393
373 1535
373 1907
374 887
374 1027
374 1180
374 1480
375 461
375 864
375 1045
375 1348
375 1909
376 529
376 646
376 664
376 1170
376 1364
376 1527
376 1629
377 491
377 528
377 787
377 934
377 1077
377 1127
378 537
378 576
378 1107
378 1125
378 1524
378 1535
379 712
379 1132
379 1144
379 1235
379 1418
379 1545
380 595
380 809
380 892
380 1316
380 1604
380 1880
381 539
381 1133
381 1790
381 1969
382 409
382 774
382 913
382 1063
382 1277
382 1507
382 1775
383 486
383 510
383 905
383 994
383 1276
383 1340
383 1587
383 1732
384 712
384 1185
384 1210
384 1500
385 627
385 767
385 775
385 865
385 1427
385 1835
385 1958
386 520
386 1154
386 1733
386 1779
387 780
387 834
387 1933
388 477
388 675
388 856
388 1167
388 1407
389 571
389 930
389 1398
389 1538
389 1685
390 564
390 613
390 922
390 1561
390 1944
390 1994
390 1998
391 415
391 1176
391 1363
391 1841
391 1899
392 479
392 1702
393 414
393 854
393 1193
394 716
394 935
394 1323
394 1350
394 1670
394 1767
394 1795
394 1975
395 440
395 812
395 876
395 1070
395 1274
395 1279
395 1493
395 1928
396 602
396 937
396 1165
396 1221
396 1272
396 1344
396 1557
396 1715
396 1725
396 1942
397 731
397 816
398 445
398 489
398 855
398 919
398 945
398 1215
398 1342
398 1611
398 1804
399 400
399 468
399 627
399 1604
399 1910
400 476
400 1350
400 1490
400 1689
401 549
401 560
401 642
401 979
401 1112
401 1235
401 1376
401 1711
402 1062
402 1227
402 1733
403 420
403 445
403 693
403 962
403 1225
403 1540
404 764
404 1243
404 1329
404 1591
405 556
405 948
405 949
405 1073
405 1175
405 1400
405 1502
405 1626
406 882
406 1351
406 1449
406 1861
407 563
407 707
407 959
407 1176
407 1258
407 1302
407 1986
407 1993
408 997
408 1098
408 1443
408 1762
408 1982
409 455
409 805
409 1648
409 1808
410 589
410 710
410 1291
411 658
411 1178
411 1206
411 1542
411 1963
412 657
412 674
412 806
412 1237
412 1396
412 1404
412 1812
413 1029
413 1168
413 1334
413 1347
413 1377
414 725
414 1555
414 1753
415 749
415 755
415 1103
415 1151
415 1478
415 1677
416 624
416 1027
416 1950
417 488
417 493
417 954
417 978
417 1447
417 1562
417 1742
417 1812
418 490
418 502
418 866
418 1158
418 1486
418 1512
418 1533
419 1707
419 1775
419 1786
419 1930
420 832
420 936
421 700
421 1090
421 1114
421 1523
422 1066
422 1107
422 1246
422 1366
422 1690
422 1752
422 1810
423 429
423 1183
423 1318
423 1391
423 1822
424 977
424 1176
424 1372
425 837
425 966
425 1398
425 1988
426 699
426 882
426 1552
427 483
427 552
427 574
427 761
427 886
427 1340
427 1371
427 1405
428 574
428 674
428 1159
428 1370
428 1550
428 1590
428 1664
428 1688
429 948
429 1335
429 1400
429 1456
429 1537
429 1722
430 582
430 586
430 1520
430 1541
430 1587
431 672
431 723
431 736
431 824
431 919
431 1450
431 1760
432 438
432 781
432 804
432 862
432 1097
432 1139
432 1276
432 1863
433 661
433 1025
433 1252
433 1296
433 1459
433 1537
433 1640
433 1887
434 771
434 913
434 1117
434 1256
434 1378
434 1858
434 1860
434 1929
435 631
435 1195
435 1445
436 760
436 878
436 1403
436 1408
436 1537
436 1826
436 1885
436 1960
437 644
437 664
437 745
437 804
437 1008
437 1629
437 1688
438 619
438 894
438 1187
438 1222
438 1786
439 1176
439 1630
439 1797
439 1969
440 575
440 688
440 983
440 1006
440 1353
440 1678
441 638
441 650
441 886
441 1210
441 1522
441 1915
442 905
442 1030
442 1238
442 1474
442 1821
443 699
443 729
443 780
443 1011
443 1308
443 1598
444 484
444 1297
444 1461
444 1650
444 1715
444 1884
445 1158
445 1211
445 1668
445 1864
446 823
446 1030
446 1357
446 1360
447 681
447 1140
447 1165
447 1180
447 1400
447 1407
447 1680
447 1747
447 1783
447 1971
448 552
448 704
448 801
448 804
448 828
448 1451
448 1769
448 1874
448 1941
449 1279
449 1430
449 1731
449 1911
449 1912
450 795
450 802
450 1056
450 1572
450 1726
450 1788
450 1872
451 1286
451 1385
451 1585
451 1745
452 1196
452 1448
452 1808
453 732
453 741
453 810
453 915
453 950
453 1271
453 1383
453 1433
453 1551
453 1581
454 538
454 595
454 647
454 1064
454 1371
454 1613
454 1676
455 503
455 841
455 1404
455 1515
455 1920
456 1287
456 1456
456 1871
457 603
457 1685
457 1936
457 1939
458 635
458 1508
458 1645
459 507
459 647
459 933
459 953
459 1471
460 562
460 1428
460 1817
460 1836
460 1947
461 774
461 1041
461 1216
461 1687
461 1744
461 1875
462 599
462 1114
462 1358
462 1510
463 545
463 616
463 620
463 931
463 1162
463 1357
463 1805
463 1914
464 495
464 665
464 688
464 950
464 954
464 1010
464 1028
464 1050
464 1139
464 1893
465 546
465 919
465 1172
465 1173
465 1750
465 1857
465 1870
466 471
466 740
466 1242
466 1257
466 1481
467 774
467 1423
467 1735
467 1908
468 507
468 533
468 745
468 833
468 1192
468 1446
468 1669
468 1721
468 1938
469 808
469 883
469 987
469 1096
469 1398
469 1466
469 1825
469 1970
470 590
470 890
470 1137
470 1841
471 523
471 932
471 1303
471 1521
472 953
472 1712
472 1855
472 1972
473 786
473 867
473 884
473 1101
473 1164
473 1340
473 1633
473 1690
474 604
474 720
474 1186
474 1427
474 1529
474 1832
474 1860
474 1949
474 1984
475 859
475 1308
475 1988
476 543
476 573
476 1033
476 1214
476 1434
476 1562
476 1976
477 480
477 755
477 810
477 872
477 874
477 1224
477 1671
477 1750
478 946
478 1073
478 1084
478 1238
478 1594
478 1654
479 701
479 1103
479 1532
480 926
480 1185
480 1327
480 1490
480 1764
481 518
481 1434
481 1783
482 673
482 966
482 1364
482 1522
482 1834
482 1908
483 666
483 1115
483 1346
483 1742
484 804
484 879
484 1151
484 1353
484 1492
484 1599
485 1214
485 1221
485 1640
485 1796
486 743
486 1630
486 1753
487 911
487 1059
487 1071
487 1775
488 623
488 950
488 1048
489 573
489 736
489 797
489 1485
489 1975
490 531
490 537
490 709
490 842
490 1423
491 1425
491 1627
491 1753
492 629
492 1075
492 1099
492 1171
492 1686
492 1763
492 1771
492 1780
492 1910
492 1973
493 723
493 1541
493 1610
493 1771
494 706
494 958
494 962
494 1082
494 1229
494 1315
494 1488
494 1648
494 1721
495 629
495 673
495 1074
495 1116
495 1459
495 1517
495 1830
496 557
496 1021
496 1600
497 704
497 957
497 1000
497 1005
497 1336
497 1762
497 1979
498 539
498 598
498 687
498 719
498 915
498 1116
498 1225
498 1750
498 1841
498 1994
499 595
499 618
499 1598
499 1649
499 1660
499 1786
499 1912
500 1074
500 1297
500 1788
500 1895
501 508
501 1557
501 1907
502 588
502 628
502 1021
502 1622
502 1710
502 1818
502 1849
502 1950
502 1959
503 1022
503 1053
503 1355
504 534
504 1145
504 1248
504 1263
504 1430
505 878
505 1439
505 1451
505 1582
505 1742
505 1758
506 591
506 797
506 1266
506 1515
506 1544
506 1956
507 599
507 779
507 1240
507 1851
508 1130
508 1397
508 1524
508 1776
509 617
509 854
509 1305
509 1592
509 1858
509 1936
510 699
510 872
510 1520
511 586
511 700
511 957
511 1731
511 1989
512 519
512 522
512 710
512 911
512 968
512 1275
512 1477
512 1581
512 1686
513 521
513 608
513 787
513 1244
513 1253
513 1442
513 1640
513 1983
514 575
514 610
514 645
514 1030
514 1180
514 1331
514 1351
514 1443
514 1542
514 1678
514 1932
515 542
515 667
515 955
515 1147
515 1510
515 1541
515 1581
515 1813
516 786
516 1260
516 1386
516 1573
517 648
517 1230
517 1574
517 1920
518 570
518 832
518 1345
518 1437
518 1665
519 927
519 1648
519 1745
519 1749
519 1757
520 579
520 672
520 985
520 1044
520 1332
520 1646
520 1906
521 819
521 844
521 943
521 1143
521 1336
521 1799
521 1930
521 1995
522 737
522 1057
522 1449
522 1456
522 1561
523 683
523 1890
524 552
524 801
524 1057
524 1315
524 1550
524 1749
525 1777
525 1786
525 1878
526 621
526 736
526 1105
526 1381
526 1833
527 605
527 636
527 907
527 1362
527 1457
527 1648
528 1552
528 1693
528 1872
529 772
529 1539
529 1547
529 1577
529 1676
529 1737
529 1996
530 627
530 717
530 910
530 1556
530 1916
531 632
531 1197
532 542
532 931
532 1414
532 1809
533 929
533 1138
533 1394
533 1517
533 1731
533 1779
533 1976
534 637
534 1990
535 915
535 1171
535 1327
535 1475
536 1088
536 1507
536 1533
536 1696
537 673
537 692
537 1036
537 1043
537 1575
537 1697
538 745
538 780
538 935
538 1065
538 1134
538 1177
538 1536
538 1590
539 611
539 979
539 1222
539 1375
539 1444
539 1460
539 1603
539 1673
539 1744
539 1797
539 1954
540 1506
540 1535
541 1385
541 1435
541 1583
541 1886
542 615
542 811
542 912
542 1251
542 1347
542 1394
542 1567
542 1955
543 718
543 1519
543 1850
544 669
544 742
544 1142
544 1240
544 1255
544 1331
544 1483
544 1531
545 1036
545 1714
546 1058
546 1176
546 1207
546 1493
546 1532
546 1683
546 1979
547 787
547 815
547 1358
547 1365
547 1441
547 1546
547 1892
548 578
548 644
548 1068
548 1208
548 1293
548 1410
548 1449
548 1938
549 570
549 897
549 1079
549 1426
549 1442
549 1580
549 1617
549 1664
549 1873
550 603
550 928
550 934
550 1061
550 1635
550 1791
551 1345
551 1492
551 1531
551 1697
551 1811
551 1872
551 1944
552 588
552 715
552 1325
552 1361
552 1527
553 609
553 626
553 698
553 783
553 913
553 1326
553 1794
553 1801
553 1985
554 994
555 624
555 1615
555 1736
556 577
556 693
556 1171
556 1178
556 1340
556 1766
557 794
557 858
557 1158
557 1692
557 1823
557 1842
558 694
558 733
558 1356
558 1653
558 1712
558 1795
558 1880
559 607
559 776
559 845
559 909
559 925
559 954
559 1264
559 1452
559 1493
559 1982
560 671
560 871
560 991
560 1048
560 1495
560 1563
560 1851
561 576
561 698
561 893
561 911
561 959
561 1127
561 1392
561 1409
562 702
562 775
562 844
562 1356
562 1530
562 1785
562 1932
563 612
563 985
563 1443
563 1450
563 1752
564 807
564 1385
564 1577
564 1713
564 1748
565 1007
565 1499
566 650
566 717
566 971
566 1475
566 1715
566 1804
567 580
567 773
567 1409
567 1452
567 1520
567 1545
568 813
568 904
568 948
568 952
568 1292
568 1452
568 1591
568 1726
568 1771
569 883
569 903
569 1377
569 1658
569 1767
569 1829
569 1995
570 765
570 890
570 1082
570 1087
570 1277
570 1358
571 719
571 1587
572 851
572 969
572 1258
572 1469
573 740
573 1044
573 1119
573 1380
573 1489
573 1491
574 1368
574 1751
574 1796
574 1959
575 596
575 696
575 764
575 1268
576 784
576 1021
576 1098
576 1173
577 609
577 981
577 1031
577 1215
577 1741
577 1893
577 1997
578 843
578 1128
578 1208
579 1202
579 1666
579 1759
579 1963
580 712
580 1535
581 608
581 951
581 1071
581 1237
581 1648
582 660
582 1254
582 1833
583 697
583 943
583 1178
583 1305
583 1691
584 1157
585 667
585 959
585 1270
585 1621
585 1745
585 1992
586 779
586 1180
587 749
587 815
587 861
587 1459
587 1492
587 1582
587 1661
587 1979
588 752
588 774
588 1066
588 1877
589 614
589 947
589 1286
589 1467
589 1544
589 1571
589 1985
590 601
590 1137
590 1147
590 1312
590 1641
590 1891
591 640
591 732
591 933
591 1224
591 1954
592 867
592 1091
592 1399
592 1702
592 1985
593 722
593 1111
593 1275
593 1522
593 1823
593 1832
594 722
594 928
594 1116
594 1243
594 1316
594 1389
594 1583
595 920
595 1424
595 1854
596 723
596 738
596 1107
596 1511
596 1732
596 1899
597 610
597 1368
597 1430
598 1345
598 1995
599 1038
599 1155
599 1539
599 1714
600 718
600 1163
600 1496
600 1609
600 1650
600 1705
600 1801
600 1967
601 673
601 679
601 715
601 752
601 959
601 1082
601 1087
601 1264
601 1679
601 1788
601 1894
602 766
602 1189
602 1339
602 1346
602 1505
602 1567
602 1987
602 1996
603 787
603 804
603 957
603 1302
603 1528
603 1576
603 1861
603 1932
604 888
604 938
604 1130
605 981
605 1492
605 1646
606 788
606 1080
606 1185
606 1717
606 1794
606 1914
607 1256
607 1634
607 1692
608 759
608 791
608 1066
608 1766
608 1795
608 1798
608 1803
608 1936
608 1948
609 1127
609 1203
609 1233
609 1549
609 1550
609 1593
609 1865
609 1959
610 851
610 1260
610 1369
610 1878
611 621
611 634
611 657
611 1069
611 1679
611 1751
611 1889
612 1198
612 1470
614 927
614 1765
614 1968
614 1969
615 835
615 889
615 955
615 1012
615 1250
615 1408
615 1762
616 755
616 909
616 1214
616 1255
616 1638
617 731
617 755
617 886
617 931
617 1260
617 1270
617 1432
617 1554
617 1793
617 1806
617 1939
618 714
618 1461
618 1762
618 1908
619 1404
619 1442
619 1718
620 634
620 1049
620 1060
620 1565
620 1619
620 1997
621 750
622 1062
622 1344
622 1549
622 1662
622 1887
623 668
623 713
623 721
623 730
623 999
623 1149
623 1312
623 1341
623 1615
623 1790
623 1950
624 834
624 1065
624 1129
625 1462
625 1990
626 644
626 973
626 1009
626 1196
626 1320
626 1735
626 1758
627 1093
627 1444
627 1616
628 653
628 1102
628 1301
628 1628
628 1791
628 1940
629 674
629 1054
629 1062
629 1142
629 1225
629 1430
629 1714
629 1828
629 1831
629 1905
630 1005
630 1346
630 1525
630 1603
630 1759
631 1325
631 1733
631 1750
632 1609
632 1687
633 753
633 820
633 1046
633 1156
633 1352
633 1549
633 1585
634 845
634 955
634 1149
634 1296
634 1811
634 1903
635 840
635 1172
635 1308
635 1456
635 1662
635 1721
636 643
636 651
636 1109
636 1262
636 1413
637 697
637 878
637 883
637 1013
637 1184
637 1438
637 1556
637 1559
637 1574
637 1578
637 1977
637 1999
638 817
638 957
638 1444
638 1525
638 1840
638 1912
639 788
639 945
639 1001
640 767
640 833
640 1194
640 1473
641 782
641 985
641 990
641 1019
641 1044
641 1343
641 1371
642 647
642 904
642 946
642 984
642 1266
642 1391
642 1724
642 1850
642 1872
642 1889
642 1962
643 678
643 755
643 1050
644 692
644 1531
644 1536
644 1817
645 1195
645 1266
645 1377
645 1916
646 969
646 1080
646 1219
646 1318
646 1769
647 877
647 1033
647 1290
647 1326
647 1913
647 1948
648 791
648 828
648 862
648 947
648 1009
648 1107
648 1134
648 1341
648 1502
649 846
649 849
649 1267
649 1483
649 1518
649 1571
649 1600
649 1998
650 876
650 1192
650 1372
650 1822
651 1039
651 1424
652 875
652 1054
652 1163
652 1185
652 1711
653 668
653 1054
653 1306
653 1447
653 1932
654 821
654 1207
655 1385
656 907
656 1625
656 1893
656 1948
657 1648
657 1836
657 1971
658 838
658 1244
658 1280
658 1689
658 1998
659 906
659 930
659 964
659 1134
659 1650
659 1772
660 1047
660 1075
660 1518
661 711
661 1076
661 1106
661 1391
661 1474
662 1232
662 1283
662 1406
662 1984
663 1316
663 1454
663 1720
663 1825
663 1967
664 889
664 1806
664 1857
665 764
665 996
665 1012
665 1108
665 1307
665 1311
665 1604
665 1628
665 1951
666 1182
666 1306
666 1590
666 1609
666 1883
667 808
667 834
667 1052
667 1057
667 1351
667 1455
667 1717
667 1738
668 699
668 1179
669 753
669 798
669 1128
669 1701
670 690
670 1375
670 1815
671 812
671 882
671 886
671 1063
671 1297
671 1711
672 963
672 1007
672 1185
672 1213
672 1896
672 1943
673 1086
673 1093
673 1101
673 1149
673 1510
673 1525
673 1534
673 1636
673 1664
674 876
674 891
674 1536
675 1145
675 1912
676 1046
676 1859
676 1868
676 1896
677 698
677 878
677 938
677 1560
677 1772
677 1875
677 1971
678 760
678 1107
678 1334
678 1477
679 756
679 768
679 1033
679 1268
679 1413
679 1691
679 1788
680 1021
680 1291
680 1518
680 1601
680 1791
681 1056
681 1733
682 1003
682 1038
682 1068
682 1373
682 1493
682 1640
682 1996
683 704
683 859
683 862
683 872
683 956
683 1024
683 1072
683 1306
683 1316
684 722
684 787
684 859
684 1356
684 1599
684 1764
684 1772
684 1806
684 1964
685 801
685 1016
685 1032
685 1063
685 1374
686 769
686 781
686 1048
686 1952
687 746
687 903
687 1279
687 1627
688 799
688 1046
688 1555
689 781
689 963
689 1001
689 1029
689 1186
689 1542
689 1616
690 1138
690 1741
690 1819
691 804
691 886
691 996
691 1390
691 1861
692 753
692 1183
692 1410
692 1454
692 1634
692 1733
692 1886
693 779
693 801
693 827
693 1352
693 1800
693 1999
694 958
694 1118
694 1131
694 1500
694 1740
695 1002
695 1167
695 1727
696 713
696 795
696 999
696 1006
696 1519
696 1951
696 1973
697 894
697 897
697 902
697 1341
697 1665
698 773
698 917
698 1015
698 1146
698 1805
699 1019
699 1137
699 1835
700 883
700 1070
700 1118
700 1123
700 1493
700 1512
701 821
701 822
701 855
701 1215
701 1535
701 1598
702 837
702 1207
702 1229
702 1710
702 1911
702 1927
703 759
704 714
704 1514
704 1663
704 1847
705 788
705 951
705 1003
705 1772
706 809
706 834
706 877
706 888
706 1006
706 1874
707 1158
707 1325
708 762
708 782
708 1171
708 1216
708 1254
708 1299
708 1602
709 980
709 1123
709 1376
709 1677
709 1904
710 993
710 1382
710 1394
710 1885
711 973
711 1727
712 1246
712 1294
713 783
713 1578
714 1716
714 1941
715 721
715 1043
715 1250
715 1961
716 755
716 806
716 1037
716 1627
717 739
717 819
717 1074
717 1099
717 1274
717 1718
717 1752
717 1976
718 1164
718 1879
719 829
720 1311
720 1389
720 1430
720 1448
720 1531
720 1905
721 1089
721 1663
721 1664
722 1010
722 1228
722 1721
723 889
723 1017
723 1442
723 1588
723 1694
724 1408
724 1981
725 834
725 857
725 859
725 1354
725 1461
726 869
726 1100
726 1318
726 1971
727 1005
727 1038
727 1817
728 1417
728 1551
728 1563
728 1840
729 765
729 1052
729 1145
729 1281
729 1526
729 1536
730 740
730 1769
731 903
731 925
731 938
731 1220
731 1365
731 1375
731 1387
731 1749
731 1876
731 1973
731 1998
732 865
732 1010
732 1154
732 1255
732 1384
732 1440
732 1875
733 1215
733 1277
733 1476
733 1726
733 1931
733 1944
734 908
735 1632
736 1062
736 1243
736 1368
736 1397
736 1598
736 1701
736 1961
737 1015
737 1462
738 1146
738 1242
738 1521
739 856
739 1388
739 1692
740 1324
740 1484
740 1684
741 914
741 1181
741 1230
741 1847
741 1981
742 1111
742 1210
742 1296
742 1373
743 866
743 882
743 918
743 996
743 1283
743 1863
744 869
744 1077
744 1113
744 1194
745 1087
745 1252
745 1272
745 1407
745 1994
746 907
746 1125
746 1148
746 1308
746 1719
746 1780
747 800
747 830
747 1051
747 1074
747 1874
747 1889
749 838
750 756
750 1106
751 962
751 1116
751 1163
751 1417
751 1506
751 1533
751 1631
751 1672
751 1818
752 908
752 1327
752 1729
752 1749
752 1860
752 1914
753 764
753 876
753 1052
753 1123
754 975
754 1107
754 1307
754 1336
754 1374
755 796
755 1268
756 1424
756 1496
756 1954
757 911
757 948
757 1070
757 1081
757 1462
757 1511
757 1802
758 904
758 961
758 1107
758 1342
759 1164
760 867
760 1237
760 1430
760 1663
760 1927
761 771
761 1223
761 1486
761 1660
762 995
762 1104
762 1143
762 1602
762 1886
763 1757
763 1816
764 972
764 1401
764 1561
764 1930
765 831
765 958
765 1294
765 1703
765 1822
765 1875
765 1906
766 1151
766 1730
766 1820
766 1956
766 1991
767 975
767 1045
767 1097
767 1640
767 1870
768 882
768 993
768 1093
768 1163
768 1188
768 1896
769 1662
769 1855
770 807
770 1476
770 1568
770 1711
770 1762
770 1787
770 1936
771 1082
771 1195
771 1595
772 968
772 1881
772 1909
773 883
773 944
773 1148
773 1537
773 1938
774 1183
774 1443
774 1786
774 1950
775 860
775 1203
775 1260
775 1390
775 1881
776 1092
776 1104
776 1398
777 1247
777 1424
777 1570
777 1625
777 1643
777 1670
777 1739
777 1971
778 889
778 988
778 1408
779 839
779 920
779 1304
780 817
780 833
780 1012
780 1148
780 1331
780 1386
781 1093
781 1427
782 1014
782 1335
782 1900
783 938
783 1655
783 1923
784 793
784 806
784 820
784 926
784 1439
784 1520
784 1545
784 1637
784 1800
784 1871
784 1987
785 1211
785 1563
786 1021
786 1580
787 959
787 1012
787 1304
787 1399
788 942
788 996
788 1054
788 1835
789 1257
791 1068
791 1681
792 965
792 1019
792 1023
792 1241
792 1476
792 1923
793 1481
793 1485
793 1679
793 1687
793 1810
793 1815
794 837
794 1161
794 1172
794 1585
795 1773
795 1930
795 1933
796 890
796 1224
796 1269
796 1465
796 1904
797 1082
797 1398
797 1532
797 1543
797 1712
798 1790
799 1656
799 1662
799 1702
799 1799
800 1291
800 1339
800 1599
800 1954
801 1064
801 1310
802 1094
803 994
803 1708
803 1991
804 1023
804 1131
804 1550
804 1797
804 1841
804 1964
805 1644
805 1717
805 1721
805 1762
805 1999
806 1580
806 1852
807 840
807 1315
807 1380
807 1748
808 889
808 1572
808 1884
808 1975
808 1999
809 938
809 1115
809 1385
809 1603
809 1608
809 1775
810 933
810 1073
810 1152
810 1609
811 897
811 919
811 1560
811 1791
811 1920
812 966
812 1085
812 1118
812 1833
813 1287
813 1830
814 912
814 1381
814 1389
814 1396
814 1808
814 1863
815 1118
815 1653
816 1196
816 1370
816 1509
816 1622
816 1785
817 1308
817 1819
818 963
818 1365
818 1645
818 1836
819 1091
819 1790
819 1884
819 1913
819 1997
820 956
820 1370
820 1488
820 1880
821 1000
821 1437
821 1606
821 1721
821 1730
821 1848
822 1099
823 1187
823 1872
824 921
824 1002
824 1139
824 1926
825 1150
825 1437
825 1568
825 1660
825 1734
825 1763
826 1198
826 1210
826 1333
827 1123
827 1323
827 1335
827 1616
827 1673
827 1912
828 864
828 1090
828 1726
828 1826
829 1257
829 1426
829 1888
830 1134
831 944
831 948
831 1282
831 1747
832 989
832 1193
832 1616
832 1670
832 1706
832 1980
833 886
833 962
833 1027
833 1147
833 1563
834 1100
834 1131
834 1608
834 1718
834 1901
834 1938
835 1030
835 1439
835 1981
835 1996
836 965
836 1197
836 1278
836 1579
836 1658
836 1875
836 1877
836 1908
837 1055
837 1253
837 1415
837 1614
837 1752
838 962
839 1059
839 1449
839 1629
839 1742
839 1789
839 1838
839 1909
839 1948
840 1332
840 1475
840 1610
840 1630
841 1075
841 1956
842 970
842 1191
843 861
843 923
843 961
843 1259
843 1519
843 1620
843 1634
844 1580
844 1745
845 1037
845 1701
845 1796
845 1909
846 1137
846 1143
846 1644
846 1764
846 1924
846 1966
847 1178
847 1200
847 1212
847 1480
847 1701
847 1731
848 1004
848 1356
848 1519
848 1680
848 1963
849 1106
849 1457
849 1460
849 1737
850 1092
850 1167
851 1007
851 1027
851 1308
851 1317
851 1944
851 1968
852 854
852 920
852 1159
852 1755
852 1866
852 1875
853 921
853 1290
853 1373
853 1444
854 1024
854 1275
854 1315
854 1505
854 1528
854 1584
854 1623
854 1647
854 1678
854 1870
855 1614
856 1279
856 1320
856 1406
856 1426
856 1447
856 1475
856 1497
856 1888
857 1260
857 1786
857 1792
857 1892
859 965
859 983
859 997
859 1540
859 1761
860 955
860 1049
860 1054
860 1137
860 1139
860 1922
861 893
861 1121
861 1472
862 940
862 972
862 1261
862 1278
862 1573
863 1162
863 1629
863 1897
864 935
864 1046
864 1173
864 1422
865 1359
865 1558
865 1871
866 1162
866 1491
866 1708
867 1171
867 1393
867 1529
867 1908
868 958
868 1171
868 1385
868 1848
868 1921
868 1937
869 1301
869 1329
869 1341
869 1399
870 938
870 1118
870 1830
871 874
871 1302
871 1407
871 1628
871 1940
872 875
872 1123
872 1792
872 1862
873 982
873 1646
874 1081
874 1381
874 1577
874 1593
874 1690
874 1980
875 888
875 1039
875 1189
875 1530
875 1543
875 1545
876 1126
877 890
878 1259
878 1714
879 1117
879 1283
879 1501
880 995
880 1095
880 1888
881 1040
881 1070
881 1135
881 1824
882 1069
883 1021
883 1127
883 1550
883 1850
883 1881
883 1930
884 982
884 1147
884 1213
884 1563
884 1874
885 1124
885 1765
886 1084
886 1114
886 1293
886 1433
886 1799
886 1863
887 889
887 1107
887 1720
887 1750
887 1879
888 1008
888 1069
888 1751
888 1834
889 1121
889 1666
889 1941
890 974
890 1240
890 1356
890 1595
891 1372
891 1658
891 1996
892 936
892 1427
892 1752
893 1016
893 1516
893 1771
894 1295
894 1498
894 1901
895 1221
895 1264
895 1402
895 1471
895 1500
895 1633
895 1977
896 1200
896 1592
896 1741
897 1351
897 1538
897 1590
897 1607
898 1188
898 1401
898 1518
900 1054
901 935
901 1771
902 909
902 1144
902 1243
902 1286
902 1627
903 1225
903 1518
903 1581
903 1654
903 1854
904 924
904 995
904 1774
904 1852
905 1047
906 1433
906 1484
906 1520
906 1706
907 1019
907 1500
907 1607
907 1641
907 1740
907 1911
908 1352
908 1629
909 968
909 995
909 1958
910 1340
910 1343
910 1354
910 1416
911 1038
911 1090
911 1418
912 973
912 1703
913 1289
913 1873
914 1070
914 1090
914 1140
914 1761
914 1794
914 1901
915 1095
915 1459
915 1800
915 1862
916 1279
916 1422
916 1586
916 1788
917 1228
917 1445
917 1559
917 1561
917 1619
917 1706
918 1415
919 1885
920 1122
920 1219
920 1221
920 1515
920 1992
921 925
921 999
922 926
922 1114
922 1254
922 1827
922 1900
923 1462
923 1819
923 1863
924 1022
924 1103
924 1261
925 1155
925 1877
926 1015
926 1185
926 1241
926 1884
927 1128
927 1175
927 1349
927 1922
927 1979
928 938
928 1382
928 1820
928 1835
929 1128
929 1241
929 1322
929 1950
929 1984
930 1628
930 1822
931 1074
931 1083
931 1363
931 1983
932 1242
932 1304
932 1452
932 1684
933 953
933 1262
933 1336
934 1033
934 1058
934 1123
934 1253
934 1557
934 1932
935 1392
935 1406
935 1470
935 1931
936 1059
936 1227
936 1387
936 1398
936 1822
937 1146
937 1357
937 1394
938 1082
938 1952
939 1142
939 1179
939 1278
939 1306
939 1537
939 1870
939 1902
940 1145
940 1410
940 1596
940 1961
940 1976
941 1226
941 1424
941 1627
942 1625
943 1170
943 1917
944 1016
944 1362
944 1602
945 1179
945 1343
945 1550
945 1813
945 1819
946 965
946 1032
946 1196
946 1426
947 1070
947 1392
948 1072
948 1223
948 1271
948 1316
948 1324
949 1559
949 1579
949 1697
949 1799
949 1916
950 1216
950 1273
950 1306
950 1508
951 1069
951 1082
951 1229
951 1693
952 1110
953 958
953 976
953 1388
953 1662
953 1809
954 1005
954 1184
954 1357
954 1808
955 1228
955 1230
955 1602
956 968
956 1015
956 1054
956 1110
956 1308
956 1914
957 1267
957 1391
957 1526
957 1607
958 1227
958 1622
958 1833
959 1059
959 1270
959 1434
959 1879
960 1668
960 1956
961 1627
961 1713
962 1296
962 1852
963 1075
963 1336
964 1054
964 1534
964 1692
965 1064
965 1944
965 1992
966 1029
966 1148
966 1580
967 1310
967 1573
967 1714
968 1392
968 1393
968 1565
969 993
969 1026
969 1317
969 1794
969 1846
970 1016
970 1097
970 1250
970 1260
970 1818
971 1531
971 1830
971 1906
972 1181
972 1407
972 1642
972 1702
972 1955
973 1129
973 1608
975 1373
975 1439
975 1503
975 1585
975 1905
976 1139
976 1299
976 1379
977 1625
978 1095
978 1232
978 1860
979 1246
979 1363
979 1456
979 1518
980 1247
980 1720
980 1865
981 1005
981 1085
981 1366
981 1659
982 1199
982 1338
982 1782
982 1862
983 1466
983 1505
983 1660
983 1724
983 1994
984 1033
984 1462
984 1800
985 995
985 1386
985 1476
985 1683
985 1845
986 1151
986 1435
986 1467
986 1565
986 1906
987 1080
987 1143
987 1150
987 1454
987 1792
987 1890
987 1944
988 1338
988 1377
989 1358
989 1515
990 1239
990 1407
990 1415
991 992
991 1005
991 1266
991 1786
991 1860
991 1926
991 1971
992 1770
992 1834
992 1909
993 1081
993 1409
993 1558
993 1600
993 1952
994 1713
994 1846
995 1571
995 1757
995 1845
995 1996
996 1005
997 1162
997 1284
997 1310
997 1409
998 1112
998 1261
998 1449
999 1027
999 1096
999 1879
999 1891
1000 1363
1000 1523
1001 1109
1001 1244
1001 1397
1002 1141
1002 1207
1002 1466
1002 1711
1003 1344
1003 1386
1003 1770
1004 1145
1004 1366
1005 1955
1006 1553
1006 1835
1006 1840
1006 1841
1007 1757
1008 1076
1008 1096
1008 1186
1009 1321
1009 1737
1009 1787
1009 1791
1011 1158
1011 1283
1011 1585
1011 1614
1012 1213
1012 1342
1012 1459
1012 1477
1012 1649
1013 1220
1013 1483
1013 1620
1013 1687
1013 1992
1014 1075
1014 1109
1014 1123
1014 1663
1014 1674
1015 1644
1015 1944
1016 1131
1016 1330
1016 1371
1016 1625
1017 1311
1017 1542
1017 1647
1017 1672
1018 1434
1018 1497
1018 1786
1019 1165
1019 1255
1020 1458
1020 1480
1020 1669
1020 1842
1021 1524
1021 1943
1021 1953
1022 1094
1022 1251
1022 1448
1022 1698
1023 1358
1023 1372
1023 1489
1023 1750
1023 1821
1024 1072
1024 1210
1024 1224
1024 1372
1024 1459
1024 1783
1025 1265
1025 1441
1025 1456
1025 1960
1026 1074
1026 1241
1026 1795
1027 1352
1028 1203
1028 1469
1030 1234
1030 1683
1031 1153
1031 1397
1031 1460
1031 1561
1032 1454
1033 1643
1034 1913
1034 1998
1035 1063
1035 1123
1035 1238
1035 1324
1035 1442
1035 1562
1035 1980
1036 1132
1036 1248
1036 1480
1036 1705
1036 1776
1036 1924
1037 1237
1037 1606
1037 1951
1038 1418
1038 1436
1038 1631
1038 1740
1038 1948
1039 1071
1039 1111
1039 1128
1039 1614
1039 1669
1039 1695
1039 1817
1040 1146
1040 1672
1040 1779
1041 1362
1041 1584
1041 1793
1041 1908
1042 1239
1042 1371
1042 1892
1043 1359
1043 1864
1044 1215
1044 1280
1044 1337
1044 1806
1045 1740
1045 1772
1045 1903
1045 1937
1046 1070
1046 1398
1046 1497
1047 1420
1047 1477
1048 1069
1048 1089
1048 1580
1048 1905
1049 1406
1049 1448
1049 1789
1049 1808
1049 1809
1049 1838
1049 1855
1050 1230
1050 1267
1050 1779
1050 1826
1050 1984
1051 1107
1051 1989
1052 1473
1052 1739
1052 1840
1053 1164
1053 1224
1053 1468
1053 1508
1053 1623
1053 1868
1054 1705
1055 1572
1055 1719
1056 1071
1056 1076
1056 1419
1056 1914
1057 1108
1057 1515
1057 1780
1058 1149
1058 1360
1058 1544
1058 1556
1058 1721
1058 1878
1059 1312
1059 1324
1059 1396
1059 1771
1060 1261
1060 1366
1060 1461
1060 1826
1061 1076
1061 1304
1061 1353
1061 1435
1061 1679
1061 1818
1062 1269
1062 1548
1063 1137
1063 1575
1063 1711
1063 1857
1063 1913
1063 1973
1064 1087
1064 1148
1064 1310
1064 1447
1065 1090
1065 1400
1065 1436
1065 1457
1065 1932
1065 1985
1066 1218
1066 1295
1066 1369
1066 1547
1066 1617
1066 1683
1067 1099
1067 1349
1067 1388
1068 1405
1068 1592
1068 1726
1069 1081
1069 1091
1069 1123
1069 1487
1070 1129
1070 1332
1070 1402
1070 1477
1070 1604
1070 1791
1071 1364
1072 1342
1072 1521
1072 1568
1072 1981
1073 1082
1073 1432
1073 1579
1073 1962
1074 1500
1074 1797
1075 1221
1075 1385
1075 1431
1075 1686
1075 1748
1075 1872
1075 1938
1076 1144
1076 1989
1077 1150
1077 1188
1077 1652
1077 1662
1077 1736
1077 1911
1078 1882
1079 1254
1079 1955
1080 1576
1081 1472
1081 1568
1082 1096
1082 1159
1082 1197
1082 1322
1082 1660
1082 1866
1083 1607
1083 1637
1083 1873
1084 1869
1085 1173
1085 1506
1085 1523
1085 1769
1085 1879
1085 1942
1086 1196
1087 1297
1087 1671
1088 1379
1088 1449
1088 1854
1089 1115
1089 1481
1089 1631
1089 1797
1089 1904
1090 1095
1090 1240
1090 1268
1090 1401
1090 1405
1090 1673
1091 1119
1091 1612
1092 1197
1092 1274
1092 1322
1093 1137
1093 1248
1093 1281
1093 1619
1093 1829
1093 1936
1094 1190
1095 1144
1095 1578
1095 1639
1095 1985
1096 1162
1096 1288
1096 1320
1096 1361
1096 1568
1097 1994
1098 1356
1098 1418
1098 1842
1099 1496
1100 1625
1101 1425
1101 1919
1101 1972
1103 1374
1103 1381
1104 1675
1104 1732
1105 1569
1105 1775
1105 1865
1105 1945
1106 1414
1106 1536
1106 1750
1107 1238
1107 1318
1107 1331
1107 1620
1107 1638
1107 1649
1107 1893
1107 1942
1107 1992
1108 1398
1108 1969
1108 1994
1109 1112
1109 1183
1109 1634
1109 1771
1109 1774
1109 1946
1110 1310
1110 1666
1110 1824
1111 1348
1111 1537
1111 1985
1112 1245
1113 1227
1113 1277
1113 1664
1113 1779
1113 1979
1114 1799
1115 1341
1115 1585
1115 1960
1116 1228
1116 1610
1117 1361
1117 1394
1117 1471
1117 1693
1118 1372
1118 1555
1119 1448
1119 1613
1120 1123
1120 1936
1121 1460
1121 1467
1121 1629
1122 1413
1123 1674
1124 1164
1124 1363
1124 1489
1124 1558
1124 1896
1125 1213
1125 1427
1126 1665
1126 1929
1127 1277
1127 1281
1129 1379
1129 1389
1129 1592
1129 1736
1129 1781
1130 1376
1130 1378
1130 1460
1130 1840
1131 1383
1131 1625
1131 1753
1131 1773
1131 1898
1131 1970
1132 1163
1132 1289
1132 1337
1132 1439
1132 1515
1132 1625
1132 1943
1132 1944
1132 1972
1133 1516
1133 1667
1133 1818
1134 1200
1134 1408
1134 1488
1134 1972
1135 1844
1136 1140
1136 1335
1136 1642
1137 1318
1137 1532
1138 1479
1138 1686
1138 1708
1138 1775
1138 1929
1139 1283
1139 1367
1139 1526
1139 1868
1140 1335
1140 1659
1141 1233
1141 1741
1142 1486
1142 1662
1142 1811
1142 1978
1143 1389
1143 1931
1143 1962
1144 1164
1144 1168
1144 1400
1144 1601
1144 1759
1145 1245
1145 1315
1145 1540
1146 1198
1146 1208
1146 1648
1146 1773
1147 1971
1148 1340
1148 1578
1148 1703
1148 1766
1149 1155
1149 1540
1151 1348
1151 1513
1151 1534
1152 1544
1152 1554
1152 1614
1152 1932
1153 1265
1153 1496
1154 1333
1154 1667
1155 1551
1155 1948
1156 1180
1156 1202
1156 1332
1156 1575
1156 1644
1156 1919
1157 1480
1157 1497
1157 1554
1157 1936
1158 1530
1159 1810
1160 1271
1160 1410
1161 1713
1162 1366
1163 1409
1163 1591
1163 1883
1164 1290
1164 1417
1165 1324
1166 1448
1166 1656
1166 1747
1167 1444
1167 1468
1167 1503
1167 1656
1167 1671
1168 1352
1168 1411
1168 1976
1169 1207
1169 1209
1169 1579
1169 1902
1170 1220
1170 1338
1170 1419
1170 1585
1170 1907
1171 1406
1171 1561
1171 1665
1172 1831
1173 1200
1173 1238
1173 1490
1173 1690
1174 1176
1174 1241
1174 1244
1174 1285
1174 1314
1175 1437
1175 1470
1175 1523
1176 1287
1176 1422
1176 1742
1176 1897
1176 1957
1177 1764
1178 1996
1179 1259
1179 1358
1179 1380
1179 1478
1179 1620
1179 1942
1180 1747
1180 1758
1180 1821
1181 1512
1181 1592
1181 1874
1181 1985
1182 1338
1182 1869
1183 1424
1183 1605
1183 1827
1185 1622
1185 1665
1185 1788
1186 1461
1186 1546
1186 1625
1186 1726
1187 1482
1187 1565
1187 1992
1188 1384
1188 1562
1189 1328
1189 1654
1189 1875
1190 1578
1190 1886
1191 1406
1191 1577
1191 1604
1191 1683
1191 1930
1192 1828
1193 1197
1193 1341
1193 1438
1193 1777
1193 1992
1194 1198
1195 1213
1195 1534
1195 1640
1195 1781
1195 1841
1195 1848
1195 1953
1196 1218
1196 1468
1196 1690
1197 1246
1197 1310
1197 1452
1197 1612
1197 1715
1197 1857
1198 1746
1199 1419
1200 1513
1201 1787
1202 1350
1202 1531
1202 1571
1202 1699
1202 1904
1202 1939
1202 1995
1203 1322
1203 1447
1203 1881
1204 1226
1204 1457
1204 1493
1204 1528
1204 1563
1204 1969
1205 1284
1205 1713
1205 1796
1206 1395
1206 1451
1206 1630
1207 1661
1208 1583
1209 1229
1209 1334
1209 1405
1209 1970
1210 1408
1210 1995
1211 1400
1211 1466
1211 1861
1212 1949
1213 1555
1214 1988
1215 1292
1215 1442
1215 1779
1215 1958
1216 1344
1216 1528
1216 1542
1216 1641
1216 1811
1217 1229
1217 1336
1217 1666
1217 1677
1218 1320
1218 1362
1218 1392
1218 1628
1218 1766
1219 1534
1219 1590
1219 1686
1219 1700
1219 1981
1219 1988
1220 1393
1220 1547
1220 1903
1221 1360
1221 1534
1221 1574
1221 1671
1221 1878
1221 1909
1222 1968
1223 1399
1223 1497
1226 1892
1227 1295
1227 1701
1227 1842
1227 1937
1228 1393
1228 1479
1229 1368
1229 1918
1230 1551
1230 1576
1230 1943
1230 1972
1231 1491
1231 1949
1231 1968
1231 1970
1231 1979
1232 1432
1232 1814
1232 1835
1233 1707
1233 1729
1233 1827
1233 1972
1233 1989
1234 1680
1234 1715
1235 1448
1235 1773
1236 1260
1236 1986
1237 1950
1238 1294
1238 1695
1238 1885
1239 1288
1239 1747
1239 1832
1239 1925
1240 1673
1240 1714
1240 1990
1241 1249
1241 1776
1242 1341
1242 1511
1242 1587
1242 1898
1242 1981
1243 1346
1243 1430
1243 1494
1243 1826
1243 1866
1244 1482
1244 1964
1245 1307
1245 1489
1245 1746
1245 1889
1245 1980
1246 1420
1246 1465
1246 1810
1246 1889
1246 1941
1247 1928
1248 1904
1249 1307
1249 1535
1249 1678
1249 1971
1250 1317
1250 1367
1250 1370
1250 1638
1250 1700
1250 1986
1251 1600
1251 1826
1252 1370
1252 1424
1252 1498
1252 1576
1252 1624
1252 1763
1253 1409
1253 1453
1253 1999
1254 1260
1254 1404
1254 1474
1254 1543
1254 1592
1254 1830
1255 1298
1255 1430
1255 1993
1256 1466
1256 1682
1257 1519
1257 1529
1257 1933
1258 1528
1258 1847
1258 1915
1259 1719
1259 1856
1259 1934
1260 1417
1260 1444
1260 1873
1261 1384
1261 1516
1261 1776
1262 1684
1262 1774
1262 1791
1262 1918
1263 1737
1263 1944
1264 1804
1265 1925
1265 1967
1266 1276
1266 1642
1266 1667
1266 1854
1267 1410
1269 1310
1269 1713
1269 1950
1270 1481
1270 1916
1270 1965
1271 1647
1271 1754
1272 1327
1272 1376
1272 1633
1272 1868
1273 1391
1273 1601
1273 1703
1274 1488
1274 1835
1275 1412
1275 1525
1275 1636
1276 1332
1278 1448
1278 1918
1278 1938
1278 1942
1278 1975
1279 1289
1279 1338
1279 1365
1279 1628
1280 1685
1281 1747
1281 1841
1281 1977
1282 1543
1282 1714
1282 1810
1283 1724
1283 1850
1283 1872
1284 1368
1284 1564
1284 1757
1284 1801
1284 1913
1285 1614
1286 1365
1286 1460
1286 1481
1286 1881
1287 1332
1287 1626
1287 1936
1288 1364
1288 1431
1288 1776
1289 1384
1289 1938
1290 1927
1291 1540
1291 1922
1291 1981
1292 1615
1292 1704
1292 1811
1292 1814
1293 1477
1293 1593
1293 1666
1294 1554
1294 1839
1295 1352
1295 1380
1295 1630
1295 1862
1296 1627
1296 1680
1296 1809
1296 1976
1298 1310
1298 1317
1298 1619
1298 1764
1298 1772
1299 1553
1299 1622
1300 1350
1300 1871
1300 1889
1301 1433
1301 1569
1301 1986
1302 1358
1302 1682
1303 1754
1303 1797
1304 1561
1304 1706
1304 1730
1304 1826
1304 1959
1305 1315
1306 1401
1306 1815
1307 1398
1307 1951
1308 1588
1308 1798
1310 1357
1310 1885
1311 1434
1311 1764
1313 1345
1313 1726
1313 1780
1313 1819
1314 1396
1314 1686
1314 1731
1314 1761
1315 1409
1315 1465
1315 1527
1316 1922
1317 1353
1317 1415
1318 1797
1319 1433
1319 1539
1319 1581
1319 1683
1319 1900
1320 1593
1320 1735
1320 1948
1321 1610
1321 1838
1321 1979
1322 1333
1322 1877
1323 1492
1324 1345
1325 1392
1325 1446
1325 1907
1326 1588
1326 1711
1327 1810
1328 1470
1328 1476
1328 1700
1329 1839
1329 1873
1329 1909
1329 1963
1330 1385
1330 1981
1331 1400
1331 1577
1331 1603
1331 1912
1332 1849
1333 1691
1333 1912
1333 1931
1334 1445
1334 1825
1335 1613
1336 1563
1336 1966
1338 1438
1339 1612
1339 1880
1339 1961
1339 2000
1340 1604
1342 1428
1342 1557
1342 1719
1343 1864
1344 1364
1344 1487
1344 1748
1344 1798
1345 1589
1345 1801
1346 1634
1347 1425
1347 1451
1347 1525
1347 1671
1347 1676
1347 1799
1348 1358
1348 1493
1348 1751
1348 1899
1350 1443
1350 1564
1350 1765
1350 1787
1351 1364
1351 1641
1351 1744
1351 1779
1351 1810
1353 1498
1353 1818
1354 1411
1354 1657
1354 1745
1354 1928
1355 1435
1355 1951
1356 1534
1356 1668
1357 1497
1357 1612
1357 1802
1357 1934
1358 1588
1358 1694
1358 1798
1360 1376
1360 1453
1360 1809
1360 1848
1361 1475
1362 1404
1362 1750
1362 1780
1362 1804
1363 1633
1363 1902
1363 1965
1363 1988
1364 1407
1364 1535
1364 1621
1364 1729
1365 1481
1365 1923
1366 1642
1367 1691
1368 1542
1368 1548
1368 1959
1370 1796
1372 1563
1373 1422
1373 1683
1374 1387
1374 1731
1374 1789
1374 1998
1376 1454
1376 1747
1376 1880
1377 1544
1377 1805
1377 1917
1378 1587
1378 1688
1378 1773
1378 1808
1379 1461
1379 1820
1380 1419
1380 1527
1381 1494
1381 1702
1382 1706
1383 1393
1383 1604
1383 1885
1384 1623
1385 1531
1385 1806
1386 1601
1386 1883
1387 1530
1387 1671
1389 1601
1391 1766
1391 1779
1392 1595
1392 1943
1393 1664
1393 1806
1394 1416
1394 1821
1394 1840
1394 1918
1395 1625
1397 1508
1397 1524
1398 1575
1398 1791
1399 1522
1399 1700
1399 1765
1400 1610
1400 1864
1401 1470
1402 1780
1402 1957
1403 1590
1403 1698
1403 1879
1403 1890
1404 1478
1404 1598
1404 1809
1405 1477
1405 1571
1405 1703
1406 1533
1406 1605
1406 1664
1406 1825
1406 1926
1407 1791
1408 1694
1408 1760
1408 1910
1409 1542
1409 1637
1409 1910
1409 1922
1410 1603
1410 1638
1411 1660
1412 1551
1412 1557
1412 1857
1415 1727
1415 1926
1416 1693
1416 1978
1417 1738
1417 1772
1417 1919
1418 1654
1418 1795
1418 1798
1418 1907
1419 1917
1420 1448
1420 1763
1422 1845
1423 1773
1423 1778
1423 1912
1424 1512
1424 1565
1424 1717
1424 1901
1426 1515
1427 1456
1427 1853
1428 1477
1428 1510
1428 1656
1429 1503
1429 1627
1429 1885
1430 1883
1430 1889
1432 1556
1432 1640
1433 1615
1434 1621
1434 1824
1435 1460
1435 1813
1435 1931
1436 1459
1436 1496
1436 1759
1437 1508
1437 1544
1437 1556
1437 1670
1437 1878
1439 1456
1439 1560
1439 1623
1439 1731
1440 1675
1440 1819
1440 1855
1440 1881
1440 1918
1440 1976
1440 1984
1443 1535
1443 1638
1444 1737
1445 1538
1445 1733
1445 1744
1445 1978
1446 1509
1446 1887
1447 1600
1447 1666
1447 1835
1448 1482
1448 1685
1449 1518
1450 1564
1450 1699
1451 1633
1452 1561
1452 1740
1453 1474
1454 1757
1455 1719
1455 1725
1455 1823
1455 1964
1456 1458
1456 1894
1457 1543
1458 1463
1458 1493
1458 1765
1459 1615
1459 1737
1459 1815
1459 1861
1460 1896
1461 1477
1461 1551
1461 1667
1461 1676
1461 1802
1461 1978
1462 1581
1462 1879
1464 1761
1464 1935
1464 1943
1465 1709
1468 1611
1468 1726
1468 1796
1469 1658
1470 1984
1471 1546
1471 1784
1472 1858
1473 1543
1474 1677
1475 1527
1475 1875
1477 1500
1477 1980
1478 1782
1479 1482
1479 1792
1481 1508
1481 1586
1482 1599
1482 1735
1482 1884
1483 1794
1483 1959
1484 1522
1484 1635
1486 1557
1486 1567
1487 1825
1487 1858
1488 1693
1489 1996
1490 1885
1491 1493
1492 1802
1493 1671
1494 1571
1494 1755
1495 1557
1495 1628
1496 1515
1496 1662
1497 1523
1497 1563
1497 1866
1497 1877
1498 1554
1498 1694
1499 1754
1499 1898
1499 1951
1500 1642
1500 1849
1500 1876
1501 1939
1501 1975
1502 1700
1503 1557
1503 1782
1503 1789
1504 1650
1504 1806
1504 1895
1505 1958
1507 1563
1508 1915
1509 1519
1509 1793
1509 1801
1509 1818
1511 1698
1511 1761
1512 1760
1512 1956
1513 1578
1513 1738
1513 1763
1515 1626
1515 1874
1515 1981
1515 1987
1516 1644
1517 1724
1518 1914
1519 1756
1519 1847
1521 1622
1521 1712
1521 1731
1521 1891
1522 1712
1524 1759
1524 1767
1525 1691
1525 1920
1526 1672
1527 1650
1527 1690
1527 1774
1527 1838
1528 1812
1529 1706
1529 1906
1530 1911
1530 1922
1531 1616
1531 1679
1531 1732
1531 1759
1531 1796
1532 1540
1532 1727
1533 1607
1533 1958
1535 1693
1537 1740
1538 1792
1540 1607
1540 1610
1540 1985
1541 1627
1541 1869
1542 1685
1542 1778
1542 1973
1543 1588
1543 1954
1545 1647
1546 1858
1547 1779
1548 1553
1550 1662
1551 1853
1551 1893
1551 1925
1554 1594
1554 1931
1555 1705
1555 1882
1556 1673
1556 1783
1557 1560
1557 1976
1558 1640
1558 1995
1560 1600
1560 1911
1563 1785
1563 1819
1563 1914
1563 1967
1564 1792
1564 1883
1564 1944
1564 1945
1565 1604
1567 1774
1568 1593
1568 1938
1569 1575
1569 1648
1569 1729
1569 1932
1570 1727
1570 1811
1571 1745
1571 1846
1571 1859
1571 1907
1571 1934
1572 1624
1572 1785
1573 1727
1573 1911
1574 1752
1574 1976
1575 1721
1575 1745
1575 1844
1575 1931
1576 1620
1576 1752
1576 1979
1577 1647
1577 1707
1577 1875
1579 1650
1579 1807
1579 1946
1580 1693
1581 1843
1581 1903
1583 1920
1584 1697
1584 1995
1585 1684
1585 1745
1585 1826
1586 1759
1586 1915
1588 1613
1589 1798
1589 1941
1590 1747
1590 1790
1591 1716
1592 1704
1592 1988
1593 1610
1593 1646
1593 1676
1593 1895
1594 1977
1595 1656
1595 1984
1595 1989
1597 1716
1597 1883
1598 1665
1598 1919
1599 1729
1599 1750
1599 1860
1600 1760
1601 1701
1602 1603
1602 1755
1602 1844
1603 1743
1604 1979
1605 1610
1605 1675
1606 1827
1606 1833
1606 1926
1608 1659
1610 1827
1612 1644
1612 1884
1613 1783
1614 1975
1615 1673
1615 1772
1616 1818
1616 1889
1617 1866
1617 1911
1618 1723
1619 1690
1621 1765
1622 1668
1622 1967
1624 1823
1625 1856
1626 1815
1626 1965
1628 1745
1628 1795
1629 1872
1631 1710
1631 1796
1631 1801
1633 1656
1633 1682
1634 1658
1636 1701
1637 1640
1640 1657
1641 1660
1641 1867
1642 1744
1642 1755
1642 1862
1642 1893
1643 1803
1643 1937
1645 1832
1646 1731
1646 1836
1647 1730
1647 1767
1648 1663
1648 1878
1649 1804
1649 1902
1649 1929
1650 1853
1655 1664
1655 1861
1656 1711
1656 1827
1656 1927
1658 1804
1658 1855
1658 1887
1659 1780
1660 1736
1660 1748
1660 1755
1661 1762
1661 1794
1661 1884
1662 1721
1662 1838
1662 1914
1662 1951
1664 1894
1665 1830
1665 1859
1666 1954
1667 1999
1668 1681
1668 1878
1668 1882
1669 1874
1669 1991
1671 1811
1671 1827
1671 1849
1671 1935
1672 1681
1672 1785
1673 1798
1673 1805
1674 1809
1674 1994
1675 1794
1675 1823
1678 1801
1678 1808
1680 1690
1680 1818
1680 1957
1681 1804
1681 1895
1682 1992
1683 1724
1683 1837
1683 1974
1685 1811
1687 1775
1688 1712
1688 1856
1691 1840
1691 1895
1692 1700
1692 1862
1694 1865
1695 1957
1696 1786
1697 1796
1699 1776
1703 1846
1703 1861
1704 1707
1704 1849
1704 1893
1704 1912
1705 1726
1706 1741
1706 1768
1706 1777
1706 1963
1706 1965
1707 1794
1707 1995
1708 1836
1709 1715
1709 1733
1710 1730
1711 1879
1712 1812
1713 1726
1715 1918
1716 1763
1717 1822
1717 1977
1718 1797
1718 1840
1719 1925
1719 1980
1721 1820
1721 1896
1723 1869
1726 1775
1726 1841
1726 1977
1732 1838
1734 1833
1734 1857
1736 1877
1736 1957
1736 1985
1737 1929
1738 1802
1738 1811
1739 1951
1740 1863
1741 1865
1741 1876
1742 1972
1743 1871
1743 1990
1744 1922
1745 1808
1747 1841
1747 1887
1748 1827
1748 1923
1751 1758
1755 1925
1758 1934
1759 1941
1760 1761
1762 1867
1767 1823
1767 1950
1769 1947
1770 1981
1772 2000
1774 1894
1781 1972
1782 1859
1782 1970
1786 1907
1788 1893
1789 1831
1789 1897
1789 1930
1791 1923
1794 1918
1797 1942
1799 1840
1800 1913
1801 1902
1802 1957
1803 1811
1803 1825
1803 1999
1806 1925
1806 1951
1812 1887
1814 1872
1816 1909
1821 1994
1823 1889
1824 1834
1824 1888
1829 1923
1830 1959
1832 1847
1833 1885
1835 1953
1835 1999
1837 1967
1839 1908
1844 1995
1848 1948
1850 1892
1850 1972
1855 1976
1856 1983
1858 1956
1858 1998
1862 1883
1863 1975
1865 1875
1868 1893
1871 1970
1872 1995
1875 1996
1902 1946
1903 1953
1907 1939
1909 1971
1910 1937
1916 1940
1918 1942
1919 1934
1921 1980
1921 1987
1923 1936
1925 1981
1926 1978
1947 1955
1953 1954