2000
1 26
1 430
1 573
1 773
1 913
1 959
1 996
1 1038
1 1078
2 584
2 907
2 961
2 1438
2 1448
2 1597
2 1734
3 1013
3 1714
3 1910
3 1921
4 26
4 157
4 268
4 574
4 1334
4 1401
4 1415
4 1543
5 252
5 626
5 661
5 882
5 894
5 1445
5 1569
5 1813
5 1914
5 1971
6 9
6 51
6 707
6 1543
6 1604
6 1969
7 26
7 212
7 387
7 409
7 493
7 1335
7 1668
7 1689
8 83
8 548
8 1449
8 1635
9 874
9 1070
9 1434
9 1531
9 1582
10 115
10 755
10 962
10 1103
10 1335
10 1467
10 1706
10 1735
10 1837
11 105
11 122
11 139
11 675
11 888
11 1025
11 1066
11 1284
11 1327
12 45
12 153
12 192
12 475
12 514
12 644
12 667
12 1013
12 1043
12 1719
12 1744
13 1072
13 1288
13 1824
14 290
14 713
14 1108
14 1111
14 1257
14 1338
14 1861
15 663
15 768
15 844
15 846
15 911
15 1160
15 1193
15 1356
15 1547
16 67
16 318
16 382
16 428
16 477
16 646
16 823
16 1013
16 1382
16 1734
17 368
17 421
17 452
17 551
17 609
17 659
17 759
17 782
17 1174
17 1828
18 57
18 526
18 824
18 1091
18 1133
18 1285
18 1633
19 382
19 622
19 674
19 722
19 850
19 890
20 155
20 835
20 1401
20 1481
20 1483
20 1538
20 1680
20 1688
21 215
21 387
21 477
21 526
21 1267
21 1365
22 38
22 448
22 920
22 1131
22 1160
22 1249
22 1311
22 1746
23 35
23 345
23 858
23 871
23 1011
23 1602
23 1635
23 1655
24 261
24 483
24 791
24 937
24 1420
24 1441
24 1964
24 1986
25 52
25 529
25 756
25 989
25 1036
25 1307
25 1381
25 1996
26 681
26 735
26 811
26 919
26 922
26 945
26 1413
26 1486
26 1733
26 1913
27 81
27 612
27 1074
27 1086
27 1305
27 1505
27 1595
27 1743
28 374
28 1035
28 1837
29 42
29 418
29 629
29 1269
29 1632
29 1736
29 1744
29 1894
30 725
30 1115
31 110
31 294
31 421
31 906
31 1037
31 1249
32 185
32 520
32 863
32 964
32 1449
33 438
33 564
33 1331
34 517
34 1015
34 1031
34 1135
34 1270
34 1339
34 1513
34 1546
34 1739
34 1917
35 69
35 72
35 108
35 368
35 517
35 975
35 1039
35 1227
35 1251
35 1740
36 43
36 373
36 487
36 1044
36 1169
36 1471
36 1476
36 1674
36 1748
37 477
37 712
37 866
37 1511
37 1607
37 1695
37 1725
37 1831
37 1855
38 137
38 240
38 398
38 1094
38 1197
38 1554
39 300
39 332
39 661
39 1068
40 134
40 556
40 861
40 1234
40 1413
40 1735
40 1876
41 45
41 248
41 375
41 728
41 972
41 1403
41 1659
41 1732
42 221
42 376
42 715
42 749
42 1060
42 1159
42 1488
42 1505
42 1822
42 1899
43 58
43 262
43 834
43 1795
43 1988
44 334
44 353
44 1030
44 1219
44 1263
44 1740
44 1907
44 1957
45 86
45 431
45 743
45 770
45 918
45 1206
46 765
46 803
46 845
46 936
46 1191
46 1959
47 686
47 1172
47 1625
48 488
48 577
48 777
48 835
48 1496
48 1688
48 1774
49 127
49 424
49 686
49 955
49 961
49 1073
49 1168
49 1272
49 1377
49 1907
49 1928
49 1973
50 111
50 412
50 463
50 987
50 1081
50 1200
51 85
51 246
51 415
51 667
51 918
51 1231
51 1239
51 1255
51 1287
51 1354
51 1820
51 1943
52 372
52 731
52 942
52 1536
52 1542
52 1702
52 1892
53 315
53 649
53 775
53 1643
53 1897
54 229
54 283
54 710
54 872
54 1510
54 1518
54 1605
54 1741
55 291
55 342
55 1188
55 1664
55 1755
56 610
56 727
56 953
56 1423
56 1603
56 1672
56 1750
56 1822
56 1842
57 156
57 233
57 297
57 656
57 867
57 885
57 1032
57 1142
57 1437
57 1624
57 1913
58 354
58 458
58 515
58 810
58 1006
58 1117
58 1556
58 1722
59 274
59 701
59 1411
59 1939
60 309
60 371
60 428
60 633
60 720
60 1258
60 1385
60 1432
60 1640
61 417
61 464
61 480
61 636
61 748
62 422
62 526
62 677
62 1017
62 1714
63 87
63 161
63 299
63 385
63 476
63 655
63 857
63 1093
63 1160
63 1584
63 1732
64 977
64 1053
64 1788
65 442
65 496
65 622
65 1173
65 1484
65 1735
65 1779
65 1898
66 170
66 386
66 854
66 983
66 1024
66 1296
66 1439
67 90
67 596
67 613
67 646
67 926
67 968
67 1321
67 1440
67 1631
68 193
68 724
68 813
68 844
68 952
68 1034
68 1366
68 1549
68 1621
68 1701
69 351
69 722
69 1125
69 1278
70 233
70 287
70 346
70 404
70 729
70 735
70 1286
70 1445
71 563
71 591
71 1054
71 1363
71 1668
72 116
72 681
72 838
72 863
72 1034
73 390
73 546
73 649
73 683
73 941
73 1335
73 1359
73 1707
73 1829
74 405
74 705
74 856
74 960
74 1501
74 1683
74 1746
74 1916
74 1932
75 122
75 191
75 941
75 1341
75 1599
75 1908
76 221
76 699
76 901
76 1071
76 1333
77 716
77 1205
77 1609
78 269
78 529
78 581
78 613
78 752
78 762
78 1074
78 1131
78 1316
78 1318
78 1638
79 91
79 128
79 179
79 280
79 683
79 1233
79 1312
79 1328
79 1568
79 1679
79 1863
80 103
80 571
80 1154
80 1340
80 1369
80 1430
80 1887
81 247
81 1857
81 1978
82 215
82 386
82 389
82 632
82 754
82 1056
82 1188
82 1374
82 1910
83 549
83 667
83 1276
83 1525
83 1900
84 462
84 570
84 884
84 1833
85 237
85 742
85 1009
85 1168
85 1227
85 1602
85 1665
85 1694
86 668
86 1336
86 1442
86 1552
86 1597
86 1850
87 92
87 458
87 911
87 975
87 1418
87 1756
87 1938
88 391
88 516
88 774
88 799
88 954
88 1447
88 1891
88 1908
89 230
89 412
89 470
89 490
89 549
90 110
90 296
90 421
90 692
90 698
90 846
90 1260
90 1329
90 1983
91 839
91 1142
91 1468
91 1628
91 1655
91 1872
91 1877
91 1878
92 506
92 615
92 684
92 753
92 799
92 1324
92 1436
92 1501
92 1750
92 1929
93 362
93 492
93 768
93 985
93 1349
93 1530
93 1987
94 263
94 719
94 979
94 1100
94 1479
94 1735
95 805
95 1283
96 173
96 374
96 462
96 866
96 874
96 1362
96 1414
96 1436
96 1590
96 1847
96 1962
97 217
97 255
97 1561
98 102
98 177
98 209
98 389
98 619
98 738
98 829
98 937
98 1105
98 1345
98 1973
99 137
99 545
99 613
99 623
99 668
99 699
99 1178
99 1326
99 1810
99 1945
99 1952
100 146
100 149
100 251
100 312
100 574
100 1118
100 1283
100 1404
100 1443
101 496
101 499
101 784
102 113
102 252
102 375
102 535
102 808
102 953
102 1285
102 1500
102 1749
102 1790
102 1917
102 2000
103 307
103 308
103 746
103 864
103 868
103 884
103 968
103 1185
103 1409
103 1469
103 1656
103 1798
103 1830
104 200
104 220
104 485
104 651
104 1125
104 1302
104 1303
104 1306
104 1479
104 1736
104 1760
104 1980
105 189
105 374
105 740
105 773
105 842
105 958
105 1295
105 1558
105 1560
105 1651
106 183
106 214
106 1271
106 1597
106 1904
107 160
107 222
107 273
107 751
107 939
107 1340
107 1382
107 1798
108 466
108 563
108 1067
108 1741
109 211
109 265
109 291
109 305
109 426
109 471
109 1335
109 1434
109 1812
110 423
110 433
110 1181
110 1218
110 1580
110 1802
110 1822
110 1930
111 322
111 415
111 656
111 1378
111 1808
112 171
112 428
112 598
112 706
112 1533
112 1770
113 345
113 505
113 605
113 1338
113 1899
114 1345
114 1519
114 1806
114 1941
114 2000
115 690
115 825
115 1145
115 1231
115 1669
115 1676
116 166
116 1016
116 1375
117 248
117 259
117 659
117 1153
117 1579
118 173
118 475
118 675
118 729
118 836
118 1530
118 1557
118 1619
118 1841
118 1892
119 929
119 1034
119 1360
119 1794
120 134
120 166
120 214
120 430
120 503
120 1282
120 1365
120 1465
120 1666
121 269
121 365
121 432
121 972
121 1016
121 1130
121 1186
121 1282
121 1871
121 1937
122 190
122 314
122 339
122 433
122 772
122 787
122 1426
122 1545
122 1989
123 531
123 546
123 760
123 827
123 986
123 1047
123 1226
123 1504
123 1787
124 596
124 790
124 1207
124 1374
124 1853
125 398
125 621
125 670
125 1245
125 1372
125 1425
125 1506
125 1708
125 1738
125 1741
126 188
126 329
126 1152
126 1155
126 1185
126 1430
126 1492
127 627
127 1043
127 1104
127 1328
127 1473
127 1505
127 1783
127 1829
127 1833
127 1849
128 416
128 1055
128 1172
128 1330
128 1396
128 1399
128 1904
129 179
129 400
129 770
129 1232
130 689
130 912
130 945
130 980
130 1082
130 1163
130 1417
131 479
131 557
131 1079
131 1714
132 572
132 612
132 841
132 1038
132 1220
132 1289
132 1317
132 1736
132 1774
132 1898
132 1965
133 830
133 1169
133 1451
133 1542
133 1865
133 1991
134 910
134 1171
134 1254
134 1590
134 1677
134 1966
135 289
135 351
135 396
135 1228
135 1267
135 1388
135 1986
136 243
136 1229
136 1298
136 1393
136 1644
137 711
137 783
137 1023
137 1155
137 1303
137 1451
137 1492
138 359
138 591
138 819
138 1161
138 1382
138 1652
139 262
139 317
139 542
139 1414
139 1992
140 250
140 364
140 631
140 781
140 863
140 1169
141 328
141 529
141 769
141 825
141 1193
141 1506
141 1688
141 1738
141 1947
141 1949
141 1967
142 231
142 701
142 956
142 978
142 1452
143 696
143 1376
144 169
144 242
144 444
144 629
144 930
144 1372
144 1378
144 1625
144 1737
144 1808
144 1813
144 1838
144 1842
145 227
145 310
145 419
145 1230
145 1349
145 1381
145 1865
146 206
146 511
146 533
146 1185
146 1543
146 1548
146 1605
146 1810
146 1811
146 1989
147 1543
147 1821
148 368
148 564
148 656
148 979
148 1299
148 1855
148 1876
148 1946
149 541
149 569
149 917
149 973
149 1635
149 1657
149 1923
150 205
150 379
150 919
150 1063
150 1126
150 1130
150 1141
150 1190
150 1391
150 1468
150 1908
151 206
151 228
151 862
151 883
151 897
151 903
151 969
151 984
151 1310
151 1688
151 1913
151 1961
152 601
152 647
152 695
153 375
153 724
153 751
153 1318
153 1802
153 1817
154 378
154 381
154 515
154 522
154 1077
154 1127
154 1466
154 1834
154 1865
155 317
155 377
155 1246
155 1955
156 252
156 688
156 1508
156 1559
156 1573
156 1625
156 1723
156 1805
156 1849
156 1884
157 409
157 411
157 776
157 1048
157 1070
157 1267
157 1441
157 1840
158 788
158 1061
158 1599
158 1602
158 1678
159 437
159 664
159 791
159 826
159 1026
159 1247
159 1268
159 1429
159 1493
159 1942
160 192
160 341
160 428
160 743
160 825
160 833
160 1071
160 1124
160 1269
160 1744
160 1929
161 162
161 514
161 700
161 1293
161 1408
161 1666
161 1728
162 311
162 371
162 1377
162 1437
162 1599
162 1677
162 1929
163 456
163 467
163 582
163 1271
163 1295
163 1543
163 1922
164 225
164 553
164 569
164 612
164 663
164 843
164 1021
164 1242
164 1957
165 263
165 292
165 460
165 866
165 1334
165 1456
165 1787
166 550
166 651
166 773
166 830
166 977
166 1270
166 1538
166 1705
166 1714
166 1883
167 442
167 446
167 696
167 765
167 1029
167 1475
167 1773
167 1912
167 1934
168 179
168 234
168 594
168 898
168 1517
168 1543
168 1752
169 417
169 448
169 724
169 818
169 869
169 952
169 1004
169 1138
169 1293
169 1419
169 1588
169 1844
170 265
170 510
170 955
170 1156
170 1333
170 1407
170 1421
170 1630
170 1863
171 494
171 770
171 1008
171 1297
172 665
172 785
172 1211
172 1229
172 1291
172 1490
173 584
173 733
173 1519
173 1550
173 1665
173 1740
173 1809
174 186
174 247
174 800
174 1102
174 1631
175 532
175 927
175 978
175 1204
175 1342
175 1585
175 1927
176 198
176 654
176 703
176 735
176 833
176 874
176 1093
176 1202
176 1712
176 1947
176 1963
177 392
177 862
177 972
177 999
177 1074
177 1609
177 1631
177 1679
177 1757
178 569
178 819
178 962
178 1177
178 1391
178 1565
178 1807
179 298
179 425
179 656
179 672
179 1686
180 633
180 798
181 531
181 810
181 1165
181 1240
181 1350
181 1533
181 1749
181 1945
181 1960
182 1093
182 1532
183 328
183 335
183 424
183 906
183 957
183 1256
183 1357
183 1417
183 1724
183 1844
183 1865
184 620
184 771
184 887
184 1176
184 1553
185 231
185 375
185 497
185 532
185 707
185 793
185 910
185 1179
185 1229
185 1382
185 1748
185 1889
186 438
186 468
186 539
186 1154
186 1249
186 1900
187 344
187 484
187 1139
187 1477
187 1660
187 1965
188 438
188 585
188 744
188 1058
188 1176
188 1250
188 1335
189 385
189 739
189 780
189 1070
189 1252
189 1524
189 1533
190 516
190 860
190 923
190 1100
190 1770
191 317
191 364
191 729
191 1244
191 1292
191 1336
191 1460
191 1506
191 1677
191 1920
192 275
192 571
192 665
192 886
192 1077
192 1850
193 993
193 1034
193 1074
194 310
194 350
194 429
194 1685
194 1709
194 1803
195 322
195 509
195 1297
195 1332
195 1835
195 1846
195 1979
196 482
196 1421
196 1789
197 250
197 377
197 537
197 1042
197 1208
197 1589
197 1632
197 1803
197 1969
198 695
198 835
198 941
198 1546
198 1684
198 1701
199 819
199 1373
199 1414
199 1475
199 1885
200 847
200 1033
200 1119
200 1196
200 1782
200 1910
201 403
201 564
201 705
201 774
201 840
201 848
201 1426
202 360
202 711
202 831
202 918
202 1043
202 1118
202 1231
202 1269
202 1407
202 1591
202 1687
202 1701
203 213
203 577
203 742
203 883
203 1482
203 1540
203 1717
203 1933
204 608
204 1081
204 1477
204 1571
205 449
205 794
205 820
205 891
205 937
205 1285
205 1352
205 1906
205 1990
206 525
206 562
206 635
206 853
206 1150
206 1254
206 1344
206 1755
207 222
207 599
207 1895
207 1948
208 239
208 369
208 382
208 494
208 736
208 940
209 541
209 702
209 861
209 962
209 1427
209 1456
210 743
210 996
210 1025
210 1165
210 1280
210 1340
210 1400
210 1437
210 1454
210 1648
210 1863
211 322
211 336
211 976
211 1103
211 1529
211 1598
212 255
212 1023
212 1321
212 1862
212 1891
212 1979
213 394
213 469
213 766
213 1082
213 1180
213 1430
213 1634
214 537
214 970
214 1381
214 1825
215 424
215 504
215 644
215 985
215 1283
215 1337
215 1915
216 570
216 794
216 850
216 1314
216 1432
216 1483
216 1857
217 318
217 472
217 552
217 795
217 1928
218 415
218 459
218 796
218 1354
218 1595
218 1764
218 1827
219 443
219 988
219 1007
219 1671
219 1937
220 293
220 428
220 632
220 856
220 1401
220 1568
220 1570
220 1583
220 1848
221 263
221 327
221 656
221 1012
221 1337
221 1755
221 1834
222 627
222 1053
222 1175
222 1307
222 1678
223 245
223 328
223 397
223 511
223 717
223 899
223 1156
223 1415
223 1448
223 1745
223 1973
224 595
224 788
224 848
224 1857
225 521
225 1367
226 322
226 332
226 344
226 395
226 689
226 729
226 893
226 1168
226 1173
226 1721
226 1810
226 2000
227 277
227 324
227 782
227 883
227 1279
227 1368
227 1399
227 1678
228 433
228 673
228 789
228 1010
228 1335
228 1711
228 1944
229 261
229 1018
229 1512
230 965
230 1410
230 1594
230 1694
230 1840
231 477
231 900
231 996
231 1389
231 1778
231 1788
232 295
232 901
232 1280
232 1318
232 1371
232 1963
233 904
233 980
233 1134
233 1144
233 1589
233 1698
233 1847
233 1878
234 319
234 441
234 988
234 1298
234 1426
234 1571
235 322
235 585
235 650
235 841
235 927
235 1076
235 1102
235 1649
236 404
236 419
236 841
236 1504
236 1698
237 997
237 1022
237 1511
238 614
238 727
238 1013
238 1364
238 1855
239 271
239 488
239 897
239 1422
239 1455
239 1467
240 1359
240 1775
241 350
241 429
241 487
241 639
241 1241
241 1472
241 1681
242 312
242 460
242 734
242 1075
242 1115
242 1398
243 346
243 1099
244 428
244 464
244 1346
244 1593
244 1687
244 1708
245 688
245 730
245 1757
246 748
246 1700
246 1843
247 1040
247 1061
247 1225
247 1271
248 418
248 1216
248 1455
248 1525
249 749
249 787
249 1058
249 1251
249 1774
250 367
250 462
250 658
250 1673
250 1814
250 1883
251 444
251 515
251 1155
251 1364
251 1573
251 1773
252 405
252 658
252 728
252 730
252 906
252 1356
252 1609
252 1616
252 1803
253 681
253 1157
253 1512
253 1849
254 382
254 661
254 1076
254 1079
254 1106
254 1316
254 1526
254 1539
254 1747
254 1843
254 1972
254 1975
255 449
255 547
255 842
255 868
255 1103
255 1161
255 1419
255 1546
255 1680
255 1763
256 537
256 829
256 915
256 1143
256 1342
256 1474
256 1488
256 1556
256 1662
257 693
257 999
257 1266
257 1360
257 1988
258 383
258 635
258 712
258 1585
258 1663
259 562
259 622
259 1066
259 1613
259 1782
260 383
260 429
260 696
260 1166
260 1255
260 1722
260 1915
261 661
261 807
261 1065
261 1832
262 641
262 1297
262 1384
262 1561
263 294
263 311
263 521
263 867
263 1037
263 1050
263 1091
263 1935
263 1979
264 649
264 661
264 1130
264 1468
264 1863
264 1904
265 405
265 1207
265 1328
265 1488
265 1801
266 394
266 417
266 910
266 940
266 1049
266 1144
266 1168
266 1279
266 1565
267 678
267 1502
267 1570
267 1712
267 1977
268 271
268 351
268 402
268 489
268 882
268 1575
268 1841
268 1893
268 1960
269 873
269 955
269 1189
269 1196
269 1348
269 1406
269 1655
269 1730
270 298
270 1238
271 461
271 775
271 782
271 984
271 1243
271 1518
271 1616
271 1870
272 614
272 757
272 1239
272 1348
272 1434
272 1890
272 1892
272 1894
273 277
273 933
273 1417
273 1626
273 1916
274 580
274 595
274 724
274 736
274 756
274 1007
274 1014
274 1066
274 1396
274 1471
274 1486
274 1627
275 954
275 1033
275 1177
275 1282
275 1289
275 1802
276 429
276 587
276 592
276 834
276 1085
276 1086
276 1332
276 1664
277 680
277 748
277 984
277 1122
277 1163
277 1863
278 299
278 921
278 1159
278 1791
278 1993
279 762
279 960
279 987
279 1001
279 1031
279 1203
279 1335
279 1338
280 828
280 845
280 866
280 953
280 1431
280 1568
280 1854
281 699
281 743
281 1287
281 1594
281 1783
281 1917
281 1949
282 605
282 822
282 1006
282 1010
282 1275
282 1392
282 1765
283 988
283 1033
283 1432
283 1517
283 1520
283 1524
284 531
284 549
284 881
284 1255
284 1675
285 896
285 933
285 1013
285 1370
286 498
286 861
286 943
286 1046
287 389
287 537
287 1041
287 1257
287 1344
287 1685
287 1901
288 305
288 365
288 567
288 1044
288 1189
288 1555
288 1792
288 1959
289 676
289 1049
289 1171
289 1412
289 1428
289 1737
289 1877
290 366
290 745
290 832
290 1448
290 1623
290 1765
290 1842
290 1949
291 364
291 615
291 701
291 991
291 1054
291 1144
291 1189
291 1249
291 1271
291 1429
291 1545
292 795
292 853
292 1209
292 1320
292 1467
292 1869
292 1876
293 784
293 923
293 1081
293 1125
293 1213
293 1842
294 445
294 812
294 994
294 1534
294 1783
294 1899
295 456
295 676
295 712
295 1625
295 1784
295 1835
296 487
296 718
296 738
296 818
296 847
296 1008
296 1307
296 1455
296 1907
297 677
297 1077
297 1353
297 1423
297 1693
298 799
298 880
298 912
298 1028
298 1410
299 483
299 920
299 1035
299 1450
299 1529
299 1625
299 1643
299 1991
300 559
300 726
300 1086
300 1272
300 1296
300 1371
300 1385
300 1452
300 1683
301 407
301 486
301 602
301 907
301 1214
301 1264
301 1444
301 1623
302 382
302 412
302 843
302 958
302 1157
302 1162
302 1394
302 1435
302 1591
302 1852
303 841
303 1058
303 1501
303 1864
304 347
304 626
304 1361
304 1473
304 1534
304 1700
304 1886
305 599
305 815
305 1191
306 391
306 403
306 889
306 1025
306 1129
306 1263
307 388
307 819
307 1258
308 451
308 750
308 882
308 959
308 1051
308 1743
308 1824
308 1830
309 397
309 451
309 1442
309 1561
309 1616
309 1828
309 1842
309 1917
310 324
310 1100
310 1507
311 470
311 1465
311 1548
311 1706
311 1731
311 1760
312 406
312 419
312 651
312 699
313 464
313 702
313 1055
313 1297
313 1445
314 975
314 1071
314 1136
314 1264
314 1317
314 1556
314 1748
315 633
315 773
315 1379
316 391
316 719
316 760
316 852
316 1062
316 1323
316 1422
316 1578
316 1618
316 1773
316 1854
317 857
317 1018
317 1118
317 1671
317 1850
317 1965
318 375
318 648
318 862
318 875
318 1075
318 1287
318 1812
319 832
319 1045
319 1098
319 1196
320 647
320 700
320 1179
320 1268
320 1719
320 1933
320 1984
321 543
321 948
321 966
321 1338
321 1696
321 1916
321 1959
322 527
322 670
322 814
322 1337
322 1356
322 1516
322 1723
322 1892
323 491
323 750
323 940
324 1015
324 1149
324 1326
324 1667
324 1954
324 1961
325 440
325 619
325 1158
325 1222
325 1317
325 1444
325 1855
325 1904
325 1992
326 504
326 730
326 946
326 956
326 1294
326 1532
327 559
327 601
327 858
327 937
327 1112
327 1144
327 1202
327 1439
327 1583
328 879
328 1053
328 1206
328 1411
328 1451
328 1500
328 1667
329 585
329 809
329 841
329 1051
329 1315
329 1454
329 1539
329 1829
330 562
330 644
330 1220
330 1563
331 405
331 509
331 979
331 1052
331 1197
331 1334
331 1351
331 1668
331 1758
332 703
332 1174
332 1498
333 469
333 656
333 761
333 850
333 1244
333 1548
334 992
334 1047
334 1101
334 1601
334 1643
334 1679
334 1955
335 337
335 514
335 578
335 1108
335 1277
335 1290
335 1709
335 1771
335 1980
336 501
336 883
336 1507
336 1883
337 500
337 531
337 1107
337 1271
337 1293
337 1810
337 1949
338 719
338 877
338 1067
338 1181
338 1721
339 553
339 685
339 938
339 1457
339 1554
340 498
340 601
340 840
340 994
340 1108
340 1265
340 1350
340 1446
340 1868
340 1960
341 529
341 886
341 1043
341 1288
341 1785
341 1795
341 1900
342 583
342 1247
342 1333
342 1513
342 1988
343 827
343 1232
343 1233
343 1351
343 1462
343 1502
343 1736
343 1773
344 880
344 891
344 962
344 1074
344 1084
344 1370
344 1712
345 529
345 671
345 1015
345 1137
345 1254
345 1875
346 641
346 764
346 1141
346 1363
346 1637
346 1850
347 957
347 1040
347 1099
347 1738
347 1933
348 406
348 928
349 363
349 659
349 929
349 1332
349 1481
349 1730
349 1751
349 1813
350 375
350 583
350 663
350 744
350 826
350 1070
351 357
351 683
351 760
351 805
351 1063
351 1649
352 411
352 959
352 1620
353 379
353 1665
353 1753
353 1830
354 981
354 1912
354 1943
355 859
355 1162
355 1314
356 1137
356 1164
356 1182
356 1425
356 1591
357 358
357 576
357 700
357 701
357 1633
357 1662
358 434
358 544
358 571
358 1076
358 1418
358 1986
359 762
359 860
359 969
359 1046
359 1199
359 1235
359 1325
359 1507
360 995
360 1004
361 1151
361 1311
361 1431
361 1703
362 372
362 460
362 624
362 670
362 762
362 1351
362 1452
362 1757
363 427
363 767
363 952
363 1012
363 1308
363 1324
363 1675
364 573
364 655
364 883
364 970
364 1125
364 1347
364 1465
364 1693
365 792
365 1001
365 1146
365 1366
365 1467
365 1898
365 1942
365 1986
366 844
366 963
366 1033
366 1193
366 1479
367 473
367 653
367 1596
368 1158
368 1557
368 1631
368 1666
369 386
369 600
369 619
369 785
369 1299
369 1669
370 831
370 901
370 928
370 1199
370 1463
370 1539
370 1553
370 1931
370 1993
371 455
371 591
371 936
371 1339
371 1518
371 1558
371 1861
371 1908
372 941
372 1058
372 1469
372 1470
372 1535
372 1813
374 760
374 1000
374 1406
374 1449
374 1644
374 1660
374 1748
375 509
375 540
375 598
375 650
375 1425
375 1805
376 511
376 653
376 700
376 709
376 726
376 827
376 830
376 1403
377 1087
377 1429
377 1540
377 1707
377 1748
377 1956
378 1921
378 1959
379 759
379 1415
379 1991
379 1993
380 627
380 949
380 1143
380 1291
380 1594
380 1699
380 1864
380 1919
380 1964
380 1989
381 383
381 942
381 1199
381 1217
381 1273
381 1495
381 1531
381 1968
382 499
382 1563
383 579
383 589
383 1077
383 1094
383 1540
384 417
384 590
384 1005
384 1011
384 1099
384 1149
384 1998
385 503
385 740
385 917
386 860
386 1020
386 1109
386 1597
386 1622
387 442
387 485
387 608
387 1188
388 524
388 655
388 662
388 1315
388 1793
389 842
389 1178
389 1633
389 1847
390 549
390 737
390 883
390 894
390 913
390 1565
390 1882
390 1979
391 875
391 1085
391 1382
391 1900
392 736
392 1049
392 1186
392 1257
392 1317
392 1508
392 1547
393 539
393 870
393 1194
393 1796
394 395
394 568
394 1174
394 1396
395 959
395 1107
395 1228
395 1763
395 1781
395 1794
396 1273
396 1338
396 1486
397 399
397 479
397 698
397 1176
397 1845
397 1980
398 707
398 736
398 937
398 1074
398 1088
398 1309
398 1451
398 1921
399 840
399 1130
399 1541
399 1599
400 572
400 1904
400 1918
401 1505
401 1796
401 1814
402 464
402 537
402 990
402 1536
402 1621
402 1675
402 1997
403 863
403 1141
403 1220
403 1285
403 1569
403 1777
405 465
405 1116
405 1968
405 1980
406 445
406 945
406 1271
406 1540
406 1707
406 1813
407 839
407 1219
407 1635
408 789
408 1159
408 1201
408 1205
408 1507
408 1636
408 1648
408 1858
409 492
409 1301
409 1320
409 1502
409 1894
409 1938
410 729
410 769
410 1049
410 1088
410 1277
410 1915
411 912
411 1044
411 1183
411 1738
411 1837
412 1554
412 1906
413 1010
413 1209
413 1324
413 1769
413 1951
414 636
414 810
414 1951
415 811
415 816
415 935
415 1012
415 1084
415 1598
416 1198
416 1481
416 1579
416 1840
417 705
417 832
417 1190
417 1252
417 1253
417 1344
417 1856
418 659
418 695
418 771
418 818
418 880
418 991
418 1402
418 1666
418 1765
418 1862
418 1983
418 1993
419 581
419 879
419 924
419 932
419 1095
419 1291
419 1451
419 1635
420 427
420 863
420 1182
420 1316
420 1527
420 1828
421 491
421 799
421 1260
421 1462
421 1866
421 1935
422 584
422 1509
422 1849
423 1413
423 1473
424 454
424 1244
424 1370
424 1668
424 1727
425 497
425 721
425 736
425 1290
425 1319
425 1332
425 1545
425 1794
427 692
427 982
427 1244
427 1417
427 1754
427 1762
427 1777
427 1843
428 527
428 774
428 921
428 1571
428 1628
429 502
429 843
429 904
429 922
429 927
429 1314
429 1419
429 1447
429 1469
429 1482
429 1836
429 1974
430 554
430 590
430 907
430 1009
430 1587
430 1738
430 1966
431 504
431 825
431 892
431 920
431 933
431 970
431 1077
431 1134
431 1290
431 1411
431 1995
432 835
432 900
432 1137
432 1157
432 1320
432 1539
433 711
433 1347
433 1385
434 1057
434 1171
434 1708
434 1739
434 1890
434 1916
435 443
435 758
435 1139
435 1220
435 1222
435 1291
435 1916
436 611
436 1059
436 1092
436 1270
436 1367
436 1542
436 1801
436 1932
436 1937
437 551
437 825
437 954
437 1170
437 1455
437 1670
437 1896
438 616
438 697
438 1119
438 1458
439 1144
439 1348
439 1399
439 1904
439 1923
440 518
440 540
440 543
440 898
440 1032
440 1300
440 1593
441 575
441 895
441 997
441 1152
441 1782
441 1877
442 658
442 741
442 786
442 1512
442 1552
442 1928
443 719
443 1624
443 1709
444 547
444 838
444 921
444 1406
444 1489
444 1632
445 612
445 1399
445 1875
445 1944
445 1991
446 491
446 659
446 671
446 1065
446 1642
446 1702
447 680
447 783
447 988
447 1047
447 1115
447 1613
447 1778
448 455
448 666
448 1343
448 1559
448 1583
448 1605
448 1790
448 1856
449 1349
449 1475
449 1564
449 1591
450 746
450 830
450 1199
450 1227
450 1619
450 1704
451 535
451 565
451 659
451 994
451 1125
451 1178
451 1596
451 1622
451 1697
451 1831
452 582
452 800
452 801
452 912
452 1036
452 1758
453 582
453 939
453 1200
453 1802
454 655
454 882
454 1071
454 1111
454 1420
454 1597
455 921
455 1010
455 1020
455 1204
455 1331
455 1366
455 1561
455 1683
455 1832
455 1914
455 1926
456 489
457 486
457 823
457 1307
458 626
458 1559
458 1594
458 1802
459 785
459 823
459 1408
459 1724
460 771
460 922
460 1006
460 1156
460 1274
460 1453
460 1584
460 1666
461 1450
461 1816
461 1897
461 1927
461 1989
462 508
462 628
462 1102
462 1264
462 1415
462 1417
463 826
463 980
463 1194
463 1422
463 1716
463 1737
464 536
464 554
464 1073
464 1093
464 1200
464 1409
464 1552
464 1569
464 1843
465 746
465 1415
465 1449
465 1570
465 1845
465 1895
465 1898
465 1965
466 880
466 1139
467 702
467 1174
467 1310
467 1373
467 1418
467 1784
468 630
468 669
468 838
468 957
468 1765
469 837
469 1601
469 1662
469 1765
469 1847
469 1894
470 1225
470 1389
470 1813
471 562
471 1080
471 1462
471 1503
471 1854
472 831
472 1056
472 1197
472 1467
472 1735
473 754
473 757
473 1064
473 1428
473 1524
473 1637
474 662
474 1046
475 477
475 1692
476 1618
476 1672
476 1687
477 994
477 1407
477 1463
477 1742
478 1466
478 1563
478 1892
479 1223
479 1246
479 1825
480 1024
480 1233
480 1259
480 1755
480 1987
481 503
481 1167
481 1416
481 1848
481 1851
482 570
482 754
482 1134
482 1258
482 1374
482 1409
483 826
483 987
483 1209
483 1253
483 1303
483 1431
483 1571
483 1601
483 1640
483 1858
483 1952
484 662
484 1198
484 1648
484 1977
485 781
485 1017
485 1494
485 1517
485 1581
485 1605
485 1698
486 627
486 737
486 884
486 1006
486 1057
487 589
487 951
487 966
487 1076
487 1115
487 1155
487 1565
487 1688
487 1974
488 1664
489 670
489 1038
489 1245
489 1696
489 1729
489 1822
489 1871
489 1968
490 500
490 521
490 846
490 1880
490 1917
491 1320
491 1482
491 1946
492 1352
492 1564
493 676
493 1019
493 1031
493 1148
493 1412
493 1540
493 1591
494 796
494 957
494 1152
494 1941
495 965
495 1575
495 1823
495 1946
496 1168
497 550
497 575
497 852
497 1050
497 1675
497 1738
497 1954
498 703
498 938
498 1083
498 1332
498 1368
498 1381
498 1475
499 1309
499 1465
499 1845
500 527
500 714
500 825
500 1005
500 1032
500 1587
500 1713
501 586
501 868
501 1027
501 1295
501 1729
501 1833
501 1936
502 518
502 987
502 1170
502 1492
502 1653
502 1655
502 1708
503 662
503 1025
503 1044
503 1050
503 1547
503 1920
504 1356
504 1359
504 1599
504 1801
505 542
505 592
505 600
505 724
505 810
505 874
505 890
505 938
505 1193
505 1254
505 1632
505 1730
506 951
506 955
506 1063
506 1113
506 1592
506 1620
506 1839
506 1866
506 1938
507 692
507 1057
507 1519
507 1650
507 1843
508 667
508 910
508 1605
509 511
509 724
509 822
509 1469
510 858
510 1151
510 1438
510 1737
511 875
511 900
511 978
511 999
511 1143
511 1401
511 1659
511 1709
511 1750
511 1932
512 565
512 721
512 1062
512 1216
512 1495
512 1569
512 1582
512 1815
512 1853
513 547
513 813
513 817
513 1215
513 1514
513 1716
513 1927
514 654
514 720
514 889
514 1009
514 1306
514 1933
515 1023
515 1122
515 1464
516 697
516 707
516 912
516 1121
516 1576
516 1607
516 1787
516 1964
517 808
517 1393
517 1775
518 806
518 1085
518 1554
518 1608
518 1756
518 1783
518 1859
519 606
519 707
519 1605
519 1830
519 1831
519 1883
520 701
520 1317
520 1378
520 1886
521 1292
521 1647
522 927
522 994
522 1015
522 1091
522 1980
523 756
523 838
523 931
523 1324
523 1616
523 1985
524 537
524 729
524 749
524 1042
524 1658
524 1713
525 885
525 904
525 945
525 960
525 1046
525 1494
525 1681
525 1925
526 630
526 668
526 826
526 1026
526 1191
526 1266
526 1588
526 1858
526 1869
527 606
527 1270
527 1429
527 1457
527 1558
527 1640
527 1865
528 1692
529 782
529 1182
529 1719
530 1025
530 1561
530 1562
530 1988
531 925
531 1447
531 1884
532 718
532 916
532 1169
532 1363
532 1726
533 657
533 663
533 1141
533 1509
533 1623
533 1662
533 1753
533 1905
533 1916
534 553
534 941
534 1462
534 1610
534 1711
535 1122
535 1138
535 1193
535 1237
535 1272
535 1515
535 1516
535 1621
535 1859
535 1945
536 773
536 1050
536 1497
536 1524
536 1657
536 1663
536 1914
537 566
537 625
537 895
537 936
537 1195
537 1744
537 1939
538 831
538 1308
538 1559
539 607
539 671
539 1347
539 1400
540 944
540 1799
540 1818
541 896
541 964
541 1019
541 1198
541 1534
541 1618
541 1932
542 569
542 889
542 1008
542 1599
542 1622
542 1998
542 2000
543 911
543 1432
543 1444
543 1772
543 1783
543 1906
544 626
544 1000
544 1099
544 1254
544 1636
544 1908
545 583
545 631
545 1123
545 1410
545 1815
545 1980
546 913
546 1052
546 1147
546 1175
546 1402
546 1453
547 605
547 623
547 1007
547 1573
547 1841
547 1981
548 1744
549 818
549 1127
549 1187
549 1440
549 1840
550 685
550 739
550 852
550 1023
550 1038
550 1085
550 1178
550 1319
550 1619
550 1962
551 643
551 672
551 1446
552 647
552 756
552 1346
552 1647
552 1760
552 1761
553 723
553 1014
553 1238
554 850
554 1065
554 1122
554 1411
555 708
555 801
555 937
555 1141
555 1362
555 1596
555 1649
556 772
556 896
556 964
556 1056
556 1167
556 1493
556 1602
557 646
557 735
557 876
557 1130
557 1565
557 1609
557 1753
557 1941
558 752
558 996
558 1020
558 1136
558 1176
558 1202
558 1335
558 1519
558 1671
558 1706
559 594
559 665
559 772
559 938
559 1533
559 1856
559 1956
560 737
560 820
560 1027
560 1050
560 1161
560 1651
560 1728
560 1757
560 1885
560 1976
560 1994
561 578
561 658
561 1700
562 606
562 659
562 739
562 890
562 911
562 1102
562 1153
562 1175
562 1260
562 1713
563 647
563 1191
563 1425
564 1016
564 1132
564 1138
564 1353
564 1656
564 1907
565 733
565 1167
565 1215
565 1866
566 1002
566 1428
566 1777
567 956
567 1013
567 1361
567 1869
567 1958
568 578
568 673
568 1640
568 1671
568 1686
569 712
569 807
569 862
569 1128
569 1252
569 1614
570 1051
570 1453
571 1270
571 1390
571 1413
571 1569
571 1816
571 1885
572 712
572 836
572 844
572 986
572 1057
572 1124
572 1149
572 1217
572 1692
572 1800
573 748
573 943
573 1007
573 1125
573 1666
573 1961
573 1987
574 706
574 819
574 855
574 1771
575 695
576 697
576 1438
576 1513
576 1759
577 633
577 867
577 1176
577 1445
577 1462
577 1816
578 632
578 950
578 965
578 1294
578 1325
578 1959
578 1963
579 1036
579 1151
579 1347
579 1558
579 1718
579 1740
581 875
581 1709
581 1835
582 1249
582 1469
582 1561
582 1599
582 1903
583 662
583 1683
585 713
585 859
585 878
585 985
585 1511
585 1643
585 1933
586 1231
586 1238
586 1489
586 1544
586 1688
586 1896
587 683
587 1019
587 1246
588 618
588 664
588 869
588 967
588 968
588 1629
588 1904
589 1327
589 1763
589 1864
590 623
590 861
590 1225
590 1647
590 1938
591 1134
591 1396
591 1413
591 1900
591 1977
592 709
592 906
592 1359
592 1802
592 1972
593 712
593 720
593 791
593 1020
593 1045
593 1060
593 1417
593 1456
593 1529
593 1695
593 1763
594 598
594 754
594 858
594 919
594 958
594 1373
594 1607
594 1846
595 786
595 1025
595 1250
595 1850
596 969
596 1375
596 1410
596 1537
596 1711
596 1783
596 1833
597 640
597 701
597 705
597 791
597 922
597 924
597 1010
597 1111
597 1696
597 1967
598 664
598 849
598 919
598 1297
598 1545
598 1688
599 1139
599 1221
599 1857
600 649
600 877
600 943
600 1013
601 871
601 1137
601 1328
601 1382
601 1794
602 803
602 1246
602 1326
602 1775
602 1869
602 1935
603 1181
603 1337
603 1358
603 1684
603 1691
603 1818
604 717
604 972
604 1027
604 1467
604 1778
605 781
605 790
605 1385
605 1853
605 1900
605 1919
606 887
606 1283
606 1349
606 1513
606 1909
607 1565
607 1676
607 1935
608 633
608 1032
608 1481
608 1776
609 752
609 877
609 959
609 1007
609 1191
610 779
610 845
610 882
610 1043
610 1249
610 1337
610 1680
611 947
611 987
611 1611
611 1758
611 1977
612 841
612 1034
612 1123
612 1309
613 668
613 673
613 723
613 838
613 851
613 1094
613 1145
613 1151
613 1307
613 1741
614 889
614 903
614 978
614 988
614 1026
614 1212
614 1306
615 879
615 1496
615 1535
615 1609
615 1910
616 1423
616 1445
616 1984
617 1412
617 1490
617 1916
617 1943
618 646
618 772
618 1091
618 1385
618 1428
618 1468
618 1600
619 682
619 690
619 970
619 1107
619 1415
620 748
620 1146
620 1173
620 1326
621 865
621 1219
621 1613
621 1683
621 1853
621 1958
622 897
622 1330
622 1639
623 649
623 1005
623 1137
623 1362
624 1219
624 1674
624 1731
624 1819
624 1906
625 692
625 745
625 944
625 956
625 1211
625 1344
625 1831
625 1973
626 810
626 1611
627 667
627 921
627 1062
628 738
628 1005
628 1030
628 1167
628 1678
628 1889
629 720
629 1050
629 1118
629 1172
630 687
630 1870
630 1941
631 637
631 775
631 1071
631 1248
631 1275
631 1398
631 1777
631 1831
632 684
632 737
632 906
633 1342
634 1200
634 1319
635 1165
635 1330
635 1356
635 1547
635 1662
635 1674
636 659
636 819
636 1119
636 1272
636 1901
637 930
637 1584
638 875
638 963
638 965
638 1103
638 1425
638 1434
638 1563
639 697
639 965
639 1371
639 1488
639 1990
640 657
640 1036
640 1817
641 837
641 927
641 1102
641 1223
641 1249
641 1327
641 1831
641 1993
642 659
642 688
642 898
642 906
642 1976
643 1827
644 1067
644 1708
644 1727
645 743
645 854
645 907
645 1171
645 1396
645 1486
645 1663
645 1959
646 649
646 961
646 1241
646 1895
646 1898
646 1917
647 1182
647 1465
647 1716
648 797
648 1028
648 1091
648 1191
648 1336
648 1581
648 1587
649 875
649 1627
649 1648
649 1766
650 754
650 864
650 1615
650 1798
650 1835
650 1901
651 836
651 942
651 1949
652 1208
652 1271
652 1328
652 1513
652 1592
652 1650
652 1814
652 1831
653 982
653 1102
653 1176
653 1242
653 1272
653 1990
654 1083
654 1364
654 1619
654 1632
654 1718
655 858
655 920
655 1762
655 1897
656 657
656 925
656 1079
656 1145
656 1256
656 1599
657 943
657 1137
657 1139
657 1265
657 1319
657 1517
657 1779
657 1874
657 1932
658 1133
658 1166
658 1273
658 1371
658 1460
658 1737
659 1519
659 1598
660 958
660 1303
660 1438
660 1499
660 1853
661 925
662 1546
662 1608
662 1609
662 1679
662 1876
663 754
663 1519
663 1634
663 1768
663 1772
664 842
664 987
664 992
664 1162
664 1163
664 1242
664 1346
664 1508
664 1563
664 1564
664 1634
665 671
665 795
665 1150
665 1881
666 1666
666 1857
666 1955
667 682
667 921
667 1069
667 1513
667 1624
667 1847
668 1005
668 1063
668 1604
668 1648
668 1901
669 694
669 797
669 892
669 1227
669 1269
670 1227
670 1442
670 1600
670 1641
670 1663
671 762
671 804
671 938
671 1070
671 1224
672 714
672 795
672 908
672 1037
673 880
673 1442
673 1926
673 1934
674 1033
674 1299
674 1363
674 1397
675 720
675 1235
675 1486
675 1614
675 1919
677 781
677 883
677 1021
677 1051
678 846
678 1017
678 1588
678 1635
678 1787
678 1899
679 685
679 1106
679 1117
679 1155
679 1208
679 1631
679 1702
680 749
680 820
680 981
680 1147
680 1476
680 1520
680 1528
680 1688
681 682
682 749
682 844
682 856
682 893
682 982
682 1088
682 1377
682 1888
683 812
683 1003
683 1229
683 1872
683 1992
684 1227
684 1413
684 1691
684 1955
685 721
685 778
685 1255
685 1436
686 965
686 1808
686 1826
686 1842
686 1934
687 725
687 914
687 927
687 1171
687 1243
687 1275
687 1302
687 1383
687 1390
687 1551
687 1569
687 1793
687 1838
687 1872
688 1465
688 1973
689 882
689 933
689 973
689 985
689 1282
689 1679
690 734
690 1325
690 1364
690 1707
690 1759
690 1822
691 715
691 720
691 851
691 1054
691 1262
691 1659
692 747
692 846
692 1094
692 1165
692 1189
692 1484
692 1628
692 1698
692 1703
692 1715
693 823
693 889
693 994
693 1667
693 1705
693 1799
693 1897
694 934
694 1388
694 1543
694 2000
695 825
695 870
695 1271
695 1404
695 1657
695 1817
696 846
696 1034
697 1163
697 1260
697 1502
699 1363
699 1384
699 1413
699 1462
700 1320
700 1558
700 1638
700 1876
701 1139
701 1583
701 1919
702 891
702 1289
702 1920
703 1476
703 1979
704 996
704 997
704 1453
704 1541
704 1609
704 1679
704 1900
705 925
705 970
705 1371
705 1469
706 1579
706 1826
706 1914
706 1932
707 1377
707 1648
707 1787
707 1801
708 889
708 1059
708 1451
708 1868
709 1172
709 1301
709 1640
709 1722
709 1777
710 936
710 1502
710 1555
711 1740
712 725
712 858
712 1420
712 1703
712 1887
713 953
713 1187
713 1688
713 1706
713 1763
713 1925
714 950
714 970
714 1105
714 1151
714 1226
715 1768
715 1786
715 1843
716 963
716 1129
716 1545
716 1557
716 1605
716 1904
717 810
717 1199
717 1805
717 1967
718 1229
718 1352
718 1422
718 1438
718 1587
718 1941
719 787
719 854
719 1030
719 1080
719 1115
719 1222
719 1780
719 1896
719 1910
720 729
720 1004
720 1038
720 1215
720 1239
720 1323
720 1551
720 1643
721 727
721 953
721 1097
721 1146
721 1525
721 1738
721 1982
722 916
722 937
722 1114
722 1121
722 1355
723 922
723 1656
723 1820
723 1967
724 917
724 1095
724 1484
724 1630
724 1646
724 1792
725 996
725 1403
725 1600
725 1652
726 1311
726 1473
727 761
727 1343
727 1424
727 1590
727 1688
728 1058
728 1919
729 1016
729 1392
729 1698
730 847
730 918
730 1325
730 1483
730 1972
731 1322
731 1866
731 1900
732 1983
733 1168
733 1252
733 1525
733 1791
733 1893
734 957
734 1141
735 957
735 1391
735 1413
735 1451
735 1877
736 1293
736 1294
736 1299
736 1683
736 1958
737 773
737 868
737 968
737 974
737 994
737 1138
737 1157
737 1340
737 1540
738 929
738 936
738 965
738 1111
738 1309
738 1577
738 1768
738 1817
739 816
739 859
739 943
739 1078
739 1357
739 1877
740 763
740 1139
740 1349
740 1351
740 1416
740 1593
740 1978
741 825
741 939
741 1190
741 1741
742 1558
742 1619
743 1164
744 759
744 1208
744 1464
744 1532
744 1686
744 1970
745 1144
745 1230
745 1294
745 1518
745 1726
746 991
746 1274
746 1428
747 1532
747 1802
747 1879
748 1401
748 1695
749 818
749 1017
749 1032
749 1136
749 1267
749 1564
749 1791
749 1940
750 972
750 1090
750 1301
751 772
751 921
751 952
751 980
751 998
751 1224
751 1305
751 1760
751 1937
752 774
752 1440
752 1683
752 1822
753 1166
753 1384
753 1505
753 1905
753 1993
754 920
754 1377
754 1685
755 903
755 1217
755 1615
756 1020
756 1141
756 1435
756 1737
757 793
757 1022
757 1426
757 1517
757 1599
757 1846
758 765
758 1003
758 1020
758 1173
758 1547
758 1616
758 1624
758 1711
758 1824
758 1841
759 934
759 1110
760 906
760 977
760 1008
760 1364
760 1481
761 936
761 1240
761 1311
761 1599
761 1606
761 1608
761 1863
761 1976
762 772
762 799
762 1472
762 1578
762 1743
762 1759
763 861
763 1339
763 1536
763 1599
763 1799
763 1964
763 1993
764 798
764 1230
764 1535
764 1583
764 1739
765 809
765 859
765 1182
765 1460
765 1534
765 1591
765 1791
766 800
766 1067
766 1128
767 927
767 1374
767 1810
768 868
768 997
768 1108
768 1485
768 1490
768 1584
768 1627
768 1671
768 1794
769 841
769 922
769 1022
769 1108
769 1354
769 1362
769 1636
769 1668
770 895
770 1190
771 849
771 871
771 1062
771 1117
771 1327
771 1627
772 804
772 942
772 1520
773 950
773 1455
773 1469
773 1506
774 781
774 1085
774 1152
774 1430
774 1552
774 1749
774 1834
775 1306
775 1330
775 1561
775 1954
776 811
776 846
776 879
776 980
776 1116
776 1581
777 1423
777 1530
778 1446
778 1947
779 1071
779 1139
779 1214
779 1513
779 1682
780 820
780 1101
780 1229
780 1349
780 1807
781 1194
781 1288
781 1873
781 1956
782 980
782 1028
782 1117
782 1683
782 1800
783 997
783 1280
783 1414
783 1511
783 1834
784 1264
784 1513
784 1522
784 1666
784 1803
785 1053
785 1587
785 1827
786 842
787 1058
787 1141
787 1504
787 1759
787 1824
788 1222
788 1287
788 1527
789 1297
789 1373
789 1609
789 1926
790 838
790 924
790 1031
790 1033
790 1088
790 1139
790 1512
790 1781
790 1843
791 869
791 932
791 1362
791 1570
791 1802
792 1170
792 1353
792 1674
793 813
793 1077
793 1143
793 1260
794 1035
794 1122
794 1391
794 1572
795 810
795 979
795 1261
795 1310
795 1635
795 1757
796 837
796 1307
797 874
797 944
797 1123
797 1200
797 1381
797 1713
797 1737
797 1925
798 987
798 1280
798 1396
798 1638
798 1846
798 1908
799 1051
799 1210
799 1517
799 1646
800 1089
800 1829
801 1041
801 1358
801 1525
801 1686
801 1889
802 1047
802 1335
802 1359
802 1788
802 1920
802 1929
803 897
803 957
803 1183
803 1272
803 1364
803 1512
803 1965
804 1533
804 1804
805 1234
805 1293
805 1383
805 1700
805 1903
805 1925
806 1110
807 1058
807 1147
807 1370
807 1372
807 1455
807 1523
807 1598
808 809
808 1065
808 1072
808 1285
808 1436
808 1522
808 1727
808 1996
809 973
809 1013
809 1565
809 1682
810 814
810 1862
810 1889
810 1903
811 930
811 1015
811 1101
811 1819
812 829
812 991
812 1192
812 1468
813 1611
813 1653
813 1768
813 1771
814 950
814 1132
814 1435
814 1582
815 1281
815 1630
815 1717
815 1996
816 873
816 1139
816 1256
816 1529
816 1549
816 1591
816 1912
816 1941
817 884
817 1396
818 907
818 1321
818 1698
818 1797
818 1871
819 924
819 1006
819 1106
819 1270
819 1913
819 1981
820 982
820 1420
820 1890
821 887
821 1054
821 1179
821 1326
821 1553
822 1187
822 1200
822 1465
822 1769
822 1822
822 1949
822 1991
823 1368
823 1375
823 1472
823 1655
824 833
824 935
824 1459
824 1491
825 871
825 1030
825 1098
825 1132
825 1320
825 1481
825 1731
825 1834
825 1979
826 1273
826 1503
826 1695
827 1008
827 1112
827 1169
827 1227
827 1745
827 1933
828 935
828 1063
828 1279
828 1327
829 1481
829 1502
829 1653
829 1820
829 1860
829 1884
829 1918
830 1214
830 1370
830 1631
830 1701
830 1725
830 1938
830 1941
830 1958
833 879
833 1312
833 1313
833 1467
833 1795
834 963
834 1319
834 1868
835 958
835 963
835 1141
835 1282
835 1420
835 1470
835 1703
835 1876
836 1031
836 1096
836 1302
836 1656
836 1758
836 1908
837 1205
837 1271
837 1277
837 1447
838 1001
838 1203
838 1226
838 1509
838 1809
838 1841
838 1997
839 1248
839 1323
839 1590
839 1814
839 1863
839 1959
840 1588
840 1865
840 1885
840 1912
841 1287
841 1301
842 1087
842 1153
842 1413
842 1494
842 1512
842 1588
842 1933
843 1074
843 1156
843 1192
843 1312
843 1775
844 1056
844 1233
844 1706
844 1957
845 1396
845 1464
845 1598
845 1822
845 1827
846 882
846 912
846 916
846 975
846 986
846 1662
846 1959
847 929
847 1067
847 1099
847 1227
847 1276
847 1458
847 1858
848 1222
848 1238
848 1767
848 1861
849 1412
849 1737
849 1914
849 2000
850 1208
850 1343
850 1650
851 951
851 1027
851 1525
852 1090
852 1215
852 1459
852 1728
852 1755
853 999
853 1183
853 1210
853 1890
853 1920
854 890
854 1349
854 1735
854 1879
855 1327
855 1796
855 1870
855 1893
856 881
856 885
856 1180
856 1722
856 1983
857 1138
857 1573
857 1591
857 1826
858 1146
858 1456
858 1862
859 1004
859 1012
859 1334
859 1451
859 1538
859 1757
859 1957
860 1556
860 1873
860 1950
861 1240
861 1437
861 1555
861 1683
861 1960
862 1294
862 1327
862 1475
862 1540
862 1595
862 1612
862 1619
862 1661
862 1783
864 1415
864 1700
864 1820
865 1143
865 1835
866 1019
866 1517
867 1130
867 1143
867 1373
867 1446
868 1048
868 1109
869 1948
870 1012
870 1039
870 1601
870 1667
870 1684
870 1753
870 1867
871 1045
871 1357
871 1478
871 1487
871 1815
871 1827
871 1923
872 1516
872 1561
872 1756
873 985
873 988
873 1316
873 1429
874 1102
874 1510
875 1205
876 1212
876 1391
876 1523
876 1813
877 966
877 1053
877 1198
877 1802
878 1403
879 1268
879 1320
879 1329
879 1525
879 1664
880 963
880 1816
880 1991
881 1422
881 1474
881 1513
881 1519
881 1704
881 1864
881 1873
882 1166
882 1314
882 1484
882 1770
882 1859
882 1876
882 1922
882 1938
883 1097
883 1225
883 1539
884 961
884 1027
884 1051
884 1292
884 1616
884 1973
885 1157
885 1568
885 1911
886 1037
886 1054
886 1373
886 1518
886 1661
886 1749
886 1797
886 1963
887 1327
887 1507
887 1724
887 1902
887 1960
888 1406
888 1428
888 1634
888 1946
889 968
889 1154
889 1158
889 1623
889 1654
889 1802
890 1168
891 1330
891 1537
891 1794
892 1398
892 1773
892 1833
893 1128
893 1444
893 1626
894 1077
894 1104
894 1386
894 1413
894 1544
894 1678
894 1725
895 932
895 969
895 1090
895 1324
895 1420
895 1606
895 1765
896 1105
896 1197
896 1477
896 1499
896 1760
896 1865
896 1957
897 1250
897 1402
897 1598
897 1839
897 1853
898 1222
898 1298
898 1334
898 1449
898 1634
899 1364
899 1458
899 1930
899 1998
900 1052
900 1099
900 1124
900 1648
901 945
901 1153
901 1232
901 1292
901 1808
903 1728
903 1959
904 1746
904 1848
905 1160
905 1237
905 1501
905 1574
906 1038
906 1106
906 1470
906 1496
907 947
907 1135
907 1196
908 1150
908 1601
908 1816
908 1937
908 1973
909 1043
909 1210
909 1442
909 1601
909 1679
909 1806
910 1349
910 1585
911 942
911 948
911 1472
912 1786
913 1225
913 1886
914 987
914 1127
914 1191
914 1887
915 1446
915 1634
915 1986
916 1034
916 1487
917 1035
917 1143
917 1202
917 1417
917 1593
917 1681
917 1693
918 923
918 1161
918 1183
918 1457
919 1103
919 1247
919 1376
919 1540
919 1601
919 1884
920 1008
920 1188
920 1294
920 1346
920 1401
920 1518
920 1520
920 1675
921 1286
921 1562
922 1073
922 1438
922 1470
922 1964
923 1686
923 1788
924 1068
924 1080
924 1260
924 1272
924 1496
924 1840
925 1487
925 1600
925 1783
925 1824
926 1343
926 1372
926 1412
926 1602
926 1638
927 1351
927 1409
927 1744
927 1977
928 1281
928 1867
929 1066
929 1122
929 1404
929 1466
930 977
930 1690
930 1729
930 1831
931 962
931 996
931 1045
931 1225
931 1233
931 1333
931 1397
931 1680
931 1687
931 1875
932 1015
932 1630
932 1691
932 1835
933 957
933 1297
933 1537
933 1660
933 1695
933 1706
934 1896
934 1962
934 1964
934 1974
935 1193
935 1292
935 1650
935 1882
936 1181
936 1222
936 1241
936 1879
937 1035
937 1076
937 1594
938 1027
938 1573
938 1850
938 1877
939 1054
939 1480
939 1532
939 1862
940 1468
940 1675
940 1969
940 1989
941 1060
941 1232
941 1737
941 1871
942 1129
942 1232
942 1435
942 1488
942 1499
942 1530
942 1567
942 1829
942 1931
943 1687
943 1837
944 1950
945 1407
945 1421
945 1483
945 1756
946 1382
947 1337
947 1679
948 975
948 1473
949 1195
949 1559
949 1575
949 1715
949 1765
950 1050
950 1075
950 1202
950 1408
950 1558
950 1781
951 1572
951 1861
952 1014
952 1564
952 1594
952 1910
954 1011
954 1271
954 1367
954 1512
954 1542
954 1807
954 1810
954 1881
955 1147
955 1157
955 1483
955 1762
955 1805
956 973
956 1269
956 1321
956 1947
957 1254
957 1459
957 1552
957 1679
958 1686
959 1214
959 1433
959 1981
960 1708
960 1709
960 1926
961 1316
961 1397
961 1495
961 1699
961 1937
962 1077
962 1230
962 1824
963 980
963 1368
963 1442
963 1497
963 1770
964 985
964 1207
964 1297
964 1384
964 1473
964 1639
964 1931
965 994
965 1127
965 1247
965 1383
965 1641
965 1876
966 1055
966 1281
966 1692
966 1882
967 1230
967 1621
968 1036
968 1347
968 1566
969 1121
969 1145
969 1526
969 1706
969 1922
970 1111
970 1310
970 1485
970 1584
970 1757
971 1254
971 1500
972 1427
972 1684
973 1082
973 1117
973 1392
973 1596
974 1142
974 1626
974 1764
975 1107
975 1630
975 1647
975 1736
975 1967
976 1262
976 1390
976 1401
976 1941
977 1015
977 1055
977 1088
977 1706
977 1863
978 992
978 1299
978 1688
978 1891
979 1169
979 1415
979 1633
979 1678
979 1967
980 1093
980 1283
980 1309
980 1404
980 1406
980 1616
981 1003
981 1256
981 1809
981 1945
982 1146
982 1564
982 1813
983 1264
983 1356
983 1374
984 1533
984 1636
984 1714
984 1746
985 1035
985 1334
985 1454
986 1573
986 1574
986 1699
987 1067
987 1769
987 1850
987 1924
987 1956
988 1313
988 1524
989 1721
989 1932
990 1079
990 1120
990 1524
991 1090
991 1296
991 1402
992 1238
992 1877
993 1071
993 1355
993 1470
994 1279
994 1603
995 1178
995 1193
995 1268
995 1548
996 1172
996 1349
996 1759
997 1246
998 1001
998 1271
998 1572
999 1015
999 1136
999 1484
1000 1210
1001 1192
1001 1529
1001 1941
1002 1060
1002 1083
1002 1331
1002 1378
1002 1827
1003 1750
1003 1805
1003 1943
1004 1025
1004 1157
1004 1536
1004 1602
1004 1880
1005 1285
1005 1467
1005 1546
1005 1869
1006 1022
1006 1161
1006 1230
1006 1363
1006 1389
1007 1133
1007 1281
1007 1364
1007 1918
1008 1274
1008 1577
1008 1894
1009 1052
1009 1187
1009 1353
1009 1610
1009 1843
1009 1894
1009 1975
1010 1064
1010 1133
1011 1066
1011 1694
1011 1813
1012 1490
1012 1747
1013 1125
1013 1515
1013 1718
1013 1796
1013 1943
1014 1286
1015 1121
1015 1528
1015 1537
1016 1072
1016 1114
1016 1261
1016 1462
1016 1517
1016 1636
1016 1808
1016 1818
1016 1877
1016 1946
1017 1346
1017 1578
1017 1717
1017 1743
1017 1844
1017 1895
1017 1896
1018 1133
1018 1390
1018 1481
1018 1988
1019 1426
1019 1484
1019 1521
1019 1653
1020 1448
1020 1715
1021 1084
1021 1452
1021 1639
1021 1657
1021 1728
1021 1942
1022 1106
1022 1131
1022 1488
1022 1581
1022 1775
1023 1032
1023 1372
1023 1391
1023 1552
1023 1587
1023 1942
1024 1192
1024 1592
1025 1311
1025 1625
1025 1653
1025 1739
1025 1816
1025 1918
1026 1487
1026 1545
1026 2000
1027 1489
1027 1789
1027 1959
1028 1072
1028 1242
1028 1281
1028 1318
1028 1338
1028 1677
1029 1116
1029 1384
1030 1075
1030 1128
1030 1330
1030 1535
1030 1590
1030 1756
1031 1470
1031 1736
1031 1876
1032 1117
1032 1170
1032 1220
1032 1321
1032 1626
1032 1711
1033 1678
1033 1776
1034 1174
1036 1191
1036 1368
1036 1694
1037 1051
1037 1541
1037 1731
1038 1058
1038 1488
1038 1578
1038 1868
1038 1889
1038 1995
1039 1213
1039 1356
1039 1486
1039 1616
1040 1285
1040 1694
1040 1967
1041 1207
1041 1761
1042 1557
1042 1746
1042 1846
1042 1955
1043 1282
1043 1316
1043 1454
1044 1294
1044 1325
1044 1389
1044 1557
1044 1562
1044 1629
1044 1947
1045 1498
1045 1860
1047 1331
1047 1601
1047 1621
1047 1632
1048 1075
1048 1683
1049 1355
1049 1538
1049 1888
1050 1057
1050 1438
1050 1665
1050 1669
1050 1768
1050 1937
1051 1072
1051 1946
1051 1953
1051 1964
1051 1985
1052 1250
1052 1433
1052 1535
1052 1971
1053 1126
1053 1381
1054 1271
1054 1553
1055 1114
1055 1153
1055 1403
1055 1587
1056 1065
1056 1466
1056 1792
1056 1919
1057 1175
1057 1267
1057 1386
1057 1415
1057 1649
1057 1677
1057 1745
1057 1834
1057 1923
1057 1939
1058 1434
1058 1612
1058 1814
1058 1847
1059 1161
1059 1395
1059 1592
1059 1768
1059 1927
1060 1481
1060 1797
1061 1846
1062 1506
1062 1772
1063 1078
1063 1136
1063 1372
1063 1543
1063 1930
1064 1144
1065 1157
1065 1303
1065 1937
1066 1263
1066 1351
1066 1383
1066 1425
1066 1454
1066 1480
1066 1541
1067 1216
1067 1374
1067 1491
1067 1628
1067 1969
1068 1142
1068 1252
1068 1451
1069 1117
1069 1421
1069 1453
1069 1530
1069 1874
1070 1115
1070 1198
1070 1251
1070 1554
1070 1682
1070 1792
1070 1846
1070 1977
1071 1122
1071 1272
1071 1460
1071 1848
1071 1870
1072 1340
1073 1286
1073 1858
1073 1970
1074 1131
1074 1572
1074 1763
1074 1790
1074 1907
1075 1176
1075 1205
1075 1483
1075 1486
1075 1543
1075 1763
1076 1326
1076 1398
1077 1198
1077 1291
1077 1744
1077 1981
1078 1456
1079 1089
1079 1634
1079 1759
1080 1909
1081 1480
1081 1880
1081 1972
1082 1738
1083 1527
1083 1805
1084 1126
1084 1344
1084 1491
1084 1673
1084 1776
1084 1860
1085 1461
1085 1759
1086 1410
1086 1498
1086 1801
1086 1957
1087 1332
1087 1743
1088 1155
1088 1200
1088 1443
1088 1848
1088 1989
1089 1141
1089 1704
1089 1814
1090 1316
1090 1631
1090 1774
1090 1974
1091 1296
1092 1352
1092 1438
1092 1690
1092 1960
1093 1355
1093 1701
1093 1762
1094 1512
1094 1579
1094 1665
1095 1103
1095 1641
1096 1418
1096 1593
1097 1188
1097 1196
1097 1232
1097 1246
1097 1394
1097 1497
1097 1677
1097 1782
1098 1169
1098 1372
1098 1456
1098 1522
1098 1585
1098 1730
1099 1137
1099 1343
1099 1684
1099 1829
1100 1105
1100 1900
1101 1735
1101 1914
1102 1441
1102 1558
1102 1595
1103 1219
1103 1408
1104 1148
1104 1222
1104 1500
1105 1242
1106 1831
1106 1840
1107 1162
1107 1204
1107 1440
1107 1662
1107 1758
1108 1307
1108 1490
1108 1653
1108 1710
1108 1957
1109 1266
1109 1394
1109 1913
1109 1941
1110 1196
1110 1666
1110 1999
1111 1137
1111 1199
1111 1210
1111 1408
1111 1884
1112 1135
1112 1789
1113 1355
1113 1496
1113 1581
1113 1686
1113 1769
1113 1816
1113 1840
1114 1134
1114 1249
1114 1619
1115 1118
1115 1276
1115 1766
1116 1322
1116 1530
1116 1766
1116 1819
1116 1956
1116 1992
1117 1207
1117 1399
1117 1461
1117 1583
1118 1241
1118 1304
1118 1639
1119 1172
1119 1540
1119 1566
1120 1420
1120 1452
1120 1497
1120 1547
1120 1953
1121 1214
1121 1467
1122 1204
1122 1439
1122 1536
1122 1598
1122 1743
1123 1722
1124 1516
1124 1533
1124 1588
1124 1639
1125 1326
1125 1953
1126 1815
1126 1904
1127 1816
1128 1143
1128 1147
1128 1349
1128 1359
1129 1235
1129 1325
1129 1408
1129 1654
1129 1748
1130 1150
1130 1401
1130 1452
1130 1577
1130 1708
1130 1969
1131 1294
1131 1722
1131 1750
1132 1452
1132 1938
1132 1977
1133 1138
1133 1608
1133 1658
1133 1973
1134 1596
1135 1407
1135 1510
1136 1139
1136 1975
1137 1144
1137 1274
1137 1417
1137 1434
1137 1703
1137 1836
1137 1864
1138 1423
1140 1529
1140 1820
1141 1285
1141 1344
1141 1846
1142 1387
1142 1635
1142 1789
1142 1869
1142 1979
1143 1778
1144 1326
1144 1791
1144 1808
1144 1985
1145 1318
1145 1333
1145 1893
1145 1906
1146 1298
1146 1487
1146 1797
1146 1802
1146 1998
1147 1161
1147 1367
1147 1441
1147 1641
1147 1844
1148 1313
1148 1746
1148 1955
1149 1194
1149 1525
1150 1184
1150 1187
1150 1326
1150 1614
1150 1725
1150 1997
1151 1532
1151 1674
1151 1713
1151 1788
1151 1991
1152 1248
1152 1297
1152 1913
1153 1493
1153 1985
1154 1159
1154 1217
1154 1244
1154 1376
1154 1915
1155 1212
1155 1675
1156 1814
1157 1232
1157 1246
1157 1822
1158 1510
1159 1651
1159 1683
1159 1911
1160 1495
1160 1692
1160 1992
1161 1376
1162 1195
1162 1389
1162 1651
1163 1282
1163 1531
1163 1643
1163 1704
1163 1736
1163 1792
1164 1827
1165 1409
1165 1829
1166 1199
1166 1711
1166 1771
1166 1850
1166 1934
1166 1990
1167 1243
1167 1316
1167 1734
1168 1365
1168 1494
1168 1535
1168 1579
1169 1193
1169 1273
1169 1334
1169 1475
1169 1526
1169 1914
1170 1712
1170 1747
1170 1874
1171 1681
1172 1515
1172 1641
1172 1871
1174 1407
1174 1618
1174 1650
1175 1260
1175 1274
1175 1327
1175 1582
1175 1784
1176 1518
1176 1716
1177 1291
1177 1345
1177 1445
1177 1708
1177 1735
1178 1524
1178 1845
1179 1209
1179 1929
1179 1975
1180 1322
1180 1518
1180 1524
1180 1620
1181 1227
1181 1837
1181 1880
1181 1885
1181 1986
1182 1392
1182 1634
1183 1554
1184 1387
1184 1589
1184 1915
1185 1357
1185 1358
1185 1564
1185 1596
1185 1844
1185 1920
1185 1953
1185 1981
1186 1381
1186 1455
1186 1809
1187 1372
1187 1484
1187 1560
1187 1594
1189 1289
1189 1366
1189 1592
1190 1439
1190 1834
1191 1236
1191 1539
1192 1677
1193 1471
1193 1998
1194 1209
1194 1939
1195 1259
1195 1517
1195 1734
1196 1198
1196 1203
1196 1210
1196 1234
1196 1249
1196 1500
1196 1924
1196 1928
1197 1486
1197 1493
1197 1653
1198 1328
1198 1349
1199 1319
1199 1444
1199 1739
1199 1999
1200 1261
1200 1719
1200 1847
1201 1612
1202 1282
1202 1580
1202 1671
1202 1706
1203 1574
1204 1575
1204 1701
1204 1825
1205 1797
1205 1994
1206 1385
1206 1484
1206 1714
1206 1806
1207 1464
1207 1558
1207 1579
1207 1696
1208 1253
1208 1434
1208 1555
1208 1593
1208 1609
1208 1989
1209 1631
1209 1679
1210 1611
1210 1697
1210 1989
1211 1483
1211 1640
1212 1532
1212 1684
1213 1971
1214 1366
1215 1253
1215 1482
1216 1758
1216 1822
1216 1875
1217 1817
1218 1279
1218 1318
1218 1385
1218 1736
1218 1871
1219 1541
1219 1860
1220 1443
1220 1476
1220 1848
1220 1999
1221 1227
1221 1469
1221 1496
1221 1599
1221 1943
1222 1372
1222 1777
1222 1834
1223 1461
1224 1397
1224 1675
1225 1285
1225 1566
1226 1244
1226 1814
1226 1959
1227 1420
1227 1441
1227 1821
1228 1771
1228 1980
1229 1380
1229 1636
1230 1239
1230 1414
1230 1476
1230 1602
1230 1670
1230 1869
1230 1932
1231 1546
1231 1965
1231 1982
1232 1507
1232 1539
1232 1787
1232 1889
1233 1683
1233 1779
1233 1854
1233 1908
1234 1383
1235 1496
1235 1550
1235 1892
1236 1541
1236 1696
1236 1911
1236 1998
1237 1298
1237 1416
1237 1542
1237 1582
1237 1747
1238 1712
1238 1890
1238 1921
1239 1875
1240 1667
1240 1936
1241 1354
1241 1369
1241 1515
1241 1653
1241 1765
1241 1890
1242 1298
1242 1497
1242 1683
1243 1290
1243 1434
1244 1481
1244 1640
1244 1785
1244 1900
1244 1916
1245 1372
1245 1436
1246 1480
1246 1652
1246 1778
1246 1932
1248 1390
1248 1565
1249 1470
1249 1601
1249 1742
1249 1748
1249 1755
1250 1484
1250 1641
1250 1661
1250 1766
1251 1864
1252 1587
1252 1679
1252 1814
1253 1712
1253 1957
1254 1346
1254 1494
1254 1565
1254 1573
1255 1408
1255 1486
1255 1533
1255 1798
1256 1747
1256 1763
1257 1420
1258 1823
1259 1561
1260 1353
1261 1271
1261 1282
1261 1343
1262 1981
1263 1425
1264 1345
1264 1816
1264 1902
1265 1517
1265 1860
1266 1420
1266 1707
1266 1981
1267 1579
1267 1592
1268 1641
1268 1778
1269 1591
1269 1593
1269 1909
1269 1998
1270 1780
1271 1557
1271 1621
1272 1669
1272 1986
1273 1329
1273 1490
1273 1676
1273 1936
1275 1383
1275 1644
1275 1760
1276 1418
1276 1867
1277 1675
1278 1685
1278 1714
1279 1720
1279 1881
1280 1644
1280 1935
1281 1318
1281 1461
1282 1680
1282 1969
1283 1478
1283 1550
1283 1572
1283 1934
1284 1460
1284 1565
1284 1614
1285 1722
1286 1933
1287 1406
1287 1919
1288 1328
1288 1417
1288 1510
1288 1564
1288 1882
1289 1666
1289 1852
1289 1986
1290 1560
1290 1900
1291 1753
1292 1511
1292 1644
1292 1849
1292 1858
1293 1371
1293 1715
1293 1795
1294 1634
1295 1333
1295 1649
1295 1854
1295 1895
1296 1696
1296 1805
1297 1950
1297 1978
1298 1878
1298 1956
1299 1435
1299 1948
1300 1380
1300 1487
1301 1342
1301 1510
1302 1353
1302 1940
1303 1679
1304 1353
1304 1372
1304 1965
1305 1852
1305 1870
1306 1815
1307 1420
1308 1590
1308 1895
1309 1416
1309 1819
1311 1668
1311 1735
1311 1875
1311 1977
1312 1456
1312 1539
1312 1939
1313 1547
1314 1718
1315 1738
1316 1539
1316 1570
1317 1348
1317 1364
1317 1498
1317 1499
1317 1792
1318 1321
1318 1354
1318 1406
1318 1505
1319 1709
1319 1995
1320 1331
1320 1436
1321 1365
1321 1438
1321 1657
1322 1342
1322 1490
1322 1678
1323 1485
1323 1576
1323 1598
1323 1705
1323 1805
1324 1547
1324 1881
1324 1890
1325 1424
1325 1727
1325 1736
1325 1830
1326 1442
1326 1539
1326 1631
1326 1659
1326 1665
1326 1738
1327 1411
1327 1483
1328 1506
1328 1904
1329 1342
1329 1414
1329 1785
1330 1635
1331 1673
1331 1844
1332 1900
1333 1405
1333 1515
1333 1942
1334 1813
1335 1464
1335 1903
1335 1959
1336 1916
1337 1444
1337 1687
1337 1757
1337 1859
1337 1937
1337 1952
1338 1346
1339 1563
1339 1849
1340 1418
1340 1424
1340 1560
1340 1764
1340 1966
1341 1579
1341 1815
1342 1557
1342 1569
1342 1655
1342 1701
1342 1771
1342 1827
1343 1412
1343 1608
1343 1771
1343 1789
1344 1385
1344 1437
1344 1519
1344 1667
1344 1717
1345 1455
1345 1701
1345 1717
1345 1789
1345 1965
1346 1874
1346 1881
1347 1580
1347 1659
1347 1816
1347 1991
1348 1360
1348 1409
1348 1493
1348 1851
1349 1601
1349 1735
1349 1996
1350 1983
1351 1398
1353 1362
1353 1828
1354 1430
1354 1493
1354 1653
1354 1856
1354 1989
1355 1513
1355 1556
1355 1813
1356 1699
1356 1753
1357 1770
1357 1938
1357 1946
1358 1495
1358 1601
1358 1934
1359 1695
1359 1785
1359 1914
1360 1492
1360 1645
1360 1912
1361 1841
1362 1517
1362 1854
1363 1565
1363 1852
1364 1543
1364 1943
1365 1427
1365 1446
1365 1635
1365 1659
1365 1697
1366 1504
1366 1991
1367 1557
1368 1927
1369 1890
1370 1634
1370 1663
1371 1617
1372 1720
1373 1377
1373 1457
1375 1439
1375 1641
1375 1964
1376 1456
1376 1487
1377 1407
1377 1825
1378 1438
1378 1541
1378 1960
1379 1876
1381 1761
1381 1801
1381 1968
1382 1782
1382 1823
1383 1438
1384 1495
1384 1884
1385 1581
1385 1706
1385 1858
1386 1453
1386 1531
1386 1723
1386 1816
1386 1974
1386 1988
1387 1659
1387 1781
1387 1823
1387 1878
1388 1418
1388 1763
1389 1522
1389 1744
1389 1791
1390 1521
1390 1566
1390 1598
1390 1895
1391 1482
1391 1509
1391 1742
1391 1894
1392 1612
1393 1678
1393 1827
1394 1760
1394 1881
1395 1537
1396 1518
1396 1702
1396 1960
1398 1715
1400 1419
1400 1540
1400 1804
1401 1499
1401 1857
1401 1965
1402 1512
1402 1547
1402 1622
1403 1479
1404 1520
1404 1656
1405 1470
1405 1508
1405 1522
1405 1584
1406 1525
1406 1620
1406 1873
1407 1438
1407 1833
1407 1912
1409 1520
1409 1641
1411 1871
1412 1635
1412 1944
1413 1443
1413 1446
1413 1930
1414 1839
1416 1507
1416 1517
1416 1541
1416 1610
1416 1635
1417 1585
1417 1654
1417 1930
1418 1451
1418 1512
1418 1576
1418 1652
1418 1658
1419 1512
1419 1692
1419 1787
1419 1877
1419 1907
1420 1600
1420 1819
1421 1778
1421 1988
1422 1694
1423 1686
1423 1735
1424 1457
1425 1956
1425 1960
1426 1795
1426 1856
1427 1625
1427 1667
1427 1710
1427 1909
1428 1724
1429 1801
1430 1714
1430 1842
1431 1581
1431 1651
1432 1540
1432 1778
1432 1794
1433 1495
1433 1546
1433 1565
1433 1716
1433 1723
1433 1981
1434 1670
1434 1720
1435 1511
1435 1893
1435 1917
1436 1880
1437 1459
1437 1679
1437 1912
1437 1956
1439 1672
1439 1722
1440 1525
1440 1934
1440 1992
1441 1648
1443 1672
1443 1898
1443 1977
1445 1455
1445 1484
1446 1654
1446 1977
1447 1697
1447 1980
1448 1537
1448 1688
1448 1736
1449 1460
1449 1467
1449 1617
1450 1909
1451 1569
1451 1675
1452 1684
1452 1835
1452 1856
1452 1867
1453 1842
1454 1594
1454 1770
1454 1991
1455 1961
1457 1469
1457 1574
1457 1614
1457 1875
1457 1880
1458 1672
1458 1754
1459 1535
1459 1994
1460 1565
1461 1510
1461 1541
1462 1584
1462 1634
1462 1640
1462 1861
1463 1504
1463 1539
1464 1702
1464 1985
1465 1601
1466 1637
1467 1724
1468 1487
1468 1617
1468 1630
1468 1715
1468 1860
1468 1934
1469 1606
1469 1776
1470 1700
1470 1749
1471 1978
1472 1521
1472 1693
1473 1610
1473 1972
1474 1543
1474 1682
1474 1876
1475 1615
1475 1996
1476 1563
1476 1586
1476 1681
1476 1797
1479 1785
1479 1837
1480 1512
1481 1493
1481 1820
1481 1877
1482 1805
1482 1908
1482 1930
1483 1572
1483 1692
1483 1806
1484 1886
1486 1531
1486 1593
1486 1932
1487 1510
1487 1872
1487 1956
1488 1496
1488 1821
1488 1823
1488 1857
1489 1735
1489 1855
1489 1916
1490 1498
1490 1609
1490 1724
1490 1763
1491 1523
1491 1700
1492 1968
1493 1576
1494 1587
1494 1912
1494 1999
1495 1569
1496 1661
1496 1740
1496 1778
1496 1983
1497 1819
1499 1790
1501 1632
1502 1581
1503 1674
1503 1800
1503 1842
1503 1960
1504 1554
1504 1885
1505 1656
1505 1676
1505 1962
1505 1973
1506 1598
1507 1525
1507 1635
1508 1752
1508 1924
1509 1613
1509 1884
1511 1727
1511 1770
1511 1879
1512 1678
1512 1848
1513 1670
1513 1858
1513 1916
1513 1990
1514 1519
1514 1746
1514 1769
1516 1689
1517 1680
1517 1969
1518 1651
1519 1614
1519 1871
1520 1608
1521 1950
1522 1527
1522 1566
1522 1623
1523 1846
1523 1873
1524 1585
1525 1567
1525 1771
1525 1844
1526 1905
1526 1914
1527 1759
1527 1828
1528 1791
1529 1792
1529 1937
1531 1626
1531 1836
1531 1889
1532 1539
1532 1639
1532 1819
1532 1885
1532 1931
1533 1628
1534 1726
1534 1824
1535 1566
1537 1604
1537 1784
1537 1807
1537 1891
1538 1648
1538 1681
1539 1613
1539 1767
1539 1775
1539 1943
1540 1809
1540 1826
1540 1841
1541 1569
1541 1780
1542 1830
1543 1667
1545 1755
1545 1821
1545 1894
1545 1907
1546 1870
1548 1920
1549 1901
1550 1905
1550 1920
1552 1560
1552 1727
1552 1743
1553 1990
1554 1583
1555 1653
1555 1665
1556 1806
1557 1631
1557 1651
1558 1715
1558 1817
1558 1846
1558 1984
1559 1624
1559 1712
1560 1578
1560 1869
1562 1807
1564 1744
1564 1793
1566 1809
1566 1886
1566 1936
1567 1823
1567 1898
1568 1990
1569 1643
1569 1830
1570 1636
1570 1794
1571 1704
1571 1807
1572 1719
1573 1904
1574 1611
1574 1808
1575 1628
1575 1675
1575 1692
1575 1743
1575 1922
1577 1686
1577 1809
1578 1597
1578 1869
1579 1760
1579 1974
1580 1970
1581 1683
1581 1897
1582 1697
1582 1796
1585 1727
1586 1828
1588 1776
1589 1783
1590 1818
1591 1644
1591 1727
1592 1825
1592 1976
1594 1790
1594 1822
1595 1954
1596 1662
1597 1777
1599 1992
1600 1805
1600 1955
1601 1642
1601 1653
1601 1903
1601 1936
1602 1756
1602 1822
1602 1846
1603 1661
1605 1653
1607 1926
1608 1670
1608 1954
1609 1836
1609 1872
1609 1944
1611 1766
1611 1920
1612 1866
1613 1634
1614 1701
1614 1803
1614 1954
1615 1785
1615 1802
1615 1818
1616 1981
1617 1656
1617 1900
1617 1972
1619 1880
1620 1953
1621 1863
1624 1767
1624 1785
1624 1986
1626 1668
1627 1855
1627 1881
1628 1644
1628 1736
1629 1865
1630 1850
1630 1897
1632 1679
1632 1849
1632 1999
1633 1793
1633 1907
1633 1909
1633 1947
1634 1638
1634 1799
1634 1997
1635 1744
1636 1863
1636 1898
1636 1908
1636 1911
1637 1718
1638 1656
1639 1897
1641 1735
1642 1746
1643 1821
1643 1848
1643 2000
1645 1801
1646 1757
1647 1822
1648 1977
1649 1805
1652 1936
1654 1897
1655 1657
1655 1840
1656 1854
1657 1665
1657 1782
1659 1705
1659 1709
1659 1754
1659 1995
1660 1805
1660 1964
1661 1741
1661 1964
1662 1740
1662 1860
1663 1714
1663 1768
1663 1799
1663 1873
1663 2000
1664 1810
1664 1875
1665 1799
1666 1667
1666 1961
1669 1750
1670 1693
1670 1905
1671 1863
1671 1867
1671 1885
1673 1882
1676 1715
1676 1775
1677 1931
1677 1972
1678 1858
1678 1896
1678 1983
1679 1780
1679 1893
1680 1764
1680 1861
1681 1764
1681 1821
1682 1750
1682 1785
1683 1805
1683 1967
1684 1836
1684 1874
1684 1940
1685 1743
1685 1760
1687 1783
1687 1810
1688 1935
1690 1784
1691 1924
1693 1701
1694 1906
1695 1732
1695 1905
1695 1974
1698 1761
1698 1771
1699 1741
1699 1835
1699 1965
1701 1956
1702 1999
1703 1869
1706 1784
1706 1880
1706 1913
1707 1813
1708 1787
1708 1930
1709 1916
1710 1711
1710 1805
1711 1728
1711 1821
1711 1913
1712 1772
1713 1765
1713 1982
1714 1848
1714 1852
1714 1935
1715 1918
1716 1816
1716 1826
1719 1856
1719 1916
1721 1970
1722 1929
1723 1754
1724 1933
1725 1805
1725 1844
1726 1806
1727 1754
1728 1893
1732 1869
1732 1944
1734 1928
1734 1934
1736 1918
1740 1777
1745 1882
1748 1859
1750 1880
1751 1797
1752 1962
1754 1914
1755 1837
1756 1931
1756 1934
1757 1773
1757 1817
1757 1865
1759 1806
1759 1852
1759 1964
1760 1779
1761 1862
1762 1782
1762 1979
1762 1999
1764 1904
1766 1860
1766 1872
1766 1912
1766 1978
1768 1968
1768 1981
1770 1814
1770 1834
1772 1783
1772 1951
1774 1820
1774 1842
1774 1940
1774 1995
1776 1972
1778 1789
1782 1975
1783 1809
1783 1917
1783 1920
1786 1990
1788 1846
1789 1825
1791 1914
1792 1805
1794 1799
1794 1926
1794 1936
1796 1814
1797 1871
1797 1947
1799 1905
1803 1895
1803 1956
1804 1936
1804 1989
1812 1871
1813 1893
1813 1970
1814 1885
1816 1930
1819 1966
1820 1851
1823 1964
1824 1877
1829 1906
1829 1972
1832 1947
1833 1893
1834 1988
1838 1839
1839 1858
1839 1908
1841 1851
1841 1872
1841 1886
1842 1844
1843 1956
1843 1979
1845 1897
1849 1901
1850 1933
1850 1945
1850 1963
1852 1917
1853 1882
1857 1880
1857 1995
1861 1986
1864 1904
1864 1944
1864 1973
1867 1965
1868 1907
1871 1991
1873 1948
1875 1933
1876 1931
1876 1976
1877 1926
1878 1906
1879 1984
1883 1945
1886 1997
1890 1943
1890 1946
1897 1957
1898 1901
1898 1965
1900 1921
1900 1957
1901 1902
1903 1910
1908 1940
1908 1954
1908 1993
1909 1913
1910 1988
1911 1955
1913 1930
1926 1934
1927 1961
1931 1963
1938 1942
1942 1979
1949 1972
1951 1982
1952 1955
1966 1989
1967 1986
1968 1998
1974 1999
1975 1981
1986 1994