2000
2 1169
2 1833
3 21
3 1353
3 1504
3 1962
4 955
4 1909
4 1952
5 669
5 759
5 784
5 1335
5 1708
6 1524
6 1824
6 1945
7 97
7 359
7 1088
7 1929
8 897
8 1111
8 1611
9 725
10 1582
10 1795
10 1860
10 1881
10 1998
11 38
11 377
11 570
11 1155
11 1470
11 1776
11 1971
12 1193
12 1490
12 1614
12 1814
12 1895
13 479
13 877
13 943
13 1155
13 1892
14 65
14 716
14 764
14 1171
15 313
15 687
15 1058
15 1346
15 1430
15 1955
15 1959
16 283
16 924
16 1588
17 161
17 1313
17 1418
17 1627
18 476
18 513
18 548
18 1641
19 536
19 800
19 1175
19 1180
19 1531
20 143
20 237
20 878
20 1011
20 1524
21 540
21 560
21 580
21 1484
22 850
22 1000
22 1463
23 391
23 685
23 1113
23 1250
23 1990
24 457
24 615
24 1584
24 1774
24 1986
25 326
25 473
25 1025
25 1077
26 285
26 666
26 1404
26 1684
27 37
27 73
27 171
27 817
27 1415
28 977
29 755
29 909
29 910
30 663
30 1413
30 1987
31 45
31 97
31 429
31 533
31 952
31 1375
31 1479
31 1670
31 1826
31 1975
32 34
32 440
32 1379
32 1416
32 1683
32 1732
33 124
33 1225
33 1306
33 1661
34 53
34 54
34 207
34 1617
35 599
35 1133
35 1486
35 1528
35 1541
36 107
36 182
36 826
36 1552
36 1652
37 776
37 1048
38 467
38 1365
39 488
39 552
39 1314
39 1427
39 1834
40 280
40 583
40 616
40 1011
40 1201
40 1781
41 302
41 627
41 757
41 940
41 1242
41 1307
41 1704
41 1882
41 1887
42 327
43 877
43 1099
43 1258
43 1617
43 1972
44 422
44 1102
44 1507
44 1939
45 347
45 393
45 872
45 959
45 1209
45 1341
47 172
47 260
47 581
47 1647
48 345
48 632
48 670
48 801
48 868
48 1121
48 1183
48 1226
49 470
49 765
49 794
49 994
49 1683
49 1846
50 808
50 943
50 1067
50 1986
51 669
51 718
51 736
51 1008
51 1332
51 1931
52 410
52 835
52 1685
52 1724
53 152
53 434
53 494
53 853
53 989
53 1104
53 1562
53 1577
53 1873
54 59
54 67
54 106
54 415
54 876
55 128
55 372
55 895
55 1202
55 1223
56 212
56 576
56 771
56 1500
56 1873
57 558
57 665
57 783
57 1239
57 1293
57 1376
57 1742
58 414
58 747
58 992
58 1987
59 433
59 1456
59 1965
60 1160
60 1453
61 1201
61 1586
62 755
62 861
62 925
62 1022
62 1619
62 1964
63 1864
64 1053
64 1128
64 1404
64 1896
65 297
65 441
65 1510
65 1720
65 1924
66 990
66 1223
66 1775
66 1965
67 164
68 1413
69 856
69 996
70 124
70 630
70 1312
70 1444
71 254
71 1068
71 1547
72 525
72 1355
74 729
74 1179
74 1469
74 1717
75 143
75 532
75 895
75 1238
75 1604
77 824
77 848
77 1603
77 1751
78 175
78 375
78 545
78 1210
78 1302
78 1597
79 390
79 1505
80 197
80 779
80 1776
80 1889
80 1959
81 264
81 473
81 555
81 1969
82 323
82 637
82 902
82 1271
82 1847
82 1997
83 242
83 297
83 389
83 391
83 518
83 1329
83 1509
84 657
84 834
84 1425
84 1439
84 1567
84 1879
85 231
85 315
85 1105
86 358
86 454
86 632
86 1455
86 1671
87 587
87 778
87 1742
88 151
88 1596
88 1854
89 934
89 1198
89 1270
89 1981
90 185
90 205
90 320
91 708
91 901
91 1377
92 399
92 508
92 609
92 1453
93 467
93 766
93 1027
93 1309
93 1371
94 129
94 304
94 634
94 799
94 932
95 260
95 426
95 668
95 1214
96 135
96 384
96 401
96 1127
97 882
97 1826
97 1930
98 433
98 573
98 1006
98 1612
98 1736
99 359
99 967
99 1294
99 1662
100 449
100 476
100 588
100 1352
100 1891
101 361
101 370
101 686
101 734
101 1183
101 1512
101 1672
101 1807
102 312
102 1979
103 469
103 714
103 1165
103 1509
103 1963
104 482
104 541
104 1916
105 364
105 480
105 1755
106 659
106 1395
106 1716
106 1736
107 290
107 414
107 877
107 962
107 1065
107 1415
108 174
108 855
108 1501
108 1931
109 395
109 470
109 1198
109 1541
110 315
110 582
110 1317
110 1483
110 1784
111 990
111 1064
111 1743
112 729
112 1216
113 323
113 930
113 1208
113 1920
114 1291
114 1308
115 213
115 726
115 1772
115 1782
116 341
116 409
116 702
116 871
116 993
116 1491
117 616
117 1042
118 259
118 466
118 811
119 971
119 988
119 1060
119 1162
119 1803
119 1947
120 203
120 884
120 1522
121 427
121 437
121 1627
121 1758
122 815
122 1126
122 1169
122 1217
122 1631
122 1674
122 1713
123 140
123 1136
123 1434
124 617
124 642
124 840
124 1510
125 741
125 1263
125 1327
125 1575
126 1223
126 1248
127 897
128 651
128 1622
128 1925
129 171
129 718
129 932
129 1655
129 1802
130 551
130 745
130 808
130 1099
130 1315
130 1688
131 230
131 236
131 408
131 1090
131 1314
131 1826
132 1009
133 1849
133 1994
134 720
134 1494
134 1899
135 593
135 670
136 451
136 1090
136 1206
137 1032
137 1141
137 1261
137 1741
138 205
138 743
138 1874
139 855
139 1217
139 1507
139 1508
140 301
140 398
140 819
140 957
140 1323
140 1610
141 297
141 847
141 1426
142 961
142 1768
142 1881
143 1544
144 1771
144 1813
144 1921
144 1940
145 190
145 1029
145 1374
145 1709
146 431
146 1007
146 1054
146 1724
146 1846
147 234
147 1039
148 374
148 491
148 875
148 1511
148 1816
149 220
149 1194
149 1292
149 1343
149 1552
149 1612
150 572
150 1969
151 1322
151 1513
151 1798
151 1800
151 1912
152 295
152 534
152 1333
152 1388
153 919
153 1431
153 1927
154 355
154 1622
155 349
155 1030
155 1292
155 1569
156 225
156 704
156 1034
156 1613
157 540
157 633
157 899
157 1393
157 1539
157 1683
157 1732
158 477
158 882
158 1572
158 1745
159 752
159 1451
159 1536
159 1769
159 1786
160 212
160 318
161 350
161 353
161 411
161 809
161 1047
162 910
162 1116
162 1746
162 1893
163 381
163 1606
164 177
164 184
164 206
164 241
164 1351
164 1417
164 1953
165 233
165 348
165 988
165 1233
165 1597
165 1742
166 1545
167 382
167 1361
167 1952
168 337
168 435
168 1162
168 1522
168 1693
168 1752
169 756
169 920
170 804
170 1650
170 1789
170 1895
171 455
171 579
171 1071
171 1762
172 700
172 1522
173 670
173 1285
173 1677
173 1874
174 361
174 394
174 529
174 884
174 1434
174 1818
176 1021
176 1206
176 1393
176 1410
177 583
177 1197
178 1464
178 1634
178 1813
178 1964
179 254
179 349
179 516
179 532
179 1038
179 1068
179 1183
179 1204
180 467
180 1117
180 1463
181 555
181 764
181 1007
181 1862
182 830
182 1009
182 1062
182 1235
182 1293
183 358
183 1271
183 1611
184 246
184 773
184 1648
184 1986
185 732
185 1092
185 1650
186 635
186 1265
186 1339
187 220
187 1284
187 1652
188 1075
188 1190
188 1577
189 1256
189 1476
190 228
190 1084
190 1495
190 1510
190 1725
190 1803
190 1930
191 732
191 1014
191 1450
191 1537
192 485
192 763
192 1780
193 556
193 1784
194 937
194 1043
195 198
195 597
195 911
195 984
196 480
196 1165
197 241
197 589
197 1408
197 1854
198 514
198 655
198 1811
198 1913
199 864
200 614
200 1919
201 564
201 594
201 883
201 910
201 1731
201 1869
201 1870
201 1886
201 1927
202 308
202 1691
203 643
203 877
204 361
204 805
204 1379
204 1669
205 270
205 384
205 750
205 946
205 1374
205 1483
205 1579
206 1893
206 1968
207 730
207 1021
207 1102
207 1882
207 1930
207 1987
208 1266
208 1951
209 401
210 468
210 583
210 792
210 1254
211 387
211 885
211 1120
212 469
212 1598
212 1710
213 758
213 870
213 945
213 1099
213 1638
213 1778
214 256
214 457
214 944
214 1527
214 1715
214 1721
214 1901
215 247
215 1276
216 724
216 1064
216 1350
216 1670
217 559
217 756
217 1537
217 1867
217 1956
218 556
218 1046
218 1512
219 634
219 1057
219 1091
219 1417
219 1503
219 1750
219 1835
220 299
220 389
220 909
220 1031
221 423
221 669
221 685
221 1822
222 277
222 1440
223 358
223 424
223 1994
224 331
224 358
224 594
224 1190
224 1266
224 1410
224 1609
225 1158
225 1570
226 407
226 790
226 1111
226 1267
226 1611
227 263
227 1216
228 752
228 784
228 1101
228 1316
228 1699
229 1576
230 908
230 1249
230 1255
230 1259
230 1806
231 999
231 1134
231 1301
231 1340
231 1381
231 1569
232 258
232 775
232 1112
233 1044
234 339
234 1106
234 1230
234 1324
234 1537
234 1640
235 667
235 1247
235 1287
235 1681
235 1738
235 1822
236 1776
236 1792
237 272
237 715
237 805
237 984
237 1503
238 506
238 541
238 688
238 822
238 933
238 1152
238 1222
238 1230
238 1871
238 1981
239 308
239 1056
239 1069
239 1370
239 1882
240 658
240 990
240 1758
240 1857
242 1047
242 1207
242 1322
242 1323
242 1539
242 1850
243 1936
244 621
244 1154
244 1432
244 1610
244 1736
245 778
245 862
245 1047
246 465
246 525
246 1442
247 612
247 1082
247 1120
247 1712
248 522
248 1802
248 1939
249 1421
249 1971
250 270
250 672
250 1161
250 1322
250 1763
250 1861
250 1962
251 294
251 599
251 664
251 791
251 1543
251 1687
251 1947
252 540
252 627
252 1116
252 1696
253 1037
253 1547
254 459
254 1142
254 1287
254 1629
255 444
255 510
255 1101
255 1306
255 1429
255 1479
255 1550
255 1900
256 441
256 588
256 975
256 1509
257 302
257 636
257 888
257 1857
258 665
258 935
258 1879
259 1458
260 337
260 419
260 664
260 975
260 1703
260 1773
261 728
261 1011
261 1870
262 1513
262 1595
262 1723
263 765
264 790
264 933
265 902
265 948
265 951
265 1378
265 1491
265 1683
266 323
266 602
266 1711
266 1772
267 934
268 774
268 1300
268 1341
268 1745
268 1799
269 1032
269 1393
269 1533
270 1951
271 913
271 1917
272 1107
272 1442
272 1461
272 1734
273 741
274 1020
274 1689
275 740
275 906
275 1059
275 1567
275 1725
275 1811
276 559
276 737
276 742
276 804
276 1446
276 1504
276 1841
276 1851
277 1551
277 1630
278 1096
279 361
279 591
279 912
280 388
280 1149
280 1361
280 1467
280 1882
280 1943
280 1952
280 1988
281 1314
282 746
282 1321
282 1954
283 952
283 1041
284 994
284 1444
284 1998
285 678
285 853
285 1001
286 1615
286 1634
287 465
287 557
287 950
287 1194
288 304
288 1275
288 1305
288 1946
289 605
289 1228
289 1453
290 1508
291 761
291 1677
291 1791
293 527
293 956
293 1006
293 1898
294 1540
294 1651
294 1709
295 417
295 582
295 936
295 1943
296 521
296 874
296 1449
297 515
297 751
297 931
297 1362
297 1460
297 1808
298 434
298 582
298 1278
298 1398
298 1868
299 387
299 426
299 1273
299 1288
299 1456
299 1977
300 505
300 582
300 842
300 907
300 1166
300 1763
300 1831
301 586
301 699
301 1573
301 1651
301 1741
302 884
302 1101
302 1368
302 1440
302 1771
302 1961
303 495
303 1043
303 1348
303 1399
303 1667
304 466
304 523
304 698
305 919
305 1025
306 974
306 1308
306 1922
307 320
308 652
308 836
308 999
308 1079
308 1385
309 495
309 578
309 883
309 1289
309 1600
310 342
310 631
310 842
310 1364
310 1459
310 1923
311 391
311 1234
311 1353
312 486
312 692
312 746
312 846
312 1119
312 1350
312 1558
313 453
313 1261
313 1329
313 1519
313 1763
313 1860
314 1620
314 1846
314 1927
315 1739
316 1120
316 1209
317 510
317 1361
317 1920
318 468
318 811
319 1897
320 469
320 1180
320 1921
321 382
321 1131
321 1133
322 446
322 1099
322 1324
323 1143
323 1450
324 381
324 496
324 1532
324 1581
325 821
325 1305
325 1672
325 1712
325 1784
326 639
326 1458
326 1459
327 398
327 653
327 913
328 593
328 612
328 1279
328 1851
328 1942
329 991
329 1360
329 1422
331 644
331 914
331 978
331 1286
331 1307
332 492
332 669
332 720
333 1005
333 1920
334 456
334 1720
335 1323
335 1325
335 1465
335 1909
335 1949
336 1000
336 1033
336 1307
336 1470
336 1748
337 560
337 677
337 945
337 1025
337 1169
337 1334
338 1026
338 1038
339 1289
340 460
340 757
340 1571
341 869
342 966
342 1040
342 1461
342 1593
344 661
344 1418
345 1188
345 1496
346 502
346 929
346 1346
346 1395
346 1474
346 1563
346 1746
347 898
348 1030
348 1195
349 599
349 1369
349 1692
350 477
350 490
350 559
350 660
350 704
350 812
350 1077
350 1113
350 1888
351 467
351 897
352 966
352 1194
352 1352
353 601
353 739
353 1027
353 1042
353 1184
353 1855
354 466
354 851
354 1371
354 1390
354 1482
354 1969
355 1071
355 1358
356 492
356 1169
356 1205
356 1945
357 455
357 473
357 721
357 844
357 973
357 1068
357 1367
358 496
358 807
358 1384
360 475
360 1710
361 562
361 951
361 1536
362 442
362 641
362 1300
362 1906
363 782
363 1205
363 1824
364 545
364 1767
365 470
365 1378
365 1853
365 1973
366 426
366 645
366 676
366 903
366 1248
366 1436
366 1608
367 1232
367 1439
367 1535
367 1679
368 1002
368 1260
369 437
369 835
369 1180
369 1309
369 1905
370 407
370 1011
371 1550
372 1507
373 589
373 1317
373 1709
373 1975
374 1694
375 1378
375 1395
376 1063
376 1139
376 1399
376 1416
377 910
377 1500
378 616
378 695
378 1108
378 1605
378 1742
378 1901
379 1181
379 1557
379 1609
379 1631
380 412
380 648
380 855
380 1404
380 1432
380 1908
381 1037
381 1523
381 1681
381 1728
381 1761
382 1228
382 1287
382 1346
382 1771
383 811
383 831
384 411
384 570
384 722
384 1134
384 1222
384 1636
384 1727
385 416
385 472
385 617
385 991
385 1153
385 1582
386 902
386 1170
386 1660
386 1779
387 484
387 1317
388 599
388 733
388 756
388 1136
388 1879
389 971
390 902
390 1243
390 1651
390 1700
391 802
391 885
391 1239
391 1338
391 1652
392 832
392 1719
392 1769
393 711
393 1771
394 1248
394 1527
395 489
395 513
395 913
395 925
395 997
395 1148
395 1809
396 1550
396 1953
397 1989
398 571
399 780
399 972
399 1046
399 1848
400 689
400 1430
401 1122
401 1286
401 1551
402 719
402 757
402 1554
404 1256
404 1731
404 1903
405 1952
406 542
406 1055
406 1270
407 1003
407 1518
407 1997
408 1315
408 1566
409 483
409 1013
409 1751
411 887
411 954
411 1318
412 797
413 1316
414 1034
415 590
416 602
416 640
416 709
416 947
416 1670
416 1774
416 1962
418 1102
418 1442
419 1267
419 1984
420 611
420 940
420 1319
421 500
421 569
421 1314
421 1904
422 1081
423 694
423 804
424 570
424 1015
424 1413
424 1515
424 1775
424 1870
425 894
425 1095
425 1802
426 1197
426 1495
426 1947
427 613
427 1020
427 1368
427 1464
427 1480
427 1829
428 1130
428 1172
428 1637
428 1723
429 897
429 1049
429 1095
429 1547
429 1693
429 1748
430 446
430 961
430 1326
432 636
432 1381
433 790
433 814
433 1794
434 674
434 805
434 1334
435 800
435 1329
435 1991
436 1039
436 1216
436 1450
436 1567
436 1998
437 482
437 876
437 1733
438 574
438 643
438 1363
439 1053
439 1491
440 620
440 886
441 908
441 1389
441 1827
442 886
442 1282
442 1593
443 869
443 1979
444 949
444 1033
445 715
445 843
445 868
445 1470
445 1633
445 1635
445 1819
446 1341
446 1447
446 1571
446 1650
447 1071
447 1256
447 1436
447 1694
448 1000
448 1354
448 1598
448 1949
449 990
449 1053
450 1284
451 750
451 1269
451 1557
452 525
452 871
452 1793
452 1988
453 557
454 822
454 1578
455 1994
456 740
456 885
456 1409
457 1475
457 1531
457 1946
457 1992
458 648
459 1444
459 1453
459 1888
460 1966
461 874
461 1008
462 629
462 941
462 1385
463 741
463 1440
463 1858
464 524
464 545
464 1115
464 1459
464 1575
464 1741
464 1743
464 1803
465 516
465 1205
465 1793
467 884
467 1098
467 1574
468 1228
468 1399
470 1042
470 1288
470 1326
470 1371
470 1595
470 1626
471 570
471 802
471 1971
472 890
472 960
472 975
472 1028
472 1685
473 516
473 849
473 1231
474 493
474 1372
474 1455
474 1606
475 628
475 821
475 937
476 798
476 1398
476 1828
477 1066
477 1844
478 640
478 959
479 522
479 1064
479 1438
479 1676
479 1757
480 1791
481 650
481 694
481 702
481 965
481 1082
482 966
482 1918
483 544
483 895
483 896
483 997
483 1500
484 757
484 783
484 786
484 1393
484 1868
485 1515
486 712
486 1176
486 1439
487 1950
487 1963
488 542
488 620
488 1509
488 1657
489 1513
489 1729
490 534
490 1602
490 1801
491 642
491 745
491 784
492 787
492 1458
493 693
493 1109
493 1692
493 1777
494 662
494 1022
494 1261
494 1284
494 1474
494 1810
494 1879
494 1951
495 678
495 941
495 1546
495 1605
496 1711
497 1103
497 1724
498 1411
498 1449
498 1724
499 703
499 1775
499 1795
500 576
500 1055
500 1103
501 639
501 739
501 1633
501 1837
501 1856
501 1917
502 663
502 1659
502 1908
502 1940
503 1194
503 1811
504 556
504 854
504 924
504 1803
504 1811
505 625
505 1279
505 1732
507 1171
507 1455
508 1463
508 1874
509 1060
510 1225
510 1531
510 1713
511 730
511 1474
511 1937
512 1005
512 1271
512 1628
512 1950
512 1989
513 1907
514 527
514 723
514 1066
514 1403
514 1461
514 1818
514 1867
515 569
515 1134
515 1360
515 1919
516 1008
516 1124
516 1362
517 527
517 857
517 1019
517 1819
518 543
518 913
518 1284
518 1416
518 1442
518 1497
518 1683
518 1891
518 1976
519 1089
519 1197
519 1261
519 1457
519 1673
520 1418
520 1513
520 1593
520 1853
521 999
521 1684
522 543
522 715
522 795
522 1187
522 1509
523 808
523 1089
523 1433
523 1805
523 1886
523 1947
524 624
524 1321
524 1347
524 1805
525 1693
526 614
526 1279
526 1976
526 1989
527 731
527 1122
527 1131
527 1458
528 1483
528 1730
528 1862
529 786
529 1806
529 1863
530 741
530 1551
531 557
531 1674
531 1704
532 953
533 674
533 841
533 848
533 1166
533 1336
533 1385
534 777
534 1428
534 1466
535 797
535 1441
535 1656
535 1723
536 756
536 826
536 1249
536 1794
537 881
537 1070
537 1857
538 840
538 1452
538 1546
539 722
539 792
539 893
539 1473
539 1760
540 878
540 1172
540 1189
541 1175
542 733
542 1111
542 1594
543 633
543 979
543 1675
543 1911
544 652
545 1276
545 1719
546 896
546 1460
546 1736
547 819
547 1330
548 871
550 851
550 921
551 666
551 900
551 1227
551 1379
551 1738
552 884
552 1051
553 797
553 1243
554 926
554 1274
554 1520
554 1776
555 1177
555 1759
555 1874
556 937
556 1357
556 1570
557 984
557 1149
557 1518
557 1960
558 721
558 970
559 992
559 1096
559 1393
560 814
560 1139
561 634
561 636
561 998
561 1176
561 1849
562 687
562 1640
563 834
563 929
563 1247
563 1855
564 1112
564 1619
564 1760
564 1872
565 749
566 662
566 1192
566 1263
567 1321
567 1769
567 1898
568 1375
568 1568
568 1787
569 692
569 699
569 701
569 1198
570 796
570 860
570 1670
570 1744
571 1523
572 1034
572 1143
572 1238
572 1543
572 1686
573 1467
573 1809
573 1892
574 659
575 962
575 1025
575 1119
577 623
577 1583
578 965
578 1448
578 1992
579 640
579 752
579 1005
579 1269
579 1336
579 1425
579 1444
579 1940
580 749
580 1135
580 1418
580 1557
581 604
581 643
581 1514
581 1661
581 1769
582 751
582 1312
583 853
583 1541
583 1679
584 679
584 1163
585 973
585 1476
585 1823
585 1834
586 820
586 1158
586 1777
586 1942
587 895
587 1241
587 1633
587 1760
589 701
589 1242
589 1475
590 1584
592 767
592 884
592 1365
593 810
593 1346
593 1882
594 609
594 910
594 1030
594 1427
594 1475
594 1798
595 637
595 775
595 1244
596 775
596 1113
596 1942
597 755
597 1076
597 1147
597 1159
597 1262
597 1558
597 1713
597 1975
598 812
598 1678
599 925
599 1214
601 1114
601 1277
601 1592
601 1619
601 1631
601 1632
602 884
602 1168
602 1172
602 1259
602 1582
602 1619
603 1473
603 1938
604 1139
604 1467
604 1911
605 1126
607 926
607 1266
607 1310
607 1568
608 691
608 1189
608 1234
608 1332
608 1379
608 1791
609 980
609 1512
609 1887
610 716
611 1263
611 1412
613 785
613 1166
613 1482
613 1484
613 1541
613 1756
613 1772
614 724
614 1276
614 1701
615 1050
615 1634
615 1652
616 1292
616 1633
616 1637
617 1024
617 1198
617 1350
618 828
618 1046
618 1861
619 643
619 1017
619 1600
619 1779
620 1627
620 1883
621 1356
621 1428
621 1511
621 1559
621 1809
623 1079
623 1431
623 1479
623 1600
623 1836
624 649
624 1042
624 1195
624 1658
625 769
625 1929
626 643
626 1567
627 1413
628 905
629 950
630 1201
630 1491
631 995
631 1071
631 1512
631 1529
631 1731
631 1744
632 1740
633 1904
634 776
634 1742
634 1789
634 1822
634 1988
635 781
635 1013
635 1015
635 1224
636 737
636 1062
637 1423
638 1626
638 1964
639 1215
639 1756
640 1245
640 1276
640 1309
640 1525
640 1851
641 1460
643 1848
644 734
644 1032
644 1050
644 1727
645 713
645 1008
645 1101
645 1270
646 777
646 840
646 876
646 953
646 1036
646 1632
646 1922
647 876
648 878
648 954
649 1044
649 1050
650 936
651 692
651 1363
652 703
652 845
652 1487
653 1015
653 1166
653 1202
653 1468
653 1551
655 1036
655 1097
655 1220
655 1318
655 1410
655 1911
656 824
657 837
657 992
658 1075
658 1949
659 710
659 731
659 764
659 950
659 1070
659 1713
660 1179
660 1619
661 667
661 1077
661 1105
661 1526
661 1930
662 1441
662 1629
662 1680
662 1855
662 1858
663 1383
663 1466
663 1611
664 767
664 1427
664 1823
665 743
665 1000
665 1286
665 1666
665 1702
666 674
666 721
666 859
667 718
667 953
668 1190
668 1697
669 675
669 872
669 1908
670 1042
670 1950
671 1640
671 1763
671 1792
672 1034
673 1259
674 744
674 1093
675 1564
675 1822
676 756
676 1041
677 1384
677 1596
677 1684
677 1932
678 788
678 930
678 1466
678 1480
678 1939
679 1345
679 1374
679 1608
679 1792
679 1969
680 949
680 1521
680 1851
681 1235
682 806
682 968
682 1351
682 1829
683 751
684 706
684 945
684 1202
684 1674
684 1984
685 766
685 1311
685 1353
685 1682
686 840
687 1096
688 1139
688 1688
689 706
690 1030
690 1315
691 924
691 1216
691 1591
691 1898
692 918
692 1207
692 1220
692 1841
693 1008
693 1130
694 1092
694 1294
694 1423
694 1500
694 1994
695 1744
696 1230
696 1372
696 1685
697 989
697 1151
697 1629
697 1847
698 805
698 1331
698 1907
698 1955
699 1177
699 1688
700 914
700 1224
701 1123
701 1167
701 1263
701 1453
701 1877
702 724
702 1126
702 1562
703 1124
703 1310
703 1747
704 812
705 1587
705 1601
705 1664
707 733
707 873
707 1238
707 1287
707 1365
707 1648
707 1970
708 1232
709 1036
709 1391
709 1605
709 1908
710 781
710 812
710 888
710 898
711 1290
711 1707
712 1350
712 1445
712 1580
712 1912
713 781
713 1395
713 1834
714 923
714 1035
714 1524
714 1927
715 1768
716 934
716 1106
716 1707
717 1615
718 1090
719 830
719 868
719 1634
720 746
720 798
720 1150
721 1998
722 854
722 1328
723 729
723 985
723 1861
724 1136
724 1201
724 1760
725 1674
725 1884
727 1500
727 1793
728 1640
729 1056
729 1495
729 1791
729 1933
730 1185
730 1370
731 1328
731 1541
731 1975
732 1842
732 1984
734 755
734 998
734 1088
734 1187
735 848
735 999
735 1801
737 1940
738 849
738 1275
738 1667
739 1739
739 1917
740 1205
740 1213
740 1406
740 1712
741 1274
741 1409
742 1218
742 1673
742 1735
743 1301
743 1875
744 1068
744 1129
744 1155
744 1364
745 1272
745 1306
745 1670
745 1808
745 1966
746 1858
747 1008
747 1518
748 947
748 1042
749 1115
749 1245
749 1400
749 1951
750 940
750 1002
750 1454
751 1074
751 1079
751 1197
751 1597
751 1732
752 1232
752 1408
753 970
753 1181
753 1505
753 1706
754 1036
755 758
755 922
756 831
756 1807
757 1352
757 1592
758 1934
759 980
759 1949
759 1976
760 816
760 830
760 954
760 1497
760 1781
761 1276
761 1544
762 1033
763 923
764 1043
764 1927
765 969
765 1685
765 1789
765 1904
765 1926
766 914
767 813
767 1182
767 1541
767 1684
768 1604
768 1781
768 1855
769 943
769 1092
769 1185
769 1380
769 1676
770 1822
770 1972
771 838
771 868
771 1347
772 810
772 1186
772 1415
772 1456
773 1473
773 1699
773 1885
774 946
774 1307
774 1797
774 1855
775 1902
776 778
777 1273
777 1818
777 1849
778 821
778 1232
779 1197
779 1495
780 836
780 1370
780 1873
782 1975
783 1385
784 1088
786 1449
786 1877
786 1935
787 975
788 831
788 920
788 1485
789 864
789 868
789 872
789 1378
789 1648
790 1026
790 1254
790 1701
791 1719
792 1492
793 1574
793 1698
793 1732
794 877
794 1175
796 989
796 1604
796 1619
796 1694
796 1829
797 866
797 1107
798 1065
798 1750
799 953
799 1678
800 917
800 1852
801 1132
801 1204
801 1306
802 915
802 1754
803 1143
803 1246
803 1272
803 1297
803 1704
803 1790
804 1407
804 1435
805 1200
805 1203
805 1286
805 1687
805 1978
806 967
806 1478
807 1296
807 1837
808 1009
808 1095
808 1436
809 870
809 1047
809 1792
810 1088
810 1309
810 1316
810 1742
810 1946
811 905
811 1183
811 1562
812 1435
812 1839
813 1006
813 1177
813 1197
813 1694
814 1019
814 1119
815 1065
815 1221
815 1251
816 1577
817 828
817 1750
817 1911
818 1095
818 1369
818 1461
818 1975
819 896
819 1403
819 1422
819 1659
820 960
820 1655
823 1693
824 1507
825 1025
825 1088
825 1186
825 1849
826 876
826 1094
826 1828
826 1937
827 1440
828 1853
828 1879
829 1646
830 1254
830 1363
830 1477
830 1714
831 1195
832 1443
832 1621
832 1710
836 1212
837 1561
837 1593
837 1983
838 1958
839 1435
840 1085
840 1271
840 1498
840 1528
840 1558
842 1488
842 1578
843 1666
843 1730
844 1776
845 1750
845 1991
847 983
847 1144
847 1492
847 1783
847 1827
848 1080
848 1220
848 1726
848 1778
849 1095
849 1614
849 1698
850 1521
850 1640
850 1678
850 1919
851 1582
852 925
852 1692
853 990
853 1230
853 1496
853 1848
854 1001
854 1937
855 1043
855 1540
855 1802
855 1814
856 1827
856 1885
857 1044
858 1249
858 1817
859 931
859 1136
859 1361
859 1685
860 1237
860 1542
861 899
861 1182
861 1542
861 1926
862 1132
863 1621
864 1073
865 1740
866 1244
867 1043
867 1821
867 1948
868 901
868 1228
868 1768
868 1847
869 1896
870 1254
870 1920
871 1858
873 1336
874 1467
876 1903
877 891
877 1291
878 1266
878 1363
878 1374
878 1427
878 1693
880 906
880 1176
880 1241
880 1783
880 1863
881 1384
881 1880
881 1993
882 1136
883 1844
884 1404
884 1510
885 1334
886 906
886 1060
886 1364
886 1735
888 1629
889 1971
890 893
890 978
890 1399
890 1575
890 1945
892 937
892 1029
892 1743
893 1396
893 1677
894 1107
894 1419
895 1114
895 1349
895 1408
896 1231
896 1237
896 1293
896 1813
897 1743
898 1330
900 1084
900 1267
900 1406
900 1966
901 1310
902 1586
902 1841
902 1974
904 1471
906 1642
907 962
907 1324
909 1316
909 1338
909 1628
910 1180
910 1342
910 1614
911 972
911 1989
912 1209
912 1500
913 1220
914 1033
914 1757
916 1062
916 1657
917 1150
917 1309
917 1769
917 1883
918 1998
919 1242
919 1339
919 1595
920 1089
920 1588
920 1696
921 1204
921 1271
922 1610
923 924
923 1201
923 1382
924 1493
924 1797
924 1867
925 1315
925 1505
925 1520
925 1556
925 1904
926 1820
926 1900
927 1227
927 1491
927 1588
928 1495
928 1589
929 1537
931 1155
931 1268
931 1294
931 1827
931 1832
931 1989
932 1315
932 1676
933 1002
933 1975
934 1116
934 1292
935 1306
936 1056
936 1125
937 1029
937 1085
937 1546
937 1753
938 963
938 1033
939 1036
939 1599
939 1958
940 1150
940 1617
941 1529
942 1256
942 1950
943 1232
943 1249
943 1864
943 1918
944 1761
944 1778
945 1138
945 1420
946 1026
946 1033
946 1155
946 1599
946 1840
946 1988
947 1003
947 1413
947 1707
948 1038
948 1065
948 1338
948 1816
949 1376
949 1665
949 1700
949 1867
950 1263
950 1909
951 1050
951 1248
951 1380
951 1649
951 1713
953 1108
953 1392
954 1031
954 1334
954 1422
954 1513
954 1661
955 967
955 1611
956 1233
957 1246
957 1860
958 1444
960 978
960 1168
960 1314
960 1612
961 1046
961 1262
961 1790
963 1287
963 1555
963 1661
964 1023
964 1054
964 1068
964 1639
965 992
967 1126
967 1958
968 1057
968 1536
968 1826
968 1952
970 1085
970 1493
970 1777
972 982
972 1106
972 1405
973 987
973 1879
974 1109
974 1241
974 1616
974 1892
975 1204
975 1270
975 1391
975 1677
976 1044
976 1254
976 1715
976 1815
977 1589
978 1003
978 1400
978 1522
979 1359
979 1921
980 1198
980 1306
980 1584
981 1086
981 1202
981 1742
982 1122
983 1214
983 1346
984 1142
985 986
985 1382
985 1540
985 1596
985 1848
986 1020
986 1343
986 1477
987 1470
987 1782
987 1983
988 1524
988 1527
988 1572
988 1848
988 1911
989 1559
989 1641
990 1348
990 1429
990 1521
991 1342
991 1526
991 1991
993 1244
993 1323
993 1454
993 1542
994 1579
994 1960
995 1085
996 1348
996 1395
996 1801
996 1970
997 1415
998 1259
998 1672
999 1510
999 1992
1002 1205
1002 1286
1002 1751
1002 1873
1002 1961
1003 1659
1003 1726
1003 1943
1005 1162
1005 1521
1005 1844
1006 1322
1006 1705
1006 1717
1006 1756
1007 1208
1008 1044
1008 1202
1010 1011
1010 1013
1011 1702
1012 1336
1012 1724
1013 1354
1013 1471
1013 1654
1013 1812
1013 1892
1013 1965
1014 1634
1016 1209
1017 1469
1018 1566
1018 1940
1019 1210
1019 1833
1019 1962
1020 1672
1020 1848
1020 1906
1020 1936
1021 1032
1021 1858
1022 1100
1022 1192
1022 1852
1023 1034
1023 1180
1023 1589
1023 1954
1024 1104
1024 1114
1024 1235
1024 1673
1025 1646
1026 1177
1026 1603
1028 1097
1029 1673
1029 1724
1029 1919
1030 1648
1030 1808
1032 1444
1032 1999
1034 1357
1034 1865
1035 1094
1035 1692
1035 1814
1035 1852
1035 1934
1036 1666
1036 1836
1037 1978
1038 1101
1039 1106
1039 1619
1041 1613
1041 1686
1041 1727
1043 1446
1043 1480
1043 1990
1044 1083
1044 1605
1045 1622
1045 1744
1045 1998
1046 1776
1046 1787
1047 1117
1047 1529
1047 1829
1048 1526
1048 1731
1048 1967
1049 1309
1049 1568
1050 1360
1051 1157
1051 1392
1051 1575
1051 1680
1052 1492
1053 1298
1056 1325
1056 1431
1056 1763
1057 1131
1057 1282
1058 1640
1058 1937
1059 1327
1059 1482
1059 1663
1059 1773
1059 1849
1059 1886
1060 1298
1060 1578
1060 1780
1060 1890
1060 1916
1060 1966
1061 1441
1061 1683
1061 1829
1062 1882
1062 1951
1063 1561
1064 1470
1064 1518
1064 1777
1064 1920
1065 1282
1065 1286
1066 1401
1066 1492
1066 1572
1066 1926
1067 1162
1067 1934
1068 1139
1068 1687
1068 1825
1069 1150
1069 1268
1069 1722
1070 1343
1071 1485
1072 1101
1072 1830
1074 1316
1074 1618
1074 1956
1075 1393
1076 1550
1076 1898
1078 1167
1078 1243
1078 1441
1079 1134
1079 1332
1079 1697
1079 1849
1080 1241
1080 1622
1081 1143
1081 1212
1081 1473
1081 1522
1082 1253
1082 1675
1083 1768
1084 1109
1084 1292
1084 1381
1084 1528
1085 1214
1085 1502
1085 1595
1085 1853
1085 1992
1086 1284
1086 1317
1086 1588
1086 1984
1087 1459
1087 1540
1087 1806
1088 1229
1089 1440
1089 1640
1089 1663
1090 1548
1092 1691
1092 1824
1092 1957
1094 1358
1095 1155
1096 1165
1097 1589
1100 1377
1100 1700
1100 1738
1100 1791
1101 1188
1101 1430
1102 1122
1103 1104
1103 1185
1103 1224
1103 1281
1103 1673
1103 1714
1103 1723
1104 1644
1105 1578
1105 1787
1106 1126
1108 1821
1109 1196
1109 1246
1110 1772
1110 1948
1112 1149
1113 1750
1114 1170
1115 1286
1115 1347
1115 1736
1116 1153
1117 1601
1118 1261
1119 1772
1121 1317
1121 1382
1121 1737
1122 1334
1122 1598
1123 1871
1123 1984
1123 1985
1124 1264
1127 1240
1127 1517
1128 1615
1128 1728
1128 1979
1129 1314
1129 1678
1129 1902
1131 1266
1132 1691
1133 1337
1133 1458
1134 1170
1134 1225
1135 1620
1135 1863
1137 1580
1138 1996
1139 1654
1140 1954
1142 1796
1143 1253
1143 1802
1144 1158
1144 1441
1144 1745
1145 1157
1145 1538
1145 1574
1146 1686
1147 1214
1148 1634
1148 1778
1149 1252
1149 1272
1153 1191
1154 1555
1154 1648
1155 1213
1156 1904
1158 1564
1160 1489
1160 1644
1161 1245
1161 1371
1161 1814
1161 1879
1162 1206
1163 1186
1163 1639
1164 1316
1166 1900
1167 1844
1168 1351
1168 1477
1169 1245
1169 1415
1169 1453
1169 1642
1169 1810
1171 1229
1171 1963
1173 1563
1174 1698
1174 1975
1175 1786
1176 1188
1176 1277
1176 1433
1177 1563
1178 1567
1179 1329
1180 1238
1180 1300
1180 1422
1180 1473
1180 1701
1180 1942
1181 1955
1183 1192
1183 1710
1184 1340
1184 1968
1186 1582
1187 1214
1187 1961
1188 1394
1188 1445
1188 1992
1189 1757
1191 1260
1191 1398
1191 1950
1192 1629
1193 1590
1194 1323
1195 1412
1196 1464
1196 1618
1197 1352
1198 1492
1198 1753
1198 1792
1199 1576
1200 1216
1201 1546
1201 1878
1201 1931
1202 1393
1202 1863
1203 1646
1203 1880
1204 1242
1204 1798
1206 1271
1206 1617
1207 1383
1210 1342
1210 1729
1211 1662
1211 1838
1211 1857
1212 1765
1212 1826
1213 1247
1213 1347
1213 1749
1214 1645
1215 1323
1215 1496
1217 1360
1217 1733
1217 1860
1218 1588
1219 1239
1219 1246
1219 1264
1219 1744
1220 1303
1220 1399
1220 1809
1221 1900
1221 1908
1221 1964
1223 1278
1224 1235
1224 1794
1225 1605
1226 1745
1227 1263
1228 1249
1230 1911
1231 1787
1234 1304
1236 1630
1236 1730
1238 1597
1238 1906
1239 1279
1239 1343
1239 1963
1240 1578
1241 1388
1241 1445
1241 1743
1242 1412
1242 1944
1244 1606
1245 1864
1247 1444
1251 1296
1251 1573
1251 1972
1252 1641
1252 1917
1253 1508
1253 1593
1255 1452
1256 1579
1257 1472
1257 1941
1258 1306
1258 1855
1258 1925
1259 1261
1260 1314
1260 1356
1260 1393
1260 1998
1261 1451
1262 1669
1262 1764
1262 1792
1263 1711
1264 1484
1264 1574
1264 1871
1265 1366
1265 1769
1266 1656
1267 1516
1267 1635
1267 1795
1268 1317
1268 1387
1268 1959
1270 1586
1270 1891
1272 1303
1272 1474
1272 1603
1272 1694
1272 1865
1273 1398
1273 1645
1273 1811
1276 1729
1279 1558
1280 1894
1281 1353
1281 1680
1281 1830
1282 1446
1283 1694
1284 1408
1285 1363
1286 1319
1287 1706
1288 1868
1289 1507
1292 1545
1292 1905
1294 1432
1295 1665
1296 1470
1297 1430
1298 1665
1299 1526
1299 1595
1299 1754
1299 1842
1300 1784
1300 1816
1301 1513
1301 1646
1301 1786
1302 1329
1302 1408
1302 1612
1302 1938
1303 1528
1303 1630
1303 1990
1306 1331
1306 1596
1308 1648
1308 1806
1309 1835
1310 1557
1313 1344
1313 1550
1313 1634
1314 1448
1314 1949
1317 1994
1318 1396
1318 1706
1318 1936
1320 1766
1321 1791
1323 1522
1323 1991
1325 1431
1326 1833
1327 1663
1329 1447
1329 1585
1329 1840
1330 1447
1331 1921
1332 1446
1332 1940
1333 1559
1335 1349
1336 1370
1337 1387
1337 1833
1338 1404
1339 1350
1340 1821
1341 1748
1342 1510
1344 1627
1345 1696
1345 1866
1346 1355
1346 1672
1347 1528
1347 1858
1348 1352
1348 1465
1348 1554
1348 1697
1348 1787
1348 1925
1349 1367
1349 1620
1349 1799
1350 1716
1350 1878
1352 1741
1352 1902
1353 1515
1354 1546
1354 1923
1356 1493
1356 1711
1356 1743
1358 1592
1360 1649
1360 1778
1361 1383
1361 1812
1362 1584
1364 1442
1365 1862
1367 1400
1367 1575
1368 1396
1368 1874
1369 1657
1370 1654
1370 1721
1371 1763
1371 1880
1372 1606
1374 1387
1374 1601
1374 1638
1374 1765
1374 1817
1377 1657
1377 1725
1377 1849
1378 1761
1378 1977
1381 1394
1381 1790
1382 1512
1382 1816
1385 1920
1386 1664
1386 1873
1387 1472
1389 1768
1389 1996
1390 1538
1390 1553
1390 1981
1391 1416
1391 1956
1392 1601
1392 1731
1394 1742
1396 1451
1396 1721
1397 1748
1398 1650
1399 1796
1400 1573
1400 1816
1401 1913
1402 1843
1403 1811
1404 1510
1404 1971
1405 1953
1406 1696
1408 1607
1409 1644
1409 1826
1410 1416
1410 1772
1411 1638
1411 1977
1412 1780
1415 1854
1416 1736
1417 1911
1418 1678
1418 1995
1419 1684
1419 1847
1420 1530
1421 1510
1421 1641
1421 1740
1422 1647
1422 1926
1425 1750
1425 1904
1427 1700
1427 1833
1428 1451
1429 1455
1429 1673
1429 1908
1430 1657
1430 1706
1436 2000
1437 1447
1437 1617
1437 1814
1437 1845
1439 1491
1439 1882
1439 1894
1440 1570
1440 1635
1440 1905
1440 1971
1442 1501
1442 1533
1443 1857
1444 1680
1445 1505
1448 1814
1449 1771
1452 1596
1452 1680
1452 1870
1453 1586
1454 1792
1455 1623
1456 1678
1458 1988
1460 1707
1462 1772
1463 1885
1463 1905
1465 1998
1466 1653
1466 1745
1469 1995
1470 1481
1472 1845
1474 1657
1475 1697
1475 1722
1478 1586
1480 1507
1480 1790
1481 1656
1481 1658
1481 1935
1482 1507
1482 1863
1483 1852
1484 1957
1485 1570
1485 1959
1486 1737
1487 1658
1487 1734
1488 1529
1488 1819
1488 1907
1488 1936
1492 1509
1492 1651
1492 1672
1493 1772
1494 1629
1497 1506
1497 1536
1497 1746
1497 1775
1499 1896
1499 1905
1502 1525
1503 1755
1503 1887
1504 1721
1505 1817
1506 1600
1506 1961
1507 1922
1510 1651
1511 1834
1511 1985
1513 1728
1513 1769
1514 1888
1518 1946
1518 1970
1521 1791
1522 1761
1523 1644
1523 1968
1524 1601
1529 1592
1529 1639
1529 1831
1531 1860
1532 1624
1533 1610
1536 1845
1537 1919
1537 1998
1540 1823
1542 1928
1542 1992
1543 1631
1543 1722
1544 1894
1545 1662
1545 1699
1546 1684
1546 1903
1547 1967
1548 1908
1549 1883
1549 1982
1552 1669
1552 1672
1552 1957
1553 1616
1554 1643
1555 1851
1556 1820
1556 1859
1559 1697
1559 1826
1561 1620
1561 1651
1561 1804
1562 1876
1563 1616
1565 1727
1565 1771
1566 1930
1569 1730
1569 1890
1574 1850
1574 1909
1575 1644
1575 1729
1575 1980
1576 1811
1577 1904
1577 1966
1579 1675
1580 1581
1581 1741
1582 1655
1583 1623
1588 1926
1590 1747
1590 1812
1590 1825
1591 1866
1591 1910
1591 1926
1592 1647
1594 1808
1594 1904
1595 1726
1595 1766
1597 1629
1598 1722
1598 1998
1599 1678
1599 1860
1601 1985
1603 1853
1604 1957
1607 1800
1607 1806
1613 1832
1616 1774
1618 1938
1621 1792
1622 1945
1623 1852
1624 1631
1624 1809
1624 1934
1624 1983
1627 1668
1630 1728
1632 1760
1633 1747
1636 1642
1636 1955
1638 1951
1639 1849
1640 1661
1641 1813
1642 1875
1643 1955
1644 1675
1645 1927
1649 1679
1649 1772
1649 1977
1653 1678
1655 1812
1655 1950
1656 1721
1656 1817
1658 1966
1660 1919
1661 1680
1665 1711
1666 1758
1667 1801
1671 1883
1673 1968
1674 1993
1675 1796
1676 1942
1678 1973
1680 1899
1684 1741
1684 1883
1688 1741
1688 1824
1688 1861
1688 1895
1689 1719
1691 1793
1691 1894
1694 1944
1696 1998
1697 1844
1699 1805
1702 1884
1703 1964
1704 1760
1707 1755
1707 1833
1710 1732
1710 1948
1711 1762
1715 1975
1715 1986
1719 1938
1720 1830
1721 1935
1721 1960
1722 1913
1723 1881
1724 1744
1724 1839
1724 1934
1725 1843
1727 1771
1727 1902
1732 1792
1733 1986
1734 1876
1739 1778
1739 1811
1739 1830
1740 1742
1741 1768
1741 1810
1745 1784
1746 1805
1747 1786
1747 1879
1750 1786
1754 1846
1754 1875
1755 1885
1756 1916
1757 1843
1758 1912
1760 1835
1762 1813
1764 1838
1766 1784
1767 1856
1771 1966
1783 1883
1784 1885
1785 1908
1788 1795
1788 1871
1790 1854
1791 1971
1792 1910
1793 1799
1799 1975
1800 1835
1801 1847
1803 1998
1805 1822
1805 1840
1807 1974
1809 1906
1816 1819
1819 1831
1822 1911
1822 1947
1824 1984
1827 1880
1830 1856
1831 1850
1833 2000
1835 1987
1837 1890
1839 1938
1844 1876
1851 1930
1858 1918
1861 1928
1862 1967
1872 1930
1876 1935
1894 1974
1898 1943
1898 1980
1901 1947
1903 1917
1906 1952
1907 1967
1909 1998
1911 1951
1912 1978
1920 1930
1924 1971
1946 1953
1956 1965
1987 1995