2000
1 1060
3 320
3 423
4 200
4 1958
5 1561
5 1726
6 652
6 754
6 1248
8 50
8 1723
10 1695
11 29
11 1767
12 469
14 77
14 1301
15 238
15 742
15 823
17 724
17 779
17 809
18 1288
18 1636
18 1718
19 840
19 1892
22 1472
24 1096
25 1129
26 157
26 1143
26 1898
27 400
29 402
29 1269
30 201
31 168
31 292
31 324
31 1578
33 1289
34 1345
35 60
37 1173
40 1393
42 422
43 1946
44 1563
45 1273
47 1422
48 1510
49 255
49 1855
49 1915
50 1916
51 1164
51 1837
51 1943
52 261
52 928
54 1454
54 1589
54 1773
56 1729
57 325
57 1199
59 156
60 1336
60 1796
61 1006
61 1147
62 1680
63 1756
64 427
65 598
66 109
66 738
66 1358
70 486
70 770
70 1046
70 1236
71 553
71 695
73 1281
74 571
76 324
77 868
78 1446
79 495
80 333
80 541
81 133
83 1645
84 1037
85 1721
86 940
88 1800
88 1874
90 700
91 459
91 1733
92 572
93 607
93 632
94 1787
95 431
95 750
95 1151
96 734
98 1363
98 1814
99 1447
100 1353
101 1057
102 357
103 1223
103 1575
105 1308
107 1796
107 1939
108 756
109 485
110 1314
111 913
111 1631
112 1352
113 253
113 517
113 1722
114 1407
115 228
115 1065
117 838
117 1574
117 1995
118 1307
118 1376
119 1238
120 746
121 1999
123 1366
123 1394
124 555
125 689
125 733
130 186
130 558
131 443
131 677
131 1720
132 705
132 1169
132 1379
133 912
133 1618
135 1248
135 1922
136 438
136 1655
137 424
137 426
140 671
141 510
142 367
143 1626
144 1120
147 988
147 990
147 1217
149 647
149 1033
150 704
152 1009
153 338
153 1707
155 850
155 1891
156 878
157 975
159 1089
160 1269
161 1834
163 289
164 609
164 897
165 185
165 1868
169 1815
169 1817
170 1013
171 360
171 976
172 220
173 909
173 988
173 1678
173 1714
174 967
175 1107
177 383
177 420
177 576
178 1402
179 191
180 977
182 747
182 1663
183 531
183 649
184 1816
185 1668
187 440
187 1009
190 1793
194 756
195 1211
197 344
197 1000
199 1279
200 565
200 1129
201 954
202 206
202 885
202 1813
204 925
204 1478
205 814
205 1602
206 1023
206 1570
207 1521
208 665
208 1195
209 903
209 1382
210 279
210 340
210 908
212 831
215 1116
217 573
217 717
222 807
222 1267
223 1475
224 629
224 766
224 1907
226 954
226 1001
227 601
229 1765
230 1681
230 1682
231 1615
232 1410
232 1799
233 498
233 938
235 960
235 1456
235 1656
236 1217
236 1403
237 1557
237 1847
238 248
238 401
238 988
239 1763
241 917
241 1921
245 1338
245 1562
246 1376
247 1075
247 1421
249 775
249 1805
250 1319
252 592
252 837
254 503
255 1632
256 665
256 1885
258 426
258 1201
259 1064
260 282
260 1615
265 1740
268 1454
269 281
269 397
269 634
270 1861
270 1916
271 950
271 1981
272 1884
273 693
273 768
273 1786
274 328
275 824
277 292
278 356
278 1249
280 1772
283 953
284 773
285 834
285 990
287 848
287 1856
289 1269
289 1299
291 1866
293 940
294 803
295 685
296 704
296 1421
297 369
297 1337
298 1364
299 314
299 406
299 1259
300 654
300 661
300 1120
302 366
302 1108
302 1144
304 1387
304 1458
305 1955
306 1791
307 1013
307 1552
308 1097
309 1699
311 715
312 634
312 1370
313 927
316 322
316 425
316 481
316 647
318 721
319 860
321 1920
322 1125
323 1438
324 922
324 959
324 1395
324 1451
324 1889
325 641
326 1772
328 1338
331 1601
333 537
333 1179
333 1970
334 1885
335 336
335 909
336 1273
337 1112
338 1694
340 391
340 1127
341 924
342 1248
342 1475
343 685
343 1574
344 1618
345 1454
345 1909
348 929
350 1671
352 1292
353 1799
354 796
355 1112
357 635
359 1214
359 1886
361 795
363 417
364 802
364 1651
364 1927
365 1859
367 1416
367 1941
368 1410
369 1452
372 1804
373 751
373 1532
373 1666
374 1527
375 854
376 1590
377 815
378 696
379 421
381 538
381 627
382 473
383 983
384 1118
384 1703
385 814
385 1261
385 1442
385 1673
385 1711
386 1866
387 699
387 838
390 811
390 1179
391 2000
392 1798
393 1616
394 1649
395 1150
396 834
396 1167
397 1892
398 765
399 967
400 1406
401 795
403 458
405 1677
405 1956
407 716
408 1276
410 1751
410 1836
412 436
418 753
418 1097
420 1571
421 932
421 1102
421 1292
423 618
423 725
427 1869
428 1683
429 1061
429 1300
430 867
432 945
435 790
435 1607
435 1656
441 1427
442 1339
443 1132
443 1343
444 799
445 1725
446 1103
447 1422
447 1691
448 1109
450 1527
453 1199
454 546
455 1276
455 1375
458 1885
459 947
460 882
460 908
461 1139
461 1455
462 1125
462 1871
463 465
464 1007
465 1593
466 753
467 934
467 962
467 1252
467 1759
468 888
473 997
475 1213
477 810
477 1729
477 1793
478 1161
478 1921
479 1114
480 1087
480 1118
481 915
482 988
482 1773
483 1194
483 1720
485 802
486 1794
487 1703
488 588
490 967
491 1186
492 1987
494 1276
496 606
496 896
497 777
498 1912
499 1982
500 1003
500 1247
501 1382
504 846
504 1574
505 1549
505 1877
507 969
509 681
509 1995
512 711
513 1128
514 1245
514 1470
515 608
515 1021
515 1597
515 1689
515 1727
516 1060
517 1530
519 1252
520 1035
520 1166
520 1212
521 559
522 635
522 1559
523 745
523 1323
524 1407
524 1963
525 763
527 862
527 964
530 1704
536 1967
537 1277
538 1808
539 707
539 927
540 650
543 977
543 1410
546 1785
547 601
551 1133
551 1284
551 1559
553 1919
554 765
554 1714
556 815
556 1491
556 1804
557 814
558 1467
559 1116
560 1606
562 1109
564 1868
571 812
571 1172
572 610
572 651
572 1130
574 1320
575 628
575 730
575 944
575 1155
576 1875
578 670
578 710
578 746
580 1404
581 753
581 1059
582 780
582 1424
583 1490
583 1943
584 702
585 1600
587 1397
587 1793
588 885
589 1419
589 1647
590 1621
597 1631
602 1664
604 1304
604 1457
608 1422
610 697
613 691
613 1154
614 1629
615 727
615 1086
617 705
617 826
618 1447
619 1148
620 1350
621 1830
624 1093
627 899
630 840
632 1438
633 1014
633 1272
634 861
634 873
634 1654
635 861
635 1369
635 1647
637 1384
637 1856
638 1054
639 1435
640 1785
641 659
641 852
642 748
642 1475
642 1906
643 1495
643 1619
644 778
644 1721
645 1514
646 863
646 1423
647 1867
648 953
648 1564
650 947
652 831
653 1682
654 1188
656 844
656 848
656 875
657 937
657 1541
662 1761
662 1785
662 1838
665 960
666 1177
666 1430
671 941
671 1862
673 1252
674 1182
675 1046
675 1524
675 1623
679 1680
681 1428
682 726
683 954
683 1596
684 1104
684 1299
685 795
685 1752
692 761
692 857
692 1296
693 1718
694 1236
694 1941
695 1044
696 1612
696 1938
697 1346
702 1414
703 1575
707 980
707 1267
707 1364
707 1522
711 750
715 1285
718 1536
719 1300
719 1646
722 898
723 1362
724 1309
725 1110
725 1342
726 1006
726 1984
730 1020
731 1635
732 1526
733 1173
733 1679
734 1311
734 1760
740 860
742 1863
745 987
745 1957
746 948
747 1754
748 1325
750 1900
754 1255
754 1275
754 1964
756 844
756 1897
757 1345
757 1720
759 937
760 1104
762 1501
770 1162
771 1605
773 1728
775 1904
776 1736
778 1254
781 1405
783 1767
786 1079
787 1027
787 1911
788 812
789 1407
792 970
792 1440
792 1662
792 1700
793 1403
793 1824
797 1709
797 1931
799 1160
800 1647
801 1298
802 1660
804 1461
804 1606
804 1813
807 1275
810 1378
811 1058
812 1226
815 1098
818 828
819 1323
819 1901
820 1069
820 1866
821 1529
822 1819
825 917
826 1220
828 849
828 1143
828 1629
834 1567
835 1098
836 857
838 1175
838 1487
842 880
843 1374
845 1226
849 1523
850 1548
851 1532
852 1629
853 1290
858 1254
859 1364
860 1582
860 1896
862 1092
865 1673
866 1048
870 1456
871 1383
871 1721
873 1325
874 895
874 1321
875 962
879 1093
879 1762
881 1069
881 1837
882 1359
882 1387
883 1522
883 1621
883 1854
884 1936
886 1475
886 1740
887 1594
888 1651
890 1055
891 1252
894 899
896 955
901 1504
902 1859
902 1972
905 913
906 1496
910 1480
917 1392
920 994
920 1481
922 1581
922 1687
923 1318
924 1500
925 1145
927 1452
927 1688
928 1138
929 1422
932 1107
935 1510
935 1663
938 1043
939 995
939 1214
940 1944
941 1122
941 1492
941 1909
942 1155
942 1837
943 1394
943 1653
945 1073
946 1277
947 1460
947 1715
948 1645
950 1520
955 1500
956 1756
958 1597
958 1820
958 1901
961 1249
964 1399
966 1707
967 1538
967 1814
968 1755
969 1059
970 1207
971 1385
972 1007
973 1658
974 1175
974 1776
976 1044
976 1540
979 1454
981 1783
982 1268
993 1212
994 1075
995 1986
997 1194
999 1542
999 1699
1000 1455
1002 1027
1002 1179
1003 1340
1006 1428
1008 1634
1010 1017
1010 1745
1013 1746
1014 1023
1015 1310
1016 1953
1017 1574
1019 1554
1020 1702
1022 1772
1025 1344
1026 1941
1028 1588
1030 1077
1031 1711
1035 1910
1036 1595
1037 1919
1040 1588
1041 1099
1042 1819
1044 1172
1045 1975
1050 1487
1055 1301
1058 1066
1060 1697
1061 1305
1063 1904
1065 1429
1065 1509
1066 1993
1067 1171
1067 1804
1068 1882
1070 1092
1071 1145
1071 1935
1072 1679
1074 1597
1075 1145
1075 1345
1077 1891
1079 1616
1081 1582
1082 1191
1085 1498
1090 1773
1090 1983
1092 1327
1094 1191
1094 1722
1096 1545
1097 1725
1097 1983
1101 1867
1102 1701
1103 1995
1106 1125
1107 1141
1110 1240
1110 1649
1112 1926
1113 1278
1114 1739
1114 1768
1117 1967
1119 1476
1119 1654
1119 1738
1120 1154
1121 1458
1124 1620
1127 1289
1131 1159
1135 1143
1135 1535
1137 1571
1137 1669
1139 1954
1140 1352
1142 1209
1142 1978
1147 1737
1150 1514
1150 1678
1152 1477
1152 1732
1153 1793
1156 1536
1164 1914
1166 1988
1168 1480
1170 1644
1173 1455
1175 1416
1178 1714
1183 1988
1186 1665
1188 1882
1190 1866
1192 1606
1198 1234
1199 1590
1200 1286
1200 1492
1203 1595
1204 1776
1205 1786
1214 1653
1215 1428
1220 1416
1221 1713
1222 1622
1222 1817
1222 1930
1224 1616
1224 1835
1225 1655
1225 1847
1225 1933
1226 1335
1227 1650
1229 1327
1230 1374
1235 1931
1236 1382
1237 1988
1241 1444
1242 1278
1245 1591
1246 1857
1250 1851
1253 1786
1256 1856
1258 1797
1259 1361
1260 1936
1262 1607
1263 1287
1264 1797
1265 1908
1269 1651
1270 1376
1271 1483
1272 1372
1273 1884
1276 1813
1277 1440
1278 1981
1279 1615
1279 1958
1281 1546
1281 1748
1282 1870
1284 1697
1288 1295
1293 1383
1293 1524
1299 1779
1301 1647
1301 1676
1301 1691
1302 1505
1304 1832
1307 1974
1312 1936
1314 1841
1317 1953
1320 1774
1322 1968
1323 1768
1324 1501
1326 1672
1327 1682
1327 1720
1327 1830
1331 1378
1331 1558
1335 1453
1335 1879
1336 1864
1338 1963
1341 1965
1347 1748
1350 1583
1351 1399
1355 1749
1356 1923
1357 1923
1360 1585
1361 1691
1362 1579
1364 1627
1368 1658
1368 1934
1369 1778
1371 1484
1371 1557
1371 1616
1371 1998
1372 1699
1379 1608
1379 1806
1387 1481
1389 1901
1390 1587
1391 1550
1393 1814
1397 1735
1398 1999
1399 1586
1404 1688
1405 1951
1410 1522
1418 1837
1419 1889
1420 1807
1420 1857
1423 1779
1423 1913
1426 1912
1426 1985
1434 1581
1434 1676
1435 1795
1437 1943
1439 1468
1439 1835
1439 1998
1449 1478
1450 1923
1452 1690
1456 1672
1457 1871
1466 1676
1467 1602
1471 1542
1472 1707
1480 1721
1482 1822
1482 1988
1486 1578
1489 1971
1490 1614
1491 1971
1494 1888
1495 1548
1500 1682
1505 1725
1505 1998
1507 1721
1509 1731
1510 1666
1510 1870
1513 1698
1516 1802
1520 1864
1523 1667
1523 1866
1530 1575
1530 1848
1532 1606
1534 1758
1549 1912
1551 1925
1553 1626
1553 1690
1553 1899
1556 1967
1569 1995
1573 1700
1590 1935
1591 1806
1593 1901
1596 1696
1602 1847
1607 1887
1608 1629
1613 1652
1614 1653
1618 1992
1621 1757
1624 1666
1629 1836
1631 1684
1644 1844
1645 1823
1645 1829
1655 1854
1658 1992
1660 1785
1662 1694
1666 1806
1670 1696
1672 1864
1673 1956
1676 1947
1677 1909
1691 1771
1700 1928
1704 1908
1705 1739
1715 1943
1733 1908
1766 1851
1774 1931
1781 1867
1784 1826
1784 1921
1790 1816
1799 1939
1812 1841
1821 1890
1825 1836
1834 1946
1834 1960
1845 1885
1851 1934
1854 1868
1865 1866
1866 1997
1892 1971
1902 1988
1911 1970
1931 1990
1963 1989