2000
1 108
1 602
1 618
1 625
1 725
1 1057
1 1070
1 1299
1 1310
2 294
2 559
2 616
2 857
2 907
2 1135
2 1395
2 1835
3 107
3 218
3 817
3 1113
3 1124
3 1471
3 1565
3 1663
3 1904
4 333
4 736
4 759
4 995
4 1216
4 1552
4 1686
4 1734
4 1820
4 1977
5 76
5 153
5 191
5 214
5 425
5 524
5 582
5 586
5 645
5 963
5 1226
5 1271
5 1769
6 320
6 399
6 503
6 568
6 632
6 856
6 1000
6 1207
6 1261
6 1353
7 51
7 774
7 1077
7 1256
7 1386
7 1778
7 1794
8 163
8 238
8 379
8 529
8 613
8 710
8 729
8 1052
8 1157
8 1446
8 1788
8 1812
9 16
9 603
9 654
9 806
9 958
9 1097
9 1141
9 1554
10 146
10 662
10 962
10 1009
10 1290
10 1476
10 1810
11 229
11 721
11 946
11 1488
11 1507
11 1641
11 1896
12 187
12 693
12 1166
12 1783
12 1800
13 42
13 222
13 228
13 332
13 766
13 836
13 881
13 1223
13 1377
13 1513
13 1831
14 22
14 111
14 252
14 483
14 622
14 1017
14 1030
14 1112
14 1188
14 1317
14 1344
14 1403
14 1927
15 124
15 157
15 293
15 360
15 524
15 850
15 1143
15 1624
15 1652
15 1891
15 1991
15 1994
16 265
16 694
16 1384
16 1956
16 1982
17 49
17 309
17 1309
17 1472
17 1736
17 1789
17 1837
18 45
18 184
18 262
18 522
18 1075
18 1147
18 1215
18 1647
18 1754
19 52
19 1188
19 1628
20 275
20 576
20 628
20 950
20 1109
20 1305
20 1751
21 184
21 322
21 625
21 914
21 1337
21 1660
21 1690
21 1987
22 103
22 158
22 472
22 1352
22 1598
22 1662
22 1692
22 1902
22 1978
23 510
23 538
23 705
23 899
23 1210
23 1461
23 1577
23 1773
23 1794
23 1896
23 1962
24 541
24 1062
24 1459
24 1885
25 924
25 1266
25 1552
26 74
26 142
26 444
26 957
26 958
26 1043
26 1058
26 1211
26 1298
26 1717
26 1806
26 1995
27 637
27 956
28 427
28 451
28 458
28 525
28 559
28 642
28 1124
28 1590
28 1637
29 233
29 440
29 577
29 871
29 895
29 1626
29 1873
30 169
30 229
30 282
30 537
30 800
30 1117
30 1507
30 1511
30 1525
30 1953
31 92
31 110
31 589
31 706
31 727
31 1009
31 1081
31 1175
31 1235
31 1300
31 1533
31 1778
31 1812
31 1878
32 124
32 183
32 203
32 1387
33 125
33 906
33 1124
33 1157
33 1273
33 1484
33 1662
33 1736
33 1834
34 436
34 518
34 723
34 1273
34 1405
34 1647
35 238
35 603
35 1067
35 1257
35 1296
35 1751
35 1754
35 1876
35 1964
36 156
36 198
36 216
36 695
36 1085
36 1124
36 1355
36 1671
36 1743
37 602
37 821
37 1158
37 1444
38 524
38 568
38 606
38 1203
38 1238
38 1574
38 1863
39 41
39 378
39 523
39 800
39 832
39 1185
39 1694
40 102
40 106
40 303
40 564
40 748
40 1137
40 1235
40 1253
40 1364
40 1365
40 1383
40 1702
41 376
41 549
41 943
41 1161
41 1525
41 1697
41 1768
41 1987
42 86
42 222
42 249
42 526
42 794
42 1066
42 1472
42 1486
42 1815
42 1860
43 233
43 258
43 502
43 597
43 967
43 1131
43 1442
43 1666
43 1674
43 1782
44 196
44 309
44 464
44 815
44 1521
44 1710
44 1731
45 391
45 877
45 1894
46 107
46 163
46 363
46 367
46 580
46 664
46 865
46 1340
46 1532
46 1536
46 1931
47 77
47 215
47 280
47 465
47 904
47 914
47 1030
47 1133
47 1169
47 1268
47 1647
47 1657
47 1815
48 196
48 513
48 747
48 1014
48 1213
48 1889
49 423
49 704
49 1096
49 1375
49 1626
49 1659
49 1726
50 120
50 139
50 147
50 236
50 626
50 688
50 861
50 918
50 974
50 1027
50 1058
50 1166
50 1201
50 1280
50 1439
50 1632
51 343
51 383
51 396
51 465
51 693
51 850
51 1182
51 1382
51 1386
51 1462
51 1481
51 1533
51 1543
51 1691
51 1787
51 1863
51 1970
51 1985
52 945
52 1033
52 1099
52 1899
52 1969
53 317
53 498
53 739
53 752
53 1392
53 1937
54 132
54 255
54 369
54 1280
54 1546
54 1854
54 1954
55 396
55 846
55 933
55 1386
56 78
56 402
56 526
56 620
56 863
56 1254
56 1295
56 1590
56 1938
56 1974
57 227
57 251
57 330
57 406
57 529
57 557
57 924
57 1281
58 959
58 1137
58 1553
58 1632
58 1903
59 66
59 433
59 857
59 1154
59 1599
60 110
60 520
60 525
60 646
60 663
60 955
60 975
60 1204
60 1956
61 90
61 131
61 216
61 272
61 569
61 1287
61 1315
61 1954
62 356
62 479
62 661
62 736
62 1008
62 1220
62 1878
63 121
63 345
63 640
63 868
63 1660
64 177
64 462
64 620
64 707
64 842
64 846
64 921
64 929
64 1040
64 1246
64 1554
64 1622
64 1831
64 1932
65 100
65 338
65 471
65 508
65 518
65 607
65 676
65 754
65 1118
65 1343
65 1947
66 126
66 274
66 686
66 1467
66 1527
67 187
67 294
67 478
67 682
67 851
67 1027
67 1876
67 1923
68 640
68 896
68 944
68 1011
68 1402
68 1526
68 1897
69 152
69 401
69 580
69 613
69 809
69 867
69 1194
69 1575
69 1919
70 107
70 237
70 434
70 512
70 541
70 879
70 1009
70 1087
70 1184
70 1277
70 1316
70 1332
70 1437
71 280
71 388
71 824
71 1698
71 1893
71 1904
72 589
72 922
72 1526
72 1610
72 1954
73 157
73 364
73 1029
73 1272
73 1310
73 1612
74 149
74 349
74 527
74 670
74 691
74 743
74 902
74 989
74 1856
74 1930
74 2000
75 108
75 164
75 773
75 1053
75 1071
75 1202
75 1216
75 1230
75 1326
75 1880
76 82
76 215
76 361
76 392
76 669
76 922
76 1558
76 1584
76 1749
77 209
77 552
77 580
77 883
77 995
77 1036
77 1120
77 1191
77 1976
78 281
78 514
78 645
78 677
78 721
78 796
78 1031
78 1154
78 1740
79 276
79 384
79 551
79 950
79 1166
80 789
80 904
80 1978
81 139
81 471
81 851
81 894
81 1186
81 1269
81 1864
82 284
82 311
82 502
82 936
82 1124
82 1197
83 254
83 345
83 478
83 524
83 702
83 933
83 1128
83 1158
83 1748
83 1808
83 1815
83 1845
84 390
84 583
84 835
84 901
84 1323
84 1335
84 1544
84 1565
84 1805
85 135
85 248
85 365
85 868
85 1023
85 1451
85 1486
85 1750
85 1758
86 101
86 187
86 188
86 225
86 256
86 518
86 637
86 825
86 885
86 1709
86 1924
87 148
87 201
87 705
87 975
87 1741
87 1888
88 178
88 350
88 973
88 1656
89 137
89 300
89 306
89 1119
89 1124
89 1724
89 1793
90 180
90 232
90 358
90 391
90 754
90 921
90 974
90 1052
90 1101
90 1117
90 1813
90 1944
90 1998
91 593
91 1224
91 1295
91 1515
91 1935
91 1965
92 118
92 246
92 267
92 353
92 1014
92 1132
92 1163
92 1172
92 1209
92 1249
92 1663
92 1747
92 1942
93 172
93 759
93 1002
93 1204
93 1356
93 1743
93 1848
94 276
94 971
94 1125
95 282
95 507
95 1209
95 1452
95 1462
95 1535
95 1916
96 1206
96 1456
96 1601
96 1888
97 141
97 442
97 652
97 1362
97 1460
97 1466
97 1618
97 1767
97 1902
98 669
98 736
98 833
98 1095
98 1256
98 1346
98 1572
99 114
99 923
99 1123
99 1289
99 1475
99 1562
99 1675
99 1895
100 132
100 777
100 971
100 1205
100 1604
100 1977
101 245
101 569
101 715
101 776
101 829
101 1169
101 1221
101 1658
101 1740
101 1940
101 1977
102 416
102 449
102 1065
102 1662
102 1727
103 1126
103 1181
103 1756
104 126
104 156
104 244
104 845
104 1067
104 1339
104 1596
105 199
105 492
105 627
105 1137
105 1355
105 1401
105 1419
105 1460
105 1552
105 1567
105 1628
106 626
106 1217
106 1410
106 1797
107 292
107 736
107 872
107 1222
108 198
108 276
108 764
108 1955
109 952
109 1108
109 1451
109 1649
109 1787
110 548
110 721
110 1114
110 1508
110 1562
111 246
111 885
111 993
112 361
112 527
112 1069
112 1404
112 1409
112 1659
112 1992
113 305
113 468
113 657
113 1343
113 1546
114 399
114 778
114 826
114 1113
114 1191
114 1287
114 1584
114 1667
115 247
115 604
115 838
115 1309
115 1507
115 1610
116 1123
117 185
117 233
117 585
117 698
117 801
117 823
117 920
117 1199
117 1341
117 1794
118 1013
118 1163
118 1352
118 1394
118 1660
118 1771
118 1899
119 577
119 708
119 752
119 1151
119 1231
119 1477
119 1700
119 1703
120 170
120 399
120 833
120 865
120 1027
120 1471
120 1619
120 1857
120 1956
121 654
121 997
121 1331
121 1606
121 1892
122 246
122 298
122 413
122 1439
122 1978
123 890
123 960
123 1267
123 1834
123 1968
124 483
124 1063
124 1233
124 1275
124 1377
124 1944
125 759
125 771
125 1015
125 1258
125 1497
125 1506
125 1896
126 646
126 781
126 853
126 1425
126 1898
126 1935
127 414
127 432
127 447
127 657
127 1260
127 1683
128 222
128 351
128 682
128 881
128 1062
128 1186
128 1489
128 1616
128 1779
129 653
129 972
129 1079
129 1521
129 1569
129 1732
129 1733
129 1910
129 1945
130 152
130 206
130 936
130 1410
130 1422
131 575
131 1407
131 1793
132 259
132 456
132 1244
132 1767
132 1976
133 188
133 504
133 543
133 569
133 806
133 1136
133 1177
133 1201
133 1523
134 358
134 405
134 428
134 578
134 1025
134 1370
134 1550
134 1905
135 1463
135 1992
136 183
136 410
136 612
136 683
136 973
136 1076
136 1569
136 1652
136 1873
136 1963
137 150
137 427
137 1268
137 1660
137 1761
137 1854
138 492
138 641
138 1004
138 1463
138 1555
138 1560
138 1807
138 1835
138 1968
138 1970
139 175
139 422
139 744
139 962
139 1155
139 1498
139 1625
139 1699
139 1711
140 398
140 487
140 1080
140 1344
140 1453
140 1714
140 1830
140 1995
141 448
141 608
141 904
141 1033
141 1390
141 1816
141 1825
142 193
142 299
142 325
142 602
142 721
142 814
142 1138
142 1407
142 1542
142 1629
143 239
143 249
143 309
143 551
143 623
143 702
143 970
143 1273
144 993
144 1277
144 1463
145 167
145 504
145 879
145 1166
145 1257
145 1337
145 1685
146 164
146 240
146 390
146 526
146 818
146 1194
146 1342
146 1558
146 1736
147 183
147 1239
147 1372
147 1697
147 1910
147 1954
148 270
148 329
148 389
148 486
148 502
148 534
148 1261
148 1480
148 1539
148 1714
149 1188
150 192
150 269
150 334
150 504
150 877
150 897
150 1190
150 1635
150 1753
151 169
151 269
151 436
151 481
151 561
151 710
151 1063
151 1304
151 1463
152 370
152 478
152 586
152 604
152 728
152 1151
152 1211
152 1357
152 1690
152 1821
152 1828
152 1985
153 613
153 850
153 1070
153 1248
153 1392
154 456
154 458
154 1014
154 1675
155 211
155 212
155 1224
155 1407
155 1423
155 1596
155 1728
155 1979
156 203
156 302
156 369
156 452
156 500
156 571
156 1622
157 204
157 396
157 548
157 560
157 638
157 742
157 921
157 1407
157 1418
157 1486
157 1503
158 643
158 1562
159 425
159 784
159 899
159 1310
159 1313
159 1487
159 1689
159 1708
159 1831
159 1957
159 1999
160 452
160 668
160 964
160 1542
160 1650
161 922
161 1017
161 1272
161 1655
161 1865
161 1926
161 2000
162 736
162 860
162 873
162 1440
162 1729
162 1764
162 1953
163 809
163 1190
163 1768
164 260
164 540
164 755
164 1042
164 1156
164 1827
165 272
165 477
165 639
165 702
165 762
165 1709
166 296
166 435
166 1087
166 1457
167 178
167 658
167 944
167 1238
167 1283
167 1372
167 1544
167 1676
168 309
168 548
168 595
168 987
168 1311
168 1503
168 1889
168 1896
169 527
169 677
169 837
169 1122
169 1263
169 1410
169 1595
169 1597
169 1706
169 1845
170 175
170 267
170 822
170 929
170 1027
170 1313
170 1755
170 1964
171 816
171 1230
171 1364
171 1439
171 1469
171 1651
171 1873
171 1896
171 1943
171 1965
172 186
172 507
172 890
172 1322
172 1344
172 1720
173 266
173 595
173 631
173 1054
173 1593
173 1981
173 1983
174 575
174 634
174 639
174 1053
174 1749
175 264
175 1470
176 726
176 867
176 1102
176 1233
176 1305
176 1396
177 431
177 677
177 750
177 805
177 1574
177 1576
177 1698
177 1912
178 714
178 753
178 1140
178 1317
178 1443
178 1546
178 1639
178 1847
179 345
179 901
179 910
179 1006
179 1315
179 1658
179 1750
179 1854
180 1687
180 1854
181 677
181 812
181 818
181 896
181 953
181 1615
181 1734
181 1898
182 450
182 590
182 689
182 759
182 1055
182 1104
182 1161
182 1696
182 1977
183 329
183 399
183 680
184 296
184 477
184 879
184 1002
184 1111
184 1148
184 1399
184 1485
185 367
185 1111
185 1210
185 1313
185 1380
185 1395
185 1654
185 1698
185 1765
185 1907
186 895
186 1084
186 1151
186 1306
187 239
187 563
187 574
187 603
187 652
187 801
187 1470
187 1529
187 1705
187 1833
187 1857
187 1917
188 939
188 1357
188 1709
189 636
189 1423
189 1474
189 1927
190 355
190 430
190 543
190 784
190 834
190 1046
190 1808
191 385
191 497
191 950
191 981
191 1059
191 1191
191 1221
191 1262
191 1331
191 1334
191 1701
191 1836
191 1883
191 1948
191 1992
192 275
192 867
192 1660
192 1684
192 1753
192 1859
193 217
193 981
193 1105
194 234
194 547
194 636
194 683
194 734
194 935
195 226
195 881
195 948
195 1055
195 1580
195 1946
196 302
196 495
196 663
196 700
196 744
196 928
196 1044
196 1271
196 1613
197 1004
197 1046
197 1270
197 1455
197 1468
197 1479
197 1753
197 1885
198 217
198 436
198 875
198 966
198 1240
198 1328
198 1676
198 1767
199 671
199 1824
200 474
200 525
200 938
200 1148
200 1399
200 1452
200 1526
201 549
201 961
201 1287
201 1561
201 1759
201 1802
202 320
202 493
202 1030
202 1456
203 571
203 867
203 1135
203 1311
203 1523
204 518
204 567
204 920
204 1598
204 1655
204 1730
204 1776
204 1830
205 999
205 1226
205 1410
206 439
206 536
206 542
206 582
206 791
206 1174
206 1627
206 1768
206 1816
207 373
207 761
207 1172
207 1346
207 1478
207 1522
207 1683
207 1725
207 1912
208 504
208 1506
208 1610
209 538
209 622
209 870
209 1041
209 1223
209 1330
209 1661
209 1823
209 1922
210 253
210 847
210 1464
211 482
211 612
211 1343
211 1981
212 944
212 1068
212 1090
212 1420
212 1456
212 1475
212 1615
212 1867
213 316
213 1051
213 1527
213 1700
214 336
214 556
214 651
214 709
214 978
215 241
215 463
215 1247
215 1343
215 1432
215 1485
215 1724
215 1830
215 1988
216 370
216 650
216 766
216 1400
216 1966
217 404
217 511
217 550
217 571
217 587
217 639
217 885
217 886
217 1127
217 1659
218 277
218 402
218 1143
218 1184
218 1310
218 1768
218 1823
218 1825
218 1854
219 401
220 448
220 812
220 1218
220 1348
220 1492
220 1513
220 1755
220 1833
220 1877
221 251
221 351
221 371
221 420
221 877
221 1282
221 1574
222 224
222 1112
222 1351
222 1366
222 1371
223 334
223 407
223 425
223 644
223 801
223 1065
223 1627
223 1844
224 332
224 373
224 1207
224 1581
224 1596
224 1598
224 1899
224 1929
224 1975
225 284
225 559
225 567
225 636
225 926
225 1227
225 1243
225 1427
225 1834
226 406
226 950
226 1005
226 1019
226 1285
226 1403
227 326
227 692
227 832
227 873
227 1234
227 1390
227 1682
228 806
228 1033
229 325
229 783
229 1041
229 1169
229 1697
229 1759
229 1828
229 1921
230 246
230 347
230 717
230 748
230 927
230 954
230 1492
230 1570
231 1318
231 1437
231 1918
232 321
232 880
232 961
232 1177
232 1956
233 269
233 911
233 956
233 1294
233 1309
233 1443
234 331
234 744
234 929
234 1015
234 1352
234 1393
234 1672
234 1853
235 304
235 919
235 1111
235 1199
235 1398
235 1750
235 1843
236 247
236 377
236 877
236 915
236 1016
237 382
237 483
237 500
237 527
237 694
237 834
237 1066
237 1248
237 1618
237 1991
238 514
238 733
238 1073
238 1239
238 1425
238 1554
238 1829
238 1840
238 1842
239 255
239 526
239 569
239 725
239 859
239 965
239 1118
239 1215
239 1352
239 1926
239 1981
240 277
240 283
240 501
240 684
240 740
240 1195
241 255
241 630
241 960
241 1212
241 1443
241 1949
241 1963
242 342
242 989
242 1153
242 1592
243 589
243 618
243 834
243 907
243 1404
243 1739
244 277
244 332
244 715
244 805
244 920
244 1044
244 1288
244 1297
244 1384
244 1443
244 1512
244 1806
245 447
245 571
245 1284
245 1470
245 1736
245 1811
245 1831
246 803
246 826
246 1367
246 1805
247 918
247 1029
247 1102
247 1290
247 1424
247 1441
247 1494
247 1555
248 339
248 522
248 548
248 1194
248 1814
248 1831
249 633
249 966
249 982
249 1651
249 1743
249 1773
250 394
250 609
250 975
250 990
250 1318
250 1380
250 1829
250 1882
250 1911
251 417
251 494
251 1069
251 1075
251 1479
251 1490
252 522
252 583
252 1204
252 1295
252 1355
252 1906
253 355
253 549
253 582
253 685
253 908
253 975
253 1262
254 541
254 723
254 792
254 1386
254 1669
254 1682
254 1879
255 380
255 396
255 783
255 1337
255 1339
255 1846
256 683
256 887
256 934
256 959
256 1218
256 1744
256 1927
257 369
257 598
257 1002
257 1292
257 1612
257 1652
257 1690
258 1083
258 1710
258 1729
258 1742
258 1849
258 1976
259 384
259 861
259 955
259 1351
259 1657
259 1897
259 1927
260 317
260 748
260 870
260 880
260 939
260 1333
260 1357
260 1919
261 623
261 1320
261 1695
261 1769
261 1783
262 420
262 490
262 958
262 1068
262 1247
262 1260
262 1481
262 1798
262 1848
262 1914
263 489
263 1223
263 1381
263 1506
263 1820
263 1989
263 1992
264 478
264 678
264 723
264 1130
264 1393
264 1799
265 524
265 1252
265 1535
266 597
266 607
266 1021
266 1037
266 1497
266 1634
266 1993
267 461
267 888
267 1053
267 1353
267 1717
267 1838
267 1923
267 1990
268 677
268 714
268 746
268 1085
268 1206
268 1251
268 1402
268 1966
269 318
269 1356
269 1561
269 1587
269 1643
269 1791
269 1803
269 1975
270 990
270 1278
270 1751
270 1890
270 1941
271 397
271 592
271 943
271 1120
271 1368
271 1794
272 1045
272 1125
272 1411
272 1514
272 1532
272 1654
272 1920
273 640
273 718
273 733
273 737
273 809
273 1052
273 1297
273 1313
273 1835
274 621
274 706
274 885
274 953
274 979
274 999
274 1139
274 1229
274 1686
274 1700
275 508
275 927
275 1094
275 1648
275 1978
276 277
276 408
276 863
276 1103
276 1316
276 1427
276 1453
276 1565
277 464
277 465
277 742
277 779
277 818
277 1546
277 1622
277 1917
278 927
278 1022
278 1373
278 1495
278 1809
278 1820
279 401
279 850
279 1144
279 1242
279 1372
279 1560
279 1694
279 1790
279 1854
280 936
280 940
280 1199
280 1673
281 1116
281 1862
282 373
282 551
282 785
282 819
282 947
282 1508
283 397
283 539
283 669
283 1323
283 1436
283 1599
283 1867
283 1895
284 703
284 943
284 1085
284 1154
284 1238
284 1251
284 1308
284 1801
284 1908
285 428
285 682
285 685
285 727
285 925
285 1150
285 1286
285 1391
285 1989
286 293
286 298
286 633
286 643
286 1019
287 349
287 918
287 1405
287 1624
287 1685
287 1984
288 1540
288 1777
288 1900
289 546
289 1113
289 1241
289 1630
289 1821
289 1825
290 1864
290 1939
291 345
291 604
291 827
291 1367
291 1898
292 629
292 747
292 1254
292 1578
292 1832
292 1883
292 1945
293 531
293 548
293 895
293 1074
293 1075
293 1325
293 1360
293 1621
293 1928
294 442
294 466
294 648
294 743
294 934
294 1279
294 1696
294 1735
294 1802
295 424
295 703
295 1083
295 1365
295 1370
295 1754
296 336
296 354
296 373
296 496
296 576
296 578
296 801
296 835
296 1065
296 1326
296 1367
296 1755
297 329
297 358
297 593
297 828
297 978
297 1423
297 1874
298 303
298 452
298 553
298 794
298 892
298 937
298 1052
298 1174
298 1210
298 1215
298 1447
298 1599
299 807
299 946
299 1390
299 1480
299 1521
299 1948
300 641
300 791
300 964
300 1611
300 1944
301 339
301 419
301 557
301 606
301 838
301 978
301 1161
301 1250
301 1360
301 1577
301 1699
301 1721
301 1754
301 1764
302 332
302 717
302 1641
302 1663
303 665
303 879
303 1069
303 1398
303 1541
304 633
304 1123
304 1472
304 1681
304 1743
304 1783
305 383
305 730
305 801
305 1630
305 1842
306 411
306 733
306 958
306 1053
306 1061
306 1191
306 1283
306 1713
307 405
307 427
307 452
307 854
307 869
307 1310
307 1329
307 1391
307 1431
307 1574
307 1691
307 1889
308 443
308 452
308 631
308 1071
308 1164
308 1416
308 1485
309 713
309 987
309 1047
309 1202
309 1263
309 1305
309 1768
309 1845
309 1953
310 539
310 597
310 690
310 1000
310 1110
310 1820
311 470
311 484
311 649
311 847
311 893
311 1684
311 1781
312 652
312 1019
312 1248
312 1808
312 1816
313 905
313 1102
313 1223
313 1334
313 1549
313 1993
314 315
314 622
314 1525
315 637
315 1567
315 1669
315 1722
316 345
316 575
316 806
316 1298
316 1443
316 1561
317 348
317 401
317 523
317 1164
317 1215
317 1447
318 432
318 937
318 1080
318 1101
318 1128
318 1222
318 1235
319 331
319 873
319 1147
319 1161
319 1223
319 1255
319 1472
319 1583
319 1780
320 1593
320 1697
320 1804
320 1834
320 1876
321 502
321 1213
322 1057
322 1221
322 1435
322 1492
322 1651
322 1982
322 1991
323 560
323 695
323 832
324 496
324 947
324 1519
324 1709
325 388
325 623
325 911
325 1120
326 332
326 589
326 667
326 668
326 1028
326 1213
326 1293
326 1446
326 1696
326 1894
327 401
327 823
327 873
327 896
327 1317
327 1326
327 1761
327 1845
328 518
328 539
328 569
328 1135
328 1388
328 1390
328 1549
328 1644
328 1820
329 470
329 628
329 1495
329 1586
329 1716
330 447
330 528
330 563
330 582
330 1346
330 1349
331 1089
331 1126
331 1149
331 1330
331 1381
331 1426
331 1818
332 1197
332 1546
332 1582
332 1718
333 557
333 1146
333 1414
333 1689
333 1811
333 1830
333 1849
333 1920
334 411
334 958
334 1058
334 1123
334 1126
334 1387
334 1657
334 1814
335 340
335 600
335 955
335 1004
335 1030
335 1460
335 1667
335 1971
336 810
336 849
336 1145
336 1269
336 1668
336 1916
336 1952
337 472
337 732
337 1285
337 1544
337 1566
337 1744
337 1967
338 1619
338 1708
338 1911
338 1962
339 368
339 1220
339 1702
339 1708
340 482
340 484
340 583
340 768
340 1030
340 1071
340 1076
340 1205
340 1546
340 1731
340 1756
340 1944
341 543
341 544
341 882
341 1188
341 1512
341 1801
341 1839
341 1949
342 692
342 729
342 1149
342 1287
342 1618
342 1665
342 1718
342 1858
342 1931
343 505
343 549
343 1066
343 1786
344 766
344 1272
344 1823
345 509
345 576
345 646
345 714
345 1031
345 1074
345 1075
345 1163
345 1194
345 1334
345 1351
345 1716
346 525
346 626
346 745
346 974
347 452
347 678
347 808
347 826
347 936
347 1031
347 1096
347 1459
348 1342
348 1651
348 1710
348 1985
349 729
349 1403
349 1493
349 1830
349 1914
350 642
350 808
350 1227
350 1530
350 1599
350 1684
350 1848
351 507
351 728
351 855
351 907
351 1303
351 1357
352 564
352 735
352 855
352 1025
352 1142
352 1227
352 1262
352 1284
352 1431
352 1635
352 1694
352 1909
353 778
353 1023
353 1352
353 1443
353 1609
353 1963
354 564
354 573
354 671
354 1029
354 1104
354 1347
354 1542
354 1580
354 1642
354 1963
355 520
355 565
355 1178
355 1288
355 1403
356 427
356 577
356 688
356 732
356 859
356 923
356 1193
356 1217
356 1248
356 1269
356 1491
356 1560
357 905
357 1492
357 1617
357 1734
357 1763
357 1852
357 1989
358 773
358 1132
358 1301
358 1345
358 1473
358 1957
359 361
359 430
359 661
359 744
359 1152
359 1236
359 1582
359 1703
359 1871
359 1933
360 588
360 664
360 1349
360 1438
360 1770
361 615
361 791
361 968
361 1051
361 1250
361 1257
361 1321
361 1458
361 1720
361 1772
361 1818
362 1713
362 1830
362 1934
363 447
363 875
363 1192
363 1285
363 1351
363 1627
363 1873
364 495
364 739
364 973
364 1143
364 1210
364 1530
364 1732
365 519
365 1032
365 1186
365 1698
365 1895
366 850
366 1703
367 525
367 636
367 874
367 911
367 1199
367 1406
367 1475
367 1640
367 1741
367 1852
368 393
368 428
368 681
368 811
368 1003
368 1097
368 1178
368 1247
368 1646
368 1669
368 1931
368 1988
369 566
369 726
369 820
369 1133
369 1525
369 1579
369 1712
369 1809
370 383
370 820
370 1459
370 1567
370 1678
371 376
371 532
371 757
371 1099
371 1107
371 1257
371 1680
371 1726
371 1806
372 471
372 513
372 736
372 923
372 993
372 1189
372 1348
372 1452
373 395
373 660
373 767
373 1001
373 1230
373 1394
373 1466
373 1562
373 1818
373 1882
374 381
374 902
374 972
374 1079
374 1145
374 1229
374 1370
375 620
375 952
375 1181
375 1665
375 1754
375 1895
376 486
376 1012
376 1222
376 1938
376 1989
377 811
377 940
377 1210
377 1251
377 1291
377 1543
377 1689
377 1887
377 1945
378 668
378 1676
378 1915
379 390
379 647
379 648
379 829
379 831
379 1164
379 1183
379 1281
379 1768
380 1182
380 1873
380 1874
381 785
381 1233
381 1435
381 1842
382 571
382 721
382 1013
382 1395
382 1771
382 1942
383 470
383 872
383 945
383 1184
383 1565
383 1595
383 1678
383 1732
384 1269
384 1531
384 1739
384 1794
384 1943
385 834
385 946
385 1641
385 1687
386 935
386 1113
386 1194
386 1261
386 1408
386 1611
387 727
387 1100
387 1241
387 1282
387 1384
387 1462
387 1471
388 1149
388 1764
388 1808
388 1942
389 486
389 807
389 1067
389 1084
389 1108
389 1651
389 1873
389 1981
390 439
390 440
390 831
390 1160
390 1323
390 1611
390 1873
391 599
391 749
391 781
391 1012
391 1098
391 1252
391 1381
391 1674
391 1753
392 459
392 495
392 703
392 842
392 881
393 817
393 846
393 905
393 1087
393 1656
393 1947
394 421
394 614
394 727
394 985
394 1206
394 1283
395 398
395 444
395 1039
395 1312
395 1407
395 1570
395 1698
396 934
396 1024
396 1509
396 1611
396 1853
396 1953
397 535
397 756
397 1030
397 1222
398 519
398 916
398 1305
398 1346
398 1564
399 630
399 1437
399 1438
399 1928
400 500
400 1549
400 1764
401 411
401 497
401 798
401 1115
401 1558
402 413
402 468
402 556
402 708
402 1118
402 1451
402 1765
403 884
403 991
403 1059
403 1261
403 1368
403 1408
404 939
404 1223
404 1274
404 1508
404 1550
405 810
405 1038
405 1846
406 923
406 1172
406 1206
406 1438
406 1518
406 1536
406 1616
407 455
407 512
407 538
407 553
407 596
407 774
407 975
407 1080
407 1111
407 1334
407 1430
407 1706
407 1836
408 989
408 1015
408 1193
408 1244
408 1257
408 1262
408 1490
408 1494
408 1626
408 1632
408 1647
408 2000
409 631
409 700
409 1115
409 1592
409 1746
409 1848
409 1992
410 704
410 1333
410 1435
410 1463
410 1518
410 1764
410 1819
411 865
411 1116
411 1237
411 1463
411 1613
412 502
412 711
412 773
412 774
412 847
412 1010
412 1666
412 1846
413 470
413 758
413 1032
413 1381
413 1522
413 1669
413 1723
414 768
414 961
414 1026
414 1556
414 1724
415 722
415 974
415 1047
415 1200
415 1615
416 753
416 1056
416 1246
416 1345
416 1478
416 1565
416 1588
416 1863
417 799
417 901
417 938
417 1856
418 579
418 621
418 744
418 1112
418 1195
418 1243
418 1676
418 1723
419 729
419 754
419 1050
419 1183
419 1337
419 1614
420 479
420 580
420 961
420 1528
420 1706
420 1774
420 1963
421 459
421 552
421 607
421 631
421 692
421 889
421 978
421 1044
421 1488
421 1569
421 1629
421 1649
421 1733
421 1806
422 541
422 578
422 632
422 1786
423 580
423 909
423 1232
423 1250
423 1672
424 612
424 912
424 989
424 1199
424 1228
424 1641
424 1920
424 1929
425 456
425 770
425 849
425 1017
425 1178
425 1403
425 1644
425 1741
426 1172
426 1588
426 1640
426 1684
426 1691
426 1790
426 1902
427 885
427 1179
427 1811
427 1905
427 1972
428 1105
428 1334
428 1634
428 1741
428 1758
429 662
429 1085
429 1095
429 1169
429 1209
429 1572
429 1745
429 1991
430 504
430 1861
430 1921
431 452
431 644
431 766
431 872
431 1388
431 1734
431 1914
431 1961
432 518
432 616
432 1171
432 1374
432 1411
432 1927
433 701
433 1229
433 1424
433 1600
433 1791
434 457
434 551
434 648
434 764
434 1092
434 1837
435 558
435 842
435 1606
435 1652
436 1085
436 1473
436 1542
437 471
437 544
437 804
437 960
437 1120
437 1169
437 1595
437 1925
437 1932
438 720
438 1396
439 666
439 672
439 822
439 833
439 1109
439 1369
439 1641
439 1663
439 1954
440 448
440 579
440 811
440 886
440 1640
440 1838
440 1988
441 668
441 1204
441 1422
441 1436
441 1549
442 714
442 789
442 871
442 897
442 1009
443 615
443 697
443 717
443 799
443 972
443 1865
443 1877
444 462
444 465
444 550
444 815
444 879
444 979
444 1346
444 1684
444 1822
444 1924
445 699
445 910
445 1190
445 1236
445 1458
445 1494
445 1983
446 478
446 612
446 767
446 789
446 1312
446 1417
446 1428
446 1434
446 1738
446 1950
446 1952
447 559
447 747
447 857
447 1067
447 1075
447 1116
447 1216
447 1386
447 1480
447 1494
447 1612
447 1867
447 1885
447 1888
447 1936
447 1986
448 455
448 639
448 767
448 874
448 1057
448 1065
448 1461
448 1821
449 533
449 1555
449 1639
449 1651
449 1864
450 1050
450 1183
450 1356
450 1369
450 1611
450 1649
450 1877
451 741
451 1623
451 1693
452 719
452 913
453 460
453 612
453 1068
453 1243
454 496
454 860
454 955
454 1015
454 1225
454 1605
454 1899
455 666
455 821
455 1128
455 1267
455 1342
455 1481
455 1583
455 1968
456 490
456 516
456 771
456 831
456 852
456 863
456 1007
456 1080
456 1127
456 1349
456 1465
456 1963
457 729
457 861
457 1371
457 1500
457 1591
457 1703
457 1717
457 1753
458 676
458 682
458 693
458 1075
458 1125
458 1385
458 1419
458 1495
458 1538
458 1642
458 1816
459 776
459 1236
459 1463
459 1812
459 1917
460 564
460 1535
460 1567
461 783
461 857
461 909
461 1017
461 1193
461 1303
461 1532
461 1811
462 493
462 995
462 1436
462 1897
463 535
463 549
463 781
463 912
464 558
464 1655
464 1851
464 1866
465 471
465 591
465 688
465 711
465 1053
465 1064
465 1129
465 1470
465 1586
465 1746
466 609
466 1021
466 1148
466 1758
466 1832
466 1844
466 1930
467 488
467 598
467 688
467 869
467 1916
468 1270
468 1483
468 1558
468 1711
469 1154
469 1341
469 1370
469 1685
470 729
470 745
470 1699
471 653
471 707
471 909
471 971
471 1221
471 1294
472 584
472 745
472 987
472 1827
473 739
473 841
473 1198
473 1485
473 1489
473 1777
474 501
474 961
474 1301
474 1462
474 1489
474 1862
474 1873
474 1979
475 893
475 1183
475 1371
475 1742
476 518
476 703
476 796
476 909
476 1271
476 1369
476 1378
476 1689
476 1832
476 1937
477 557
477 763
477 1206
477 1347
477 1382
477 1535
477 1553
477 1582
477 1704
478 531
478 767
478 982
478 1156
478 1361
478 1387
478 1479
478 1628
478 1667
479 645
479 797
479 927
479 942
479 1024
479 1143
479 1232
479 1433
479 1873
479 1947
480 631
480 637
480 745
480 1332
480 1389
480 1454
480 1575
480 1619
480 1706
480 1827
481 487
481 728
481 1172
481 1408
482 816
482 1050
482 1209
482 1351
482 1356
482 1627
483 607
483 897
483 1152
483 1531
483 1958
484 807
484 1091
484 1421
484 1552
484 1962
485 533
485 845
485 886
485 1190
485 1348
485 1652
486 1032
486 1170
486 1240
486 1991
486 2000
487 828
487 1243
487 1385
487 1840
487 1955
488 736
488 822
488 846
488 994
488 1019
488 1039
488 1292
488 1382
489 1075
489 1169
489 1433
489 1500
489 1550
489 1551
489 1722
490 774
490 1381
490 1772
490 1790
490 1804
490 1915
490 1927
491 611
491 652
491 687
491 992
491 1308
491 1337
491 1486
492 557
492 641
492 918
492 1019
492 1152
492 1385
492 1687
492 1773
492 1802
493 908
493 1119
493 1144
493 1245
493 1302
493 1404
493 1767
493 1864
493 1980
494 575
494 789
494 1077
494 1322
494 1622
495 929
495 1497
495 1842
495 1946
496 704
496 1329
496 1427
496 1784
496 1873
496 1893
497 549
497 1304
497 1579
497 1952
498 515
498 520
498 979
498 1097
498 1207
498 1296
498 1366
498 1533
498 1776
499 611
499 892
499 1160
499 1164
499 1422
499 1912
500 506
500 603
500 769
500 882
500 917
500 1117
500 1490
501 575
501 657
501 822
501 1212
501 1235
501 1236
501 1265
501 1330
501 1621
501 1831
501 1893
501 1895
502 859
502 1184
502 1246
502 1290
502 1439
502 1634
503 842
503 878
503 962
503 1162
503 1180
503 1251
503 1949
503 1984
504 514
504 724
504 944
504 980
504 1059
504 1507
504 1634
504 1649
504 1736
504 1909
505 884
505 978
505 1120
505 1137
505 1409
505 1718
506 507
506 1344
506 1748
506 1938
507 1345
507 1581
508 788
508 808
508 1235
508 1451
508 1750
508 1771
509 552
509 562
509 928
509 1165
509 1430
509 1550
509 1807
509 1870
510 919
510 942
510 1033
510 1309
510 1997
511 707
511 778
511 1679
512 603
512 663
512 686
512 756
512 1367
512 1469
512 1647
512 1690
512 1901
512 1948
512 1949
513 543
513 619
513 749
513 786
513 919
513 1040
513 1074
513 1711
513 1848
513 1881
513 1973
514 617
514 692
514 1156
514 1243
514 1290
514 1562
514 1652
514 1811
515 629
516 610
516 675
516 1001
516 1116
516 1313
516 1398
516 1726
517 673
517 1166
517 1337
518 903
518 1361
518 1622
518 1940
519 530
519 745
519 893
519 1595
519 1811
520 734
520 1081
520 1578
521 649
521 679
521 1151
521 1281
521 1315
521 1616
521 1624
521 1773
521 1888
522 527
522 644
522 755
522 878
522 979
522 1098
522 1213
522 1367
522 1482
522 1842
523 733
523 783
523 955
523 992
523 1357
523 1794
523 1825
523 1849
523 1902
524 1090
524 1147
524 1192
524 1193
524 1313
524 1638
524 1827
524 1865
525 951
525 1076
525 1197
525 1472
525 1605
525 1641
526 873
526 963
526 1112
526 1190
526 1324
526 1654
526 1763
526 1766
526 1945
527 1089
527 1288
527 1373
527 1433
527 1770
528 883
528 1302
529 774
529 780
529 886
529 912
529 963
529 1094
529 1581
529 1983
530 662
530 1275
530 1518
531 1094
531 1201
531 1733
532 984
532 1054
532 1105
532 1242
532 1384
532 1524
532 1603
532 1780
532 1868
533 774
533 895
533 1402
533 1559
533 1681
533 1880
534 698
534 762
534 840
534 845
534 1052
534 1274
534 1404
534 1424
534 1509
534 1718
534 1727
534 1827
534 1934
535 694
535 1082
535 1630
535 1790
535 1946
536 716
536 782
536 858
536 892
536 1201
536 1480
536 1606
536 1649
537 1229
537 1504
537 1653
537 1844
537 1903
538 1086
538 1093
538 1739
538 1749
539 839
539 1091
539 1126
539 1763
540 615
540 1537
540 1603
540 1605
540 1829
540 1924
540 1926
541 822
541 1143
542 1028
542 1582
542 1675
543 581
543 834
543 1749
543 1879
544 1009
544 1055
544 1360
544 1450
544 1894
545 710
545 1342
545 1477
545 1558
545 1740
546 1201
546 1296
546 1851
546 1944
547 671
547 831
547 854
547 977
547 1092
547 1128
547 1147
547 1448
547 1506
547 1517
547 1793
547 1873
547 1943
548 1081
548 1085
548 1188
548 1195
548 1313
548 1486
548 1625
548 1773
548 1800
549 566
549 1047
549 1334
549 1370
549 1527
549 1674
549 1746
549 1782
550 765
550 1369
550 1471
550 1898
551 1113
551 1544
551 1830
552 1333
552 1709
552 1882
552 1940
553 584
553 994
553 1004
553 1580
553 1746
554 556
554 643
554 1791
554 1802
554 1863
555 766
555 941
555 1188
555 1932
556 645
556 664
556 916
556 978
556 1227
556 1236
556 1557
556 1810
556 1928
557 963
557 968
557 1115
557 1151
557 1647
558 637
558 813
558 1108
558 1222
558 1514
558 1890
558 1976
559 821
559 833
559 1411
559 1838
560 628
560 654
560 804
560 805
560 1016
560 1208
560 1416
560 1647
561 663
561 739
561 814
561 859
561 1045
561 1628
561 1759
562 815
562 977
562 1159
562 1169
562 1201
562 1216
562 1552
562 1798
563 829
563 1206
563 1525
563 1695
563 1803
563 1874
564 657
564 684
564 1189
564 1359
564 1807
565 654
565 984
565 1180
566 590
566 715
566 788
566 881
566 1101
566 1127
566 1494
567 675
567 680
567 995
567 1144
567 1178
567 1218
567 1311
567 1403
567 1470
567 1531
567 1710
567 1807
567 1887
568 642
568 860
568 1160
568 1318
568 1462
568 1646
568 1833
568 1902
568 1961
569 1533
569 1721
569 1753
570 1475
572 854
572 872
572 1393
572 1434
573 1103
573 1158
573 1278
573 1315
573 1791
574 861
574 878
574 1495
575 701
575 731
575 992
575 1105
575 1201
575 1468
575 1772
575 1815
576 1433
576 1529
576 1610
577 991
577 1467
577 1606
577 1832
577 1964
578 695
578 806
578 1057
578 1496
579 1149
579 1367
579 1889
579 1938
580 1346
580 1361
580 1489
580 1758
580 1848
580 1888
580 1993
581 682
581 773
581 852
581 1179
581 1473
581 1682
581 1720
581 1800
581 1919
582 670
582 1107
582 1188
582 1316
582 1453
582 1661
582 1969
583 960
583 1311
583 1612
584 1148
584 1166
584 1242
584 1343
584 1553
584 1569
584 1666
584 1693
584 1777
584 1877
584 1988
585 1173
585 1371
585 1380
585 1595
585 1660
585 1965
586 605
586 680
586 683
586 968
586 1227
586 1704
587 789
587 1549
587 1603
587 1627
587 1661
587 1903
588 713
588 867
588 902
588 980
588 1555
589 876
589 1026
589 1566
589 1578
589 1670
589 1899
590 1389
590 1410
590 1476
591 735
591 798
591 961
591 1068
591 1452
591 1750
592 768
592 1091
592 1466
592 1709
593 749
593 786
593 1742
593 1882
594 598
594 695
594 868
594 1063
594 1151
594 1611
594 1619
594 1739
594 1841
594 1914
595 870
595 1137
595 1222
595 1568
595 1757
595 1957
596 612
596 1286
596 1405
596 1704
596 1979
597 735
597 790
597 879
597 1260
597 1398
597 1732
598 1136
598 1175
598 1188
598 1341
599 1623
599 1697
600 1879
601 803
601 1079
601 1380
601 1597
601 1755
602 950
602 1210
602 1652
603 620
603 914
603 1065
603 1326
603 1602
603 1908
603 1932
603 1954
604 818
604 1132
604 1602
604 1947
605 808
605 1277
605 1339
605 1487
605 1505
606 996
606 1418
606 1600
606 1906
607 1174
607 1275
607 1378
607 1513
607 1612
607 1638
608 902
608 967
608 1370
608 1714
608 1947
608 1952
609 775
609 838
609 903
609 1257
609 1262
609 1434
609 1541
610 615
610 793
610 798
610 874
610 886
610 1064
610 1453
610 1731
610 1937
611 747
611 900
611 1033
611 1125
611 1358
611 1527
612 617
612 985
613 704
613 916
613 1673
613 1926
613 1962
614 860
614 1445
614 1595
614 1920
615 618
615 1398
615 1625
616 1535
616 1683
616 1795
617 804
617 950
617 951
617 1097
617 1159
618 757
618 929
618 1839
618 1862
619 917
619 1221
619 1257
619 1416
619 1589
619 1597
620 659
620 753
620 975
620 1273
621 1130
621 1159
621 1375
621 1604
621 1818
622 885
622 1005
622 1121
622 1419
622 1531
622 1835
623 634
623 817
623 937
623 1076
623 1137
623 1188
623 1589
623 1702
624 819
624 999
624 1005
624 1568
625 1277
625 1455
625 1797
625 1814
625 1832
625 1992
626 679
626 1029
626 1209
626 1824
627 635
627 1840
627 1874
627 1885
628 738
628 1281
629 668
629 728
629 967
629 1028
629 1060
629 1118
629 1153
629 1312
629 1471
629 1889
630 875
630 892
630 1020
630 1623
630 1656
630 1733
630 1883
631 854
631 1158
631 1211
631 1347
631 1475
631 1697
631 1717
631 1721
631 1732
632 674
632 699
632 976
632 1203
632 1233
632 1268
632 1273
633 817
633 887
633 952
633 1312
633 1599
633 1614
633 1787
633 1829
633 1990
634 1288
634 1619
634 1773
634 1877
635 815
635 1946
636 802
636 875
636 1257
636 1278
637 727
637 1088
637 1264
637 1745
637 1864
638 653
638 737
638 1302
638 1556
638 1815
638 1877
639 663
639 705
639 801
639 940
639 978
639 1007
639 1294
639 1446
640 870
640 877
640 915
640 1042
640 1084
640 1202
640 1221
640 1437
640 1552
641 700
641 827
641 980
641 1064
641 1132
641 1196
641 1798
641 1935
642 764
642 1321
642 1365
642 1636
642 1676
642 1988
643 818
643 821
643 922
643 1632
643 1697
644 1157
644 1301
644 1320
644 1613
645 844
645 925
645 1041
645 1115
645 1274
645 1553
645 1708
646 706
646 751
646 803
646 811
646 1363
646 1540
647 840
647 952
647 1298
647 1644
648 1387
648 1804
648 1960
649 881
649 1476
649 1922
650 704
650 730
650 905
650 1236
650 1477
650 1523
650 1658
650 1663
651 656
651 679
651 692
651 806
651 1109
651 1756
651 1935
652 737
652 1158
652 1811
652 1935
653 696
653 1037
653 1153
653 1320
653 1781
653 1980
654 993
654 1298
655 1326
655 1662
655 1981
656 697
656 714
656 745
656 772
656 1368
656 1423
656 1517
656 1773
657 880
657 995
657 1135
657 1204
657 1482
657 1906
658 1336
658 1393
658 1564
659 871
659 1438
659 1839
660 714
660 897
660 1018
660 1177
660 1203
660 1633
660 1813
661 1207
661 1666
661 1840
662 717
662 748
662 1052
662 1675
662 1723
663 1004
663 1513
664 932
664 1927
664 1982
665 834
665 981
665 1057
665 1330
665 1451
665 1606
666 687
666 746
666 797
666 890
666 1401
666 1493
666 1503
667 975
667 1030
667 1146
667 1171
667 1321
667 1335
668 821
668 829
668 901
668 994
668 1021
668 1022
668 1106
668 1154
668 1227
668 1300
668 1357
668 1649
668 1756
669 1070
669 1385
669 1415
669 1515
669 1801
669 1867
670 849
670 1183
671 734
671 741
671 840
671 982
671 1474
671 1562
671 1571
671 1608
671 1640
671 1918
672 725
672 858
672 1008
672 1199
672 1467
672 1594
672 1712
672 1908
673 1026
673 1192
673 1538
673 1563
673 1705
673 1856
673 1938
674 1745
674 1910
675 805
675 1292
676 1118
676 1478
677 1051
677 1236
677 1505
677 1748
677 1950
678 1005
678 1087
679 748
679 1245
679 1815
680 702
680 791
680 814
680 1079
680 1728
680 1860
681 879
681 1025
682 688
682 727
682 1305
682 1343
683 706
683 708
683 1494
683 1793
683 1844
684 774
684 1315
684 1318
684 1469
684 1694
684 1762
685 828
685 1347
685 1877
686 1324
686 1517
686 1736
686 1968
687 1160
688 802
688 1004
688 1281
688 1633
688 1694
688 1716
688 1763
689 902
689 1164
689 1253
689 1318
689 1664
689 1675
690 833
690 1183
690 1402
690 1419
690 1972
691 873
691 1248
691 1563
691 1888
692 973
692 1062
692 1479
692 1624
692 1861
693 851
693 944
693 1088
693 1272
693 1400
693 1475
693 1684
693 1923
694 957
694 1368
695 703
695 785
695 962
695 1261
695 1436
695 1474
696 846
696 1066
696 1135
696 1331
696 1459
696 1546
696 1788
696 1972
697 999
697 1346
697 1434
697 1471
697 1969
698 1029
699 842
699 1372
699 1523
699 1815
699 1960
700 1397
700 1547
700 1639
700 1880
700 1977
701 798
701 1329
701 1386
701 1573
702 1973
703 1218
703 1838
703 1881
704 1049
704 1356
704 1732
704 1787
704 1810
704 1906
705 1384
705 1423
705 1656
706 1473
706 1983
707 760
707 807
707 1123
707 1210
707 1264
707 1755
707 1760
708 1332
708 1463
708 1802
709 740
709 1267
709 1317
709 1394
709 1482
709 1568
709 1649
709 1870
709 1940
709 1942
710 868
710 1099
710 1240
710 1325
710 1520
711 905
711 1173
711 1368
711 1626
711 1832
712 881
712 968
712 1105
712 1608
712 1754
712 1948
712 1974
713 1232
713 1577
713 1620
713 1669
714 977
714 1048
714 1051
714 1325
714 1437
714 1454
714 1662
715 764
715 921
715 1028
715 1324
715 1639
715 1826
716 859
716 993
716 1020
716 1673
716 1741
717 1161
717 1430
717 1671
718 1586
718 1742
719 724
719 1306
719 1358
719 1532
719 1537
719 1853
720 1238
721 741
721 1839
721 1972
722 773
722 912
722 1577
722 1618
723 1031
723 1654
724 807
724 1154
724 1349
724 1859
725 830
725 1060
725 1093
725 1657
725 1710
726 833
726 1028
726 1220
726 1474
726 1855
726 1991
727 1233
727 1366
727 1393
727 1773
728 756
729 744
729 1123
729 1344
729 1622
729 1677
729 1796
730 801
730 864
730 1278
730 1320
730 1684
730 1783
731 1043
731 1113
731 1281
731 1593
731 1790
732 1138
732 1169
732 1822
733 773
733 911
733 938
733 963
733 1000
733 1091
733 1097
733 1424
733 1474
733 1953
734 790
734 793
734 954
734 1133
734 1738
734 1748
735 930
735 998
735 1753
735 1757
735 1873
736 803
736 941
737 745
737 803
737 862
737 1270
737 1627
738 811
738 942
738 1402
738 1558
739 780
739 926
739 940
739 943
739 995
739 1862
740 998
740 1021
741 809
741 981
741 1182
741 1240
741 1351
741 1528
741 1924
742 950
742 1016
742 1227
742 1855
742 1969
743 1057
743 1153
743 1433
743 1669
744 1161
744 1194
744 1318
744 1685
744 1945
745 1406
745 1511
746 961
746 1496
746 1621
746 1829
746 1843
747 1171
747 1418
747 1535
747 1910
747 1929
748 923
748 1099
748 1232
748 1311
748 1818
749 864
749 1005
749 1300
749 1812
750 1264
750 1473
750 1734
750 1770
751 784
751 986
751 1016
751 1062
751 1144
751 1149
751 1218
751 1486
751 1603
751 1653
751 1988
752 1563
752 1654
752 1712
752 1867
753 1391
753 1578
753 1589
753 1654
753 1746
753 1809
754 772
754 965
754 1024
754 1170
754 1876
755 1321
755 1340
755 1409
756 804
756 1022
756 1350
756 1363
756 1645
757 912
757 1032
757 1212
757 1294
757 1438
758 1445
758 1843
759 783
759 1095
759 1109
759 1213
759 1346
759 1671
759 1855
760 948
760 1288
760 1706
761 1545
762 1115
762 1136
762 1246
762 1777
762 1805
763 949
763 1170
763 1378
763 1549
763 1613
764 1089
764 1261
764 1290
764 1625
764 1896
765 871
765 1124
766 1106
766 1275
766 1291
766 1330
767 841
767 970
767 1042
767 1075
767 1172
767 1487
767 1613
767 1831
768 1028
768 1175
768 1356
768 1396
768 1620
769 781
769 827
769 955
769 983
769 1299
769 1390
769 1522
769 1991
770 1191
770 1363
770 1542
770 1734
770 1798
771 806
771 1213
771 1523
771 1591
771 1724
771 1837
771 1851
772 1147
772 1466
772 1693
772 1953
773 1916
773 1940
774 778
774 1488
774 1664
774 1952
775 1057
775 1085
775 1521
775 1526
775 1560
775 1654
775 1713
776 852
776 878
776 1120
776 1387
776 1423
776 1430
776 1929
776 1936
777 1092
777 1550
777 1743
777 1880
777 1945
778 1148
778 1600
778 1856
779 875
779 1103
779 1343
779 1668
779 1821
780 883
780 1038
780 1574
780 1692
780 1851
780 1876
781 824
781 831
781 1207
781 1517
781 1804
782 872
782 962
783 984
783 1327
783 1406
783 1656
783 2000
784 1114
784 1136
784 1924
784 1989
785 879
785 916
785 1777
785 1779
785 1896
785 1962
786 813
786 828
786 961
786 1013
786 1180
786 1398
787 816
787 1190
787 1523
787 1557
787 1636
788 834
788 1015
788 1090
788 1413
789 798
789 1102
789 1357
789 1546
789 1712
789 1923
790 918
790 1157
790 1337
790 1568
790 1592
790 1697
790 1711
790 1758
790 1944
791 1361
791 1525
791 1560
791 1614
791 1653
792 1305
792 1609
792 1707
793 971
793 1987
794 845
794 934
794 1009
794 1122
794 1927
795 1352
795 1373
795 1401
795 1475
795 1484
795 1713
795 1951
796 797
796 829
796 894
796 1136
796 1632
796 1696
797 1016
797 1024
797 1361
797 1463
797 1801
797 1983
798 895
798 1024
799 994
799 1107
799 1177
799 1462
799 1555
799 1620
800 996
800 1208
800 1431
801 834
801 1543
801 1728
801 1926
801 1939
802 1087
802 1676
802 1895
802 1954
803 822
803 975
803 1173
803 1320
803 1426
803 1614
803 1975
804 822
804 1901
805 1364
805 1695
805 1859
805 1895
806 874
806 1360
806 1508
806 1726
807 1071
807 1386
807 1435
807 1689
807 1888
808 1064
808 1299
808 1314
808 1534
809 815
809 1008
809 1096
809 1555
809 1607
809 1623
810 1062
810 1087
810 1798
810 1868
811 843
811 848
811 871
811 1186
811 1320
811 1813
812 934
812 1064
812 1213
812 1338
812 1473
813 823
813 905
813 1229
813 1453
813 1459
813 1558
813 1575
813 1669
814 831
814 988
814 1037
814 1511
814 1935
814 1961
815 1175
815 1226
815 1332
815 1343
815 1469
815 1952
816 1107
816 1121
816 1151
816 1388
816 1559
816 1879
817 957
817 959
817 1122
817 1251
817 1558
818 847
818 961
818 1565
818 1635
818 1812
818 1990
819 849
819 1412
819 1477
819 1689
820 851
820 1493
820 1811
821 923
821 1075
821 1232
821 1565
821 1908
821 1922
822 1747
822 1832
822 1932
823 919
823 1098
823 1395
823 1565
823 1577
823 1607
823 1703
824 1741
824 1947
825 1071
825 1172
825 1209
825 1836
826 1598
826 1737
826 1963
827 884
827 1309
827 1417
827 1544
827 1622
827 1740
827 1996
828 914
828 1076
828 1337
828 1558
828 1701
829 1114
829 1282
829 1483
829 1654
829 1999
830 847
830 929
830 1124
830 1590
830 1791
831 1374
832 881
832 1280
832 1492
832 1564
832 1748
832 1937
832 1984
833 894
833 960
833 1061
833 1221
833 1357
833 1367
833 1487
834 1478
835 1610
836 1198
836 1266
836 1472
836 1691
837 1234
837 1256
837 1718
837 1781
837 1963
838 839
838 1229
838 1541
838 1686
838 1827
838 1928
839 861
839 995
839 1371
839 1464
839 1540
839 1835
840 1437
840 1531
841 1007
841 1145
841 1551
841 1645
841 1737
841 1803
842 1046
842 1170
842 1171
842 1266
842 1542
842 1627
843 947
843 1387
843 1541
843 1683
843 1792
844 886
844 932
844 1291
844 1502
844 1695
844 1709
844 1830
845 951
845 1659
845 1711
845 1866
846 905
847 1194
847 1516
847 1690
847 1840
849 1094
849 1362
849 1414
849 1585
849 1913
850 947
850 1158
850 1288
850 1323
850 1388
850 1475
851 1143
851 1285
851 1544
851 1547
852 1103
852 1199
852 1367
852 1497
852 1691
853 942
853 965
853 1083
853 1579
853 1617
853 1696
853 1743
853 1834
853 1869
853 1886
853 1894
854 887
855 980
855 1865
856 1661
857 965
857 1459
857 1880
859 1084
859 1151
859 1321
859 1609
859 1641
860 1170
860 1261
860 1407
860 1543
860 1613
860 1797
861 1031
861 1648
862 874
862 996
862 1368
862 1497
862 1838
862 1932
863 1023
863 1076
863 1237
863 1418
863 1660
863 1690
863 1957
864 996
864 1205
864 1220
864 1481
865 975
865 1073
865 1447
865 1772
865 1932
865 1943
865 1965
866 1074
866 1142
866 1997
867 1351
867 1914
868 869
868 886
868 1143
868 1296
868 1584
868 1810
868 1999
869 1167
869 1181
869 1776
870 1862
872 1016
872 1595
873 1649
873 1818
874 1003
874 1445
874 1614
875 1151
875 1417
875 1600
875 1634
875 1855
876 1175
876 1266
876 1361
876 1747
876 1759
877 1012
877 1157
877 1182
877 1478
877 1580
877 1586
877 1706
877 1734
877 1818
878 1514
878 1863
879 1306
879 1427
879 1453
879 1739
879 1988
880 1052
880 1381
880 1454
880 1521
880 1646
880 1870
881 888
881 927
881 1127
881 1380
881 1471
881 1573
882 1057
882 1527
883 1061
883 1174
883 1323
883 1583
883 1637
883 1729
884 1079
884 1307
884 1402
884 1635
884 1870
885 1000
885 1191
885 1356
885 1750
885 1797
885 1906
886 1277
886 1396
886 1422
886 1509
886 1854
886 1886
887 1037
887 1610
887 1711
887 1771
888 1522
888 1558
888 1654
888 1901
889 902
889 1080
889 1241
890 1028
890 1036
890 1150
890 1355
890 1497
890 1623
890 1670
891 983
891 1053
891 1183
891 1421
891 1522
891 1680
891 1730
891 1744
891 1936
892 1232
892 1301
892 1482
893 978
893 1072
893 1182
893 1481
893 1584
893 1644
894 1493
894 1638
894 1655
894 1773
894 1849
894 1961
895 961
895 1486
895 1491
895 1618
896 1472
896 1930
897 939
897 1085
897 1523
898 1097
898 1459
898 1712
898 1826
899 1251
899 1493
899 1577
899 1620
900 1126
900 1178
900 1270
900 1338
900 1856
900 1962
901 1225
901 1346
901 1529
901 1859
901 1969
902 929
902 1203
902 1287
902 1436
902 1448
902 1838
903 1182
903 1710
904 1107
904 1752
904 1812
904 1815
905 1038
905 1343
905 1345
905 1366
906 939
906 1598
906 1607
906 1701
906 1981
907 943
907 1002
907 1450
907 1462
907 1481
907 1699
908 1090
908 1164
908 1211
908 1331
908 1508
908 1843
908 1895
909 949
909 1707
909 1962
910 1054
910 1172
910 1252
910 1348
910 1478
910 1961
911 1059
911 1419
911 1521
911 1848
911 1980
912 1001
912 1479
912 1720
912 1876
913 1073
913 1235
913 1542
913 1910
913 1974
914 1145
914 1172
914 1303
914 1570
914 1599
914 1685
915 1152
915 1631
915 1750
916 1248
916 1252
916 1675
916 1765
916 1797
916 1908
917 1245
917 1991
918 1008
918 1163
918 1353
918 1400
918 1719
919 1058
919 1119
919 1615
919 1696
919 1858
919 1960
920 1088
920 1120
920 1190
920 1232
920 1248
920 1501
920 1505
921 1018
921 1240
921 1269
921 1519
921 1579
921 1600
921 1904
922 1200
922 1250
923 1074
923 1897
924 1204
924 1380
924 1522
925 1518
925 1593
925 1667
925 1733
926 1050
926 1155
926 1251
926 1432
926 1448
926 1450
926 1588
926 1685
926 1746
926 1923
927 1061
927 1129
927 1139
927 1260
927 1795
927 1890
928 1052
928 1127
928 1595
929 1052
929 1141
929 1201
929 1234
929 1545
930 949
930 1032
930 1319
930 1592
930 1674
930 1698
930 1966
930 1990
931 1272
931 1720
931 1976
932 999
932 1025
932 1038
932 1093
932 1144
932 1230
932 1455
932 1723
932 1961
932 1971
933 1098
933 1112
933 1292
933 1800
934 1305
934 1652
934 1944
935 997
935 1859
936 946
936 1591
937 1400
937 1727
938 1520
939 965
939 1239
939 1863
939 1967
940 941
940 1021
940 1090
940 1142
940 1531
940 1699
940 1894
940 1905
941 1299
941 1488
941 1711
942 1808
942 1962
943 1424
943 1451
943 1466
943 1614
943 1916
944 1091
944 1220
944 1469
944 1879
944 1951
945 1405
945 1574
946 1056
946 1145
946 1396
947 1331
947 1788
948 964
948 985
949 1102
949 1646
949 1777
950 1032
950 1083
950 1261
950 1518
950 1623
950 1736
951 1730
951 1858
951 1983
952 1502
953 1171
953 1507
953 1844
953 1873
954 1508
954 1549
955 1145
955 1387
955 1773
956 1790
957 990
957 1012
957 1201
957 1827
958 1190
958 1354
958 1619
958 1773
958 1974
959 971
959 1196
959 1351
959 1588
959 1649
959 1873
959 1990
960 1005
960 1025
960 1836
960 1859
961 1630
962 970
962 1299
962 1533
962 1659
963 964
963 1904
964 967
964 1128
964 1415
964 1545
964 1946
965 1030
965 1249
965 1742
965 1868
966 1115
966 1650
966 1670
966 1798
966 1823
966 1963
967 1021
967 1437
967 1504
967 1534
967 1692
967 1973
968 1018
968 1161
968 1452
968 1708
968 1778
968 1791
968 1917
968 2000
969 995
969 1833
970 1397
970 1425
970 1609
970 1866
971 1242
971 1539
971 1637
972 1026
972 1080
972 1106
972 1112
972 1634
972 1643
972 1788
972 1884
972 1976
973 976
973 1205
973 1410
973 1791
974 988
974 1298
974 1901
975 1092
975 1165
975 1344
975 1693
976 1241
976 1268
976 1481
976 1922
977 1339
977 1724
978 1836
978 1856
978 1938
979 1060
979 1104
979 1147
979 1638
979 1646
979 1668
979 1686
979 1879
980 1033
980 1154
980 1305
980 1551
980 1553
980 1665
981 1074
981 1148
981 1335
981 1522
981 1697
982 1317
982 1371
982 1695
983 1047
983 1247
983 1460
983 1572
983 1801
983 1992
984 1053
984 1477
984 1537
984 1681
984 1798
985 1528
985 1599
985 1607
985 1885
986 1005
986 1111
986 1395
986 1417
986 1656
987 988
987 1075
987 1088
987 1190
987 1498
987 1711
987 1784
988 1199
988 1407
988 1432
988 1907
989 1033
989 1223
989 1825
990 1025
991 1177
991 1390
991 1473
991 1502
992 1308
992 1664
993 1028
993 1853
993 1940
994 1040
994 1083
994 1225
994 1253
994 1266
994 1268
994 1440
994 1563
994 1768
995 1250
995 1434
996 1068
996 1108
996 1353
996 1660
996 1683
996 1692
996 1908
997 1151
997 1292
997 1615
997 1691
997 1787
997 1839
998 1187
998 1304
998 1538
998 1566
999 1435
999 1480
999 1728
999 1865
999 1965
1000 1745
1001 1492
1001 1504
1001 1653
1001 1666
1001 1826
1001 1979
1002 1771
1003 1424
1003 1788
1004 1087
1004 1323
1004 1334
1004 1955
1005 1675
1005 1934
1006 1457
1006 1762
1007 1167
1007 1252
1007 1556
1007 1583
1008 1321
1008 1324
1008 1422
1008 1490
1009 1183
1009 1314
1009 1586
1010 1389
1010 1647
1010 1684
1010 1802
1010 1933
1011 1180
1011 1631
1012 1021
1014 1062
1014 1367
1014 1394
1015 1692
1015 1910
1015 1913
1016 1255
1016 1331
1016 1477
1017 1144
1017 1271
1017 1371
1017 1514
1017 1959
1018 1069
1018 1878
1018 1957
1019 1219
1019 1543
1019 1701
1020 1427
1020 1575
1020 1857
1021 1134
1021 1640
1021 1816
1022 1230
1023 1351
1023 1608
1023 1747
1024 1382
1024 1531
1024 1629
1024 1661
1024 1724
1024 1855
1025 1195
1025 1249
1025 1258
1025 1381
1025 1403
1025 1514
1026 1105
1026 1399
1026 1555
1026 1574
1026 1670
1026 1722
1026 1809
1026 1922
1026 1951
1027 1534
1027 1596
1027 1708
1027 1757
1027 1765
1029 1048
1029 1059
1029 1345
1029 1365
1029 1553
1029 1925
1030 1066
1030 1125
1030 1623
1030 1844
1031 1041
1031 1242
1031 1269
1031 1489
1031 1547
1031 1562
1031 1642
1032 1037
1032 1187
1032 1859
1032 1940
1032 1968
1033 1392
1034 1481
1034 1501
1034 1731
1034 1860
1034 1926
1035 1795
1035 1866
1035 1941
1036 1297
1036 1748
1036 1887
1036 1977
1037 1089
1037 1295
1037 1868
1037 1939
1038 1970
1039 1092
1039 1945
1040 1271
1040 1332
1040 1344
1040 1694
1041 1312
1042 1113
1042 1241
1042 1393
1042 1518
1042 1807
1043 1177
1043 1212
1043 1428
1043 1448
1043 1796
1043 1942
1044 1702
1045 1117
1045 1335
1045 1650
1046 1475
1046 1649
1046 1742
1046 1768
1046 1961
1047 1643
1047 1748
1047 1766
1047 1767
1048 1140
1048 1180
1048 1384
1048 1462
1048 1487
1048 1895
1048 1899
1049 1618
1049 1768
1050 1402
1050 1967
1050 1976
1051 1220
1051 1320
1051 1330
1051 1334
1051 1365
1051 1899
1051 1901
1052 1123
1052 1124
1052 1149
1052 1380
1052 1398
1052 1462
1052 1828
1053 1343
1053 1762
1053 1794
1054 1292
1055 1149
1055 1157
1055 1243
1055 1309
1055 1552
1055 1643
1055 1915
1055 1976
1056 1839
1056 1981
1058 1123
1058 1425
1058 1762
1059 1270
1059 1368
1059 1510
1059 1970
1060 1279
1060 1557
1060 1740
1060 1887
1060 1959
1061 1133
1061 1339
1061 1446
1062 1291
1062 1633
1062 1634
1063 1417
1063 1425
1063 1603
1064 1100
1064 1181
1064 1532
1064 1605
1065 1748
1065 1879
1065 1916
1065 1940
1066 1205
1066 1602
1066 1797
1067 1121
1067 1229
1068 1240
1068 1975
1069 1138
1069 1273
1069 1365
1069 1393
1069 1495
1069 1682
1070 1545
1070 1661
1071 1212
1071 1214
1071 1253
1071 1539
1071 1597
1072 1367
1072 1427
1072 1582
1072 1745
1073 1306
1073 1398
1073 1401
1073 1492
1073 1544
1073 1602
1073 1868
1074 1086
1074 1301
1074 1636
1074 1933
1075 1663
1076 1429
1076 1774
1076 1791
1076 1841
1077 1120
1077 1278
1077 1385
1077 1761
1078 1266
1079 1252
1079 1354
1079 1672
1080 1114
1080 1465
1080 1939
1081 1189
1081 1263
1081 1322
1082 1110
1082 1463
1082 1507
1082 1764
1082 1863
1083 1103
1083 1135
1083 1864
1084 1125
1084 1198
1084 1261
1084 1853
1084 1919
1085 1338
1085 1846
1085 1892
1086 1301
1086 1466
1086 1644
1087 1144
1087 1213
1087 1286
1087 1443
1087 1531
1088 1103
1088 1334
1088 1415
1088 1533
1088 1842
1089 1195
1089 1554
1089 1650
1089 1745
1089 1782
1089 1796
1089 1834
1090 1160
1090 1255
1090 1325
1090 1332
1091 1103
1091 1117
1091 1340
1091 1589
1091 1745
1091 1778
1091 1835
1091 1965
1092 1175
1092 1349
1093 1535
1093 1616
1093 1796
1093 1942
1094 1282
1094 1977
1095 1231
1095 1587
1096 1364
1096 1618
1096 1893
1097 1262
1097 1515
1097 1922
1098 1327
1098 1335
1098 1367
1098 1615
1099 1478
1099 1679
1100 1167
1100 1180
1100 1968
1101 1366
1101 1611
1101 1704
1101 1771
1101 1912
1101 1964
1102 1324
1102 1405
1102 1590
1102 1752
1102 1834
1104 1497
1105 1701
1105 1760
1106 1355
1106 1394
1106 1522
1106 1909
1107 1247
1107 1314
1107 1326
1108 1416
1108 1766
1109 1935
1109 1945
1109 1963
1110 1216
1110 1734
1110 1896
1111 1484
1111 1526
1111 1626
1111 1972
1112 1146
1112 1195
1112 1401
1112 1483
1113 1264
1113 1958
1114 1284
1114 1657
1114 1662
1114 1685
1114 1765
1114 1841
1114 1996
1115 1216
1115 1600
1116 1386
1116 1393
1116 1434
1117 1268
1117 1284
1117 1688
1118 1684
1119 1811
1119 1827
1119 1886
1120 1787
1120 1875
1120 1930
1121 1246
1121 1403
1121 1508
1121 1547
1121 1614
1121 1732
1122 1224
1122 1273
1122 1572
1122 1627
1122 1677
1123 1344
1123 1465
1123 1479
1123 1482
1124 1343
1125 1277
1125 1297
1125 1619
1125 1660
1125 1920
1126 1389
1126 1428
1127 1936
1128 1213
1129 1178
1129 1243
1129 1378
1130 1254
1130 1364
1130 1473
1130 1535
1130 1662
1131 1444
1131 1468
1131 1626
1131 1866
1131 1997
1132 1304
1132 1960
1133 1958
1134 1779
1134 1925
1135 1295
1135 1813
1136 1330
1136 1421
1136 1440
1136 1778
1137 1387
1137 1505
1139 1196
1139 1891
1139 1931
1140 1171
1140 1891
1141 1412
1141 1574
1141 1681
1141 1772
1141 1971
1142 1209
1142 1440
1142 1481
1142 1550
1142 1584
1143 1169
1143 1203
1143 1217
1143 1406
1143 1806
1144 1270
1144 1470
1144 1696
1144 1819
1144 1988
1144 1997
1145 1345
1145 1679
1145 1771
1145 1812
1145 1822
1146 1153
1146 1418
1146 1469
1146 1668
1146 1781
1147 1266
1147 1449
1147 1593
1147 1889
1148 1231
1148 1717
1149 1491
1149 1576
1149 1585
1150 1174
1150 1197
1150 1332
1150 1982
1152 1320
1152 1753
1153 1244
1153 1283
1153 1346
1153 1454
1153 1588
1154 1173
1154 1424
1154 1553
1154 1987
1155 1343
1155 1695
1155 1801
1156 1431
1156 1787
1156 1842
1157 1406
1158 1640
1158 1714
1159 1231
1159 1392
1159 1486
1159 1548
1159 1744
1159 1836
1160 1607
1161 1389
1161 1506
1161 1641
1162 1188
1162 1204
1162 1329
1162 1410
1162 1487
1162 1684
1162 1834
1162 1891
1163 1730
1163 1892
1164 1291
1164 1427
1164 1431
1164 1594
1165 1317
1165 1560
1166 1331
1166 1343
1167 1230
1167 1314
1167 1328
1167 1616
1167 1861
1167 1887
1168 1521
1168 1629
1168 1757
1168 1855
1168 1862
1168 1874
1169 1278
1169 1427
1169 1436
1169 1718
1170 1489
1170 1583
1171 1451
1171 1866
1172 1291
1172 1420
1172 1492
1172 1575
1172 1661
1172 1745
1172 1923
1172 1974
1173 1248
1173 1260
1173 1561
1174 1289
1174 1291
1174 1332
1174 1403
1175 1300
1175 1750
1175 1944
1175 1949
1175 1989
1176 1911
1176 1944
1177 1635
1177 1692
1177 1744
1177 1777
1178 1217
1178 1665
1178 1707
1178 1708
1178 1728
1178 1747
1178 1775
1179 1415
1179 1564
1179 1669
1180 1624
1181 1196
1181 1254
1181 1899
1181 1920
1183 1273
1183 1479
1183 1888
1184 1366
1184 1375
1184 1805
1184 1858
1185 1515
1185 1607
1185 1817
1186 1950
1186 1959
1186 1970
1187 1278
1187 1453
1187 1702
1188 1600
1190 1833
1191 1960
1192 1240
1192 1336
1192 1705
1192 1858
1193 1354
1193 1371
1194 1216
1194 1287
1194 1406
1194 1669
1194 1811
1195 1464
1195 1621
1195 1690
1196 1213
1197 1685
1197 1817
1197 1939
1197 1959
1198 1459
1198 1578
1198 1641
1199 1250
1199 1316
1199 1658
1199 1727
1199 1792
1199 1803
1199 1964
1200 1443
1200 1586
1201 1311
1201 1994
1202 1492
1202 1637
1203 1434
1203 1561
1203 1594
1203 1624
1203 1706
1203 1803
1203 1974
1204 1224
1204 1560
1204 1693
1205 1295
1205 1748
1206 1308
1206 1451
1206 1616
1206 1660
1206 1975
1207 1257
1207 1541
1208 1281
1208 1340
1208 1871
1209 1474
1209 1844
1210 1489
1210 1525
1210 1706
1210 1945
1211 1854
1212 1635
1212 1798
1213 1330
1213 1484
1213 1507
1213 1808
1213 1826
1214 1620
1214 1650
1215 1348
1215 1354
1215 1508
1216 1373
1216 1389
1216 1393
1216 1698
1216 1785
1217 1355
1217 1815
1217 1900
1218 1378
1218 1384
1219 1572
1219 1726
1220 1343
1220 1781
1220 1994
1221 1447
1221 1640
1221 1915
1221 1967
1222 1315
1222 1486
1222 1644
1222 1906
1223 1555
1223 1930
1223 1936
1224 1350
1224 1446
1224 1856
1224 1893
1224 1926
1225 1403
1225 1531
1225 1741
1226 1325
1226 1593
1226 1614
1226 1648
1226 1834
1227 1381
1227 1445
1227 1627
1227 1958
1228 1292
1228 1440
1228 1632
1228 1826
1230 1550
1230 1630
1230 1680
1230 1696
1231 1594
1231 1771
1231 1772
1231 1880
1231 1946
1231 1994
1232 1284
1232 1709
1232 1902
1233 1402
1235 1267
1235 1289
1235 1689
1235 1740
1235 1915
1235 1937
1236 1635
1236 1643
1236 1812
1236 1899
1236 1980
1237 1601
1237 1819
1237 1880
1237 1890
1237 1915
1238 1312
1238 1551
1238 1591
1238 1593
1238 1750
1238 1785
1239 1284
1239 1442
1240 1307
1240 1312
1240 1501
1240 1648
1240 1686
1240 1712
1240 1729
1240 1845
1241 1379
1241 1381
1242 1906
1242 1977
1243 1714
1244 1262
1244 1278
1244 1279
1244 1600
1244 1883
1244 1932
1244 1940
1245 1429
1245 1445
1245 1713
1247 1287
1247 1829
1247 1919
1247 1945
1248 1652
1249 1311
1249 1333
1249 1470
1249 1510
1249 1511
1249 1837
1250 1306
1250 1697
1250 1896
1251 1917
1252 1260
1252 1315
1252 1609
1253 1632
1254 1619
1254 1751
1254 1776
1254 1872
1256 1298
1256 1726
1256 1852
1257 1305
1257 1428
1257 1551
1257 1773
1257 1805
1258 1882
1259 1711
1260 1995
1261 1405
1261 1577
1261 1731
1262 1398
1262 1473
1262 1871
1262 1899
1263 1440
1263 1583
1263 1946
1263 1962
1264 1723
1265 1331
1265 1554
1265 1993
1266 1345
1266 1392
1266 1433
1266 1479
1267 1349
1267 1350
1267 1598
1267 1867
1267 1875
1268 1338
1268 1836
1269 1468
1269 1772
1270 1434
1270 1837
1270 1891
1271 1667
1272 1339
1272 1518
1272 1579
1273 1366
1273 1516
1273 1659
1274 1785
1275 1324
1275 1707
1275 1712
1275 1803
1276 1645
1276 1930
1277 1397
1278 1363
1278 1661
1278 1855
1279 1581
1279 1713
1279 1786
1280 1398
1280 1785
1280 1880
1280 1940
1281 1665
1281 1821
1284 1350
1284 1791
1284 1852
1285 1551
1285 1713
1286 1328
1286 1415
1286 1428
1286 1569
1287 1458
1287 1738
1288 1734
1289 1541
1290 1361
1291 1394
1291 1721
1291 1870
1292 1427
1292 1537
1292 1611
1292 1777
1292 1804
1293 1376
1293 1384
1293 1620
1293 1733
1293 1796
1294 1515
1294 1712
1294 1794
1294 1936
1295 1379
1295 1953
1296 1350
1296 1425
1297 1399
1297 1418
1298 1937
1298 1975
1299 1327
1299 1392
1299 1513
1299 1932
1300 1385
1300 1397
1300 1557
1300 1728
1301 1732
1301 1782
1301 1923
1301 1993
1302 1372
1302 1538
1303 1654
1303 1764
1304 1484
1304 1951
1305 1473
1305 1772
1306 1584
1306 1681
1307 1552
1308 1384
1308 1587
1308 1748
1309 1532
1309 1678
1310 1365
1310 1461
1310 1697
1311 1685
1311 1880
1311 1912
1311 1921
1311 1971
1312 1481
1312 1934
1313 1330
1313 1546
1313 1565
1314 1447
1314 1487
1314 1800
1314 1972
1316 1401
1316 1435
1316 1496
1316 1693
1316 1783
1317 1430
1317 1603
1317 1710
1317 1764
1318 1476
1318 1922
1319 1439
1320 1713
1321 1692
1322 1407
1322 1505
1323 1630
1323 1874
1324 1353
1324 1458
1324 1639
1325 1415
1325 1905
1326 1640
1326 1672
1326 1733
1326 1833
1327 1532
1327 1671
1327 1769
1328 1400
1328 1429
1328 1799
1329 1786
1329 1797
1329 1943
1330 1362
1330 1494
1330 1577
1330 1742
1330 1774
1330 1837
1331 1615
1332 1338
1332 1410
1332 1454
1332 1680
1332 1902
1332 1983
1334 1406
1334 1481
1334 1579
1334 1675
1334 1783
1335 1683
1336 1446
1336 1725
1337 1578
1337 1610
1337 1617
1337 1755
1337 1887
1337 1889
1338 1593
1339 1433
1339 1443
1339 1465
1339 1592
1339 1622
1340 1749
1340 1931
1341 1834
1341 1860
1341 1873
1341 1879
1341 1880
1341 2000
1342 1384
1342 1409
1342 1460
1342 1826
1343 1424
1345 1439
1345 1570
1345 1634
1346 1527
1346 1529
1346 1531
1346 1705
1346 1794
1346 1988
1347 1536
1347 1871
1348 1411
1348 1466
1348 1652
1348 1741
1348 1778
1348 1990
1349 1968
1349 1982
1350 1402
1350 1971
1351 1860
1351 1976
1352 1624
1352 1682
1353 1511
1353 1533
1353 1716
1353 1857
1353 1999
1354 1362
1354 1509
1354 1761
1354 1939
1355 1448
1355 1959
1356 1802
1357 1776
1358 1628
1358 1808
1360 1629
1360 1711
1360 1727
1361 1504
1361 1778
1361 1792
1362 1674
1362 1713
1363 1821
1363 1920
1365 1725
1365 1829
1365 1921
1366 1418
1366 1469
1366 1481
1366 1646
1366 1743
1367 1472
1367 1711
1367 1893
1367 1904
1367 1984
1368 1494
1368 1752
1368 1880
1369 1505
1369 1596
1370 1385
1370 1452
1370 1604
1370 1612
1370 1660
1370 1912
1370 1927
1371 1711
1372 1373
1372 1384
1372 1444
1372 1605
1372 1720
1373 1429
1373 1559
1373 1687
1373 1818
1373 1846
1374 1446
1374 1670
1374 1768
1374 1940
1375 1740
1375 1875
1375 1953
1375 1955
1375 1997
1376 1377
1376 1467
1376 1604
1376 1674
1376 1707
1377 1668
1377 1762
1379 1737
1380 1734
1380 1772
1380 1945
1381 1418
1381 1477
1381 1522
1381 1560
1382 1589
1382 1668
1382 1754
1382 1954
1383 1391
1383 1784
1383 1995
1384 1502
1384 1572
1384 1680
1384 1685
1385 1490
1386 1823
1386 1916
1387 1408
1387 1465
1388 1745
1389 1513
1389 1661
1389 1798
1389 1927
1390 1464
1390 1543
1390 1610
1390 1650
1390 1817
1391 1430
1391 1639
1391 1682
1391 1897
1392 1818
1394 1511
1394 1712
1394 1816
1394 1969
1396 1511
1396 1539
1397 1497
1397 1535
1397 1577
1397 1738
1397 1911
1398 1433
1398 1871
1399 1604
1399 1834
1400 1496
1401 1591
1401 1627
1401 1738
1402 1617
1402 1618
1402 1844
1402 1949
1403 1425
1403 1444
1403 1608
1403 1878
1403 1978
1404 1577
1404 1630
1404 1712
1405 1635
1405 1711
1406 1575
1406 1741
1407 1828
1408 1424
1408 1783
1409 1523
1409 1946
1410 1595
1410 1821
1411 1628
1411 1825
1411 1993
1412 1444
1412 1539
1412 1869
1412 1974
1415 1923
1416 1638
1417 1926
1418 1614
1418 1905
1419 1529
1419 1807
1420 1446
1420 1537
1421 1663
1422 1439
1422 1468
1422 1523
1422 1605
1422 1781
1422 1796
1422 1798
1422 1881
1423 1475
1423 1514
1423 1734
1424 1667
1424 1835
1424 1853
1425 1598
1425 1937
1427 1471
1427 1537
1427 1757
1427 1770
1428 1838
1429 1556
1429 1713
1429 1815
1430 1873
1431 1447
1431 1462
1431 1842
1432 1711
1435 1507
1436 1557
1436 1617
1436 1676
1436 1874
1436 1892
1437 1794
1437 1833
1438 1464
1438 1555
1438 1606
1438 1811
1439 1771
1440 1497
1441 1631
1441 1657
1441 1982
1442 1622
1442 1764
1442 1972
1442 1981
1443 1788
1443 1820
1443 1936
1443 1968
1444 1477
1444 1535
1444 1839
1444 1893
1444 1955
1446 1759
1447 1454
1447 1616
1447 1834
1447 1980
1449 1527
1449 1641
1450 1723
1451 1764
1452 1957
1453 1510
1453 1788
1453 1815
1453 1870
1455 1468
1455 1588
1455 1840
1455 1989
1456 1817
1456 1993
1457 1858
1458 1504
1459 1678
1459 1680
1460 1563
1460 1773
1460 1866
1461 1726
1461 1860
1462 1557
1462 1972
1463 1547
1463 1918
1464 1594
1464 1675
1464 1748
1464 2000
1466 1574
1466 1749
1466 1803
1467 1608
1467 1637
1468 1632
1469 1676
1470 1814
1471 1480
1471 1562
1471 1596
1471 1855
1472 1693
1472 1828
1473 1698
1474 1582
1474 1622
1474 1984
1475 1722
1477 1601
1477 1633
1477 1829
1479 1667
1480 1589
1481 1924
1481 1981
1482 1618
1482 1687
1482 1818
1483 1529
1483 1653
1483 1835
1483 1999
1484 1613
1484 1928
1485 1583
1485 1625
1485 1682
1485 1794
1485 1843
1485 1880
1485 1986
1486 1837
1486 1987
1487 1577
1487 1733
1489 1937
1490 1553
1491 1607
1491 1635
1491 1673
1491 1978
1492 1716
1494 1700
1494 1767
1494 1802
1495 1505
1495 1563
1496 1695
1496 1734
1496 1758
1497 1527
1497 1601
1498 1946
1500 1590
1500 1760
1502 1808
1502 1813
1502 1858
1503 1969
1504 1872
1504 1912
1505 1524
1505 1532
1505 1937
1505 1962
1506 1520
1507 1522
1507 1743
1507 1862
1507 1868
1508 1605
1508 1899
1509 1720
1509 1721
1509 1955
1510 1876
1513 1619
1514 1657
1514 1762
1514 1865
1514 2000
1515 1730
1515 1756
1515 1768
1516 1705
1516 1711
1516 1733
1517 1731
1517 1864
1519 1719
1521 1592
1521 1858
1521 1889
1521 1994
1522 1524
1522 1650
1523 1734
1523 1979
1524 1632
1524 1901
1525 1667
1525 1677
1525 1954
1525 1961
1526 1794
1526 1918
1529 1562
1529 1607
1529 1955
1530 1899
1531 1824
1532 1839
1533 1766
1533 1895
1533 1958
1533 1967
1534 1562
1534 1764
1535 1567
1535 1716
1536 1999
1537 1550
1537 1942
1538 1613
1538 1687
1538 1730
1538 1946
1539 1549
1539 1911
1539 1980
1540 1983
1541 1579
1542 1779
1543 1645
1543 1964
1545 1566
1545 1721
1547 1599
1548 1991
1549 1573
1549 1759
1549 1800
1549 1834
1549 1934
1550 1736
1552 1983
1557 1830
1557 1993
1558 1858
1558 1866
1558 1900
1560 1794
1560 1824
1560 1957
1561 1693
1561 1720
1561 1722
1561 1771
1562 1576
1562 1643
1562 1676
1562 1830
1563 1570
1563 1649
1563 1718
1563 1894
1565 1637
1566 1675
1567 1654
1568 1806
1568 1935
1569 1772
1569 1974
1572 1874
1572 1947
1573 1843
1575 1659
1576 1649
1576 1662
1578 1822
1578 1827
1579 1597
1579 1654
1580 1881
1581 1697
1581 1846
1582 1649
1583 1928
1584 1928
1585 1723
1585 1780
1585 1948
1586 1782
1586 1974
1589 1766
1589 1772
1590 1782
1592 1606
1593 1854
1594 1735
1594 1970
1595 1688
1595 1758
1595 1851
1595 1908
1595 1930
1597 1763
1597 1858
1597 1912
1597 1966
1598 1678
1599 1850
1599 1887
1601 1861
1601 1907
1602 1988
1604 1652
1604 1721
1604 1761
1605 1914
1606 1873
1606 1899
1607 1701
1607 1965
1608 1913
1608 1959
1610 1678
1610 1724
1611 1773
1611 1792
1611 1918
1612 1614
1612 1681
1612 1728
1612 1812
1613 1618
1613 1879
1614 1629
1614 1879
1615 1741
1615 1753
1615 1909
1616 1773
1616 1989
1617 1774
1617 1913
1619 1835
1619 1963
1620 1635
1620 1867
1622 1623
1624 1672
1625 1694
1625 1812
1625 1957
1625 1984
1626 1827
1627 1639
1627 1721
1628 1791
1628 1993
1629 1971
1630 1816
1630 1871
1630 1969
1631 1775
1631 1803
1631 1841
1632 1784
1632 1936
1632 1989
1633 1645
1633 1675
1633 1863
1633 1974
1634 1704
1634 1867
1636 1921
1637 1786
1637 1931
1638 1967
1640 1900
1641 1951
1644 1820
1645 1713
1646 1746
1647 1843
1648 1683
1648 1817
1648 1841
1649 1706
1649 1960
1650 1901
1651 1876
1653 1683
1655 1689
1657 1698
1657 1702
1657 1715
1659 1872
1661 1676
1661 1680
1661 1948
1663 1726
1663 1868
1663 1934
1664 1673
1664 1767
1665 1749
1665 1762
1666 1978
1668 1739
1671 1754
1671 1881
1671 1949
1673 1793
1673 1841
1673 1874
1674 1904
1676 1800
1676 1917
1678 1827
1678 1836
1679 1932
1679 1989
1680 1732
1681 1740
1681 1844
1682 1728
1683 1787
1683 1858
1683 1881
1684 1688
1684 1988
1685 1785
1685 1856
1685 1885
1686 1817
1687 1772
1687 1792
1688 1727
1689 1701
1689 1813
1690 1705
1691 1912
1691 1989
1693 1714
1693 1752
1694 1985
1695 1943
1695 1959
1696 1716
1697 1913
1697 1943
1699 1713
1699 1755
1700 1849
1701 1711
1701 1712
1701 1767
1701 1810
1702 1784
1702 1923
1704 1712
1704 1729
1705 1922
1706 1881
1709 1728
1709 1750
1709 1782
1709 1965
1710 1732
1711 1802
1712 1790
1712 1801
1714 1748
1714 1886
1715 1768
1715 1819
1715 1933
1717 1785
1718 1978
1719 1794
1719 1833
1719 1886
1720 1847
1720 1913
1720 2000
1721 1871
1721 1904
1723 1861
1723 1928
1724 1822
1724 1990
1724 1998
1726 1915
1727 1749
1727 1930
1729 1824
1730 1844
1730 1977
1731 1984
1732 1873
1732 1909
1734 1783
1735 1824
1735 1971
1737 1896
1738 1934
1739 1829
1741 1949
1742 1888
1743 1900
1744 1950
1746 1856
1746 1971
1747 1999
1749 1953
1750 1943
1751 1888
1752 1975
1753 1826
1756 1866
1756 1921
1757 1855
1758 1789
1758 1917
1760 1892
1760 1952
1765 1887
1767 1958
1768 1833
1768 1893
1769 1881
1771 1885
1771 1919
1773 1896
1773 1907
1773 1912
1773 1939
1773 1952
1775 1832
1776 1919
1778 1785
1778 1873
1778 1994
1779 1864
1779 1877
1779 1889
1779 1900
1780 1854
1780 1869
1784 1923
1787 1928
1788 1896
1789 1918
1789 1989
1793 1955
1796 1977
1797 1802
1798 1847
1800 1816
1801 1813
1804 1907
1805 1851
1806 1814
1806 1851
1808 1933
1808 1977
1810 1899
1811 1839
1812 1968
1813 1884
1820 1843
1821 1972
1822 1864
1822 1880
1823 1858
1825 1841
1826 1955
1826 1960
1826 1999
1828 1840
1828 1844
1829 1916
1831 1856
1831 1901
1833 1865
1834 1865
1836 1907
1838 1860
1839 1914
1841 1940
1843 1910
1845 1879
1848 1889
1849 1960
1851 1954
1855 1867
1856 1937
1857 1911
1862 1883
1865 1954
1867 1960
1869 1870
1870 1977
1876 1895
1885 1902
1885 1995
1886 1978
1888 1983
1895 1942
1900 1927
1905 1921
1906 1940
1909 1983
1910 2000
1915 1933
1915 1952
1916 1991
1920 1923
1931 1938
1934 1944
1934 1990
1935 1976
1945 1990
1951 1989
1963 1986
1969 1988
1970 1994