2000
1 111
1 179
1 239
1 397
1 475
1 500
1 707
1 775
1 1031
1 1141
1 1237
2 364
2 803
2 1122
2 1171
2 1468
2 1587
2 1752
2 1960
3 170
3 607
3 652
3 1986
4 284
4 313
4 415
4 650
4 859
4 1061
5 267
5 666
5 802
5 908
5 981
5 1037
5 1066
5 1305
5 1534
5 1822
6 41
6 257
6 762
6 925
6 1043
7 329
7 345
7 496
7 569
7 784
7 813
7 843
7 1327
7 1658
7 1682
7 1767
8 171
8 545
8 547
8 607
8 1067
8 1089
8 1295
8 1444
8 1528
8 1595
8 1750
9 78
9 92
9 567
9 877
9 1007
9 1159
9 1608
9 1645
9 1668
9 1920
10 86
10 197
10 438
10 785
10 821
10 846
10 980
10 1293
10 1422
10 1471
10 1540
10 1635
10 1795
11 303
11 352
11 359
11 482
11 610
11 615
11 661
11 1032
11 1577
11 1653
11 1916
12 157
12 170
12 593
12 762
12 827
12 927
12 952
12 1040
12 1060
12 1203
12 1718
12 1926
13 101
13 237
13 238
13 351
13 452
13 592
13 815
13 951
13 1143
13 1304
13 1526
13 1559
14 451
14 826
14 937
14 1033
14 1364
14 1947
15 128
15 1001
15 1027
15 1083
15 1112
15 1126
15 1924
16 38
16 87
16 168
16 370
16 385
16 566
16 685
16 798
16 810
16 1085
16 1362
16 1438
16 1504
17 249
17 288
17 386
17 426
17 896
17 971
17 1424
17 1533
17 1648
17 1652
18 415
18 852
18 941
18 998
18 1362
19 21
19 328
19 541
19 585
19 673
19 956
19 1948
20 90
20 272
20 284
20 843
20 991
20 1007
20 1124
20 1190
20 1223
20 1234
20 1579
20 1668
20 1669
21 68
21 78
21 94
21 126
21 442
21 457
21 666
21 748
21 821
21 832
21 1115
21 1620
21 1656
21 1816
22 450
22 566
22 779
22 815
22 839
22 901
22 1273
22 1971
23 311
23 889
23 1018
23 1196
23 1498
23 1705
24 191
24 460
24 766
24 836
24 1195
24 1234
24 1544
25 66
25 685
25 842
25 980
25 1905
26 36
26 52
26 150
26 1025
26 1077
26 1271
26 1416
26 1458
26 1876
27 251
27 276
27 368
27 527
27 812
27 840
27 970
27 1197
27 1232
27 1335
27 1527
28 344
28 681
28 689
28 1074
28 1126
28 1170
28 1224
28 1249
28 1324
28 1405
28 1561
29 246
29 677
29 694
29 1296
29 1579
29 1629
30 206
30 294
30 564
30 571
30 627
30 995
30 1204
30 1599
30 1940
30 1959
30 1982
31 52
31 233
31 549
31 588
31 651
31 697
31 959
31 961
31 1376
31 1452
31 1762
32 37
32 77
32 159
32 196
32 383
32 428
32 621
32 750
32 799
32 836
32 1052
32 1164
32 1239
32 1292
32 1640
32 1783
32 1859
33 142
33 580
33 1269
33 1295
33 1311
33 1440
33 1637
33 1806
33 1869
34 65
34 186
34 281
34 766
34 805
34 1085
34 1099
34 1180
35 204
35 304
35 628
35 760
35 937
35 1088
35 1373
35 1439
35 1691
35 1788
35 1987
36 266
36 292
36 386
36 441
36 449
36 1326
36 1367
36 1376
36 1981
37 95
37 250
37 350
37 383
37 560
37 776
37 854
37 1273
37 1543
37 1980
38 362
38 1401
38 1916
39 129
39 645
39 1015
39 1068
39 1400
39 1479
39 1683
39 1905
40 603
40 653
40 1089
40 1315
40 1513
40 1799
40 1892
41 60
41 132
41 167
41 215
41 402
41 439
41 478
41 519
41 659
41 713
41 808
41 841
41 1005
41 1125
41 1150
41 1312
41 1907
42 456
42 687
42 915
42 934
42 1147
42 1531
42 1572
42 1734
42 1930
42 1972
43 72
43 327
43 531
43 647
43 730
43 765
43 932
43 1149
43 1679
43 1941
43 1945
43 1964
44 225
44 531
44 789
44 824
44 991
44 1287
44 1523
44 1854
45 575
45 750
45 921
45 1373
46 113
46 215
46 845
46 893
46 1219
46 1956
47 112
47 494
47 636
47 891
47 950
47 956
47 974
47 1367
47 1579
47 1775
48 1061
48 1283
48 1651
48 1829
49 242
49 387
49 442
49 715
49 849
49 1453
49 1509
49 1523
49 1541
49 1566
50 613
50 690
50 740
50 834
50 940
50 958
50 1091
50 1269
50 1344
50 1378
50 1430
50 1613
50 1796
50 1869
50 1964
51 279
51 932
51 1217
51 1414
51 1591
51 1729
52 430
52 1106
52 1200
52 1693
52 1775
53 306
53 483
53 507
53 719
53 1213
53 1399
53 1598
53 1760
54 237
54 286
54 383
54 785
54 927
54 1152
54 1433
54 1497
54 1648
54 1792
55 97
55 202
55 286
55 529
55 610
55 612
55 960
55 1021
55 1304
55 1372
55 1620
55 1901
55 1990
56 241
56 326
56 970
56 1372
56 1387
56 1803
56 1936
56 1960
57 421
57 545
57 613
57 692
57 868
57 904
57 1664
57 1790
57 1999
58 135
58 205
58 829
58 944
58 998
58 1105
58 1851
58 1926
59 143
59 491
59 676
59 690
59 873
59 1261
59 1431
59 1462
59 1553
60 496
60 602
60 697
61 132
61 185
61 397
61 706
61 916
61 978
61 1377
61 1455
61 1505
61 1596
61 1670
62 292
62 495
62 789
62 1434
62 1497
62 1549
62 1651
62 1907
62 1941
63 117
63 172
63 364
63 385
63 520
63 573
63 1676
63 1681
63 1903
64 79
64 544
64 690
64 827
64 1018
64 1035
64 1102
64 1172
64 1737
65 797
65 1303
65 1669
65 1755
65 1874
65 1954
66 123
66 218
66 267
66 417
66 597
66 1550
66 1627
66 1749
66 1969
67 167
67 209
67 258
67 334
67 360
67 801
67 1089
67 1782
67 1985
67 1995
68 223
68 318
68 335
68 427
68 1164
68 1225
68 1289
68 1379
68 1488
68 1649
68 1855
68 1960
69 129
69 253
69 505
69 669
69 719
69 773
69 796
69 1095
69 1339
69 1432
69 1573
69 1681
70 467
70 613
70 639
70 1118
70 1301
70 1317
70 1488
71 835
71 1001
71 1223
71 1318
71 1755
71 1798
72 211
72 542
72 724
72 862
72 1120
72 1268
72 1559
72 1868
72 1914
72 1921
73 143
73 163
73 248
73 455
73 528
73 1080
73 1862
73 1896
73 1980
74 713
74 963
74 1313
74 1649
74 1920
74 1975
75 387
75 422
75 430
75 599
75 600
75 664
75 740
75 1439
75 1823
75 1895
76 107
76 1111
76 1158
76 1192
76 1258
76 1414
76 1765
76 1775
76 1934
77 229
77 335
77 340
77 696
77 924
77 1008
77 1398
77 1732
77 1740
78 413
78 768
78 792
79 215
79 271
79 711
79 810
79 837
79 903
79 1401
79 1583
79 1604
79 1621
79 1646
80 212
80 378
80 464
80 606
80 731
80 899
80 1202
80 1463
80 1485
80 1526
80 1712
80 1790
81 690
81 833
81 1092
81 1690
81 1806
81 1812
81 1855
82 133
82 164
82 190
82 412
82 1009
82 1118
82 1126
82 1737
82 1738
82 1961
83 160
83 207
83 872
83 1971
84 214
84 707
84 787
84 840
84 853
84 1759
84 1798
84 1964
84 1982
85 169
85 193
85 377
85 567
85 728
85 1118
85 1229
85 1345
85 1734
86 118
86 125
86 763
86 856
86 884
86 1035
86 1506
86 1863
87 613
87 1078
87 1152
87 1278
87 1649
87 1849
88 580
88 688
88 717
88 823
88 895
88 1057
88 1260
88 1367
88 1557
88 1656
88 1783
88 1864
89 280
89 485
89 792
89 936
89 1466
90 118
90 317
90 388
90 672
90 795
90 1028
90 1036
90 1262
90 1291
90 1444
90 1873
90 1995
91 182
91 365
91 400
91 421
91 633
91 1040
91 1268
91 1309
91 1768
92 169
92 193
92 467
92 562
92 709
92 1170
92 1682
92 1848
92 1993
93 264
93 418
93 976
93 1679
93 1680
93 1929
93 1942
94 230
94 381
94 1000
94 1010
94 1049
94 1109
94 1224
94 1304
94 1626
94 1974
95 171
95 214
95 865
95 1035
95 1233
95 1403
95 1466
96 183
96 305
96 333
96 456
96 722
96 1115
96 1242
96 1258
96 1294
96 1398
96 1704
96 1986
97 141
97 760
97 829
97 1156
97 1400
97 1453
97 1662
97 1674
98 373
98 438
98 464
98 634
98 716
98 857
98 939
98 1176
98 1254
98 1265
98 1409
98 1511
98 1522
98 1571
98 1771
99 136
99 342
99 752
99 759
99 763
99 1284
100 362
100 381
100 386
100 530
100 630
100 797
100 846
100 978
100 1018
101 930
101 1003
101 1626
101 1702
101 1754
102 300
102 577
102 863
102 1098
102 1275
102 1347
102 1592
103 345
103 514
103 613
103 634
103 957
103 1058
103 1155
103 1894
104 667
104 1213
104 1625
104 1674
104 1893
105 565
105 978
105 1680
105 1761
106 133
106 582
106 590
106 798
106 1823
107 244
107 668
107 1189
107 1358
107 1565
107 1670
107 1932
108 213
108 563
108 587
108 592
108 729
108 901
108 967
108 1041
108 1351
109 126
109 187
109 296
109 354
109 670
109 1493
109 1532
109 1706
109 1941
109 1986
110 176
110 710
110 811
110 983
110 1172
110 1654
111 612
111 813
111 896
111 1339
111 1443
111 1472
111 1538
111 1610
111 1905
112 198
112 315
112 557
112 686
112 1089
112 1440
112 1446
112 1556
113 332
113 405
113 440
113 628
113 861
113 878
113 964
113 982
113 988
113 1069
113 1384
113 1448
113 1455
113 1845
114 353
114 405
114 556
114 645
114 1112
114 1126
114 1189
114 1399
114 1840
115 286
115 896
115 1375
115 1664
115 1968
116 248
116 354
116 488
116 609
116 940
116 1264
116 1311
116 1616
116 1766
116 1779
116 1963
117 718
117 871
117 1084
117 1190
117 1398
117 1470
117 1759
117 1820
118 353
118 381
118 480
118 503
118 1003
119 219
119 268
119 364
119 452
119 492
119 772
119 1219
119 1279
119 1488
119 1494
119 1559
119 1681
120 260
120 308
120 534
120 645
120 694
120 1161
120 1233
120 1826
120 1926
120 1950
120 1963
120 1997
120 1999
121 312
121 413
121 440
121 446
121 554
121 1153
121 1309
121 1326
121 1380
121 1610
121 1647
121 1943
122 169
122 501
122 562
122 1392
122 1728
123 444
123 468
123 472
123 542
123 573
123 812
123 1162
123 1308
123 1591
123 1643
124 193
124 544
124 843
124 887
124 936
124 1045
124 1538
124 1648
124 1660
124 1723
125 391
125 443
125 470
125 555
125 963
125 1280
125 1294
125 1320
125 1532
125 1574
125 1621
125 1974
126 398
126 881
126 986
126 1003
126 1315
126 1352
126 1361
126 1925
127 396
127 403
127 674
127 972
127 1152
127 1486
127 1810
127 1976
128 376
128 408
128 424
128 516
128 550
128 553
128 997
128 1096
128 1269
128 1710
128 1967
129 194
129 273
129 296
129 466
129 745
129 775
129 797
129 805
129 924
129 1172
129 1247
129 1421
129 1629
129 1655
129 1880
130 286
130 403
130 799
130 952
130 1194
130 1975
131 218
131 224
131 1307
131 1433
132 264
132 388
132 450
132 919
132 1210
132 1384
132 1599
132 1966
133 311
133 428
133 967
133 976
133 1129
133 1344
133 1570
133 1577
133 1801
133 1896
133 1995
134 379
134 390
134 601
134 768
134 967
134 978
135 250
135 273
135 293
135 304
135 502
135 555
135 804
135 903
135 1452
135 1521
135 1641
135 1667
135 1770
135 1919
136 185
136 262
136 1221
136 1939
137 594
137 771
137 805
137 1069
137 1327
137 1582
137 1759
137 1929
138 221
138 679
138 776
138 895
138 903
138 1094
138 1813
138 2000
139 301
139 312
139 400
139 1027
139 1070
139 1262
139 1720
139 1868
139 1954
140 232
140 362
140 397
140 559
140 731
140 807
140 857
140 1281
140 1302
140 1625
140 1716
141 184
141 251
141 381
141 567
141 575
141 714
141 873
141 947
141 1040
141 1530
141 1717
142 881
142 1848
142 1853
142 1932
142 1942
142 1972
143 462
143 608
143 1029
143 1550
143 1626
143 1775
143 1803
143 1916
144 241
144 400
144 915
144 1431
144 1517
144 1536
144 1713
144 1859
145 447
145 745
145 942
145 1192
145 1224
145 1328
145 1458
145 1536
145 1817
145 1912
146 186
146 306
146 308
146 320
146 528
146 1177
146 1200
146 1221
146 1309
146 1361
147 478
147 609
147 904
147 1182
147 1391
147 1572
147 1666
147 1679
147 1709
147 1822
147 1865
147 1908
147 1918
148 149
148 157
148 167
148 176
148 221
148 522
148 575
148 710
148 713
148 756
148 1352
148 1541
148 1568
148 1714
148 1732
148 1751
149 237
149 389
149 1503
149 1508
149 1598
150 406
150 502
150 835
150 1157
150 1231
150 1269
150 1891
151 565
151 777
151 795
151 1108
151 1531
151 1557
151 1583
151 1707
151 1906
151 1979
152 215
152 1712
152 1713
152 1936
153 224
153 305
153 321
153 536
153 785
153 903
153 950
153 1024
153 1036
153 1111
153 1132
153 1343
153 1537
154 275
154 363
154 446
154 758
154 1164
154 1293
154 1430
155 191
155 320
155 362
155 442
155 828
155 1224
155 1290
155 1428
155 1871
155 1898
155 1956
156 354
156 588
156 608
156 614
156 628
156 797
156 800
156 913
156 1267
156 1324
156 1367
156 1591
156 1731
156 1826
157 515
157 670
157 958
157 962
157 1121
157 1133
157 1428
157 1933
157 1974
157 1978
158 254
158 664
158 1010
158 1042
158 1079
158 1358
158 1407
158 1609
158 1705
158 1814
158 1854
158 1991
159 343
159 367
159 531
159 853
159 868
159 893
159 921
159 1076
159 1262
159 1415
159 1790
159 1847
160 233
160 819
160 911
160 1247
161 464
161 631
161 726
161 849
161 1707
161 1851
161 1919
161 1945
162 307
162 423
162 494
162 723
162 1038
162 1042
162 1425
162 1460
162 1529
162 1843
162 1844
163 557
163 699
163 990
163 1009
163 1452
163 1916
164 253
164 382
164 448
164 476
164 873
164 1247
165 322
165 469
165 648
165 1210
165 1257
165 1376
165 1693
165 1772
165 1897
166 237
166 646
166 816
166 1077
166 1171
166 1204
166 1265
166 1474
166 1524
166 1556
166 1559
166 1864
166 1994
167 314
167 473
167 622
167 1663
168 699
168 941
168 1150
168 1488
168 1812
168 1972
169 250
169 346
169 395
169 423
169 606
169 771
169 953
169 1612
169 1656
169 1924
170 285
170 501
170 674
170 799
170 876
170 1828
171 264
171 281
171 358
171 596
171 704
171 743
171 1190
171 1365
172 1236
172 1358
172 1454
172 1498
173 252
173 349
173 469
173 612
173 798
173 900
173 1590
173 1837
174 212
174 277
174 439
174 778
174 805
174 1100
174 1330
174 1645
174 1770
175 205
175 303
175 670
175 1093
175 1103
175 1165
175 1230
175 1429
175 1527
175 1572
176 300
176 799
176 897
176 1064
176 1106
176 1522
176 1812
176 1873
177 256
177 278
177 431
177 915
177 1025
177 1124
177 1289
177 1510
177 1556
177 1588
177 1644
177 1723
177 1866
177 1912
177 1971
177 1996
178 196
178 572
178 813
178 870
178 953
178 1421
178 1608
179 262
179 422
179 432
179 505
179 739
179 1069
179 1124
179 1396
179 1575
179 1775
179 1971
180 339
180 350
180 818
180 1464
180 1539
180 1810
180 1837
181 261
181 300
181 445
181 861
181 999
181 1134
181 1311
181 1325
181 1400
181 1656
182 578
182 925
182 1229
182 1605
182 1642
182 1836
182 1957
183 401
183 483
183 541
183 851
183 956
183 978
183 1419
183 1749
183 1764
183 1861
183 1894
183 1962
183 1993
184 240
184 266
184 308
184 684
184 721
184 1190
184 1513
184 1524
184 1697
184 1766
185 205
185 244
185 485
185 834
185 1063
185 1257
185 1469
185 1479
185 1580
185 1639
185 1650
185 1684
185 1911
186 205
186 464
186 525
186 569
186 1291
186 1326
186 1430
186 1896
186 1950
187 480
187 496
187 938
187 1714
188 297
188 611
188 1173
188 1486
189 427
189 596
189 620
189 805
189 959
189 1227
189 1233
189 1343
189 1459
189 1638
189 1828
190 998
190 1142
190 1236
190 1649
190 1658
190 1677
190 1828
191 541
191 1232
191 1490
192 277
192 334
192 472
192 921
192 966
192 1090
192 1526
192 1612
192 1667
192 1786
193 299
193 317
193 413
193 481
193 806
193 920
193 1250
193 1597
193 1674
193 1853
193 1968
194 245
194 306
194 453
194 552
194 690
194 738
194 756
194 1121
194 1199
194 1480
194 1639
194 1904
195 561
195 563
195 753
195 1013
195 1044
195 1084
195 1449
195 1711
195 1847
196 260
196 1384
196 1593
196 1607
196 1635
196 1929
197 232
197 355
197 386
197 867
197 920
197 1155
197 1645
197 1735
197 1789
197 1925
198 289
198 765
198 864
198 1013
198 1199
198 1386
198 1549
198 1687
199 404
199 530
199 980
199 1096
199 1226
199 1797
200 202
200 236
200 303
200 839
200 1270
200 1318
200 1588
200 1594
200 1854
200 1950
200 1981
201 275
201 467
201 567
201 736
201 758
201 885
201 1260
201 1327
201 1854
201 1923
202 451
202 455
202 699
202 735
202 1076
202 1606
202 1887
203 281
203 316
203 426
203 914
203 936
203 1421
203 1501
203 1515
203 1857
203 1881
204 580
204 596
204 601
204 977
204 1057
204 1170
204 1393
204 1403
204 1545
204 1977
205 244
205 313
205 443
205 620
205 788
205 813
205 824
205 990
205 994
205 1282
205 1978
206 772
206 1377
206 1633
207 213
207 535
207 1679
207 1778
207 1787
208 324
208 382
208 987
208 1285
208 1370
209 241
209 261
209 439
209 459
209 601
209 762
209 840
209 999
209 1363
209 1579
209 1847
210 340
210 411
210 807
210 827
210 1034
210 1050
210 1086
210 1087
210 1362
210 1591
210 1610
210 1884
210 1905
210 1957
211 263
211 527
211 696
211 1012
211 1038
211 1261
211 1400
211 1445
211 1676
211 1775
211 1944
212 233
212 495
212 711
212 981
212 993
212 1133
212 1345
212 1718
212 1888
213 280
213 314
213 528
213 591
213 629
213 843
213 983
213 1143
213 1905
214 341
214 440
214 675
214 890
214 980
214 1441
214 1445
214 1642
214 1976
215 544
215 719
215 759
215 1060
215 1094
215 1359
215 1463
215 1504
215 1791
216 391
216 1009
216 1208
216 1267
216 1727
216 1815
216 1881
217 241
217 322
217 721
217 812
217 875
217 1002
217 1147
217 1149
217 1160
217 1431
217 1778
218 868
218 1570
218 1760
219 349
219 357
219 637
219 1239
219 1558
219 1677
220 440
220 574
220 1099
220 1361
220 1729
220 1996
221 612
221 828
221 962
221 1116
221 1527
221 1567
221 1618
221 1640
221 1994
222 390
222 584
222 623
222 806
222 855
222 896
222 954
222 1364
222 1401
222 1625
222 1832
222 1946
222 1982
223 298
223 571
223 618
223 647
223 879
223 1281
223 1538
224 358
224 902
224 1247
224 1543
224 1681
225 245
225 579
225 754
225 1047
225 1154
225 1245
225 1345
225 1629
225 1630
225 1793
225 1829
225 1900
225 1957
226 491
226 1111
226 1380
226 1467
226 1568
226 1696
226 1970
227 432
227 559
227 640
227 829
227 878
227 1047
227 1176
227 1208
227 1289
227 1374
227 1611
228 253
228 465
228 757
228 893
228 1072
228 1159
228 1286
228 1572
228 1621
228 1899
228 1919
229 342
229 343
229 450
229 751
229 785
229 1015
229 1206
229 1250
229 1406
229 1979
230 284
230 359
230 561
230 770
230 1321
230 1434
230 1636
230 1740
230 1985
231 339
231 1409
232 372
232 560
232 570
232 814
232 1495
232 1690
232 1861
233 449
233 818
233 1601
233 1606
234 516
234 542
234 1816
234 1841
234 1915
234 1957
235 477
235 949
235 997
235 1004
235 1015
235 1096
235 1794
236 277
236 374
236 430
236 466
236 840
236 1191
236 1262
236 1395
236 1473
236 1696
237 313
237 416
237 477
237 879
237 951
237 1357
238 374
238 518
238 532
238 692
238 829
238 1128
238 1407
238 1677
238 1763
238 1901
239 243
239 291
239 358
239 773
240 772
240 879
240 945
240 1013
240 1215
240 1262
240 1469
240 1604
241 529
241 647
241 651
241 749
241 809
241 997
241 1053
241 1111
241 1127
241 1157
241 1235
241 1438
241 1630
241 1928
241 1941
242 363
242 544
242 577
242 593
242 643
242 689
242 1521
242 1700
242 1818
242 1892
243 274
243 502
243 511
243 679
243 818
243 860
243 1161
243 1996
244 683
244 703
244 716
244 955
244 1196
244 1213
244 1452
244 1708
244 1905
245 457
245 602
245 687
245 810
245 1181
245 1362
245 1486
245 1711
245 1746
245 1883
245 1913
245 1970
246 310
246 360
246 379
246 572
246 648
246 986
246 1307
246 1447
246 1758
247 410
247 446
247 688
247 822
247 855
247 916
247 1146
247 1393
247 1427
247 1497
247 1787
247 1954
248 284
248 438
248 537
248 857
248 994
248 1096
248 1229
248 1303
248 1810
248 1834
249 815
249 943
249 1466
249 1524
249 1594
249 1665
249 1695
250 483
250 619
250 1001
250 1173
250 1564
250 1625
250 1634
250 1745
250 1858
251 654
251 765
251 977
251 1068
251 1153
251 1203
251 1263
251 1283
251 1504
251 1917
252 350
252 369
252 715
252 848
252 906
252 1209
252 1513
252 1785
252 1814
252 1866
253 321
253 730
253 741
253 748
253 1014
253 1048
253 1545
253 1795
254 286
254 400
254 405
254 531
254 1092
254 1322
254 1363
254 1408
255 622
255 692
255 1076
255 1107
255 1239
255 1382
255 1686
255 1690
256 484
256 565
256 1019
256 1067
256 1193
256 1281
256 1629
256 1686
256 1726
257 331
257 671
257 678
257 902
257 1075
257 1246
257 1350
257 1648
257 1743
258 310
258 417
258 724
258 1206
258 1681
258 1857
259 404
259 606
259 701
259 740
259 879
259 893
259 934
259 1440
259 1537
259 1770
260 293
260 383
260 1360
260 1579
260 1620
260 1759
261 412
261 665
261 936
261 1141
261 1351
261 1657
262 478
262 521
262 625
262 656
262 719
262 1214
262 1332
263 329
263 412
263 528
263 554
263 611
263 825
263 1741
263 1802
263 1846
264 1111
264 1118
264 1168
264 1480
264 1560
264 1991
265 511
265 602
265 799
265 834
265 1006
265 1105
265 1222
265 1657
265 1763
266 380
266 389
266 1633
266 1635
267 296
267 924
267 1106
267 1174
267 1275
267 1280
267 1785
267 1842
267 1861
267 1983
268 636
268 797
268 829
268 914
268 1269
268 1340
268 1371
268 1477
268 1941
269 436
269 920
269 1056
269 1444
269 1520
269 1819
269 1895
269 1909
270 339
270 508
270 573
270 739
270 833
270 1095
270 1150
270 1350
270 1371
270 1550
270 1602
270 1871
271 275
271 840
271 967
271 984
271 1603
271 1627
271 1715
271 1814
271 1969
272 934
272 1181
272 1272
272 1353
272 1499
272 1503
272 1589
272 1723
272 1749
273 329
273 1375
273 1571
273 1719
273 1804
273 1944
274 559
274 843
274 1017
274 1200
274 1218
274 1395
274 1538
274 1652
274 1747
275 647
275 959
275 961
275 1406
275 1420
275 1639
275 1816
276 438
276 599
276 690
276 1222
276 1437
276 1585
276 1742
276 1754
277 420
277 512
277 542
277 1134
277 1778
277 1797
277 1855
278 463
278 466
278 761
278 873
278 1621
278 1633
278 1839
278 1887
279 436
279 529
279 560
279 579
279 703
279 1040
279 1042
279 1193
279 1379
279 1413
279 1622
279 1684
280 819
280 940
280 1589
280 1728
281 290
281 361
281 365
281 793
281 847
281 850
281 905
281 1133
281 1165
281 1405
281 1432
281 1527
281 1762
282 939
282 1044
282 1065
282 1890
282 1954
283 609
283 1310
283 1358
283 1540
284 305
284 392
284 445
284 532
284 619
284 1092
284 1125
284 1278
284 1529
284 1969
285 614
285 869
285 999
285 1002
285 1090
285 1186
285 1448
285 1550
285 1585
285 1746
286 428
286 599
286 602
286 1846
286 1985
287 1409
287 1446
287 1466
287 1609
287 1880
288 438
288 451
288 822
288 1091
288 1220
288 1556
288 1683
288 1720
288 1859
288 1892
288 1983
289 325
289 786
289 1357
289 1460
289 1569
289 1640
290 510
290 851
290 1674
290 1813
291 485
291 592
291 693
291 772
291 1263
291 1369
291 1537
291 1568
291 1877
291 2000
292 353
292 758
292 1027
292 2000
293 336
293 374
293 436
293 467
293 1496
293 1522
293 1714
293 1812
294 411
294 425
294 525
294 551
294 838
294 1305
294 1329
294 1889
294 1994
295 454
295 807
295 1099
295 1992
296 323
296 680
296 790
296 1218
296 1267
296 1656
296 1848
297 645
297 827
297 862
297 960
297 1018
297 1117
297 1313
297 1590
297 1647
297 1727
297 1871
298 364
298 476
298 617
298 804
298 1815
298 1823
298 1947
299 461
299 607
299 624
299 1000
299 1044
299 1111
299 1601
299 1637
299 1727
300 740
300 1317
301 637
301 834
301 921
301 1366
301 1738
301 1801
301 1862
301 1863
301 1926
302 645
302 770
302 775
302 853
302 1590
302 1845
302 1868
303 700
303 856
303 998
303 1077
303 1142
303 1159
303 1283
304 370
304 375
304 439
304 514
304 519
304 573
304 712
304 742
304 996
304 1109
304 1537
304 1675
304 1713
304 1798
305 1041
305 1212
305 1215
305 1390
305 1396
305 1472
305 1532
305 1567
305 1694
305 1728
305 1845
306 333
306 774
306 1334
306 1427
306 1606
306 1670
306 1787
307 520
307 524
307 863
307 961
307 1124
307 1128
307 1639
307 1696
308 333
308 343
308 657
308 1077
308 1195
308 1239
308 1404
308 1422
308 1562
308 1563
308 1894
309 341
309 445
309 856
309 1119
309 1173
309 1236
309 1455
309 1680
309 1785
310 353
310 395
310 578
310 1607
310 1631
310 1685
310 1694
311 313
311 612
311 702
311 1203
311 1603
311 1719
312 629
312 748
312 810
312 1242
312 1456
312 1672
312 1901
312 1944
313 727
313 1759
314 331
314 345
314 514
314 782
314 1112
314 1261
314 1458
315 475
315 624
315 776
315 880
315 904
315 1070
315 1706
315 1813
315 1887
315 1922
316 479
316 529
316 854
316 914
316 1161
316 1192
316 1206
317 333
317 538
317 859
317 1017
317 1103
317 1266
317 1342
317 1520
317 1928
317 1968
318 346
318 351
318 565
318 724
318 1053
318 1246
318 1410
318 1811
318 1821
318 1843
318 1908
319 486
319 624
319 693
319 1169
319 1302
319 1368
320 681
320 1265
320 1485
320 1829
320 1887
320 1903
321 504
321 778
321 832
321 1214
321 1395
321 1726
322 655
322 866
322 1124
322 1174
322 1449
322 1713
322 1716
322 1747
322 1756
322 1998
323 510
323 555
323 915
323 1114
323 1291
324 449
324 564
324 916
324 1262
324 1344
324 1356
324 1532
324 1758
324 1914
325 358
325 496
325 657
325 1349
325 1356
325 1691
325 1872
326 365
326 484
326 531
326 711
326 1073
326 1238
326 1275
326 1318
327 420
327 430
327 959
327 1050
327 1082
327 1095
327 1149
327 1342
327 1540
327 1555
328 416
328 482
328 1115
328 1230
328 1306
328 1312
328 1599
328 1949
328 1971
329 409
329 568
329 611
329 895
329 1000
329 1181
329 1314
329 1348
329 1864
330 345
330 371
330 500
330 1435
330 1535
330 1595
330 1621
330 1921
330 1944
331 469
331 841
331 1045
331 1237
331 1393
331 1434
331 1742
332 583
332 807
332 962
332 1095
332 1201
332 1439
332 1945
332 1947
333 377
333 619
333 837
333 1065
333 1306
333 1831
333 1992
334 542
334 781
334 1518
334 1602
334 1708
334 1712
334 1974
335 615
335 830
335 837
335 841
335 1231
335 1270
335 1398
335 1421
335 1479
335 1926
336 500
336 536
336 608
336 653
336 820
336 1000
336 1107
336 1187
336 1414
336 1493
336 1513
336 1681
336 1718
336 1959
337 466
337 682
337 815
337 836
337 1114
337 1877
337 1972
338 350
338 394
338 1147
338 1687
339 480
339 555
339 574
339 705
339 745
339 861
339 1138
339 1329
339 1589
339 1814
340 621
340 1003
340 1089
340 1773
341 680
341 906
341 911
341 1223
341 1314
341 1389
341 1621
341 1852
341 1866
341 1874
342 476
342 525
342 662
342 1144
342 1192
342 1939
343 485
343 542
343 803
343 815
343 920
343 937
343 1239
343 1421
343 1727
344 353
344 396
344 584
344 679
344 1287
344 1476
344 1570
344 1617
345 380
345 388
345 718
345 835
345 890
345 1004
345 1279
345 1453
345 1773
345 1996
346 476
346 924
346 1038
346 1112
346 1343
346 1485
346 1517
346 1778
346 1809
347 439
347 497
347 825
347 1471
347 1511
348 364
348 486
348 573
348 869
348 1042
348 1139
348 1338
348 1346
348 1468
349 355
349 660
349 828
349 950
349 1010
349 1275
349 1563
349 1816
349 1933
349 1972
350 384
350 417
350 724
350 749
350 772
350 1110
350 1430
350 1864
351 352
351 377
351 461
351 1141
351 1213
351 1487
351 1675
351 1940
352 408
352 490
352 527
352 896
352 1353
352 1367
352 1425
352 1445
352 1452
352 1683
352 1816
352 1884
352 1927
353 389
353 967
353 1080
353 1954
354 804
354 1114
354 1122
354 1283
354 1735
354 1953
354 1992
355 600
355 1068
355 1198
355 1650
355 1753
355 1761
355 1830
356 429
356 676
356 692
356 779
356 788
356 835
356 1251
356 1296
356 1912
356 1942
356 1975
357 562
357 879
357 1214
357 1388
357 1524
357 1530
357 1743
357 1840
357 1917
358 417
358 480
358 726
358 902
358 1238
358 1475
358 1840
358 1841
358 1966
359 457
359 492
359 571
359 660
359 759
359 1146
359 1151
359 1161
359 1192
359 1662
359 1842
360 467
360 689
360 1006
360 1099
360 1434
360 1502
360 1841
360 1866
360 1878
360 1960
361 379
361 441
361 731
361 771
361 1112
361 1368
361 1408
361 1565
361 1690
361 1968
362 619
362 747
362 803
362 914
362 1313
362 1381
362 1954
363 375
363 437
363 611
363 680
363 824
363 921
363 1120
363 1190
363 1244
363 1420
363 1558
363 1704
363 1736
364 686
364 965
364 1025
364 1192
364 1393
364 1721
364 1956
365 500
365 662
365 692
365 795
365 950
365 1209
365 1458
365 1753
366 622
366 683
366 788
366 1119
366 1350
366 1696
367 437
367 740
367 1443
367 1592
367 1690
368 1095
368 1191
368 1236
368 1363
368 1380
368 1569
368 1707
369 607
369 688
369 711
369 1060
369 1118
369 1381
369 1522
369 1853
370 447
370 540
370 742
371 793
371 1066
371 1460
371 1684
372 819
372 1478
372 1654
372 1662
372 1764
373 441
373 754
373 990
373 1386
373 1962
374 438
374 455
374 769
374 914
374 1059
374 1266
374 1876
375 379
375 467
375 833
375 1104
375 1112
375 1299
375 1610
375 1943
375 1948
376 520
376 970
376 1042
376 1422
376 1515
376 1547
376 1841
377 609
377 736
377 994
377 1392
377 1455
377 1474
377 1517
377 1634
377 1751
377 1895
377 1960
378 783
378 1394
378 1470
378 1836
378 1891
379 409
379 706
379 1099
379 1167
379 1184
379 1617
379 1800
380 875
380 1009
380 1618
380 1986
381 736
381 1260
381 1300
381 1693
381 1745
382 444
382 514
382 957
382 972
382 1091
382 1204
382 1662
382 1719
382 1853
382 1867
383 736
383 1545
383 1868
383 1967
384 572
384 801
384 1300
384 1341
384 1529
384 1571
384 1592
384 1693
385 716
385 844
385 1269
385 1987
386 597
386 631
386 1024
387 510
387 755
387 1066
387 1095
387 1182
387 1223
387 1944
388 488
388 528
388 568
388 578
388 808
388 878
388 895
388 1226
388 1262
388 1585
388 1755
388 1851
388 1879
389 870
389 871
389 1119
389 1264
389 1383
389 1586
389 1786
389 1825
390 404
390 481
390 1220
390 1969
391 801
391 865
391 927
391 1382
391 1975
392 515
392 921
392 1455
392 1540
392 1754
393 647
393 940
393 1013
393 1331
394 515
394 534
394 603
394 822
394 842
394 1184
394 1195
394 1364
394 1396
394 1497
394 1589
394 1994
395 634
395 700
395 1261
395 1426
395 1462
395 1608
395 1853
395 1895
395 1996
396 728
396 904
396 1168
396 1502
396 1739
397 519
397 702
397 852
397 1823
397 1923
398 634
398 645
398 1114
398 1143
398 1207
398 1325
398 1545
398 1913
398 1953
399 566
399 572
399 1044
399 1047
399 1258
399 1957
400 772
400 841
400 999
400 1038
400 1338
400 1407
400 1738
401 439
401 506
401 689
401 1165
401 1261
401 1394
401 1452
402 997
402 1036
402 1064
402 1184
402 1343
402 1572
402 1681
402 1710
402 1927
403 459
403 683
403 1164
403 1609
404 600
404 727
404 755
404 836
404 1769
405 508
405 630
405 653
405 1092
405 1158
405 1414
405 1645
405 1688
406 849
406 1219
406 1865
406 1905
406 1966
407 606
407 688
407 812
407 888
407 1053
407 1208
407 1307
407 1616
407 1659
407 1723
408 429
408 627
408 1375
408 1607
409 528
409 980
409 1004
409 1086
409 1223
409 1446
409 1676
409 1946
410 536
410 611
410 935
410 950
410 990
410 1258
410 1341
410 1549
410 1598
410 1714
411 707
411 736
411 1179
411 1455
411 1845
412 750
412 1199
412 1204
412 1410
412 1976
413 616
413 885
413 953
413 1464
413 1948
414 625
414 811
414 852
414 1485
414 1558
414 1925
415 566
415 585
415 630
415 763
415 1109
415 1617
415 1648
415 1664
415 1724
415 1833
416 573
416 682
416 757
416 789
416 852
416 1054
416 1115
416 1464
416 1718
416 1905
417 709
417 740
417 775
417 936
417 1080
417 1118
417 1135
417 1210
417 1251
417 1403
417 1546
417 1595
417 1684
417 1800
418 745
418 865
418 1025
418 1098
418 1310
418 1763
419 721
419 892
419 1201
419 1324
419 1582
419 1832
419 1916
420 620
420 662
420 951
420 1387
420 1564
420 1837
421 558
421 691
421 1210
421 1246
421 1733
421 1938
422 478
422 827
422 886
422 891
422 945
422 1128
422 1181
422 1228
422 1502
422 1542
422 1667
422 1779
422 1781
422 1818
423 506
423 1106
423 1665
423 1786
423 1810
424 473
424 962
424 1164
424 1452
424 1540
424 1568
424 1686
424 1823
425 566
425 707
425 1121
425 1123
425 1656
425 1921
426 790
426 1175
426 1940
427 938
427 1090
427 1252
427 1381
427 1838
428 450
428 463
428 545
428 555
428 591
428 666
428 808
428 1213
428 1372
428 1490
428 1698
428 1760
429 524
429 770
429 918
429 1112
429 1346
429 1465
429 1507
429 1528
429 1816
430 438
430 886
430 1265
430 1290
430 1447
430 1483
430 1897
430 1937
431 499
431 523
431 669
431 891
431 1040
431 1284
431 1592
432 1289
432 1584
433 765
433 1541
433 1613
433 1852
434 630
434 914
434 946
434 1104
434 1283
434 1445
434 1544
435 1133
435 1368
435 1568
435 1641
435 1831
436 495
436 897
436 1359
436 1575
436 1632
436 1666
437 483
437 687
437 994
437 1046
437 1084
437 1449
437 1474
437 1828
438 912
438 1192
438 1537
439 722
439 812
439 853
439 977
439 1010
439 1494
439 1527
440 492
440 550
440 716
440 894
440 934
440 980
440 1060
440 1295
440 1538
440 1599
440 1619
440 1830
440 1929
440 1963
441 557
441 737
441 997
441 1212
441 1600
441 1613
441 1793
441 1932
442 827
442 1169
442 1347
442 1940
443 510
443 556
443 693
443 814
443 1422
443 1693
443 1784
443 1861
444 544
444 715
444 857
444 1142
444 1394
444 1670
444 1915
445 913
445 1074
445 1112
445 1198
445 1472
445 1514
445 1725
445 1817
446 502
446 1391
446 1397
446 1522
446 1621
446 1654
446 1922
446 1925
447 540
447 835
447 1001
447 1159
447 1262
447 1637
448 647
448 777
448 841
448 1478
449 549
449 818
449 1030
449 1225
449 1320
449 1344
449 1919
449 1920
450 1141
450 1447
450 1706
450 1735
450 1792
451 820
451 854
451 883
451 1544
451 1547
451 1675
451 1757
451 1849
452 521
452 1116
452 1267
453 877
453 1565
453 1581
453 1744
453 1911
454 574
454 634
454 725
454 727
454 1068
454 1404
454 1547
454 1607
454 1734
455 490
455 1311
455 1487
455 1488
455 1717
455 1864
455 1973
456 653
456 658
456 676
456 1207
456 1542
456 1595
456 1608
456 1786
456 1894
457 970
457 1181
457 1230
457 1829
457 1842
458 799
458 1074
458 1345
458 1411
459 908
459 1700
459 1923
459 1964
460 703
460 815
460 957
460 1058
460 1324
460 1440
460 1780
461 733
461 1089
461 1092
461 1664
461 1748
461 1887
462 708
462 718
462 759
462 1252
462 1403
462 1586
462 1853
462 1877
463 491
463 688
463 842
463 908
463 1175
463 1509
463 1510
463 1794
463 1796
464 570
464 773
464 1782
464 1986
465 1314
465 1376
466 985
466 1365
466 1543
466 1741
466 1999
467 971
467 1235
467 1248
467 1283
468 651
468 1235
469 473
469 481
469 609
469 770
469 861
469 923
469 1314
469 1902
470 480
470 605
470 828
470 1775
471 680
471 693
471 873
471 1246
471 1506
471 1576
471 1661
471 1962
472 542
472 930
472 1010
472 1082
472 1462
472 1630
472 1909
473 1107
473 1180
473 1251
473 1595
473 1624
473 1767
473 1782
473 1950
474 826
474 902
474 976
474 1121
474 1283
474 1411
474 1551
474 1769
475 572
475 846
475 1027
475 1578
475 1590
475 1949
476 757
476 759
476 983
476 1105
476 1713
476 1801
477 945
477 1279
477 1387
477 1455
478 819
478 915
478 1105
478 1386
478 1817
478 1951
479 493
479 937
479 1069
479 1199
479 1595
479 1773
480 617
480 772
480 1283
480 1472
480 1534
480 1648
480 1801
481 555
481 598
481 653
481 1020
481 1469
481 1510
481 1608
481 1617
482 678
482 724
482 818
482 862
482 1060
482 1156
482 1222
482 1347
482 1665
482 1793
482 1830
482 1866
482 1965
483 670
483 752
483 929
483 995
483 1080
483 1138
483 1279
483 1329
483 1632
483 1679
483 1713
483 1738
484 571
484 936
484 1031
484 1869
484 1886
485 767
485 1104
485 1580
485 1656
485 1863
485 1869
485 2000
486 516
486 804
486 943
486 1117
486 1477
486 1524
486 1606
486 1875
487 682
487 761
487 1358
487 1473
487 1932
488 570
488 741
488 1320
488 1339
488 1594
489 755
489 1087
489 1100
489 1193
489 1307
489 1396
489 1548
489 1591
489 1602
489 1815
490 615
490 647
490 649
490 678
490 1172
490 1338
490 1458
491 533
491 614
491 822
491 1147
491 1580
491 1721
491 1953
492 589
492 1116
492 1753
492 1811
492 1836
492 1972
492 1979
493 746
493 1057
493 1064
493 1589
493 1853
494 764
494 825
494 972
494 1003
494 1574
494 1648
494 1676
494 1719
494 1838
494 1949
495 757
495 884
495 1145
495 1218
495 1358
495 1830
495 1918
496 741
496 1020
496 1433
496 1547
496 1691
496 1850
496 1904
496 1993
497 640
497 673
497 1034
497 1035
497 1104
497 1176
497 1402
497 1417
497 1438
497 1511
497 1623
497 1785
497 1859
498 521
498 699
498 1071
498 1419
498 1977
499 642
499 1097
499 1280
499 1405
499 1495
499 1779
499 1898
500 820
500 861
500 921
500 951
500 985
500 993
500 1041
500 1240
500 1386
500 1570
500 1724
500 1845
500 1905
500 1924
501 796
501 914
501 1699
501 1724
501 1823
501 1964
502 817
502 845
502 1286
502 1498
502 1730
502 1806
503 715
503 1140
503 1250
503 1403
503 1610
503 1647
503 1833
503 1925
504 624
504 652
504 1226
504 1253
504 1367
504 1724
504 1899
505 842
505 1124
505 1301
505 1379
505 1421
505 1751
506 866
506 950
506 1043
506 1056
506 1223
506 1333
506 1521
507 620
507 710
507 791
507 1198
507 1259
507 1325
507 1726
507 1948
508 536
508 821
508 886
508 897
508 1619
508 1650
508 1741
508 1961
509 652
509 701
509 766
509 1335
509 1375
509 1646
509 1650
509 1771
509 1803
509 1821
509 1896
509 1897
510 757
510 787
510 935
510 995
510 1011
510 1777
510 1829
511 539
511 610
511 1007
511 1011
511 1079
511 1517
511 1610
512 567
512 790
512 950
512 1049
512 1435
512 1628
512 1834
512 1965
513 962
513 974
513 1066
513 1135
513 1342
513 1371
513 1568
513 1592
514 858
514 921
514 950
514 1195
514 1543
514 1739
515 584
515 872
515 937
515 1339
515 1373
515 1460
515 1526
516 939
516 1053
516 1426
516 1449
516 1646
517 715
517 804
517 932
517 1174
517 1261
517 1286
517 1432
517 1591
517 1691
517 1881
518 1467
519 598
519 1021
519 1173
519 1388
519 1534
519 1834
520 583
520 593
520 766
520 1072
520 1173
520 1240
520 1497
520 1563
520 1642
520 1654
520 1820
521 564
521 764
521 1923
522 533
522 567
522 649
522 683
522 870
522 982
522 1534
522 1582
522 1612
523 712
523 867
523 898
523 1270
523 1632
523 1638
524 843
524 1030
524 1279
524 1437
524 1923
524 1971
525 531
525 827
525 830
525 954
525 1378
525 1389
525 1397
525 1840
526 721
526 961
526 1624
526 1997
527 648
527 859
527 1416
527 1555
527 1584
527 1713
527 1733
527 1828
527 1872
528 676
528 753
528 1131
528 1288
528 1408
528 1502
528 1620
528 1876
529 757
529 1195
529 1240
529 1321
529 1646
529 1673
529 1685
529 1778
530 1407
530 1564
530 1768
531 723
531 874
531 893
531 1451
532 864
532 1237
532 1694
532 1937
533 631
533 1189
533 1529
533 1653
533 1680
533 1963
534 1012
534 1055
534 1357
534 1518
534 1796
535 559
535 1084
535 1315
535 1593
536 667
536 801
536 1025
536 1461
536 1741
536 1994
537 599
537 1260
537 1491
537 1493
537 1506
537 1827
537 1872
537 1997
538 540
538 590
538 701
538 711
538 1050
538 1170
538 1239
538 1414
538 1427
538 1588
538 1843
539 762
539 847
539 886
539 1122
539 1664
539 1726
539 1843
539 1925
540 924
540 1029
540 1120
540 1342
540 1481
540 1603
540 1816
541 769
541 1125
541 1130
541 1257
541 1581
541 1764
541 1794
541 1816
541 1924
542 1316
542 1503
542 1833
543 638
543 1289
543 1820
543 1995
544 616
544 639
544 848
544 1660
544 1783
544 1793
544 1904
544 1905
545 785
545 1193
545 1348
545 1402
546 977
546 1239
546 1336
546 1421
546 1624
546 1810
547 650
547 734
547 874
547 910
547 928
547 1338
547 1366
547 1891
547 1989
548 902
548 1031
548 1396
549 660
549 806
549 821
549 1139
549 1250
549 1320
549 1456
549 1460
549 1881
550 1143
550 1167
550 1191
550 1486
550 1587
550 1932
550 1967
551 615
551 789
551 854
551 951
551 1357
551 1482
551 1505
551 1512
551 1587
551 1702
551 1789
551 1828
552 636
552 882
552 1066
552 1221
552 1261
552 1371
552 1425
552 1508
552 1716
552 1742
552 1796
552 1964
553 616
553 710
553 745
553 907
553 972
553 1105
553 1446
553 1628
554 754
554 759
554 880
554 1113
554 1267
554 1943
555 680
555 714
555 762
555 974
555 1104
555 1189
555 1568
556 1178
556 1641
556 1776
556 1809
556 1919
557 637
557 797
557 916
557 1430
557 1557
557 1587
557 1625
557 1672
557 1752
557 1907
558 604
558 626
558 1293
558 1386
558 1431
558 1566
558 1753
558 1926
559 581
559 761
559 843
559 1149
559 1202
559 1603
559 1676
560 600
560 615
560 1029
560 1126
560 1258
560 1502
561 564
561 886
561 908
561 1220
562 679
562 731
562 759
562 798
562 1076
562 1116
562 1128
562 1318
562 1464
562 1475
562 1533
562 1663
562 1717
562 1732
563 669
563 685
563 688
563 709
563 847
563 879
563 1185
563 1408
563 1887
564 666
564 679
564 681
564 765
564 977
564 1456
564 1591
565 946
565 1101
565 1157
565 1560
565 1746
565 1818
565 1824
565 1845
565 1898
565 1901
566 902
566 1222
566 1238
566 1689
567 738
567 1381
567 1676
567 1955
567 1957
567 1983
568 774
568 796
568 981
568 1094
568 1340
568 1541
568 1769
568 1842
568 1947
568 1969
569 873
569 909
569 1057
569 1258
569 1495
569 1511
569 1612
569 1613
569 1785
569 1981
570 757
570 924
570 1210
570 1360
570 1529
570 1929
571 956
571 1255
571 1350
571 1616
571 1942
572 834
572 1037
572 1142
572 1154
572 1184
572 1264
572 1479
572 1491
572 1896
573 631
573 839
573 855
573 929
573 1269
573 1719
573 1731
574 1006
574 1018
574 1198
574 1319
574 1448
575 659
575 773
575 871
575 1152
575 1678
575 1829
575 1894
576 642
576 1220
576 1555
576 1792
577 671
577 841
577 1120
577 1242
577 1527
577 1672
577 1861
577 1988
578 730
578 849
578 1059
579 650
579 685
579 1515
579 1934
579 1958
580 647
580 667
580 719
580 999
580 1171
580 1916
581 1541
581 1887
581 1969
582 685
582 710
582 970
582 1070
582 1142
582 1410
582 1434
582 1520
582 1564
582 1923
583 676
583 927
583 954
583 1090
583 1683
583 1781
584 657
584 807
584 1576
584 1903
584 1926
585 692
585 794
585 1186
585 1269
585 1397
585 1785
585 1944
586 973
586 1104
586 1196
586 1464
587 745
587 1156
587 1263
587 1407
587 1733
588 995
588 1018
588 1259
589 622
589 898
589 1080
589 1335
589 1569
589 1577
589 1648
589 1681
590 622
590 1531
590 1547
590 1710
591 598
591 821
591 845
591 944
591 1055
591 1186
591 1556
591 1761
591 1765
591 1794
591 1795
591 1952
592 667
592 691
592 754
592 1707
592 1863
593 783
593 1179
593 1467
593 1496
593 1637
593 1667
593 1996
594 746
594 747
594 829
594 856
594 1238
594 1874
595 1124
595 1483
595 1799
596 734
596 894
596 1070
596 1163
596 1345
596 1897
597 668
597 706
597 963
597 1250
597 1441
597 1587
597 1729
597 1940
598 752
598 1259
598 1404
598 1490
598 1576
598 1809
598 1856
599 628
599 915
599 1068
599 1559
600 817
600 931
600 1268
600 1322
600 1708
600 1763
600 1767
600 1792
600 1946
601 1054
601 1154
601 1469
601 1645
601 1768
601 1875
601 1952
602 870
602 1269
602 1412
602 1598
603 1030
603 1321
603 1676
603 1889
603 1935
604 613
604 1215
604 1590
605 666
605 684
605 837
605 951
605 1093
605 1190
605 1496
605 1670
605 1791
606 696
606 926
606 1191
606 1536
606 1639
606 1785
606 1839
607 620
607 651
607 838
607 971
607 1382
607 1476
607 1880
608 838
608 1094
608 1120
608 1643
608 1718
608 1781
609 1073
609 1077
609 1442
609 1483
609 1552
609 1833
610 627
610 674
610 679
610 752
610 755
610 1330
610 1688
610 1689
610 1723
611 660
611 717
611 1433
611 1435
611 1488
611 1554
611 1693
611 1833
611 1919
612 997
612 1039
612 1136
612 1192
612 1244
612 1471
612 1573
612 1756
612 1804
612 1882
613 697
613 1100
613 1168
613 1218
613 1791
614 755
614 1092
614 1820
614 1965
615 676
615 1006
615 1035
615 1075
615 1419
615 1515
615 1668
615 1862
615 1870
616 813
616 830
616 1300
616 1471
616 1776
616 1922
616 1929
617 903
617 1683
618 774
618 807
618 888
618 1035
618 1142
618 1329
618 1459
618 1506
618 1532
618 1573
618 1657
618 1859
619 1029
619 1396
619 1684
619 1691
619 1715
619 1980
620 808
620 835
620 975
620 1230
620 1620
620 1839
620 1934
620 1943
621 760
621 766
621 1018
621 1046
621 1288
621 1420
621 1504
621 1566
621 1742
621 1814
622 852
622 898
622 962
622 1382
622 1527
622 1612
622 1816
622 1896
623 808
623 852
623 1052
623 1287
623 1343
623 1421
623 1600
623 1817
624 764
624 993
624 1934
625 805
625 829
625 988
625 1111
625 1554
625 1746
625 1845
626 868
626 927
626 1434
626 1923
627 918
627 997
627 1249
627 1944
627 1957
627 1976
628 645
628 694
628 783
628 912
628 1033
628 1132
628 1214
628 1517
628 1574
629 1128
629 1397
629 1666
629 1875
630 1017
630 1064
630 1171
630 1174
630 1217
630 1242
630 1733
631 929
631 1264
631 1356
631 1448
631 1884
632 975
632 1077
632 1162
632 1289
632 1645
632 1882
632 1903
632 1924
632 1936
632 1955
633 1101
633 1335
633 1520
633 1729
634 699
634 707
634 1038
634 1251
634 1267
634 1316
634 1360
634 1385
634 1569
635 737
635 930
635 966
635 1105
635 1143
635 1506
635 1676
635 1848
636 1041
636 1105
636 1371
636 1513
636 1833
636 1877
637 664
637 1645
637 1687
637 1841
638 647
638 1054
638 1061
638 1092
638 1221
638 1300
638 1451
638 1673
638 1818
638 1855
639 667
639 698
639 750
639 957
639 1026
639 1292
639 1525
639 1881
640 676
640 976
640 1022
640 1157
640 1591
641 891
641 1440
641 1492
641 1531
641 1741
641 1752
642 797
642 854
642 923
642 1206
642 1300
643 1069
643 1082
643 1369
643 1564
643 1730
644 918
644 1285
644 1574
644 1587
644 1604
644 1896
644 1955
645 709
645 845
645 1059
645 1199
645 1497
645 1793
646 1049
646 1062
646 1288
646 1381
646 1397
646 1846
646 1903
647 818
647 1046
647 1309
647 1359
647 1542
647 1636
647 1823
648 1013
648 1023
648 1101
648 1175
648 1209
648 1374
648 1470
648 1540
649 760
649 1200
649 1515
649 1532
649 1553
649 1677
649 1703
649 1956
650 846
650 927
650 1075
650 1281
650 1448
650 1538
650 1585
650 1901
651 1252
651 1583
651 1746
652 1085
652 1411
652 1917
653 691
653 1003
653 1174
653 1312
653 1405
653 1699
654 679
654 741
654 977
654 1187
654 1912
655 877
655 888
655 889
655 947
655 1206
655 1833
656 1238
656 1251
656 1475
656 1748
657 1022
657 1055
657 1408
657 1457
657 1898
658 971
658 1176
658 1230
658 1426
658 1764
658 1998
659 786
659 1016
659 1301
659 1424
659 1627
660 841
660 842
660 908
660 1347
661 813
661 851
661 1428
661 1769
662 723
662 951
662 1084
662 1119
662 1200
662 1484
662 1586
662 1921
663 759
663 1509
663 1670
663 1806
663 1860
664 971
664 1188
664 1266
664 1341
664 1399
664 1613
664 1772
664 1840
665 758
665 842
665 850
665 1021
665 1036
665 1160
665 1253
665 1464
665 1469
665 1823
665 1905
666 1024
666 1050
666 1080
666 1462
666 1554
666 1673
666 1929
667 701
667 732
667 1038
667 1620
667 1637
667 1693
667 1812
667 1838
667 1963
668 719
668 827
668 1086
668 1444
669 722
669 937
669 1081
669 1248
669 1545
669 1752
669 1886
670 928
670 1034
670 1568
670 1673
670 1800
671 711
671 741
671 747
671 879
671 902
671 1839
671 1903
671 1933
672 752
672 1004
672 1308
672 1323
672 1357
672 1397
672 1664
672 1836
672 1896
672 1961
673 847
673 1032
673 1121
673 1215
673 1594
673 1724
673 1782
673 1824
673 1866
674 965
674 1107
674 1718
674 1839
674 1939
674 1969
675 690
675 901
675 996
675 1523
675 1580
675 1592
675 1607
675 1647
675 1817
676 889
676 965
676 1048
676 1095
676 1487
676 1510
676 1729
676 1813
677 876
677 1506
677 1673
677 1793
678 1346
678 1418
678 1611
678 1667
679 845
679 991
679 1072
679 1084
679 1107
679 1328
679 1377
679 1662
679 1748
679 1819
679 1859
679 1983
680 691
680 734
680 785
680 859
680 878
680 1328
680 1381
680 1413
680 1475
680 1586
680 1717
680 1845
681 802
681 857
681 911
681 929
681 1101
681 1893
681 1943
681 1969
682 750
682 775
682 1065
682 1172
682 1569
682 1925
682 1942
683 977
683 1261
683 1268
683 1396
683 1764
684 863
684 1747
685 753
685 1278
685 1308
685 1320
685 1514
685 1540
685 1741
685 1849
685 1891
686 959
686 967
686 1074
686 1123
686 1313
686 1407
686 1856
686 1871
686 1921
687 764
687 1038
687 1337
687 1489
687 1788
688 857
688 862
688 1328
688 1579
689 786
689 835
689 1358
689 1481
689 1821
689 1858
690 1623
690 1841
690 1958
691 988
691 1126
691 1165
691 1296
691 1435
691 1490
691 1503
691 1890
692 776
692 907
692 1637
692 1910
692 1941
692 1963
693 954
693 1131
693 1418
693 1462
693 1557
693 1577
694 836
694 889
694 1099
694 1411
694 1606
694 1719
695 1969
696 753
696 945
696 988
696 1055
696 1082
696 1137
696 1188
696 1232
696 1515
696 1607
696 1657
696 1740
696 1866
696 1909
697 698
697 873
697 1707
697 1978
698 1145
698 1207
698 1213
698 1227
698 1331
698 1375
698 1530
698 1672
698 1689
699 1224
699 1681
699 1786
700 877
700 912
700 1068
700 1151
700 1452
700 1847
701 717
701 835
701 901
701 999
701 1231
701 1819
702 998
702 1339
702 1589
703 1029
703 1213
703 1256
703 1392
704 1273
704 1452
704 1592
705 825
705 840
705 1014
705 1354
705 1395
705 1734
705 1810
705 1871
705 1887
705 1908
705 1937
706 740
706 1163
706 1255
706 1478
706 1503
706 1537
706 1869
707 768
707 779
707 880
707 1520
707 1883
708 726
708 1562
708 1727
709 1072
709 1407
709 1460
709 1526
709 1941
710 815
710 906
710 967
710 975
710 1873
710 1875
711 874
711 961
711 1070
711 1301
711 1351
711 1753
711 1831
712 830
712 1286
712 1325
712 1571
712 1721
713 980
713 1006
713 1057
713 1520
713 1642
713 1888
714 785
714 1013
714 1036
714 1077
714 1158
714 1178
714 1599
714 1641
714 1906
714 1966
715 937
715 956
715 1050
715 1353
715 1575
715 1628
716 772
716 1156
716 1175
716 1343
716 1346
716 1356
716 1431
716 1437
716 1648
716 1765
717 965
717 1119
717 1429
717 1543
717 1774
717 1883
718 1190
718 1242
718 1463
718 1612
718 1645
718 1863
718 1884
719 1164
719 1265
719 1386
719 1482
719 1735
720 814
720 1259
720 1461
720 1583
720 1609
720 1623
720 1674
720 1916
721 834
721 890
721 1404
721 1816
721 1990
722 1312
722 1320
722 1414
722 1660
722 1700
722 1709
722 1847
722 1998
723 1246
723 1350
724 731
724 1011
724 1190
724 1345
724 1744
725 911
725 1084
725 1273
725 1315
725 1431
725 1743
725 1982
726 1213
726 1250
726 1537
726 1976
727 804
727 831
727 856
727 884
727 1007
728 808
728 826
728 1532
728 1878
729 775
729 782
729 992
729 1074
729 1343
729 1606
729 1687
730 957
730 1033
730 1540
730 1596
731 899
731 1168
731 1255
731 1326
731 1349
731 1378
731 1589
731 1595
731 1714
732 805
732 930
732 1030
732 1092
732 1110
732 1366
732 1415
732 1613
732 1637
732 1831
732 1923
732 1925
733 903
733 1897
734 1016
734 1259
734 1388
734 1690
734 1947
735 820
735 1032
735 1107
735 1142
735 1442
735 1754
736 1097
736 1133
736 1183
736 1703
736 1790
736 1955
737 1321
737 1517
737 1687
737 1823
737 1837
737 1842
737 1970
738 754
738 934
738 1081
738 1120
738 1307
738 1611
738 1673
738 1710
739 1066
739 1488
739 1606
739 1703
739 1716
739 1895
739 1925
740 880
740 1010
740 1159
740 1222
740 1341
740 1373
740 1424
740 1464
740 1476
740 1562
740 1617
740 1648
741 794
741 1087
741 1453
741 1576
741 1747
741 1792
741 1886
742 789
742 867
742 1574
743 809
743 851
743 879
743 1367
743 1703
743 1890
743 1934
744 1406
744 1792
745 758
745 963
745 1161
745 1827
746 897
746 973
746 1366
746 1443
746 1467
746 1562
746 1795
747 839
747 858
747 1264
747 1289
747 1323
747 1349
747 1352
747 1384
747 1589
747 1679
747 1701
747 1833
748 911
748 972
748 1279
748 1636
748 1658
748 1747
748 1985
749 860
749 1214
749 1413
749 1662
750 759
750 988
750 1068
750 1279
750 1349
750 1861
751 1045
751 1085
751 1102
751 1117
751 1674
751 1722
752 900
752 1213
752 1680
752 1958
753 817
753 882
753 942
753 969
753 1264
753 1343
753 1503
753 1578
753 1665
753 1704
754 767
754 802
754 897
754 1099
754 1197
754 1261
754 1755
754 1758
755 1221
755 1245
755 1331
755 1400
755 1408
755 1432
755 1775
755 1784
756 1220
756 1314
756 1419
756 1844
756 1886
756 1963
757 842
757 939
757 1242
757 1756
758 769
758 828
758 870
758 875
758 913
758 1119
758 1207
758 1408
759 870
760 877
760 1347
760 1753
760 1901
760 1980
761 1068
761 1230
761 1279
761 1560
761 1703
762 800
762 1405
762 1868
762 1918
763 1073
763 1080
763 1696
763 1804
764 1241
764 1329
764 1468
764 1646
764 1655
764 1937
765 1128
765 1816
765 1914
766 769
766 987
766 1888
766 1942
767 872
767 1063
767 1315
767 1392
768 810
768 940
768 1127
768 1540
768 1674
768 1810
768 1879
769 998
769 1252
769 1316
770 1493
770 1769
771 1136
771 1317
771 1488
771 1692
772 828
772 850
772 1155
772 1233
772 1447
772 1580
772 1862
773 1050
773 1224
773 1237
773 1674
773 1675
773 1823
773 1824
774 961
774 1097
774 1144
774 1566
774 1572
774 1819
774 1926
775 876
775 1069
775 1814
776 1000
776 1090
776 1339
776 1342
776 1809
776 1868
776 1880
777 1341
777 1428
777 1979
778 941
778 985
778 1008
778 1303
778 1393
778 1497
778 1562
778 1668
778 1927
778 1974
779 1087
779 1145
779 1272
779 1301
779 1572
780 869
780 912
780 944
780 1071
780 1078
780 1644
780 1683
781 957
781 1117
781 1189
781 1196
781 1640
781 1680
781 1814
781 1894
781 1962
782 868
782 906
782 1349
782 1600
783 1636
783 1885
784 1004
785 904
785 1082
785 1279
785 1294
785 1535
785 1723
785 1994
786 1275
786 1324
786 1442
787 788
787 794
787 895
787 897
787 944
787 1043
787 1442
787 1451
787 1700
787 1926
787 1934
787 1959
788 855
788 1049
788 1192
788 1293
788 1418
788 1513
788 1704
788 1715
788 1798
789 1220
789 1588
789 1735
789 1877
790 858
790 1051
790 1059
790 1195
790 1418
790 1836
790 1935
791 861
791 914
791 1044
791 1426
791 1620
791 1793
791 1990
792 851
792 864
792 973
792 986
792 1193
792 1408
792 1526
792 1777
793 1132
793 1374
793 1429
793 1519
793 1647
793 1670
793 1726
793 1875
793 1885
794 988
794 1022
794 1763
795 889
795 1139
795 1336
795 1580
795 1588
795 1636
795 1663
796 895
796 921
796 1012
796 1128
796 1207
796 1292
796 1323
796 1880
797 869
797 958
797 1664
797 1666
798 949
798 968
798 979
798 1321
798 1371
798 1415
799 909
799 918
799 959
799 1082
799 1164
799 1463
799 1621
799 1641
799 1643
799 1699
800 930
800 959
800 1111
800 1743
801 1092
801 1285
801 1302
801 1400
801 1538
801 1779
801 1880
802 875
802 966
802 1040
802 1118
802 1343
802 1367
803 945
803 957
803 1012
803 1343
803 1529
803 1633
803 1673
803 1975
804 904
804 968
804 1098
804 1137
804 1604
804 1746
805 830
805 1030
805 1233
805 1323
805 1456
805 1461
805 1695
805 1697
805 1835
806 912
806 1134
806 1272
806 1448
806 1452
806 1485
807 910
807 1289
807 1409
807 1933
808 814
808 1053
808 1522
808 1605
808 1654
809 863
809 1153
809 1214
809 1217
809 1560
809 1599
810 951
810 1490
810 1630
810 1745
810 1754
810 1796
810 1916
811 838
811 1219
811 1282
811 1303
811 1365
811 1401
811 1434
811 1671
811 1708
811 1915
811 1921
812 1089
812 1313
812 1527
812 1576
812 1633
812 1639
813 878
813 1050
813 1239
813 1350
813 1548
813 1778
813 1799
813 1814
814 862
814 889
814 918
814 932
814 1132
814 1139
814 1211
814 1355
814 1526
814 1768
815 863
815 1471
815 1731
815 1754
815 1756
815 1943
816 931
816 1003
816 1108
816 1131
816 1245
816 1315
816 1565
816 1721
816 1826
816 1878
816 1942
816 1967
817 830
817 1136
817 1344
817 1395
817 1465
817 1807
817 1920
818 1012
818 1432
818 1497
818 1580
818 1670
818 1820
819 1110
819 1369
819 1584
819 1639
820 1335
820 1932
821 1735
821 1747
821 1824
822 922
822 924
822 1022
822 1295
822 1641
822 1768
822 1822
823 1142
823 1262
823 1315
823 1636
823 1842
823 1856
823 1991
824 855
824 1060
824 1177
824 1306
824 1310
824 1453
825 941
825 1003
825 1030
825 1311
825 1521
826 1488
826 1777
826 1824
827 862
827 1256
827 1779
828 897
828 1098
828 1099
828 1119
828 1287
828 1438
829 875
829 919
829 1090
829 1109
829 1125
829 1156
829 1177
829 1188
829 1409
829 1906
830 835
830 921
830 1020
830 1051
830 1254
830 1439
830 1692
830 1916
831 1204
831 1206
831 1521
831 1670
831 1920
832 1272
832 1304
832 1376
832 1533
832 1746
832 1829
833 922
833 1512
833 1690
833 1885
834 881
834 1187
834 1832
835 889
835 938
835 1133
835 1166
835 1186
835 1359
835 1365
835 1452
835 1492
835 1548
835 1751
836 1146
836 1307
836 1920
836 1972
837 871
837 1096
837 1320
837 1573
837 1739
837 1894
838 898
838 1118
838 1221
838 1311
838 1320
838 1506
838 1643
838 1671
838 1959
839 1427
839 1556
840 1125
840 1992
841 1287
841 1349
841 1711
841 1805
841 1819
842 1015
842 1040
842 1468
842 1587
842 1836
842 1857
842 1891
842 1985
843 871
843 881
843 1182
843 1263
843 1315
843 1415
843 1650
844 850
844 861
844 925
844 1777
845 1058
845 1106
845 1130
846 925
846 977
846 1158
846 1629
846 1636
847 1019
847 1507
847 1557
847 1894
848 1018
848 1499
848 1551
848 1939
849 1067
849 1389
849 1741
849 1875
849 1917
850 1676
850 1723
850 1801
851 865
851 921
851 926
851 1460
851 1498
851 1780
852 889
852 907
852 921
852 1260
852 1294
852 1365
852 1631
852 1877
852 1910
853 1124
853 1299
853 1586
853 1649
853 1705
854 878
854 903
854 925
854 1399
854 1456
855 951
855 1180
855 1186
855 1333
855 1791
855 1810
855 1944
856 1050
856 1351
856 1834
856 1845
856 1987
857 956
857 960
857 1331
858 1402
858 1571
858 1594
858 1708
858 1807
859 1460
859 1566
860 1349
860 1420
860 1663
860 1838
861 1276
861 1474
861 1648
862 1101
862 1274
862 1312
862 1367
863 1102
863 1950
864 923
864 1069
864 1228
864 1280
864 1284
864 1836
865 901
865 1207
865 1455
865 1724
865 1997
866 974
866 1818
867 1108
867 1196
867 1701
867 1798
867 1807
867 1856
867 1888
867 1905
867 1940
868 942
868 1315
868 1866
868 1904
869 952
869 965
869 1146
869 1461
869 1744
870 1027
870 1146
870 1288
870 1290
870 1337
870 1415
870 1508
870 1844
871 932
871 1451
871 1512
871 1699
871 1722
871 1814
872 1499
872 1908
872 1960
873 1048
873 1063
873 1203
873 1487
873 1910
874 1176
874 1266
874 1473
874 1558
874 1737
875 1400
875 1512
875 1539
875 1598
875 1796
875 1844
875 1922
875 1978
876 1022
876 1042
876 1381
876 1644
876 1817
877 885
877 1346
878 970
878 1016
878 1042
878 1360
878 1635
878 1638
878 1705
878 1863
878 1944
879 1132
879 1250
879 1325
879 1348
879 1353
879 1548
879 1746
879 1758
879 1971
880 975
880 1185
880 1635
880 1640
880 1744
880 1903
880 1904
880 1955
881 1066
881 1608
881 1614
881 1939
882 1215
882 1276
882 1336
882 1420
882 1460
882 1603
883 894
883 1145
883 1159
883 1400
883 1567
884 923
884 1744
884 1768
884 1902
885 1037
885 1137
885 1383
885 1581
885 1625
885 1768
885 1982
886 1047
886 1247
886 1531
886 1569
886 1995
887 1002
887 1122
887 1449
887 1546
887 1575
887 1636
888 1245
888 1686
888 1908
889 1312
889 1538
890 923
890 1000
890 1226
890 1256
890 1386
890 1545
890 1589
890 1613
890 1643
890 1883
891 979
891 1013
891 1231
891 1490
891 1829
892 1480
892 1656
892 1727
893 897
893 956
893 1494
893 1594
894 943
894 1002
894 1165
894 1369
894 1472
894 1595
894 1640
894 1741
894 1827
894 1925
895 1009
895 1038
895 1737
895 1771
895 1960
896 978
896 1336
896 1641
897 1008
897 1592
897 1808
897 1855
898 1241
898 1660
898 1739
898 1795
898 1855
898 1906
899 1320
899 1441
899 1500
899 1598
899 1630
899 1759
900 1058
900 1498
900 1704
900 1717
900 1813
901 951
901 1517
901 1589
902 969
902 1183
903 1262
903 1266
903 1312
904 1232
904 1341
904 1533
904 1787
905 1565
905 1632
905 1855
906 1184
906 1289
906 1492
906 1746
906 1782
907 1274
907 1558
907 1578
907 1936
908 990
908 1165
908 1248
908 1292
908 1640
908 1717
909 1007
909 1110
909 1250
909 1420
909 1500
909 1577
909 1675
909 1719
910 957
910 1212
910 1244
910 1693
910 1837
910 1891
911 1136
911 1387
911 1743
911 1852
911 1902
912 1166
912 1274
912 1284
912 1372
912 1677
912 1708
912 2000
913 1912
914 944
914 1333
914 1806
914 1898
914 1990
915 927
915 1095
915 1212
915 1537
915 1660
915 1678
915 1895
916 1236
916 1575
917 1079
917 1385
917 1670
918 1120
918 1124
918 1421
918 1538
918 1791
918 1907
919 1230
919 1341
919 1713
919 1725
919 1825
919 1912
919 1919
919 1970
920 1019
920 1086
920 1299
920 1619
920 1739
920 1861
920 1879
921 1308
921 1456
921 1628
921 1974
922 1521
922 1587
922 1736
923 1369
923 1740
924 1226
924 1399
925 945
925 1077
925 1344
925 1513
925 1720
925 1804
926 968
926 1027
926 1187
926 1282
926 1330
926 1637
926 1657
926 1799
926 1873
927 956
927 1189
927 1277
927 1430
927 1550
927 1763
927 1829
928 1238
928 1646
928 1813
929 1106
929 1164
929 1269
929 1274
929 1346
929 1608
929 1698
930 1661
930 1674
931 1060
931 1130
931 1372
931 1417
931 1432
931 1627
931 1881
932 996
932 1091
932 1141
932 1324
932 1439
932 1921
933 1229
933 1432
933 1487
933 1652
933 1703
933 1999
934 1559
934 1738
935 1162
935 1713
935 1771
935 1991
937 1039
937 1283
937 1529
937 1564
937 1985
938 1232
938 1649
938 1804
938 1919
939 1078
939 1213
939 1331
939 1349
939 1521
940 1198
940 1240
940 1328
940 1524
940 1821
941 1161
941 1430
941 1451
941 1536
941 1808
942 1239
942 1393
942 1396
942 1628
943 1161
943 1462
944 1017
944 1132
944 1679
944 1707
944 1922
945 961
945 1166
945 1181
945 1728
945 1832
946 982
946 1249
946 1376
946 1489
947 1501
947 1535
947 1575
947 1582
947 1586
947 1677
947 1689
947 1948
948 1490
948 1539
948 1843
948 1939
948 1950
949 1355
949 1373
949 1559
950 1140
950 1241
950 1293
950 1564
950 1798
950 1847
950 1902
950 1959
950 1972
951 1154
951 1159
951 1606
951 1907
952 1034
952 1266
952 1277
952 1654
952 1725
952 1776
952 1877
953 1081
953 1185
953 1480
953 1593
953 1902
954 962
954 1180
954 1362
954 1632
954 1710
954 1936
955 993
955 1285
955 1474
955 1806
955 1821
955 1915
956 1005
956 1174
957 1260
957 1282
957 1389
957 1618
957 1650
958 1031
958 1176
958 1186
958 1516
958 1907
958 1922
959 961
959 1072
959 1227
959 1245
959 1335
959 1833
960 963
960 1037
960 1318
960 1319
960 1602
960 1664
960 1791
961 1167
961 1779
961 1798
962 1074
962 1194
962 1240
962 1279
962 1316
962 1404
962 1469
962 1765
962 1801
962 1982
963 989
963 1030
963 1089
963 1146
963 1526
963 1535
964 1236
964 1535
964 1798
964 1953
965 1000
965 1046
965 1095
965 1320
965 1490
965 1528
965 1599
966 1162
966 1443
966 1851
967 1279
967 1979
968 1126
968 1428
968 1790
968 1886
968 1924
969 1261
969 1289
969 1388
969 1429
970 1663
970 1746
971 979
971 1630
971 1912
972 1061
972 1220
972 1274
972 1668
972 1838
973 1570
973 1605
973 1743
974 1306
974 1644
974 1704
975 1109
975 1385
975 1437
975 1446
975 1526
975 1723
976 1193
976 1208
976 1213
976 1251
976 1331
976 1650
976 1717
976 1834
976 1921
977 1019
977 1102
977 1474
977 1505
977 1547
977 1893
978 1142
978 1203
978 1277
978 1655
978 1854
978 1924
979 1132
979 1239
979 1348
979 1832
980 1151
980 1183
980 1195
980 1665
980 1858
980 1903
981 1048
981 1098
981 1268
981 1273
981 1389
981 1503
981 1617
982 1223
982 1228
983 1093
983 1124
983 1142
983 1269
983 1444
983 1486
983 1517
983 1548
983 1791
983 1809
984 990
984 1354
984 1403
984 1554
984 1622
984 1784
984 1957
985 1175
985 1419
985 1462
985 1515
985 1786
986 1079
986 1282
986 1459
986 1771
986 1878
987 1140
987 1453
988 1265
988 1337
988 1423
988 1473
988 1568
988 1625
988 1870
989 1077
989 1308
989 1639
989 1654
989 1796
989 1827
990 1395
990 1405
990 1563
990 1601
991 1342
991 1912
992 1574
992 1691
992 1843
992 1991
993 1063
993 1550
993 1586
994 1117
994 1165
994 1368
994 1434
994 1655
994 1817
995 1078
995 1292
995 1816
996 1387
996 1389
996 1768
997 1057
997 1275
997 1470
997 1688
998 1139
998 1264
998 1690
999 1681
999 1798
1000 1128
1000 1153
1000 1217
1000 1535
1001 1190
1001 1198
1001 1328
1001 1537
1001 1658
1001 1783
1001 1998
1002 1065
1002 1224
1002 1280
1002 1392
1002 1482
1002 1504
1002 1704
1003 1102
1003 1594
1004 1008
1004 1029
1004 1337
1004 1589
1004 1628
1004 1839
1005 1313
1005 1788
1006 1234
1006 1340
1006 1435
1006 1477
1006 1770
1007 1048
1007 1076
1007 1817
1008 1369
1008 1558
1008 1760
1009 1011
1009 1055
1009 1331
1009 1401
1009 1455
1009 1531
1009 1539
1009 1580
1009 1645
1009 1669
1009 1731
1009 1804
1009 1863
1010 1013
1010 1136
1010 1152
1010 1345
1010 1423
1010 1501
1010 1559
1010 1568
1011 1055
1011 1119
1011 1327
1011 1614
1011 1932
1012 1221
1012 1309
1012 1576
1013 1437
1013 1562
1013 1806
1013 1811
1013 1962
1014 1133
1014 1232
1014 1254
1014 1322
1014 1339
1014 1574
1014 1577
1014 1644
1014 1796
1014 1832
1015 1146
1015 1161
1015 1364
1015 1705
1015 1728
1015 1762
1015 1999
1016 1193
1016 1194
1016 1325
1016 1772
1017 1158
1017 1240
1017 1311
1017 1717
1017 1766
1018 1155
1018 1237
1018 1453
1018 1520
1018 1969
1019 1279
1019 1374
1019 1378
1019 1645
1019 1862
1019 1936
1020 1407
1020 1560
1020 1624
1021 1219
1021 1241
1021 1273
1021 1312
1021 1474
1021 1476
1021 1725
1021 1900
1021 1964
1022 1152
1022 1367
1022 1535
1022 1828
1023 1310
1023 1585
1023 1634
1023 1644
1023 1720
1023 1820
1023 1821
1023 1930
1024 1082
1024 1314
1024 1415
1024 1682
1024 1698
1024 1901
1025 1204
1025 1568
1025 1680
1025 1916
1026 1162
1026 1267
1026 1487
1027 1459
1028 1039
1028 1322
1028 1799
1029 1150
1029 1337
1029 1593
1029 1856
1030 1564
1030 1829
1030 1914
1031 1156
1031 1574
1031 1688
1033 1071
1033 1134
1033 1164
1033 1438
1033 1659
1033 1790
1033 1818
1033 1851
1033 1925
1034 1264
1034 1462
1034 1500
1034 1516
1034 1726
1035 1549
1035 1627
1035 1633
1035 1695
1035 1722
1035 1886
1036 1103
1036 1242
1036 1313
1036 1477
1036 1727
1036 1987
1037 1326
1037 1374
1037 1398
1037 1425
1037 1506
1037 1640
1037 1649
1037 1897
1038 1046
1038 1074
1038 1090
1038 1182
1038 1274
1038 1304
1038 1410
1038 1585
1039 1168
1039 1241
1039 1318
1039 1454
1039 1463
1039 1547
1039 1586
1039 1937
1040 1207
1040 1383
1041 1112
1041 1181
1041 1289
1041 1317
1041 1362
1041 1372
1041 1443
1041 1626
1041 1900
1042 1200
1042 1378
1042 1459
1042 1656
1042 1885
1043 1416
1043 1515
1043 1918
1044 1081
1044 1364
1044 1653
1044 1982
1045 1192
1045 1581
1045 1909
1045 1988
1046 1077
1046 1321
1046 1537
1046 1546
1046 1690
1047 1329
1047 1463
1047 1537
1047 1927
1048 1116
1048 1311
1048 1709
1048 1805
1049 1083
1049 1951
1050 1107
1050 1427
1050 1665
1050 1962
1050 1985
1051 1309
1051 1506
1051 1692
1052 1060
1052 1187
1052 1277
1052 1403
1053 1415
1053 1493
1053 1500
1053 1571
1053 1677
1054 1144
1054 1197
1054 1231
1054 1398
1054 1965
1055 1101
1055 1112
1055 1198
1055 1667
1055 1680
1055 1859
1055 1870
1055 1970
1055 1981
1056 1073
1056 1555
1056 1676
1056 1803
1057 1273
1057 1938
1058 1230
1058 1677
1058 1759
1059 1107
1059 1772
1060 1200
1060 1286
1060 1544
1060 1749
1060 1826
1060 1902
1061 1598
1061 1800
1062 1225
1062 1432
1062 1789
1063 1131
1063 1374
1063 1522
1063 1619
1063 1640
1063 1912
1063 1967
1063 1990
1064 1077
1064 1206
1064 1445
1064 1971
1065 1148
1065 1156
1065 1513
1065 1902
1066 1492
1066 1601
1066 1661
1066 1777
1066 1819
1066 1825
1066 1927
1067 1184
1067 1314
1067 1353
1067 1474
1067 1560
1067 1587
1068 1144
1068 1251
1068 1289
1068 1407
1068 1538
1068 1576
1069 1103
1069 1318
1069 1370
1069 1385
1069 1494
1069 1726
1070 1409
1070 1591
1070 1807
1070 1872
1071 1124
1071 1314
1071 1416
1071 1527
1072 1080
1072 1098
1072 1168
1072 1247
1072 1352
1072 1439
1072 1956
1072 1989
1073 1185
1073 1639
1074 1160
1074 1169
1074 1826
1074 1855
1075 1516
1075 1526
1075 1752
1075 1945
1076 1266
1076 1303
1076 1372
1076 1416
1076 1520
1077 1261
1077 1293
1077 1375
1078 1162
1078 1204
1078 1305
1078 1541
1078 1701
1078 1784
1078 1913
1079 1396
1079 1402
1079 1470
1080 1115
1080 1147
1080 1205
1080 1337
1080 1577
1081 1138
1081 1320
1081 1417
1081 1639
1081 1689
1081 1693
1081 1731
1081 1872
1082 1106
1082 1124
1082 1187
1083 1098
1083 1587
1084 1103
1084 1430
1084 1548
1084 1681
1085 1202
1085 1631
1085 1646
1085 1688
1085 1713
1085 1962
1086 1159
1086 1196
1086 1506
1087 1213
1087 1220
1087 1361
1087 1530
1087 1662
1088 1190
1088 1252
1088 1262
1088 1472
1088 1678
1089 1477
1089 1899
1089 1988
1090 1149
1090 1175
1090 1519
1090 1553
1091 1113
1091 1375
1091 1935
1092 1125
1092 1500
1092 1736
1092 1754
1093 1254
1093 1704
1093 1791
1093 1870
1093 1926
1094 1488
1094 1701
1094 1810
1094 1832
1095 1247
1095 1542
1095 1600
1096 1342
1096 1449
1096 1564
1096 1597
1096 1666
1096 1958
1097 1795
1097 1799
1097 1891
1098 1128
1098 1435
1098 1673
1099 1311
1099 1350
1099 1397
1099 1561
1099 1665
1099 1748
1099 1808
1100 1723
1100 1829
1100 1901
1100 1905
1100 1923
1101 1190
1101 1623
1102 1141
1102 1227
1102 1291
1102 1405
1102 1464
1102 1721
1102 1818
1102 1840
1102 1891
1102 1938
1102 1997
1103 1383
1104 1338
1104 1361
1104 1424
1105 1155
1105 1314
1105 1937
1106 1154
1106 1562
1106 1658
1106 1805
1106 1827
1106 1849
1107 1279
1107 1338
1107 1339
1107 1340
1107 1704
1107 1813
1107 1953
1107 1989
1108 1727
1109 1387
1109 1528
1109 1774
1109 1841
1110 1210
1110 1266
1110 1403
1110 1497
1110 1612
1110 1687
1111 1614
1111 1652
1111 1858
1111 1961
1112 1128
1112 1206
1112 1436
1112 1482
1113 1457
1113 1859
1114 1270
1114 1667
1114 1801
1114 1909
1114 1959
1115 1241
1115 1535
1115 1935
1116 1141
1116 1268
1116 1306
1116 1490
1116 1753
1117 1355
1117 1842
1118 1136
1118 1618
1118 1666
1118 1702
1118 1897
1118 1900
1119 1363
1119 1386
1119 1587
1119 1920
1119 1962
1120 1121
1120 1134
1120 1181
1120 1224
1120 1337
1120 1577
1120 1743
1120 1871
1120 1881
1121 1156
1121 1352
1121 1598
1121 1647
1122 1281
1122 1732
1122 1795
1122 1908
1123 1311
1124 1187
1124 1360
1124 1411
1124 1625
1124 1932
1124 1991
1125 1387
1125 1632
1125 1779
1126 1134
1126 1597
1126 1631
1126 1945
1127 1201
1127 1938
1128 1171
1128 1224
1128 1475
1128 1480
1128 1555
1128 1942
1129 1247
1130 1508
1130 1629
1130 1751
1130 1871
1131 1427
1131 1453
1131 1535
1131 1570
1131 1722
1132 1416
1132 1592
1133 1375
1133 1640
1134 1214
1134 1285
1134 1429
1134 1613
1134 1708
1134 1727
1134 1862
1134 1982
1135 1362
1135 1461
1135 1736
1135 1868
1135 1901
1136 1338
1136 1351
1136 1500
1136 1693
1136 1843
1137 1345
1137 1468
1137 1956
1138 1313
1138 1489
1138 1592
1138 1619
1138 1926
1139 1279
1139 1361
1139 1610
1139 1678
1139 1754
1139 1813
1139 1839
1140 1205
1140 1557
1140 1826
1141 1280
1141 1392
1141 1697
1141 1727
1141 1774
1142 1165
1142 1227
1142 1373
1142 1412
1142 1456
1142 1774
1142 1911
1143 1304
1143 1878
1144 1434
1144 1774
1144 1828
1144 1896
1145 1589
1145 1671
1145 1883
1146 1325
1146 1525
1146 1737
1146 1778
1146 1889
1146 1912
1146 1968
1147 1265
1147 1342
1147 1351
1147 1475
1148 1463
1148 1528
1148 1786
1149 1579
1149 1586
1149 1793
1149 1962
1150 1193
1150 1334
1150 1583
1150 1663
1150 1930
1151 1165
1151 1218
1151 1284
1151 1304
1151 1393
1151 1434
1151 1548
1151 1862
1152 1224
1152 1543
1152 1559
1152 1915
1153 1164
1153 1258
1153 1848
1154 1258
1154 1547
1154 1845
1155 1901
1155 1987
1156 1396
1156 1437
1156 1500
1156 1700
1156 1716
1156 1759
1157 1337
1158 1668
1159 1363
1159 1374
1160 1311
1160 1348
1160 1387
1160 1858
1161 1407
1161 1497
1161 1546
1161 1812
1161 1927
1162 1459
1162 1890
1163 1350
1163 1509
1163 1832
1163 1920
1164 1198
1164 1245
1164 1396
1164 1865
1165 1444
1165 1445
1165 1669
1166 1268
1166 1345
1166 1405
1166 1407
1166 1865
1167 1297
1167 1471
1168 1456
1168 1525
1168 1746
1168 1818
1169 1329
1169 1635
1169 1853
1170 1384
1170 1388
1170 1410
1170 1511
1170 1699
1170 1709
1170 1717
1171 1231
1171 1648
1171 1675
1171 1881
1171 1954
1172 1268
1172 1487
1172 1538
1172 1753
1172 1845
1172 1926
1173 1177
1173 1324
1173 1361
1173 1476
1173 1836
1174 1188
1174 1532
1174 1857
1174 1942
1175 1235
1175 1405
1175 1433
1175 1504
1175 1631
1175 1722
1176 1256
1176 1389
1176 1569
1177 1373
1177 1849
1177 1908
1178 1272
1178 1314
1178 1508
1178 1607
1178 1773
1178 1797
1178 1932
1179 1195
1179 1376
1179 1397
1179 1642
1180 1321
1180 1639
1180 1706
1180 1873
1181 1268
1181 1407
1181 1494
1181 1579
1181 1959
1181 1966
1182 1820
1183 1886
1184 1246
1184 1679
1185 1268
1185 1687
1186 1536
1186 1610
1186 1886
1186 1911
1187 1309
1187 1330
1187 1377
1187 1408
1187 1480
1188 1232
1188 1332
1188 1872
1189 1200
1189 1267
1189 1366
1189 1535
1189 1572
1189 1765
1190 1349
1190 1824
1190 1938
1191 1306
1191 1308
1191 1435
1191 1771
1192 1315
1192 1497
1193 1201
1193 1296
1193 1298
1193 1375
1193 1442
1193 1539
1193 1869
1194 1378
1194 1450
1194 1575
1195 1423
1195 1627
1195 1638
1195 1643
1196 1433
1196 1571
1196 1610
1196 1717
1197 1268
1198 1218
1198 1332
1198 1421
1199 1613
1200 1204
1200 1512
1200 1564
1200 1662
1200 1714
1201 1538
1201 1719
1201 1771
1201 1997
1202 1212
1202 1220
1202 1376
1202 1543
1202 1764
1203 1231
1203 1494
1203 1642
1203 1790
1204 1994
1205 1324
1205 1333
1206 1251
1206 1521
1206 1542
1206 1781
1206 1788
1207 1387
1208 1597
1208 1625
1209 1265
1209 1577
1210 1726
1211 1471
1211 1750
1211 1987
1212 1308
1212 1382
1213 1366
1214 1264
1214 1606
1215 1277
1215 1666
1215 1711
1215 1957
1215 1990
1216 1354
1216 1356
1216 1509
1216 1530
1216 1534
1216 1982
1217 1429
1217 1675
1217 1887
1218 1488
1218 1705
1218 1782
1218 1850
1219 1402
1219 1633
1219 1667
1220 1227
1220 1353
1220 1395
1220 1411
1220 1449
1220 1522
1220 1608
1221 1288
1221 1746
1221 1932
1222 1388
1223 1255
1223 1280
1223 1395
1223 1667
1223 1767
1223 1816
1224 1417
1225 1242
1225 1273
1226 1555
1226 1957
1226 1973
1227 1406
1227 1531
1228 1430
1228 1656
1229 1396
1229 1557
1229 1574
1229 1742
1229 1775
1229 1962
1230 1523
1230 1526
1230 1558
1230 1916
1230 1919
1231 1272
1231 1395
1232 1410
1232 1763
1232 1801
1233 1250
1233 1542
1233 1620
1233 1772
1233 1848
1234 1280
1234 1551
1235 1478
1235 1643
1235 1723
1235 1733
1236 1535
1236 1675
1236 1705
1237 1287
1237 1388
1237 1437
1237 1599
1238 1368
1238 1409
1238 1445
1238 1581
1238 1619
1239 1272
1239 1570
1240 1587
1240 1596
1240 1720
1240 1801
1242 1304
1242 1462
1243 1476
1243 1522
1243 1687
1244 1353
1244 1415
1244 1448
1244 1589
1244 1609
1244 1737
1244 1996
1245 1296
1245 1397
1245 1474
1245 1524
1245 1788
1246 1247
1246 1365
1247 1587
1247 1941
1248 1304
1248 1646
1248 1743
1248 1777
1249 1353
1249 1355
1249 1801
1250 1342
1250 1595
1250 1628
1250 1903
1250 1930
1251 1260
1251 1546
1251 1635
1252 1314
1252 1340
1252 1929
1252 1955
1253 1608
1253 1633
1253 1670
1253 1832
1253 1922
1254 1423
1254 1830
1254 1886
1255 1378
1255 1846
1255 1989
1256 1418
1256 1421
1256 1625
1256 1748
1257 1446
1257 1566
1257 1726
1257 1785
1257 1796
1257 1902
1258 1564
1258 1725
1258 1746
1259 1308
1259 1711
1259 1775
1259 1944
1260 1668
1260 1950
1261 1447
1261 1491
1261 1540
1261 1668
1261 1806
1261 1811
1262 1297
1262 1318
1262 1834
1263 1290
1263 1425
1263 1504
1264 1305
1264 1334
1264 1355
1264 1628
1265 1267
1265 1277
1265 1492
1265 1795
1265 1891
1265 1979
1266 1359
1266 1973
1267 1554
1267 1612
1268 1809
1270 1301
1270 1317
1270 1859
1271 1432
1271 1614
1271 1671
1271 1791
1271 1894
1272 1406
1272 1783
1272 1933
1273 1317
1273 1543
1273 1548
1273 1640
1273 1729
1273 1837
1273 1853
1273 1992
1274 1353
1274 1477
1275 1360
1275 1592
1275 1775
1275 1942
1275 1961
1276 1464
1276 1786
1276 1984
1277 1397
1277 1484
1277 1768
1277 1809
1277 1825
1278 1397
1278 1480
1278 1767
1278 1898
1278 1919
1278 1928
1279 1314
1279 1441
1280 1484
1280 1500
1280 1826
1280 1927
1280 1930
1280 1935
1281 1886
1281 1909
1281 1986
1282 1785
1282 1996
1284 1433
1284 1575
1284 1779
1284 1820
1284 1874
1285 1299
1285 1603
1286 1354
1286 1375
1286 1381
1286 1770
1287 1315
1287 1758
1287 1960
1289 1483
1289 1540
1289 1641
1289 1712
1289 1765
1289 1809
1289 1871
1289 1930
1290 1388
1290 1553
1291 1311
1291 1633
1292 1352
1292 1456
1292 1464
1292 1904
1293 1394
1293 1478
1294 1811
1295 1938
1296 1634
1296 1995
1297 1410
1297 1467
1297 1548
1298 1662
1299 1437
1299 1588
1299 1697
1300 1551
1300 1626
1300 1724
1300 1771
1300 1876
1301 1660
1302 1648
1302 1794
1303 1355
1303 1509
1303 1622
1303 1938
1304 1430
1304 1497
1304 1577
1304 1725
1304 1776
1305 1370
1305 1489
1305 1537
1305 1812
1305 1816
1305 1936
1305 1998
1306 1339
1307 1492
1307 1795
1308 1342
1308 1348
1308 1536
1308 1550
1309 1462
1309 1589
1309 1749
1309 1825
1310 1984
1311 1356
1311 1843
1312 1465
1312 1538
1312 1723
1312 1898
1312 1906
1312 1937
1312 1964
1313 1448
1313 1686
1313 1919
1314 1650
1314 1800
1314 1964
1315 1381
1315 1501
1315 1824
1315 1969
1316 1485
1316 1803
1317 1323
1317 1397
1317 1468
1317 1735
1318 1583
1318 1910
1318 1942
1319 1567
1319 1788
1320 1405
1320 1532
1320 1587
1320 1681
1320 1727
1320 1738
1320 1816
1320 1847
1321 1633
1321 1854
1321 1954
1322 1455
1322 1653
1322 1774
1323 1418
1323 1560
1324 1604
1324 1736
1324 1762
1325 1422
1325 1802
1325 1949
1326 1771
1326 1779
1327 1356
1327 1665
1327 1673
1327 1845
1328 1354
1328 1447
1328 1579
1328 1756
1329 1594
1329 1665
1329 1875
1329 1997
1330 1787
1330 1854
1331 1464
1331 1592
1331 1608
1332 1335
1332 1507
1332 1561
1332 1864
1332 1944
1332 1955
1333 1471
1333 1517
1333 1882
1334 1362
1335 1425
1335 1528
1335 1541
1336 1438
1336 1936
1337 1672
1337 1868
1337 1877
1337 1996
1338 1772
1339 1400
1339 1439
1339 1449
1339 1888
1339 1980
1340 1373
1340 1868
1341 1532
1342 1482
1342 1488
1342 1519
1342 1987
1343 1725
1343 1996
1344 1634
1344 1891
1344 1930
1344 1949
1345 1431
1345 1477
1345 1607
1345 1615
1345 1940
1346 1367
1346 1606
1347 1593
1347 1892
1347 1913
1348 1394
1348 1849
1349 1787
1349 1904
1350 1370
1350 1747
1350 1779
1350 1995
1351 1358
1351 1619
1352 1408
1352 1492
1352 1540
1352 1651
1352 1736
1353 1639
1353 1742
1354 1360
1354 1414
1354 1449
1354 1575
1354 1640
1354 1666
1354 1730
1355 1436
1355 1499
1355 1506
1355 1565
1355 1869
1355 1922
1356 1717
1358 1907
1358 1970
1359 1537
1359 1667
1359 1749
1359 1760
1360 1677
1360 1848
1360 1897
1361 1622
1361 1692
1361 1834
1361 1872
1361 1922
1362 1550
1362 1627
1362 1991
1363 1516
1363 1678
1363 1948
1365 1539
1365 1922
1366 1546
1366 1582
1366 1617
1366 1682
1366 1927
1367 1413
1367 1493
1367 1637
1367 1713
1367 1735
1367 1895
1367 1957
1368 1447
1368 1517
1368 1649
1368 1879
1368 1940
1369 1569
1369 1624
1369 1728
1369 1888
1369 1896
1370 1430
1370 1548
1370 1700
1370 1779
1370 1877
1371 1392
1371 1395
1371 1982
1372 1455
1372 1726
1372 1929
1373 1620
1373 1876
1373 1961
1374 1564
1374 1614
1374 1930
1374 1945
1375 1551
1375 1818
1376 1559
1376 1853
1377 1406
1377 1806
1378 1751
1379 1877
1379 1910
1380 1604
1380 1738
1380 1749
1381 1382
1381 1861
1382 1393
1382 1454
1382 1630
1382 1839
1383 1523
1384 1441
1384 1459
1384 1627
1384 1774
1384 1982
1385 1399
1385 1945
1386 1448
1386 1626
1386 1668
1386 1669
1386 1688
1387 1599
1387 1718
1387 1957
1388 1413
1388 1580
1388 1866
1388 1903
1389 1417
1389 1461
1390 1824
1390 1928
1391 1512
1391 1912
1391 1936
1391 1962
1392 1565
1392 1578
1392 1884
1393 1415
1393 1472
1393 1766
1394 1542
1394 1889
1394 1915
1395 1399
1395 1649
1395 1709
1395 1744
1395 1963
1396 1409
1396 1429
1396 1692
1397 1605
1398 1566
1398 1974
1399 1900
1400 1415
1400 1470
1400 1799
1400 1859
1401 1479
1401 1737
1401 1759
1402 1417
1402 1454
1402 1461
1402 1565
1402 1584
1402 1596
1402 1792
1402 1895
1403 1780
1403 1966
1404 1445
1404 1568
1404 1606
1404 1845
1405 1412
1405 1654
1405 1839
1406 1551
1407 1534
1407 1748
1407 1888
1407 1907
1408 1623
1408 1973
1409 1881
1410 1647
1410 1826
1411 1564
1411 1605
1411 1834
1411 1838
1411 1876
1411 1962
1411 1980
1412 1481
1412 1750
1412 1855
1412 1922
1413 1698
1413 1875
1413 1983
1415 1878
1416 1445
1416 1831
1417 1499
1417 1864
1418 1441
1418 1512
1418 1521
1418 1923
1419 1632
1419 1697
1419 1728
1420 1454
1420 1669
1420 1970
1421 1660
1421 1952
1422 1614
1422 1711
1422 1764
1422 1790
1422 1827
1423 1510
1423 1530
1424 1571
1424 1587
1424 1709
1424 1939
1425 1471
1427 1718
1427 1915
1427 1989
1428 1464
1428 1486
1428 1567
1428 1678
1428 1737
1428 1841
1429 1490
1429 1616
1429 1628
1429 1656
1429 1687
1429 1826
1429 1900
1430 1509
1430 1517
1430 1843
1430 1975
1431 1483
1431 1835
1432 1442
1432 1479
1432 1698
1432 1963
1432 1998
1434 1511
1434 1520
1434 1595
1434 1754
1434 1804
1435 1631
1435 1864
1435 1982
1436 1492
1436 1541
1436 1556
1436 1860
1436 1943
1436 1981
1436 1995
1438 1611
1438 1853
1438 1928
1439 1562
1439 1690
1439 1705
1439 1707
1440 1561
1440 1719
1440 1756
1441 1565
1441 1586
1441 1836
1441 1857
1442 1733
1442 1735
1442 1781
1442 1804
1442 1927
1443 1493
1443 1502
1443 1700
1443 1703
1444 1579
1444 1701
1444 1717
1444 1794
1445 1477
1445 1494
1445 1561
1445 1669
1446 1524
1446 1554
1446 1634
1446 1912
1447 1755
1447 1794
1447 1979
1448 1684
1448 1923
1449 1494
1449 1907
1449 1933
1450 1606
1450 1697
1450 1821
1450 1877
1450 1886
1451 1904
1451 1935
1452 1503
1452 1910
1452 1925
1453 1565
1453 1675
1453 1722
1453 1955
1454 1776
1455 1618
1455 1684
1455 1723
1455 1939
1456 1530
1456 1695
1456 1703
1457 1510
1459 1755
1460 1476
1460 1578
1462 1739
1463 1722
1465 1491
1465 1899
1466 1485
1466 1570
1466 1578
1468 1722
1468 1963
1469 1534
1469 1753
1469 1769
1469 1878
1470 1522
1470 1523
1470 1814
1471 1554
1472 1628
1472 1671
1472 1716
1472 1813
1472 1946
1474 1612
1474 1844
1474 1849
1475 1704
1475 1786
1475 1905
1476 1706
1476 1993
1477 1819
1477 1860
1477 1887
1478 1642
1478 1691
1478 1833
1478 1892
1479 1661
1480 1869
1480 1945
1480 1969
1480 1975
1481 1488
1481 1617
1482 1733
1482 1865
1483 1741
1483 1761
1484 1493
1484 1538
1484 1744
1484 1936
1485 1672
1485 1685
1485 1798
1485 1892
1485 1949
1486 1762
1487 1536
1487 1541
1487 1606
1488 1547
1488 1647
1488 1752
1488 1895
1489 1703
1489 1788
1490 1687
1491 1541
1491 1827
1491 1832
1492 1533
1492 1535
1492 1687
1492 1865
1493 1973
1494 1889
1495 1512
1495 1846
1496 1599
1497 1521
1498 1627
1498 1738
1500 1550
1500 1636
1500 1915
1500 1973
1500 1981
1500 1997
1501 1589
1501 1854
1501 1907
1501 1946
1502 1569
1502 1743
1502 1813
1502 1856
1503 1571
1503 1983
1504 1526
1505 1697
1505 1750
1505 1842
1506 1517
1506 1552
1506 1854
1507 1624
1507 1649
1507 1680
1507 1779
1507 1861
1507 1876
1507 1889
1507 1905
1508 1850
1509 1739
1509 1816
1510 1675
1510 1752
1510 1907
1511 1553
1511 1996
1512 1548
1512 1569
1512 1637
1512 1801
1512 1828
1512 1878
1514 1530
1514 1886
1515 1755
1515 1817
1516 1742
1516 1745
1516 1844
1517 1578
1517 1602
1517 1741
1517 1982
1518 1580
1518 1805
1518 1905
1519 1590
1519 1863
1520 1522
1520 1645
1521 1916
1522 1526
1522 1865
1522 1934
1523 1674
1523 1903
1523 1980
1524 1935
1525 1648
1525 1734
1525 1756
1526 1584
1526 1712
1526 1972
1527 1700
1527 1801
1528 1683
1529 1803
1529 1939
1530 1731
1530 1809
1531 1567
1531 1686
1531 1790
1532 1646
1532 1930
1533 1681
1534 1711
1534 1741
1535 1744
1535 1861
1535 1919
1536 1839
1536 1889
1536 1921
1537 1660
1537 1889
1537 1967
1537 1996
1538 1946
1539 1933
1539 1969
1540 1694
1540 1793
1540 1859
1543 1651
1543 1721
1544 1594
1544 1596
1545 1714
1545 1905
1545 1928
1546 1690
1546 1933
1547 1573
1547 1863
1547 1918
1548 1743
1548 1858
1548 1884
1549 1601
1549 1646
1549 1846
1550 1925
1551 1613
1552 1747
1554 1574
1554 1795
1554 1991
1555 1766
1555 1817
1555 1961
1556 1582
1556 1706
1556 1820
1556 1879
1557 1777
1557 1854
1559 1589
1559 1998
1560 1664
1561 1695
1561 1743
1561 1833
1562 1813
1563 1614
1563 1771
1563 1805
1564 1865
1564 1937
1565 1654
1565 1799
1565 1851
1565 1975
1565 1979
1566 1679
1566 1681
1566 1871
1566 1887
1567 1870
1567 1908
1568 1894
1569 1666
1570 1586
1570 1975
1571 1783
1571 1904
1572 1583
1572 1663
1573 1769
1573 1919
1574 1854
1575 1668
1575 1692
1576 1876
1576 1952
1576 1975
1578 1590
1578 1779
1579 1600
1579 1621
1579 1944
1580 1780
1580 1813
1580 1815
1582 1630
1582 1867
1582 1965
1582 1981
1583 1608
1583 1723
1583 1924
1584 1716
1584 1801
1585 1896
1586 1725
1586 1733
1587 1647
1588 1849
1589 1806
1589 1849
1590 1856
1590 1872
1590 1959
1591 1748
1591 1955
1592 1862
1592 1931
1593 1828
1593 1882
1594 1831
1594 1866
1596 1914
1597 1670
1597 1882
1598 1708
1598 1883
1598 1904
1598 1945
1598 1946
1599 1611
1599 1631
1599 1730
1599 1738
1599 1955
1599 1963
1600 1736
1600 1757
1601 1683
1601 1933
1601 1960
1602 1911
1603 1819
1603 1862
1603 1873
1603 1991
1604 1623
1604 1763
1604 1806
1604 1834
1606 1768
1606 1876
1606 1889
1607 1679
1607 1688
1607 1725
1607 1734
1608 1836
1608 1847
1608 1926
1609 1858
1609 1984
1610 1672
1610 1841
1610 1947
1610 1979
1611 1884
1611 1907
1611 1908
1612 1724
1613 1994
1614 1643
1616 1676
1616 1748
1616 1884
1617 1861
1617 1870
1617 1893
1618 1641
1618 1744
1620 1797
1620 1806
1620 1822
1620 1939
1622 1758
1622 1815
1622 1885
1622 1950
1623 1755
1625 1936
1625 2000
1626 1842
1627 1704
1627 1815
1627 1897
1628 1646
1628 1922
1628 1970
1629 1787
1629 1877
1629 1966
1629 1982
1630 1646
1630 1809
1631 1655
1631 1991
1632 1777
1633 1756
1633 1858
1633 1953
1634 1816
1634 1895
1636 1862
1636 1961
1637 1684
1638 1716
1638 1856
1638 1870
1639 1887
1640 1717
1640 1761
1641 1832
1641 1842
1643 1710
1643 1993
1644 1791
1644 1929
1645 1702
1645 1724
1645 1868
1646 1707
1647 1850
1647 1854
1648 1695
1648 1827
1648 1935
1649 1651
1649 1766
1649 1777
1650 1722
1650 1737
1650 1830
1651 1714
1651 1867
1651 1895
1652 1970
1653 1842
1653 1889
1654 1655
1654 1879
1655 1739
1657 1802
1658 1799
1658 1967
1659 1706
1659 1721
1659 1759
1659 1773
1659 1960
1660 1697
1660 1758
1661 1664
1661 1847
1661 1874
1661 1896
1664 1740
1665 1670
1665 1815
1666 1756
1666 1903
1666 1977
1667 1701
1667 1900
1668 1837
1668 1891
1670 1969
1671 1880
1671 1911
1672 1927
1673 1903
1673 1997
1674 1687
1674 1838
1675 1689
1675 1969
1676 1923
1676 1926
1678 1705
1683 1859
1684 1819
1684 1869
1688 1709
1688 1787
1688 1896
1689 1803
1689 1813
1689 1992
1690 1710
1690 1763
1692 1895
1693 1840
1693 1946
1694 1795
1694 1820
1694 1916
1694 1983
1695 1700
1695 1790
1695 1809
1698 1757
1700 1772
1700 1875
1700 1894
1700 1926
1701 1754
1701 1759
1701 1866
1704 1748
1704 1819
1706 1935
1707 1868
1707 1950
1708 1765
1708 1842
1708 1917
1709 1726
1709 1765
1710 1958
1711 1869
1711 1982
1713 1757
1713 1924
1714 1840
1714 1878
1714 1946
1715 1785
1715 1791
1716 1835
1717 1911
1718 1837
1718 1904
1718 1990
1719 1805
1720 1968
1722 1997
1723 1893
1724 1985
1725 1944
1727 1907
1727 1986
1727 1989
1728 1770
1729 1781
1731 1949
1733 1958
1734 1864
1735 1936
1736 1989
1737 1923
1738 1855
1738 1897
1739 1916
1739 1971
1740 1746
1740 1786
1741 1847
1742 1756
1742 1830
1742 1878
1742 1905
1742 1943
1743 1879
1743 1899
1745 1818
1745 1862
1746 1764
1746 1976
1747 1891
1748 1853
1748 1884
1748 1898
1748 1985
1749 1884
1751 1858
1752 1757
1752 1962
1753 1956
1755 1838
1756 1920
1757 1923
1760 1896
1763 1921
1763 1981
1764 1925
1765 1983
1766 1833
1766 1874
1767 1937
1768 1815
1768 1851
1768 1969
1770 1791
1771 1927
1771 1928
1775 1824
1776 1930
1777 1782
1777 1872
1778 1904
1778 1963
1778 1987
1779 1872
1780 1981
1781 1791
1782 1969
1783 1829
1783 1872
1783 1981
1784 1846
1785 1800
1788 1836
1788 1904
1790 1959
1792 1948
1793 1825
1793 1989
1798 1937
1802 1983
1803 1819
1803 1896
1804 1826
1806 1873
1806 1961
1807 1841
1807 1971
1810 1947
1811 1887
1812 1947
1813 1950
1814 1886
1815 1848
1815 1903
1816 1915
1817 1919
1820 1859
1820 1919
1825 1950
1826 1914
1827 1917
1827 1952
1829 1983
1830 1844
1831 1889
1834 1953
1836 1937
1837 1948
1837 1960
1840 1862
1842 1938
1842 1941
1842 1992
1847 1868
1847 1961
1847 1973
1848 1889
1848 1940
1850 1936
1852 1920
1853 1942
1855 1937
1857 1943
1859 1886
1861 1909
1861 1913
1861 1928
1862 1898
1862 1939
1868 1878
1868 1930
1868 1956
1868 1977
1871 1973
1872 1935
1872 1959
1872 1968
1873 1896
1873 1924
1873 1955
1874 1960
1875 1929
1875 1965
1876 1971
1877 1993
1879 1929
1879 1937
1881 1933
1883 1890
1884 1940
1885 1897
1888 1968
1889 1949
1891 1913
1894 1979
1894 1984
1898 1949
1899 1986
1900 1956
1901 1956
1905 1936
1906 1999
1907 1988
1910 1991
1912 1931
1915 1996
1921 1960
1922 1955
1927 1998
1929 1986
1930 1975
1932 1937
1933 1973
1934 1979
1935 1949
1935 1980
1937 1991
1943 1993
1946 1966
1947 1981
1948 1963
1951 1953
1951 1988
1957 1973
1964 1969