2000
1 1367
2 935
2 940
3 322
3 942
3 1889
3 1922
4 380
4 954
4 975
4 1899
5 35
5 500
5 1244
6 629
6 924
6 1744
7 583
7 625
7 1027
8 667
8 801
8 956
8 1947
9 257
10 37
10 1295
10 1497
10 1659
10 1719
11 22
11 418
11 610
12 185
12 1041
13 384
13 1200
13 1203
14 563
14 1467
14 1808
14 1909
14 1979
15 379
15 497
15 916
15 1276
15 1702
15 1946
16 804
16 1759
17 477
17 583
17 1149
17 1373
17 1452
17 1652
17 1697
17 1772
19 803
19 1824
20 738
20 857
20 1672
21 703
21 855
21 1702
21 1754
22 433
23 1375
24 122
24 716
24 1750
24 1994
25 197
25 428
25 460
25 1983
26 737
26 805
27 793
28 247
28 773
28 1413
29 186
29 832
31 1054
31 1937
32 278
33 1461
33 1701
34 60
34 400
34 612
34 1360
34 1512
35 200
36 705
36 906
36 992
36 1888
37 415
37 787
37 1154
37 1329
37 1581
38 1542
38 1557
38 1970
39 211
39 879
39 1388
40 1215
40 1932
41 483
41 1127
41 1267
42 878
42 975
42 1038
42 1198
42 1535
43 609
43 1412
44 74
45 64
45 757
45 833
46 351
46 916
47 353
47 933
48 920
48 1514
48 1813
49 195
49 392
49 871
49 1817
50 94
50 637
51 304
51 1176
51 1329
51 1391
51 1606
52 882
53 1072
53 1157
54 1106
54 1325
54 1637
54 1801
54 1911
55 418
55 589
55 1239
55 1531
56 97
56 1153
56 1332
57 63
57 345
57 606
57 1823
57 1833
57 1910
58 976
58 1359
58 1683
59 71
59 235
59 1412
60 1145
60 1862
61 352
61 1781
62 1328
62 1534
63 774
64 163
64 505
64 904
64 1077
65 592
65 1743
65 1864
66 1554
67 192
67 398
67 801
67 962
68 331
68 591
68 965
68 1022
68 1973
69 455
69 504
69 1154
69 1396
70 328
70 964
70 1131
70 1759
70 1874
71 1153
71 1443
71 1452
71 1464
72 866
72 979
72 1732
73 473
73 959
74 540
74 896
74 1573
75 1071
75 1683
76 146
76 843
77 599
77 1092
77 1262
77 1808
77 1838
78 526
78 943
78 1062
78 1682
78 1693
79 211
79 1091
79 1237
79 1572
80 750
80 1121
80 1189
82 363
82 518
82 969
82 1188
82 1650
83 84
83 1166
83 1209
84 1774
84 1819
85 927
85 1772
86 258
87 200
87 658
87 1342
88 282
88 327
88 1341
88 1461
88 1938
89 225
89 1742
91 128
91 1127
91 1885
92 860
92 1589
92 1623
92 1764
92 1840
93 471
93 631
93 776
93 1321
93 1529
93 1671
94 1942
95 1339
95 1346
96 630
96 1503
97 463
97 674
97 786
97 1074
97 1166
98 631
98 1480
99 1093
99 1845
100 326
100 586
100 820
100 1150
100 1333
101 111
101 1656
102 108
102 145
102 342
102 1927
103 472
103 859
103 1179
103 1650
103 1949
104 371
104 1634
104 1792
105 1006
105 1133
105 1179
105 1594
105 1735
105 1993
106 357
106 623
106 1557
107 1817
108 319
108 1031
109 217
109 326
109 1114
110 378
110 399
110 460
110 620
110 841
110 1736
110 1762
111 1042
112 1126
112 1451
112 1550
112 1899
113 696
114 939
114 1654
115 786
115 1018
115 1375
116 395
117 333
117 638
117 641
117 1844
118 282
118 370
118 490
118 648
118 656
118 1028
119 283
119 689
119 1786
119 1999
120 959
120 1806
121 855
121 1932
122 642
122 996
123 1217
123 1275
123 1685
123 1807
123 1859
123 1903
124 287
124 1012
125 1322
126 484
126 513
126 581
127 1367
127 1523
128 988
129 1543
130 143
130 438
130 1353
131 621
132 892
132 1184
132 1293
132 1403
133 226
133 1993
134 252
134 872
134 1119
134 1132
135 519
135 817
135 1299
136 853
136 988
136 1033
136 1050
136 1494
137 192
137 1230
137 1368
137 1566
138 469
138 728
138 852
138 1041
138 1226
139 916
139 1947
140 213
140 395
140 1998
141 1931
142 1609
142 1627
142 1976
143 199
143 462
143 734
143 1686
143 1981
145 497
145 638
145 881
145 1015
146 982
146 1015
147 257
147 1718
148 646
148 797
148 1915
148 1937
149 263
149 814
149 1264
150 275
150 414
150 1153
150 1289
150 1720
151 955
151 1219
152 643
152 979
153 468
153 780
153 1741
154 1175
155 287
155 471
155 1012
155 1045
155 1220
156 339
156 514
156 546
156 1010
157 657
157 771
157 967
157 1322
157 1351
157 1391
157 1528
158 399
158 480
158 588
158 1507
159 1407
160 1390
160 1502
161 1245
161 1854
162 707
162 812
162 1660
162 1974
163 1317
163 1512
163 1639
163 1993
164 244
164 593
164 851
164 960
164 1340
164 1872
165 577
165 1074
166 811
166 1704
166 1797
167 302
167 762
167 871
167 1380
168 249
168 1073
168 1688
168 1844
169 1536
170 722
170 1379
170 1739
171 247
171 287
171 455
172 176
172 687
172 1560
173 779
173 818
174 244
176 1195
177 333
177 531
177 1899
178 1714
179 279
180 1007
180 1204
180 1449
180 1503
181 396
181 678
181 1099
181 1105
181 1238
182 411
182 691
183 323
183 640
184 559
184 1618
185 215
185 1207
185 1714
187 449
187 1091
187 1253
187 1698
187 1811
188 470
188 1741
189 443
189 450
189 850
189 1087
189 1114
190 311
190 929
190 1245
190 1250
191 605
191 1623
191 1961
193 1364
193 1684
193 1896
193 1912
194 222
194 833
194 1330
195 564
195 725
195 1541
195 1618
195 1625
196 712
196 826
196 828
196 1438
197 265
197 786
197 1521
198 1585
199 1799
199 1947
200 1230
200 1289
201 1658
201 1991
202 1387
203 1010
203 1086
203 1149
203 1164
204 517
204 1009
204 1651
204 1781
204 1851
204 1983
205 810
205 1510
205 1927
206 1221
209 213
209 394
209 825
209 1747
209 1951
210 1907
211 441
211 462
212 1002
212 1226
212 1269
212 1414
212 1489
212 1788
213 508
213 1265
213 1641
215 472
215 1147
216 1087
216 1295
217 445
217 591
218 310
218 585
218 1128
218 1154
218 1164
219 416
219 881
219 1006
219 1862
219 1982
221 864
222 1608
223 1623
224 1928
224 1931
225 678
225 1569
226 304
226 998
226 1415
227 862
228 269
228 714
228 1033
228 1821
229 739
229 791
229 1611
229 1677
230 505
230 1792
231 321
231 821
232 653
232 753
233 250
233 330
233 820
234 545
234 1358
235 730
235 1372
235 1482
236 642
236 660
236 1474
237 298
237 341
237 551
237 638
237 703
237 951
237 1537
237 1816
238 378
238 1913
242 265
242 1391
242 1737
243 279
244 1386
246 1866
247 1278
247 1515
247 1750
248 1138
248 1566
248 1608
248 1696
249 1086
249 1880
250 835
250 963
250 970
251 1156
251 1814
252 265
252 811
253 1337
254 409
254 1659
255 669
255 878
255 1050
255 1103
255 1608
256 309
256 916
256 1408
256 1549
256 1768
257 622
257 725
257 1478
257 1998
258 285
258 1151
258 1291
258 1789
259 340
259 967
259 968
260 1448
261 442
261 1287
261 1518
262 1831
263 518
265 353
265 708
265 1201
265 1348
266 378
267 826
267 829
267 1690
268 525
268 716
268 1116
268 1773
269 1644
269 1697
270 412
270 416
270 1476
271 422
271 606
271 889
272 1053
274 1621
274 1791
275 910
277 1667
278 613
278 1141
279 1359
280 402
280 621
280 1014
280 1139
280 1256
280 1913
281 1131
281 1605
282 323
283 408
283 678
283 1725
283 1781
284 990
285 557
285 1029
286 993
286 1420
287 289
287 632
287 1511
288 957
288 1287
288 1872
289 968
289 1782
292 665
292 726
292 922
294 427
294 947
294 1291
295 365
295 480
296 1499
297 462
297 570
297 923
297 1703
297 1874
297 1894
298 382
298 809
298 1624
298 1942
298 1955
299 1879
300 421
301 1891
302 878
302 1257
302 1387
302 1921
302 1985
303 366
303 1270
303 1459
305 553
305 947
305 1506
305 1616
306 517
306 1393
306 1649
307 1217
308 352
308 523
308 1367
308 1422
308 1503
308 1602
308 1687
309 784
309 1505
310 897
310 1150
311 909
311 974
311 1171
311 1204
312 367
312 793
312 922
312 976
312 1177
312 1256
312 1536
313 407
313 547
313 1509
313 1537
314 637
314 792
314 929
314 1162
314 1368
315 670
315 852
316 1650
317 474
317 1598
318 1297
318 1668
319 391
319 414
319 562
319 676
319 1316
320 768
320 862
320 1577
320 1624
320 1782
321 335
321 541
321 1347
321 1844
322 364
322 1749
322 1991
323 397
323 557
323 879
323 1693
325 1176
325 1939
327 1238
327 1340
328 596
328 1601
329 1686
329 1926
330 338
330 1848
330 1916
331 580
331 1300
331 1697
331 1789
332 793
333 1068
333 1898
334 1220
334 1936
336 1145
336 1184
337 1991
337 1993
338 577
340 447
340 1021
341 783
341 887
341 944
341 959
341 1646
342 372
342 480
342 1781
343 807
343 1450
343 1569
343 1669
344 447
344 620
344 1970
345 393
346 691
346 892
347 491
347 1396
347 1493
347 1842
348 417
348 564
348 779
348 1996
349 811
350 650
350 1070
350 1786
350 1952
351 936
352 483
353 1419
354 661
354 998
354 1488
355 1373
356 916
356 1312
357 934
358 470
358 972
358 1377
358 1642
360 1978
361 1100
362 765
362 1229
362 1659
363 396
363 887
363 1205
364 1639
365 693
365 1632
365 1981
366 823
366 1129
366 1175
366 1639
367 1915
368 862
369 955
370 379
370 1162
371 1150
371 1327
374 592
374 865
375 829
375 1398
375 2000
376 1791
376 1798
377 1590
378 564
379 864
379 1647
379 1674
380 1663
381 516
381 1542
382 1287
383 1148
383 1159
383 1836
384 503
384 656
384 1452
385 1139
385 1343
385 1722
386 1196
387 1615
387 1816
388 514
388 548
388 1270
388 1902
389 693
390 531
390 796
390 896
390 1193
390 1252
391 613
391 1027
391 1288
391 1402
392 1606
394 1970
396 633
396 1417
397 944
397 1481
397 1631
398 477
398 774
398 822
398 839
398 1125
399 410
399 442
399 1128
399 1188
399 1234
400 717
400 1623
400 1978
401 1649
402 803
404 1617
404 1861
405 874
405 1892
406 926
407 1350
407 1784
408 1378
409 1362
410 1379
410 1543
412 415
412 600
412 679
412 1770
412 1930
413 630
414 608
414 797
414 1295
414 1308
415 997
415 1182
416 1223
416 1575
416 1636
417 585
417 1310
417 1613
418 477
418 1024
418 1321
419 1503
420 967
420 1053
420 1894
421 751
421 1824
422 608
422 1641
423 648
423 740
423 1070
423 1389
423 1586
423 1835
424 436
424 598
424 1315
424 1788
425 1934
426 606
426 981
426 1551
426 1629
426 1945
427 700
427 1375
429 1800
431 538
432 1062
433 458
433 485
433 948
436 490
436 1223
436 1396
436 1417
437 1160
438 860
438 1836
439 629
439 1490
440 1141
441 813
441 894
441 1467
441 1633
442 458
442 619
442 689
442 1591
442 1705
443 824
444 1632
445 655
445 745
445 947
445 1545
445 1660
445 1672
446 1121
447 702
447 1377
448 1089
448 1227
448 1846
449 646
449 1346
449 1410
450 539
450 789
450 1168
451 1392
452 1336
452 1944
453 874
453 1455
453 1778
454 907
454 1834
455 1262
456 535
456 854
456 984
457 1685
457 1692
457 1855
458 686
458 726
458 1230
459 739
460 633
460 1233
460 1755
461 1017
461 1436
461 1963
462 553
462 936
462 1079
462 1622
463 813
463 1394
464 557
464 1150
464 1168
464 1195
465 696
465 886
465 1291
466 608
466 756
466 1300
466 1591
466 1955
467 555
467 567
467 1562
467 1649
468 678
469 624
469 818
470 594
470 629
470 828
472 1096
472 1127
474 821
474 1433
475 693
476 718
476 1296
476 1556
476 1990
478 763
478 865
479 1094
479 1529
480 598
480 934
480 1038
481 530
481 833
481 1918
482 733
482 992
482 1202
482 1475
482 1620
483 804
483 942
483 1363
485 1478
486 1778
487 813
488 627
488 844
488 934
488 1553
488 1900
489 1678
490 1037
490 1065
491 1338
491 1848
492 780
492 875
493 1794
495 522
495 775
495 1394
497 559
497 650
497 655
498 1233
499 598
499 1057
499 1568
499 1849
500 667
502 1159
502 1254
502 1453
502 1457
503 1251
503 1287
503 1299
504 520
504 593
504 1329
504 1360
504 1383
505 506
505 816
505 941
505 1103
505 1473
506 761
506 993
508 1116
508 1944
509 1160
509 1811
510 1378
511 957
511 1199
511 1209
511 1292
511 1342
513 851
513 969
513 1214
513 1326
514 537
514 1032
515 747
515 919
516 570
516 1945
517 1012
517 1417
518 1255
518 1309
519 1640
520 1862
521 1800
522 970
522 1706
525 632
525 786
525 904
525 1489
525 1771
526 650
526 1512
526 1658
526 1730
527 674
527 1308
528 1110
528 1301
528 1903
529 964
529 1449
530 1413
530 1827
531 1217
531 1485
532 1685
532 1843
533 552
533 954
533 1045
533 1622
534 653
534 743
534 963
534 1590
535 1960
536 541
536 1703
537 1188
537 1345
537 1524
537 1949
538 901
539 1468
540 867
540 1443
540 1929
541 1135
541 1560
541 1607
541 1703
542 560
542 1024
543 915
544 997
544 1975
546 739
546 1040
547 1064
548 877
548 1199
548 1353
549 734
549 915
549 924
551 903
551 1400
551 1448
552 578
552 1429
553 1792
555 699
556 1128
556 1962
557 711
557 928
558 609
559 705
559 1907
560 1304
560 1828
560 1880
561 647
561 1582
563 1028
563 1552
563 1696
563 1719
563 1836
564 1395
564 1576
565 960
565 1487
565 1999
568 847
569 576
569 1950
570 996
570 1793
572 710
573 1143
573 1541
574 1151
575 725
575 1757
576 690
576 1594
577 1598
577 1619
577 1817
577 1819
578 1494
579 1944
580 870
580 1370
580 1514
581 1822
582 1469
583 1914
584 1709
585 1785
585 1923
586 733
586 1014
587 1395
587 1814
588 1205
588 1612
589 1137
589 1199
589 1608
590 906
590 1144
591 786
591 903
591 1246
592 663
592 950
592 1610
593 676
593 966
593 1722
594 1182
597 1143
598 677
598 823
599 1179
599 1577
600 941
600 983
600 1380
600 1443
600 1484
601 680
601 1235
601 1491
601 1613
602 1352
602 1965
603 962
603 1014
603 1790
603 1813
604 1128
604 1255
604 1407
604 1473
606 1020
606 1371
607 1102
607 1800
608 655
609 1071
610 1323
610 1600
610 1794
610 1982
611 619
611 1714
613 1505
613 1535
613 1743
614 1878
615 1472
615 1508
615 1669
617 1125
617 1641
620 1429
621 655
621 1275
622 632
622 1543
622 1994
623 1361
624 1065
625 645
625 986
625 1387
625 1452
626 716
626 721
626 1756
628 1482
629 630
629 1371
629 1467
629 1971
630 791
631 1434
632 757
633 768
633 779
633 799
633 979
633 1070
634 741
634 791
634 1378
635 1236
636 788
637 1591
638 1254
638 1394
639 1528
639 1966
640 1028
640 1221
643 1042
643 1339
643 1466
643 1920
643 1964
644 1222
645 683
645 1243
645 1746
646 927
646 1407
647 1006
647 1883
648 733
648 1294
649 1080
649 1420
649 1702
649 1895
650 844
650 1303
650 1711
651 1456
651 1533
652 863
653 1772
653 1792
653 1895
655 765
655 813
655 1874
655 1915
656 759
656 782
656 1508
656 1519
657 1200
657 1852
659 1342
660 1733
660 1787
661 923
662 1006
662 1284
663 1949
664 1412
665 1635
666 1126
666 1421
666 1717
666 1773
666 1816
667 714
667 1721
668 967
668 1123
668 1595
668 1744
669 755
670 1031
670 1280
670 1397
671 756
671 1496
671 1668
671 1862
672 1662
672 1705
673 942
673 1270
674 1216
674 1428
674 1505
675 1503
675 1738
676 1840
677 958
677 982
677 1926
678 726
678 1082
678 1122
679 828
679 1348
679 1727
680 695
680 1232
680 1808
681 880
683 944
683 1318
684 814
684 1270
686 1462
687 1480
688 1959
690 1203
691 998
691 1106
691 1535
692 1425
692 1780
693 1742
694 1176
695 1313
695 1981
696 845
696 1662
697 1951
698 741
698 1048
698 1565
698 1976
699 1298
699 1478
699 1594
699 1782
700 1043
700 1242
701 855
702 905
703 1543
704 786
704 1281
704 1909
705 1474
705 1498
707 858
708 1382
709 859
711 716
711 1827
711 1988
712 1032
712 1517
713 1280
714 952
715 1122
716 924
716 1086
716 1192
716 1295
717 1119
718 811
718 1076
718 1774
719 1269
719 1482
719 1518
720 972
720 1060
722 960
722 965
722 1887
723 915
723 1344
723 1390
724 964
725 1046
725 1293
726 1460
727 744
727 1605
727 1634
728 1706
729 1406
729 1505
729 1678
730 851
732 995
732 1516
734 1928
735 1009
735 1473
736 1381
736 1550
737 1900
738 1286
738 1293
739 1668
740 1511
740 1585
741 879
741 1144
741 1459
741 1658
741 1797
742 1039
743 1438
743 1465
743 1582
744 1735
745 1524
745 1597
745 1895
746 987
747 797
748 1034
749 1692
749 1703
751 1169
751 1440
752 1108
752 1627
753 1283
753 1499
754 1004
755 896
755 1541
755 1579
755 1940
756 1049
756 1576
757 1634
757 1859
758 908
758 1595
759 1197
759 1958
760 1160
760 1837
761 1585
762 1757
762 1783
762 1919
762 1936
762 1961
763 1190
764 900
764 1246
765 1183
767 909
767 1141
767 1265
767 1273
767 1598
768 800
768 1495
769 890
769 1688
769 1820
771 1956
772 1225
772 1393
774 1250
774 1353
774 1821
776 1210
779 791
779 1292
779 1946
780 1236
781 1637
783 1116
783 1517
783 1523
783 1987
784 948
784 1490
785 1714
787 1723
787 1755
788 1387
789 823
789 1251
790 1209
790 1575
791 1606
792 1694
793 1988
794 1283
795 1127
795 1407
795 1504
795 1565
796 810
796 1322
796 1396
797 1766
798 1089
798 1245
798 1350
798 1799
800 819
800 907
800 1931
801 1490
801 1591
801 1744
802 1647
802 1822
803 1054
803 1484
804 1555
804 1668
804 1684
805 1013
805 1297
805 1601
806 872
806 898
806 1041
806 1250
807 984
807 1154
808 972
808 1551
808 1653
809 1752
810 910
810 1220
810 1861
811 881
811 1742
811 1837
813 1085
813 1223
813 1295
813 1430
813 1455
813 1966
814 1494
814 1518
815 905
815 1171
815 1698
816 1047
816 1552
816 1698
817 1009
818 1062
818 1159
818 1390
818 1505
819 1439
819 1454
819 1793
819 1937
820 1381
820 1518
820 1963
821 882
822 842
823 1369
823 1567
824 1837
826 1498
826 1856
827 1482
829 1250
829 1424
830 1226
830 1814
831 1406
831 1648
831 1844
832 1214
832 1418
833 1116
835 1498
835 1797
835 1967
836 1852
837 1574
838 1043
839 1349
839 1639
839 1756
839 1791
840 1628
841 1698
842 1096
842 1744
843 1259
843 1750
844 1121
845 1432
845 1828
846 895
847 1176
847 1563
847 1850
847 1999
850 1084
851 1036
851 1653
851 1669
853 1047
855 1067
855 1188
855 1841
856 1410
856 1522
856 1722
856 1953
857 1630
857 1987
858 859
858 1105
858 1380
859 1468
859 1766
860 1075
860 1100
860 1382
860 1609
861 987
861 1102
861 1357
862 1798
863 974
863 1331
863 1684
864 996
864 1166
866 1444
866 1586
867 1841
868 1064
869 875
869 1130
869 1279
869 1442
869 1464
869 1581
869 1672
869 1859
871 1207
871 1733
871 1826
873 1539
875 993
875 1683
876 1413
876 1528
876 1961
877 1163
878 1761
878 1977
879 1414
880 920
880 1197
880 1975
881 1042
881 1195
882 892
882 1998
885 1447
885 1770
888 1063
889 1073
889 1097
890 1181
890 1731
890 1895
890 1983
892 1167
892 1445
893 1667
894 1176
894 1359
895 1289
895 1608
895 1727
895 1744
895 1745
896 1014
896 1232
898 1867
899 1923
900 1890
901 1826
902 929
902 1592
903 1033
903 1302
904 1400
904 1802
904 1981
905 1503
906 1838
907 1031
907 1625
908 1342
908 1504
908 1522
909 1231
909 1307
909 1431
909 1521
909 1639
909 1717
910 1206
911 1005
911 1019
912 1086
912 1826
912 1950
912 1964
913 941
913 1073
913 1310
915 931
915 1979
917 1386
918 1052
918 1173
918 1747
919 1822
920 1671
920 1695
921 1247
921 1301
921 1879
921 1993
922 1035
922 1520
922 1884
923 950
923 1144
923 1529
923 1545
924 1439
924 1585
924 1687
925 1425
925 1542
925 1543
926 1182
927 1273
927 1529
927 1784
928 1267
929 1318
929 1797
930 1126
930 1436
930 1677
930 1920
933 1004
933 1157
933 1333
933 1862
934 1082
934 1251
934 1445
936 1104
936 1688
937 1710
938 1148
939 1001
939 1307
939 1323
939 1620
939 1815
940 1445
940 1573
941 990
941 1944
942 1357
942 1645
942 1846
942 1971
943 950
943 1004
943 1105
943 1246
943 1453
945 1347
945 1618
946 1408
947 1322
948 1263
948 1451
949 1148
950 1705
950 1781
950 1983
951 1446
951 1648
956 1580
957 1012
957 1071
957 1693
958 1390
958 1429
958 1532
959 1502
960 1932
962 1375
962 1630
963 1057
963 1310
964 1146
964 1738
964 1912
964 1964
967 1768
967 1836
970 1874
970 1888
972 1555
972 1845
974 1032
974 1186
974 1531
976 1087
976 1466
976 1915
978 1644
979 1312
979 1393
980 1442
980 1590
980 1801
980 1843
981 1256
981 1564
982 1607
983 1111
983 1227
983 1736
984 1489
984 1519
985 1292
985 1293
985 1336
985 1705
987 1803
989 1555
990 1003
990 1225
990 1551
990 1703
990 1839
991 1109
991 1396
991 1554
991 1943
991 1955
992 1038
993 1058
993 1397
994 1342
994 1577
994 1648
995 1283
996 1216
997 1355
997 1624
997 1718
997 1753
998 1962
999 1057
999 1942
1000 1020
1000 1249
1001 1004
1001 1037
1001 1078
1001 1721
1001 1820
1002 1060
1002 1135
1002 1298
1003 1528
1004 1185
1005 1153
1006 1030
1006 1350
1006 1756
1007 1849
1007 1932
1008 1400
1011 1206
1011 1218
1012 1155
1012 1952
1013 1228
1013 1396
1016 1067
1016 1529
1016 1819
1017 1190
1018 1898
1020 1389
1020 1435
1021 1158
1021 1642
1021 2000
1022 1390
1022 1422
1022 1448
1022 1531
1023 1991
1024 1789
1025 1576
1026 1194
1026 1473
1027 1210
1027 1923
1028 1186
1028 1599
1030 1888
1031 1067
1031 1122
1033 1144
1033 1580
1035 1238
1035 1739
1036 1041
1038 1305
1038 1878
1039 1766
1040 1936
1041 1218
1041 1799
1041 1937
1042 1799
1043 1427
1043 1612
1043 1834
1043 1976
1044 1472
1045 1263
1046 1751
1047 1374
1047 1489
1048 1493
1049 1513
1050 1487
1051 1409
1052 1160
1052 1691
1053 1063
1053 1174
1054 1557
1054 1854
1056 1355
1057 1304
1058 1558
1060 1132
1060 1203
1060 1728
1063 1112
1064 1410
1064 1516
1064 1533
1066 1603
1067 1189
1068 1177
1068 1564
1070 1300
1070 1301
1070 1364
1070 1464
1070 1572
1070 1722
1071 1158
1072 1452
1074 1093
1074 1190
1075 1269
1075 1533
1075 1592
1075 1637
1076 1147
1076 1185
1076 1335
1077 1188
1078 1249
1078 1606
1079 1310
1081 1605
1082 1169
1082 1365
1082 1958
1084 1134
1084 1748
1085 1395
1085 1943
1086 1405
1087 1725
1087 1746
1087 1766
1087 1866
1087 1907
1087 1974
1088 1656
1088 1742
1089 1519
1091 1819
1091 1914
1092 1536
1095 1993
1096 1993
1097 1342
1097 1557
1098 1429
1098 1926
1101 1922
1103 1198
1103 1578
1103 1701
1103 1850
1105 1304
1106 1146
1106 1651
1108 1447
1111 1667
1112 1690
1113 1753
1114 1168
1114 1452
1115 1126
1116 1757
1117 1120
1117 1227
1118 1267
1118 1674
1118 1920
1119 1992
1120 1776
1121 1565
1121 1593
1121 1621
1122 1159
1123 1922
1124 1249
1125 1678
1125 1880
1126 1411
1126 1875
1127 1261
1127 1994
1128 1848
1130 1775
1131 1480
1132 1421
1133 1332
1133 1863
1134 1157
1134 1231
1134 1849
1135 1591
1135 1999
1136 1806
1138 1356
1138 1511
1139 1438
1139 1943
1140 1460
1141 1478
1141 1746
1141 1810
1141 1911
1142 1709
1143 1538
1143 1652
1144 1848
1145 1717
1146 1285
1151 1240
1151 1322
1151 1781
1152 1199
1152 1539
1152 1859
1154 1445
1154 1767
1154 1774
1155 1897
1156 1161
1156 1201
1157 1745
1159 1358
1159 1671
1160 1639
1160 1823
1161 1264
1162 1270
1162 1860
1163 1843
1165 1219
1165 1282
1165 1305
1166 1390
1166 1493
1170 1950
1171 1212
1172 1711
1173 1182
1174 1522
1174 1704
1175 1964
1176 1265
1177 1281
1177 1469
1178 1884
1178 1932
1179 1400
1180 1401
1181 1635
1181 1682
1182 1411
1182 1642
1184 1497
1185 1231
1185 1416
1185 1981
1186 1852
1189 1521
1189 1769
1190 1590
1192 1403
1192 1508
1192 1769
1194 1838
1195 1460
1195 2000
1198 1539
1198 1635
1200 1559
1201 1519
1201 1573
1202 1718
1202 1962
1203 1999
1205 1370
1205 1559
1207 1275
1208 1229
1208 1238
1209 1496
1210 1238
1212 1851
1213 1383
1213 1784
1215 1580
1216 1390
1216 1681
1216 1841
1216 1879
1217 1896
1218 1585
1218 1903
1219 1832
1221 1619
1221 1656
1223 1672
1224 1501
1226 1251
1226 1870
1227 1254
1227 1640
1230 1506
1230 1762
1230 1816
1232 1938
1234 1602
1234 1720
1236 1288
1237 1463
1239 1283
1240 1941
1241 1934
1242 1275
1242 1521
1244 1814
1245 1403
1246 1261
1246 1554
1246 1848
1247 1809
1248 1468
1248 1937
1249 1807
1250 1734
1251 1546
1252 1393
1252 1693
1253 1733
1254 1345
1254 1773
1255 1484
1255 1851
1256 1475
1257 1424
1258 1372
1258 1386
1258 1634
1260 1677
1260 1836
1260 1888
1261 1281
1261 1382
1262 1471
1262 1492
1262 1802
1264 1414
1265 1336
1266 1747
1269 1741
1270 1774
1271 1463
1272 1317
1273 1746
1273 1859
1274 1399
1274 1845
1277 1969
1278 1411
1278 1582
1278 1915
1279 1817
1280 1481
1281 1880
1282 1961
1282 1972
1284 1303
1284 1587
1285 1427
1287 1523
1287 1644
1287 1773
1287 1873
1288 1436
1288 1755
1289 1445
1289 1482
1289 1597
1290 1761
1292 1507
1295 1704
1295 1980
1297 1693
1298 1907
1301 1608
1303 1422
1304 1312
1305 1417
1306 1910
1309 1391
1309 1876
1311 1571
1311 1698
1312 1521
1312 1950
1314 1698
1314 1850
1314 1873
1315 1684
1315 1958
1316 1533
1316 1962
1319 1909
1319 1953
1320 1915
1321 1884
1322 1445
1322 1561
1323 1467
1323 1770
1324 1504
1324 1859
1326 1921
1327 1524
1327 1698
1327 1725
1331 1371
1331 1916
1332 1584
1332 1637
1333 1554
1333 1647
1333 1759
1334 1499
1336 1511
1338 1650
1338 1778
1339 1652
1339 1801
1341 1628
1342 1481
1342 1718
1343 1816
1343 1833
1346 1511
1347 1705
1348 1830
1349 1649
1350 1352
1351 1465
1351 1900
1353 1949
1354 1876
1355 1944
1356 1469
1356 1782
1357 1394
1358 1390
1359 1462
1359 1837
1361 1414
1361 1695
1361 1710
1362 1864
1362 1985
1363 1885
1364 1382
1365 1872
1366 1749
1367 1827
1368 1723
1369 1406
1369 1664
1369 1929
1371 1637
1372 1487
1373 1801
1373 1842
1373 1993
1374 1401
1374 1693
1375 1842
1378 1648
1378 1762
1378 1798
1380 1892
1385 1978
1385 1986
1386 1566
1387 1844
1388 1923
1389 1854
1390 1705
1391 1554
1392 1818
1392 1969
1398 1648
1402 1620
1402 1837
1402 1941
1405 1751
1405 1940
1406 1513
1407 1810
1408 1853
1409 1463
1410 1754
1411 1524
1412 1458
1415 1717
1416 1734
1416 1782
1418 1667
1419 1632
1419 1971
1420 1757
1420 1788
1420 1839
1424 1427
1424 1660
1424 1705
1425 1923
1426 1769
1427 1578
1428 1779
1429 1797
1430 1994
1431 1555
1432 1667
1433 1456
1434 1941
1435 1600
1437 1566
1437 1643
1438 1531
1438 1564
1439 1905
1440 1569
1441 1926
1442 1549
1443 1678
1446 1585
1447 1645
1448 1542
1451 1579
1454 1890
1455 1816
1456 1563
1458 1549
1461 1799
1462 1569
1462 1680
1463 1959
1466 1876
1468 1556
1469 1474
1469 1788
1471 1760
1474 1630
1474 1734
1474 1811
1475 1732
1476 1961
1476 1977
1477 1625
1477 1788
1477 1821
1478 1767
1479 1876
1480 1769
1481 1656
1481 1710
1482 1611
1485 1883
1489 1796
1489 1913
1490 1891
1492 1771
1492 1964
1493 1509
1496 1556
1499 1663
1500 1836
1502 1615
1503 1977
1505 1555
1505 1684
1505 1788
1507 1707
1508 1680
1512 1531
1513 1753
1514 1611
1515 1762
1516 1603
1517 1828
1517 1934
1519 1812
1520 1682
1521 1669
1521 1846
1523 1771
1528 1907
1531 1722
1531 1763
1531 1781
1532 1983
1533 1956
1534 1981
1535 1731
1537 1982
1539 1637
1539 1786
1540 1608
1544 1716
1545 1909
1548 1789
1552 1636
1553 1571
1558 1648
1560 1746
1560 1842
1561 1565
1561 1667
1563 1831
1567 1611
1568 1617
1568 1683
1568 1997
1576 1720
1577 1773
1577 1780
1578 1584
1578 1641
1578 1728
1580 1630
1583 1642
1583 1657
1584 1972
1587 1777
1590 1907
1591 1954
1597 1673
1597 1885
1598 1920
1601 1611
1604 1806
1606 1913
1610 1748
1611 1792
1611 1975
1612 1696
1612 1862
1614 1666
1616 1917
1619 1737
1620 1902
1623 1636
1623 1884
1625 1747
1632 1732
1632 1988
1633 1835
1639 1876
1639 1946
1644 1770
1648 1795
1650 1902
1655 1725
1659 1877
1661 1804
1664 1839
1666 1901
1671 1816
1675 1809
1677 1829
1683 1813
1685 1805
1686 1816
1687 1693
1688 1851
1691 1846
1691 1851
1693 1839
1697 1793
1703 1709
1703 1758
1705 1905
1709 1720
1709 1840
1710 1882
1713 1723
1719 1868
1720 1887
1723 1828
1723 1890
1724 1762
1725 1958
1726 1733
1726 1900
1727 1885
1735 1917
1736 1758
1742 1794
1743 1988
1744 1755
1752 1855
1753 1998
1758 1796
1758 1944
1760 1825
1764 1926
1771 1953
1777 1895
1778 1931
1778 1953
1783 1954
1788 1869
1792 1866
1795 1955
1797 1951
1800 1951
1803 1972
1808 1989
1811 1896
1815 1830
1818 1835
1819 1822
1819 1930
1820 1952
1824 1870
1824 1887
1828 1949
1837 1964
1842 1917
1842 1926
1850 1983
1853 1937
1865 1924
1870 1960
1871 1891
1875 1907
1876 1883
1882 1955
1883 1887
1906 1954
1907 1920
1929 1968
1932 1956
1949 1996
1958 1977
1961 1994
1977 1998