2000
1 107
1 193
1 272
1 1297
1 1313
2 42
2 415
2 812
2 1096
2 1263
2 1344
2 1668
3 1033
3 1784
4 310
4 370
4 432
4 518
4 623
4 1049
4 1109
4 1282
5 549
5 1070
5 1359
5 1724
6 1028
6 1043
6 1326
6 1838
7 1028
8 222
8 315
8 807
8 1158
8 1528
8 1718
9 637
9 707
9 1280
9 1508
10 78
10 1019
10 1614
11 615
11 1015
12 231
12 335
13 352
13 382
13 707
13 734
14 1184
14 1637
15 343
15 395
15 434
15 962
15 1870
15 1982
16 319
16 1095
16 1194
16 1197
16 1963
17 740
17 1196
17 1639
18 960
18 972
18 1175
18 1259
18 1394
19 536
19 1048
19 1202
19 1565
19 1934
20 64
20 204
20 451
20 681
20 901
20 1102
20 1798
21 1065
21 1253
21 1673
22 224
22 1264
22 1490
22 1588
23 283
23 565
23 604
23 634
24 1569
25 106
25 686
25 962
25 1223
25 1227
25 1573
25 1852
25 1885
26 881
26 1744
26 1981
27 344
27 365
27 1100
27 1188
27 1431
27 1958
28 708
28 1110
29 53
29 256
29 412
29 469
29 1074
29 1369
30 139
30 453
30 490
30 1334
30 1713
31 445
31 1115
32 797
32 1422
32 1555
32 1889
32 1894
33 241
33 431
33 1387
33 1449
33 1524
33 1580
33 1849
33 1910
34 319
34 334
34 767
34 815
34 842
34 970
34 1581
35 173
35 204
35 499
36 473
36 1111
36 1167
36 1714
36 1977
37 106
37 966
38 914
38 1489
38 1902
39 518
39 934
39 1633
40 1130
41 364
41 944
41 1256
42 746
43 1008
43 1576
43 1621
43 1742
44 1839
45 92
45 449
45 608
45 1132
45 1315
45 1824
46 397
46 1910
47 1043
47 1139
47 1396
47 1662
47 1722
47 1887
48 208
48 547
48 740
48 861
49 858
49 859
49 1154
49 1304
49 1609
50 402
50 1306
51 890
51 1391
52 167
52 752
52 931
52 1413
53 321
53 1573
53 1885
54 501
54 600
54 623
54 1872
54 1953
55 341
55 1192
55 1707
55 1745
56 242
56 590
56 1318
56 1471
57 647
57 654
57 955
57 1082
57 1479
57 1998
58 980
59 104
59 1377
60 417
60 422
60 1612
61 176
61 510
61 930
61 1163
61 1409
62 581
62 1140
62 1540
63 835
63 901
63 1219
63 1542
63 1585
63 1834
63 1989
64 86
64 529
65 1938
66 111
66 734
66 770
66 841
66 908
66 939
67 1095
67 1629
67 1685
68 575
68 1509
68 1687
69 383
69 422
69 476
69 1352
70 826
70 1092
70 1249
71 178
71 717
71 1076
72 1237
73 367
73 1129
73 1779
73 1878
74 187
74 420
74 426
74 1105
74 1449
74 1657
75 631
75 647
76 326
76 888
76 1613
77 151
77 244
77 1171
77 1342
77 1885
78 552
78 926
78 1373
78 1460
79 1264
80 468
80 1237
80 1376
80 1623
80 1847
81 228
81 655
81 894
81 1056
81 1311
81 1609
82 631
82 991
83 305
83 667
83 746
83 790
83 912
83 1153
83 1281
83 1338
83 1914
84 1660
84 1681
84 1855
85 191
85 196
85 442
85 968
85 1886
87 528
87 1239
88 113
88 209
88 294
89 1576
90 277
90 1039
91 1745
92 1152
93 159
93 1257
94 347
94 1297
95 106
95 687
95 1126
95 1413
95 1843
95 1879
96 558
96 610
96 740
96 1122
96 1574
97 680
97 906
97 1877
98 1026
98 1497
99 546
99 937
99 984
99 1816
99 1922
100 526
100 766
100 1190
100 1220
101 114
101 690
101 1771
101 1932
101 1937
102 290
102 722
102 1697
103 394
103 811
103 1097
103 1370
103 1630
104 635
104 802
104 831
104 1335
104 1661
104 1712
104 1984
105 333
105 905
105 1319
105 1953
106 684
106 1299
106 1909
106 1947
107 567
107 1206
107 1648
108 545
108 886
109 604
109 803
109 1734
110 324
110 494
110 1771
110 1917
111 506
111 662
112 268
112 990
112 1285
112 1541
112 1896
113 1621
113 1723
114 215
114 874
114 1987
115 802
115 998
115 1056
115 1310
115 1545
116 712
116 849
116 1705
116 1709
117 788
117 918
117 1003
117 1327
117 1443
118 609
118 915
118 1667
118 1787
118 1930
119 433
120 138
120 380
120 405
120 795
121 734
121 900
122 554
122 626
122 1010
122 1286
123 128
123 693
123 1496
123 1636
124 231
124 874
124 1334
125 305
125 709
125 725
125 745
125 992
125 1160
126 475
126 621
126 1098
126 1189
126 1456
127 1387
127 1521
128 331
128 1416
129 912
129 1712
129 1971
130 884
130 1247
130 1487
130 1782
131 431
131 978
132 299
132 1363
132 1469
133 1129
133 1189
133 1263
133 1311
134 331
134 428
134 1441
134 1473
134 1630
135 468
135 868
135 1061
135 1202
135 1411
135 1779
136 995
137 257
137 532
137 624
137 955
137 1295
137 1608
138 469
138 570
138 818
138 1348
138 1687
138 1709
138 1851
139 269
139 511
139 938
139 1046
140 1311
141 275
141 370
141 600
141 629
141 729
141 826
141 1099
141 1381
141 1767
142 200
142 269
142 271
142 1906
143 204
143 852
144 183
144 187
144 396
144 507
144 1683
144 1717
144 1848
145 1618
145 1677
146 420
146 645
146 1706
147 568
147 822
147 835
147 1261
148 650
148 1013
148 1634
148 1928
148 1979
149 654
149 813
149 1085
149 1328
149 1335
149 1687
150 670
150 714
150 1842
151 1751
152 1074
153 866
153 1018
153 1340
153 1602
154 427
154 1045
154 1391
154 1544
155 1199
155 1378
155 1772
155 1819
156 1434
156 1909
157 807
157 821
157 976
157 1015
157 1465
157 1695
158 305
158 608
158 1643
158 1873
159 1319
160 1127
160 1596
160 1639
160 1729
160 1743
161 408
161 1051
161 1363
161 1484
162 333
163 525
163 1290
163 1695
164 265
164 287
164 1033
164 1266
164 1834
165 194
165 1641
166 424
166 578
166 1474
167 456
167 676
167 772
167 1141
167 1426
167 1820
168 366
168 527
168 1410
168 1947
168 1948
169 1065
169 1786
170 587
170 809
170 1563
170 1747
171 782
171 1100
171 1587
172 381
172 662
172 829
173 1560
173 1947
173 1950
174 792
175 834
175 1149
175 1230
176 344
176 1533
176 1748
177 301
177 719
177 824
177 929
178 1103
179 671
179 1297
180 183
180 316
180 986
180 1512
181 479
181 1268
181 1418
181 1578
182 247
182 397
182 424
182 674
182 714
182 1302
182 1343
183 226
183 739
183 1169
183 1233
184 1159
184 1328
184 1639
185 340
185 882
185 1440
185 1713
186 520
186 611
186 894
186 1056
187 943
187 1091
187 1618
187 1782
188 1020
188 1164
189 466
189 845
189 957
189 1060
189 1160
189 1179
189 1859
189 1863
189 1909
189 1913
189 1956
190 405
190 660
190 806
190 957
190 1526
190 1620
190 1664
190 1675
191 518
191 1182
191 1408
192 845
192 1090
192 1336
193 376
193 388
193 622
193 805
193 829
193 1213
193 1255
193 1577
193 1662
194 482
194 1139
194 1613
194 1823
195 903
195 919
195 1701
195 1766
196 313
196 747
196 1387
196 1952
197 269
197 498
197 1079
197 1090
197 1215
197 1641
198 298
198 514
198 902
198 908
199 988
199 1650
199 1661
200 510
200 578
200 703
200 1346
200 1703
200 1821
201 1086
201 1330
201 1670
201 1813
201 1987
202 1562
202 1832
202 1941
203 288
203 642
203 1466
204 516
204 663
204 1645
204 1762
204 1811
205 397
205 614
206 1001
206 1464
206 1755
206 1792
207 952
207 1125
207 1942
208 356
208 868
208 989
208 1116
208 1174
208 1674
209 833
209 979
209 1386
209 1665
210 262
210 1228
211 745
212 575
212 746
212 1381
212 1415
213 378
213 1104
215 1601
216 562
216 753
216 1154
216 1629
217 731
217 1397
217 1564
217 1576
218 690
218 706
218 1741
218 1749
218 1949
219 275
219 613
219 1254
219 1271
219 1519
219 1759
220 315
220 954
220 1068
220 1156
220 1312
220 1410
221 658
221 987
222 668
222 918
223 404
223 838
223 935
223 1112
223 1138
223 1370
223 1598
224 617
224 1265
224 1669
225 760
225 1840
226 853
226 910
226 1116
226 1187
226 1199
227 479
227 842
227 900
227 1067
227 1087
227 1472
228 288
228 525
228 1400
228 1893
229 1245
229 1484
229 1671
230 1084
230 1129
230 1420
230 1913
231 1943
232 1096
232 1212
233 880
233 1926
234 706
234 1653
235 836
235 1130
235 1568
235 1580
235 1615
236 295
236 1371
236 1396
236 1548
237 871
237 1786
237 1822
238 282
238 305
238 338
239 290
239 1096
239 1540
239 1666
239 1807
240 1582
241 725
241 1045
241 1201
241 1544
241 1554
241 1571
241 1795
242 521
242 793
242 1147
242 1157
243 1170
244 848
245 699
245 1041
245 1404
245 1911
246 774
246 999
246 1090
246 1426
247 1524
247 1867
248 633
248 1376
249 1216
249 1452
250 588
250 675
250 1646
250 1879
251 263
251 623
251 1251
251 1515
251 1740
251 1785
252 403
252 1470
252 1793
253 1289
253 1326
253 1360
253 1668
253 1926
254 275
254 694
254 951
254 1175
254 1613
255 548
255 1738
255 1890
256 378
256 390
256 616
256 847
256 1257
256 1349
256 1398
256 1703
256 1976
257 476
257 566
257 596
257 804
257 927
257 1296
257 1970
257 1976
258 327
258 1282
258 1508
259 266
259 494
259 1648
259 1915
259 1951
259 1975
260 434
260 516
260 669
260 1621
260 1956
260 1990
261 348
261 1306
261 1634
261 1705
262 781
262 1718
263 495
263 777
263 1897
264 1330
264 1788
265 330
265 1407
266 737
266 968
266 1045
266 1397
268 626
268 1556
268 1564
269 952
269 1496
269 1831
269 1963
270 653
270 1885
271 728
271 934
271 1380
271 1394
271 1701
272 407
272 447
272 606
272 1314
272 1570
272 1840
273 518
273 955
273 1716
274 723
274 1454
275 1295
275 1767
276 459
276 484
276 1306
276 1350
276 1401
276 1525
276 1582
277 1265
277 1775
278 711
279 420
279 874
279 1392
281 327
281 949
281 1549
282 338
282 1410
283 479
283 1668
284 795
284 1042
284 1504
284 1705
285 447
285 886
285 1235
285 1407
286 491
286 919
286 925
286 1193
286 1593
286 1918
287 691
287 1165
287 1338
288 833
288 1046
289 608
289 995
289 1038
289 1979
290 528
290 893
290 1272
290 1476
291 1211
291 1749
291 1900
292 391
292 602
292 1650
293 407
293 700
293 741
293 1296
293 1369
294 404
294 492
294 741
294 1036
294 1043
294 1674
294 1730
295 315
295 1108
295 1340
295 1452
296 1592
297 1353
297 1851
297 1924
299 382
299 544
299 1811
299 1895
300 631
300 778
300 913
300 1120
300 1399
301 821
301 1036
301 1350
301 1513
302 847
302 1269
302 1865
303 435
303 1550
304 557
304 757
304 856
304 1822
305 538
305 853
305 899
305 1032
305 1547
305 1650
305 1676
306 321
306 596
306 1038
307 412
307 515
307 916
307 1400
307 1412
307 1886
308 631
308 1158
308 1338
308 1896
309 788
309 808
309 1170
309 1207
310 412
310 474
310 614
310 1030
310 1125
311 549
311 1182
311 1492
312 442
312 456
312 938
312 1504
312 1624
312 1818
313 526
314 790
315 342
315 801
315 1331
315 1901
316 430
316 732
316 808
316 887
316 1073
316 1701
316 1704
317 768
317 844
317 1166
317 1317
317 1678
318 515
318 650
318 1183
318 1336
318 1685
318 1740
319 671
319 795
319 1006
319 1403
320 378
320 811
320 1532
320 1898
321 1202
321 1676
321 1971
322 440
322 555
322 1298
322 1439
322 1840
323 695
323 774
323 1443
323 1955
324 1202
324 1315
325 639
325 976
325 1239
325 1472
325 1773
326 766
326 990
326 1099
326 1376
326 1888
327 1010
327 1529
328 517
328 782
328 1567
328 1712
328 1804
330 350
330 1111
331 370
331 728
331 903
332 340
332 471
332 1052
332 1674
332 1857
333 721
333 1820
334 1333
335 386
335 1474
336 485
336 555
336 1252
336 1755
336 1916
337 540
337 715
337 843
337 939
337 1276
337 1579
338 592
338 748
338 879
339 345
339 462
339 912
339 1025
339 1126
339 1138
339 1973
340 343
340 703
340 887
340 1025
340 1806
341 422
341 1806
342 762
342 1074
342 1095
342 1970
343 488
343 1174
344 713
344 1155
344 1225
345 679
345 805
345 1328
346 443
346 863
346 933
346 1678
346 1785
346 1880
346 1918
346 1942
347 365
347 661
347 958
347 1030
347 1618
347 1707
347 1763
348 920
348 1068
349 431
349 671
349 1369
349 1538
349 1818
349 1959
351 398
351 637
351 726
351 1009
351 1102
351 1483
351 1800
352 673
352 701
352 926
352 1407
352 1647
352 1882
353 709
353 1342
354 536
354 1089
354 1101
355 522
355 1074
355 1409
355 1787
355 1926
356 1346
356 1500
357 381
357 977
357 1895
358 938
358 960
358 1089
358 1187
358 1260
358 1557
358 1731
359 1049
359 1504
360 399
360 552
360 991
360 1301
360 1752
360 1952
360 1984
361 1365
362 415
362 1157
362 1263
363 447
363 1064
363 1079
363 1348
363 1831
363 1921
364 1739
364 1916
365 561
365 1305
366 384
366 709
366 864
366 868
366 900
367 596
367 1253
368 516
368 688
368 734
368 1856
369 645
369 742
369 881
370 1155
370 1272
370 1554
371 739
371 750
372 621
372 706
372 1360
372 1618
373 1054
373 1106
373 1180
373 1736
373 1912
374 1354
374 1373
374 1775
374 1887
374 1974
375 610
375 713
376 797
376 1223
376 1361
376 1386
376 1455
377 485
377 1725
379 412
379 840
379 1328
379 1490
379 1550
379 1577
379 1873
380 1434
380 1994
381 383
381 1132
381 1865
382 620
382 691
382 801
382 1406
383 1109
383 1133
383 1684
383 1978
384 388
384 406
384 644
384 940
384 1705
384 1867
385 895
385 1014
385 1749
385 1842
386 737
386 1296
386 1385
386 1567
386 1886
387 1856
388 456
388 496
388 1066
388 1400
388 1484
389 807
389 1615
390 415
390 863
390 1233
390 1677
390 1790
391 442
391 757
391 1806
391 1918
392 854
392 960
392 1472
393 446
393 597
393 627
393 630
393 809
393 1716
393 1733
393 1836
394 631
394 935
395 528
395 1292
395 1614
395 1725
396 1954
397 851
397 1437
397 1690
398 498
398 511
398 1335
399 591
399 633
399 947
400 489
400 496
400 900
400 928
400 1620
400 1791
401 1094
401 1361
402 739
402 792
403 580
403 781
403 1459
404 804
404 1098
404 1766
405 1645
406 818
406 1904
406 1987
407 1633
408 831
408 1059
408 1636
408 1744
409 1856
410 1514
411 554
411 867
411 1126
411 1128
411 1218
412 457
412 480
412 1042
412 1297
412 1386
412 1824
412 1894
413 552
413 673
413 1176
413 1873
413 1931
414 1045
414 1374
415 1239
415 1755
415 1803
416 999
416 1400
416 1901
417 567
417 899
417 1443
417 1506
418 919
419 794
419 911
420 1831
420 1983
422 1554
422 1814
423 953
423 1178
423 1334
424 822
424 1125
425 706
425 822
425 1049
425 1667
425 1906
426 893
426 1016
426 1046
426 1543
426 1891
426 1991
427 1215
428 820
428 1129
428 1268
429 441
429 972
430 852
430 1008
430 1289
430 1833
431 1855
431 1903
432 457
432 882
432 1155
432 1167
432 1540
433 1314
434 553
434 851
434 1024
434 1069
434 1445
434 1849
435 1903
436 1493
436 1536
436 1612
437 549
437 1391
437 1413
437 1590
437 1613
438 863
438 1756
438 1890
440 736
440 1108
440 1169
440 1710
440 1722
441 791
441 1065
442 592
442 1138
442 1174
442 1286
442 1288
443 588
443 751
443 874
443 985
443 1050
443 1598
443 1869
443 1885
443 1906
444 947
444 1462
444 1503
444 1953
445 1231
445 1860
446 500
446 1578
446 1623
447 471
447 1310
448 528
448 1210
448 1249
448 1933
449 565
449 729
449 1153
450 927
450 1030
450 1031
450 1257
450 1478
450 1613
451 1663
452 1690
452 1908
453 479
453 933
454 868
454 978
454 1986
455 620
455 775
455 1158
455 1670
456 468
456 488
456 903
456 1092
456 1252
457 862
457 1938
458 1247
458 1907
459 779
459 1112
459 1509
459 1726
460 1443
460 1940
461 1050
461 1831
462 976
462 1190
462 1404
463 1694
463 1765
464 822
464 967
465 566
465 725
465 804
465 819
465 1256
466 803
466 1105
466 1606
466 1820
467 1405
467 1615
467 1866
467 1962
468 1110
468 1864
469 1585
469 1632
469 1878
470 541
470 1934
471 1001
471 1245
472 675
472 1955
473 1263
473 1551
474 774
474 829
474 866
474 969
474 1231
474 1314
475 1339
476 1107
476 1136
477 1023
477 1262
477 1687
478 926
478 1321
479 1283
479 1542
479 1938
480 610
480 1128
480 1298
480 1506
480 1551
480 1755
481 1043
481 1362
481 1453
481 1685
482 1478
482 1599
482 1905
482 1945
482 1997
483 1553
484 687
484 841
484 918
484 1137
485 717
485 1944
486 1367
487 1872
488 961
488 1119
488 1400
488 1489
489 1629
490 1243
491 734
491 898
491 1218
491 1924
492 1851
493 554
493 1240
493 1268
493 1443
493 1837
493 1925
494 699
494 1018
494 1062
495 686
495 1308
495 1545
495 1617
496 1464
496 1515
497 567
497 729
497 1647
497 1727
498 924
498 992
498 1128
498 1135
498 1245
499 647
499 704
499 824
499 1364
499 1375
499 1522
499 1795
500 993
500 1059
501 1115
501 1222
501 1531
502 831
502 907
502 1218
502 1377
502 1505
503 1625
503 1814
504 556
504 1355
504 1695
506 549
506 1373
506 1672
507 1564
508 1260
508 1315
509 887
509 1021
510 1095
511 733
511 977
511 991
511 1863
511 1865
512 799
512 1206
512 1285
512 1353
512 1362
512 1448
512 1564
513 554
513 1360
513 1862
514 685
515 1224
515 1691
516 968
517 1580
517 1641
518 1146
518 1307
518 1444
519 1497
519 1778
519 1811
519 1813
520 770
520 1195
521 1068
521 1786
521 1893
521 1930
521 1985
522 639
522 1237
523 845
523 905
523 1013
523 1310
523 1633
523 1754
524 995
524 1622
525 1584
525 1671
526 933
526 1392
526 1847
526 1887
527 934
527 1137
527 1233
527 1472
527 1633
527 1764
527 1987
528 897
528 983
529 816
529 957
530 738
530 1145
530 1413
531 1457
531 1613
532 1093
532 1695
533 557
533 1234
533 1456
534 916
534 1858
535 862
535 1056
535 1406
536 1212
536 1617
536 1808
536 1956
537 1511
537 1667
538 596
538 1210
538 1329
538 1914
539 1495
539 1775
539 1985
541 554
541 870
541 1086
541 1240
541 1950
542 812
542 1317
542 1692
543 794
543 1729
544 760
544 1092
544 1829
544 1968
545 763
545 1049
546 1489
546 1665
546 1820
546 1876
547 1139
547 1322
547 1479
547 1979
548 693
548 989
548 1319
548 1614
548 1812
549 1260
549 1970
550 576
550 944
550 1042
551 642
551 753
551 1584
552 1128
552 1734
552 1858
553 598
553 892
553 1562
553 1714
554 864
554 1346
554 1540
554 1618
554 1752
554 1869
554 1882
555 1494
555 1785
555 1903
555 1956
556 1315
556 1910
557 1072
557 1191
558 1400
558 1780
559 1770
560 586
560 648
560 876
560 911
560 969
560 1149
561 1326
561 1517
562 608
562 865
562 1797
562 1820
563 894
563 1053
563 1671
563 1672
564 1398
564 1613
565 1075
565 1741
566 1093
567 1983
568 1115
568 1373
568 1938
569 1824
570 1463
570 1659
571 1200
571 1288
571 1397
571 1626
572 584
572 694
572 758
572 1190
572 1716
572 1985
573 844
573 1089
573 1262
573 1978
574 680
575 591
575 1295
576 1059
577 1209
577 1430
577 1971
578 892
578 1447
578 1712
579 868
579 941
579 1430
579 1579
579 1725
581 1231
581 1429
581 1744
581 1969
582 812
582 992
582 1246
582 1757
582 1843
582 1860
582 1975
583 1218
583 1326
584 796
584 1199
584 1714
584 1728
585 755
585 762
585 789
585 1034
585 1324
586 719
588 883
588 1000
588 1486
588 1995
589 782
589 813
589 930
589 1028
589 1280
590 1994
591 1937
592 1101
592 1370
592 1977
593 788
593 1277
594 1387
594 1609
594 1673
594 1839
595 722
595 836
595 924
595 1629
596 672
596 778
596 1247
596 1310
596 1420
596 1950
597 962
597 1193
597 1257
597 1259
598 1275
598 1397
598 1459
598 1512
598 1726
598 1735
598 1920
599 1335
600 920
600 1175
600 1634
600 1679
601 785
601 945
601 1680
602 1061
602 1455
602 1732
603 1225
603 1265
603 1610
604 772
604 1226
604 1229
604 1387
604 1883
605 1185
606 726
606 884
607 1868
608 622
608 861
608 1197
608 1326
608 1351
608 1652
610 641
610 1002
610 1335
610 1528
610 1832
610 1896
611 1045
611 1606
611 1730
611 1838
612 1223
613 1093
613 1484
613 1899
615 698
615 775
615 1561
615 1987
616 833
617 1340
617 1692
617 1747
617 1942
618 825
618 1374
618 1830
618 1866
618 1868
618 1916
619 1142
619 1951
620 1886
620 1915
621 971
621 1145
622 899
622 900
622 1681
623 645
624 1036
624 1058
624 1234
624 1906
625 728
625 1101
625 1219
625 1479
625 1687
626 767
626 1031
626 1796
627 638
627 766
627 782
627 967
627 992
627 1811
628 647
628 879
628 895
628 1034
628 1207
628 1330
628 1971
629 1219
629 1470
630 826
630 1146
631 1443
632 1209
632 1762
633 947
633 1271
634 1029
634 1203
634 1270
635 1099
635 1273
636 637
636 834
636 1849
637 748
637 1160
637 1968
638 793
638 1026
639 683
639 1063
639 1110
639 1686
640 853
641 793
641 931
641 1071
641 1190
641 1695
642 883
642 1932
643 854
643 1475
643 1903
644 903
645 1398
646 1355
646 1615
648 663
648 774
648 899
648 923
648 1684
649 1085
649 1262
649 1307
649 1405
649 1577
649 1912
650 1667
650 1894
651 1736
652 1843
653 1004
653 1059
653 1545
653 1868
653 1942
654 1880
655 729
655 1039
655 1613
655 1620
657 1930
657 1952
658 840
658 947
658 1932
659 1080
659 1460
660 972
661 1158
661 1641
662 1015
662 1509
662 1864
663 1467
663 1652
664 881
664 1367
665 1086
665 1131
666 702
666 1256
667 1572
668 1135
668 1251
668 1298
668 1306
669 1068
669 1341
669 1564
670 1484
670 1512
672 1199
672 1901
673 995
673 1075
673 1238
674 877
674 909
674 1079
675 689
675 846
675 1285
675 1330
675 1664
676 814
676 821
676 977
676 1096
677 1012
677 1187
678 810
678 1081
678 1722
678 1922
679 699
679 1516
680 1084
680 1188
680 1754
681 1338
681 1393
681 1891
682 1380
683 1322
683 1564
684 728
684 1354
686 794
686 905
686 1750
687 823
688 1033
689 1264
689 1917
690 1199
690 1842
691 1090
691 1614
692 978
692 1453
692 1708
693 1651
694 736
694 795
694 1030
694 1695
695 696
695 738
695 1449
696 1108
696 1467
697 786
697 1826
698 1337
698 1403
699 1606
699 1939
700 1298
700 1774
701 1381
701 1797
702 1377
703 1110
703 1768
704 931
704 1182
704 1600
704 1906
704 1971
705 760
705 854
705 1202
705 1691
705 1786
706 812
706 1857
706 1874
707 836
707 1594
707 1644
707 1866
708 1791
709 1058
709 1572
710 1002
710 1525
711 755
712 1598
713 759
714 886
714 1263
714 1502
714 1503
714 1857
714 1960
715 977
715 1067
715 1262
715 1394
715 1476
715 1496
715 1565
715 1689
716 940
716 1457
716 1752
716 1779
717 939
717 1442
717 1997
718 811
718 1707
719 1009
719 1859
720 1330
720 1943
721 882
721 887
721 1212
721 1588
721 1835
722 1022
722 1588
722 1786
722 1850
723 1389
724 1371
725 1110
726 1581
726 1876
727 1144
727 1146
727 1215
729 852
729 1819
730 994
730 1296
730 1889
731 798
731 1090
731 1602
731 1791
731 1808
731 1901
732 935
732 1255
732 1544
733 1105
733 1147
733 1328
735 880
735 965
735 1457
735 1814
736 891
736 1629
736 1748
736 1989
737 1338
737 1987
738 835
738 918
738 1024
739 757
739 1654
740 993
740 1603
741 1712
741 1929
742 893
742 1647
743 810
743 1805
744 1180
744 1569
745 1029
745 1078
746 848
747 807
748 818
748 1331
748 1586
748 1627
749 1762
750 957
750 1034
751 1750
751 1964
752 1152
752 1190
753 992
753 1260
755 1017
755 1097
755 1680
755 1729
756 959
756 1643
756 1932
756 1993
758 773
758 1014
758 1541
758 1937
759 1014
759 1044
759 1323
760 792
760 1510
760 1598
760 1995
761 769
761 1585
762 900
762 913
762 1043
762 1333
763 1122
763 1659
764 900
764 1232
764 1590
764 1925
765 994
765 1463
766 924
766 1198
766 1721
767 846
767 1202
767 1525
768 1430
768 1724
769 1039
769 1258
769 1750
769 2000
770 905
770 1560
771 1286
771 1657
771 1724
771 1888
772 1587
772 1684
773 1837
774 1397
775 887
775 1503
775 1743
776 1502
776 1793
777 1128
777 1521
777 1744
778 1401
779 1376
779 1795
780 794
780 840
780 981
780 1469
780 1591
780 1838
781 1343
781 1423
782 1993
783 1718
784 990
784 1496
784 1609
784 1636
785 1099
785 1635
785 1668
785 1928
786 1251
786 1706
787 1489
788 1080
788 1939
789 1215
789 1407
790 809
790 1694
790 1918
791 1050
792 1094
792 1338
793 809
793 1221
793 1680
794 1325
795 1345
795 1756
796 847
796 1221
796 1376
796 1619
796 1922
797 1109
797 1444
798 1192
798 1688
799 808
799 809
799 1262
799 1295
799 1475
799 1511
800 1353
800 1607
800 1753
801 1184
801 1736
801 1805
802 1154
802 1589
802 1828
803 924
803 979
803 1806
804 959
804 1658
805 1008
805 1739
805 1795
806 1089
806 1100
806 1205
806 1240
807 1523
807 1856
808 1343
808 1658
809 913
809 944
809 1114
810 1067
810 1270
811 939
811 1818
812 965
812 982
812 1286
813 878
813 1407
813 1842
813 1926
813 1960
814 1589
814 1915
815 1035
815 1553
815 1776
815 1867
816 1005
816 1486
816 1545
816 1971
817 1122
817 1175
818 824
818 941
818 1168
818 1199
818 1423
818 1948
819 1184
819 1196
819 1344
819 1466
820 1645
821 1277
822 1407
822 1587
823 880
823 1373
823 1676
823 1862
823 1994
824 900
824 1731
825 1026
826 833
826 1553
828 865
829 1943
830 1375
830 1954
831 1849
832 965
832 1032
832 1130
832 1314
833 1533
833 1674
833 1942
833 1996
834 1716
835 898
835 1313
835 1321
835 1470
835 1920
836 1014
836 1399
837 1147
837 1367
837 1784
838 1103
838 1346
839 1214
839 1485
839 1842
840 1031
840 1564
840 1990
841 1445
841 1860
842 1967
843 1307
843 1406
843 1818
843 1996
844 1503
844 1534
844 1547
844 1623
845 905
847 875
847 1001
847 1088
849 870
849 1256
849 1511
849 1997
850 1193
850 1227
850 1474
850 1766
851 1528
852 1029
852 1548
852 1963
853 1511
854 866
854 1055
854 1077
854 1460
854 1585
854 1731
855 877
855 1617
856 1333
856 1646
856 1724
858 908
858 1322
858 1480
858 1769
859 866
859 1551
859 1878
860 1052
860 1356
861 1017
861 1056
861 1230
861 1774
862 1047
862 1088
862 1379
862 1994
863 1223
863 1331
863 1740
864 948
864 1037
864 1044
864 1082
864 1527
865 1211
865 1409
865 1528
865 1852
865 1925
865 1970
866 1494
866 1822
867 958
867 1859
868 1602
869 1018
869 1447
869 1676
870 878
870 1104
870 1393
870 1510
870 1621
872 1358
872 1367
872 1521
872 1944
873 997
873 1379
874 1287
874 1506
874 1772
874 1935
875 1100
875 1137
875 1937
876 1120
876 1771
877 1262
878 1604
878 1948
879 915
879 1379
879 1467
880 1321
880 1343
880 1506
880 1508
880 1572
880 1807
881 1136
881 1198
881 1955
882 1105
882 1174
882 1680
882 1750
882 1760
882 1820
883 944
884 888
884 1075
884 1177
884 1193
885 1337
885 1634
886 928
886 1554
887 1293
887 1885
888 1590
889 1348
889 1506
889 1516
889 1559
890 1136
890 1273
891 1675
891 1998
892 1537
893 1848
894 1140
894 1442
895 1590
895 1955
896 1520
897 1428
897 1576
898 1395
898 1421
899 982
899 1612
900 1657
901 1093
901 1416
901 1701
901 1868
902 1803
903 1452
903 1751
904 1439
904 1819
905 1638
905 1676
905 1932
906 1905
907 1590
907 1599
907 1667
907 1740
908 992
908 1712
908 1742
909 1405
910 1030
910 1276
910 1869
911 1031
911 1271
911 1346
911 1989
912 1047
912 1479
912 1570
912 1576
912 1624
912 1800
912 1849
912 1894
913 999
914 1074
914 1792
915 1112
915 1728
915 1746
915 1951
916 1037
916 1165
916 1986
917 1088
917 1373
918 996
918 1871
919 1377
919 1996
920 1660
921 1162
921 1267
921 1356
922 991
922 1053
922 1136
924 1280
924 1684
925 1562
926 1179
926 1663
927 1452
927 1877
927 1931
928 1052
928 1258
930 1049
930 1051
930 1347
931 1251
931 1591
932 1786
932 1985
933 1591
934 1110
934 1656
934 1824
935 1515
936 1423
936 1457
937 1020
937 1757
938 1351
938 1609
938 1690
939 1246
939 1331
939 1348
939 1565
939 1946
939 1976
940 1914
941 1983
942 1111
942 1966
942 1984
943 1993
944 1197
945 1700
945 1893
945 1984
946 1454
946 1470
946 1671
947 1167
947 1395
947 1435
948 1646
949 1438
949 1809
949 1859
949 1908
950 965
950 1555
950 1847
950 1876
951 1231
951 1266
951 1678
952 1284
953 1041
953 1138
953 1894
953 1925
954 1836
955 1057
955 1231
955 1474
955 1653
956 1183
956 1998
958 1353
958 1370
958 1720
959 1264
959 1546
959 1685
960 1108
960 1363
960 1463
961 1111
961 1154
961 1707
961 1756
961 1787
963 1032
963 1091
963 1253
963 1416
963 1501
963 1831
964 1401
964 1660
965 1826
966 1401
967 1496
968 1272
968 1460
968 1928
969 1779
969 1852
970 1034
970 1448
971 981
971 1080
971 1231
972 976
972 1231
972 1315
972 1604
972 1730
973 1088
973 1268
973 1342
973 1546
974 1324
974 1494
974 1554
975 1323
976 1003
976 1713
976 1818
978 1495
979 1096
979 1602
979 1751
982 1453
983 988
983 1952
985 1025
985 1291
985 1614
985 1788
985 1801
986 1759
987 1346
987 1839
987 1894
989 1124
989 1650
990 1746
990 1826
991 1494
991 1507
992 1312
993 1073
993 1392
993 1393
993 1535
993 1610
993 1942
994 1248
996 1155
996 1689
997 1789
1000 1141
1000 1321
1001 1028
1002 1033
1002 1461
1003 1072
1004 1239
1004 1561
1006 1603
1006 1970
1007 1062
1007 1458
1008 1022
1008 1141
1009 1040
1009 1107
1010 1397
1010 1612
1010 1898
1010 1934
1011 1055
1011 1401
1012 1245
1012 1766
1013 1969
1014 1158
1014 1283
1014 1482
1015 1572
1015 1828
1015 1855
1016 1204
1016 1552
1016 1774
1017 1054
1017 1841
1017 1904
1018 1413
1020 1255
1020 1574
1020 1634
1020 1659
1020 1908
1021 1080
1021 1101
1021 1748
1021 1957
1023 1817
1024 1982
1025 1080
1025 1892
1026 1201
1026 1851
1027 1178
1027 1204
1028 1097
1028 1335
1028 1938
1029 1085
1029 1433
1030 1094
1030 1110
1030 1711
1031 1047
1031 1570
1031 1860
1031 1943
1032 1128
1032 1296
1032 1674
1032 2000
1033 1731
1034 1081
1034 1106
1034 1753
1034 1916
1036 1360
1036 1614
1038 1448
1038 1470
1038 1684
1039 1413
1039 1508
1040 1063
1041 1564
1041 1628
1042 1493
1043 1679
1043 1869
1045 1389
1045 1732
1045 1854
1045 1949
1046 1068
1046 1121
1046 1382
1046 1716
1046 1773
1047 1091
1047 1183
1047 1767
1047 1769
1047 1779
1048 1171
1048 1611
1048 1777
1049 1412
1049 1597
1049 1633
1049 1683
1049 1784
1050 1756
1051 1571
1051 1616
1051 1832
1053 1876
1053 1915
1054 1183
1054 1636
1054 1716
1055 1815
1056 1845
1057 1779
1058 1122
1058 1620
1058 1758
1059 1130
1059 1283
1060 1066
1060 1371
1060 1750
1061 1599
1062 1136
1062 1712
1063 1070
1063 1205
1063 1651
1064 1105
1064 1717
1064 1843
1065 1209
1065 1261
1065 1452
1065 1623
1065 1736
1066 1777
1067 1285
1067 1291
1067 1338
1067 1843
1067 1920
1068 1086
1068 1792
1068 1858
1069 1511
1069 1546
1069 1797
1069 1919
1070 1356
1070 1562
1071 1157
1072 1096
1072 1739
1072 1961
1073 1326
1073 1362
1074 1320
1074 1520
1074 1868
1075 1377
1075 1418
1075 1616
1075 1839
1075 1886
1076 1148
1076 1394
1076 1648
1076 1981
1077 1402
1077 1530
1077 1637
1078 1350
1079 1460
1081 1745
1082 1198
1083 1395
1083 1803
1083 1955
1084 1268
1085 1799
1085 1919
1086 1742
1086 1863
1087 1754
1088 1798
1089 1518
1093 1449
1093 1700
1093 1757
1093 1798
1093 1970
1094 1609
1094 1906
1098 1200
1098 1261
1099 1139
1099 1748
1100 1157
1100 1208
1100 1484
1100 1586
1102 1218
1102 1472
1102 1939
1103 1366
1103 1675
1104 1185
1105 1771
1108 1957
1109 1190
1109 1659
1110 1439
1110 1511
1110 1545
1110 1572
1111 1981
1112 1245
1112 1410
1112 1663
1113 1797
1113 1815
1113 1973
1114 1196
1114 1290
1114 1397
1114 1635
1114 1922
1115 1354
1115 1457
1115 1706
1117 1153
1117 1329
1117 1716
1117 1918
1118 1631
1119 1130
1121 1303
1121 1997
1122 1652
1124 1241
1124 1306
1124 1575
1124 1757
1124 1889
1125 1132
1125 1209
1125 1504
1125 1958
1127 1539
1128 1282
1128 1837
1129 1182
1129 1417
1129 1784
1129 1809
1130 1268
1130 1630
1131 1380
1131 1538
1131 1701
1133 1617
1133 1708
1133 1747
1133 1777
1134 1313
1134 1560
1134 1986
1135 1190
1135 1642
1136 1571
1136 1825
1137 1652
1138 1149
1138 1339
1139 1707
1139 1904
1140 1238
1141 1147
1141 1327
1141 1391
1141 1752
1142 1246
1143 1419
1143 1692
1146 1551
1146 1924
1147 1163
1147 1727
1147 1869
1148 1225
1148 1242
1148 1363
1148 1731
1149 1311
1149 1934
1150 1617
1151 1404
1151 1442
1151 1696
1151 1942
1152 1341
1152 1429
1152 1770
1153 1337
1153 1437
1153 1702
1154 1301
1154 1770
1156 1195
1156 1367
1156 1768
1157 1441
1157 1992
1158 1270
1158 1945
1159 1179
1159 1476
1160 1880
1161 1686
1162 1568
1162 1820
1162 1861
1163 1361
1163 1617
1163 1874
1165 1197
1166 1203
1166 1364
1166 1433
1166 1631
1167 1425
1167 1536
1167 1874
1169 1193
1170 1787
1171 1222
1171 1347
1171 1367
1171 1866
1171 1929
1172 1196
1172 1524
1172 1661
1172 1861
1173 1623
1175 1343
1175 1609
1175 1811
1175 1919
1176 1841
1178 1387
1178 1752
1178 1930
1179 1762
1180 1311
1180 1350
1180 1364
1180 1597
1180 1723
1181 1539
1183 1868
1183 1888
1184 1388
1184 1446
1185 1221
1185 1635
1186 1495
1186 1628
1187 1359
1188 1770
1189 1420
1189 1556
1189 1824
1189 1955
1190 1414
1190 1917
1191 1653
1192 1398
1192 1586
1192 1794
1193 1626
1195 1997
1196 1587
1197 1558
1197 1786
1198 1686
1200 1263
1200 1912
1200 1950
1202 1565
1202 1740
1203 1350
1204 1457
1206 1398
1206 1933
1207 1705
1207 1734
1210 1223
1210 1747
1211 1630
1212 1457
1213 1275
1214 1425
1214 1435
1214 1643
1214 1980
1215 1651
1217 1598
1218 1472
1219 1275
1219 1295
1219 1487
1222 1380
1222 1620
1222 1889
1223 1494
1223 1749
1224 1473
1224 1562
1224 1891
1224 1898
1225 1647
1225 1842
1226 1561
1226 1608
1226 1732
1227 1239
1227 1245
1227 1259
1227 1275
1227 1636
1229 1250
1229 1962
1230 1343
1231 1496
1231 1809
1232 1254
1232 1607
1233 1322
1233 1950
1234 1408
1234 1803
1234 1877
1234 1979
1235 1969
1236 1723
1237 1511
1239 1591
1239 1948
1240 1603
1241 1602
1241 1641
1241 1660
1241 1850
1242 1676
1242 1731
1244 1489
1246 1266
1246 1570
1247 1736
1248 1892
1249 1272
1249 1800
1249 1894
1249 1920
1250 1448
1250 1512
1250 1514
1253 1383
1253 1593
1254 1669
1256 1475
1257 1607
1259 1324
1259 1881
1259 1961
1261 1842
1263 1755
1263 1798
1264 1362
1264 1548
1265 1347
1266 1331
1266 1863
1268 1561
1268 1574
1268 1605
1268 1945
1268 1969
1269 1460
1269 1472
1269 1543
1269 1545
1270 1313
1270 1335
1270 1598
1271 1801
1273 1492
1273 1714
1273 1725
1273 1758
1275 1751
1275 1893
1275 1954
1276 1408
1277 1486
1278 1434
1279 1363
1279 1618
1279 1702
1281 1392
1281 1416
1282 1820
1283 1308
1283 1526
1283 1726
1285 1359
1285 1574
1285 1868
1286 1430
1286 1705
1287 1842
1287 1922
1288 1356
1288 1792
1288 1947
1290 1762
1291 1920
1292 1434
1292 1472
1293 1816
1294 1311
1294 1642
1295 1390
1295 1552
1295 1813
1298 1465
1298 1634
1299 1358
1299 1674
1299 1850
1299 1900
1301 1365
1301 1614
1301 1894
1303 1534
1304 1414
1304 1421
1304 1690
1304 1814
1304 1839
1306 1810
1306 1854
1307 1391
1308 1684
1308 1911
1308 1958
1309 1615
1310 1498
1310 1849
1312 1855
1313 1483
1313 1587
1314 1531
1315 1760
1316 1574
1316 1876
1317 1735
1318 1339
1318 1380
1318 1910
1319 1438
1319 1799
1319 1858
1320 1456
1320 1593
1321 1481
1321 1609
1321 1784
1322 1354
1322 1457
1322 1528
1323 1545
1323 1550
1323 1765
1323 1798
1324 1559
1324 1796
1324 1897
1325 1430
1326 1781
1326 1857
1327 1477
1327 1870
1328 1871
1330 1332
1331 1578
1331 1805
1331 1830
1332 1796
1333 1556
1333 1883
1333 1965
1335 1448
1335 1804
1336 1666
1337 1598
1337 1641
1337 1759
1340 1669
1341 1407
1341 1670
1342 1796
1343 1763
1344 1367
1344 1910
1344 1949
1345 1770
1345 1875
1347 1850
1348 1726
1348 1975
1349 1374
1349 1955
1350 1461
1350 1512
1350 1624
1351 1447
1352 1684
1354 1375
1354 1864
1355 1599
1357 1491
1357 1640
1357 1755
1358 1404
1358 1484
1359 1741
1360 1548
1360 1759
1362 1769
1363 1397
1364 1568
1365 1399
1366 1524
1366 1605
1366 1648
1366 1765
1367 1565
1367 1676
1367 1853
1368 1599
1368 1639
1369 1744
1370 1607
1370 1653
1370 1855
1370 1895
1371 1562
1371 1565
1371 1624
1371 1792
1371 1973
1372 1956
1372 1966
1374 1777
1374 1903
1375 1493
1375 1985
1377 1550
1377 1795
1378 1526
1378 1605
1379 1534
1379 1944
1381 1712
1381 1841
1383 1778
1384 1704
1385 1544
1385 1926
1386 1949
1388 1723
1389 1484
1390 1497
1391 1554
1392 1725
1393 1552
1393 1675
1393 1848
1395 1460
1395 1584
1395 1784
1395 1840
1395 1933
1396 1694
1397 1398
1397 1607
1397 1672
1398 1582
1399 1632
1400 1690
1401 1814
1401 1894
1402 1411
1402 1974
1404 1871
1405 1444
1407 1830
1407 1913
1407 1931
1408 1451
1408 1664
1410 1739
1412 1962
1413 1563
1413 1738
1414 1961
1415 1487
1416 1589
1416 1699
1416 1944
1417 1484
1417 1808
1418 1428
1418 1675
1418 1696
1418 1941
1421 1564
1421 1992
1422 1671
1422 1702
1422 1746
1422 1875
1423 1941
1424 1460
1425 1485
1425 1577
1427 1429
1427 1549
1427 1860
1428 1487
1429 1652
1431 1536
1431 1610
1432 1929
1434 1528
1435 1996
1436 1860
1437 1705
1440 1574
1442 1551
1443 1518
1443 1750
1444 1541
1446 1661
1446 1833
1447 1677
1448 1946
1448 1979
1450 1509
1450 1591
1450 1928
1451 1740
1452 1499
1452 1685
1452 1996
1453 1499
1454 1465
1455 1655
1456 1494
1457 1496
1457 1512
1457 1874
1458 1747
1460 1594
1461 1489
1461 1812
1461 1983
1462 1603
1463 1752
1463 1846
1464 1960
1465 2000
1467 1505
1467 1950
1468 1567
1469 1487
1470 1561
1470 1600
1471 1897
1471 1901
1474 1479
1474 1572
1474 1998
1477 1622
1481 1740
1482 1528
1482 1976
1487 1764
1487 1822
1488 1983
1490 1973
1491 1700
1493 1664
1493 1814
1494 1717
1494 1739
1497 1594
1497 1629
1497 1641
1497 1647
1498 1658
1498 1795
1500 1873
1501 1716
1501 1830
1505 1908
1505 1951
1505 1995
1506 1556
1507 1530
1507 1601
1507 1621
1508 1657
1510 1599
1511 1918
1513 1533
1514 1636
1517 1786
1518 1543
1520 1671
1522 1798
1522 1898
1523 1687
1523 1918
1524 1619
1525 1614
1525 1684
1525 1778
1526 1532
1526 1566
1526 1891
1528 1812
1529 1756
1530 1779
1530 1837
1530 1969
1532 1663
1532 1724
1532 1838
1534 1715
1534 1828
1535 1583
1535 1915
1536 1637
1536 1757
1537 1818
1539 1725
1540 1737
1541 1805
1541 1809
1543 1694
1543 1738
1544 1604
1544 1853
1548 1624
1549 1877
1551 1911
1553 1576
1555 1565
1555 1858
1557 1577
1561 1981
1566 1978
1570 1788
1571 1734
1571 1926
1575 1627
1575 1780
1577 1894
1578 1711
1579 1649
1581 1746
1582 1704
1583 1741
1584 1706
1584 1820
1587 1610
1589 1938
1591 1908
1592 1697
1592 1768
1593 1620
1593 1699
1601 1819
1602 1787
1603 1892
1604 1823
1605 1619
1605 1737
1606 1907
1607 1631
1607 1722
1607 1733
1610 1734
1611 1634
1611 1877
1616 1714
1618 1728
1619 1716
1625 1987
1628 1963
1630 1819
1630 1852
1632 1802
1632 1842
1633 1880
1634 1920
1635 1871
1636 1691
1637 1784
1637 1896
1643 1886
1646 1959
1647 1709
1649 1763
1649 1905
1651 1686
1653 1679
1654 1693
1654 1729
1654 1915
1655 1904
1657 1749
1657 1997
1661 1875
1663 1689
1663 1832
1664 1829
1666 1834
1671 1750
1671 1895
1672 1821
1673 1766
1675 1912
1676 1794
1677 1703
1678 1750
1678 1903
1678 1981
1680 1844
1680 1861
1681 1826
1683 1922
1686 1902
1689 1880
1690 1784
1690 1982
1691 1801
1694 1939
1694 1987
1696 1995
1697 1903
1697 1973
1704 1757
1707 1791
1711 1954
1713 1746
1716 1896
1719 1926
1723 1905
1729 1753
1729 1791
1729 2000
1732 1796
1732 1830
1732 1878
1733 1830
1735 1834
1737 1762
1743 1801
1745 1792
1745 1940
1748 1807
1753 1942
1753 1955
1760 1818
1763 1848
1769 1990
1770 1815
1771 1985
1783 1804
1789 1791
1792 1855
1803 1885
1804 1809
1806 1885
1814 1921
1820 1944
1822 1959
1825 1956
1825 1958
1827 1988
1834 1991
1835 1997
1841 1849
1844 1866
1845 1894
1847 1962
1851 1961
1853 1898
1853 1954
1858 1873
1863 1977
1874 1996
1893 1973
1908 1986
1910 1967
1916 1958
1918 1954
1920 1958
1925 1967
1929 1971
1937 1988
1945 1953