2000
1 690
1 810
1 1122
1 1415
1 1462
2 784
2 809
2 1062
2 1122
2 1251
2 1435
3 387
3 1114
3 1447
3 1451
4 661
4 1422
4 1455
4 1759
4 1805
4 1932
5 124
5 145
5 1046
5 1344
5 1345
5 1911
5 1990
6 218
6 529
6 696
6 1101
6 1112
7 883
7 1722
8 163
8 280
8 399
8 1536
9 1941
10 68
10 396
10 408
10 681
10 854
10 1159
10 1486
10 1492
11 761
11 1696
12 463
12 1243
12 1364
13 278
13 1275
13 1755
13 1768
14 450
14 454
14 1481
14 1576
15 1888
16 23
16 621
16 689
16 980
16 1356
16 1388
16 1829
17 200
17 285
17 309
17 1695
18 85
18 1423
18 1427
18 1651
19 1115
20 202
20 613
20 633
20 854
20 865
20 883
20 1652
21 775
21 1003
21 1066
21 1518
22 632
22 1066
22 1320
22 1452
22 1719
22 1846
23 37
23 373
23 407
23 830
23 1079
23 1409
23 1428
24 219
24 306
24 837
24 849
24 874
24 1706
25 40
25 677
25 1267
25 1675
25 1724
25 1740
26 753
26 1896
27 366
27 479
27 649
27 889
27 1658
27 1663
27 1683
28 666
28 840
28 954
28 1001
28 1207
28 1817
28 1886
29 200
29 600
29 861
29 1133
30 1871
31 305
31 479
31 573
31 949
32 457
32 754
32 1249
32 1407
32 1467
32 1708
32 1896
32 1898
33 659
33 675
33 1358
34 274
34 568
34 1105
34 1874
35 73
35 84
35 1614
36 173
36 181
36 483
36 1699
37 72
37 414
37 1279
37 1334
37 1528
38 330
38 399
38 775
38 1346
38 1735
39 288
39 656
39 750
39 895
39 1333
39 1736
40 1098
40 1280
40 1599
41 986
41 1131
41 1209
41 1856
42 564
42 1152
42 1446
43 306
43 590
43 716
43 1638
43 1921
44 1367
44 1661
44 1805
45 182
45 315
45 619
45 953
46 1772
47 448
47 658
48 993
48 1000
48 1698
49 57
49 623
49 631
49 1919
50 69
50 150
50 643
50 680
50 1255
50 1812
51 722
51 771
51 1235
51 1244
51 1552
51 1725
51 1979
52 465
52 721
52 1166
52 1590
52 1722
53 1008
53 1085
53 1091
53 1587
54 1973
55 493
55 1816
55 1925
55 1969
56 101
56 111
56 439
56 659
57 267
57 518
57 635
57 733
57 1438
57 1594
57 1623
58 104
58 280
58 1161
58 1454
58 1566
58 1734
59 119
59 445
59 492
59 1068
59 1679
59 1884
59 1901
59 1954
60 173
60 399
60 853
60 870
60 1242
60 1738
60 1896
61 250
61 350
61 1009
61 1445
61 1487
61 1488
62 602
62 731
62 1383
62 1835
63 1203
63 1255
63 1616
63 1625
63 1767
63 1790
64 310
64 1335
65 76
65 629
65 1246
65 1534
65 1714
66 602
66 782
66 1826
67 837
67 1001
67 1374
67 1919
68 120
68 538
68 1008
68 1017
68 1221
68 1897
69 1412
70 214
70 564
70 724
70 950
70 951
70 1018
70 1974
71 118
71 952
72 791
72 1812
72 1823
73 207
73 1052
74 96
74 151
74 959
74 997
74 1043
74 1142
74 1494
75 407
75 1419
75 1813
76 539
76 632
76 1088
76 1158
77 93
77 306
77 319
77 387
77 737
77 838
77 1379
77 1425
77 1771
78 161
78 906
78 1734
79 163
79 529
79 806
79 1312
79 1739
79 1819
79 1957
80 380
80 1136
80 1597
80 1789
81 748
81 1106
81 1117
81 1733
81 1804
81 1935
82 394
82 728
83 294
83 297
83 627
83 1098
83 1206
83 1460
83 1618
84 97
84 338
84 1164
84 1228
84 1548
84 1587
85 100
85 531
85 583
85 966
85 1273
86 610
87 133
87 461
87 755
87 940
87 1302
87 1643
87 1650
88 565
88 733
88 753
88 1827
88 1839
89 1440
89 1495
89 1679
90 382
90 959
90 1536
90 1603
90 1786
91 374
91 804
91 1655
91 1690
91 1909
92 182
92 224
92 227
92 409
92 958
92 1016
92 1114
92 1204
93 321
93 1206
93 1774
93 1905
93 1948
94 147
94 1039
94 1280
94 1339
94 1834
95 1186
95 1203
96 591
96 862
96 1482
96 1890
97 1423
98 833
98 1091
98 1764
99 452
99 818
99 1451
99 1550
99 1586
99 1871
100 149
100 161
100 567
100 594
100 602
100 1063
100 1707
100 1741
101 120
101 226
101 866
101 977
101 1533
101 1692
101 1997
102 180
102 461
102 479
102 852
102 1128
103 124
103 536
103 1774
103 1883
104 422
104 1787
105 1125
105 1219
105 1437
105 1674
106 145
106 1120
106 1455
106 1644
106 1979
107 189
107 225
107 314
107 345
107 433
107 1951
108 322
108 405
108 1054
108 1561
108 1623
109 140
109 450
109 580
109 1468
109 1754
109 1975
110 1421
111 185
111 377
111 537
111 671
111 1790
112 411
112 441
112 499
112 1346
112 1439
112 1493
113 290
113 946
113 1996
114 1276
114 1890
115 225
115 350
115 498
115 851
116 123
116 200
116 825
116 1464
116 1646
116 1798
116 1816
116 1826
117 1511
118 1436
118 1647
119 419
119 471
119 472
119 557
119 721
119 796
119 889
119 894
119 1196
119 1641
119 1982
120 960
120 1020
121 217
121 767
121 1717
122 158
122 779
122 1591
122 1631
122 1644
122 1960
123 854
123 1480
123 1521
124 417
124 678
124 940
124 1654
125 142
125 155
125 628
125 667
125 806
126 303
126 865
126 1469
127 838
127 856
127 1046
127 1226
127 1739
127 1742
128 379
128 505
128 1200
128 1251
128 1317
128 1727
128 1852
129 461
129 627
129 664
129 1787
129 1809
129 1956
130 567
130 844
130 1187
130 1614
131 579
131 703
131 1297
132 225
132 317
132 425
132 960
132 1101
133 466
133 1328
133 1387
134 246
134 251
134 443
134 657
134 1017
134 1062
134 1122
134 1180
134 1482
135 599
135 655
135 1003
135 1111
135 1219
135 1263
135 1477
135 1790
135 1853
136 933
136 1158
136 1684
136 1914
137 715
137 814
137 1811
138 232
138 1252
138 1646
138 1652
138 1782
139 204
139 273
139 791
139 910
139 1307
140 401
140 957
140 1164
140 1388
141 187
141 1104
141 1648
141 1788
142 711
142 1073
142 1418
142 1876
142 1942
143 184
143 1104
143 1908
144 716
144 1010
144 1558
144 1696
144 1931
145 245
145 690
145 893
145 1376
145 1685
146 1209
146 1927
147 382
147 734
148 349
148 838
148 915
148 1036
148 1165
148 1753
148 1854
148 1977
149 546
149 854
149 1019
149 1406
149 1744
150 285
150 510
150 1981
151 250
151 580
151 1338
151 1804
152 487
152 1092
152 1305
152 1770
153 171
153 219
153 505
153 1865
154 261
154 1104
155 575
155 879
155 976
155 1427
156 431
156 494
156 969
157 765
157 1688
158 340
158 1319
159 966
159 1059
159 1265
159 1408
159 1565
159 1608
159 1618
159 1825
160 221
160 430
160 1477
161 345
161 703
161 849
161 1363
162 568
162 1298
163 551
163 777
164 532
164 935
164 1398
164 1663
164 1868
165 252
165 339
165 394
165 1144
165 1212
166 472
166 534
166 940
166 1046
166 1837
166 1848
166 1995
167 1545
168 1639
169 184
169 1177
169 1332
169 1519
170 176
170 243
170 675
170 926
170 996
170 1123
170 1182
171 582
171 1393
171 1851
172 1105
172 1425
172 1574
173 332
173 533
173 766
173 1227
173 1378
173 1398
174 289
174 928
174 1254
174 1722
175 888
175 999
176 1300
177 406
178 216
178 515
178 569
178 864
178 916
178 1055
178 1225
178 1239
179 772
180 1218
180 1329
180 1482
180 1484
180 1517
180 1635
180 1918
181 341
181 1099
182 1314
183 941
183 966
183 1189
184 452
184 711
184 849
184 1845
184 1983
185 1679
187 522
187 1660
187 1735
188 488
188 796
189 426
189 1574
190 565
190 1123
190 1689
191 396
191 494
191 517
191 559
191 598
192 303
192 745
192 765
192 784
192 1863
193 265
193 367
193 1506
193 1543
194 600
194 702
194 717
194 989
194 1137
194 1514
195 797
195 1212
195 1325
195 1502
195 1941
196 1613
196 1728
196 1929
197 565
197 596
197 1524
198 798
198 1503
199 570
199 812
199 932
199 1045
200 1236
200 1478
200 1486
200 1658
200 1833
200 1899
201 646
201 1415
201 1452
202 510
202 1544
202 1579
203 422
203 1111
203 1215
203 1583
203 1584
204 347
204 822
204 877
204 1109
204 1251
204 1756
204 1943
205 734
205 972
205 1123
205 1758
206 411
206 421
206 509
206 1533
206 1570
207 665
207 686
207 849
207 981
207 1534
207 1660
208 244
208 1412
208 1889
208 1906
209 1077
209 1097
209 1224
209 1830
210 805
210 950
210 954
210 1209
210 1617
211 472
211 641
211 1619
212 1075
213 335
213 474
213 495
213 1067
213 1152
213 1629
213 1712
214 384
214 1037
214 1980
214 1995
215 337
215 1193
215 1361
215 1404
215 1857
216 375
216 1400
217 321
217 612
217 702
217 1242
217 1365
217 1712
218 295
218 1103
218 1288
218 1747
218 1994
219 900
219 937
219 1032
219 1114
219 1363
220 645
220 917
220 971
221 885
221 1010
221 1333
221 1620
221 1795
222 907
222 1333
222 1756
222 1795
222 1931
223 643
223 935
223 1115
223 1367
224 382
224 917
224 1308
224 1789
224 1913
225 1187
225 1344
225 1637
226 802
226 1184
226 1712
227 430
227 660
227 731
227 1664
227 1940
228 788
228 931
228 970
228 1554
228 1602
228 1753
228 1763
229 1066
229 1561
229 1739
229 1852
229 1859
229 1897
230 426
230 806
230 1015
230 1627
231 318
231 638
231 1571
231 1573
231 1626
232 704
232 902
232 1249
232 1635
233 239
233 846
233 877
233 1383
233 1402
234 992
235 1483
235 1600
235 1724
235 1909
235 1932
236 611
237 547
237 596
237 766
237 1062
238 295
238 390
238 1013
238 1229
238 1338
238 1887
239 673
239 746
239 953
239 990
239 1342
239 1367
239 1474
240 451
240 879
240 1087
240 1155
241 307
241 1928
242 378
242 605
242 1534
242 1788
243 1066
243 1496
243 1695
243 1763
244 653
244 821
244 1011
244 1323
244 1587
246 315
246 415
246 1044
246 1814
247 908
247 951
247 1075
247 1284
247 1693
247 1899
248 699
248 806
248 1027
249 276
249 635
249 857
249 1356
250 541
250 1088
250 1354
250 1391
250 1514
250 1715
251 451
251 555
251 1031
251 1268
252 613
253 634
253 744
253 1671
253 1796
254 573
254 608
254 764
254 1899
255 670
255 1067
255 1103
255 1286
255 1470
255 1732
255 1861
256 848
256 1192
257 636
257 870
257 884
257 1994
258 1090
258 1141
259 481
259 981
259 987
259 1622
259 1999
260 1757
261 638
261 850
261 875
261 1528
261 1660
261 1669
262 845
262 1150
262 1200
262 1399
262 1477
262 1688
262 1701
262 1962
263 578
263 1559
263 1786
264 307
264 901
264 1239
264 1745
264 1893
265 679
266 990
266 1050
266 1253
266 1419
266 1646
267 343
267 991
267 1045
268 1103
269 923
269 1416
269 1582
269 1730
270 555
270 955
270 1129
271 410
271 883
271 1026
271 1057
271 1349
271 1997
272 506
272 907
272 1794
272 1832
273 314
273 1319
273 1484
274 599
274 1045
275 561
275 874
275 1540
276 383
276 1444
277 1157
277 1669
278 701
278 857
279 285
279 671
279 791
279 1667
279 1934
280 282
280 870
280 946
280 1519
280 1563
280 1612
280 1758
281 618
281 751
281 1550
282 572
282 617
282 634
282 1168
282 1196
282 1397
283 468
283 714
283 1368
284 690
284 993
284 1054
284 1187
285 1035
285 1230
285 1737
286 378
286 1025
286 1040
286 1407
286 1631
287 411
287 427
287 997
287 1578
287 1981
288 472
288 1155
288 1366
289 1189
289 1412
289 1452
290 573
290 793
290 1182
290 1234
291 1194
291 1360
291 1624
292 499
292 561
292 657
292 747
292 909
292 953
293 942
293 1133
293 1140
294 410
294 752
294 1182
295 482
295 718
295 1770
296 761
296 831
296 891
296 949
296 1843
296 1898
296 1986
297 446
297 448
297 1237
297 1262
297 1568
297 1636
297 1905
298 807
298 1211
298 1384
298 1590
299 516
299 640
299 838
300 1609
301 373
301 1070
301 1535
301 1802
302 396
302 898
302 1539
302 1688
303 1740
305 436
305 1116
305 1426
305 1526
305 1562
305 1706
305 1737
306 850
306 907
306 1437
306 1533
306 1911
307 550
307 726
307 1090
307 1132
307 1535
308 1416
308 1543
308 1627
309 337
309 416
309 983
309 1085
309 1429
310 393
310 537
310 554
310 1396
311 1903
312 951
312 976
312 1276
312 1464
313 476
313 1320
313 1397
313 1494
314 857
314 1413
315 934
315 1467
316 1303
316 1562
316 1981
317 831
317 933
317 1302
317 1728
317 1907
317 1990
318 867
318 933
318 1343
318 1388
318 1631
318 1768
318 1860
319 537
319 1398
319 1620
320 721
320 803
320 1475
321 393
321 415
321 1213
323 667
323 1649
324 387
324 840
324 919
324 985
324 1015
325 622
325 1512
325 1657
326 643
326 1431
326 1889
326 1941
327 406
327 924
327 1188
327 1509
327 1619
328 442
328 742
328 816
329 331
329 1114
329 1746
329 1918
330 777
330 880
330 1693
331 729
332 402
332 704
332 827
332 1274
332 1461
332 1765
333 428
333 749
333 821
333 892
333 1535
333 1769
334 743
334 839
334 1305
334 1447
334 1472
334 1644
334 1965
335 1428
335 1946
336 453
336 656
336 1375
338 535
338 1131
338 1693
338 1912
339 466
339 1088
339 1506
340 360
340 1006
340 1120
340 1338
341 441
341 523
341 765
341 956
341 1197
341 1389
341 1402
341 1582
342 666
342 795
342 1902
343 1205
343 1369
343 1461
343 1477
344 899
344 1491
344 1736
344 1756
344 1921
345 439
345 898
345 1145
345 1425
345 1823
346 759
346 935
346 1600
347 1008
347 1960
348 429
348 435
348 1300
348 1336
348 1419
348 1591
348 1738
348 1945
348 1965
349 857
349 1120
349 1883
350 1040
350 1120
350 1592
351 386
351 1619
352 365
352 622
352 674
352 1220
352 1290
352 1361
352 1369
353 635
353 709
353 736
353 798
353 1001
353 1658
354 544
354 641
354 746
354 998
354 1331
354 1366
354 1562
354 1620
355 489
355 1415
356 990
357 388
357 894
357 1008
357 1727
357 1959
358 628
358 1330
358 1796
359 826
359 1439
359 1451
359 1678
360 1194
361 469
361 757
361 1343
361 1368
361 1608
361 1929
362 689
362 1720
363 572
363 596
363 916
363 1222
363 1935
364 1197
364 1280
364 1733
366 1102
366 1756
366 1978
367 847
367 1168
367 1560
368 688
368 1120
368 1145
368 1451
368 1559
369 737
369 959
369 1462
370 610
370 735
370 1333
370 1590
371 992
371 1081
371 1127
372 974
372 1279
372 1855
373 473
373 650
373 980
373 1032
373 1075
373 1445
374 664
374 816
374 819
374 1184
374 1684
375 1423
376 505
376 1446
376 1849
377 556
377 1003
377 1146
377 1603
377 1850
377 1865
378 1635
379 435
379 881
379 1003
379 1307
380 753
380 832
380 1012
380 1134
380 1139
380 1585
381 1644
381 1664
381 1926
382 953
382 982
382 1342
382 1975
383 622
383 1969
384 401
384 1239
384 1385
384 1574
385 944
385 976
385 1200
386 1105
386 1151
386 1768
387 485
387 503
387 528
387 824
387 1519
387 1932
388 1177
388 1602
389 723
389 725
389 1408
389 1866
390 423
390 1132
390 1542
390 1602
391 1270
391 1653
391 1679
392 1576
392 1643
392 1729
393 602
393 847
393 1144
393 1230
394 439
394 641
394 1187
394 1201
394 1327
394 1738
395 960
395 1028
395 1134
395 1166
395 1616
396 450
396 1102
396 1271
396 1520
396 1571
397 1037
397 1995
398 1243
398 1878
398 1897
399 953
400 1888
401 701
401 1113
401 1348
401 1786
401 1815
401 1850
402 649
402 963
402 1440
402 1613
403 729
404 1000
404 1438
404 1559
404 1782
404 1925
405 907
405 983
406 606
406 637
406 1741
406 1812
406 1935
407 1227
407 1822
408 910
409 720
409 749
409 1270
409 1339
409 1343
409 1715
409 1776
410 485
410 814
410 1809
411 822
411 831
411 847
411 1036
411 1575
411 1923
412 785
412 1230
412 1409
413 1070
413 1914
414 432
414 773
414 1085
414 1368
414 1668
414 1884
415 712
415 1274
416 693
416 1111
416 1588
416 1996
417 436
417 898
417 1369
417 1684
418 1217
418 1416
418 1672
418 1748
420 441
420 741
420 863
420 957
420 983
420 1265
420 1564
420 1851
421 503
421 1073
421 1502
421 1911
422 426
422 549
422 1009
423 815
423 873
423 1323
424 555
424 597
424 1023
424 1837
424 1975
425 831
425 1485
425 1876
425 1908
426 1369
426 1622
426 1665
426 1717
427 680
427 1440
428 681
429 1893
430 1065
430 1150
431 790
431 855
431 1104
431 1161
431 1613
432 490
432 754
432 1666
433 580
433 596
433 1179
433 1201
433 1527
433 1561
435 990
435 1292
435 1542
435 1909
435 1916
436 763
437 793
437 812
437 1112
437 1607
437 1739
437 1835
437 1869
437 1983
438 874
438 996
438 1117
438 1397
439 529
439 843
439 1083
439 2000
440 1248
440 1451
440 1701
440 1809
440 1942
440 1969
441 825
441 1486
442 979
442 1648
443 1221
443 1651
444 623
444 1588
444 1740
445 710
445 1371
445 1842
446 621
446 849
446 934
446 1153
446 1423
447 990
447 1675
447 1759
448 515
448 882
448 1335
448 1768
449 926
449 979
449 1390
449 1490
450 1038
450 1492
451 676
451 1034
452 525
452 873
452 1667
453 660
453 1412
453 1749
454 1735
455 1614
455 1794
456 532
456 596
456 1705
456 1828
458 919
458 1054
458 1343
459 1009
459 1193
459 1700
460 649
460 1362
460 1485
460 1922
461 861
461 1274
461 1412
462 803
462 808
462 958
462 1082
462 1095
462 1234
462 1669
462 1892
463 797
463 964
463 1033
463 1522
463 1736
463 1810
464 522
464 657
464 1020
465 960
465 1094
465 1350
465 1517
465 1597
465 1604
465 1984
466 1007
467 748
467 804
467 1105
467 1155
467 1642
467 1908
468 682
468 1262
468 1821
468 1959
469 1022
469 1233
469 1482
469 1704
469 1983
470 597
470 678
470 888
470 1294
470 1749
470 1836
470 1991
471 477
471 660
471 947
472 1455
472 1616
472 1681
472 1820
473 515
473 760
473 1383
473 1762
473 1776
474 999
474 1091
474 1171
475 664
475 1865
476 1349
476 1817
476 1835
478 658
478 693
479 943
479 1859
479 1893
479 1971
480 1145
480 1301
480 1984
481 1006
481 1618
481 1626
482 845
482 1166
482 1297
482 1557
483 1139
483 1331
484 518
484 924
484 938
484 1205
484 1412
485 680
485 1255
485 1757
486 1133
486 1434
487 521
487 855
487 1195
487 1210
488 549
488 1375
488 1677
488 1740
489 1090
489 1281
489 1601
489 1900
490 573
490 698
490 941
490 1338
490 1350
490 1523
491 945
491 1130
491 1487
491 1787
492 697
492 1016
492 1366
492 1400
492 1826
493 614
493 789
493 1066
493 1590
493 1684
493 1840
494 595
494 1167
494 1874
495 766
495 971
495 1244
495 1968
496 778
496 1369
496 1504
496 1515
496 1698
497 1694
497 1743
497 1781
498 658
498 862
498 1006
498 1413
499 681
499 701
499 719
499 1297
499 1458
500 630
500 711
500 1064
500 1494
500 1816
501 901
501 1199
501 1884
501 1939
502 1098
502 1298
503 981
503 1110
503 1184
503 1227
503 1764
503 1863
503 1938
504 542
505 1857
506 996
507 653
508 915
509 561
510 1228
510 1544
510 1561
510 1801
511 1124
511 1464
512 1848
513 942
513 1506
513 1968
514 657
514 989
514 1555
515 546
515 1157
515 1605
516 579
516 1099
516 1394
516 1522
517 752
517 1000
517 1181
517 1197
517 1359
517 1395
517 1411
518 537
518 1670
518 1989
519 646
519 1102
519 1771
519 1972
520 1414
520 1653
520 1669
521 1387
521 1721
522 1652
522 1985
523 1116
523 1204
523 1306
523 1617
523 1632
523 1657
524 1152
524 1306
525 696
525 753
525 1077
525 1975
526 1470
526 1852
527 1010
527 1463
527 1646
528 1004
528 1247
529 916
529 1330
529 1443
529 1610
529 1617
529 1632
529 1822
530 679
530 1235
530 1996
531 868
531 978
531 1150
531 1236
531 1376
531 1738
532 1589
533 702
534 1568
534 1607
534 1855
535 795
535 1580
536 1173
536 1232
536 1927
536 1994
537 551
537 1108
538 755
538 1143
538 1421
539 714
539 808
539 1026
539 1372
539 1783
539 1857
541 592
541 601
541 1887
542 881
542 1140
543 1103
544 743
544 1487
544 1612
545 817
545 922
546 976
546 1100
546 1368
546 1782
547 628
547 848
547 989
548 692
548 1546
548 1574
549 1041
549 1068
549 1315
549 1509
549 1647
549 1667
549 1707
550 607
550 752
550 1421
550 1460
550 1676
551 615
551 830
551 982
551 1394
551 1927
552 898
552 1734
552 1738
552 1986
553 1602
554 1871
555 1159
555 1789
556 754
557 775
557 1095
557 1515
557 1668
558 591
558 1236
558 1305
558 1843
558 1877
559 906
559 926
559 1123
560 1006
560 1221
560 1353
560 1452
561 941
561 1196
561 1516
561 1917
562 901
562 1190
562 1379
563 1287
563 1694
565 661
565 942
565 1689
566 1393
566 1687
566 1713
567 859
567 1062
569 700
569 900
569 977
569 1128
569 1549
570 659
570 1230
572 802
572 859
572 1093
572 1697
573 710
573 993
573 1740
574 1027
574 1206
574 1920
575 861
575 1168
575 1675
575 1861
575 1977
576 655
576 1375
576 1515
576 1655
576 1749
576 1808
577 1113
577 1566
577 1903
578 985
578 989
578 1702
578 1899
580 906
580 1010
580 1408
580 1615
581 757
581 1218
581 1784
581 1972
582 1073
582 1254
582 1590
582 1708
583 806
584 1360
584 1838
584 1959
584 1972
585 602
585 786
585 1270
585 1519
586 889
586 1096
586 1540
586 1639
587 655
587 1165
587 1416
588 1455
588 1547
588 1758
588 1878
589 1426
589 1497
589 1799
590 857
590 1603
590 1664
590 1779
590 1973
590 1997
591 626
591 1368
591 1417
591 1985
592 745
592 1416
592 1500
592 1577
593 707
594 958
594 1248
594 1424
595 853
595 1256
596 957
596 995
596 997
596 1012
596 1722
597 1362
597 1643
597 1722
598 920
598 945
598 1395
598 1612
599 1053
599 1557
599 1723
599 1876
599 1910
600 799
600 1170
600 1569
600 1767
600 1941
601 1411
601 1461
602 977
602 1801
603 735
603 876
603 1174
603 1782
604 751
604 1136
604 1505
604 1626
604 1830
605 1017
605 1729
605 1929
605 1937
605 1972
605 1991
606 698
606 888
606 1074
606 1416
606 1655
606 1881
607 618
607 665
607 802
607 910
607 1065
607 1150
607 1377
607 1574
608 1057
608 1618
608 1682
609 837
609 1147
609 1657
609 1723
609 1786
610 1167
610 1325
610 1549
610 1662
610 1741
611 1168
611 1760
611 1844
611 1985
612 668
612 766
612 842
612 1224
613 742
613 1044
613 1363
614 1139
614 1358
615 1110
615 1192
615 1547
616 798
616 848
616 1241
616 1648
616 1793
617 803
617 1523
617 1852
617 1929
617 1949
618 900
618 1299
618 1433
619 630
619 786
620 1245
620 1936
621 738
621 949
621 1062
621 1745
622 692
622 1108
622 1216
623 1409
623 1642
624 988
624 1197
624 1307
625 652
625 1343
625 1366
625 1397
625 1724
626 910
626 1168
626 1457
627 1261
627 1984
628 710
628 1491
628 1556
628 1652
629 726
630 882
630 891
630 926
631 904
631 1080
631 1133
631 1298
631 1972
632 1576
633 928
633 1283
633 1750
634 737
634 1008
634 1876
635 660
635 750
636 799
636 1790
637 658
637 1372
637 1444
637 1643
637 1880
638 659
638 916
638 1025
639 755
639 1608
639 1906
639 1960
639 1977
640 650
640 1139
640 1609
641 1056
641 1378
641 1452
641 1531
641 1533
641 1830
642 824
643 682
643 833
643 1114
643 1276
644 856
644 1081
644 1101
644 1289
644 1372
645 806
645 1065
645 1201
645 1299
645 1321
645 1644
646 782
646 885
647 1216
648 807
648 1299
648 1671
649 894
649 1124
649 1136
649 1658
649 1794
650 994
650 1107
650 1885
651 845
651 1624
652 1116
652 1705
652 1977
652 1988
653 665
653 735
653 756
653 1459
654 823
654 896
654 1574
655 1479
655 1664
655 1692
656 1663
657 1144
657 1221
657 1482
658 704
658 742
658 830
658 1398
658 1979
659 1030
659 1302
659 1406
659 1454
661 1045
661 1249
661 1475
662 810
662 1250
662 1398
663 719
663 759
663 1487
663 1723
664 844
664 1331
664 1957
665 952
665 1283
665 1357
665 1984
666 769
666 879
666 1699
667 704
667 764
667 1354
667 1865
668 771
668 1417
668 1596
668 1891
669 1173
669 1406
669 1419
669 1634
670 748
670 772
670 977
670 1975
671 1590
673 1522
673 1741
674 1545
675 922
675 1523
675 1935
676 891
677 934
677 1221
679 918
679 1103
679 1161
679 1238
679 1352
680 1300
681 697
681 1826
682 1264
682 1495
683 802
683 1110
683 1290
683 1575
683 1796
684 951
684 971
684 1517
684 1938
685 1433
685 1793
686 744
686 1448
686 1493
686 1683
686 1711
686 1803
687 708
687 715
687 717
687 1074
687 1856
688 768
688 1145
688 1721
689 816
689 1775
690 1008
690 1631
691 1484
691 1895
692 1121
692 1493
694 790
694 941
694 1021
694 1171
694 1780
694 1930
695 1932
696 825
696 1441
696 1600
696 1907
697 753
697 1031
697 1618
698 803
698 970
698 1145
698 1158
698 1304
699 950
699 1704
700 928
700 959
701 1822
701 1922
702 853
702 1019
702 1524
702 1874
703 1193
703 1329
704 871
704 1364
704 1800
705 1175
705 1499
705 1744
705 1856
706 1746
706 1907
707 959
707 1084
707 1224
707 1979
708 1076
709 1697
710 1594
710 1922
710 1966
711 1043
711 1278
711 1337
712 1530
713 893
713 960
714 829
714 1199
715 1331
715 1585
715 1841
716 829
716 1011
716 1286
716 1554
716 1999
718 961
718 976
718 1249
718 1431
718 1682
720 980
720 993
720 1076
720 1493
720 1723
721 752
721 834
721 1473
721 1726
722 909
723 737
723 1017
723 1167
723 1315
723 1400
723 1690
723 1831
724 1510
724 1691
725 1126
725 2000
726 1144
726 1691
726 1968
727 1013
727 1421
727 1598
727 1703
728 874
728 880
728 1105
728 1621
728 1653
729 1009
729 1277
729 1454
729 1738
730 1096
730 1238
731 892
731 1194
732 926
732 1222
732 1359
732 1692
733 1227
733 1542
734 789
734 1171
734 1187
734 1677
735 923
735 1438
735 1505
735 1815
736 745
736 1400
736 1449
736 1540
736 1865
737 1047
737 1149
737 1534
737 1825
738 1204
738 1287
738 1714
739 995
739 1757
739 1764
739 1766
740 1118
740 1416
740 1794
740 1891
741 1007
741 1264
741 1837
741 1992
742 787
742 1134
742 1703
742 1724
742 1957
743 1136
744 1131
744 1284
745 1958
746 775
746 916
746 1275
746 1676
747 1145
747 1438
747 1737
748 847
748 1765
749 1085
749 1277
749 1326
749 1580
749 1973
750 1418
750 1809
753 872
753 998
753 1402
753 1482
754 803
754 1500
754 1646
755 874
755 984
755 1679
756 1769
756 1914
757 1020
757 1815
757 1847
757 1874
758 881
758 1659
758 1774
758 1803
759 1602
759 1899
760 963
760 1493
760 1770
761 939
761 1831
762 880
762 1186
762 1790
763 1618
764 1430
764 1467
764 1614
765 992
765 1136
765 1348
765 1499
765 1665
767 997
767 1232
767 1314
767 2000
768 923
768 1214
768 1850
768 1962
769 1265
770 990
770 1111
772 792
772 850
772 916
772 928
772 1763
773 920
773 1045
773 1265
773 1875
774 1603
775 1584
777 1362
777 1560
777 1709
778 846
778 1705
778 1834
779 793
779 1801
779 1823
780 1136
780 1227
780 1276
780 1642
780 1878
782 1059
783 1139
784 1074
785 1018
785 1166
785 1198
785 1426
787 982
788 1270
788 1442
788 1628
788 1736
789 1589
789 1812
789 1927
790 1787
791 845
791 1187
791 1611
792 953
792 974
792 1636
792 1929
792 1964
793 956
793 1293
793 1418
793 1450
793 1806
793 1828
794 1849
795 835
795 1626
795 1811
796 1175
796 1540
796 1583
797 860
798 1093
798 1389
799 1013
799 1054
799 1199
800 1000
800 1059
800 1474
801 878
801 1330
802 1867
803 1429
803 1578
804 1805
804 1816
805 850
805 1084
805 1349
805 1947
806 972
806 1327
807 884
807 994
807 1616
807 1757
807 1934
808 1243
809 945
809 1379
809 1466
809 1517
809 1891
810 887
810 1287
810 1550
810 1606
810 1845
810 1902
811 976
812 1490
812 1697
812 1715
812 1781
812 1928
813 870
813 925
813 1733
813 1869
814 926
814 1501
814 1969
814 1975
815 898
815 978
815 1261
815 1325
816 907
817 1370
817 1841
818 1667
819 1809
819 1909
820 1359
820 1400
820 1665
820 1949
821 969
821 1372
822 1190
822 1214
822 1782
822 1900
823 1199
824 1025
824 1189
825 1873
826 1152
826 1302
826 1426
826 1504
826 1697
826 1989
827 924
827 1349
827 1893
827 1921
828 875
828 1312
828 1620
828 1960
830 1242
830 1628
830 1984
831 1159
831 1183
831 1487
831 1648
831 1945
832 1193
833 1686
833 1918
833 1927
834 1394
834 1497
835 1226
836 1456
836 1522
836 1716
836 1880
837 1162
837 1257
837 1310
837 1768
838 1886
839 1230
839 1740
840 1532
840 1928
841 1881
841 1933
842 1818
843 846
843 983
843 1317
843 1975
844 1075
844 1307
844 1378
844 1733
844 1891
845 1063
845 1231
845 1238
846 1043
846 1437
846 1480
846 1550
846 1816
846 1898
847 1081
847 1248
847 1249
847 1882
848 974
850 1225
850 1428
850 1484
850 1816
851 1210
852 897
852 1730
853 898
853 954
853 1546
854 1351
855 947
855 1160
855 1202
855 1556
855 1700
855 1727
855 1984
856 942
856 1267
856 1442
856 1667
857 1451
857 1696
858 979
858 1751
859 1398
860 1116
860 1174
860 1404
860 1636
861 1552
861 1651
861 1723
864 1344
864 1417
864 1826
864 1983
865 1652
865 1710
866 1123
869 1572
870 1222
870 1866
871 979
871 1760
872 1456
873 1266
873 1315
873 1547
873 1798
873 1933
874 1512
874 1657
875 1549
876 889
876 1174
876 1364
877 883
877 1592
878 1558
879 956
879 1010
879 1121
879 1263
880 1563
880 1691
881 884
881 976
881 1412
881 1512
881 1634
881 1778
882 1359
882 1727
883 1443
883 1926
884 1017
884 1505
884 1605
884 1865
885 1031
885 1072
885 1111
885 1409
887 967
887 1967
888 1802
889 1053
889 1301
889 1391
890 1073
890 1685
891 1135
891 1838
892 1250
893 1473
894 1350
894 1440
894 1502
895 1000
895 1838
896 919
896 1814
897 1056
897 1504
897 1971
898 1187
898 1656
899 1891
900 1382
901 959
901 1163
901 1838
901 1851
901 1863
902 972
902 1078
902 1423
902 1618
903 934
903 1036
903 1105
903 1149
903 1329
903 1593
903 1984
904 989
904 1367
904 1400
904 1450
904 1901
905 925
905 1155
905 1188
905 1225
906 1040
906 1143
906 1491
908 1386
910 1044
910 1172
911 1137
911 1453
911 1464
911 1803
912 1317
912 1345
913 1335
913 1461
913 1998
915 1690
916 1043
916 1282
916 1590
916 1685
917 1468
918 1631
919 1412
920 1144
921 1147
921 1443
921 1614
922 986
922 1014
922 1427
922 1449
922 1491
923 1334
923 1473
923 1491
923 1783
924 1662
924 1731
925 1993
926 942
926 1364
926 1482
927 1610
928 1394
928 1560
929 1583
929 1944
930 1182
930 1233
930 1753
931 1354
931 1429
931 1471
931 1622
931 1624
932 1438
932 1624
932 1651
933 1023
933 1229
933 1348
933 1416
933 1523
934 959
934 1092
934 1119
934 1268
934 1348
934 1417
934 1478
934 1671
935 1189
935 1248
936 1619
937 1189
937 1780
938 1254
939 1082
939 1935
940 991
940 1665
940 1948
941 952
943 981
943 1532
943 1848
944 1089
944 1213
944 1344
944 1518
944 1775
944 1832
944 1909
945 976
945 1076
946 1067
947 995
947 1227
947 1928
948 1040
948 1170
948 1283
949 1898
950 1727
950 1771
951 1138
951 1154
951 1188
951 1321
951 1577
951 1615
952 1227
952 1646
953 1293
953 1794
953 1925
954 1161
954 1538
955 1003
955 1231
955 1241
955 1706
956 1018
956 1232
957 1235
957 1441
957 1859
959 1629
960 1246
961 1038
961 1392
961 1801
963 1004
963 1110
963 1182
963 1324
963 1784
963 1983
964 1351
964 1743
964 1864
964 1962
965 1003
965 1387
965 1805
966 1948
967 1295
967 1486
967 1570
967 1791
969 1395
969 1471
969 1550
969 1946
970 1209
970 1618
971 1104
971 1289
971 1433
972 1620
972 1856
972 1862
973 1320
973 1472
973 1505
973 1769
974 1968
974 1985
975 1224
975 1384
975 1417
977 1563
978 1037
978 1305
979 1299
981 1556
982 1090
982 1274
982 1374
982 1929
983 1048
983 1459
983 1597
984 1215
984 1587
985 1826
985 1914
986 1648
986 1969
987 1214
987 1459
987 1844
988 1016
988 1478
988 1754
988 1801
989 1185
989 1747
989 1910
990 1046
990 1097
990 1119
990 1920
991 1481
991 1738
992 1793
993 1999
994 1339
994 1400
994 1686
994 1873
995 1217
995 1840
996 1085
996 1112
996 1402
996 1446
997 1316
997 1994
998 1121
998 1467
999 1287
999 1438
1000 1174
1000 1429
1001 1379
1002 1090
1002 1664
1003 1925
1004 1758
1006 1321
1006 1501
1006 1907
1007 1380
1009 1350
1009 1915
1010 1380
1010 1694
1010 1709
1010 1763
1011 1208
1012 1100
1012 1936
1013 1928
1014 1100
1014 1145
1014 1330
1014 1573
1014 1893
1015 1614
1016 1614
1017 1611
1018 1496
1019 1037
1019 1388
1020 1062
1020 1269
1020 1616
1020 1820
1021 1840
1022 1286
1022 1732
1022 1932
1023 1541
1023 1856
1023 1921
1024 1453
1024 1693
1025 1579
1025 1613
1025 1969
1027 1397
1028 1119
1028 1835
1030 1271
1031 1379
1031 1867
1032 1126
1032 1559
1032 1747
1033 1053
1033 1401
1033 1434
1035 1060
1036 1192
1036 1310
1036 1547
1037 1257
1037 1378
1037 1533
1037 1732
1039 1095
1039 1395
1040 1210
1040 1466
1040 1667
1041 1333
1041 1529
1041 1776
1041 1822
1042 1291
1042 1571
1043 1504
1043 1619
1043 1625
1044 1489
1045 1455
1045 1543
1045 1818
1045 1926
1046 1133
1046 1789
1046 1994
1047 1054
1047 1951
1048 1099
1049 1211
1049 1361
1049 1487
1049 1585
1050 1520
1053 1680
1053 1984
1054 1100
1054 1448
1055 1256
1055 1356
1056 1191
1056 1459
1056 1578
1056 1660
1057 1821
1058 1341
1059 1902
1061 1845
1061 1873
1062 1203
1062 1254
1062 1418
1062 1646
1062 1663
1062 1819
1063 1970
1064 1074
1064 1150
1064 1577
1064 1697
1066 1252
1066 1368
1067 1213
1067 1911
1068 1158
1068 1360
1068 1404
1068 1432
1069 1356
1069 1493
1069 1533
1069 1686
1069 1850
1069 1865
1070 1849
1071 1096
1071 1828
1072 1117
1072 1122
1072 1314
1073 1313
1073 1348
1073 1808
1074 1999
1075 1179
1076 1724
1076 1926
1077 1802
1077 1847
1078 1328
1078 1432
1078 1553
1079 1210
1079 1484
1079 1528
1079 1963
1081 1211
1081 1628
1082 1263
1083 1606
1083 1746
1084 1172
1084 1425
1085 1387
1085 1538
1085 1571
1085 1946
1086 1838
1087 1182
1088 1994
1089 1353
1089 1393
1089 1413
1089 1487
1091 1319
1092 1226
1092 1568
1092 1798
1093 1541
1093 1643
1093 1877
1094 1152
1094 1203
1094 1911
1096 1222
1096 1660
1096 1750
1096 1772
1096 1911
1097 1430
1097 1547
1098 1499
1098 1742
1099 1364
1099 1409
1099 1541
1100 1218
1100 1616
1101 1868
1103 1141
1103 1537
1103 1988
1105 1186
1105 1486
1105 1627
1105 1959
1106 1253
1106 1314
1106 1592
1107 1653
1107 1747
1107 1807
1108 1180
1108 1532
1108 1694
1109 1885
1110 1216
1110 1291
1110 1487
1110 1837
1110 1934
1111 1216
1111 1572
1113 1264
1113 1341
1113 1383
1113 1722
1113 1937
1114 1504
1114 1511
1114 1527
1114 1645
1115 1527
1115 1924
1116 1437
1116 1591
1116 1951
1117 1150
1118 1301
1118 1513
1118 1675
1119 1425
1120 1380
1121 1249
1121 1390
1122 1703
1123 1696
1124 1323
1124 1541
1125 1231
1125 1692
1125 1852
1126 1612
1127 1594
1130 1250
1130 1783
1132 1970
1135 1601
1135 1612
1135 1642
1135 1644
1135 1722
1135 1955
1136 1315
1136 1487
1136 1544
1136 1580
1136 1914
1136 1937
1137 1685
1138 1468
1138 1709
1139 1389
1139 1455
1139 1704
1139 1805
1139 1812
1140 1555
1140 1582
1140 1823
1140 1847
1140 1869
1141 1271
1141 1283
1141 1389
1141 1974
1142 1496
1142 1935
1144 1198
1144 1645
1144 1678
1145 1877
1146 1854
1147 1382
1147 1504
1147 1888
1148 1390
1148 1496
1148 1954
1150 1610
1150 1644
1150 1667
1151 1265
1151 1283
1151 1581
1151 1803
1151 1820
1152 1784
1153 1356
1153 1523
1153 1706
1153 1852
1154 1432
1154 1848
1155 1245
1155 1318
1157 1853
1157 1919
1158 1457
1158 1750
1158 1851
1159 1385
1159 1843
1160 1699
1161 1222
1161 1543
1161 1730
1162 1202
1162 1755
1163 1984
1164 1452
1164 1571
1165 1372
1165 1894
1167 1273
1168 1379
1168 1627
1168 1915
1169 1510
1170 1195
1171 1391
1171 1708
1171 1844
1172 1193
1172 1409
1173 1559
1173 1660
1173 1718
1174 1680
1175 1191
1176 1227
1176 1431
1176 1506
1176 1797
1177 1702
1178 1342
1178 1920
1178 1948
1180 1274
1181 1665
1181 1701
1182 1303
1182 1483
1182 1919
1183 1246
1184 1188
1185 1257
1185 1469
1185 1520
1186 1663
1189 1437
1189 1518
1189 1539
1190 1573
1190 1631
1190 1801
1190 1907
1191 1903
1192 1878
1193 1708
1193 1824
1194 1356
1194 1680
1194 1854
1195 1621
1197 1212
1197 1727
1197 1916
1198 1276
1198 1605
1199 1977
1200 1840
1202 1601
1202 1613
1203 1865
1203 1878
1204 1678
1204 1709
1204 1856
1205 1568
1205 1801
1205 1986
1206 1460
1207 1217
1207 1251
1207 1736
1207 1771
1207 1867
1208 1405
1208 1419
1209 1257
1209 1381
1209 1526
1209 1697
1210 1498
1210 1766
1212 1681
1212 1755
1213 1473
1213 1518
1213 1803
1214 1438
1215 1467
1215 1713
1216 1668
1216 1711
1216 1918
1218 1370
1218 1473
1218 1665
1218 1909
1218 1951
1220 1467
1220 1646
1221 1402
1221 1411
1221 1961
1222 1249
1222 1272
1222 1392
1222 1613
1222 1648
1222 1962
1224 1542
1224 1858
1225 1254
1225 1326
1226 1340
1226 1719
1227 1444
1227 1552
1228 1598
1229 1354
1230 1451
1230 1792
1230 1843
1231 1232
1232 1681
1233 1260
1233 1346
1234 1263
1234 1269
1234 1432
1234 1449
1234 1661
1234 1725
1234 1787
1236 1673
1236 1674
1237 1913
1238 1687
1239 1359
1239 1414
1239 1673
1239 1738
1239 1835
1240 1463
1240 1501
1240 1834
1240 1895
1241 1367
1241 1966
1242 1437
1242 1496
1242 1855
1242 1879
1243 1930
1244 1403
1245 1510
1248 1861
1249 1643
1250 1279
1250 1309
1250 1342
1250 1626
1250 1913
1251 1298
1251 1552
1252 1672
1253 1519
1254 1308
1254 1540
1254 1844
1255 1477
1255 1673
1256 1591
1256 1606
1257 1354
1257 1432
1257 1617
1257 1979
1258 1388
1258 1501
1258 1679
1259 1381
1259 1982
1260 1970
1261 1408
1261 1699
1262 1452
1263 1297
1263 1566
1263 1604
1263 1713
1263 1764
1263 1987
1264 1830
1264 1833
1264 1858
1264 1869
1266 1382
1266 1687
1266 1869
1266 1956
1267 1497
1267 1792
1268 1529
1268 1587
1268 1657
1269 1400
1269 1551
1269 1606
1269 1607
1270 1640
1271 1675
1272 1368
1272 1950
1272 1988
1273 1345
1276 1303
1277 1467
1277 1674
1278 1600
1278 1663
1278 1749
1280 1475
1280 1788
1280 1868
1280 1943
1281 1316
1281 1862
1282 1455
1282 1907
1282 1909
1283 1306
1284 1342
1284 1444
1284 1460
1285 1441
1285 1647
1286 1351
1287 1670
1288 1551
1291 1720
1292 1551
1293 1413
1294 1818
1295 1495
1295 1602
1295 1613
1296 1455
1296 1637
1296 1711
1296 1774
1296 1815
1297 1912
1298 1325
1299 1379
1299 1494
1302 1664
1303 1664
1304 1445
1304 1714
1305 1986
1306 1827
1306 1965
1307 1996
1309 1512
1309 1678
1310 1500
1311 1689
1312 1726
1313 1542
1314 1347
1314 1587
1314 1942
1315 1641
1316 1643
1317 1963
1318 1344
1319 1730
1320 1470
1320 1499
1320 1529
1321 1424
1322 1433
1322 1803
1322 1958
1324 1354
1324 1472
1324 1681
1325 1937
1325 1943
1328 1669
1328 1724
1328 1830
1328 1835
1329 1592
1330 1565
1330 1845
1331 1575
1331 1893
1332 1430
1332 1615
1332 1874
1333 1402
1334 1788
1335 1822
1336 1755
1336 1769
1336 1893
1337 1828
1338 1495
1338 1596
1339 1471
1339 1804
1340 1604
1342 1622
1343 1836
1344 1483
1344 1610
1346 1926
1346 2000
1347 1420
1347 1539
1347 1711
1348 1516
1348 1963
1349 1690
1349 1724
1350 1718
1350 1783
1351 1746
1351 1751
1353 1572
1353 1797
1353 1856
1354 1992
1355 1644
1356 1597
1357 1374
1357 1573
1358 1446
1358 1813
1358 1998
1359 1655
1360 1466
1364 1540
1365 1568
1365 1640
1366 1565
1366 1752
1366 1818
1367 1435
1367 1475
1367 1612
1367 1720
1368 1732
1369 1633
1369 1731
1369 1959
1370 1619
1370 1945
1371 1394
1371 1567
1371 1581
1372 1539
1373 1635
1374 1851
1375 1740
1376 1605
1376 1642
1376 1942
1378 1889
1378 1897
1379 1410
1381 1576
1381 1643
1382 1548
1385 1486
1386 1975
1387 1789
1388 1738
1390 1485
1391 1745
1391 1752
1391 1855
1392 1610
1393 1632
1394 1559
1394 1840
1394 1964
1395 1981
1396 1580
1396 1665
1396 1954
1398 1465
1399 1668
1399 1750
1401 1469
1401 1982
1402 1658
1402 1717
1403 1987
1404 1480
1404 1535
1404 1671
1405 1563
1406 1601
1406 1683
1406 1772
1408 1690
1408 1744
1409 1501
1409 1520
1409 1742
1409 1801
1410 1420
1410 1624
1410 1935
1411 1698
1411 1773
1411 1895
1412 1848
1413 1763
1414 1480
1414 1766
1416 1672
1416 1704
1416 1709
1416 1722
1417 1733
1417 1929
1418 1647
1418 1872
1419 1895
1419 1990
1420 1737
1421 1669
1422 1925
1423 1460
1423 1748
1424 1616
1425 1797
1427 1878
1429 1432
1429 1880
1430 1670
1430 1773
1431 1690
1432 1451
1432 1530
1432 1539
1432 1561
1432 1905
1433 1798
1433 1840
1434 1737
1434 1772
1434 1776
1435 1458
1435 1975
1436 1531
1436 1906
1437 1977
1438 1486
1438 1588
1439 1598
1439 1923
1442 1517
1443 1739
1445 1759
1445 1775
1446 1664
1447 1610
1447 1771
1448 1893
1450 1537
1450 1830
1451 1886
1451 1973
1452 1471
1455 1462
1455 1470
1456 1474
1456 1479
1457 1577
1457 1647
1457 1803
1458 1675
1458 1845
1459 1723
1460 1636
1460 1637
1461 1788
1461 1946
1462 1592
1463 1524
1464 1641
1466 1726
1467 1817
1467 1887
1467 1957
1468 1579
1468 1738
1470 1667
1470 1751
1471 1564
1472 1842
1473 1697
1473 1762
1475 1968
1476 1685
1478 1987
1479 1483
1479 1694
1481 1923
1482 1684
1483 1724
1484 1567
1484 1593
1484 1608
1484 1711
1486 1859
1487 1873
1489 1630
1489 1655
1490 1900
1490 1961
1495 1502
1498 1667
1498 1867
1499 1555
1500 1756
1501 1925
1502 1969
1505 1705
1505 1727
1506 1507
1506 1719
1506 1779
1507 1660
1507 1778
1509 1799
1510 1595
1511 1568
1511 1708
1511 1737
1511 1888
1511 1981
1512 1570
1512 1700
1513 1865
1513 1866
1514 1592
1514 1880
1515 1675
1516 1882
1517 1786
1517 1816
1518 1631
1518 1836
1520 1944
1521 1675
1522 1551
1523 1630
1525 1846
1525 1997
1527 1551
1527 1692
1528 1704
1530 1587
1532 1658
1532 1842
1533 1591
1533 1696
1535 1619
1536 1583
1536 1792
1537 1608
1537 1658
1537 1923
1538 1638
1540 1737
1541 1750
1541 1827
1542 1655
1543 1753
1543 1808
1543 1812
1545 1732
1545 1766
1545 1848
1545 1957
1546 1699
1546 1865
1547 1891
1548 1800
1551 1953
1551 1979
1552 1622
1552 1670
1556 1628
1556 1695
1557 1614
1557 1615
1557 1631
1558 1995
1559 1575
1559 1853
1562 1601
1562 1730
1563 1812
1563 1876
1565 1715
1566 1611
1566 1820
1567 1791
1569 1903
1570 1845
1571 1891
1572 1836
1573 1955
1574 1945
1575 1681
1575 1686
1575 1764
1575 1773
1576 1847
1576 1994
1577 1708
1578 1765
1580 1992
1581 1653
1581 1733
1581 1849
1581 1928
1581 1946
1582 1750
1582 1780
1583 1740
1583 1786
1587 1972
1587 1983
1590 1764
1590 1780
1591 1871
1593 1918
1597 1667
1597 1669
1597 1760
1598 1799
1598 1817
1602 1676
1604 1701
1604 1954
1605 1964
1606 1961
1607 1645
1607 1926
1609 1833
1610 1844
1611 1739
1612 1974
1615 1708
1617 1990
1619 1676
1620 1799
1620 1936
1622 1841
1625 1712
1625 1992
1626 1725
1626 1802
1627 1908
1628 1716
1632 1782
1633 1731
1634 1774
1634 1863
1635 1796
1635 1949
1636 1740
1637 1753
1637 1821
1638 1909
1640 1889
1641 1651
1642 1786
1642 1816
1643 1669
1643 1701
1645 1682
1646 1726
1646 1762
1648 1783
1649 1656
1652 1973
1654 1794
1655 1975
1657 1716
1660 1667
1660 1734
1660 1842
1661 1930
1661 1933
1662 1886
1662 1903
1663 1687
1663 1908
1664 1804
1665 1807
1667 1858
1667 1899
1673 1782
1673 1985
1674 1690
1674 1970
1677 1930
1678 1735
1685 1741
1685 1761
1685 1835
1686 1747
1686 1761
1687 1940
1687 1974
1689 1846
1691 1791
1694 1878
1697 1712
1698 1757
1700 1949
1709 1773
1709 1905
1711 1989
1712 1720
1712 1833
1712 1891
1714 1780
1718 1852
1718 1878
1718 1929
1722 1937
1724 1756
1724 1845
1724 1991
1725 1954
1726 1977
1726 1985
1728 1739
1730 1915
1732 1842
1733 1847
1734 1742
1737 1880
1738 1922
1740 1792
1741 1823
1743 1860
1744 1779
1745 1958
1747 1893
1750 1798
1752 1983
1754 1800
1755 1983
1756 1845
1758 1919
1761 1919
1762 1911
1762 1935
1763 1936
1764 1860
1766 1830
1767 1854
1768 1906
1770 1933
1776 1841
1777 1941
1777 1967
1778 1975
1781 1891
1783 1955
1784 1889
1786 1818
1791 1914
1791 1989
1792 1803
1792 1983
1792 1990
1794 1865
1794 1936
1801 1955
1809 1911
1811 1876
1814 1982
1819 1948
1821 1941
1831 1835
1834 1947
1835 1917
1837 1988
1839 1934
1847 1906
1847 1979
1848 1977
1868 1936
1870 1900
1872 1895
1874 1916
1874 1991
1879 1939
1881 1922
1884 1901
1911 1968
1913 1998
1918 1928
1921 1934
1925 1935
1928 1941
1928 1963
1932 1960
1955 1956
1965 1975
1970 1974