2000
1 1055
1 1135
1 1251
1 1736
2 1428
4 50
5 867
5 1121
5 1854
5 1888
6 725
6 1389
6 1795
7 39
7 521
7 1020
7 1130
8 427
9 865
9 1456
10 167
10 1556
11 96
11 1042
11 1234
11 1557
12 486
12 514
12 608
12 1540
12 1634
12 1832
13 1084
14 792
14 1009
14 1654
15 177
15 830
15 1362
15 1983
16 543
16 621
16 1313
17 1242
17 1683
17 1850
18 173
18 568
18 869
18 1587
19 202
19 350
19 780
20 87
20 303
20 459
20 950
20 1653
21 633
21 1152
21 1280
21 1715
21 1948
22 708
22 1377
22 1524
22 1920
23 1032
23 1798
25 823
25 1976
26 372
26 932
26 1182
26 1597
26 1612
27 818
27 961
27 1930
28 77
28 481
28 824
28 1302
28 1495
29 965
29 1263
29 1277
29 1905
30 1586
31 1532
32 293
32 951
32 1267
32 1452
32 1539
32 1640
33 54
33 628
33 803
33 1395
34 1027
34 1629
35 87
36 435
36 737
38 153
38 748
38 795
38 983
38 1142
38 1421
39 1402
40 340
40 935
40 1210
41 207
41 462
41 749
41 1605
41 1990
42 212
42 579
42 779
42 1233
42 1840
43 179
43 204
43 588
43 606
43 1898
44 161
44 785
45 56
47 295
47 569
47 1840
48 703
48 992
48 1797
49 1999
50 201
50 1014
50 1149
50 1454
50 1483
51 234
51 956
52 355
52 1513
52 1932
53 108
53 363
53 1503
54 128
54 504
54 620
54 900
54 1035
54 1697
55 782
55 1716
55 1904
56 96
56 848
56 1254
56 1673
56 1687
57 953
57 989
58 1230
58 1977
59 314
59 968
60 89
60 641
60 1082
60 1967
60 1982
61 205
61 920
61 1315
61 1931
62 1640
62 1875
63 1737
64 332
64 903
64 1560
64 1590
65 91
65 318
65 763
65 782
65 965
65 1658
66 205
66 789
66 1754
67 227
67 525
67 1677
68 371
68 1587
68 1963
69 896
69 1682
69 1762
69 1819
70 1139
70 1299
70 1569
70 1721
70 1790
71 313
71 553
71 1508
72 83
72 825
73 347
73 1126
73 1781
75 1276
75 1387
75 1596
75 1815
76 636
77 308
77 826
77 1048
78 1872
79 1007
79 1040
79 1578
80 1066
80 1484
80 1629
81 243
81 582
81 1063
82 276
82 654
82 833
82 1699
83 396
83 515
83 885
84 738
84 751
85 737
85 1090
85 1481
86 128
86 655
87 580
87 1141
87 1339
88 915
89 344
89 757
89 792
89 1129
89 1668
90 1085
90 1501
91 326
91 1391
91 1583
92 680
92 1836
94 224
94 706
94 1004
94 1637
95 222
95 375
95 984
95 1460
95 1539
96 700
96 708
96 830
96 1006
96 1232
96 1248
96 1646
96 1775
97 292
97 556
97 1187
98 430
98 579
98 710
98 832
98 1912
99 363
99 569
99 1030
99 1146
99 1281
101 117
101 1113
101 1286
101 1598
102 743
102 1731
103 921
103 1077
103 1603
104 563
105 373
105 516
105 1556
105 1932
106 606
106 1361
106 1808
107 817
107 1464
107 1858
108 766
108 1375
108 1823
109 1165
109 1514
109 1854
110 463
110 642
110 1463
111 193
111 659
111 718
111 779
111 1430
111 1652
112 471
112 862
112 971
113 429
113 767
113 1801
114 1668
115 133
116 266
116 879
116 1510
117 1633
117 1663
117 1827
118 227
118 603
118 1993
119 1100
119 1424
119 1663
120 733
120 1136
120 1395
120 1790
120 1982
120 1984
121 798
121 814
121 858
121 1015
121 1713
121 1978
122 512
122 797
123 267
123 896
123 992
123 1289
123 1294
124 617
125 470
125 579
125 812
125 1366
126 1049
126 1197
126 1664
127 1282
127 1609
128 144
128 334
128 697
128 1417
130 344
130 1194
130 1555
131 475
131 617
131 642
131 927
132 134
132 331
132 675
132 961
132 1245
132 1563
132 1745
133 1356
133 1460
133 1501
134 334
134 820
135 271
135 356
135 994
135 1863
136 245
136 1484
138 1156
138 1968
139 165
139 1584
139 1924
140 1393
140 1539
141 1145
141 1823
142 663
142 853
143 791
143 945
143 1212
143 1231
144 497
144 516
144 685
144 701
144 1004
145 192
145 758
145 1140
146 1425
147 424
147 1509
148 965
148 1162
148 1438
149 922
149 1562
149 1956
150 410
150 981
150 1829
151 463
152 372
153 1690
154 1394
154 1587
156 455
156 594
156 799
157 179
157 264
157 860
157 1378
158 247
158 538
158 1391
158 1398
158 1756
159 1612
160 1347
161 775
161 1771
162 572
162 936
162 1281
163 555
163 607
164 1373
165 1032
165 1601
165 1980
166 295
166 723
166 1203
166 1212
166 1664
167 799
167 1035
167 1997
168 501
168 506
168 661
168 1927
169 1856
169 1885
170 766
170 1011
170 1576
170 1600
171 1285
172 270
172 347
172 1506
172 1613
172 1919
173 800
173 966
173 1340
174 1847
175 358
175 505
175 1336
176 213
176 240
176 1279
177 418
177 764
177 925
177 946
177 1532
177 1637
178 921
178 1249
178 1250
178 1297
179 575
179 1535
179 1899
179 1912
180 276
180 288
180 1208
181 360
181 1320
181 1582
182 959
182 1381
183 805
183 837
183 964
183 997
183 1159
184 816
184 1162
184 1691
184 1864
184 1901
185 329
185 697
185 1092
185 1320
185 1817
185 1926
186 217
186 970
188 596
188 1026
190 1681
190 1849
191 203
191 1632
192 890
192 1251
192 1948
193 475
193 840
193 926
193 1310
193 1968
194 293
194 937
194 1071
194 1498
195 467
195 1245
195 1269
196 893
197 1150
197 1182
197 1659
198 255
198 653
198 1148
198 1530
199 571
199 1015
199 1144
199 1487
200 1133
200 1500
201 392
201 1100
201 1632
202 951
204 300
204 846
204 1987
205 720
206 362
206 377
206 1692
206 1877
207 647
207 1368
207 1971
209 730
210 1961
212 287
213 731
213 1011
213 1045
213 1144
214 410
214 1054
214 1643
215 457
215 757
215 1199
215 1241
215 1407
216 1036
216 1495
217 932
217 1678
218 1051
219 1946
220 331
220 403
220 1007
220 1055
220 1246
220 1303
220 1594
221 1579
221 1858
221 1909
222 226
222 1108
222 1420
223 1191
224 790
224 1084
224 1579
225 734
225 1094
225 1535
225 1688
225 1699
226 342
226 390
226 696
226 1275
227 874
227 1043
228 653
229 1058
230 622
230 901
230 1317
231 816
231 1063
231 1291
232 838
232 1739
233 1879
234 851
234 1351
234 1596
235 592
235 694
235 714
235 1319
236 340
236 876
236 1061
236 1164
237 341
237 406
237 646
237 994
237 1460
238 1013
238 1563
239 626
239 1009
239 1179
239 1959
240 323
240 1200
240 1293
241 718
241 855
241 1177
241 1808
242 753
242 1127
243 1874
243 1963
244 723
244 877
244 889
244 1217
244 1485
244 1688
245 844
245 1994
246 318
246 435
246 1558
246 1783
247 574
247 1114
247 1402
247 1692
247 1959
248 1123
249 1826
250 435
250 616
250 789
250 838
250 852
250 1727
251 472
251 1066
253 556
253 1395
253 1631
253 1719
254 563
254 948
254 1410
255 422
255 835
255 1478
255 1936
257 1110
257 1932
258 1304
258 1950
258 1988
259 1421
260 492
260 826
261 506
261 1557
262 706
262 1041
262 1207
263 1434
263 1487
263 1723
263 1854
264 669
264 690
264 1120
264 1571
265 1001
265 1079
265 1907
266 343
266 874
267 886
267 898
267 979
267 1315
267 1529
269 570
269 966
269 1214
269 1403
269 1614
270 695
270 1105
270 1313
270 1899
271 751
271 1479
271 1515
271 1699
271 1949
273 1167
274 335
274 347
275 936
275 1000
275 1185
275 1288
275 1329
277 1472
278 395
278 602
278 852
278 1324
278 1588
278 1604
279 434
279 1666
280 1344
280 1526
281 423
281 524
281 966
281 1364
281 1691
282 1048
282 1153
283 820
283 1965
284 667
284 1090
285 839
285 1795
286 589
286 1360
287 554
287 1474
288 518
288 1581
290 897
290 1403
291 893
291 939
291 1034
291 1778
292 615
293 443
293 493
293 581
293 906
293 1894
295 1357
295 1679
296 1919
297 1332
297 1855
298 690
298 961
298 1772
299 465
299 846
299 910
299 1182
300 910
302 671
302 1092
302 1612
302 1616
302 1909
303 1934
304 460
304 1076
304 1219
304 1369
305 634
305 1013
305 1674
306 384
306 1187
307 453
307 714
308 1495
309 588
309 996
309 1001
309 1179
309 1755
310 1910
311 413
311 677
311 707
311 728
311 1266
311 1835
312 1656
313 1590
313 1903
314 1191
314 1629
315 407
315 853
315 898
315 899
315 1540
316 353
316 410
316 1300
316 1420
316 1584
316 1663
317 873
317 1483
318 716
318 826
319 742
319 815
319 1822
320 539
320 1876
321 1815
322 487
322 1008
322 1111
323 1428
324 1688
324 1895
325 336
325 1604
325 1805
326 1738
326 1893
327 474
327 512
327 785
328 415
328 466
328 657
328 897
329 992
329 1080
329 1160
329 1436
329 1641
330 1235
331 596
331 1156
332 651
332 773
332 1386
332 1417
333 956
333 1060
333 1125
333 1259
333 1610
333 1745
334 336
334 870
335 1428
335 1512
338 918
338 1139
338 1150
338 1796
338 1994
340 1287
341 836
341 1693
342 1919
343 1262
344 1254
345 848
345 1077
345 1207
345 1535
346 474
346 520
346 544
346 654
346 983
346 993
346 1290
346 1771
347 794
347 1120
347 1157
347 1218
347 1477
347 1837
349 684
349 1635
349 1680
349 1805
350 1026
350 1127
351 368
352 397
352 1275
353 579
353 1861
354 591
354 603
354 744
354 1046
354 1105
355 1348
355 1468
356 407
356 523
356 962
356 972
356 1837
357 705
358 375
358 573
358 1415
358 1680
360 1292
360 1932
361 547
361 569
361 989
361 1233
362 1436
362 1720
363 558
363 1135
363 1961
364 1644
364 1971
365 1053
366 1349
366 1771
367 1533
367 1847
369 534
369 1728
370 372
370 658
370 1282
370 1474
371 947
371 1716
371 1915
372 665
372 1623
373 1239
373 1294
374 1379
375 1227
375 1927
376 1769
376 1869
377 1815
378 746
378 926
378 1333
378 1815
379 801
379 1123
379 1371
380 641
380 1146
381 721
381 900
381 978
381 1174
382 849
382 1261
382 1484
383 1103
383 1295
383 1947
384 1013
384 1188
385 1673
385 1802
386 499
386 1677
386 1693
387 796
387 1193
387 1657
389 390
389 1889
390 904
390 1301
390 1982
391 640
391 851
392 516
392 525
392 1216
392 1261
392 1613
392 1758
393 900
393 1241
393 1266
393 1508
393 1641
394 479
394 824
394 1046
395 470
395 573
395 1111
396 918
396 1528
398 835
399 733
399 1247
399 1831
400 621
400 802
400 815
400 1721
400 1948
401 919
402 789
402 1121
402 1182
402 1187
402 1428
403 1049
403 1535
404 1105
404 1315
404 1642
405 407
405 734
405 924
405 934
405 1778
406 970
406 1139
406 1494
406 1855
407 823
407 941
407 1727
408 911
408 991
408 1305
408 1331
408 1522
408 1629
408 1727
409 791
409 1349
410 504
410 1221
411 902
411 1082
411 1255
411 1278
411 1822
412 1007
413 505
413 1699
413 1737
413 1903
414 753
414 775
414 813
415 543
415 582
415 1561
416 644
416 923
416 1780
417 853
417 1113
419 1900
420 906
420 994
420 1265
420 1664
422 443
422 501
422 1475
422 1524
423 1701
424 1509
425 1540
425 1597
425 1663
425 1719
426 1112
426 1358
427 679
427 1587
428 842
428 1309
428 1431
429 517
429 1938
430 461
430 635
431 476
431 554
432 596
432 894
432 1682
433 587
433 789
433 876
433 1376
434 1806
436 735
436 1524
436 1775
436 1997
437 1204
437 1592
437 1998
438 964
438 980
438 1441
438 1497
438 1829
439 576
439 1058
440 658
440 701
440 1189
440 1659
440 1763
440 1837
440 1941
441 998
441 1826
442 1698
443 1388
443 1441
444 452
444 468
444 1623
446 457
446 772
447 645
448 1006
448 1365
449 868
450 653
450 1012
450 1969
451 1516
451 1613
451 1743
451 1803
452 915
452 986
452 1999
453 677
453 913
453 1002
453 1180
453 1297
455 696
455 813
455 1894
456 1730
457 815
457 1019
458 1997
459 573
459 1096
460 746
460 1642
460 1945
461 1934
462 1170
462 1311
462 1363
462 1715
463 1729
464 741
464 1225
464 1396
465 479
465 498
465 1548
466 921
466 1151
466 1664
466 1789
467 523
467 627
468 967
468 1438
469 1900
470 627
470 662
470 787
470 802
471 564
471 1199
472 657
472 942
472 1306
473 782
474 580
474 633
474 900
474 983
475 1042
475 1265
476 1248
476 1792
477 925
477 1222
477 1392
477 1547
479 545
479 781
479 1907
480 939
480 1505
480 1707
481 1302
482 808
482 1109
482 1933
483 659
483 862
483 1201
483 1834
484 530
484 766
485 679
485 802
486 580
486 1236
487 697
487 1228
487 1352
487 1985
488 674
488 933
488 1214
488 1408
488 1842
490 1939
491 607
491 1222
491 1419
491 1710
492 737
492 1923
493 706
493 989
494 1060
494 1809
494 1909
495 756
495 1199
496 993
497 503
497 552
499 1954
500 993
500 1598
501 568
501 1773
502 633
502 664
502 808
502 857
502 1355
502 1922
502 1990
503 963
503 1323
503 1606
504 584
504 653
504 762
504 808
504 1304
506 803
506 842
506 1131
506 1220
506 1856
507 680
507 760
507 1935
508 906
508 1513
508 1756
509 812
509 962
509 1579
510 1347
510 1363
510 1493
510 1563
511 1435
511 1447
511 1612
511 1630
512 777
514 998
515 810
515 1016
515 1098
515 1181
515 1998
516 630
516 850
516 1634
517 1412
517 1618
517 1672
517 1678
518 1664
518 1969
519 675
519 987
519 1119
519 1347
520 1244
520 1282
520 1343
520 1651
521 711
521 895
521 977
521 1052
522 1320
522 1394
522 1598
522 1778
523 604
523 1070
523 1685
523 1987
524 1750
525 590
526 728
527 724
527 838
527 1355
527 1362
527 1393
527 1416
527 1727
528 1625
528 1759
528 1814
529 1499
529 1535
529 1942
529 1984
531 916
531 1061
531 1822
532 796
533 829
533 1160
533 1182
533 1684
534 641
534 1775
535 1041
537 1109
537 1988
538 1140
539 1194
540 1203
541 1234
542 1752
542 1799
542 1944
543 1009
544 1126
544 1660
544 1770
545 1211
545 1297
545 1566
546 809
546 818
547 1033
549 579
549 750
549 1359
550 573
551 1946
552 649
552 1461
552 1719
553 1114
553 1364
553 1942
554 846
554 1549
554 1670
555 910
555 1494
555 1549
556 886
556 1090
556 1673
557 1200
557 1358
557 1502
557 1514
557 1674
557 1723
558 1002
558 1459
558 1792
558 1799
560 1141
561 626
561 672
561 1027
562 923
562 1069
562 1732
563 682
563 787
563 1648
563 1728
564 965
565 1690
566 1832
566 1916
567 861
567 1842
570 1081
571 1238
571 1381
571 1615
571 1917
572 916
572 1493
572 1576
573 1246
574 648
574 1852
575 1189
575 1190
576 1268
576 1354
576 1708
577 630
577 1633
577 1638
578 587
578 1400
580 1367
580 1487
580 1644
580 1730
581 832
581 882
581 1138
582 1271
582 1291
583 669
583 868
583 1273
584 1224
584 1442
584 1765
585 655
585 1477
585 1908
586 799
586 881
586 1292
586 1393
588 729
588 792
588 1418
589 1283
589 1584
589 1900
590 1010
590 1115
590 1155
590 1590
593 831
593 1598
593 1912
593 1967
594 775
594 1758
595 812
595 1582
596 626
596 732
596 1419
596 1990
597 630
597 845
597 1361
598 1425
599 823
599 1386
599 1576
600 874
600 928
600 1600
600 1920
601 799
601 890
601 1922
602 766
602 1653
603 824
603 1187
603 1429
603 1457
604 860
604 1229
604 1557
604 1911
604 1917
605 659
605 879
605 974
605 1211
605 1350
605 1472
605 1550
605 1830
606 1199
606 1743
607 748
607 799
607 904
608 634
608 923
608 1253
608 1666
609 1761
609 1957
611 636
611 679
611 829
611 1181
611 1214
611 1970
612 1039
612 1575
613 1808
614 1074
615 810
615 1055
615 1474
616 639
616 1154
617 940
617 1506
617 1613
617 1983
618 647
619 1220
619 1936
620 1137
620 1831
621 627
621 1655
621 1780
622 665
622 1445
623 894
623 1062
623 1151
623 1785
624 878
624 1835
626 812
626 1416
627 1090
628 1524
628 1733
630 982
630 1211
630 1899
631 716
631 734
631 1398
631 1673
632 1153
632 1634
632 1640
633 866
633 874
633 1562
633 1721
634 1158
634 1177
634 1710
635 885
635 1047
635 1225
635 1475
635 1597
636 1864
638 694
638 824
639 1601
640 1057
640 1070
640 1123
640 1596
640 1666
640 1674
640 1912
641 685
641 953
641 1649
642 1556
643 940
644 947
645 1285
645 1667
645 1713
646 816
646 1994
647 1376
648 1582
648 1622
649 978
649 1482
650 1587
651 1019
651 1585
651 1718
652 1555
653 948
653 1863
654 735
655 1744
655 1992
656 657
656 723
656 1081
656 1099
656 1235
657 978
658 876
659 835
659 859
660 824
660 1618
660 1826
661 1368
661 1434
662 771
662 793
662 1950
663 878
663 1125
663 1396
664 1534
664 1806
665 913
665 1643
667 674
667 1676
667 1812
667 1832
667 1881
668 887
668 913
668 1036
668 1135
668 1226
668 1349
669 1193
669 1546
669 1566
669 1662
670 925
671 1445
671 1549
672 1285
672 1886
673 695
673 731
673 951
673 1618
673 1645
674 1577
674 1967
675 1370
676 1402
676 1831
678 951
678 1232
678 1508
679 772
679 777
679 887
680 842
680 1072
680 1666
680 1827
680 1841
681 1009
682 707
682 737
682 933
682 1092
682 1140
682 1299
682 1596
683 1065
683 1575
683 1845
685 839
685 974
686 1080
687 1904
687 1929
688 717
688 1259
689 815
689 1634
689 1864
689 1998
690 989
690 1096
690 1744
691 1151
692 792
694 1434
694 1886
695 1059
696 986
698 1935
699 739
699 976
699 1160
699 1375
700 1416
700 1588
700 1702
700 1725
700 1901
700 1977
701 932
702 706
702 747
702 1710
702 1986
703 1072
703 1286
704 792
704 1055
705 1335
708 1455
709 831
709 1252
710 1799
710 1893
711 1097
712 764
713 867
713 1053
714 844
715 1227
715 1610
716 1224
716 1277
719 1035
719 1369
719 1989
720 730
720 1392
720 1718
721 1200
721 1510
721 1753
722 1406
723 802
723 1229
723 1334
724 896
724 1487
724 1497
725 767
725 1177
725 1842
725 1910
727 846
727 1439
728 893
728 1318
728 1512
728 1966
729 912
730 994
730 1513
730 1515
731 1000
731 1316
731 1559
731 1648
732 1142
732 1168
733 856
733 968
734 1592
734 1645
735 1698
736 1419
736 1639
737 791
737 1001
737 1646
738 760
738 1298
739 915
739 1335
739 1435
740 1831
742 1152
743 1606
744 767
744 1889
745 942
747 777
747 1046
747 1316
747 1909
748 811
748 932
748 1053
749 786
749 1293
749 1389
749 1654
749 1859
750 871
750 874
750 1626
750 1834
752 1232
753 811
753 1699
754 1917
754 1967
755 1320
755 1359
756 1103
756 1711
757 1821
759 1527
759 1699
759 1741
761 850
761 1270
762 1317
766 1154
767 1482
769 1080
769 1152
769 1337
769 1410
770 1238
770 1402
770 1524
771 1657
773 1180
774 821
774 934
774 1782
775 1132
776 919
776 1903
777 1192
777 1525
777 1727
779 953
779 1050
779 1933
780 1862
781 1046
781 1199
781 1388
781 1683
782 1563
782 1564
782 1824
783 992
783 1105
783 1702
784 927
784 979
784 1193
784 1976
785 976
785 1420
786 1544
787 1063
787 1154
788 972
789 1814
790 1582
790 1722
790 1733
791 1406
792 1356
792 1905
793 934
793 1403
794 1298
794 1640
794 1641
796 1581
797 1467
797 1847
798 1477
798 1611
798 1615
799 1298
799 1397
799 1649
800 1286
801 1813
801 1974
802 1437
802 1527
802 1619
803 1052
804 853
804 1012
804 1408
804 1772
804 1988
805 1530
806 913
806 924
806 1214
806 1915
807 1413
807 1937
808 1096
808 1202
809 1279
809 1407
809 1410
809 1987
810 819
810 1284
810 1309
810 1412
811 844
813 1587
814 1885
817 1826
819 1737
820 930
823 1058
824 1797
825 1295
825 1714
826 1364
827 904
827 1404
827 1661
828 1730
829 1010
829 1290
830 930
830 1056
830 1111
830 1632
830 1968
831 1228
831 1729
831 1897
831 1906
833 1168
833 1989
834 1365
835 1582
836 1710
837 1199
837 1850
838 1509
839 1306
839 1352
839 1355
839 1475
839 1744
839 1772
839 1798
840 1819
842 980
843 1777
844 847
844 1095
844 1456
845 1451
846 1058
846 1207
848 1929
849 1552
849 1961
850 1089
850 1669
850 1812
851 1278
851 1458
852 1750
853 1589
853 1824
854 861
855 1025
856 871
856 1137
856 1633
856 1906
857 1887
858 1633
858 1762
858 1962
859 1050
859 1198
860 918
860 1444
860 1831
861 1565
861 1631
862 1176
862 1745
862 1813
862 1837
863 1604
863 1840
864 1257
864 1870
866 910
866 1041
866 1350
866 1352
867 1103
867 1636
868 1820
869 1077
869 1112
869 1375
870 1229
871 1730
872 916
872 1122
872 1651
873 1117
873 1216
873 1364
874 1088
875 1256
875 1737
877 1522
877 1552
878 1205
879 1856
880 935
880 1012
880 1662
881 1498
882 1074
882 1576
882 1759
883 1275
884 1007
884 1089
886 1724
886 1745
886 1780
887 1762
888 1418
889 961
890 1492
890 1701
891 899
891 1570
891 1772
892 1475
893 996
893 1423
894 1147
894 1349
894 1363
895 948
895 953
895 1193
897 1093
897 1468
897 1627
898 1405
898 1859
899 1521
900 1630
901 1151
901 1637
902 1395
902 1490
903 1667
904 1207
904 1624
905 913
905 950
905 1983
906 1472
906 1644
906 1765
907 1634
907 1780
908 1386
908 1677
909 1170
910 1059
910 1805
911 922
911 1115
913 1081
913 1327
914 944
914 983
915 1006
916 1393
916 1479
917 1449
918 1270
918 1979
920 1352
920 1778
920 1940
920 1978
921 1305
921 1691
922 1407
923 1229
924 959
924 1268
924 1425
924 1918
926 1787
927 955
927 1688
928 994
928 1351
928 1597
928 1911
929 963
929 1280
930 1668
931 1359
932 1039
933 963
933 1547
937 1669
939 1581
939 1684
939 1838
941 1846
942 1074
942 1595
942 1603
944 951
944 1291
945 1378
945 1416
945 1505
946 991
946 1202
946 1543
947 1666
948 995
948 1486
949 1471
951 1289
951 1798
953 1051
953 1518
953 1785
953 1799
955 1526
956 1461
957 1219
957 1765
959 1845
960 1477
960 1752
961 1079
961 1085
962 1165
962 1439
962 1495
963 1202
963 1263
963 1656
964 1294
964 1317
965 1641
966 1200
966 1761
968 1317
969 1127
972 1430
972 1762
972 1800
973 1416
973 1693
974 1311
975 1094
976 1662
977 980
977 1120
978 1525
979 1020
980 1757
981 1576
982 1932
983 1084
983 1265
983 1900
985 1836
986 1695
986 1739
987 1593
988 1189
988 1396
988 1935
989 1615
990 1390
990 1567
991 1330
991 1506
991 1580
991 1658
991 1724
992 1182
992 1313
993 1569
994 1131
994 1778
996 1391
996 1524
996 1934
997 1239
999 1329
999 1849
1000 1631
1001 1293
1001 1334
1001 1796
1002 1170
1002 1240
1002 1399
1003 1644
1004 1105
1004 1960
1010 1599
1010 1786
1010 1791
1010 1813
1012 1068
1012 1346
1013 1149
1013 1701
1013 1814
1013 1972
1014 1248
1014 1438
1014 1755
1016 1679
1017 1850
1017 1950
1017 1963
1018 1146
1018 1539
1018 1671
1019 1059
1020 1055
1020 1118
1021 1072
1021 1658
1022 1797
1023 1590
1023 1742
1024 1065
1024 1080
1024 1958
1025 1509
1025 1750
1026 1919
1027 1330
1027 1373
1027 1612
1028 1265
1028 1579
1028 1730
1029 1044
1029 1173
1029 1844
1030 1264
1030 1462
1030 1581
1030 1717
1032 1468
1033 1714
1033 1786
1034 1081
1034 1272
1035 1184
1036 1224
1036 1881
1037 1452
1037 1476
1038 1248
1039 1896
1039 1969
1044 1643
1045 1778
1045 1996
1046 1467
1046 1498
1047 1470
1047 1657
1047 1750
1049 1474
1051 1187
1051 1480
1051 1601
1051 1945
1051 1988
1053 1078
1053 1122
1053 1185
1053 1683
1053 1739
1053 1807
1054 1606
1055 1876
1056 1282
1057 1137
1057 1296
1059 1198
1059 1422
1059 1696
1060 1079
1060 1084
1060 1963
1061 1102
1062 1155
1063 1579
1064 1696
1064 1781
1065 1318
1066 1532
1066 1683
1066 1763
1066 1899
1067 1286
1068 1258
1069 1070
1069 1413
1069 1642
1069 1675
1069 1732
1070 1633
1072 1286
1072 1557
1072 1628
1072 1758
1073 1200
1073 1298
1073 1570
1074 1133
1074 1293
1074 1738
1075 1430
1076 1111
1076 1231
1076 1352
1076 1397
1076 1972
1077 1521
1077 1595
1077 1652
1078 1157
1079 1319
1079 1559
1080 1383
1081 1205
1082 1754
1082 1756
1084 1566
1085 1275
1085 1616
1085 1854
1086 1771
1087 1386
1088 1173
1088 1864
1089 1144
1089 1440
1089 1701
1089 1707
1090 1250
1090 1548
1090 1604
1091 1916
1092 1800
1095 1676
1095 1760
1095 1903
1095 1948
1096 1162
1096 1559
1097 1120
1097 1325
1098 1429
1099 1251
1099 1513
1100 1460
1101 1415
1101 1785
1101 1887
1101 1900
1102 1140
1102 1793
1103 1766
1104 1933
1105 1842
1106 1653
1107 1297
1108 1430
1108 1902
1109 1348
1109 1814
1110 1476
1110 1762
1110 1865
1111 1583
1112 1612
1112 1892
1112 1911
1113 1729
1115 1528
1116 1121
1117 1937
1119 1999
1121 1535
1121 1642
1122 1686
1123 1321
1123 1410
1123 1852
1124 1880
1125 1200
1125 1361
1126 1291
1127 1510
1127 1630
1129 1661
1129 1689
1129 1782
1131 1250
1131 1431
1131 1683
1132 1563
1132 1590
1132 1917
1135 1594
1137 1190
1137 1707
1137 1800
1137 1867
1137 1933
1138 1178
1138 1727
1138 1740
1139 1412
1139 1586
1140 1187
1141 1746
1142 1379
1142 1687
1144 1677
1145 1853
1146 1380
1146 1417
1146 1550
1146 1890
1147 1771
1148 1313
1148 1482
1149 1782
1151 1673
1151 1742
1151 1798
1151 1934
1152 1423
1153 1371
1154 1218
1154 1599
1155 1892
1157 1375
1158 1723
1159 1264
1159 1298
1160 1469
1161 1475
1161 1663
1165 1693
1166 1539
1166 1697
1167 1402
1167 1406
1167 1409
1167 1616
1167 1687
1168 1354
1168 1514
1170 1660
1171 1439
1171 1765
1172 1848
1175 1990
1176 1664
1178 1260
1178 1276
1178 1609
1179 1631
1179 1655
1179 1736
1180 1873
1181 1669
1183 1660
1184 1811
1186 1950
1186 1960
1187 1621
1188 1379
1188 1519
1188 1653
1189 1590
1189 1614
1189 1621
1189 1836
1190 1340
1192 1338
1193 1979
1195 1262
1195 1515
1195 1850
1198 1777
1200 1309
1200 1885
1202 1893
1206 1415
1206 1623
1206 1685
1206 1699
1207 1519
1207 1773
1210 1286
1210 1795
1211 1302
1212 1418
1213 1379
1214 1652
1215 1422
1215 1841
1215 1891
1217 1649
1217 1888
1220 1378
1220 1862
1220 1903
1221 1280
1221 1588
1221 1610
1221 1870
1224 1514
1224 1528
1225 1852
1225 1859
1225 1956
1227 1782
1228 1892
1228 1934
1230 1541
1230 1836
1231 1615
1232 1335
1232 1353
1232 1678
1232 1694
1232 1722
1232 1957
1233 1651
1234 1491
1234 1934
1234 1950
1235 1987
1236 1264
1236 1453
1237 1261
1237 1274
1238 1719
1239 1281
1239 1483
1242 1617
1242 1911
1244 1800
1245 1487
1245 1814
1246 1903
1247 1567
1248 1334
1248 1622
1248 1772
1248 1932
1249 1603
1249 1725
1252 1409
1252 1489
1254 1496
1255 1381
1256 1813
1257 1555
1258 1698
1259 1339
1259 1929
1260 1506
1261 1546
1261 1629
1262 1502
1263 1542
1264 1619
1268 1362
1269 1913
1270 1663
1271 1321
1274 1870
1275 1748
1277 1641
1278 1332
1278 1520
1278 1696
1280 1295
1281 1574
1281 1697
1281 1974
1283 1386
1284 1623
1284 1693
1285 1487
1285 1722
1286 1788
1289 1934
1289 1979
1289 1985
1291 1774
1293 1633
1295 1350
1295 1633
1295 1987
1296 1848
1296 1970
1297 1348
1298 1378
1299 1754
1299 1938
1301 1564
1301 1646
1303 1504
1305 1437
1305 1812
1307 1794
1308 1397
1308 1517
1308 1632
1308 1782
1309 1387
1309 1720
1310 1414
1310 1722
1310 1844
1311 1515
1313 1906
1314 1514
1316 1357
1316 1520
1317 1638
1319 1530
1321 1480
1323 1876
1324 1788
1325 1565
1325 1759
1326 1557
1327 1360
1329 1885
1329 1950
1330 1842
1330 1916
1331 1555
1333 1869
1334 1671
1334 1678
1336 1689
1336 1753
1336 1838
1337 1441
1337 1807
1339 1418
1339 1617
1341 1349
1341 1744
1342 1478
1342 1512
1345 1516
1347 1955
1348 1448
1349 1808
1350 1936
1351 1915
1353 1397
1353 1606
1355 1855
1355 1994
1356 1396
1357 1746
1357 1810
1357 1868
1358 1461
1359 1947
1361 1500
1361 1915
1362 1980
1363 1618
1363 1788
1364 1507
1364 1727
1367 1744
1367 1936
1368 1404
1369 1596
1370 1679
1371 1380
1371 1420
1372 1681
1372 1938
1372 1956
1373 1799
1374 1647
1378 1749
1378 1908
1379 1521
1379 1986
1380 1601
1381 1540
1381 1712
1384 1397
1384 1759
1385 1563
1385 1682
1389 1454
1389 1849
1391 1533
1391 1719
1391 1723
1392 1514
1392 1725
1393 1435
1393 1564
1395 1735
1395 1968
1396 1415
1398 1509
1398 1996
1399 1412
1399 1436
1400 1724
1402 1949
1403 1630
1403 1799
1404 1810
1406 1535
1406 1741
1406 1862
1408 1611
1409 1499
1409 1643
1411 1642
1411 1735
1411 1748
1412 1537
1412 1551
1413 1561
1413 1772
1413 1855
1416 1612
1416 1651
1419 1652
1420 1952
1421 1493
1421 1620
1423 1552
1423 1694
1423 1920
1426 1549
1426 1586
1427 1535
1427 1622
1427 1694
1427 1798
1428 1966
1428 1979
1429 1913
1433 1437
1434 1820
1434 1877
1434 1947
1435 1656
1436 1753
1437 1712
1438 1666
1442 1605
1443 1579
1443 1646
1443 1935
1444 1843
1444 1980
1446 1593
1447 1489
1448 1450
1449 1560
1449 1657
1449 1901
1451 1687
1451 1716
1451 1985
1452 1591
1452 1713
1452 1896
1452 1982
1456 1956
1457 1541
1459 1724
1459 1768
1459 1964
1460 1615
1463 1767
1465 1972
1467 1573
1469 1758
1471 1931
1473 1511
1475 1688
1475 1874
1475 1951
1476 1717
1476 1720
1477 1707
1477 1750
1477 1790
1479 1825
1480 1567
1481 1691
1482 1875
1482 1900
1483 1896
1484 1803
1484 1857
1485 1712
1486 1716
1486 1761
1490 1731
1492 1507
1492 1516
1492 1610
1494 1897
1495 1978
1496 1603
1499 1544
1499 1944
1500 1763
1500 1898
1501 1587
1503 1916
1505 1734
1505 1852
1507 1913
1511 1701
1514 1534
1515 1902
1517 1595
1518 1580
1521 1638
1521 1702
1521 1805
1522 1625
1522 1888
1523 1699
1524 1930
1527 1700
1527 1800
1528 1808
1530 1929
1531 1792
1532 1825
1532 1908
1534 1811
1534 1861
1534 1948
1535 1943
1536 1813
1538 1971
1540 1706
1543 1972
1546 1720
1549 1602
1551 1746
1553 1644
1556 1786
1559 1901
1560 1912
1565 1894
1567 1665
1568 1636
1568 1680
1568 1784
1568 1982
1569 1907
1570 1657
1571 1644
1571 1780
1572 1995
1573 1707
1575 1653
1575 1982
1576 1662
1577 1801
1579 1908
1580 1638
1582 1752
1582 1757
1582 1921
1583 1752
1583 1821
1587 1854
1588 1871
1589 1650
1589 1908
1591 1763
1591 1811
1593 1956
1593 1964
1593 1982
1595 1680
1596 1872
1597 1750
1599 1979
1601 1834
1602 1680
1602 1993
1603 1623
1604 1666
1604 1946
1606 1631
1606 1935
1607 1914
1612 1944
1614 1766
1622 1799
1625 1671
1627 1787
1628 1956
1629 1786
1629 1950
1630 1882
1631 1753
1631 1886
1633 1685
1633 1917
1634 1839
1635 1990
1636 1703
1637 1709
1637 1998
1639 1793
1639 1870
1643 1651
1645 1976
1646 1648
1652 1902
1657 1691
1657 1799
1658 1905
1658 1989
1661 1665
1661 1956
1662 1927
1663 1922
1663 1967
1665 1731
1665 1890
1666 1806
1666 1965
1670 1857
1674 1676
1675 1683
1675 1820
1676 1892
1678 1712
1678 1833
1678 1939
1679 1842
1680 1834
1684 1846
1684 1927
1688 1810
1688 1982
1689 1694
1689 1904
1690 1952
1692 1981
1693 1885
1695 1891
1695 1900
1696 1901
1699 1721
1699 1942
1710 1990
1713 1971
1715 1954
1716 1926
1720 1775
1720 1948
1721 1831
1721 1845
1722 1991
1724 1781
1724 1883
1725 1994
1730 1803
1733 1753
1733 1813
1735 1781
1737 1764
1737 1806
1753 1898
1756 1764
1760 1984
1761 1832
1772 1872
1774 1863
1775 1915
1787 1976
1788 1888
1794 1871
1795 1828
1796 1989
1799 1883
1803 1978
1806 1943
1808 1998
1811 1872
1836 1885
1843 1885
1852 1932
1856 1899
1857 1939
1858 1983
1868 1923
1869 1899
1869 1912
1872 1957
1873 1996
1875 1930
1875 1933
1880 1992
1892 1934
1892 1959
1899 1930
1905 1959
1909 1978
1911 1953
1913 1950
1925 1981
1936 1945
1941 1959
1951 1987
1953 1972
1956 1985
1969 1995
1974 1977