2000
1 225
1 462
1 689
1 1061
1 1700
1 1836
2 99
2 283
2 310
2 970
2 1241
2 1374
2 1385
2 1688
2 1694
3 110
3 861
3 1678
4 96
4 216
4 257
4 394
4 508
4 780
4 1013
4 1200
4 1391
4 1594
4 1702
4 1980
5 502
5 1001
5 1144
5 1617
6 1208
6 1276
7 104
7 121
7 185
7 250
7 528
7 554
7 648
7 858
7 975
7 1268
7 1311
7 1537
7 1550
7 1631
7 1681
7 1778
8 25
8 133
8 188
8 192
8 376
8 768
8 933
8 1200
8 1351
8 1472
8 1513
8 1548
8 1950
8 1951
9 228
9 580
9 709
9 1309
9 1357
9 1913
9 1960
10 442
10 469
10 571
10 572
10 958
10 1403
10 1509
10 1572
10 1700
11 20
11 349
11 863
11 956
11 984
11 1320
11 1364
11 1397
11 1751
12 448
12 972
12 1005
12 1575
12 1770
12 1781
13 718
13 1030
13 1675
13 1879
13 1885
13 1915
14 609
14 937
14 979
14 1079
14 1085
14 1303
14 1412
14 1918
15 55
15 83
15 300
15 362
15 742
15 768
15 1384
15 1452
15 1471
15 1474
15 1530
15 1699
16 664
16 1066
16 1188
16 1403
16 1603
16 1726
16 1738
17 192
17 441
17 657
17 832
17 863
17 1512
17 1718
17 1871
18 236
18 351
18 473
18 535
18 1003
18 1919
19 73
19 262
19 654
19 1273
19 1966
20 179
20 397
20 1208
20 1294
20 1511
20 1955
21 206
21 278
21 465
21 781
21 789
22 141
22 400
22 1265
22 1283
22 1852
23 157
23 659
23 694
23 789
23 915
23 921
23 1243
23 1552
23 1587
23 1641
23 1684
24 206
24 347
24 679
24 746
24 801
24 804
24 1088
24 1183
24 1362
24 1588
24 1901
25 63
25 884
25 980
26 373
26 619
26 927
26 1028
26 1065
26 1323
26 1491
26 1710
27 66
27 74
27 388
27 543
27 715
27 1254
27 1334
27 1356
27 1381
27 1806
28 122
28 612
28 652
28 935
28 1086
28 1201
28 1249
28 1521
29 239
29 246
29 607
29 678
29 709
29 790
29 897
29 907
29 1007
29 1764
30 308
30 396
30 1208
30 1273
30 1986
31 144
31 589
31 832
32 94
32 96
32 247
32 569
32 593
32 781
32 884
32 890
32 1080
32 1308
32 1351
32 1397
32 1883
33 181
33 637
33 850
33 1292
33 1531
34 115
34 233
34 465
34 500
34 578
34 629
34 664
34 1735
34 1966
35 73
35 285
35 541
35 1062
35 1426
35 1833
36 177
36 245
36 447
36 730
36 1154
36 1390
37 1078
37 1118
37 1199
37 1279
37 1335
37 1601
37 1817
38 89
38 626
38 1024
38 1757
39 132
39 182
39 339
39 398
39 499
39 546
39 1077
39 1144
39 1643
39 1722
39 1765
40 222
40 299
40 859
40 899
40 1259
40 1462
40 1482
40 1492
40 1851
40 1883
41 68
41 109
41 242
41 275
41 1041
41 1170
41 1608
41 1682
42 90
42 94
42 311
42 352
42 785
42 858
42 965
42 980
42 1065
42 1072
42 1240
42 1426
42 1694
42 1718
43 156
43 237
43 660
43 863
43 907
43 1156
43 1167
43 1280
43 1317
43 1419
43 1438
43 1488
43 1916
43 1920
44 194
44 242
44 294
44 726
44 868
44 950
44 1076
44 1454
44 1510
44 1909
45 244
45 290
45 514
45 525
45 850
45 1005
45 1150
45 1323
45 1452
46 617
46 782
46 1104
46 1260
47 573
47 955
47 1626
47 1886
47 1934
48 113
48 148
48 162
48 1319
48 1429
49 600
49 606
49 766
49 1042
49 1112
49 1345
49 1362
50 118
50 1127
50 1426
50 1456
50 1460
50 1636
50 1824
50 1960
51 393
51 429
51 440
51 502
51 1051
51 1071
51 1543
51 1605
51 1966
52 93
52 134
52 267
52 339
52 353
52 845
52 1288
53 615
53 623
53 1008
53 1508
53 1857
54 312
54 321
54 1049
54 1086
54 1258
54 1351
54 1495
54 1505
54 1914
55 107
55 190
55 572
55 1383
55 1502
55 1614
55 1618
55 1952
56 302
56 529
56 552
56 823
56 834
56 1129
56 1154
56 1203
56 1217
56 1346
56 1348
56 1589
56 1811
57 266
57 518
57 631
57 756
57 1050
57 1180
57 1301
57 1304
57 1359
57 1372
57 1632
57 1883
57 1913
58 166
58 649
58 1496
58 1581
58 1606
58 1817
59 572
59 1085
59 1150
59 1509
59 1759
60 432
60 650
60 903
60 914
60 1020
60 1078
60 1202
60 1456
60 1859
61 197
61 477
61 694
61 888
61 907
61 1512
62 213
62 278
62 354
62 642
62 909
62 968
62 1276
62 1452
63 295
63 301
63 466
63 905
63 974
63 1089
63 1274
63 1340
63 1428
64 166
64 360
64 402
64 549
64 608
64 1196
64 1251
64 1262
64 1659
64 1726
65 301
65 654
65 893
65 1363
65 1478
65 1711
65 1731
65 1762
65 1947
66 236
66 240
66 690
66 716
66 929
66 1406
66 1609
67 132
67 353
67 476
67 541
67 1657
67 1674
67 1921
68 279
68 564
68 918
68 932
68 1540
68 1565
68 1569
68 1724
69 207
69 423
69 465
69 674
69 883
69 895
69 926
69 1044
69 1517
70 335
70 539
70 680
70 818
70 889
70 1548
70 1667
70 1933
71 213
71 248
71 427
71 1180
71 1314
71 1359
72 196
72 268
72 414
72 472
72 705
72 781
72 1090
72 1196
72 1208
72 1386
72 1558
72 1765
72 1957
73 629
73 661
73 994
73 1052
73 1198
73 1322
73 1701
73 1963
74 498
74 1413
74 1552
74 1638
74 1662
74 1701
74 1748
75 281
75 753
75 946
75 948
75 1418
75 1508
75 1539
75 1632
75 1830
75 1945
76 728
76 1318
76 1415
77 1054
77 1507
77 1518
77 1851
78 134
78 213
78 759
78 802
78 921
78 1110
78 1548
78 1969
79 566
79 621
79 1465
80 1236
81 153
81 598
81 743
81 953
81 959
81 1440
81 1459
81 1577
81 1660
82 189
82 363
82 502
82 503
82 913
82 925
82 1143
82 1278
82 1877
83 267
83 337
83 1205
83 1220
83 1467
83 1754
83 1972
83 1978
84 92
84 119
84 786
84 1324
84 1479
84 1530
84 1767
84 1855
84 1998
85 100
85 175
85 363
85 426
85 475
85 1075
85 1241
85 1369
85 1506
85 1928
86 274
86 615
86 1448
86 1876
86 1900
87 154
87 937
87 983
87 1250
87 1601
87 1771
88 176
88 280
88 295
88 336
88 378
88 411
88 481
88 661
88 861
88 997
88 1080
88 1187
88 1235
88 1395
88 1484
89 284
89 583
89 668
89 1041
89 1042
89 1152
89 1289
89 1467
89 1470
89 1535
90 961
90 1052
90 1226
90 1273
90 1392
90 1661
90 1789
91 294
91 621
91 937
91 949
91 1073
91 1320
92 242
92 455
92 700
92 856
92 1160
92 1182
92 1281
92 1306
92 1584
92 1728
92 1857
93 110
93 473
93 536
93 889
93 1569
93 1702
93 1721
94 287
94 341
94 484
94 579
94 659
94 771
94 821
94 918
94 1347
94 1407
94 1599
94 1821
94 1826
94 1847
95 410
95 559
95 637
95 1049
95 1376
95 1499
95 1534
95 1635
96 438
96 462
96 1060
96 1102
96 1123
96 1703
96 1838
96 1980
97 113
97 182
97 789
97 960
97 1369
97 1720
97 1971
98 207
98 287
98 382
98 831
98 1194
98 1470
98 1506
98 1611
99 247
99 251
99 923
99 1542
100 470
100 817
100 1365
100 1547
100 1765
100 1803
101 360
101 683
101 971
101 1311
101 1337
101 1906
101 1907
102 160
102 1846
103 436
103 1756
104 409
104 750
104 840
104 1452
104 1464
104 1625
104 1772
104 1876
105 189
105 219
105 308
105 355
105 645
105 963
105 1292
105 1400
105 1548
106 122
106 166
106 236
106 722
106 1163
106 1471
106 1663
106 1889
106 1978
107 247
107 763
107 1454
107 1524
107 1935
108 242
108 638
108 1163
108 1164
108 1234
108 1536
108 1708
108 1863
109 137
109 857
109 994
109 1083
109 1322
109 1358
109 1374
109 1629
110 213
110 695
110 869
110 977
110 1071
110 1430
110 1778
110 1833
111 134
111 529
111 941
111 1033
111 1082
111 1373
111 1839
111 1916
112 281
112 305
112 733
112 771
112 855
112 874
112 954
112 1170
112 1187
112 1836
112 1994
113 797
113 935
113 947
113 975
113 1306
113 1316
113 1515
113 1776
114 535
114 629
114 726
114 814
114 834
114 896
114 1153
114 1268
114 1626
115 196
115 518
115 617
115 1107
115 1122
115 1432
115 1550
115 1800
116 598
116 632
116 697
116 1319
116 1384
116 1539
116 1831
117 141
117 308
117 504
117 742
117 846
117 1086
117 1221
117 1742
117 1751
117 1844
118 361
118 552
118 1143
118 1209
118 1574
119 453
119 834
119 917
119 989
119 1832
119 1878
120 145
120 153
120 599
120 799
120 905
120 1235
120 1382
120 1509
120 1610
120 1668
121 261
121 415
121 1048
121 1453
122 251
122 345
122 426
122 576
122 726
122 1153
122 1528
123 236
123 622
123 994
123 1205
123 1332
123 1451
123 1519
123 1549
124 349
124 476
124 504
124 556
124 659
124 1066
124 1144
124 1380
124 1652
125 482
125 581
125 882
125 1275
125 1343
125 1540
126 138
126 636
126 1214
126 1510
126 1753
127 243
127 658
127 877
127 1423
127 1623
128 193
128 311
128 478
128 591
128 959
128 1070
128 1320
128 1332
128 1461
128 1474
128 1580
128 1657
129 352
129 647
129 667
129 1206
129 1283
129 1603
129 1903
130 309
130 735
130 808
130 970
130 1430
130 1436
130 1461
130 1812
130 1850
131 150
131 440
131 603
131 660
131 935
131 1003
131 1367
131 1373
131 1391
131 1564
131 1761
131 1861
132 1120
132 1128
132 1147
132 1353
132 1643
132 1659
132 1728
132 1955
132 1990
133 234
133 338
133 442
133 458
133 651
133 858
133 1111
133 1212
133 1803
134 222
134 272
134 979
134 1189
134 1421
134 1495
135 403
135 522
135 753
135 781
135 905
135 1133
135 1414
135 1529
136 513
136 988
136 1040
136 1071
136 1096
136 1119
136 1277
136 1457
136 1733
137 179
137 477
137 570
137 634
137 1318
137 1751
137 1810
138 217
138 497
138 627
138 716
138 835
138 854
138 1145
138 1361
138 1446
138 1922
138 1970
139 1205
139 1502
139 1866
139 1989
140 575
140 885
140 1282
140 1693
141 278
141 414
141 1167
141 1293
141 1327
141 1420
141 1561
141 1898
142 217
142 280
142 654
142 690
142 1108
142 1804
142 1900
143 541
143 809
143 849
143 856
143 1434
143 1522
144 442
144 561
144 721
144 1329
144 1525
144 1593
144 1629
144 1706
144 1841
144 1927
144 1994
145 263
145 560
145 976
145 1051
145 1102
145 1140
145 1431
145 1677
145 1858
145 1944
146 290
146 319
146 469
146 815
146 1400
146 1740
146 1898
146 1918
147 238
147 369
147 647
147 669
147 698
147 736
147 1318
147 1463
147 1941
148 356
148 542
148 1127
148 1320
148 1554
148 1571
148 1628
148 1860
149 405
149 565
149 612
149 676
149 777
149 1312
149 1326
149 1642
149 1733
150 441
150 1015
150 1241
150 1362
151 401
151 489
151 1264
152 259
152 294
152 442
152 472
152 515
152 667
152 703
152 770
152 1608
153 581
153 1005
153 1708
153 1900
154 224
154 310
154 622
154 985
154 1108
154 1186
154 1401
154 1434
154 1532
154 1666
154 1686
154 1859
154 1942
155 217
155 940
155 1102
155 1182
155 1287
155 1363
155 1528
155 1904
155 1905
156 525
156 573
156 656
156 723
156 773
156 794
156 840
156 1458
156 1482
156 1595
156 1829
157 647
157 998
157 1034
157 1580
157 1679
158 201
158 341
158 371
158 405
158 464
158 504
158 544
158 809
158 1155
158 1267
158 1344
159 189
159 1012
159 1031
159 1124
159 1413
159 1688
159 1707
160 186
160 662
160 679
160 793
160 1205
160 1779
161 310
161 797
161 965
161 1492
162 253
162 515
162 1285
162 1331
162 1451
162 1563
162 1599
162 1970
163 737
163 803
163 923
163 1123
163 1248
163 1533
163 1742
164 181
164 908
164 1220
164 1656
165 379
165 606
165 650
165 938
165 1004
165 1533
165 1828
166 341
166 444
166 482
166 1489
166 1806
166 1888
166 1914
167 256
167 309
167 829
167 1292
167 1548
168 570
168 653
168 1062
168 1231
168 1414
168 1862
169 534
169 642
169 762
169 1233
169 1550
169 1607
170 230
170 420
170 1009
170 1482
170 1606
170 1799
170 1928
170 1984
171 574
171 709
171 740
171 1124
171 1242
171 1568
171 1992
172 361
172 1038
172 1169
172 1179
172 1767
173 428
173 567
173 966
173 1112
173 1864
174 518
174 560
174 767
174 824
174 1098
174 1515
174 1871
175 402
175 574
175 619
175 666
175 1028
175 1128
175 1168
175 1366
176 225
176 626
176 851
176 1063
176 1330
176 1622
176 1925
177 501
177 601
177 863
177 1036
177 1278
177 1359
177 1633
177 1652
177 1752
177 1791
178 188
178 460
178 549
178 1004
178 1058
178 1352
178 1507
178 1852
179 259
179 1076
179 1158
179 1393
179 1542
179 1605
179 1715
179 1775
179 1867
180 312
180 866
180 1121
180 1321
180 1514
180 1597
180 1661
181 329
181 709
181 814
181 1086
181 1140
181 1348
181 1926
182 323
182 530
183 316
183 514
183 1563
183 1591
184 844
184 1180
184 1234
184 1405
184 1583
184 1903
185 222
185 232
185 253
185 358
185 632
185 725
185 979
185 1199
185 1271
185 1567
185 1779
185 1785
186 275
186 554
186 682
186 892
186 1175
186 1449
186 1524
187 684
187 1152
187 1294
187 1297
187 1355
188 220
188 363
188 376
188 666
188 759
188 813
188 929
188 1425
188 1448
188 1867
189 351
189 792
189 981
189 1343
189 1652
189 1686
189 1782
189 1900
190 402
190 516
190 1531
190 1695
190 1702
190 1760
191 456
191 902
191 935
191 956
191 1066
191 1301
191 1312
191 1496
191 1869
192 204
192 740
192 1086
192 1169
192 1533
192 1950
193 784
193 1081
193 1292
193 1385
193 1459
193 1802
194 770
194 1481
194 1540
194 1705
194 1738
194 1912
194 1983
195 467
195 486
195 1242
195 1369
195 1562
195 1924
195 1930
195 1967
196 233
196 281
196 1095
196 1430
196 1444
196 1694
196 1754
197 278
197 365
197 384
197 645
197 950
197 960
197 1095
197 1550
197 1724
197 1739
197 1998
198 316
198 400
198 483
198 823
198 887
198 1150
198 1392
198 1777
199 443
199 464
199 645
199 1152
199 1233
200 647
200 1337
200 1456
200 1694
200 1752
200 1987
201 651
201 678
201 1651
201 1919
202 222
202 367
202 463
202 482
202 1301
202 1384
203 1182
203 1287
203 1355
203 1408
203 1488
203 1525
204 805
204 1222
204 1284
204 1511
204 1808
204 1857
204 1903
205 323
205 374
205 388
205 656
205 1579
205 1594
205 1719
205 1826
205 1829
205 1834
205 1852
206 311
206 342
206 460
206 1478
206 1484
206 1491
207 290
207 433
207 567
207 1594
208 521
208 686
208 1234
208 1483
209 437
209 1305
210 765
210 767
210 874
210 1061
210 1742
211 294
211 688
211 813
211 853
211 1009
211 1074
211 1411
211 1574
211 1686
212 345
212 394
212 763
212 799
212 1179
212 1323
212 1537
212 1855
212 1976
213 574
213 976
213 1039
213 1070
213 1520
213 1633
213 1874
213 1958
214 374
214 768
214 952
214 962
214 1401
214 1969
215 495
215 693
215 775
215 854
215 1573
215 1576
216 244
216 347
216 478
216 795
216 1063
216 1073
216 1330
216 1607
216 1911
217 695
217 1028
217 1238
217 1265
217 1830
217 1881
218 789
218 900
218 1132
218 1264
218 1570
218 1935
219 487
219 985
219 1055
219 1190
219 1484
219 1798
219 1959
220 279
220 673
220 967
220 1007
220 1089
220 1237
220 1291
220 1845
221 332
221 474
221 533
221 730
221 873
221 1042
221 1218
221 1558
221 1649
221 1768
221 1873
222 1533
222 1708
222 1767
222 1853
223 564
223 767
223 867
223 1071
223 1187
223 1470
223 1771
224 259
224 290
224 316
224 446
224 659
224 1003
224 1013
224 1946
225 287
225 356
225 643
225 981
225 1345
225 1547
225 1616
225 1721
226 765
226 847
226 895
226 925
226 932
226 976
226 1038
226 1053
226 1642
226 1710
226 1999
227 1379
227 1412
227 1769
227 1863
228 447
228 702
228 905
228 1664
228 1732
228 1844
229 645
229 733
229 761
229 1054
229 1287
229 1437
229 1737
230 405
230 918
230 1291
230 1364
230 1595
230 1983
231 594
231 874
231 971
231 1314
231 1378
231 1401
231 1644
231 1769
232 631
232 782
232 1425
233 1060
233 1176
233 1232
233 1314
233 1595
234 484
234 632
234 664
234 903
234 924
234 1076
234 1405
234 1621
234 1692
234 1920
235 534
235 861
235 968
235 1248
235 1299
235 1307
235 1397
235 1623
235 1640
235 1665
235 1975
235 1985
236 939
236 1437
236 1955
237 338
237 373
237 732
237 889
237 1228
237 1296
237 1341
237 1349
237 1730
238 601
238 619
238 752
238 853
238 1251
238 1349
238 1793
238 1979
239 815
239 1135
239 1414
239 1572
239 1593
239 1671
239 1835
240 419
240 551
240 764
240 968
240 1006
241 468
241 1338
241 1743
241 1941
242 395
242 418
242 1187
242 1428
242 1740
243 276
243 327
243 383
243 436
243 438
243 518
243 752
243 976
243 1187
243 1209
243 1305
243 1353
243 1508
243 1686
243 1969
244 937
244 1415
245 429
245 1030
245 1056
245 1274
245 1385
245 1739
245 1879
245 1919
246 299
246 593
246 989
246 1139
246 1256
246 1450
246 1912
247 501
247 546
247 783
247 1304
247 1871
247 1911
247 1963
248 548
248 646
248 870
248 878
248 883
248 1040
248 1074
248 1371
248 1372
248 1403
248 1836
248 1933
249 493
249 1741
249 1927
250 920
250 1198
250 1723
250 1793
250 1964
251 270
251 468
251 737
251 1020
251 1362
252 395
252 1098
252 1102
252 1129
252 1232
252 1545
253 263
253 318
253 372
253 373
253 445
253 471
253 876
253 1239
253 1469
253 1683
253 1911
254 935
254 1162
254 1236
254 1397
254 1612
254 1628
254 1880
255 416
255 767
255 839
255 1250
255 1503
255 1562
255 1873
256 1441
256 1518
256 1635
256 1800
256 1896
257 432
257 611
257 707
257 878
257 1142
257 1317
257 1437
257 1641
257 1703
257 1775
257 1986
258 399
258 439
258 620
258 715
258 868
258 1666
259 324
259 687
259 1436
259 1798
259 1800
259 1810
260 471
260 527
260 831
260 1004
260 1835
260 1928
261 334
261 1031
261 1108
261 1648
261 1737
262 278
262 808
262 955
262 1413
262 1478
262 1755
263 518
263 728
263 861
263 1067
263 1078
263 1121
263 1439
264 1851
264 1923
264 1958
265 429
265 604
265 969
265 1010
265 1395
265 1630
265 1669
265 1753
265 1757
265 1829
266 326
266 698
266 1220
266 1583
267 330
267 389
267 416
267 674
267 751
267 1000
267 1243
267 1799
267 1845
268 302
268 682
268 740
268 1002
268 1122
268 1151
268 1217
268 1284
268 1356
268 1792
268 1814
269 408
269 703
269 1895
269 1974
270 1268
270 1940
271 292
271 487
271 805
271 1374
271 1452
271 1453
271 1624
271 1803
272 336
272 487
272 522
272 657
272 663
272 880
272 1798
272 1821
272 1870
272 1906
273 576
273 634
273 955
273 1045
273 1260
273 1319
273 1408
273 1697
273 1864
274 511
274 554
274 776
274 925
274 1107
274 1304
274 1323
275 387
275 418
275 949
275 987
275 1042
275 1214
275 1480
275 1616
275 1780
275 1959
276 379
276 412
276 743
276 999
276 1048
276 1141
276 1328
277 452
277 678
277 888
277 966
277 1265
277 1344
277 1388
277 1868
277 1951
278 306
278 930
278 1313
278 1318
278 1491
278 1515
278 1594
278 1650
278 1814
279 335
279 675
279 779
279 855
279 1038
279 1146
280 428
280 563
280 573
280 1290
280 1297
280 1638
281 509
281 1157
281 1264
281 1374
281 1465
281 1731
282 1383
282 1390
282 1463
282 1672
283 373
283 1369
283 1672
283 1719
283 1910
283 1923
284 416
284 984
284 1014
284 1102
284 1204
284 1804
285 505
285 575
285 611
285 1014
285 1335
285 1343
285 1647
285 1709
285 1882
286 1127
286 1566
286 1959
286 1970
287 683
287 950
287 1004
287 1183
287 1628
287 1713
287 1961
288 733
288 1160
288 1239
288 1470
288 1825
288 1973
289 362
289 425
289 651
289 669
289 971
289 1580
289 1704
289 1939
290 940
290 1256
290 1712
290 1788
291 607
291 838
291 912
291 1496
291 1688
291 1796
291 1851
291 1940
292 722
292 860
292 1081
292 1364
292 1739
292 1951
293 332
293 558
293 625
293 756
293 1808
294 778
294 1290
294 1458
294 1556
294 1653
294 1803
294 1909
295 376
295 455
295 480
295 649
295 1152
295 1231
296 710
296 913
297 773
297 791
297 828
297 939
297 1386
297 1450
297 1539
297 1549
298 498
298 728
298 1617
298 1917
299 620
299 729
299 948
299 1388
299 1785
299 1928
299 1993
300 303
300 358
300 677
300 1206
300 1241
300 1899
300 1940
300 1969
301 404
301 1128
301 1187
301 1532
301 1611
301 1620
301 1848
302 633
302 725
302 1001
302 1508
302 1567
302 1640
302 1964
303 699
303 1137
303 1606
303 1679
304 556
304 1220
304 1429
304 1545
304 1640
304 1693
304 1954
305 493
305 886
305 891
305 1006
305 1070
305 1084
305 1151
305 1176
305 1445
305 1597
305 1868
305 1912
306 337
306 460
306 591
306 683
306 711
306 853
306 859
306 1045
306 1318
307 347
307 605
307 628
307 826
307 926
307 1139
307 1509
307 1514
308 518
308 881
308 1332
308 1483
308 1491
308 1698
309 547
309 849
309 874
309 1049
309 1713
309 1800
310 358
310 914
310 1128
310 1135
310 1297
310 1312
310 1404
310 1598
311 770
311 1288
311 1866
312 377
312 593
312 1040
312 1093
312 1291
313 786
313 1410
313 1603
314 657
314 1101
314 1318
315 637
315 704
315 811
315 1201
315 1880
316 398
316 519
316 564
316 705
317 353
317 624
317 880
317 897
317 1622
317 1769
317 1953
318 388
318 444
318 1024
318 1308
318 1339
318 1379
318 1617
318 1625
318 1743
319 543
319 732
319 962
319 978
319 1142
319 1307
319 1385
319 1694
319 1940
320 842
320 878
320 1529
321 341
321 449
321 1598
321 1623
321 1746
322 381
322 567
322 837
322 1039
322 1406
322 1408
322 1508
322 1831
323 746
323 782
323 1352
323 1601
323 1744
323 1948
324 760
324 1123
324 1197
324 1579
324 1726
325 394
325 426
325 650
325 680
325 832
325 993
326 555
326 673
326 743
326 830
326 872
326 1018
327 588
327 812
327 906
327 1169
327 1647
327 1837
327 1864
328 881
328 1229
328 1680
328 1766
328 1935
328 1998
329 675
329 1088
329 1458
330 593
330 752
330 1193
330 1303
330 1654
331 385
331 640
331 958
331 1626
331 1675
331 1804
331 1867
332 1246
332 1764
332 1789
332 1836
333 798
333 1795
333 1899
334 382
334 547
334 724
334 1602
334 1619
334 1713
334 1742
335 636
335 907
335 1309
335 1394
335 1542
335 1651
335 1784
336 485
336 690
336 804
336 1618
336 1678
337 414
337 911
337 1397
337 1453
337 1486
337 1597
337 1830
338 675
338 715
338 753
338 782
338 862
338 1303
338 1482
338 1644
338 1647
338 1889
339 397
339 489
339 606
339 1440
340 480
340 601
340 792
340 840
340 866
340 1227
340 1592
340 1956
341 371
341 711
341 975
341 1009
341 1030
341 1453
341 1634
341 1748
341 1781
341 1887
342 486
342 489
342 866
342 935
342 1098
342 1212
342 1261
342 1447
342 1467
342 1521
342 1603
342 1674
342 1888
343 363
343 481
343 576
343 896
343 955
343 1186
343 1295
344 889
344 946
344 1976
344 2000
345 361
345 534
345 546
345 561
345 668
345 1485
345 1555
345 1997
346 432
346 436
346 564
346 1681
346 1950
346 1977
347 470
347 636
347 777
347 1007
347 1142
347 1882
348 757
348 1037
348 1052
348 1056
348 1225
348 1271
348 1480
348 1705
348 1905
349 520
349 891
349 1173
349 1375
349 1707
349 1713
350 399
350 700
350 736
350 965
350 1423
350 1502
350 1854
350 1952
351 757
351 1041
351 1384
351 1721
351 1957
352 364
352 386
352 424
352 556
352 643
352 684
352 1107
352 1119
352 1305
352 1659
352 1895
353 680
353 1197
353 1374
353 1509
353 1786
354 464
354 671
354 707
354 1468
354 1537
354 1712
355 739
355 853
355 1170
355 1364
355 1614
355 1644
355 1888
355 1896
355 1933
356 543
356 655
356 739
356 788
356 882
356 1480
356 1899
356 1921
357 514
357 561
357 586
357 663
357 701
357 860
357 963
357 1149
357 1318
357 1498
357 1675
357 1904
358 382
358 1100
358 1114
358 1497
358 1620
358 1859
358 1982
359 979
359 1220
359 1411
359 1513
359 1997
360 425
360 714
360 985
360 1047
360 1065
360 1108
360 1256
360 1577
360 1645
360 1671
360 1682
361 674
361 1265
361 1270
361 1367
362 431
362 678
362 680
362 813
362 924
362 1944
362 1972
363 445
363 882
363 922
363 1319
364 609
364 619
364 647
364 851
364 954
364 1103
364 1527
365 557
365 973
365 1394
365 1418
365 1435
365 1935
366 705
366 864
366 962
366 975
366 1132
366 1159
366 1222
366 1677
366 1703
366 1931
366 1951
367 401
367 548
367 1046
367 1443
367 1450
367 1635
367 1649
367 1706
367 1719
367 1969
368 439
368 1282
369 948
369 975
369 1033
369 1220
369 1599
369 1899
370 409
370 651
370 746
370 761
370 1789
370 1854
371 566
371 1167
371 1433
371 1585
372 1607
373 462
373 1193
373 1237
373 1333
373 1510
373 1624
374 421
374 574
374 583
374 694
374 1147
375 758
375 891
375 903
375 1127
375 1181
375 1376
375 1600
375 1804
375 1945
375 1953
376 569
376 586
376 1515
377 433
377 559
377 611
377 706
377 1582
377 1929
378 603
378 1025
378 1077
378 1617
378 1962
379 874
379 902
379 1532
380 481
380 495
380 586
380 642
380 784
380 1163
380 1679
380 1794
381 406
382 479
382 532
382 798
382 899
382 910
382 1292
382 1607
382 1656
383 492
383 1778
383 1907
384 714
384 823
384 1259
384 1325
384 1937
385 505
385 509
385 726
385 1101
385 1288
385 1602
385 1738
386 830
386 1411
387 796
387 855
387 906
387 1820
387 1851
388 470
388 754
388 813
388 1383
388 1673
388 1919
389 396
389 404
389 691
389 938
389 977
389 1082
389 1109
389 1199
390 504
390 939
390 1134
390 1360
390 1529
390 1633
391 760
391 1764
392 615
392 702
392 1435
392 1736
393 680
393 782
393 886
393 1762
393 1957
394 468
394 530
394 566
394 869
394 1234
394 1574
394 1817
394 1925
394 1936
395 1476
395 1523
395 1556
395 1764
395 1776
396 499
396 1416
396 1851
396 1974
397 777
397 1227
398 781
398 798
398 806
398 938
398 946
398 1046
398 1152
398 1430
398 1477
398 1580
398 1713
398 1862
399 548
399 737
399 1402
399 1745
399 1813
400 643
400 1013
400 1016
400 1061
400 1107
400 1353
400 1469
400 1926
401 433
401 748
401 1227
401 1499
401 1691
401 1862
402 689
402 810
402 1161
402 1574
402 1578
402 1581
403 472
403 494
403 757
403 874
403 1252
403 1372
403 1812
403 1938
404 851
404 922
404 1366
404 1435
404 1564
404 1955
405 669
405 822
405 852
405 907
405 1217
405 1736
405 1882
405 1945
406 527
406 600
406 879
406 1243
406 1427
407 436
407 755
407 951
407 1100
407 1367
407 1437
407 1578
408 525
408 749
408 937
408 1787
408 1850
409 657
409 1298
409 1404
409 1956
410 722
410 856
410 1764
410 1845
411 701
411 1227
411 1250
411 1417
411 1436
411 1451
411 1509
411 1692
412 994
412 1134
412 1137
412 1159
412 1458
412 1829
412 1921
413 508
413 1381
413 1422
413 1627
414 500
414 532
414 538
414 986
414 1922
414 1975
415 494
415 1892
416 566
416 592
416 757
416 1169
416 1201
416 1304
416 1341
416 1389
416 1769
417 627
417 681
417 844
417 1668
417 1886
417 1928
418 1476
418 1753
418 1893
419 555
419 632
419 770
419 1033
419 1111
419 1146
419 1210
419 1227
419 1525
420 613
420 980
420 1157
420 1834
420 1997
421 1360
421 1575
421 1723
422 423
422 921
422 1352
423 566
423 776
423 1118
423 1460
423 1841
424 763
424 805
424 907
424 961
424 1262
424 1311
424 1605
425 542
425 602
425 616
425 654
425 772
425 1129
425 1184
425 1202
425 1387
425 1661
425 1685
425 1973
426 1366
427 436
427 1548
428 596
428 792
428 911
428 936
428 1429
428 1588
428 1610
428 1838
428 1886
429 468
429 681
429 886
429 1312
430 439
430 534
430 551
430 1260
430 1345
430 1828
430 1925
430 1977
431 534
431 654
431 666
431 931
431 1327
431 1408
431 1455
431 1710
431 1795
431 1888
432 698
432 847
432 893
432 979
432 1146
432 1200
432 1866
432 1898
433 480
433 500
433 1185
433 1269
433 1421
433 1793
433 1892
434 612
434 677
434 774
434 921
434 938
434 1664
434 1715
434 1756
434 1852
434 1858
435 574
435 958
435 990
435 1162
435 1280
436 464
436 484
436 679
436 953
436 1204
436 1363
436 1562
436 1611
437 1008
437 1328
437 1638
437 1908
438 1081
438 1178
438 1321
438 1576
438 1780
438 1852
438 1999
439 491
439 596
439 707
439 850
439 1102
439 1462
439 1860
440 674
440 683
440 811
440 1026
440 1517
440 1632
440 1695
440 1720
440 1732
440 1902
441 508
441 630
441 635
441 899
441 1054
441 1522
442 480
442 611
442 950
442 1241
442 1898
443 1070
443 1656
444 578
444 1113
444 1188
444 1374
444 1481
445 1186
445 1480
445 1541
445 1694
446 704
446 713
446 893
446 920
446 1191
446 1368
446 1449
446 1801
447 1568
447 1654
448 563
448 620
448 628
448 986
448 1286
448 1294
448 1675
448 1753
448 1804
448 1944
448 1993
449 484
449 909
449 1513
449 1670
450 592
450 693
450 723
450 1480
450 1634
450 1815
451 736
451 851
451 1413
451 1638
452 508
452 1074
452 1121
452 1392
453 811
453 992
453 1031
453 1141
453 1641
453 1945
454 467
454 780
454 807
454 1041
454 1138
454 1583
454 1682
454 1797
455 1034
455 1301
455 1770
455 1782
455 1787
455 1998
456 700
456 1089
456 1205
456 1290
456 1959
457 793
457 899
457 1248
457 1309
457 1521
458 972
458 1314
458 1640
459 907
459 935
459 1041
459 1452
459 1501
459 1588
459 1659
459 1749
460 547
460 759
460 1126
460 1548
460 1583
460 1747
460 1780
460 1975
461 635
461 904
461 1108
461 1158
461 1279
461 1331
461 1352
461 1689
461 1783
461 1976
462 532
462 619
462 915
462 1239
462 1683
462 1719
462 1797
463 1254
463 1274
464 543
464 548
464 747
464 904
464 1051
464 1326
464 1414
464 1498
464 1523
464 1634
464 1717
464 1745
465 734
465 831
465 942
465 1340
465 1718
465 1838
466 1248
466 1434
467 594
467 1041
467 1165
467 1327
467 1915
468 503
468 1893
469 593
469 738
469 951
469 969
469 1269
469 1746
469 1876
470 646
470 742
470 829
470 842
470 868
470 992
470 1388
470 1990
471 967
471 1151
471 1282
471 1549
471 1581
471 1590
472 1222
472 1748
472 1864
473 702
473 778
473 861
473 862
473 903
473 984
473 1476
473 1569
473 1664
473 1742
473 1843
473 1852
473 1882
473 1919
473 1985
474 618
474 1086
474 1092
474 1414
475 793
475 1049
475 1157
475 1300
475 1411
475 1632
476 547
476 612
476 758
476 961
476 1242
476 1651
476 1906
476 1928
477 516
477 534
477 601
477 706
477 929
477 1356
477 1490
477 1559
477 1762
477 1765
477 1937
478 635
478 636
478 820
478 878
478 1070
478 1307
478 1324
478 1602
478 1843
478 1982
479 965
479 1125
479 1380
479 1855
480 540
480 588
480 602
480 819
480 1083
480 1189
480 1560
480 1788
480 1858
481 725
481 1061
481 1094
481 1106
481 1166
481 1304
481 1449
481 1667
482 785
482 934
482 988
482 995
482 1096
482 1771
482 1966
483 1216
483 1552
483 1691
484 523
484 699
484 1388
484 1618
484 1784
485 511
485 859
485 1199
485 1486
485 1570
485 1593
485 1599
485 1703
486 1429
486 1846
487 952
487 1465
487 1555
487 1641
488 672
488 882
488 1084
488 1103
488 1142
488 1501
488 1565
488 1585
489 502
489 595
489 1164
489 1198
489 1365
489 1464
489 1510
489 1570
489 1784
489 1806
489 1902
490 1095
490 1154
490 1301
490 1520
490 1707
491 1397
491 1424
491 1817
491 1819
491 1861
492 512
492 608
492 769
492 925
492 1095
492 1248
492 1528
493 677
493 1093
493 1219
493 1405
493 1771
493 1953
494 570
494 731
494 911
494 989
494 1114
495 502
495 558
495 707
495 1077
496 787
496 809
496 945
496 1143
496 1273
496 1326
496 1876
496 1936
497 580
497 747
497 1324
497 1444
498 1024
498 1352
498 1395
498 1585
498 1607
498 1704
498 1827
498 1905
498 1919
498 1941
499 747
499 987
499 1180
499 1592
499 1607
500 539
500 612
500 690
500 783
500 970
500 1114
500 1198
500 1469
500 1694
500 1744
500 1962
501 736
501 1056
501 1215
501 1779
501 1816
501 1859
502 715
502 811
502 1533
503 1224
503 1299
503 1318
503 1336
503 1921
504 589
504 738
504 927
504 1092
504 1227
504 1438
504 1500
504 1619
505 725
505 727
505 1223
505 1570
505 1684
505 1823
506 688
506 851
506 876
506 1305
506 1536
506 1575
506 1787
506 1882
507 1091
507 1292
507 1414
507 1997
508 615
508 982
508 1015
508 1104
508 1167
508 1179
508 1393
508 1580
509 510
509 539
509 629
509 828
509 887
509 946
509 1068
509 1129
509 1246
509 1716
509 1742
510 1251
510 1307
510 1649
510 1783
510 1892
512 791
512 1001
512 1214
512 1232
512 1642
512 1816
512 1863
513 1071
513 1245
513 1729
514 739
514 964
515 729
515 823
515 862
515 1337
515 1585
516 818
516 820
516 848
516 859
516 934
516 1088
516 1884
517 719
517 874
517 1038
517 1100
517 1102
517 1278
517 1699
517 1756
517 1997
518 946
518 1141
518 1272
518 1615
518 1762
519 736
519 1402
519 1801
519 1865
520 983
520 1060
520 1189
520 1688
520 1955
521 549
521 644
521 653
521 730
521 1403
521 1695
521 1964
522 1626
522 1752
523 576
523 775
523 1376
523 1712
523 1826
523 1855
523 1866
524 686
524 1263
524 1542
524 1571
524 1594
524 1607
524 1637
524 1693
524 1732
524 1899
525 566
525 767
525 868
525 891
525 929
525 1627
525 1708
525 1734
526 652
526 867
526 1024
526 1442
526 1446
526 1456
526 1473
526 1901
527 605
527 696
527 729
527 800
527 999
527 1216
527 1230
527 1398
527 1785
527 1968
528 652
528 756
528 1062
528 1380
528 1422
528 1530
528 1958
529 980
529 1183
529 1291
529 1906
529 1930
529 1991
530 542
530 559
530 1176
530 1212
530 1263
530 1325
530 1458
530 1824
531 635
531 1099
531 1295
531 1317
531 1318
531 1610
531 1679
531 1785
532 619
532 734
532 1020
532 1446
532 1642
532 1663
533 794
533 1671
533 1780
533 1991
534 1090
534 1155
534 1451
534 1515
535 575
535 629
535 640
535 734
535 1402
536 690
536 870
536 948
536 992
536 1025
536 1443
536 1877
536 1960
537 904
537 1020
537 1281
537 1670
537 1686
537 1820
538 1008
538 1281
538 1658
538 1728
538 1826
539 1562
540 941
540 1808
541 714
541 815
541 820
541 910
541 1116
541 1347
541 1710
541 1799
541 1953
542 1417
542 1613
542 1666
542 1818
543 1658
543 1682
544 922
544 1072
544 1391
544 1492
544 1560
544 1832
545 565
545 698
545 890
545 1043
545 1172
545 1388
545 1457
546 772
546 940
546 1377
547 1006
547 1209
547 1413
547 1445
547 1679
548 1735
548 1931
549 774
549 1690
549 1923
549 1926
550 944
550 1091
550 1162
550 1247
550 1507
551 583
551 600
551 979
551 1216
551 1408
551 1421
551 1634
551 1849
551 1965
552 556
552 729
552 1271
552 1549
552 1789
552 1843
552 1968
552 1998
553 1247
553 1863
553 1871
554 843
554 1046
554 1254
554 1333
554 1452
554 1923
555 1088
555 1191
555 1377
555 1389
555 1419
555 1528
555 1558
555 1702
555 1855
555 1986
556 627
556 820
556 1415
556 1512
556 1775
557 1883
557 1921
557 1933
558 758
558 763
558 823
558 1311
558 1547
558 1738
559 952
559 1195
559 1244
559 1536
559 1911
560 763
560 893
560 1194
560 1259
560 1280
560 1751
560 1788
561 1182
561 1187
561 1820
561 1873
562 995
562 1493
562 1523
562 1879
563 980
563 1059
563 1837
563 1967
564 644
564 1210
564 1453
564 1571
565 1163
565 1290
565 1356
565 1453
565 1843
565 1994
566 651
566 777
566 1028
566 1914
567 634
567 1238
567 1262
567 1295
567 1583
568 1017
568 1436
568 1527
568 1662
569 594
569 1021
569 1094
569 1192
569 1213
569 1618
569 1900
570 900
570 1040
570 1141
570 1451
570 1452
570 1486
570 1605
570 1796
571 1467
571 1480
572 879
572 980
572 1053
572 1220
572 1305
572 1478
572 1493
572 1710
573 1179
573 1641
574 1089
574 1201
574 1871
574 1890
575 677
575 813
575 1247
575 1423
575 1497
575 1556
575 1641
575 1890
575 1906
576 1127
576 1267
576 1412
576 1774
576 1817
576 1826
576 1986
577 949
577 1249
577 1308
577 1596
577 1680
577 1694
578 1055
578 1193
578 1296
578 1423
578 1686
579 588
579 647
579 709
579 733
579 1297
579 1872
579 1940
580 930
580 1391
580 1486
580 1637
580 1830
581 721
581 723
581 1208
581 1874
582 711
582 724
582 942
582 1854
582 1857
583 994
583 1078
583 1138
583 1342
583 1431
583 1494
583 1495
583 1767
583 1895
584 953
584 997
584 1125
584 1130
584 1486
584 1585
584 1765
584 1826
585 1082
585 1124
585 1249
585 1925
586 1159
587 1486
587 1673
587 1679
587 1880
588 1383
588 1669
588 1837
588 1915
589 605
589 1988
590 780
590 880
590 1062
590 1312
590 1501
590 1696
591 1408
591 1798
591 1828
591 1901
592 614
592 684
592 1597
592 1598
593 606
593 645
593 1027
593 1139
593 1902
593 1956
594 748
594 855
594 936
594 1203
594 1384
594 1600
595 921
595 998
595 1071
595 1271
595 1676
596 659
596 964
596 1023
596 1230
596 1509
596 1618
596 1929
596 1983
597 638
597 956
597 993
598 708
598 1128
598 1374
598 1484
598 1489
598 1548
598 1708
598 1743
599 617
599 864
599 953
599 1052
599 1302
599 1464
599 1710
599 1771
599 1791
600 627
600 796
600 902
600 1998
601 889
601 1002
601 1102
601 1768
601 1826
601 1834
601 1835
602 1047
602 1081
602 1879
602 1891
602 1966
603 623
603 964
603 1134
603 1508
603 1682
603 1733
604 736
604 783
604 802
604 965
604 1377
604 1442
604 1531
604 1647
604 1651
604 1691
604 1699
604 1895
604 1902
604 1992
605 703
605 713
605 832
605 1058
605 1066
605 1275
605 1369
605 1651
605 1869
606 785
606 1159
606 1468
606 1962
606 1986
607 610
607 755
607 822
607 871
607 1805
607 1973
608 674
608 1278
608 1297
608 1396
608 1968
609 618
609 818
609 820
609 876
609 1494
609 1989
610 787
610 794
610 802
610 874
610 1070
610 1126
610 1251
610 1275
610 1460
610 1777
610 1942
611 951
611 1154
611 1309
611 1649
611 1835
612 725
612 772
612 862
612 939
612 1055
612 1514
612 1529
612 1796
613 1093
613 1136
613 1239
613 1334
613 1419
614 829
614 903
614 1934
614 1963
614 1984
615 857
615 1007
615 1111
615 1537
615 1665
615 1821
615 1987
616 652
616 668
616 893
616 1190
617 946
617 1406
617 1588
617 1935
617 1996
618 857
618 884
618 956
618 1253
618 1533
619 1203
619 1332
619 1988
620 706
620 817
620 1226
621 678
621 864
621 1433
621 1508
621 1516
621 1624
621 1719
622 669
622 827
622 955
622 964
623 659
623 1245
623 1289
623 1468
623 1779
624 654
624 806
624 864
624 1414
624 1526
624 1674
624 1767
624 1994
625 793
625 1224
625 1626
625 1668
625 1766
626 915
626 1085
626 1367
626 1531
626 1564
626 1773
627 635
627 676
627 1452
627 1632
627 1984
628 795
628 1130
629 862
629 902
629 1142
629 1860
630 707
630 822
630 844
630 1459
631 765
631 1296
632 769
632 788
632 1307
632 1818
633 641
633 716
633 821
633 847
633 1300
633 1330
633 1583
633 1980
633 1991
634 658
634 736
634 791
634 878
634 915
634 1369
634 1480
634 1865
635 783
635 1113
635 1441
635 1650
635 1822
636 731
636 1097
636 1834
636 1893
636 1915
637 932
637 1064
638 1157
638 1239
638 1709
639 662
639 861
639 1087
639 1193
639 1408
639 1552
640 643
640 798
640 1451
640 1660
640 1930
641 687
641 854
641 879
641 993
641 1979
642 694
642 965
642 1354
642 1509
642 1678
642 1728
642 1801
643 858
643 1550
643 1751
643 1892
643 1905
644 1739
645 647
645 1054
645 1250
645 1704
645 1759
645 1852
645 1859
645 1874
645 2000
646 1086
646 1140
646 1151
646 1894
647 1017
647 1155
647 1178
647 1227
647 1343
647 1387
647 1699
648 952
648 1213
648 1367
648 1723
648 1802
649 861
649 1492
649 1605
650 941
650 1209
650 1224
650 1289
650 1412
650 1655
650 1805
650 1977
651 944
651 982
651 1246
651 1695
651 1835
651 1849
651 1882
652 768
652 963
652 1023
652 1231
652 1355
652 1532
652 1592
652 1969
653 829
653 878
653 1293
653 1322
653 1408
653 1427
653 1641
654 952
654 1766
654 1849
654 1956
655 988
655 1546
655 1763
655 1765
656 738
656 848
656 975
656 1003
656 1135
657 920
657 1112
657 1319
657 1420
657 1531
657 1585
657 1624
657 1646
657 1897
657 1920
658 1229
658 1362
658 1578
659 805
659 951
659 1108
659 1966
660 774
660 845
660 1443
660 1774
660 1782
660 1921
660 1942
661 755
661 897
661 999
661 1619
661 1845
661 1957
662 670
662 737
662 843
662 1297
662 1338
662 1345
662 1708
662 1716
662 1875
663 760
663 790
663 986
663 1304
663 1485
663 1605
664 874
664 1040
664 1070
664 1546
664 1737
665 779
665 981
665 1015
665 1590
665 1753
665 1926
665 1956
666 926
666 1521
666 1834
667 688
667 1365
667 1552
667 1599
667 1616
668 1024
668 1030
668 1220
668 1243
668 1255
668 1521
668 1655
669 1457
669 1483
669 1526
669 1579
669 1985
670 716
670 768
670 772
670 962
670 1186
670 1218
670 1724
671 746
671 1042
672 717
672 1427
672 1926
672 1966
673 745
673 771
673 902
673 1359
673 1369
673 1396
673 1726
673 1770
674 700
674 862
674 1407
674 1420
675 1335
675 1433
675 1615
675 1761
676 731
676 904
676 1230
676 1342
676 1663
676 1915
677 1281
677 1346
677 1474
677 1883
678 802
678 843
678 1184
678 1356
678 1699
679 779
679 1093
679 1120
679 1803
679 1886
680 702
680 813
680 982
680 1148
680 1222
680 1404
680 1468
680 1908
681 726
681 1038
681 1044
681 1394
681 1863
682 1387
682 1981
683 817
683 827
683 1451
683 1882
684 887
684 920
684 1580
684 1873
685 725
685 811
685 1018
685 1243
685 1487
685 1566
685 1896
686 1517
686 1803
687 987
687 1101
687 1434
687 1811
687 1929
688 1003
688 1170
688 1323
688 1339
688 1377
688 1659
688 1797
689 739
689 750
689 1399
689 1430
689 1562
689 1841
690 705
690 957
690 985
690 1127
690 1809
690 1952
691 943
691 1137
691 1153
691 1298
691 1587
692 1045
692 1077
692 1088
692 1345
692 1390
692 1471
692 1523
692 1686
692 1929
693 740
693 901
693 1627
694 728
694 1028
694 1377
694 1553
694 1880
694 1938
695 1060
695 1338
695 1542
695 1663
695 1751
695 1912
696 829
696 1897
697 804
697 1104
697 1609
697 1713
698 814
698 832
698 1073
698 1337
698 1729
699 874
699 917
699 976
699 1778
699 1804
699 1817
700 719
700 734
700 785
700 1419
700 1499
700 1701
701 752
701 1311
701 1536
701 1613
701 1849
702 992
702 1592
702 1617
702 1952
703 808
703 973
703 1485
704 1213
704 1235
704 1487
705 783
705 823
705 872
705 955
705 1038
705 1406
705 1558
705 1815
705 1910
705 1994
706 955
706 1304
706 1450
706 1614
707 764
707 1162
707 1168
707 1256
707 1768
707 1964
708 804
708 1305
708 1533
708 1625
708 1655
708 1919
709 797
709 979
709 1482
709 1516
709 1553
709 1585
709 1650
709 1775
709 1989
710 775
710 947
710 1300
710 1637
710 1653
710 1673
711 1060
711 1819
711 1830
711 1986
712 796
712 1208
712 1547
712 1705
712 1807
713 855
713 915
713 1252
713 1811
714 1201
714 1443
714 1538
714 1797
714 1917
714 2000
715 717
715 887
715 1739
715 1864
716 817
716 855
716 1063
716 1314
716 1784
717 874
717 1050
717 1562
717 1624
717 1909
718 1009
718 1258
718 1824
718 1967
719 963
719 998
719 1013
720 1284
721 799
721 1313
721 1429
721 1549
722 995
722 1149
722 1370
722 1929
723 946
723 964
723 1322
723 1527
723 1666
723 1783
723 1806
724 1184
724 1207
724 1234
724 1321
724 1388
724 1631
724 1819
725 780
725 1371
725 1843
726 882
726 1151
726 1929
727 1365
727 1602
727 1617
727 1738
727 1956
728 1238
728 1624
728 1751
728 1776
729 739
729 853
729 857
729 909
729 1072
729 1124
729 1589
729 1601
729 1695
729 1782
730 1134
730 1476
731 771
731 915
731 1544
732 800
732 908
732 966
732 1114
732 1426
732 1563
732 1904
733 862
733 1153
733 1179
733 1196
733 1651
734 937
734 1130
734 1272
734 1514
735 827
735 935
736 849
736 1221
737 751
737 1049
737 1242
737 1331
737 1334
737 1372
737 1512
738 862
738 1329
738 1371
738 1446
738 1602
738 1740
738 1904
739 774
739 859
739 1228
739 1308
739 1881
740 1029
740 1048
740 1116
740 1186
740 1603
741 925
741 973
741 1268
741 1447
741 1699
742 1570
742 1906
743 769
743 1446
743 1760
744 1670
744 1750
744 1849
745 956
745 1796
746 1110
746 1430
746 1476
746 1664
746 1994
747 817
747 1048
747 1312
747 1990
748 879
748 933
748 1289
748 1341
748 1423
748 1626
748 1881
748 1931
749 797
749 847
749 1353
749 1443
749 1958
750 1114
750 1194
750 1405
750 1628
750 1712
750 1879
750 1899
751 783
751 996
751 1028
752 928
752 1246
752 1310
752 1380
752 1676
752 1967
753 993
753 1512
754 935
754 1503
755 1032
755 1429
755 1729
755 1769
755 1842
756 1075
756 1854
757 825
757 846
757 936
757 1008
757 1342
757 1469
757 1689
758 836
758 874
758 1322
758 1832
758 1955
759 1483
759 1882
760 811
760 865
760 1026
760 1291
760 1668
760 1912
761 1224
761 1674
761 1790
762 873
762 1491
763 957
763 1249
763 1406
763 1806
763 1917
764 852
764 1016
764 1061
764 1186
764 1458
764 1844
765 980
765 1186
765 1284
765 1286
765 1407
765 1439
765 1678
765 1719
766 1262
766 1297
766 1415
766 1602
767 970
767 1082
767 1209
767 1583
767 1650
767 1872
768 1116
768 1432
768 1452
768 1728
769 806
769 1110
769 1261
769 1330
769 1572
769 1754
769 1853
770 1001
770 1688
770 1814
770 1890
771 784
771 809
771 1193
771 1255
771 1455
771 1612
771 1784
772 1381
773 1302
773 1533
774 907
774 1099
774 1183
774 1211
774 1850
775 904
775 1036
775 1156
775 1212
775 1423
775 1498
775 1869
776 1361
777 975
777 1138
777 1328
777 1630
777 1869
777 1934
778 933
778 1363
778 1520
778 1903
778 1943
779 822
779 896
779 908
779 939
779 986
779 1289
780 1036
780 1470
780 1548
780 1850
780 1870
781 903
781 1196
781 1912
782 1021
782 1081
782 1089
782 1118
782 1166
782 1814
782 1964
784 934
784 1298
784 1386
784 1535
784 1654
785 837
785 1249
785 1335
785 1576
785 1748
785 1814
785 1901
786 914
786 1406
786 1419
786 1523
786 1542
787 877
787 1162
787 1635
787 1658
787 1867
787 1889
787 1970
788 1190
788 1864
789 1349
789 1453
789 1922
790 1051
790 1256
790 1267
790 1664
790 1848
790 1982
791 796
791 834
791 1212
791 1929
792 888
792 1397
792 1475
792 1836
793 822
793 1068
793 1678
793 1828
793 1903
793 1984
794 833
794 913
794 973
794 1887
795 1530
795 1586
795 1823
795 1894
796 1768
796 1987
797 1772
798 942
798 1153
798 1248
798 1275
798 1333
798 1400
798 1450
798 1579
798 1667
798 1720
799 1057
799 1436
799 1613
799 1716
799 1989
800 1164
800 1411
800 1494
800 1602
800 1653
801 1314
801 1372
801 1928
801 1934
802 1739
802 1830
803 1119
803 1181
803 1198
803 1643
803 1771
803 1805
803 1987
804 1703
805 826
805 860
805 862
805 977
805 1144
805 1376
805 1543
805 1554
805 1570
805 1584
805 1863
805 1986
806 829
806 982
806 1274
806 1332
806 1923
807 951
807 1046
807 1053
807 1081
807 1113
807 1188
807 1297
807 1333
807 1480
807 1496
807 1618
807 1631
807 1763
807 1800
808 1400
808 1444
808 1913
809 1189
809 1821
809 1868
809 1909
810 888
810 914
810 1007
810 1317
810 1389
810 1734
811 897
811 906
811 950
811 1074
811 1432
811 1587
811 1703
811 1771
811 1780
811 1845
811 1873
812 1292
812 1481
812 1495
812 1728
812 1731
813 836
813 1340
813 1691
814 925
814 1006
814 1007
814 1401
814 1591
814 1728
815 894
815 1758
816 1085
816 1119
816 1140
816 1752
816 1886
816 1905
817 851
817 1433
817 1536
817 1742
817 1983
819 992
819 1424
819 1758
820 1004
820 1422
820 1492
820 1974
821 1163
821 1191
821 1269
821 1339
821 1713
821 1804
822 1359
822 1634
822 1729
822 1785
823 1116
823 1189
824 1235
825 940
825 1062
825 1149
825 1282
825 1748
825 1799
826 850
826 904
826 941
826 1117
826 1219
826 1233
826 1434
826 1876
826 1898
826 1917
827 957
827 974
827 995
827 1023
827 1110
827 1329
827 1479
827 1582
827 1639
828 988
828 1050
828 1154
828 1174
828 1238
828 1355
828 1849
828 1887
829 887
829 1252
829 1415
829 1652
830 937
830 1097
830 1185
830 1700
830 1821
831 1072
831 1351
831 1434
831 1625
831 1780
832 964
832 1319
832 1706
832 1763
832 1839
833 921
833 1161
833 1370
833 1583
833 1860
833 1876
834 1483
834 1726
834 1903
834 1996
835 1090
835 1108
835 1180
835 1201
835 1226
835 1235
835 1653
835 1789
836 1148
836 1187
836 1602
836 1722
836 1736
836 1904
837 1147
837 1299
837 1441
837 1449
837 1969
838 932
838 1444
838 1792
839 1351
839 1398
839 1894
840 1186
840 1459
841 946
841 1197
841 1547
842 875
842 1011
842 1503
842 1550
843 1286
843 1693
843 1758
843 1777
844 1095
844 1104
844 1281
844 1520
845 1432
845 1475
845 1599
846 904
846 1104
846 1261
846 1364
846 1705
847 998
847 1261
847 1272
847 1951
848 1296
848 1607
848 1835
849 1053
849 1296
850 1266
850 1407
850 1690
850 1731
851 1085
851 1345
851 1504
851 1563
851 1675
851 1905
851 1997
852 1029
852 1111
852 1123
852 1155
852 1184
852 1481
852 1580
852 1807
852 1819
852 1951
853 866
853 919
853 1331
853 1905
854 1032
854 1650
854 1679
855 1015
855 1171
855 1354
855 1469
856 918
856 957
856 961
856 1543
856 1623
856 1861
856 1874
856 1915
857 1458
857 1541
858 878
858 1069
858 1472
858 1514
858 1623
859 887
859 921
859 946
859 1146
859 1473
859 1741
860 1062
860 1189
860 1241
860 1525
860 1790
861 1077
861 1145
861 1423
861 1513
861 1609
861 1758
861 1992
862 1058
862 1110
862 1113
862 1284
862 1473
862 1504
862 1829
863 999
863 1051
863 1197
863 1378
863 1873
863 1890
864 928
864 1116
864 1131
864 1145
864 1199
864 1327
864 1411
864 1446
864 1468
864 1667
864 1769
864 1926
865 1243
865 1530
865 1792
865 1840
866 876
866 1131
866 1364
866 1517
866 1546
866 1869
866 1977
867 1040
867 1122
867 1249
867 1533
867 1640
868 976
868 1231
868 1578
868 1680
868 1872
868 1963
868 1999
869 1394
869 1669
870 1312
870 1350
870 1730
870 1953
871 1145
871 1505
871 1620
871 1774
872 1341
873 956
873 1011
873 1131
873 1308
873 1357
873 1358
873 1769
874 997
874 1270
874 1299
874 1467
874 1615
875 1206
875 1332
875 1367
875 1484
875 1523
875 1665
876 1409
876 1580
876 1642
876 1728
876 1834
877 912
877 1014
877 1073
877 1675
877 1747
877 1913
877 1926
878 1041
878 1122
878 1440
878 1750
879 1268
879 1298
879 1542
879 1599
880 1334
880 1505
880 1588
881 943
881 1289
881 1784
882 1089
882 1379
882 1398
882 1863
882 1967
883 1859
883 1990
884 1079
884 1229
884 1615
884 1667
884 1850
884 1981
884 1983
885 1121
885 1280
885 1310
885 1541
885 1582
885 1630
886 987
886 1145
887 1082
887 1609
888 931
888 1057
888 1219
888 1306
888 1510
888 1559
888 1749
889 1627
889 1762
890 1537
890 1751
890 1850
890 1929
891 1045
891 1451
891 1524
891 1544
891 1639
891 1836
891 1972
892 948
892 1064
892 1362
892 1663
892 1680
892 1705
893 1551
894 899
894 900
894 1077
894 1262
895 1193
895 1546
895 1708
896 1399
896 1507
896 1913
897 972
897 1606
898 1265
898 1945
899 1126
899 1876
900 1189
900 1229
900 1598
900 1615
901 1869
902 1001
902 1022
902 1113
902 1572
902 1940
902 1972
903 1382
903 1574
903 1824
903 1828
904 1227
904 1303
905 909
905 1013
905 1222
905 1500
905 1948
906 1090
906 1099
906 1322
906 1606
907 1275
907 1459
907 1785
907 1841
907 1844
907 1905
908 1025
908 1678
908 1766
909 1046
909 1380
909 1580
909 1880
909 1889
910 971
910 1151
910 1758
910 1927
911 980
911 1289
911 1465
911 1526
912 1080
912 1601
912 1662
912 1713
912 1742
913 1551
913 1709
913 1761
915 1689
915 1736
915 1789
917 920
917 1107
917 1382
917 1665
917 1774
918 1454
918 1568
918 1690
918 1696
919 1058
919 1739
920 1261
920 1344
920 1497
920 1669
920 1822
921 1051
921 1556
922 1202
922 1842
923 1117
923 1344
924 1248
924 1859
925 1131
926 1279
926 1301
926 1849
927 1293
927 1717
927 1761
927 1912
928 1004
928 1069
928 1083
928 1091
928 1437
928 1826
928 1844
929 1233
929 1863
930 1005
930 1315
930 1573
930 1703
931 1319
931 1704
931 1877
931 1881
931 1954
931 1978
932 1275
932 1294
932 1807
933 962
933 973
933 1324
933 1397
933 1482
933 1653
933 1757
934 1299
934 1438
935 1025
935 1204
935 1584
935 1725
935 1860
936 996
937 1074
937 1229
937 1789
937 1964
938 940
938 1048
938 1069
938 1577
939 1757
939 1930
940 1069
940 1094
940 1361
940 1555
941 1910
941 1955
942 1585
942 1657
942 1790
943 1158
943 1351
943 1429
944 1026
944 1639
944 1953
944 1995
945 1230
945 1554
945 1614
946 1016
946 1182
946 1284
946 1417
946 1585
947 1078
947 1378
947 1388
947 2000
948 1944
948 1993
949 1348
949 1390
949 1590
949 1667
949 1902
949 1927
949 1933
951 1032
951 1367
951 1487
951 1797
951 1808
952 957
952 1183
952 1225
952 1494
952 1541
952 1660
952 1774
952 1834
953 1447
953 1469
953 1567
954 1541
954 1571
954 1621
954 1714
955 1004
955 1670
955 1681
956 1518
956 1776
957 1089
957 1451
958 1173
958 1230
958 1331
958 1354
958 1592
958 1734
958 1987
959 1073
959 1438
959 1523
959 1524
959 1541
959 1615
959 1772
959 1943
960 978
960 1273
960 1302
960 1398
960 1423
960 1521
960 1824
960 1854
960 1938
960 1953
961 1143
961 1431
961 1706
962 1351
962 1567
962 1839
963 1032
963 1138
963 1446
963 1875
964 1406
964 1427
964 1535
964 1800
964 1898
965 1101
965 1193
965 1349
965 1439
965 1691
965 1846
965 1942
966 1363
966 1429
966 1506
966 1652
966 1673
967 1083
967 1452
967 1525
967 1697
967 1993
969 975
969 1086
969 1150
969 1265
969 1455
969 1994
970 1122
970 1224
970 1436
970 1822
970 1883
971 1039
971 1454
971 1530
971 1721
971 1919
971 1933
972 1060
972 1345
972 1392
972 1970
973 1279
973 1324
973 1327
973 1377
973 1560
973 1708
973 1930
974 1992
975 1163
975 1272
975 1404
975 1479
975 1508
975 1714
976 1435
976 1507
976 1541
976 1792
977 991
977 1555
977 1789
977 1880
978 1730
978 1794
978 1891
979 1098
979 1352
979 1844
979 1929
980 989
980 1637
980 1666
980 1686
980 1917
981 1101
981 1492
981 1797
981 1935
982 1129
982 1262
982 1435
982 1541
982 1565
983 1100
983 1183
983 1407
983 1883
984 1328
984 1893
985 1004
985 1058
985 1227
985 1555
985 1563
985 1688
986 1299
986 1981
987 1278
987 1887
988 1246
988 1618
988 1692
988 1888
988 1935
989 1052
989 1082
989 1135
989 1327
989 1430
989 1449
989 1626
989 1990
989 1991
990 1151
990 1340
990 1799
990 1817
991 1005
991 1063
991 1207
991 1234
991 1276
991 1300
991 1539
991 1899
992 1039
992 1226
992 1315
992 1456
992 1631
992 1718
993 1151
993 1252
994 1268
994 1291
994 1394
994 1878
995 1112
995 1343
995 1531
995 1570
995 1639
995 1916
995 1993
996 1011
996 1122
996 1611
996 1675
996 1679
997 1401
997 1541
997 1798
998 1815
999 1008
999 1149
999 1253
999 1438
999 1453
999 1609
999 1877
1000 1212
1000 1804
1001 1019
1001 1022
1001 1228
1001 1343
1001 1986
1002 1544
1003 1229
1003 1623
1003 1998
1004 1217
1004 1281
1004 1382
1005 1105
1005 1294
1005 1509
1005 1944
1006 1516
1007 1117
1007 1324
1007 1539
1008 1860
1009 1065
1009 1110
1009 1265
1009 1642
1009 1746
1009 1765
1009 1824
1010 1559
1010 1934
1010 1976
1011 1272
1011 1387
1011 1739
1012 1224
1013 1217
1013 1238
1013 1558
1013 1752
1013 1800
1014 1612
1014 1729
1014 1776
1014 1786
1015 1185
1015 1239
1015 1400
1015 1426
1016 1108
1016 1142
1016 1696
1016 1900
1017 1231
1017 1470
1017 1718
1017 1808
1018 1178
1018 1569
1018 1583
1018 1616
1019 1221
1020 1170
1020 1474
1020 1589
1020 1880
1020 1962
1021 1036
1021 1621
1021 1671
1022 1244
1022 1710
1023 1416
1023 1817
1024 1643
1025 1436
1025 1699
1026 1544
1026 1574
1026 1962
1026 1981
1027 1268
1027 1512
1027 1529
1027 1554
1028 1377
1028 1808
1028 1937
1029 1326
1029 1341
1030 1043
1030 1143
1030 1342
1030 1579
1030 1779
1030 1789
1030 1870
1030 1921
1031 1639
1031 1712
1032 1243
1032 1405
1032 1483
1032 1491
1032 1898
1032 1942
1033 1185
1033 1189
1033 1797
1034 1344
1034 1438
1034 1571
1034 1707
1034 1725
1034 1851
1035 1188
1035 1270
1035 1385
1035 1657
1035 1666
1036 1155
1036 1486
1036 1577
1036 1639
1037 1502
1037 1983
1038 1114
1038 1295
1038 1424
1038 1493
1038 1759
1038 1983
1039 1658
1039 1717
1039 1877
1039 1905
1040 1327
1040 1343
1040 1470
1040 1536
1041 1418
1042 1624
1042 1868
1043 1492
1043 1843
1044 1207
1044 1782
1045 1099
1045 1717
1045 1859
1045 1975
1046 1160
1046 1323
1046 1716
1046 1946
1047 1306
1047 1483
1047 1701
1047 1815
1047 1835
1048 1114
1048 1182
1048 1199
1048 1227
1048 1267
1049 1138
1049 1153
1049 1818
1051 1055
1051 1438
1051 1440
1051 1565
1051 1979
1052 1666
1053 1126
1053 1651
1053 1902
1054 1078
1054 1268
1054 1329
1054 1341
1054 1725
1054 1903
1054 1985
1055 1145
1055 1432
1055 1471
1055 1692
1057 1395
1057 1468
1057 1608
1057 1630
1058 1145
1058 1173
1058 1352
1058 1408
1058 1460
1058 1532
1058 1833
1058 1991
1059 1793
1059 1853
1060 1282
1060 1361
1060 1499
1060 1593
1060 1987
1061 1107
1061 1197
1061 1320
1061 1398
1062 1425
1062 1665
1062 1731
1062 1755
1062 1812
1063 1182
1064 1659
1065 1156
1065 1498
1065 1499
1066 1212
1066 1342
1066 1423
1066 1485
1066 1768
1066 1858
1066 1908
1067 1140
1067 1242
1067 1661
1068 1626
1068 1815
1068 1970
1069 1190
1069 1323
1070 1602
1070 1687
1071 1095
1071 1360
1071 1376
1071 1472
1071 1548
1071 1865
1071 1972
1072 1112
1072 1128
1072 1284
1072 1374
1072 1700
1072 1706
1072 1855
1073 1397
1073 1777
1074 1220
1074 1326
1074 1421
1074 1751
1075 1526
1075 1950
1076 1083
1076 1956
1077 1203
1077 1642
1078 1081
1078 1193
1078 1253
1078 1783
1079 1413
1079 1422
1079 1989
1080 1831
1081 1140
1081 1403
1081 1408
1081 1507
1081 1571
1081 1669
1082 1129
1082 1215
1082 1434
1082 1560
1082 1625
1082 1901
1082 1980
1083 1135
1083 1166
1083 1245
1083 1309
1083 1441
1083 1628
1083 1986
1084 1240
1084 1312
1084 1391
1084 1823
1085 1148
1085 1199
1085 1235
1085 1275
1085 1451
1085 1618
1085 1829
1085 1944
1086 1394
1086 1410
1087 1094
1087 1342
1087 1627
1087 1780
1088 1154
1088 1286
1088 1892
1089 1122
1089 1146
1089 1759
1089 1846
1090 1329
1090 1345
1090 1384
1090 1405
1090 1413
1090 1592
1090 1605
1091 1628
1091 1675
1091 1747
1091 1806
1091 1822
1091 1946
1092 1539
1092 1697
1093 1664
1093 1839
1093 1861
1094 1835
1096 1115
1096 1283
1096 1297
1096 1304
1096 1947
1097 1344
1097 1673
1097 1717
1097 1805
1098 1109
1098 1554
1098 1786
1098 1835
1099 1132
1099 1579
1099 1650
1099 1898
1100 1197
1100 1481
1100 1534
1100 1559
1101 1932
1101 1986
1102 1252
1102 1554
1102 1937
1103 1668
1103 1849
1104 1156
1104 1397
1105 1148
1105 1304
1105 1346
1105 1727
1105 1848
1106 1175
1106 1222
1106 1978
1107 1241
1107 1949
1107 1988
1108 1138
1108 1403
1108 1458
1108 1993
1109 1125
1109 1391
1109 1527
1109 1731
1109 1917
1109 1955
1110 1210
1110 1401
1110 1835
1110 1957
1111 1444
1111 1493
1111 1700
1111 1981
1112 1169
1112 1424
1112 1463
1112 1509
1112 1696
1112 1783
1113 1131
1113 1336
1113 1469
1113 1908
1114 1538
1114 1627
1114 1729
1114 1845
1114 1875
1114 1906
1115 1187
1115 1334
1116 1421
1116 1520
1116 1659
1116 1721
1116 1824
1117 1127
1117 1487
1117 1696
1117 1757
1117 1922
1118 1438
1118 1479
1119 1483
1119 1672
1119 1688
1119 1925
1120 1735
1121 1485
1121 1762
1121 1982
1122 1157
1122 1232
1122 1624
1122 1797
1123 1712
1124 1321
1124 1399
1124 1628
1124 1885
1125 1130
1125 1228
1125 1638
1125 1687
1125 1719
1125 1738
1126 1582
1126 1942
1127 1183
1127 1382
1127 1400
1127 1604
1127 1747
1127 1818
1128 1237
1128 1550
1128 1614
1129 1183
1129 1225
1129 1545
1129 1864
1130 1285
1130 1687
1131 1180
1131 1585
1132 1183
1132 1273
1132 1462
1132 1535
1132 1680
1132 1727
1132 1737
1132 1903
1133 1404
1133 1555
1134 1342
1134 1824
1134 1900
1134 1906
1135 1203
1135 1312
1135 1457
1136 1505
1136 1535
1136 1874
1137 1245
1137 1696
1138 1453
1138 1699
1139 1220
1139 1595
1139 1704
1139 1727
1140 1212
1140 1640
1140 1787
1140 1868
1141 1152
1141 1187
1141 1288
1141 1548
1141 1549
1141 1740
1142 1700
1142 1778
1142 1858
1142 1874
1142 1995
1144 1479
1144 1766
1145 1423
1145 1465
1145 1648
1146 1244
1146 1400
1146 1668
1147 1178
1147 1485
1147 1769
1148 1236
1148 1281
1148 1477
1148 1734
1148 1901
1149 1778
1149 1960
1150 1589
1150 1850
1150 1954
1151 1743
1151 1764
1152 1624
1152 1807
1152 1946
1153 1877
1154 1365
1154 1372
1154 1563
1155 1207
1155 1248
1155 1708
1156 1271
1156 1331
1156 1461
1156 1581
1156 1647
1156 1779
1156 1999
1157 1262
1157 1276
1157 1315
1157 1405
1157 1443
1157 1589
1157 1619
1157 1773
1158 1171
1158 1356
1158 1421
1158 1745
1158 1784
1158 1876
1159 1392
1159 1638
1159 1684
1160 1571
1161 1909
1161 1929
1162 1366
1163 1622
1163 1675
1163 1976
1164 1253
1164 1739
1165 1235
1165 1296
1165 1906
1166 1341
1166 1428
1166 1563
1166 1626
1166 1663
1167 1307
1167 1360
1167 1388
1167 1734
1167 1994
1168 1376
1168 1500
1168 1926
1169 1233
1170 1189
1170 1249
1171 1353
1171 1696
1171 1938
1172 1213
1172 1614
1172 1948
1173 1234
1173 1682
1173 1973
1174 1741
1175 1216
1175 1265
1175 1428
1175 1600
1175 1644
1176 1595
1176 1667
1176 1894
1176 1928
1177 1367
1177 1602
1177 1796
1177 1953
1178 1257
1178 1314
1178 1690
1178 1707
1178 1741
1179 1367
1179 1683
1179 1731
1179 1843
1179 1969
1180 1377
1180 1421
1180 1479
1180 1995
1181 1198
1181 1912
1182 1445
1182 1524
1182 1763
1182 1898
1183 1293
1183 1409
1184 1374
1184 1962
1185 1205
1185 1379
1185 1445
1186 1801
1186 1852
1186 1908
1186 1955
1187 1432
1187 1527
1187 1537
1187 1780
1187 1849
1188 1513
1189 1277
1189 1306
1189 1586
1190 1245
1190 1264
1190 1614
1191 1366
1191 1404
1191 1626
1191 1793
1192 1417
1192 1480
1192 1808
1192 1979
1193 1195
1193 1210
1193 1349
1193 1585
1193 1662
1194 1526
1194 1660
1194 1690
1194 1959
1195 1252
1195 1862
1195 1884
1195 1925
1196 1270
1196 1859
1196 1905
1196 1956
1198 1473
1198 1567
1198 1674
1199 1412
1201 1301
1201 1613
1201 1747
1201 1760
1201 1813
1202 1731
1202 1869
1203 1246
1203 1287
1203 1939
1204 1570
1204 1640
1204 1656
1204 1678
1204 1706
1204 1936
1205 1247
1205 1310
1205 1503
1205 1564
1206 1246
1206 1310
1206 1671
1207 1581
1208 1713
1208 1855
1209 1251
1209 1258
1209 1290
1209 1297
1209 1423
1209 1665
1209 1718
1209 1774
1210 1362
1210 1578
1211 1256
1211 1340
1211 1630
1212 1432
1212 1728
1213 1495
1213 1730
1214 1325
1214 1768
1215 1805
1216 1561
1216 1738
1217 1614
1217 1824
1217 1937
1218 1285
1218 1313
1218 1353
1218 1390
1218 1436
1218 1647
1218 1704
1219 1256
1219 1304
1219 1341
1219 1425
1219 1645
1220 1509
1220 1789
1221 1245
1221 1573
1221 1626
1221 1704
1222 1438
1222 1483
1222 1559
1222 1704
1223 1372
1223 1510
1224 1506
1225 1292
1225 1937
1226 1307
1226 1393
1226 1418
1226 1584
1226 1875
1226 1912
1226 1946
1227 1302
1228 1820
1229 1353
1229 1721
1229 1875
1229 1918
1230 1404
1230 1733
1231 1235
1231 1290
1231 1489
1232 1500
1232 1891
1233 1760
1233 1777
1233 1812
1233 1882
1234 1677
1235 1335
1235 1409
1235 1734
1235 1896
1236 1931
1236 1948
1237 1399
1237 1810
1238 1428
1239 1319
1239 1500
1240 1667
1240 1739
1240 1821
1240 1972
1240 1987
1241 1510
1241 1534
1241 1973
1242 1627
1243 1678
1243 1689
1243 1807
1244 1528
1244 1600
1245 1246
1245 1284
1245 1836
1246 1511
1246 1560
1246 1624
1246 1671
1246 1707
1246 1755
1246 1941
1247 1998
1248 1267
1248 1738
1248 1930
1249 1418
1249 1430
1249 1728
1250 1311
1250 1352
1250 1440
1250 1589
1250 1626
1250 1663
1251 1322
1251 1943
1252 1409
1252 1604
1252 1627
1252 1783
1252 1963
1252 1983
1253 1958
1254 1383
1254 1686
1255 1930
1256 1470
1256 1612
1257 1818
1257 1834
1257 1840
1258 1659
1259 1839
1259 1945
1260 1613
1261 1312
1261 1557
1261 1576
1261 1659
1261 1709
1262 1405
1262 1420
1262 1887
1263 1478
1263 1724
1264 1328
1264 1706
1264 1838
1265 1273
1265 1586
1265 1666
1267 1417
1267 1443
1267 1464
1268 1343
1269 1303
1269 1614
1269 1659
1269 1684
1270 1518
1270 1635
1271 1285
1271 1337
1271 1588
1272 1428
1273 1380
1273 1550
1274 1517
1275 1577
1275 1737
1275 1989
1277 1361
1277 1592
1278 1562
1278 1789
1278 1923
1279 1486
1280 1285
1280 1512
1281 1375
1281 1611
1281 1652
1281 1804
1282 1337
1282 1516
1282 1754
1283 1897
1284 1402
1284 1714
1284 1734
1284 1768
1285 1888
1286 1315
1286 1318
1286 1677
1287 1344
1287 1381
1287 1537
1287 1590
1288 1381
1288 1747
1289 1385
1290 1520
1290 1542
1290 1723
1290 1794
1291 1736
1292 1337
1292 1406
1292 1542
1292 1707
1292 1909
1294 1971
1295 1426
1295 1469
1296 1318
1296 1326
1297 1444
1297 1457
1297 1517
1297 1601
1297 1709
1297 1713
1297 1776
1298 1668
1298 1888
1299 1303
1300 1784
1301 1426
1301 1556
1301 1744
1301 1875
1301 1878
1302 1338
1302 1714
1302 1799
1303 1397
1303 1421
1303 1792
1303 1941
1304 1529
1304 1581
1304 1707
1304 1894
1305 1684
1306 1451
1306 1532
1306 1541
1307 1347
1308 1554
1308 1641
1308 1942
1309 1964
1310 1383
1310 1582
1311 1358
1311 1439
1311 1602
1311 1856
1312 1644
1312 1785
1312 1829
1313 1605
1313 1622
1313 1770
1314 1607
1314 1924
1316 1560
1316 1691
1316 1730
1316 1925
1316 1965
1316 1984
1317 1342
1317 1434
1317 1538
1317 1783
1318 1457
1318 1674
1318 1788
1319 1322
1319 1415
1319 1443
1319 1520
1319 1746
1319 1812
1320 1482
1320 1485
1321 1339
1321 1447
1321 1461
1321 1472
1321 1857
1321 1913
1322 1452
1322 1508
1322 1842
1323 1330
1323 1658
1323 1790
1323 1828
1324 1326
1325 1944
1326 1398
1327 1544
1327 1587
1327 1877
1328 1904
1329 1683
1329 1723
1329 1831
1329 1837
1330 1374
1330 1651
1330 1826
1330 1837
1331 1333
1331 1576
1331 1653
1331 1884
1331 1916
1331 1937
1331 1958
1331 1998
1332 1447
1332 1670
1332 1972
1333 1770
1333 1820
1333 1965
1333 1970
1334 1873
1334 1880
1335 1815
1336 1529
1336 1832
1337 1423
1337 1552
1337 1927
1338 1470
1338 1824
1339 1388
1339 1405
1339 1703
1339 1826
1341 1545
1341 1741
1341 1836
1342 1400
1342 1518
1342 1613
1342 1871
1344 1380
1344 1385
1344 1561
1344 1778
1344 1868
1344 1990
1345 1744
1345 1846
1346 1386
1346 1462
1346 1519
1346 1866
1347 1471
1348 1813
1349 1454
1349 1576
1349 1636
1349 1852
1349 1998
1350 1386
1350 1393
1350 1397
1350 1521
1350 1803
1351 1733
1351 1988
1352 1488
1352 1970
1353 1359
1353 1478
1353 1630
1353 1886
1354 1492
1354 1635
1355 1490
1355 1579
1355 1972
1357 1548
1357 1879
1358 1826
1359 1440
1360 1813
1360 1983
1361 1459
1361 1710
1361 1822
1361 1958
1362 1570
1362 1785
1363 1481
1364 1554
1365 1645
1365 1708
1366 1602
1366 1767
1367 1959
1369 1611
1369 1651
1369 1667
1369 1854
1370 1642
1371 1732
1372 1856
1372 1896
1373 1406
1373 1426
1373 1458
1373 1840
1374 1565
1375 1770
1375 1819
1376 1608
1376 1884
1377 1709
1378 1487
1379 1623
1379 1730
1380 1458
1380 1549
1380 1664
1380 1882
1380 1996
1381 1472
1381 1695
1381 1712
1382 1627
1382 1701
1382 1801
1382 1926
1383 1609
1383 1766
1385 1837
1385 1850
1387 1569
1387 1614
1387 1629
1388 1515
1388 1821
1388 1881
1389 1805
1390 1406
1390 1550
1390 1878
1391 1498
1391 1743
1391 1822
1391 1974
1392 1791
1393 1477
1393 1611
1393 1778
1394 1603
1394 1742
1394 1887
1395 1620
1395 1765
1396 1532
1396 1897
1397 1554
1397 1634
1398 1698
1398 1730
1398 1962
1399 1515
1399 1532
1399 1558
1400 1568
1400 1741
1402 1454
1402 1686
1402 1761
1402 1995
1403 1499
1403 1849
1403 1920
1404 1663
1404 1931
1405 1599
1405 1763
1405 1991
1406 1976
1407 1427
1407 1484
1408 1445
1408 1514
1408 1563
1408 1722
1408 1797
1408 1966
1409 1855
1410 1546
1410 1656
1410 1832
1411 1479
1411 1492
1411 1772
1411 1782
1411 1940
1412 1736
1412 1854
1412 1893
1412 2000
1413 1568
1413 1932
1414 1515
1414 1792
1415 1589
1415 1738
1416 1418
1416 1423
1416 1602
1416 1629
1416 1644
1416 1978
1418 1503
1418 1510
1419 1809
1419 1896
1420 1590
1421 1525
1421 1555
1421 1838
1421 1887
1421 1902
1422 1542
1422 1648
1422 1782
1423 1494
1423 1644
1423 1793
1424 1464
1424 1685
1425 1632
1425 1748
1425 1919
1426 1447
1426 1487
1426 1660
1426 1841
1426 1843
1426 1901
1427 1552
1427 1677
1428 1682
1428 1773
1428 1852
1428 1972
1429 1817
1430 1930
1433 1643
1433 1758
1433 1873
1433 1959
1434 1763
1435 1462
1435 1521
1435 1539
1435 1715
1435 1751
1435 1789
1435 1880
1435 1935
1435 1963
1436 1462
1437 1515
1437 1790
1437 1835
1437 1842
1438 1655
1438 1795
1439 1663
1439 1747
1439 1774
1440 1445
1440 1945
1441 1538
1441 1581
1441 1686
1441 1726
1441 1965
1442 1445
1444 1846
1444 1893
1445 1638
1445 1766
1446 1796
1447 1608
1447 1750
1448 1678
1450 1471
1450 1547
1450 1923
1450 1977
1451 1537
1451 1562
1451 1625
1452 1649
1452 1650
1453 1968
1454 1648
1454 1753
1454 1805
1454 1841
1457 1572
1458 1910
1458 1953
1459 1834
1460 1649
1460 1780
1461 1883
1462 1556
1462 1908
1463 1581
1463 1628
1464 1717
1464 1831
1464 1854
1464 1980
1466 1641
1466 1925
1466 1927
1467 1740
1469 1594
1469 1903
1469 1919
1470 1702
1470 1839
1470 1856
1471 1626
1471 1680
1471 1947
1472 1727
1473 1768
1474 1970
1475 1975
1476 1544
1476 1597
1477 1629
1477 1929
1478 1887
1479 1955
1479 1977
1480 1629
1480 1664
1480 1967
1480 1996
1481 1880
1481 1894
1481 1908
1482 1732
1482 1870
1483 1948
1484 1592
1484 1722
1484 1736
1484 1951
1485 1487
1485 1549
1486 1731
1486 1766
1486 1814
1487 1548
1487 1597
1487 1718
1488 1991
1489 1491
1489 1648
1489 1772
1490 1546
1490 1555
1490 1574
1490 1948
1490 1977
1491 1858
1492 1551
1492 1564
1492 1747
1492 1843
1492 1969
1493 1795
1494 1495
1494 1550
1495 1956
1497 1659
1497 1662
1498 1712
1499 1876
1499 1935
1500 1965
1501 1539
1501 1725
1501 1743
1502 1626
1502 1869
1502 1956
1504 1780
1504 1918
1505 1617
1505 1701
1505 1705
1505 1709
1505 1725
1506 1789
1507 1688
1507 1773
1507 1959
1509 1569
1509 1866
1509 1876
1509 1912
1511 1709
1511 1728
1512 1579
1513 1524
1513 1933
1514 1692
1514 1874
1515 1788
1515 1992
1516 1715
1516 1896
1517 1828
1518 2000
1519 1908
1520 1541
1520 1950
1522 1660
1522 1883
1522 1977
1523 1776
1524 1591
1525 1633
1526 1566
1526 1743
1526 1809
1526 1895
1528 1563
1528 1681
1528 1998
1529 1894
1530 1653
1530 1995
1532 1565
1532 1629
1532 1904
1533 1541
1533 1570
1533 1784
1533 1836
1533 1865
1534 1570
1535 1604
1535 1807
1536 1710
1538 1555
1538 1695
1538 1761
1538 1860
1539 1788
1539 1835
1540 1640
1540 1753
1541 1870
1542 1889
1543 1544
1543 1925
1545 1594
1546 1606
1547 1736
1548 1730
1548 1764
1549 1776
1549 1988
1550 1614
1551 1645
1551 1882
1551 1915
1551 1963
1552 1779
1554 1653
1555 1567
1555 1577
1555 1952
1556 1629
1557 1677
1557 1772
1558 1849
1558 1914
1559 1653
1559 1692
1560 1720
1561 1698
1561 1808
1561 1882
1561 1892
1561 1935
1562 1668
1562 1671
1562 1800
1562 1897
1563 1762
1565 1822
1566 1803
1567 1602
1567 1802
1567 1829
1567 1830
1569 1719
1570 1700
1570 1705
1570 1828
1572 1828
1572 1942
1573 1858
1574 1767
1576 1973
1577 1639
1577 1815
1578 1756
1578 1887
1580 1971
1582 1617
1582 1803
1583 1590
1584 1823
1586 1753
1586 1995
1587 1673
1587 1832
1589 1726
1589 1774
1590 1683
1590 1685
1590 1703
1590 1879
1591 1887
1593 1717
1595 1782
1595 1824
1595 1905
1596 1747
1596 1804
1596 1886
1597 1686
1597 1868
1598 1877
1599 1975
1600 1809
1601 1757
1601 1987
1603 1626
1606 1655
1606 1674
1606 1787
1607 1915
1608 1744
1610 1996
1611 1777
1611 1823
1611 1869
1611 1924
1612 1819
1615 1902
1616 1773
1616 1933
1616 1984
1617 1763
1617 1780
1617 1812
1617 1959
1618 1719
1618 1840
1618 1941
1619 1961
1620 1773
1621 1886
1621 1964
1622 1860
1622 1865
1622 1887
1623 1657
1623 1854
1625 1751
1627 1666
1628 1700
1628 1792
1631 1825
1634 1935
1635 1785
1635 1865
1635 1917
1635 1994
1636 1739
1637 1810
1637 1883
1638 1808
1638 1929
1639 1730
1642 1761
1642 1991
1643 1978
1644 1904
1646 1772
1646 1949
1647 1936
1647 1944
1647 1951
1648 1929
1649 1859
1650 1666
1652 1663
1653 1980
1655 1772
1655 1912
1656 1703
1656 1902
1657 1844
1659 1817
1662 1897
1662 1927
1663 1668
1663 1951
1664 1726
1664 1972
1664 1993
1665 1716
1665 1891
1665 1960
1665 2000
1666 1991
1667 1740
1667 1777
1667 1943
1668 1917
1668 1919
1669 1976
1672 1698
1672 1931
1673 1776
1673 1935
1673 1965
1674 1776
1674 1862
1676 1690
1677 1750
1678 1690
1678 1799
1678 1810
1679 1703
1679 1864
1684 1785
1684 1951
1686 1833
1687 1758
1687 1997
1690 1736
1691 1747
1691 1877
1692 1862
1695 1759
1696 1722
1696 1923
1697 1885
1698 1713
1698 1799
1698 1819
1698 1889
1699 1971
1701 1813
1701 1824
1701 1916
1702 1719
1702 1850
1704 1932
1704 1942
1705 1964
1706 1707
1706 1927
1706 1980
1707 1899
1708 1999
1713 1813
1718 1734
1718 1750
1718 1921
1720 1855
1721 1903
1722 1730
1723 1899
1724 1766
1724 1938
1726 1990
1727 1900
1728 1849
1728 1915
1729 1878
1729 1883
1730 1788
1731 1757
1731 1798
1732 1903
1733 1790
1735 1804
1735 1866
1735 1963
1736 1927
1738 1897
1739 1741
1743 1865
1743 1870
1744 1832
1747 1818
1747 1901
1750 1975
1751 1772
1751 1990
1752 1789
1753 1765
1753 1941
1753 1960
1754 1817
1754 1981
1761 1847
1761 1951
1762 1799
1762 1976
1763 1942
1764 1776
1765 1805
1766 1945
1770 1863
1770 1917
1771 1839
1772 1890
1774 1961
1775 1993
1776 1952
1777 1928
1779 1846
1779 1974
1786 1800
1786 1925
1787 1972
1788 1819
1789 1917
1791 1964
1792 1932
1792 1990
1792 1992
1793 1902
1798 1807
1798 1947
1804 1919
1805 1840
1806 1992
1807 1827
1808 1894
1808 1913
1815 1818
1815 1931
1815 1985
1816 1940
1816 1943
1819 1916
1821 1822
1821 1828
1824 1855
1826 1945
1827 1912
1827 1942
1829 1909
1829 1992
1830 1915
1830 1928
1832 1990
1836 1861
1836 1958
1836 1993
1837 1935
1838 1860
1838 1862
1842 1847
1842 1948
1843 1995
1847 1882
1848 1893
1849 1884
1849 1920
1849 1977
1853 1908
1854 1947
1855 1932
1855 1939
1859 1916
1865 1913
1865 1943
1866 1995
1867 2000
1869 1921
1869 1938
1869 1987
1872 1893
1872 1949
1875 1954
1876 1991
1881 1925
1886 1924
1887 1962
1888 1969
1890 1897
1893 1926
1893 1982
1894 1976
1894 1997
1895 1959
1897 1935
1897 1982
1899 1920
1905 1930
1910 1913
1910 1950
1912 1982
1913 1999
1915 1968
1915 1972
1919 1961
1919 1965
1920 1948
1921 1929
1931 1987
1934 1954
1939 1950
1940 2000
1946 1958
1948 1956
1949 1952
1961 1987
1961 1999