2000
1 30
1 188
1 315
1 542
1 615
1 690
1 735
1 858
1 1208
2 342
2 417
2 612
2 884
2 1041
3 242
3 368
3 701
3 870
4 107
4 139
4 398
4 666
4 946
4 1051
4 1748
5 213
5 515
5 540
5 866
5 1302
5 1389
5 1944
6 300
6 407
6 474
6 865
6 872
6 948
7 410
7 716
7 1204
7 1351
7 1379
7 1416
7 1443
7 1580
8 78
8 259
8 469
8 1002
8 1101
8 1442
8 1490
8 1730
8 1795
8 1841
8 1869
9 292
9 311
9 363
9 1123
9 1571
9 1591
9 1631
9 1868
10 486
10 1324
10 1461
10 1615
10 1858
11 13
11 794
11 1131
11 1362
11 1541
11 1558
11 1824
12 51
12 957
12 1567
12 1741
13 47
13 248
13 278
13 344
13 403
13 532
13 603
13 754
13 1939
14 89
14 104
14 539
14 617
14 856
14 1109
14 1770
15 364
15 365
15 961
15 1011
15 1584
16 63
16 496
16 672
16 709
16 724
16 762
16 938
16 964
16 1391
16 1620
16 1732
17 380
17 549
17 700
17 741
17 751
17 1455
17 1842
18 257
18 381
18 398
18 451
18 762
18 986
18 1253
18 1647
18 1667
19 86
19 313
19 354
19 356
19 708
19 854
19 1046
19 1092
19 1155
20 458
20 506
20 1131
20 1153
20 1723
21 613
21 997
21 1082
21 1368
21 1434
21 1469
21 1508
21 1530
22 55
22 416
22 456
22 793
22 873
22 966
22 1022
22 1945
23 74
23 436
23 493
23 1195
23 1344
24 402
24 501
24 645
24 710
24 789
24 1376
24 1704
24 1874
25 113
25 397
25 1184
25 1204
25 1594
26 503
26 740
26 749
26 1047
26 1294
26 1498
27 506
27 570
27 1023
27 1277
27 1377
27 1862
28 429
28 641
28 882
28 944
28 1041
28 1329
28 1448
28 1854
28 1886
29 1436
29 1551
29 1610
29 1611
30 1199
30 1420
30 1564
30 1578
30 1686
30 1902
30 1948
30 1984
31 202
31 345
31 589
31 1106
31 1439
31 1711
32 223
32 306
32 354
32 653
32 1599
33 499
33 722
33 836
33 970
34 629
34 686
34 740
34 1891
34 1975
35 368
35 1264
35 1411
35 1721
35 1970
36 246
36 424
36 774
36 1043
36 1317
36 1436
36 1745
37 402
37 484
37 1343
37 1657
37 1707
38 568
38 795
38 1009
38 1226
38 1370
38 1374
38 1733
38 1749
39 635
39 1641
39 1667
40 745
40 1359
40 1394
40 1405
40 1413
40 1416
40 1630
40 1724
41 460
41 1074
41 1541
41 1867
42 171
42 284
42 570
42 826
42 829
42 964
42 1087
42 1797
42 1837
43 295
43 518
43 972
43 1667
44 261
44 300
44 959
44 1070
44 1166
44 1217
44 1315
44 1494
44 1561
44 1590
44 1844
44 1915
45 612
45 1181
45 1337
46 726
46 884
46 938
47 154
47 620
47 923
47 1136
47 1631
47 1667
47 1694
48 125
48 319
48 677
48 1043
48 1290
48 1561
48 1785
49 487
49 509
49 767
49 1858
50 566
50 639
50 1144
50 1410
50 1478
50 1508
50 1533
50 1566
50 1841
51 62
51 71
51 203
51 512
51 1205
51 1496
51 1753
51 1852
51 1977
52 379
52 738
52 1668
53 403
53 606
53 1032
53 1279
53 1481
53 1729
53 1883
54 854
54 1196
54 1546
54 1549
54 1670
55 373
55 681
55 1276
55 1736
55 1968
56 855
56 1040
56 1202
56 1206
56 1358
56 1475
56 1642
56 1775
57 99
57 501
57 1089
57 1742
58 665
58 1099
58 1749
58 1996
59 211
59 1156
59 1538
60 286
60 353
60 813
60 1479
60 1495
60 1628
60 1770
60 1891
60 1941
61 349
61 714
61 1095
61 1697
61 1741
61 1963
61 1966
62 261
62 435
62 527
62 840
62 1466
62 1775
62 1892
62 1916
62 1955
63 199
63 353
63 368
63 664
63 732
63 809
63 1148
63 1163
63 1513
64 162
64 250
64 341
64 366
64 1000
64 1910
65 460
65 510
65 1006
65 1132
65 1312
65 1690
66 71
66 118
66 235
66 341
66 565
66 698
66 1037
67 257
67 380
67 491
67 571
67 724
67 824
67 881
67 979
67 1890
68 1218
68 1663
68 1819
69 146
69 389
69 527
69 589
69 701
69 1182
69 1335
69 1433
69 1444
69 1528
69 1665
70 119
70 181
70 188
70 244
70 487
70 511
70 590
70 643
70 801
70 902
70 1239
70 1886
71 702
71 895
71 920
71 1510
71 1603
71 1694
72 286
72 455
72 679
72 770
72 1317
73 1221
73 1770
74 414
74 620
74 856
74 931
74 1536
74 1778
74 1961
75 221
75 354
75 370
75 426
75 456
75 1167
75 1234
75 1351
75 1785
75 1828
75 1939
76 179
76 297
76 476
76 894
76 1218
77 502
77 840
77 885
77 997
77 1724
77 1852
77 1962
78 100
78 378
78 432
78 902
78 1122
78 1371
78 1421
78 1631
78 1726
78 1815
79 683
79 741
79 1771
79 1920
79 1958
80 192
80 232
80 776
80 1110
80 1204
80 1849
81 287
81 612
81 645
81 733
81 939
81 1173
81 1335
81 1637
81 1865
81 1887
82 295
82 403
82 1356
82 1397
82 1693
83 328
83 477
83 561
83 1262
83 1282
83 1337
83 1402
83 1951
84 108
84 148
84 248
84 649
84 978
84 1266
84 1273
84 1717
85 323
85 811
85 1119
85 1179
85 1228
85 1773
85 1807
85 1898
86 242
86 291
86 332
86 1221
86 1647
86 1847
86 1997
87 530
87 781
87 1227
87 1420
88 360
88 401
88 402
88 520
88 895
88 1394
88 1713
88 1837
89 1017
89 1158
89 1195
89 1249
89 1563
90 923
90 1595
91 167
91 283
91 808
91 868
91 1011
91 1423
91 1935
92 182
92 543
92 846
92 1003
92 1456
92 1986
93 107
93 133
93 164
93 640
93 680
93 969
93 1551
93 1932
94 97
94 98
94 194
94 355
94 574
94 581
94 895
94 1157
94 1511
95 398
95 937
95 1127
95 1399
95 1450
95 1451
96 1241
96 1301
96 1767
97 260
97 285
97 713
97 775
97 1202
98 268
98 664
98 970
98 1121
98 1915
98 1979
99 662
99 1242
99 1292
100 420
100 804
100 857
100 1315
100 1366
100 1619
100 1644
100 1844
100 1956
101 294
101 1103
101 1496
102 240
102 287
102 488
102 552
102 578
102 625
102 890
102 902
102 980
102 1202
102 1535
102 1810
103 343
104 378
104 503
104 947
104 1031
104 1057
104 1065
104 1126
104 1161
104 1369
104 1616
104 1712
104 1761
105 1387
105 1610
105 1657
105 1931
106 221
106 1214
106 1226
106 1420
106 1444
106 1567
106 1771
106 1875
107 304
107 387
107 822
107 856
107 869
107 1296
107 1608
108 191
108 524
108 770
108 947
108 1090
108 1436
108 1571
108 1848
108 1927
109 539
109 1339
109 1412
109 1787
110 798
110 1395
110 1522
110 1679
110 1826
110 1917
111 262
111 290
111 662
111 1363
112 300
112 522
112 643
112 1058
112 1163
113 244
113 391
113 596
113 1271
113 1309
113 1594
113 1763
114 126
114 600
114 653
114 854
114 1148
114 1319
114 1541
114 1588
115 134
115 157
115 159
115 1072
115 1086
116 275
116 424
116 996
116 1411
116 1477
117 1499
117 1610
117 1651
117 1830
117 1848
117 1971
118 481
118 566
118 950
118 1155
118 1521
118 1908
119 299
119 560
119 583
119 586
119 827
119 1335
120 176
120 316
120 733
120 841
120 1388
120 1447
120 1832
121 539
121 677
121 1005
121 1353
121 1718
121 1914
121 1941
122 273
122 279
122 639
122 710
122 1016
123 124
123 337
123 525
123 561
123 724
123 762
123 818
123 832
123 876
123 1089
123 1503
123 1634
124 574
124 594
124 614
124 624
124 832
124 913
124 1533
124 1591
124 1730
124 1736
124 1909
124 1982
125 196
125 329
125 365
125 559
125 694
125 851
125 873
125 1167
125 1495
125 1671
125 1719
125 1784
126 161
126 500
126 934
126 1669
126 1757
126 1809
127 140
127 574
127 597
127 716
127 767
127 1149
128 300
128 346
128 671
128 1280
128 1582
128 1795
128 1859
128 1939
128 1972
128 1997
129 221
129 1229
129 1392
129 1641
130 153
130 259
130 281
130 585
130 1327
130 1424
130 1470
130 1515
130 1677
130 1838
130 1894
131 202
131 1305
131 1966
132 478
132 881
132 1579
133 170
133 479
133 744
133 745
133 1104
133 1201
133 1642
133 1655
133 1899
134 509
134 525
134 882
134 1222
134 1472
134 1834
135 247
135 703
135 1139
135 1345
135 1554
136 198
136 472
136 708
136 970
136 1042
136 1317
136 1408
136 1680
136 1857
137 672
137 1246
137 1355
137 1916
138 471
138 502
138 542
138 620
138 628
138 646
138 683
138 1516
138 1820
138 1916
138 1947
139 294
139 903
139 1283
139 1502
139 1732
140 316
140 418
140 1312
140 1609
140 1777
140 1979
141 171
141 210
141 216
141 389
141 428
142 535
142 714
142 1148
142 1296
142 1516
142 1571
143 167
143 356
143 1154
143 1333
143 1678
143 1686
143 1861
143 1873
143 1974
144 986
144 1968
145 746
145 781
145 1160
145 1308
145 1501
145 1595
145 1823
145 1987
146 689
146 1095
146 1769
147 464
147 478
147 628
147 1185
147 1543
147 1697
148 322
148 1177
148 1342
148 1806
148 1980
149 305
149 637
149 1118
149 1703
150 158
150 1021
150 1252
150 1275
150 1287
150 1371
150 1442
150 1475
151 363
151 410
151 1415
151 1433
151 1488
151 1523
151 1692
151 1733
152 650
152 690
152 1078
152 1121
152 1158
153 788
153 1197
153 1276
153 1344
153 1392
153 1587
154 412
154 1191
154 1225
154 1656
154 1666
154 1837
155 871
155 949
155 1151
155 1897
156 162
156 469
156 745
156 1031
156 1153
156 1746
157 904
157 1326
157 1418
157 1869
158 435
158 1501
158 1888
158 1928
158 1990
159 236
159 281
159 321
159 643
159 829
159 896
159 1252
159 1437
160 774
160 833
160 932
160 1007
160 1039
160 1071
160 1277
161 549
161 711
161 1044
162 749
162 797
162 841
162 1008
162 1219
162 1499
162 1837
162 1838
162 1887
163 892
163 969
163 982
163 1141
163 1234
163 1501
163 1599
163 1637
164 425
164 1058
165 224
165 460
165 605
165 1295
165 1354
165 1419
165 1520
165 1959
166 391
166 1570
167 873
167 1367
167 1432
167 1952
168 435
168 456
168 852
168 1056
168 1066
168 1434
168 1936
168 1944
169 676
169 1374
169 1810
169 1883
170 301
170 360
170 461
170 490
170 692
170 1281
171 384
171 681
171 731
171 884
171 1706
171 1861
172 245
172 386
172 568
172 862
172 1407
173 490
173 1354
173 1419
174 221
174 598
174 1401
175 415
175 628
175 699
175 924
175 959
175 1066
175 1511
175 1581
176 289
176 402
176 423
176 656
176 1382
176 1706
176 1707
176 1753
177 272
177 641
177 928
177 1335
178 465
178 522
178 525
178 598
178 1111
178 1514
178 1623
178 1753
178 1816
179 663
179 915
179 1500
179 1633
179 1837
180 266
180 1072
180 1084
180 1486
181 386
181 475
181 886
181 1738
181 1804
181 1916
182 388
182 426
182 530
182 741
182 833
182 1020
182 1994
183 279
183 420
183 520
183 685
183 1984
184 526
184 644
184 1105
184 1195
184 1199
184 1245
184 1415
185 214
185 1144
185 1333
185 1441
186 503
186 640
186 935
186 951
186 1190
186 1533
186 1699
186 1987
187 243
187 583
187 1018
187 1250
187 1641
188 575
188 581
188 690
188 1489
188 1528
188 1979
189 915
189 1429
189 1883
189 1895
190 249
190 261
190 324
190 817
190 1108
190 1315
190 1373
190 1683
190 1738
191 386
191 426
191 596
191 821
191 898
191 1909
192 545
192 601
192 793
192 971
192 1060
192 1248
192 1469
192 1645
193 458
193 526
193 1365
193 1662
193 1719
193 1781
193 1848
194 487
194 844
194 940
194 1270
194 1464
194 1878
194 1907
195 334
195 716
195 783
195 896
195 1250
195 1331
196 1063
196 1067
196 1613
197 1042
197 1691
197 1916
198 408
198 1232
198 1380
198 1673
199 330
199 728
199 1959
200 555
200 1331
200 1491
200 1811
201 1807
201 1903
202 461
202 480
202 485
202 657
202 898
202 994
202 1141
202 1523
203 446
203 638
203 649
203 1243
203 1436
203 1525
203 1924
204 878
204 915
204 917
204 1117
204 1559
204 1609
205 688
205 751
205 755
205 1163
205 1466
206 249
206 346
206 535
206 619
206 703
206 1268
206 1479
206 1655
206 1890
207 396
207 464
207 654
207 717
207 1244
207 1334
207 1672
208 234
208 357
208 549
208 793
208 838
208 1044
208 1244
208 1865
208 1874
209 274
209 528
209 1978
210 231
210 581
210 1095
210 1157
210 1361
210 1498
210 1563
210 1589
210 1644
211 713
211 830
211 858
211 1537
211 1569
211 1854
211 1861
211 1955
212 220
212 488
212 802
212 1664
213 379
213 394
213 1092
213 1128
213 1304
213 1588
214 476
214 753
214 875
214 1270
214 1287
214 1489
215 789
215 839
215 1416
216 422
216 530
216 980
216 1148
216 1960
217 585
217 701
217 1059
217 1113
217 1749
217 1829
217 1836
217 1899
218 747
218 1048
218 1348
218 1626
218 1768
219 1151
219 1761
219 1805
220 406
220 1211
220 1321
220 1400
220 1469
220 1613
220 1780
220 1797
220 1979
221 235
221 778
222 296
222 309
222 358
222 433
222 954
222 1006
222 1508
223 377
223 1143
223 1226
223 1307
223 1656
223 1936
224 296
224 662
224 912
224 1283
224 1873
225 342
225 782
225 891
225 970
225 1150
225 1241
225 1519
225 1635
225 1668
225 1797
226 1260
226 1679
226 1873
227 315
227 917
227 1304
227 1492
228 251
228 481
228 513
228 522
228 661
228 872
228 1357
228 1449
229 293
229 320
229 476
229 726
229 1742
229 1752
230 259
230 461
230 464
230 731
230 774
230 980
230 1345
230 1718
231 537
231 653
231 807
231 1472
231 1844
232 370
232 529
232 650
232 669
232 1256
232 1525
232 1770
232 1814
233 733
233 1081
233 1647
233 1701
233 1920
234 333
234 422
234 1438
234 1677
234 1720
234 1955
235 603
235 629
235 857
235 1566
236 362
236 543
237 489
237 493
237 516
237 668
237 1058
237 1629
238 361
238 951
238 1103
238 1634
238 1657
238 1701
239 413
239 522
239 552
239 1055
239 1209
239 1381
239 1499
239 1545
239 1696
239 1779
239 1782
240 923
240 1060
240 1710
240 1883
240 1918
241 437
241 604
241 658
241 1200
241 1258
241 1818
241 1917
241 1957
242 441
242 481
242 564
242 575
242 945
242 1091
242 1505
243 601
243 813
243 1193
243 1639
243 1682
243 1928
243 1962
244 374
244 744
244 1027
244 1394
244 1428
244 1924
245 256
245 301
245 408
245 615
245 818
245 1112
245 1500
245 1695
245 1710
246 652
246 659
246 832
246 840
246 908
246 1004
246 1228
246 1770
246 1859
247 441
247 874
247 925
248 305
248 661
248 812
248 1171
248 1447
248 1558
248 1747
248 1757
248 1889
249 523
249 535
249 724
249 815
249 971
249 1346
249 1595
249 1750
249 1813
250 749
250 847
250 1296
250 1515
250 1667
250 1922
251 307
251 1098
251 1704
252 360
252 519
252 534
252 637
252 756
252 1060
252 1756
253 280
253 330
253 924
253 1177
253 1435
253 1649
253 1694
253 1854
253 1874
253 1943
254 481
254 588
254 1405
254 1410
254 1716
254 1719
255 682
255 700
255 1765
256 368
256 405
256 465
256 1469
256 1490
256 1848
257 797
257 944
257 1070
257 1251
258 740
258 995
258 1423
258 1825
259 459
259 997
259 1442
259 1856
260 359
260 603
260 650
260 1146
260 1191
260 1360
260 1532
260 1736
260 1872
260 1996
261 283
261 930
261 1464
262 278
262 563
262 619
262 1037
262 1274
263 909
263 1304
263 1546
263 1563
264 476
264 528
264 1696
264 1705
264 1724
264 2000
265 366
265 520
265 753
265 821
265 1344
265 1632
265 1746
266 373
266 819
266 987
266 1007
266 1016
266 1174
266 1279
266 1847
267 272
267 573
267 888
267 1055
267 1359
268 270
268 366
268 499
268 1025
268 1055
268 1841
269 514
269 518
269 595
269 1366
269 1532
269 1539
269 1741
270 1308
270 1994
271 289
271 458
271 908
271 923
271 965
271 969
271 1265
271 1349
271 1422
272 289
272 363
272 707
272 1000
272 1260
272 1736
272 1860
273 366
273 1279
273 1517
273 1683
273 1964
274 588
274 725
274 936
274 1435
274 1688
274 1936
275 302
275 947
275 1259
275 1382
275 1574
276 634
276 730
276 832
276 853
276 862
276 931
276 1141
276 1483
276 1596
276 1793
276 1881
276 1919
277 514
277 616
277 882
277 1126
278 547
278 808
278 1064
278 1211
278 1225
278 1709
278 1871
279 289
279 1612
279 1662
280 654
280 686
280 971
280 1285
280 1519
280 1773
281 460
281 1402
281 1446
282 490
282 992
282 1746
283 664
283 739
283 1110
283 1182
283 1255
283 1322
283 1625
283 1684
283 1916
284 368
284 452
284 510
284 845
284 866
284 1008
284 1113
284 1282
284 1870
285 389
285 931
285 1529
285 1538
285 1611
285 1737
285 1952
285 1953
286 567
286 795
286 851
286 977
286 1065
286 1117
286 1334
286 1582
287 695
287 883
287 1198
287 1440
287 1770
288 834
288 1320
288 1466
289 724
289 843
289 912
289 1262
289 1367
289 1530
290 544
290 565
290 827
290 859
290 1109
290 1224
290 1343
290 1884
291 1194
291 1510
291 1706
291 1737
291 1873
292 489
292 1271
292 1658
293 328
293 415
293 478
293 844
293 1357
293 1782
293 1978
294 538
294 1113
294 1564
294 1601
294 1732
294 1825
294 1908
294 1976
295 496
295 1010
295 1533
295 1801
296 301
296 511
296 860
296 1104
296 1310
296 1409
297 1054
297 1302
297 1439
297 1667
297 1926
298 398
298 735
298 1835
299 793
299 1849
300 518
300 1493
300 1696
300 1893
300 1895
301 557
301 652
301 749
301 881
301 1089
301 1176
301 1322
301 1389
301 1716
301 1765
301 1859
302 350
302 746
302 772
302 1347
302 1513
302 1550
302 1941
303 576
303 655
303 1360
303 1496
303 1579
303 1651
304 636
304 923
304 1220
304 1470
305 926
305 1102
305 1184
305 1205
305 1342
305 1369
305 1887
306 504
306 710
306 1136
306 1226
306 1642
307 458
307 493
307 786
307 833
307 1628
307 1865
308 512
308 775
308 788
308 1069
308 1411
308 1512
308 1578
308 1951
308 1961
309 344
309 647
309 981
309 1121
310 480
310 601
310 852
310 928
310 1270
310 1468
310 1547
310 1552
310 1946
311 408
311 450
311 1160
311 1672
312 707
312 845
312 1017
312 1144
312 1672
312 1945
313 1059
313 1515
314 739
314 923
314 1482
314 1713
315 538
315 909
316 1111
316 1281
316 1325
316 1460
317 754
317 1405
317 1925
317 1959
318 444
318 641
318 660
318 977
318 1461
318 1970
318 1995
319 645
319 794
319 806
319 897
319 1568
319 1793
319 1898
319 1981
320 345
320 651
320 879
320 1131
320 1256
320 1442
320 1684
320 1694
320 1763
321 605
321 882
321 1464
321 1518
321 1536
321 1702
321 1993
322 461
322 493
322 636
322 1025
322 1128
322 1380
323 386
323 459
323 535
323 836
323 1334
323 1591
323 1792
323 1833
323 1983
324 664
324 1092
324 1510
325 467
325 596
325 897
325 1237
326 500
326 612
326 1226
326 1534
326 1865
327 592
327 736
327 932
327 1134
328 751
328 1396
328 1426
328 1898
329 426
329 1179
329 1289
329 1405
329 1450
329 1925
330 646
330 749
330 770
330 1712
330 1749
330 1771
331 347
331 576
331 631
331 741
331 767
331 1008
331 1231
331 1949
331 1998
332 442
332 805
332 869
332 915
332 1145
332 1281
332 1575
332 1645
333 415
333 596
333 1092
333 1485
333 1826
333 1961
334 493
334 615
334 811
334 1032
334 1504
334 1532
334 1658
334 1815
335 705
335 987
335 1271
335 1767
335 1893
336 631
336 753
336 787
336 1143
336 1351
336 1526
336 1576
336 1783
337 520
337 654
337 1629
337 1802
337 1817
337 1893
338 862
338 1145
338 1656
338 1785
338 1866
339 577
339 669
339 1392
339 1469
339 1788
340 539
340 611
340 641
340 1130
340 1281
340 1305
340 1443
340 1579
340 1771
340 1961
340 1980
341 442
341 640
341 1110
341 1157
341 1478
341 1681
341 1715
341 1901
342 486
342 826
342 849
342 920
342 1401
342 1402
342 1887
343 711
343 891
343 1024
343 1168
343 1276
344 679
344 695
344 859
344 1348
344 1562
344 1657
344 1791
344 1839
345 368
345 464
345 590
345 1491
345 1780
345 1922
346 353
346 680
346 1710
347 402
347 725
347 727
347 760
347 834
347 924
347 1155
347 1347
348 507
348 712
348 876
348 1049
348 1260
348 1401
348 1656
349 496
349 723
349 1489
349 1559
349 1701
350 351
350 647
350 872
350 1564
350 1576
350 1611
350 1713
351 671
351 683
351 788
351 1027
351 1103
351 1425
351 1967
352 465
352 668
352 741
352 775
352 1170
352 1243
352 1937
353 603
353 701
353 1474
353 1529
354 795
354 1738
355 985
355 1275
355 1576
355 1742
355 1967
356 527
356 1049
356 1320
356 1335
356 1406
356 1563
356 1753
356 1769
357 433
357 472
357 607
357 609
357 630
357 697
357 1352
357 1606
357 1914
358 988
358 1371
358 1857
358 1903
358 1910
358 1922
359 361
359 481
359 1047
359 1098
359 1468
359 1656
359 1788
359 1796
360 577
360 630
360 1034
360 1232
360 1374
360 1382
360 1860
361 657
361 1174
361 1283
361 1302
361 1451
362 798
362 981
362 1040
362 1314
362 1758
362 1822
363 772
363 1453
363 1519
363 1922
363 1925
364 771
364 906
364 931
364 1096
364 1554
364 1794
365 1456
365 1907
366 436
366 634
366 712
366 985
366 1115
366 1320
366 1531
366 1592
366 1698
366 1733
367 370
367 410
367 630
367 875
367 989
367 1313
367 1437
367 1527
368 452
368 493
368 820
368 915
368 1193
368 1695
368 1765
368 1788
368 1976
368 1992
369 880
369 1135
369 1212
369 1634
369 1960
370 464
370 940
370 1059
370 1162
370 1381
370 1813
370 1925
371 570
371 1199
371 1311
371 1714
371 1915
372 947
372 1342
372 1500
372 1589
373 483
373 505
373 1950
374 694
374 723
374 1356
374 1530
375 607
375 612
375 727
375 1122
375 1131
375 1300
375 1373
375 1465
375 1694
375 1820
375 1844
376 490
376 520
376 575
376 786
376 1298
376 1899
377 658
377 818
377 907
377 1134
377 1490
377 1612
378 559
378 1111
378 1756
378 1946
379 554
379 600
379 1037
379 1180
379 1577
379 1623
380 418
380 1096
380 1115
380 1525
380 1565
381 728
381 784
381 1266
381 1360
381 1541
381 1781
381 1987
382 432
382 554
382 1076
382 1084
382 1156
382 1296
382 1703
383 796
383 1345
384 536
384 672
384 1236
384 1314
384 1622
384 1844
385 884
385 1240
385 1776
385 1924
385 1953
386 796
386 1257
386 1491
386 1921
387 574
387 898
387 948
387 1879
388 590
388 785
388 978
388 1009
388 1137
388 1258
389 473
389 805
389 949
389 1156
389 1443
389 1513
389 1589
389 1944
390 469
390 572
390 895
390 1179
390 1594
390 1720
390 1757
391 769
391 1156
391 1723
391 1733
391 1961
392 945
392 1269
392 1528
392 1563
392 1669
393 964
393 1778
394 916
394 1484
394 1699
395 594
395 890
395 1072
395 1219
395 1266
395 1570
395 1909
396 446
396 695
396 750
396 1103
396 1237
396 1947
397 687
397 752
397 872
397 1545
397 1554
397 1571
398 614
398 1521
398 1586
398 1941
399 1404
399 1486
400 541
400 587
400 594
400 770
400 799
400 1335
400 1489
400 1598
400 1633
401 577
401 796
401 1041
401 1141
401 1187
402 674
402 1239
402 1954
403 1006
404 599
404 735
404 1204
404 1382
404 1920
405 1294
405 1476
405 1539
405 1721
405 1837
406 662
406 825
406 857
406 1262
406 1578
406 1952
407 809
407 949
407 1000
407 1570
407 1902
408 1115
408 1146
408 1367
408 1501
409 521
409 1768
409 1867
410 493
410 496
410 657
410 889
410 923
410 1512
410 1862
411 588
411 591
411 685
411 1480
411 1879
412 1756
412 1959
413 1113
413 1387
413 1897
413 1962
413 1995
414 980
414 1251
415 433
415 499
415 509
415 668
415 740
415 838
415 934
415 964
415 1330
415 1706
415 1953
416 553
416 617
416 668
416 936
416 959
416 1117
416 1736
416 1996
417 593
417 1076
417 1485
417 1520
417 1902
417 1979
418 581
418 872
418 1128
418 1545
418 1963
419 807
419 884
419 930
419 975
419 1101
419 1660
419 1767
419 1890
420 822
420 1037
420 1494
420 1919
420 1958
421 665
421 839
421 949
421 1533
421 1680
421 1681
421 1808
422 436
422 535
422 804
422 1717
422 1964
423 978
423 1831
424 691
424 715
424 1033
424 1759
425 862
425 1154
425 1413
425 1943
426 863
426 1186
426 1241
426 1289
426 1418
426 1470
427 697
427 851
427 882
428 917
428 1198
428 1338
428 1498
428 1799
428 1827
428 1980
429 456
429 514
429 727
429 1025
429 1041
429 1231
429 1589
429 1646
429 1948
430 555
430 558
430 933
430 1223
431 522
431 573
431 779
431 797
431 1038
431 1655
432 593
432 973
432 1415
432 1510
432 1706
432 1917
433 1725
434 470
434 1540
434 1549
434 1564
435 515
435 584
435 829
435 1333
435 1384
435 1641
436 440
436 988
436 1198
436 1576
437 486
437 540
437 588
437 797
437 1595
437 1612
437 1772
438 666
438 1035
438 1274
439 620
439 1012
439 1092
439 1811
439 1941
440 477
440 523
440 690
440 981
440 1385
440 1688
441 538
441 908
441 1387
441 1742
442 839
442 1946
443 602
443 622
443 1103
443 1310
443 1630
443 1690
444 704
444 1432
444 1673
445 787
445 851
445 942
445 1028
445 1677
445 1753
445 1960
446 613
446 675
446 1032
446 1131
446 1446
446 1677
446 1761
447 1130
447 1227
447 1309
447 1516
447 1849
447 1953
447 1960
448 479
448 1122
448 1190
448 1439
448 1518
448 1520
448 1807
449 983
449 1426
449 1507
450 692
450 870
450 1338
451 469
451 663
451 686
451 731
451 1053
451 1141
451 1647
451 1701
452 640
452 1045
453 508
453 854
453 1173
453 1380
453 1604
453 1818
454 857
454 1065
454 1089
454 1172
454 1928
454 2000
455 767
455 1698
456 571
456 682
456 703
456 1254
456 1752
457 966
457 1055
457 1064
457 1083
457 1130
457 1502
457 1762
457 1977
458 817
458 902
458 1136
458 1191
458 1846
458 1851
459 924
459 1519
459 1693
459 1712
460 505
460 514
460 665
460 799
460 1184
460 1497
460 1758
460 1860
460 1955
461 778
461 1242
461 1791
462 1662
463 1433
463 1454
463 1614
464 783
464 1018
464 1036
464 1799
465 495
465 973
465 1065
465 1171
465 1278
466 877
466 1059
466 1117
466 1374
466 1843
467 682
467 717
467 742
467 865
467 1014
467 1137
467 1311
467 1391
467 1626
467 1900
468 544
468 651
468 797
468 1781
468 1901
469 902
469 926
469 1019
469 1103
469 1197
469 1284
469 1285
469 1997
470 501
470 619
470 684
470 868
470 1175
470 1202
470 1562
470 1851
471 1705
472 484
472 506
472 616
472 770
472 912
472 1557
472 1589
473 506
473 932
473 1206
473 1950
474 985
474 1131
474 1499
474 1626
474 1780
475 1230
475 1249
475 1288
476 818
476 882
476 1689
476 1994
477 824
477 949
477 1381
478 580
478 706
478 887
478 896
478 937
478 1093
478 1225
478 1300
478 1339
478 1731
479 540
479 1544
480 710
480 785
480 868
480 936
480 1979
481 555
481 797
481 956
481 1572
482 851
482 964
482 996
482 1216
482 1424
482 1623
483 758
483 1535
483 1705
483 1717
484 534
484 539
484 1321
485 1085
485 1470
486 542
486 751
486 803
486 1013
486 1914
486 1985
487 741
487 886
487 1355
487 1615
487 2000
488 718
488 749
488 790
488 898
488 1137
488 1261
488 1292
488 1442
488 1690
488 1704
488 1779
488 1894
489 1069
489 1433
489 1436
489 1828
490 565
490 1611
490 1649
490 1725
490 1897
490 1920
491 720
491 1000
491 1006
491 1864
492 534
492 1055
492 1111
492 1176
492 1349
492 1380
493 591
493 949
493 1298
493 1414
493 1627
494 641
494 794
494 1248
494 1321
494 1900
494 1997
495 496
495 1261
495 1610
495 1656
496 646
496 652
496 668
496 689
496 1631
496 1994
497 1011
497 1103
497 1411
497 1598
497 1778
497 1833
498 946
498 961
498 994
498 1722
498 1762
498 1957
499 994
499 1240
499 1252
499 1319
499 1580
499 1964
500 1076
500 1323
500 1348
500 1522
500 1542
500 1617
500 1680
501 559
501 909
502 797
502 1181
502 1226
502 1544
502 1595
502 1876
502 1924
503 980
503 1957
504 792
504 1068
504 1098
504 1512
504 1732
505 863
505 950
505 1141
505 1569
506 791
506 1673
506 1762
506 1906
506 1931
507 759
507 1045
507 1267
507 1397
508 560
508 881
508 1431
508 1511
508 1530
508 1790
508 1916
509 652
509 1199
509 1798
510 551
510 787
510 815
510 871
510 1274
510 1720
511 563
511 794
511 1231
511 1417
511 1570
511 1697
512 655
512 747
512 829
513 650
513 733
513 917
513 1449
513 1457
513 1690
513 1988
514 653
514 1286
514 1897
514 1940
515 571
515 675
515 767
515 1168
515 1183
515 1536
515 1542
515 1549
515 1645
515 1916
516 652
516 829
516 1563
517 936
517 1113
517 1295
517 1975
518 725
518 777
518 863
518 905
518 1074
518 1788
518 1893
519 712
519 1223
519 1423
519 1695
520 592
520 799
520 861
520 950
520 1132
520 1350
520 1821
521 1474
521 1659
522 1207
522 1381
522 1972
523 564
523 718
523 1118
523 1338
523 1526
524 661
524 833
524 1014
524 1239
524 1499
524 1608
525 935
525 938
525 1275
525 1616
525 1732
525 1774
526 578
526 1906
527 1465
527 1837
527 1869
527 1892
528 765
528 1254
528 1386
529 711
529 998
529 1072
529 1155
529 1247
529 1298
529 1338
530 723
530 767
530 1038
530 1087
530 1537
531 764
531 970
531 1168
531 1230
531 1249
531 1371
531 1589
531 1760
531 1877
531 1917
532 1015
532 1617
532 1760
533 550
533 849
533 1131
533 1219
533 1293
533 1336
533 1762
533 1866
533 1874
533 1935
534 1350
534 1860
535 698
535 962
535 1216
535 1350
535 1420
535 1703
535 1822
536 633
536 819
536 979
536 1018
536 1356
536 1646
536 1750
537 816
537 1257
537 1666
538 655
538 953
538 1317
538 1547
538 1622
539 588
539 1121
539 1541
539 1558
539 1595
539 1873
539 1928
540 593
540 1881
541 1464
541 1524
541 1736
541 1783
541 1903
541 1962
542 588
542 1117
542 1590
542 1602
542 1703
542 1784
542 1786
542 1830
543 624
543 641
543 849
543 873
543 1544
544 795
544 902
544 1268
544 1304
544 1886
544 1924
545 555
545 634
545 866
545 905
545 1000
545 1190
545 1211
545 1296
545 1390
545 1709
545 1943
546 1733
547 842
547 1102
547 1399
547 1742
548 599
548 707
548 1049
548 1991
549 649
549 684
549 1048
549 1506
549 1587
549 1749
549 1891
550 943
550 1516
550 1717
551 1259
551 1409
551 1543
551 1589
552 801
552 987
552 1158
553 1218
553 1357
553 1485
553 1930
554 618
554 746
554 1311
554 1802
554 1976
555 963
555 1209
555 1568
555 1911
555 1961
556 761
556 1447
556 1613
556 1928
557 1052
557 1306
557 1425
557 1688
558 1228
558 1390
558 1421
558 1478
558 1554
558 1791
558 1979
559 603
559 1553
559 1873
560 797
560 964
560 1253
560 1357
560 1363
561 677
561 892
561 1102
561 1671
561 1737
562 906
562 1318
562 1330
563 1108
563 1778
564 1020
564 1143
564 1261
564 1617
564 1690
564 1695
564 1857
565 790
565 1718
565 1770
565 1825
565 1828
565 1856
566 722
566 1137
567 817
567 896
567 1004
567 1466
567 1544
567 1882
568 993
568 1234
568 1625
569 880
569 904
569 1134
569 1185
569 1716
569 1851
570 691
570 822
570 992
570 1144
570 1383
571 721
571 1005
571 1199
571 1474
571 1525
571 1793
571 1876
572 786
572 870
572 1249
572 1708
573 653
573 781
573 814
573 851
573 946
573 1009
574 1381
575 673
575 1031
575 1229
575 1473
575 1617
575 1935
576 719
576 1125
576 1235
576 1243
576 1440
576 1586
576 1824
576 1949
577 743
577 1077
577 1110
577 1165
577 1457
578 727
578 791
578 881
578 1149
578 1259
578 1315
578 1943
578 1957
578 1998
579 813
579 862
579 1545
580 883
580 1070
580 1978
581 690
581 977
581 1215
581 1644
581 1712
581 1771
581 1969
582 1115
582 1681
582 1736
582 1737
582 1879
582 1929
583 637
583 704
583 788
584 891
584 1372
584 1537
584 1743
584 1941
585 862
585 1044
585 1238
585 1623
585 1669
585 1845
585 1914
586 682
586 703
586 708
586 1804
586 1972
587 653
587 689
587 1036
587 1554
587 1598
587 1649
588 704
588 1166
588 1289
588 1317
588 1480
588 1817
589 1044
589 1118
589 1580
590 606
590 619
590 802
590 849
590 1000
590 1091
590 1283
590 1451
590 1480
590 1570
590 1579
590 1608
590 1749
590 1868
592 614
592 769
592 842
592 1147
592 1621
592 1698
592 1867
592 1875
592 1955
593 722
593 1289
593 1380
593 1509
594 685
594 853
594 857
594 893
594 1088
594 1157
594 1576
594 1797
595 1338
595 1728
596 1500
596 1992
597 777
597 1127
597 1373
597 1466
597 1676
598 677
598 1045
598 1125
598 1585
598 1798
599 619
599 1177
599 1375
599 1463
599 1633
599 1700
600 615
600 628
600 957
600 1362
601 644
601 1227
601 1543
601 1876
601 1897
601 1948
602 842
602 1126
602 1222
602 1337
602 1618
602 1876
602 1908
602 1995
603 749
603 1055
603 1097
603 1187
603 1209
603 1240
603 1259
603 1571
603 1723
603 1725
603 1736
603 1893
604 859
604 1063
604 1337
604 1471
604 1500
605 774
605 923
605 1093
605 1352
605 1413
605 1910
606 796
606 1203
606 1314
606 1483
606 1501
606 1857
607 671
607 744
607 857
607 991
607 1132
607 1163
607 1192
607 1291
607 1598
607 1930
608 779
608 914
608 1327
608 1352
608 1898
609 650
609 1137
609 1336
609 1503
609 1694
609 1756
610 714
610 872
610 1088
610 1507
610 1835
610 1923
611 673
611 704
611 1123
611 1653
611 1684
612 782
612 1175
612 1180
612 1378
612 1486
612 1660
612 1741
613 1445
614 992
614 1036
614 1155
614 1488
615 1365
615 1690
616 1238
616 1422
616 1865
617 642
617 721
617 732
617 809
617 1998
618 897
618 1087
618 1506
618 1677
619 1436
619 1782
620 622
620 632
620 1284
620 1379
620 1902
621 1349
621 1814
622 755
622 859
622 1205
622 1423
622 1657
623 771
623 847
623 1250
623 1368
623 1392
624 787
624 1090
624 1236
624 1399
624 1402
624 1684
625 671
625 833
625 969
625 994
625 1008
625 1015
625 1240
625 1472
625 1489
625 1692
625 1780
625 1803
625 1866
626 817
626 1088
626 1189
626 1488
626 1549
626 1621
626 1935
627 632
627 782
627 858
627 866
627 1021
627 1166
628 685
628 717
628 1053
628 1070
628 1610
628 1913
629 797
629 824
629 980
629 1012
629 1172
630 662
630 864
630 887
630 1206
630 1343
630 1378
630 1738
630 1803
630 1830
630 1850
631 1081
631 1188
631 1306
631 1708
631 1938
632 679
632 766
632 1942
633 1067
633 1898
634 734
634 1112
634 1209
634 1478
635 1499
635 1675
636 893
636 1496
636 1583
636 1897
637 671
637 677
637 1422
638 1140
639 706
639 775
639 944
639 1039
639 1171
640 766
640 791
640 858
640 1135
640 1453
640 1569
641 826
641 1307
642 644
642 999
642 1165
643 1125
643 1592
643 1804
643 1918
644 938
644 1028
644 1496
644 1532
644 1578
644 1662
644 1868
644 1952
645 719
645 794
645 1302
645 1308
645 1931
646 683
646 810
646 931
646 935
646 1093
646 1178
647 815
647 993
647 1463
648 683
648 1218
648 1262
648 1377
648 1495
648 1894
648 1947
649 870
649 979
649 1460
649 1465
650 800
650 1115
650 1189
650 1334
650 1777
651 1176
651 1223
651 1242
651 1756
651 1850
652 654
652 726
652 898
652 1923
653 908
653 1626
653 1855
653 1963
654 1508
654 1607
654 1761
655 872
655 1172
655 1283
655 1664
655 1885
656 766
656 1087
656 1119
656 1306
656 1447
656 1804
657 682
657 713
657 1149
657 1313
657 1449
658 730
658 756
658 1066
658 1406
658 1517
658 1558
658 1867
659 660
659 1000
659 1159
659 1447
659 1490
659 1772
660 824
660 887
660 1481
660 1579
660 1603
660 1708
660 1838
660 1909
661 664
661 826
661 1347
661 1816
662 1240
662 1282
663 989
663 1075
663 1551
663 1737
663 1745
664 1243
664 1733
665 1179
665 1375
665 1635
665 1781
665 1835
666 753
666 1270
666 1305
666 1443
666 1773
667 865
667 1391
667 1641
667 1906
668 1204
668 1273
668 1280
668 1450
668 1598
668 1604
668 1860
668 1914
669 996
669 1107
669 1285
669 1532
670 1503
670 1583
670 1700
670 1702
671 805
671 1080
671 1240
671 1612
671 1933
672 783
672 1005
672 1685
673 958
673 1717
673 1754
673 1922
674 1114
674 1414
674 1484
675 931
675 1244
675 1499
675 1738
675 1802
676 829
676 1059
676 1159
676 1180
676 1221
676 1343
676 1352
676 1495
676 1623
677 1167
677 1541
677 1601
678 1226
679 1093
679 1393
679 1884
680 1066
680 1151
680 1720
680 1900
681 715
681 956
681 1055
681 1557
681 1790
681 1840
682 744
682 1223
682 1814
683 830
683 877
683 929
683 1129
683 1204
683 1758
684 1263
684 1641
685 817
685 1339
686 1359
686 1447
687 1816
688 868
688 925
688 993
688 1023
688 1221
688 1506
689 1085
689 1210
689 1251
689 1325
689 1516
689 1668
689 1753
689 1915
690 1523
690 1583
690 1603
690 1800
690 1925
691 755
691 1251
691 1653
691 1849
692 1290
692 1796
692 1944
693 1121
694 1005
694 1329
694 1687
694 1717
695 1088
695 1897
696 922
696 1238
696 1336
696 1345
697 732
697 1095
697 1285
697 1727
697 1926
697 1929
698 1111
698 1402
698 1488
698 1973
699 703
699 799
699 894
699 965
699 1754
700 799
700 1565
700 1878
702 743
702 753
702 1360
702 1513
703 811
703 981
703 1169
703 1894
704 727
704 963
704 1029
704 1198
705 888
705 983
705 1363
705 1565
705 1728
706 889
706 1034
706 1234
706 1555
706 1632
706 1831
707 1361
707 1526
707 1727
707 1891
708 1248
708 1754
709 726
709 884
709 968
709 1306
709 1353
709 1718
710 771
710 1256
710 1396
711 1093
711 1127
711 1269
711 1273
711 1485
711 1754
711 1883
711 1931
712 864
712 1039
712 1293
713 1141
713 1330
714 906
714 1125
714 1204
714 1628
714 1900
715 1410
715 1682
715 1708
716 1309
716 1428
716 1683
717 725
717 1228
717 1583
718 797
718 918
718 1047
718 1203
718 1478
718 1525
718 1603
719 999
719 1155
719 1248
719 1501
719 1692
719 1698
719 1703
719 1797
720 948
720 1394
720 1435
720 1489
720 1655
720 1850
721 1015
721 1019
721 1130
721 1174
722 798
722 960
722 1042
723 746
723 765
723 816
723 1809
724 1604
724 1717
725 840
725 1595
725 1732
725 1904
726 949
726 1185
726 1296
726 1986
727 925
727 1074
727 1308
727 1729
727 1867
728 1243
728 1886
729 976
729 1083
729 1566
730 1231
731 1275
731 1279
731 1384
731 1493
732 741
732 769
732 977
732 1095
733 850
733 1259
733 1322
733 1647
734 1281
734 1310
734 1773
735 862
735 1084
735 1205
735 1483
735 1754
736 1166
736 1707
737 1332
737 1349
737 1646
737 1953
738 1038
738 1422
738 1478
738 1484
738 1632
738 1642
738 1840
739 1234
739 1313
740 989
740 1597
741 1083
741 1200
741 1222
741 1280
741 1539
742 878
742 1207
743 804
743 972
743 1107
743 1408
743 1596
743 1696
743 1883
744 1212
744 1276
744 1836
744 1927
745 905
745 991
745 1580
745 1714
746 962
746 1071
747 1047
747 1294
747 1784
747 1901
748 776
748 1830
748 1924
749 960
749 1158
749 1220
749 1265
749 1639
749 1856
750 1097
750 1256
750 1475
750 1865
750 1938
751 1058
751 1213
751 1282
751 1488
751 1820
751 1965
752 897
752 1317
752 1855
753 760
753 919
753 1428
753 1809
753 1870
753 1947
754 944
754 1028
754 1113
755 882
755 1184
755 1214
756 826
756 977
756 1037
756 1297
756 1723
757 824
757 837
757 1478
758 897
758 1005
758 1068
758 1456
759 789
759 821
759 826
759 1382
759 1508
759 1691
760 959
760 1005
760 1006
760 1094
760 1165
760 1277
760 1528
760 1591
760 1920
761 833
761 1096
761 1487
761 1705
761 1888
762 987
762 1054
762 1436
762 1554
762 1816
762 1996
763 896
763 1336
763 1659
763 1836
764 832
764 932
764 1055
764 1793
765 769
765 949
765 1715
765 1977
766 1160
766 1320
766 1466
766 1620
766 1629
767 800
767 813
767 843
767 875
767 1138
767 1252
767 1288
768 1070
768 1886
769 1247
769 1596
769 1693
769 1837
770 857
770 1203
770 1555
770 1631
771 861
771 1730
772 1298
772 1380
772 1564
772 1737
772 1863
772 1978
773 898
773 1224
774 777
774 1263
774 1424
775 1197
775 1209
775 1295
775 1456
775 1658
776 1330
776 1449
776 1596
776 1611
776 1800
776 1989
777 835
777 978
777 1020
777 1163
777 1722
777 1981
778 1043
778 1046
778 1477
778 1509
779 1270
779 1783
780 1112
780 1264
780 1678
780 1951
781 800
781 1324
781 1362
781 1566
781 1630
782 1630
782 1771
782 1832
782 1908
783 1513
783 1554
783 1703
783 1950
785 897
785 944
785 974
785 1065
785 1318
785 1357
785 1686
785 1713
785 1906
785 1939
785 1977
786 811
786 986
786 1218
786 1534
786 1889
787 823
787 975
787 988
787 1115
787 1503
787 1705
788 1466
788 1667
789 1283
789 1285
789 1459
789 1904
790 898
790 1203
790 1584
790 1639
790 1833
791 813
791 847
791 1506
791 1924
792 834
792 1007
792 1090
792 1281
792 1314
792 1409
792 1541
792 1556
792 1746
792 1952
793 845
793 1647
793 1826
793 1900
793 1918
793 1932
794 839
794 922
794 928
794 1176
794 1908
795 1577
795 1690
795 1735
795 1850
796 919
796 1205
797 951
797 1540
797 1986
798 909
798 1136
798 1711
798 1768
799 887
799 900
799 1459
799 1547
799 1665
800 853
800 1218
800 1844
800 1850
801 1024
801 1169
801 1456
801 1762
802 1282
802 1361
802 1448
802 1567
802 1722
802 1917
803 963
803 1449
804 1051
804 1117
804 1639
804 1811
805 1690
806 873
806 906
806 944
806 1202
807 999
807 1437
807 1594
807 1696
807 1800
808 1424
808 1812
808 1968
809 1053
809 1197
809 1281
809 1459
809 1740
809 1975
810 960
810 1303
810 1673
810 1807
811 839
811 1028
811 1364
811 1474
811 1951
812 1039
812 1213
812 1325
812 1753
812 1806
813 1396
813 1473
813 1567
813 1718
814 829
814 1267
815 1299
815 1584
815 1867
816 860
816 1524
816 1718
817 1462
817 1964
818 947
818 963
818 1423
818 1435
818 1583
818 1674
818 1981
819 1164
819 1796
820 987
820 1245
820 1305
820 1693
820 1774
820 1940
820 1980
821 1532
821 1551
821 1773
822 944
822 1219
823 1742
824 840
824 993
824 1058
824 1205
824 1283
824 1602
824 1778
824 1785
824 1913
825 1707
825 1712
825 1804
826 1319
826 1326
826 1742
826 1760
826 1781
827 855
827 1042
827 1709
828 859
828 900
828 1080
828 1118
828 1160
828 1580
828 1877
828 1889
829 901
829 1752
829 1803
830 1008
830 1069
830 1070
831 915
831 968
831 1975
832 1378
832 1787
833 878
833 931
833 963
833 1267
833 1438
833 1469
833 1733
834 1086
834 1695
834 1853
835 1055
835 1449
836 891
836 1307
836 1336
836 1615
836 1853
837 1419
837 1718
837 1997
838 1174
838 1351
838 1956
839 1808
839 1825
839 1942
839 1944
840 1040
840 1143
840 1263
841 1023
841 1126
841 1227
841 1250
841 1386
841 1825
842 1340
842 1500
843 1011
843 1256
843 1527
843 1898
844 862
844 956
845 1147
845 1353
845 1504
845 1596
845 1707
845 1792
846 1026
846 1104
846 1133
846 1354
846 1480
846 1630
846 1969
847 1452
848 870
848 971
848 1065
848 1113
848 1190
848 1557
848 1868
849 888
849 938
849 1254
849 1443
849 1576
849 1835
850 892
850 1300
850 1516
850 1742
851 881
851 984
851 1414
851 1773
851 1883
851 1905
852 1105
852 1870
853 1209
853 1651
854 1281
854 1620
854 1692
854 1788
854 1970
855 870
855 1653
855 1682
855 1698
855 1983
856 880
856 889
857 1099
857 1190
857 1237
857 1263
857 1325
857 1430
857 1750
857 1985
858 1279
858 1479
858 1519
858 1969
859 1958
860 980
860 1364
860 1388
860 1523
861 889
861 1036
861 1579
861 1702
862 971
862 983
862 1007
862 1038
862 1197
862 1237
862 1276
862 1340
862 1422
862 1705
862 1928
863 974
864 2000
865 1024
865 1738
866 1471
866 1474
866 1886
866 1949
867 1267
867 1331
867 1521
867 1559
867 1945
868 1318
868 1331
868 1896
869 1014
869 1459
869 1864
870 948
870 1630
870 1900
870 1903
870 1935
871 1123
871 1167
871 1320
871 1382
871 1416
871 1954
872 1331
872 1377
872 1989
873 1189
874 1184
874 1277
874 1449
874 1635
874 1692
874 1734
875 889
875 992
875 1181
875 1643
875 1646
875 1705
875 1919
876 1453
876 1592
876 1812
876 1860
876 1999
877 884
877 954
877 1088
877 1197
877 1394
877 1433
878 1041
878 1293
878 1605
878 1719
878 1848
879 1270
879 1613
879 1961
880 1447
880 1508
880 1662
881 886
881 960
881 1726
881 1796
882 1196
883 1094
883 1541
883 1605
883 1902
884 1055
884 1376
884 1456
884 1728
884 1749
884 1806
884 1981
885 1088
885 1512
885 1574
886 1510
886 1555
886 1724
886 1801
886 1846
887 1005
887 1932
888 1400
888 1811
888 1864
889 1503
889 1857
890 1085
892 1324
892 1865
892 1872
892 1977
893 1069
893 1449
894 1010
894 1759
894 1919
895 1576
895 1626
896 906
896 1002
896 1012
896 1157
896 1351
896 1408
896 1485
897 1114
897 1818
897 1835
897 1982
898 1000
898 1211
898 1359
899 954
899 1109
899 1139
899 1454
899 1701
899 1988
901 951
901 1935
902 1604
903 1050
903 1082
903 1128
903 1346
903 1347
903 1445
903 1858
904 1134
904 1796
904 1874
905 1120
905 1628
906 1042
906 1399
906 1522
907 1213
907 1353
907 1384
907 1601
907 1790
907 1976
908 1519
908 1716
908 1869
909 1015
909 1084
909 1098
909 1392
909 1524
909 1952
911 1072
911 1304
911 1961
912 923
912 1236
912 1243
912 1264
912 1434
912 1655
912 1658
912 1960
913 949
913 1285
913 1382
913 1510
913 1692
914 1243
914 1388
915 1503
915 1527
915 1995
916 940
916 963
916 1025
916 1563
917 924
917 1009
917 1270
917 1777
917 1810
918 955
918 1675
918 1700
918 1766
918 1995
919 1385
919 1745
919 1765
920 935
920 989
920 1067
920 1319
920 1395
920 1434
920 1576
920 1893
921 1060
921 1193
921 1320
921 1457
921 1816
921 1865
922 980
922 1239
922 1687
923 1022
923 1223
923 1597
923 1695
923 1894
923 1927
924 1095
925 1149
925 1655
925 1805
925 1953
926 949
926 1404
926 1606
926 1845
927 1023
927 1189
927 1196
927 1996
928 1336
928 1857
929 1602
930 1341
932 937
932 1962
933 1125
933 1752
934 1118
934 1376
934 1632
935 1062
935 1181
936 1418
936 1577
936 1595
936 1687
936 1795
936 1807
936 1980
937 982
937 993
937 1272
937 1345
937 1473
937 1529
938 1229
938 1674
938 1778
939 1114
939 1286
939 1329
939 1670
939 1955
940 951
940 1014
940 1596
940 1694
940 1855
941 962
941 1128
941 1213
941 1471
941 1474
941 1601
941 1651
942 973
942 1346
943 1114
943 1130
943 1149
943 1233
943 1398
943 1992
944 1119
944 1286
944 1298
944 1406
944 1509
944 1958
945 1355
945 1418
945 1513
945 1731
945 1865
945 1948
945 1951
947 1045
947 1161
947 1462
947 1574
947 1752
947 1813
948 949
948 1225
948 1252
948 1472
949 1321
949 1515
950 1147
950 1247
950 1493
950 1806
951 1027
951 1422
951 1673
952 961
952 1540
952 1614
952 1833
953 1487
954 1063
954 1185
954 1285
954 1377
954 1457
954 1956
955 958
955 1101
955 1542
955 1564
955 1608
955 1901
956 1233
956 1840
956 1912
957 987
957 1221
958 986
958 1555
958 1661
958 1897
959 1005
959 1238
959 1489
960 1052
960 1104
960 1172
960 1298
960 1621
961 1057
961 1092
961 1167
961 1792
961 1869
962 1190
962 1194
962 1498
962 1535
962 1568
962 1728
963 988
963 1046
963 1147
963 1402
963 1509
963 1707
964 1072
964 1235
964 1561
964 1595
964 1956
965 1556
966 1201
966 1624
966 1747
966 1910
967 1003
967 1464
967 1588
967 1598
967 1662
968 1148
969 1228
969 1250
969 1294
969 1621
970 1024
970 1205
970 1710
970 1816
970 1971
971 1142
971 1529
971 1533
971 1542
971 1607
971 1648
971 1650
972 1322
972 1328
972 1477
972 1713
972 1987
973 1575
973 1635
973 1789
973 1994
974 1005
974 1012
974 1050
974 1155
974 1159
974 1172
974 1324
974 1326
974 1353
974 1542
974 1607
974 1891
974 1915
975 1086
975 1095
975 1333
975 1620
975 1752
976 1006
977 993
977 1296
977 1509
977 1542
977 1664
977 1883
977 1954
978 1981
979 1110
979 1327
979 1333
979 1340
979 1879
980 1053
980 1383
980 1684
981 1023
981 1374
981 1791
981 1960
982 1449
982 1484
982 1845
982 1916
982 1960
983 1127
983 1733
984 1469
984 1946
985 1084
985 1117
985 1175
985 1434
985 1615
985 1637
985 1850
986 1121
986 1762
986 1988
987 1056
988 1154
988 1183
988 1338
988 1744
988 1830
989 1205
989 1813
989 1816
990 1654
991 1314
991 1429
991 1611
992 1678
992 1811
993 1122
993 1369
993 1766
993 1859
994 1552
994 1802
994 1897
994 1945
995 1433
995 1961
996 1076
996 1305
996 1355
996 1373
996 1879
997 1029
997 1350
998 1272
998 1288
998 1458
998 1821
998 1993
999 1078
999 1088
999 1423
999 1748
999 1828
1000 1656
1000 1779
1001 1645
1001 1722
1001 1822
1002 1312
1002 1325
1002 1529
1002 1785
1003 1159
1003 1411
1003 1482
1003 1702
1003 1799
1004 1235
1004 1248
1004 1352
1004 1477
1004 1673
1004 1942
1005 1133
1005 1412
1005 1464
1005 1594
1005 1958
1006 1048
1006 1422
1006 1641
1006 1912
1007 1322
1007 1526
1007 1588
1008 1302
1008 1304
1008 1345
1008 1461
1008 1826
1008 1888
1009 1054
1009 1601
1009 1875
1009 1992
1010 1200
1010 1259
1010 1535
1010 1919
1011 1237
1011 1631
1011 1651
1011 1977
1012 1467
1012 1535
1012 1579
1012 1922
1013 1072
1013 1127
1013 1138
1013 1186
1013 1216
1013 1320
1013 1873
1013 1997
1014 1758
1014 1954
1015 1373
1015 1463
1015 1706
1016 1719
1017 1079
1017 1175
1017 1380
1017 1456
1017 1681
1018 1059
1018 1099
1018 1305
1018 1314
1018 1649
1018 1672
1018 1985
1019 1724
1019 1856
1019 1941
1020 1339
1020 1341
1020 1590
1021 1172
1021 1200
1021 1456
1021 1578
1022 1247
1022 1284
1022 1332
1022 1462
1022 1704
1022 1706
1022 1861
1023 1354
1023 1623
1023 1754
1023 1773
1024 1676
1025 1052
1025 1235
1025 1237
1025 1561
1026 1124
1026 1297
1026 1371
1026 1454
1026 1823
1026 1934
1028 1341
1028 1532
1028 1648
1028 1747
1028 1751
1029 1388
1029 1673
1030 1618
1030 1750
1030 1951
1030 1973
1031 1054
1031 1443
1031 1567
1031 1696
1032 1194
1032 1317
1033 1229
1033 1306
1033 1732
1034 1436
1034 1541
1034 1632
1034 1833
1034 1870
1034 1980
1035 1162
1035 1371
1035 1982
1035 1990
1036 1038
1036 1292
1036 1348
1036 1352
1036 1874
1037 1068
1037 1747
1038 1078
1038 1080
1038 1170
1038 1599
1038 1854
1039 1282
1039 1575
1039 1600
1039 1661
1039 1887
1040 1111
1040 1165
1040 1926
1041 1172
1041 1329
1041 1369
1041 1417
1041 1993
1042 1471
1042 1620
1042 1920
1043 1206
1043 1495
1043 1866
1044 1101
1045 1198
1045 1628
1045 1851
1045 1905
1046 1233
1046 1281
1046 1365
1046 1512
1047 1132
1047 1294
1047 1388
1047 1439
1047 1734
1047 1864
1048 1174
1048 1339
1048 1341
1048 1579
1048 1608
1048 1677
1048 1744
1048 1820
1049 1643
1050 1301
1050 1357
1051 1154
1051 1409
1051 1727
1052 1240
1052 1335
1052 1842
1052 1931
1053 1242
1053 1259
1053 1435
1053 1930
1054 1350
1054 1410
1054 1696
1054 1858
1054 1949
1055 1187
1055 1245
1055 1610
1056 1293
1056 1732
1056 1940
1057 1764
1057 1998
1057 2000
1058 1823
1059 1140
1059 1203
1059 1416
1060 1291
1060 1376
1060 1478
1060 1770
1060 1810
1060 1960
1061 1583
1061 1698
1061 1954
1062 1656
1062 1865
1063 1291
1063 1298
1063 1307
1064 1148
1064 1335
1064 1740
1064 1891
1064 1932
1065 1149
1065 1371
1065 1384
1065 1494
1065 1659
1066 1612
1068 1449
1069 1334
1069 1530
1069 1542
1069 1975
1070 1165
1071 1128
1071 1274
1071 1812
1071 1819
1072 1110
1072 1331
1072 1460
1072 1571
1072 1752
1072 1843
1073 1228
1073 1241
1073 1483
1073 1825
1073 1865
1073 1976
1074 1317
1074 1584
1074 1708
1075 1456
1076 1351
1076 1609
1076 1823
1077 1295
1077 1381
1078 1168
1078 1235
1078 1575
1079 1149
1079 1474
1079 1520
1079 1587
1079 1623
1079 1650
1079 1843
1080 1139
1080 1690
1081 1223
1082 1401
1082 1734
1082 1778
1083 1298
1083 1766
1083 1860
1084 1597
1084 1771
1084 1802
1085 1332
1086 1152
1086 1678
1086 1720
1087 1101
1087 1160
1087 1726
1087 1937
1088 1424
1088 1564
1090 1718
1090 1751
1091 1122
1091 1252
1091 1281
1091 1921
1091 1993
1092 1236
1092 1675
1092 1743
1093 1240
1093 1265
1093 1395
1093 1562
1094 1288
1094 1316
1094 1406
1094 1554
1095 1122
1096 1208
1096 1584
1096 1757
1097 1265
1097 1287
1097 1292
1097 1841
1098 1576
1098 1658
1098 1851
1099 1850
1100 1344
1100 1362
1100 1698
1100 1834
1100 1849
1100 1980
1100 1984
1101 1235
1101 1459
1102 1242
1102 1535
1102 1570
1102 1844
1103 1657
1103 1849
1104 1324
1104 1427
1104 1560
1105 1592
1107 1137
1107 1374
1107 1780
1108 1303
1108 1799
1108 1825
1109 1239
1110 1851
1110 1879
1111 1711
1112 1375
1112 1564
1112 1683
1112 1727
1112 1901
1113 1396
1113 1763
1114 1513
1115 1485
1115 1942
1116 1683
1117 1192
1117 1291
1118 1715
1118 1834
1118 1909
1119 1123
1119 1222
1119 1399
1120 1399
1120 1666
1121 1891
1122 1312
1122 1907
1123 1495
1123 1579
1123 1932
1124 1545
1124 1680
1124 1747
1124 1853
1124 1889
1125 1162
1125 1663
1125 1894
1126 1265
1126 1500
1126 1630
1126 1772
1127 1295
1127 1667
1127 1925
1128 1204
1128 1460
1128 1707
1129 1748
1130 1158
1130 1310
1130 1385
1130 1734
1130 1792
1130 1836
1130 1869
1131 1361
1131 1429
1131 1680
1132 1451
1132 1584
1132 1785
1133 1373
1133 1863
1133 1971
1134 1504
1134 1810
1134 1943
1135 1230
1135 1257
1135 1305
1135 1438
1135 1468
1136 1213
1136 1645
1136 1663
1136 1840
1137 1204
1137 1685
1138 1358
1139 1991
1140 1277
1140 1628
1141 1475
1141 1794
1141 1866
1141 1876
1142 1625
1142 1694
1142 1771
1143 1224
1143 1253
1143 1501
1143 1505
1144 1394
1144 1472
1144 1665
1144 1898
1144 1932
1145 1401
1145 1637
1146 1397
1146 1599
1146 1623
1147 1236
1147 1240
1147 1345
1148 1362
1148 1531
1149 1232
1149 1524
1150 1341
1150 1352
1150 1423
1150 1910
1151 1405
1152 1606
1152 1870
1152 1878
1153 1235
1153 1355
1153 1381
1154 1190
1154 1375
1154 1504
1154 1611
1154 1673
1154 1866
1155 1801
1156 1331
1156 1659
1156 1809
1157 1446
1157 1786
1157 1895
1158 1280
1158 1371
1158 1800
1159 1202
1159 1236
1159 1382
1159 1910
1160 1195
1160 1443
1160 1534
1160 1977
1161 1276
1161 1491
1161 1677
1162 1167
1162 1285
1162 1766
1162 1774
1162 1814
1163 1672
1163 1973
1164 1167
1164 1196
1164 1895
1165 1615
1166 1181
1166 1210
1166 1215
1167 1361
1167 1750
1168 1363
1168 1467
1168 1514
1169 1298
1169 1553
1170 1202
1170 1372
1170 1890
1171 1226
1171 1637
1171 1761
1171 1785
1171 1897
1172 1218
1172 1501
1172 1879
1173 1329
1173 1471
1173 1481
1173 1807
1173 1925
1174 1235
1174 1530
1175 1378
1175 1392
1175 1813
1175 1969
1175 1972
1176 1380
1176 1440
1176 1736
1176 1830
1176 1833
1177 1236
1177 1876
1177 1899
1178 1472
1178 1484
1178 1811
1178 1942
1180 1335
1180 1395
1180 1598
1180 1754
1181 1596
1181 1699
1182 1470
1182 1669
1182 1726
1182 1895
1182 1896
1183 1233
1183 1288
1183 1440
1184 1196
1184 1354
1185 1428
1185 1607
1185 1687
1185 1856
1186 1485
1186 1821
1187 1599
1187 1930
1187 1942
1188 1218
1188 1617
1189 1284
1189 1380
1189 1432
1189 1529
1189 1648
1189 1651
1190 1191
1190 1386
1192 1263
1192 1905
1193 1526
1193 1660
1194 1352
1194 1811
1195 1489
1195 1647
1196 1561
1196 1681
1197 1237
1197 1312
1197 1870
1198 1216
1198 1257
1198 1285
1198 1533
1198 1618
1198 1713
1199 1204
1199 1689
1199 1701
1201 1234
1201 1587
1201 1850
1202 1397
1202 1886
1202 1911
1203 1242
1205 1594
1205 1620
1205 1637
1206 1278
1206 1770
1207 1495
1207 1512
1207 1574
1207 1798
1207 1822
1208 1424
1208 1517
1209 1714
1209 1827
1210 1464
1210 1508
1210 1559
1210 1606
1210 1937
1211 1740
1212 1244
1212 1311
1212 1474
1212 1479
1212 1638
1213 1350
1213 1564
1213 1725
1213 1814
1214 1662
1214 1878
1214 1905
1215 1737
1216 1488
1216 1506
1216 1906
1217 1388
1217 1786
1217 1990
1218 1721
1219 1531
1219 1538
1219 1549
1219 1604
1219 1718
1219 1772
1219 1785
1220 1790
1220 1851
1221 1630
1221 1735
1222 1532
1222 1574
1222 1644
1222 1732
1223 1261
1223 1272
1224 1984
1226 1410
1226 1541
1226 1861
1227 1671
1228 1641
1228 1724
1228 1872
1228 1917
1228 1934
1228 1975
1229 1386
1229 1526
1229 1828
1229 1856
1230 1805
1230 1998
1231 1245
1231 1882
1231 1907
1232 1549
1232 1579
1232 1645
1232 1732
1232 1817
1233 1298
1233 1352
1234 1254
1234 1295
1234 1297
1235 1343
1235 1477
1235 1672
1236 1336
1236 1816
1236 1931
1237 1722
1237 1926
1237 1983
1238 1538
1239 1281
1239 1724
1239 1995
1240 1285
1240 1417
1240 1645
1240 1661
1240 1705
1241 1251
1243 1260
1243 1270
1244 1446
1244 1514
1244 1739
1244 1893
1245 1544
1245 1563
1246 1467
1246 1982
1246 2000
1248 1688
1249 1461
1250 1432
1250 1603
1250 1644
1250 1710
1251 1800
1252 1593
1252 1701
1253 1607
1253 1708
1253 1857
1253 1990
1254 1374
1256 1458
1256 1797
1256 1819
1256 1823
1257 1373
1257 1422
1257 1449
1257 1916
1258 1710
1258 1743
1259 1336
1260 1274
1260 1837
1261 1864
1262 1304
1262 1584
1262 1787
1263 1364
1263 1709
1263 1786
1263 1868
1264 1287
1264 1310
1264 1526
1264 1780
1264 1991
1265 1284
1265 1405
1265 1783
1266 1473
1266 1605
1266 1856
1267 1878
1269 1289
1269 1295
1269 1388
1269 1527
1269 1764
1269 1942
1270 1552
1270 1632
1270 1835
1271 1313
1271 1444
1272 1406
1272 1411
1273 1395
1273 1931
1274 1392
1274 1703
1275 1300
1275 1839
1276 1711
1276 1786
1276 1974
1278 1295
1278 1409
1278 1886
1279 1477
1280 1635
1280 1781
1280 1900
1281 1834
1282 1400
1284 1393
1284 1542
1284 1738
1284 1766
1284 1798
1285 1579
1285 1884
1285 1927
1287 1759
1288 1624
1288 1807
1288 1818
1288 1887
1288 1993
1290 1641
1291 1824
1292 1751
1293 1304
1293 1357
1293 1551
1294 1483
1295 1367
1295 1646
1295 1701
1295 1768
1295 1894
1295 1923
1297 1452
1298 1669
1299 1476
1299 1620
1299 1771
1299 1853
1299 1975
1300 1381
1301 1536
1301 1593
1301 1683
1302 1458
1302 1463
1302 1508
1304 1383
1304 1457
1304 1984
1305 1670
1305 1865
1305 1876
1306 1610
1306 1923
1307 1655
1308 1412
1308 1450
1309 1607
1309 1633
1309 1937
1309 1943
1310 1482
1310 1636
1311 1437
1312 1427
1312 1681
1312 1742
1312 1910
1313 1333
1313 1423
1313 1431
1313 1591
1313 1653
1313 1689
1313 1780
1314 1717
1314 1877
1314 1982
1315 1715
1315 1821
1315 1919
1316 1725
1317 1368
1317 1535
1317 1770
1317 1828
1318 1684
1318 1793
1318 1814
1318 1942
1319 1362
1319 1831
1320 1370
1320 1427
1320 1463
1322 1706
1322 1811
1323 1445
1323 1495
1323 1525
1323 1546
1323 1625
1323 1757
1324 1993
1325 1663
1325 1972
1328 1501
1328 1609
1329 1533
1330 1373
1330 1665
1330 1710
1330 1748
1330 1766
1331 1360
1331 1500
1331 1832
1331 2000
1333 1742
1333 1762
1333 1797
1335 1675
1335 1718
1335 1890
1335 1898
1337 1745
1338 1879
1339 1468
1340 1576
1341 1607
1342 1479
1342 1572
1343 1522
1345 1349
1345 1674
1345 1726
1345 1735
1345 1830
1346 1740
1347 1723
1348 1439
1348 1509
1348 1683
1349 1488
1350 1849
1350 1887
1351 1626
1351 1792
1352 1398
1353 1435
1353 1803
1353 1826
1354 1718
1355 1617
1355 1929
1356 1433
1356 1661
1356 1732
1358 1363
1358 1374
1358 1784
1358 1967
1359 1368
1359 1463
1359 1484
1359 1726
1359 1798
1359 1983
1360 1457
1360 1486
1360 1744
1360 1760
1360 1845
1361 1400
1361 1528
1361 1584
1361 1729
1361 1992
1362 1591
1362 1842
1363 1458
1363 1854
1364 1848
1364 1857
1365 1525
1365 1711
1365 1783
1366 1768
1367 1507
1367 1552
1367 1609
1367 1968
1367 1979
1368 1440
1368 1913
1369 1487
1369 1543
1369 1686
1370 1948
1370 1989
1371 1969
1372 1394
1372 1422
1372 1751
1373 1742
1373 1985
1374 1785
1374 1911
1375 1525
1376 1559
1376 1835
1377 1388
1377 1649
1377 1819
1378 1584
1378 1938
1378 1948
1379 1490
1379 1498
1379 1536
1379 1808
1380 1538
1380 1664
1380 1828
1382 1819
1383 1459
1383 1517
1384 1932
1386 1613
1386 1734
1386 1885
1386 1954
1387 1462
1387 1574
1388 1395
1388 1611
1388 1814
1388 1979
1389 1590
1390 1772
1390 1996
1391 1696
1391 1825
1391 1917
1392 1643
1393 1482
1393 1916
1394 1763
1395 1465
1395 1828
1397 1590
1397 1621
1397 1956
1398 1720
1398 1972
1399 1429
1399 1551
1399 1691
1399 1841
1400 1734
1400 1850
1401 1821
1401 1869
1402 1435
1402 1631
1403 1451
1403 1516
1403 1523
1403 1809
1404 1490
1404 1790
1405 1586
1405 1898
1406 1433
1406 1543
1406 1702
1406 1984
1407 1684
1407 1787
1409 1581
1409 1716
1409 1892
1410 1651
1410 1718
1411 1504
1411 1624
1411 1781
1412 1578
1414 1925
1415 1719
1415 1796
1415 1849
1416 1648
1417 1597
1417 1610
1417 1879
1418 1576
1418 1760
1418 1822
1418 1949
1419 1423
1419 1819
1419 1980
1419 1993
1421 1466
1421 1507
1421 1891
1421 1995
1422 1744
1423 1594
1423 1808
1424 1641
1424 1894
1426 1706
1426 1766
1426 1883
1426 1890
1427 1458
1427 1667
1427 1735
1427 1847
1427 1960
1428 1725
1429 1442
1429 1508
1430 1919
1431 1447
1431 1997
1432 1438
1432 1489
1432 1568
1432 1586
1432 1603
1432 1809
1432 1891
1433 1587
1433 1625
1433 1757
1433 1814
1434 1863
1434 1900
1435 1641
1435 1801
1437 1490
1437 1699
1438 1591
1438 1688
1438 1704
1438 1989
1440 1655
1440 1758
1441 1553
1442 1891
1442 1960
1443 1992
1444 1617
1444 1653
1444 1669
1444 1849
1444 1879
1445 1513
1446 1658
1447 1474
1447 1834
1447 1931
1448 1525
1449 1589
1449 1848
1449 1877
1450 1534
1450 1820
1451 1482
1451 1499
1452 1796
1453 1798
1454 1624
1456 1904
1456 1996
1457 1494
1457 1821
1457 1976
1459 1473
1459 1542
1459 1975
1460 1555
1460 1794
1460 1831
1461 1524
1461 1765
1461 1839
1462 1551
1462 1637
1463 1732
1463 1760
1463 1840
1463 1893
1465 1527
1465 1785
1465 1790
1466 1647
1466 1734
1466 1784
1466 1828
1466 1830
1466 1991
1468 1645
1468 1694
1470 1547
1470 1818
1470 1846
1470 1884
1471 1726
1471 1750
1471 1878
1472 1648
1472 1803
1473 1979
1475 1660
1475 1719
1475 1996
1476 1694
1476 1833
1476 1847
1477 1934
1478 1752
1478 1788
1479 1797
1480 1511
1480 1859
1481 1634
1481 1987
1482 1971
1483 1597
1483 1739
1484 1720
1485 1521
1485 1861
1485 1874
1486 1510
1486 1670
1486 1909
1487 1506
1487 1689
1490 1769
1491 1686
1491 1821
1491 1884
1492 1671
1493 1680
1493 1686
1493 1751
1493 1782
1494 1520
1494 1647
1494 1727
1494 1812
1495 1724
1496 1940
1497 1557
1497 1846
1498 1571
1498 1814
1499 1611
1500 1729
1501 1551
1502 1515
1502 1580
1502 1663
1502 1756
1503 1662
1505 1755
1505 1965
1506 1566
1507 1509
1507 1580
1507 1930
1508 1557
1508 1737
1508 1840
1509 1670
1509 1764
1510 1570
1510 1606
1510 1819
1510 1872
1510 1986
1512 1573
1513 1825
1515 1580
1515 1887
1516 1781
1516 1956
1517 1553
1518 1659
1518 1729
1518 1766
1518 1868
1519 1856
1519 1957
1520 1633
1522 1546
1522 1555
1522 1649
1522 1694
1523 1944
1524 1633
1524 1857
1524 1970
1528 1566
1528 1600
1528 1827
1528 1838
1528 1873
1528 1928
1529 1832
1529 1880
1529 1971
1531 1662
1531 1680
1531 1928
1533 1857
1534 1791
1534 1882
1534 1972
1535 1682
1535 1717
1535 1806
1535 1915
1537 1869
1537 1900
1538 1648
1538 1681
1538 1808
1539 1620
1539 1929
1540 1729
1540 1866
1542 1840
1543 1569
1543 1583
1543 1590
1543 1752
1544 1958
1545 1705
1545 1748
1545 1859
1547 1567
1548 1636
1548 1961
1549 1617
1550 1600
1550 1896
1551 1676
1552 1614
1553 1588
1553 1616
1553 1723
1554 1694
1554 1941
1555 1578
1555 1591
1555 1999
1556 1579
1556 1888
1556 1942
1557 1589
1560 1991
1561 1651
1561 1875
1562 1929
1564 1736
1564 1792
1565 1693
1568 1819
1569 1796
1569 1930
1569 1937
1570 1813
1572 1663
1572 1824
1573 1589
1573 1892
1575 1783
1575 1784
1575 1849
1577 1694
1578 1696
1578 1952
1578 1996
1580 1920
1581 1772
1581 1963
1583 1780
1583 1980
1583 1986
1585 1713
1586 1588
1586 1823
1586 1854
1587 1602
1587 1801
1587 1863
1587 1977
1588 1645
1589 1654
1589 1753
1590 1693
1590 1809
1590 1873
1591 1601
1591 1725
1591 1972
1592 1970
1592 1998
1593 1727
1593 1879
1594 1682
1595 1628
1599 1608
1599 1727
1599 1997
1602 1605
1604 1643
1604 1713
1604 1763
1604 1925
1605 1629
1605 1657
1605 1948
1606 1706
1607 1938
1608 1677
1608 1717
1608 1762
1609 1717
1610 1793
1610 1921
1611 1626
1612 1626
1612 1773
1615 1696
1615 1879
1616 1931
1617 1705
1618 1974
1620 1674
1621 1648
1621 1679
1621 1763
1623 1746
1623 1765
1623 1789
1624 1950
1626 1821
1626 1889
1627 1714
1629 1632
1629 1915
1630 1682
1631 1801
1632 1829
1632 1839
1632 1924
1633 1974
1634 1893
1636 1848
1637 1898
1637 1982
1638 1745
1639 1707
1640 1895
1642 1867
1644 1837
1644 1911
1644 1925
1645 1919
1645 1933
1647 1687
1648 1707
1648 1750
1650 1910
1650 2000
1654 1723
1654 1735
1654 1907
1656 1731
1657 1772
1657 1979
1658 1767
1659 1685
1662 1765
1662 1830
1664 1680
1664 1722
1666 1758
1666 1905
1667 1693
1667 1701
1668 1904
1670 1904
1671 1716
1671 1873
1672 1736
1672 1849
1672 1972
1673 1925
1674 1726
1674 1879
1675 1915
1676 1825
1676 1920
1677 1681
1677 1819
1677 1991
1678 1784
1679 1912
1680 1967
1681 1692
1681 1991
1682 1722
1683 1819
1683 1884
1686 1692
1689 1742
1689 1918
1691 1722
1691 1802
1691 1911
1692 1746
1693 1705
1693 1804
1693 1934
1693 1961
1694 1699
1694 1985
1696 1882
1697 1795
1697 1833
1697 1949
1698 1832
1698 1918
1699 1996
1700 1703
1701 1811
1702 1878
1703 1904
1704 1927
1706 1710
1707 1994
1708 1769
1708 1866
1708 1999
1709 1724
1711 1769
1711 1951
1719 1863
1720 1870
1721 1914
1723 1736
1723 1780
1725 1980
1726 1906
1726 1915
1727 1956
1728 1851
1729 1764
1730 1966
1732 1868
1732 1884
1733 1897
1734 1848
1734 1947
1735 1823
1735 1922
1736 1948
1737 1836
1737 1922
1737 1936
1738 1818
1739 1778
1739 1941
1741 1919
1742 1747
1742 1773
1743 1811
1748 1798
1750 1786
1750 1842
1752 1755
1752 1899
1752 1904
1754 1812
1760 1813
1760 1986
1761 1855
1763 1848
1764 1775
1766 1928
1767 1827
1768 1840
1770 1868
1771 1840
1772 1859
1773 1850
1773 1985
1774 1989
1775 1778
1775 1888
1776 1943
1777 1911
1782 1966
1784 1791
1784 1797
1785 1912
1787 1884
1787 1984
1789 1875
1790 1871
1798 1971
1799 1807
1802 1934
1803 1868
1804 1946
1808 1983
1809 1846
1810 1820
1814 1860
1814 1888
1816 1936
1819 1908
1820 1838
1824 1843
1828 1838
1828 1888
1829 1851
1830 1861
1830 1887
1831 1965
1834 1963
1835 1858
1836 1939
1840 1890
1843 1950
1843 1986
1845 1956
1846 1985
1850 1864
1851 1995
1856 1915
1857 1960
1858 1867
1862 1927
1862 1980
1863 1934
1865 1978
1867 1891
1867 1940
1868 1936
1869 1990
1873 1910
1873 1992
1881 1904
1883 1966
1886 1925
1886 1938
1888 1898
1895 1940
1896 1969
1903 1937
1905 1907
1906 1918
1911 1957
1917 1950
1917 1957
1925 1933
1928 1987
1934 1996
1940 1956
1941 1976
1953 1997
1961 1997
1975 2000