2000
1 19
1 1086
1 1448
1 1587
1 1658
1 1817
2 13
2 35
2 181
2 1083
2 1167
2 1300
2 1483
3 204
3 517
3 1010
3 1138
3 1276
3 1464
3 1536
3 1865
3 1886
4 36
4 278
4 298
4 818
4 1483
4 1738
5 44
5 499
6 82
6 276
6 817
6 946
6 978
7 331
7 583
7 723
7 886
7 895
7 932
7 1159
8 164
8 227
8 396
8 1020
9 88
9 909
9 1020
9 1482
10 18
10 280
10 1539
10 1678
10 1860
10 1952
11 212
11 1178
11 1284
12 317
12 426
12 882
12 886
12 1432
13 66
13 439
13 810
13 819
13 857
13 928
13 1249
13 1416
13 1591
13 1755
13 1769
14 278
14 369
14 620
14 1249
14 1748
15 531
15 564
15 671
15 1266
15 1594
15 1911
15 1933
16 347
16 670
16 1254
16 1297
16 1367
17 47
17 219
17 241
17 266
17 826
17 1036
17 1255
17 1504
17 1854
17 1863
18 277
18 320
18 460
18 561
18 981
18 1456
18 1970
19 542
19 704
19 989
19 1274
19 1351
19 1563
19 1992
20 290
20 541
20 550
20 1235
20 1501
20 1765
21 988
21 1205
21 1206
22 139
22 715
22 1007
22 1228
22 1351
23 118
23 687
23 905
23 999
23 1791
23 1800
24 74
24 675
24 1019
24 1034
24 1075
24 1548
24 1579
25 258
25 295
25 430
25 757
25 1029
25 1261
25 1301
25 1353
25 1384
25 1893
26 280
26 443
26 530
26 685
26 1654
27 434
27 546
27 594
27 874
27 990
28 50
28 213
28 481
28 503
28 564
28 1757
28 1786
28 1968
29 616
29 635
29 666
29 1305
29 1345
29 1394
29 1617
29 1966
30 352
30 451
30 763
30 895
30 1119
30 1357
30 1671
30 1730
30 1760
31 532
31 865
31 1221
32 114
32 1151
32 1629
33 815
33 1238
33 1849
33 1978
34 220
34 1392
34 1456
34 1569
34 1586
34 1793
34 1973
35 118
35 308
35 440
35 574
35 1016
35 1827
35 1864
35 1880
36 1305
36 1625
36 1818
36 1924
37 151
37 606
37 655
38 245
38 1222
38 1745
38 1930
38 1982
39 552
39 1052
39 1262
39 1340
40 1037
41 84
41 309
41 364
41 516
41 870
41 906
41 948
41 1444
41 1925
42 189
42 213
42 234
42 416
42 916
42 1033
42 1040
42 1387
42 1557
42 1581
42 1711
42 1767
42 1834
43 244
43 312
43 346
43 438
43 824
43 888
43 1095
43 1351
43 1429
44 369
44 482
44 631
44 660
44 977
44 1232
44 1259
44 1317
44 1720
44 1962
45 229
45 293
45 474
45 1103
45 1141
45 1193
45 1327
45 1494
45 1684
46 129
46 211
46 600
46 685
46 1022
46 1223
46 1536
46 1626
47 123
47 423
47 502
47 825
47 1176
47 1278
47 1408
48 130
48 396
48 724
48 944
48 1190
48 1499
48 1587
48 1816
48 1891
49 90
49 190
49 224
49 276
49 389
49 980
49 1055
49 1192
49 1196
49 1335
49 1358
49 1475
49 1666
49 1706
50 95
50 402
50 843
50 1572
50 1970
51 107
51 355
51 1797
51 1985
52 96
52 785
52 847
52 1000
52 1023
52 1327
52 1821
52 1940
52 1992
53 163
53 171
53 848
53 1037
53 1137
53 1249
53 1429
53 1536
53 1887
54 386
54 1316
54 1781
55 161
55 941
55 1217
55 1777
56 339
56 622
56 675
56 916
56 948
56 1114
56 1440
56 1484
56 1515
56 1799
57 94
57 112
57 1576
57 1675
57 1732
57 1871
58 450
58 657
58 682
58 1002
58 1273
58 1307
58 1499
58 1599
58 1729
59 99
59 267
59 773
59 1400
60 405
60 692
60 793
61 721
61 731
61 769
61 771
61 1069
61 1386
61 1466
61 1754
61 1869
62 92
62 98
62 209
62 724
62 1769
63 213
63 264
63 591
63 1018
63 1118
63 1694
64 1008
64 1229
64 1401
65 276
65 395
65 481
65 649
65 1143
65 1470
65 1944
66 212
66 294
66 579
66 999
66 1353
66 1354
66 1573
66 1807
67 422
67 957
67 1564
67 1587
67 1637
67 1664
67 1957
68 1366
69 308
69 1001
69 1431
69 1861
70 248
70 1212
71 86
71 1007
71 1502
71 1744
72 127
72 969
72 997
72 1165
72 1401
72 1739
73 743
73 1115
73 1580
73 1642
74 162
74 382
74 949
74 1081
74 1094
74 1618
75 449
75 622
75 1060
75 1806
76 555
76 681
76 1644
77 172
77 231
77 487
77 694
77 1139
77 1215
77 1719
77 1941
78 1048
79 665
79 779
79 867
79 966
79 1466
80 313
80 392
80 413
80 436
80 790
80 848
80 918
80 935
80 1168
80 1192
80 1642
80 1687
80 1922
81 1452
81 1509
82 175
82 362
82 743
82 1321
82 1965
83 905
83 1200
83 1424
84 267
84 536
84 674
84 884
84 1093
84 1189
84 1905
85 280
85 812
85 993
85 1416
85 1535
85 1561
85 1580
85 1873
85 1899
86 242
86 623
86 668
86 817
86 1334
87 430
87 548
87 739
87 1718
88 125
88 247
88 619
88 750
88 1408
88 1513
88 1902
88 1912
89 637
89 1357
89 1378
89 1555
89 1756
89 1839
89 1960
90 345
90 1400
90 1418
90 1542
90 1701
90 1760
91 243
91 730
91 993
91 1784
91 1973
92 209
92 235
92 389
92 852
92 1026
92 1043
92 1313
92 1666
93 325
93 840
93 1553
94 299
94 601
94 769
94 858
94 1492
94 1652
94 1751
95 726
95 877
95 897
95 1180
95 1314
95 1375
95 1566
96 383
96 583
96 595
96 940
96 952
96 970
96 1126
96 1432
97 101
97 913
97 1382
97 1894
98 446
98 475
98 604
98 825
98 941
98 1009
98 1019
98 1621
98 1739
99 264
99 531
99 719
99 899
99 1006
99 1628
99 1912
100 1170
100 1282
100 1343
100 1635
100 1798
101 198
101 234
101 821
101 1255
101 1889
101 1948
102 691
102 755
102 984
102 1332
103 124
103 240
103 712
103 1014
103 1662
104 481
104 1602
104 1788
105 510
105 634
105 786
105 799
105 887
105 1247
105 1336
105 1995
106 356
106 1295
106 1677
106 1809
106 1998
107 272
107 426
107 641
107 770
107 1543
107 1774
107 1789
107 1993
108 425
108 1090
108 1211
108 1224
108 1484
108 1516
109 298
109 401
109 521
109 671
109 1131
109 1182
109 1254
109 1677
110 175
110 321
110 322
110 487
110 882
110 959
110 988
110 989
110 1543
110 1808
110 1846
110 1871
110 1881
111 113
111 863
111 1154
111 1296
112 567
112 902
112 1235
112 1400
113 210
113 599
113 968
113 1101
113 1153
113 1207
113 1220
113 1399
113 1475
114 1322
114 1423
114 1522
114 1598
114 1936
115 1257
115 1279
115 1329
115 1581
115 1693
115 1818
116 454
116 802
116 1306
117 252
117 1876
118 1187
118 1327
118 1599
119 384
119 445
119 924
120 948
120 1379
120 1637
120 1639
121 295
121 1078
121 1480
121 1918
122 293
122 394
122 638
122 1148
122 1327
123 214
123 244
123 408
123 436
123 740
123 1019
123 1263
123 1362
123 1419
123 1880
124 196
124 267
124 732
124 737
124 1302
124 1357
124 1551
125 348
125 491
125 970
125 991
125 1899
126 807
126 997
126 1595
126 1678
126 1701
126 1801
127 1020
128 214
128 1027
128 1580
128 1625
129 479
129 1245
130 156
130 390
130 828
130 861
130 909
130 958
130 1550
130 1644
131 163
131 500
131 814
131 843
131 1230
131 1250
131 1608
131 1849
131 1914
131 1962
132 806
132 976
132 1047
132 1999
133 186
133 1075
133 1108
133 1168
133 1566
133 1656
133 1882
133 1927
133 1955
134 288
134 421
134 1602
135 1178
135 1869
135 1974
136 538
136 552
136 786
136 1317
136 1440
136 1445
137 455
137 535
137 582
137 1863
137 1954
138 679
138 1037
138 1380
139 987
139 998
139 1272
140 714
140 761
140 784
140 891
140 1112
140 1206
140 1552
141 174
141 281
141 348
141 1249
142 485
142 568
142 725
142 787
142 829
142 1055
142 1306
142 1564
142 1869
142 1924
143 390
143 393
143 1408
143 1463
143 1693
143 1715
143 1747
144 302
144 350
144 639
144 1011
144 1049
145 150
145 956
146 511
146 556
146 765
146 834
147 339
147 670
147 836
147 1066
147 1567
147 1577
147 1603
147 1776
148 464
148 928
148 1228
148 1302
149 300
149 1808
150 184
150 188
150 1289
151 155
151 278
151 319
151 667
151 790
151 844
151 957
151 1860
152 460
152 1543
152 1961
153 185
153 709
153 1241
153 1303
153 1486
153 1580
153 1929
154 765
154 1284
154 1488
154 1489
155 231
155 390
155 927
155 968
155 1099
155 1538
156 1016
156 1225
156 1582
157 298
157 557
158 611
158 652
158 985
158 1036
158 1592
158 1905
159 403
159 627
159 706
159 831
159 994
159 1043
159 1104
159 1170
159 1330
159 1485
160 429
160 511
160 690
160 756
160 1137
160 1351
160 1414
160 1941
161 954
161 1550
161 1799
161 1920
161 1992
162 260
162 356
162 447
162 451
162 571
162 609
162 1151
162 1159
162 1725
162 1793
163 900
163 1446
163 1519
163 1813
164 219
164 411
164 448
164 455
164 1134
164 1563
164 1602
164 1752
164 1921
164 1997
165 227
165 334
165 359
165 380
165 1342
165 1378
165 1733
165 1874
165 1892
165 1954
166 283
166 1833
167 682
167 706
167 766
167 895
167 1058
167 1239
168 796
168 1210
168 1423
168 1631
169 528
169 1176
169 1199
169 1388
169 1591
169 1748
169 1848
170 851
170 1090
170 1260
170 1551
170 1957
171 661
171 1070
171 1778
172 709
172 727
172 1825
173 578
173 771
173 1302
173 1516
173 1791
173 1970
174 442
174 547
174 740
174 836
174 1107
175 321
175 364
175 489
175 594
175 604
175 1022
175 1351
175 1724
176 582
176 763
176 816
176 1783
177 924
177 1318
177 1429
177 1695
177 1840
178 661
178 711
178 1031
178 1134
178 1687
178 1784
179 269
179 292
179 679
180 234
180 1295
180 1714
181 282
181 369
181 976
182 221
182 693
182 1105
182 1548
182 1815
183 386
183 572
183 592
183 601
183 814
183 910
183 1152
183 1153
183 1237
183 1640
183 1687
183 1693
183 1824
183 1946
184 212
184 253
184 477
184 656
184 1163
184 1227
184 1298
184 1360
184 1615
184 1679
184 1728
185 896
185 1015
185 1357
185 1733
185 1821
185 1889
185 1945
186 206
186 570
186 665
186 918
186 1701
186 1797
186 1921
187 203
187 255
187 423
187 445
187 447
187 891
187 1323
187 1557
188 445
188 1831
189 1047
189 1056
189 1207
190 253
190 431
190 501
191 436
191 489
191 598
191 602
191 624
191 666
191 725
191 755
191 1125
191 1458
191 1459
191 1794
191 1942
192 481
192 1169
192 1249
192 1416
192 1844
193 251
193 306
193 1064
193 1406
194 381
194 400
194 773
194 974
194 1896
195 199
195 200
195 224
195 242
195 1309
195 1420
195 1471
196 1214
196 1299
196 1482
196 1815
197 215
197 354
197 534
197 774
197 872
197 882
197 922
197 1141
197 1434
197 1448
198 329
198 554
198 793
198 946
198 1088
198 1117
198 1212
198 1292
198 1667
198 1718
199 274
199 732
199 899
199 1118
199 1172
199 1201
199 1632
199 1654
200 467
200 499
200 530
200 569
200 1583
200 1616
201 202
201 226
201 700
201 1151
201 1402
201 1427
201 1645
201 1883
202 621
202 791
202 877
202 1357
202 1490
203 339
203 365
204 256
204 260
204 597
204 765
204 796
204 1573
205 625
205 787
205 1007
205 1213
205 1425
205 1445
205 1461
205 1639
205 1923
206 212
206 632
206 770
206 877
206 895
206 1170
206 1264
206 1912
207 272
207 287
207 738
207 776
207 872
207 1142
207 1366
207 1580
207 1951
208 329
208 456
208 624
208 753
208 1587
208 1650
209 588
209 920
209 1097
209 1221
209 1299
209 1357
210 1418
211 555
211 742
211 1777
212 565
212 861
212 1339
213 593
213 954
213 975
213 1714
213 1966
213 1995
214 233
214 318
214 1425
214 1539
214 1769
214 1787
214 1949
215 413
215 568
215 1241
216 261
216 530
216 853
216 978
216 1170
216 1489
216 1984
217 371
217 465
217 509
217 763
217 1095
217 1147
217 1667
217 1767
218 382
218 708
218 716
218 797
218 826
218 1203
219 443
219 654
219 765
219 1388
219 1409
219 1521
219 1590
219 1638
219 1661
219 1941
220 262
220 412
220 416
220 425
220 712
220 1371
221 356
221 445
221 549
221 715
221 1059
221 1200
222 466
222 1003
222 1154
222 1281
222 1389
222 1848
223 924
223 1118
223 1160
223 1176
223 1517
223 1709
224 736
224 770
224 859
224 978
224 1228
224 1238
224 1739
225 386
225 457
225 588
225 629
225 1071
225 1346
225 1492
225 1546
226 314
226 1020
226 1491
226 1577
227 317
227 501
227 698
227 1198
227 1319
228 436
228 857
228 963
228 1059
228 1440
229 1055
229 1105
229 1400
229 1487
229 1502
229 1643
229 1996
230 604
230 1150
230 1347
230 1375
230 1571
230 1706
230 1822
231 346
231 628
231 1214
231 1424
231 1685
231 1691
231 1800
231 1853
231 1990
232 1003
232 1246
232 1371
232 1626
233 395
233 715
233 808
234 294
234 543
234 694
234 999
234 1303
234 1713
234 1892
235 345
235 419
235 549
235 601
235 773
235 898
236 806
236 956
236 1144
236 1177
236 1390
237 325
237 1582
237 1609
238 349
238 430
238 561
238 611
238 1145
239 488
239 671
239 1148
240 509
240 1150
240 1151
241 350
241 859
241 993
241 1185
241 1194
242 315
242 429
242 895
242 1101
242 1496
242 1511
243 569
243 786
243 875
243 1182
243 1465
244 271
244 1091
244 1174
245 277
245 579
245 749
245 1308
245 1412
246 599
247 544
247 935
247 1331
247 1421
247 1505
247 1600
247 1961
247 1970
248 767
248 1074
248 1377
248 1407
248 1490
248 1533
248 1876
248 1923
249 1143
249 1223
250 1153
250 1214
251 300
251 484
251 658
251 726
251 929
251 1018
251 1236
251 1243
251 1265
251 1691
251 1855
252 1200
252 1874
253 278
253 553
253 957
253 995
253 1386
253 1653
254 667
255 853
255 1554
256 1016
256 1030
256 1712
257 303
257 1068
257 1434
257 1439
257 1963
258 587
258 667
258 851
258 855
258 1101
258 1491
259 490
259 921
259 948
259 1033
259 1869
260 430
260 703
260 880
260 1260
261 267
261 321
261 455
261 667
261 1311
261 1727
261 1825
262 647
262 787
262 1233
262 1559
262 1694
262 1794
262 1827
263 371
263 391
263 424
263 1010
263 1626
264 385
264 398
264 814
264 1155
264 1663
264 1732
264 1816
264 1850
265 940
265 1685
265 1772
266 1048
266 1591
266 1642
266 1910
267 1861
268 437
268 560
268 1451
268 1498
269 410
269 632
269 1016
269 1583
269 1877
270 362
270 628
270 694
270 1103
270 1217
270 1236
271 483
271 487
271 522
271 820
271 1429
271 1562
271 1791
272 363
272 560
272 1959
273 443
273 853
273 993
273 1526
273 1582
274 328
274 750
274 835
274 924
274 1337
274 1554
274 1584
274 1611
275 284
275 326
275 362
275 512
275 789
275 974
275 1058
275 1162
275 1682
275 1738
275 1763
275 1909
275 1923
275 1994
276 1196
276 1910
276 1948
277 1359
277 1718
277 1877
277 1921
278 605
278 1290
278 1872
279 1567
279 1622
279 1655
279 2000
280 429
280 726
280 1075
280 1295
280 1345
280 1501
281 451
281 847
281 1265
281 1276
281 1387
281 1453
281 1551
281 1653
281 1883
282 595
282 669
282 817
282 1146
282 1149
282 1377
282 1486
282 1684
282 1734
283 321
283 479
283 516
283 656
283 714
283 1023
283 1417
283 1652
283 1750
284 670
284 853
284 1192
284 1242
284 1958
285 866
285 895
285 1340
285 1899
286 366
286 966
286 1886
287 400
287 1636
287 1672
287 1693
287 1757
287 1760
287 1889
288 578
288 777
288 865
288 907
288 1104
288 1520
288 1600
289 778
289 865
289 922
289 1102
289 1123
289 1576
289 1655
290 381
290 740
290 1091
290 1256
290 1597
290 1716
290 1813
290 1847
291 380
291 439
291 706
291 1818
291 1898
292 330
292 483
292 890
292 1009
292 1225
292 1531
292 1736
293 771
293 804
293 820
293 952
293 1009
293 1362
294 492
294 510
294 586
294 606
294 705
294 1276
295 490
295 499
295 1120
295 1177
295 1310
295 1729
295 1922
296 534
296 1571
297 1017
297 1450
297 1772
297 1855
298 625
298 1095
298 1642
299 654
299 893
299 924
299 1090
299 1578
300 315
300 1689
300 1866
300 1926
301 435
301 676
301 723
301 802
301 1274
301 1664
301 1856
302 845
302 861
302 1064
302 1721
303 604
303 1788
304 622
304 754
304 996
304 1248
304 1748
304 1805
305 470
305 486
305 1790
305 1864
306 612
306 916
306 1830
307 337
307 517
307 777
307 1015
307 1255
307 1505
307 1724
307 1990
308 916
308 1896
309 360
309 726
309 1526
309 1720
309 1758
309 1930
309 1971
310 543
310 613
310 887
310 935
310 1538
310 1792
311 907
312 561
312 596
312 1238
312 1280
312 1618
313 423
313 979
313 1601
313 1829
313 1975
314 451
314 878
314 1211
314 1463
314 1490
314 1610
314 1699
314 1716
315 638
315 1334
315 1846
316 921
316 1033
316 1246
316 1873
317 537
317 577
317 633
317 1131
317 1269
317 1331
317 1406
317 1643
317 1703
317 1732
318 439
318 940
318 1184
318 1228
318 1476
318 1545
318 1592
318 1621
318 1911
319 533
319 534
319 575
319 632
319 763
319 1185
319 1256
320 517
320 692
320 721
320 757
320 1643
320 1961
321 441
321 553
321 753
321 887
321 929
321 1301
321 1391
321 1580
321 1626
321 1692
321 1734
321 1802
322 988
322 998
323 1333
323 1436
323 1496
323 1563
324 652
324 659
324 872
324 885
324 1947
325 351
325 831
325 878
325 1007
325 1122
325 1913
326 1296
326 1356
327 399
327 1026
327 1256
327 1683
327 1826
327 1921
328 334
328 616
328 1115
328 1232
328 1901
328 1992
329 471
329 792
329 1341
329 1575
330 1145
330 1907
331 411
331 723
331 951
331 1077
331 1469
331 1805
332 475
332 856
332 1010
332 1041
332 1975
333 962
333 1263
333 1820
334 749
334 785
334 837
334 1348
334 1533
334 1638
335 469
335 486
335 856
335 1808
336 897
337 612
337 1060
337 1393
338 373
338 423
338 531
338 1295
338 1440
338 1997
339 632
339 1770
339 1973
340 901
340 962
340 1648
340 1759
340 1835
340 1897
340 1918
340 1936
341 1160
341 1797
341 1807
342 412
342 812
342 1457
342 1935
342 1980
343 1106
343 1298
343 1522
344 408
344 570
344 742
344 777
344 1664
344 1895
344 1899
345 595
345 687
345 1128
346 369
346 475
346 601
346 1018
346 1222
347 566
347 823
347 902
347 1422
347 1575
347 1589
347 1972
348 383
348 432
348 456
348 479
348 896
348 1423
348 1516
348 1578
349 400
349 441
349 1296
349 1383
349 1567
349 1717
349 1754
349 1816
350 461
350 947
350 1231
350 1534
351 1823
351 1952
352 791
352 1335
352 1656
353 370
353 868
353 1595
354 645
355 379
355 788
355 811
355 876
355 879
355 986
355 1435
356 878
356 1113
356 1248
356 1781
356 1937
357 463
357 770
357 1082
357 1393
357 1555
357 1649
358 736
358 944
358 1553
358 1673
358 1860
359 425
359 1363
359 1469
360 487
360 585
360 1600
360 1823
360 1905
361 607
361 814
361 946
361 993
361 1303
361 1870
361 1937
362 471
362 608
362 664
362 1036
362 1268
362 1928
362 1968
363 952
363 1286
363 1508
364 1232
364 1423
364 1650
364 1790
364 1852
365 876
365 1991
366 772
366 1103
366 1182
366 1519
367 1285
368 1203
368 1249
368 1622
368 1716
369 394
369 910
369 957
369 1140
369 1167
369 1306
369 1688
370 598
370 655
370 1424
370 1765
370 1928
371 452
371 656
371 665
371 986
371 1636
371 2000
372 940
372 1130
372 1613
373 1001
373 1680
373 1746
373 1828
373 1861
373 1917
374 556
374 1143
374 1375
374 1763
375 428
375 1092
375 1191
375 1561
375 1659
375 1740
376 736
376 855
376 1310
377 856
377 1256
377 1304
377 1432
377 1980
378 669
378 680
378 1664
378 1720
378 1812
379 1766
379 1794
380 511
380 689
380 820
380 1100
380 1418
380 1461
380 1508
380 1608
380 1981
381 474
381 935
381 1888
381 1963
382 612
382 679
382 1057
382 1186
382 1407
382 1683
383 856
383 1245
383 1277
383 1295
383 1440
383 1549
383 1826
384 536
384 561
384 687
384 1616
384 1627
384 1692
385 942
385 1053
385 1215
386 870
386 1503
386 1925
387 657
387 1228
387 1897
388 389
388 394
388 596
388 725
388 804
388 905
388 1371
388 1767
388 1976
389 461
389 534
389 683
389 1086
389 1248
389 1507
389 1513
389 1676
389 1954
390 425
390 1342
390 1441
390 1462
390 1472
390 1814
391 490
391 558
391 742
391 746
391 859
391 890
392 967
392 1568
392 1925
392 1939
393 396
393 470
393 511
393 753
393 800
393 1219
393 1253
393 1339
393 1657
393 1981
394 653
394 859
394 983
394 1310
394 1766
394 1840
394 1881
394 1895
395 539
395 886
395 1052
395 1212
395 1223
395 1498
395 1577
395 1807
396 896
396 988
396 1172
396 1493
396 1748
396 1802
396 1890
397 453
397 1648
398 506
398 655
398 713
398 1052
398 1656
398 1673
398 1812
398 1912
399 583
399 677
399 768
399 807
399 859
399 1272
399 1450
399 1512
399 1935
400 972
400 1076
400 1229
400 1344
400 1398
400 1427
400 1610
400 1997
401 459
401 1274
402 426
402 762
402 831
402 1308
402 1409
403 469
403 1670
403 1869
403 1940
404 996
404 1380
405 755
405 825
405 995
405 1062
405 1621
405 1971
406 956
406 1118
406 1126
407 585
407 663
407 729
407 838
407 965
407 994
407 1072
407 1324
407 1450
407 1452
407 1587
407 1672
408 494
408 613
408 1217
408 1288
408 1316
408 1532
408 1849
409 620
409 962
409 1060
409 1263
409 1356
409 1411
409 1526
409 1772
409 1944
410 704
410 724
410 1061
410 1413
410 1699
410 1736
410 1765
411 555
411 1505
411 1627
411 1630
412 489
412 535
412 640
412 689
412 853
412 1425
412 1543
412 1837
412 1990
413 780
413 818
413 931
413 935
413 1009
413 1130
413 1290
413 1679
414 490
414 1847
415 612
415 701
415 1028
415 1875
416 1495
416 1774
417 467
417 873
417 987
417 1036
417 1367
418 748
418 803
418 1201
418 1519
418 1582
419 421
419 589
419 676
420 809
420 924
420 1084
421 687
421 762
421 1212
421 1443
421 1515
421 1675
421 1691
421 1939
422 568
422 1144
422 1290
422 1299
422 1827
423 759
423 919
423 983
423 1204
423 1329
423 1771
423 1814
424 479
424 529
425 889
425 1327
425 1388
425 1741
425 1808
426 787
426 921
426 1008
426 1213
426 1398
426 1546
426 1569
426 1714
426 1925
427 722
427 924
427 1294
427 1625
427 1661
428 1362
429 1125
429 1542
429 1549
429 1684
430 848
430 1167
430 1179
430 1386
430 1548
430 1873
430 1885
430 1960
430 1993
431 1128
432 450
432 1086
432 1126
433 970
433 1128
433 1595
433 1970
434 1043
434 1723
435 523
435 818
435 848
435 995
435 1266
435 1341
435 1506
436 1036
436 1341
436 1570
436 1619
436 1755
437 1092
437 1254
437 1387
437 1409
437 1420
437 1812
437 1857
438 475
438 691
438 979
438 1380
438 1424
438 1605
438 1710
438 1792
438 1938
439 633
439 694
439 823
439 926
439 1074
439 1292
439 1380
439 1400
439 1664
439 1951
439 1966
440 545
440 724
440 1089
440 1285
440 1374
440 1525
440 1609
441 670
441 692
441 1255
441 1302
441 1413
441 1443
441 1686
441 1705
442 1474
442 1528
442 1558
442 1681
442 1971
443 564
443 922
443 1168
443 1269
443 1541
444 693
444 755
444 1208
445 874
445 1100
445 1673
445 1773
446 976
446 1184
446 1565
446 1786
446 1873
447 1427
447 1692
447 1773
447 1836
448 480
448 1466
448 1498
448 1916
449 547
449 702
449 817
449 1772
450 733
450 938
450 1508
451 656
451 992
451 1062
451 1585
451 1913
452 610
452 650
452 870
452 1058
452 1368
452 1567
452 1573
452 1873
452 1993
453 885
453 1505
453 1603
454 886
454 1040
454 1485
454 1584
454 1835
455 729
455 1712
456 677
456 1283
456 1356
456 1435
457 542
457 858
457 1102
457 1265
457 1769
458 1434
458 1460
459 507
459 906
459 1251
460 981
460 985
460 1013
460 1078
460 1799
460 1999
461 511
461 1997
462 1224
462 1673
462 1701
463 906
463 1058
464 800
464 908
464 1242
465 753
465 977
465 1126
465 1437
465 1933
466 963
466 1141
466 1261
466 1426
466 1482
466 1579
466 1610
466 1675
466 1799
466 1874
466 1887
466 1915
467 601
467 816
467 1119
467 1175
468 1298
468 1367
468 1562
468 1823
469 762
469 768
469 928
469 1336
469 1366
469 1725
469 1937
469 1997
470 820
470 1390
470 1418
471 493
471 636
471 834
471 1111
471 1150
471 1478
471 1882
471 1916
472 820
472 830
472 897
472 944
472 1737
473 510
473 663
473 779
473 807
473 951
473 1702
473 1752
474 1311
474 1636
475 501
475 522
475 703
475 801
475 829
475 1132
475 1393
475 1565
475 1675
475 1857
476 875
477 662
477 1539
477 1891
478 558
478 804
478 1475
478 1676
479 760
479 936
479 1423
479 1829
480 1073
480 1094
480 1155
480 1529
480 1596
480 1642
480 1911
481 1230
481 1346
481 1433
481 1512
481 1549
481 1615
481 1737
481 1762
481 1861
481 1937
482 1691
482 1704
483 542
483 585
483 1165
483 1946
484 528
484 556
484 1510
484 1541
484 1964
484 1968
484 1978
485 892
485 1355
485 1753
485 1787
486 815
486 1068
486 1170
486 1268
486 1341
486 1429
487 814
487 1222
487 1411
487 1937
488 839
488 979
488 1028
488 1118
488 1539
489 1325
489 1538
489 1823
489 1885
490 549
490 959
490 1029
490 1405
490 1935
491 564
491 1479
491 1512
491 1887
492 563
492 689
492 822
492 1088
492 1752
492 1925
492 1976
493 554
493 1067
493 1175
493 1235
493 1437
493 1506
493 1539
493 1999
494 614
494 937
494 1257
494 1321
494 1633
494 1692
495 676
495 1200
496 966
496 1455
496 1666
496 1777
497 1031
497 1087
497 1433
497 1594
497 1657
498 516
498 520
498 959
498 1129
498 1135
498 1165
498 1349
498 1576
498 1984
499 1074
499 1619
499 1771
499 1979
500 673
500 795
500 1070
500 1175
500 1374
501 541
501 545
501 581
501 707
501 958
501 1446
502 845
502 1474
502 1708
502 1878
503 633
503 843
503 912
503 1118
503 1578
503 1762
504 509
504 781
504 1165
504 1244
504 1380
504 1732
504 1820
504 1910
504 1975
505 692
505 1590
505 1705
505 1894
506 750
506 926
506 1134
506 1215
506 1234
506 1713
507 758
507 766
507 1207
507 1397
507 1802
507 1842
508 838
508 1710
509 538
509 817
509 1517
509 1903
510 551
510 682
510 758
510 1278
510 1460
510 1986
511 1010
511 1694
511 1701
511 1890
512 533
512 1069
512 1197
512 1474
512 1650
512 1766
513 582
513 722
513 1321
513 1513
513 1971
514 1736
514 1888
515 915
515 1368
515 1739
515 1785
516 957
516 1182
516 1188
516 1508
516 1762
517 726
517 825
517 1006
517 1193
517 1312
517 1343
518 1069
518 1120
518 1261
518 1354
518 1400
518 1512
518 1632
518 1665
518 1868
519 644
519 707
519 1109
519 1450
519 1640
519 1710
520 793
520 795
520 1375
520 1693
520 1833
521 593
521 760
521 872
521 1222
521 1277
521 1455
521 1456
521 1513
521 1576
521 1983
522 649
522 1109
522 1118
522 1180
522 1219
522 1830
523 1128
524 761
524 857
524 907
524 976
524 1032
524 1573
524 1674
524 1760
524 1867
524 1891
525 632
525 1367
525 1552
525 1593
526 991
526 1143
526 1200
526 1982
527 903
527 917
527 951
527 1240
527 1347
528 599
528 1044
528 1212
528 1522
528 1874
528 1950
529 912
529 1600
529 1651
529 1909
530 712
530 1040
530 1371
530 1519
530 1540
530 1716
530 1897
531 1004
531 1105
531 1322
531 1743
532 860
532 1149
532 1261
532 1756
533 838
533 873
533 1151
534 1021
534 1125
534 1302
534 1332
534 1617
534 1801
535 557
535 812
535 1091
535 1254
536 793
536 1064
536 1571
536 1663
536 1908
537 587
537 830
537 1062
537 1553
537 1678
538 717
538 872
538 1045
538 1399
538 1509
538 1688
539 1250
539 1309
539 1802
539 1968
540 704
540 1114
540 1196
540 1757
541 962
541 992
541 1305
542 788
542 875
542 1391
543 1271
543 1531
544 705
544 987
544 1019
544 1328
544 1659
545 770
545 811
545 1472
545 1486
545 1540
545 1999
546 884
546 1000
546 1295
546 1803
547 572
547 587
547 933
547 1041
547 1282
547 1299
547 1575
547 1900
547 1973
548 779
548 798
548 1170
548 1353
548 1733
549 1469
549 1764
549 1783
550 843
550 1304
550 1343
550 1817
550 1894
551 618
551 1359
551 1925
552 587
552 806
552 1280
552 1284
552 1640
553 670
553 819
553 1358
554 661
554 885
554 1786
554 1885
554 1916
555 899
555 1521
555 1697
556 621
556 718
556 727
556 1093
556 1767
557 748
557 805
557 1012
557 1386
557 1559
557 1991
558 685
558 1197
558 1718
558 1838
559 604
559 683
559 836
559 861
559 1401
559 1651
560 634
560 1578
561 855
561 963
561 1009
561 1739
561 1758
561 1843
562 1034
562 1657
562 1920
562 1943
563 637
563 772
563 887
563 1342
564 970
564 1055
564 1329
564 1516
564 1533
564 1587
564 1690
564 1806
565 1050
565 1700
566 864
566 1603
566 1627
566 1756
566 1779
566 1911
567 1283
567 1347
567 1866
567 1996
568 910
568 937
568 1439
569 1018
569 1505
569 1527
569 1770
570 1003
571 822
571 862
571 1195
571 1493
571 1769
572 624
572 768
572 845
572 938
572 1236
572 1536
572 1542
572 1822
573 751
573 816
573 874
573 1043
573 1290
573 1656
573 1930
574 1687
574 1884
575 1536
575 1773
575 1813
576 829
576 941
576 1561
576 1749
576 1760
577 782
577 1699
578 873
578 904
578 905
578 952
578 1473
578 1558
578 1992
579 652
579 1030
579 1442
580 625
580 798
580 1296
580 1325
580 1354
580 1472
580 1691
581 711
581 1028
581 1419
581 1463
581 1496
581 1968
582 1022
582 1135
582 1622
583 869
583 1461
584 644
584 1325
584 1406
584 1415
585 848
585 1163
585 1324
585 1343
585 1675
585 1676
585 1942
586 1260
586 1267
586 1306
586 1694
586 1877
587 1062
587 1563
587 1755
587 1781
588 775
588 891
588 1583
588 1597
588 1711
588 1760
588 1772
589 826
589 1106
590 1027
590 1032
590 1132
590 1155
590 1163
590 1456
590 1533
590 1750
590 1876
590 1975
591 654
591 1731
591 1879
592 1609
592 1977
593 928
593 929
593 1628
594 962
594 1082
594 1310
594 1312
594 1356
594 1951
595 726
595 1934
596 704
596 765
596 785
596 903
596 1100
596 1106
596 1209
596 1393
596 1605
596 1704
596 1874
597 692
597 746
597 775
597 1004
597 1218
597 1259
597 1496
597 1819
597 1908
598 630
599 764
599 929
599 938
599 1012
599 1107
599 1643
600 667
600 727
600 1741
600 1874
600 1978
601 1167
601 1329
601 1460
602 1170
602 1817
602 1995
603 1358
603 1408
603 1464
603 1552
603 1866
604 632
604 705
604 1140
604 1211
604 1402
605 975
605 1002
605 1226
605 1773
606 875
606 972
606 1491
606 1494
606 1726
607 1495
607 1853
608 626
608 715
608 1097
608 1523
608 1822
609 860
609 986
609 1353
609 1539
610 864
610 1298
610 1385
610 1479
610 1505
610 1821
611 628
611 833
611 916
611 1070
611 1099
611 1158
611 1418
611 1479
611 1569
611 1644
611 1670
612 1289
612 1297
612 1306
612 1633
613 963
613 1021
614 642
614 760
614 771
614 1300
614 1591
614 1793
615 728
615 769
615 868
615 1343
615 1454
615 1552
615 1660
616 1519
617 1747
617 1810
617 1840
618 839
618 1158
618 1226
618 1357
618 1408
618 1476
618 1511
618 1891
619 705
619 916
619 928
619 1324
619 1950
620 1890
621 784
621 796
621 963
621 1352
621 1605
621 1895
622 656
622 822
622 928
622 1137
622 1953
623 912
623 1208
623 1436
623 1544
623 1853
624 661
624 1046
624 1652
625 1091
625 1241
626 1030
626 1043
626 1562
626 1840
626 1847
627 672
627 1227
627 1243
627 1372
628 1233
628 1903
628 1915
628 1992
628 1997
629 701
629 798
629 1027
629 1464
629 1555
630 646
630 747
630 800
630 896
630 1694
630 1745
630 1770
630 1812
631 1416
631 1607
631 1653
631 1765
632 745
632 1343
632 1802
632 1881
633 844
633 1010
633 1539
634 1169
634 1262
634 1395
634 1485
636 720
636 866
636 1003
636 1022
637 981
637 1158
637 1302
637 1466
637 1801
638 1185
638 1325
638 1975
638 1993
639 906
639 927
639 1488
639 1494
639 1739
640 936
640 1045
640 1078
640 1993
641 882
641 1091
641 1530
642 1631
642 1981
643 675
643 1426
645 752
645 1113
645 1627
646 699
646 1404
646 1477
647 673
647 919
647 1888
648 819
648 1140
648 1148
648 1289
648 1759
648 1878
648 1932
649 876
649 1130
649 1565
649 1681
649 1766
650 1395
650 1848
651 1203
651 1241
651 1245
651 1313
651 1777
652 675
652 676
652 952
652 1179
652 1342
652 1803
652 1967
653 864
654 664
654 1004
654 1478
654 1762
655 734
655 1095
655 1098
656 800
656 1035
656 1292
656 1389
656 1459
656 1592
656 1756
657 783
657 926
657 932
657 1318
657 1436
658 1322
658 1458
658 1479
658 1748
658 1977
659 1607
659 1881
660 937
660 941
660 989
660 1139
660 1486
661 679
661 848
661 971
661 1210
661 1684
662 669
662 898
663 804
663 1241
663 1326
663 1969
664 1011
664 1342
664 1622
664 1687
664 1803
665 819
665 926
665 1322
665 1447
665 1737
665 1777
665 1904
666 670
666 1450
666 1497
666 1623
666 1736
666 1760
666 1902
667 815
667 893
667 925
667 1190
667 1666
668 792
668 1624
668 1936
669 671
669 724
669 1522
669 1692
670 1141
670 1355
670 1702
670 1827
670 1919
670 1951
671 944
671 1191
671 1495
671 1671
671 1750
671 1812
672 1311
672 1329
672 1758
673 694
673 865
673 1045
673 1228
673 1246
673 1412
673 1467
673 1837
673 1915
673 1961
674 1161
674 1366
674 1516
675 1108
675 1486
676 762
676 1727
676 1769
676 1812
677 776
677 912
677 930
677 1467
677 1528
677 1915
677 1942
678 1189
678 1193
678 1358
678 1568
679 1000
679 1156
679 1360
679 1530
680 912
681 872
681 1122
681 1571
683 709
683 710
683 1460
684 899
684 957
684 1380
684 1589
684 1639
684 1925
684 1968
685 864
685 1293
685 1455
685 1784
686 926
686 1670
688 700
688 983
688 1037
688 1385
688 1584
689 1028
689 1084
689 1162
689 1342
689 1413
689 1781
690 724
690 993
690 1152
690 1586
690 1616
690 1732
691 866
691 1182
691 1199
691 1437
691 1878
692 1114
692 1158
692 1578
693 1851
693 1882
694 890
694 920
694 1011
694 1106
694 1198
694 1671
695 827
695 834
695 991
695 1905
696 783
696 867
696 873
696 898
696 992
696 1671
697 743
697 783
697 807
697 904
697 1002
697 1397
697 1413
697 1419
697 1615
697 1679
697 1809
698 791
698 921
698 1288
698 1312
698 1622
698 1743
698 1788
699 764
699 1947
700 1027
700 1097
700 1178
700 1266
700 1304
700 1572
700 1857
700 1914
701 825
701 1039
701 1503
701 1734
702 906
702 1096
702 1248
702 1400
702 1644
703 1115
703 1124
703 1903
704 924
704 1360
705 1065
705 1180
705 1216
705 1365
705 1611
706 781
706 988
706 1005
706 1103
706 1153
706 1486
707 1194
707 1332
707 1461
707 1470
707 1509
707 1566
707 1616
707 1809
708 1744
708 1914
709 870
709 1272
709 1410
709 1428
709 1537
709 1583
710 716
710 1249
710 1380
710 1891
710 1897
710 1992
711 1162
711 1324
711 1758
711 1979
713 1221
714 915
714 982
714 1602
714 1958
715 748
715 773
715 908
715 1150
715 1445
715 1550
715 1556
716 1044
717 1582
717 1975
718 854
718 1028
718 1240
718 1401
718 1442
718 1443
718 1484
718 1810
719 856
719 934
719 1461
719 1684
719 1812
720 1755
720 1762
720 1769
720 1918
721 801
721 961
721 1179
721 1278
721 1327
722 894
722 1141
722 1202
722 1247
722 1307
722 1695
722 1825
722 1862
723 885
723 909
723 1236
723 1638
723 1810
723 1884
723 1984
723 1990
724 1093
724 1444
724 1596
724 1667
725 988
725 1364
725 1694
726 1165
726 1684
726 1916
726 1988
727 1120
727 1152
727 1369
727 1652
727 1799
728 1314
728 1592
728 1959
729 791
729 832
729 882
729 1185
729 1510
729 1613
730 771
730 1279
730 1834
730 1919
731 983
731 993
731 1003
731 1246
731 1345
731 1714
732 917
732 948
732 1915
733 897
733 1022
733 1238
733 1424
734 1001
734 1052
734 1818
734 1858
734 1940
735 899
736 1252
736 1460
736 1480
736 1579
737 867
737 1036
737 1387
739 753
739 794
739 1372
740 998
740 1209
740 1776
740 1791
741 979
741 1359
741 1363
741 1766
743 961
743 970
743 1712
744 1831
745 884
745 1385
746 795
746 1045
746 1830
746 1943
746 1954
746 1970
747 832
747 963
747 1508
748 1858
748 1900
748 1993
749 1067
749 1102
749 1285
749 1413
749 1536
749 1617
749 1734
750 755
750 885
750 1005
750 1195
750 1957
751 1493
752 944
752 952
752 1576
753 881
753 905
753 1457
753 1502
754 1727
755 1206
755 1280
755 1480
755 1609
755 1718
756 993
756 1036
756 1059
756 1249
756 1397
756 1401
756 1689
757 967
757 1028
757 1092
757 1270
757 1376
757 1896
758 893
758 1190
758 1393
759 833
759 942
759 1382
759 1445
759 1659
759 1695
759 1800
760 868
760 1197
760 1553
760 1611
760 1678
760 1939
761 825
761 982
762 1739
763 992
763 1327
763 1678
763 1789
764 812
764 1335
764 1390
764 1519
764 1679
764 1905
764 1941
765 1056
765 1765
765 1854
766 1064
766 1308
766 1315
766 1398
766 1446
766 1732
766 1948
767 1551
767 1957
768 833
768 1097
768 1478
768 1563
768 1763
768 1796
768 1800
768 1820
769 846
769 1221
769 1419
770 935
770 1245
771 821
771 1178
771 1316
772 835
772 966
772 1172
772 1330
772 1335
773 1068
773 1389
773 1424
773 1777
775 1273
775 1299
775 1786
775 1885
776 1528
776 1544
777 839
777 861
777 1251
777 1657
777 1693
777 1738
778 970
778 1225
778 1971
779 845
779 958
779 1049
779 1059
779 1378
779 1534
780 872
780 993
780 1128
780 1561
780 1738
780 1806
781 1078
782 876
782 908
782 1017
782 1293
783 997
783 1305
785 1721
785 1880
785 1971
786 1104
786 1253
786 1770
786 1959
786 1960
787 1665
788 1447
788 1652
788 1893
789 797
789 1220
790 1102
790 1285
790 1536
790 1597
790 1919
791 1421
792 1162
792 1390
792 1519
793 867
793 1107
793 1140
793 1809
794 1294
794 1320
794 1967
795 888
795 911
795 1050
795 1061
795 1409
795 1685
795 1904
796 1093
796 1408
796 1514
796 1658
796 1773
797 1018
797 1584
797 1966
798 1009
798 1246
798 1476
799 851
799 1486
799 1577
800 1128
800 1199
801 932
801 1146
801 1313
801 1686
801 1921
802 1208
802 1370
803 879
803 953
803 1319
803 1344
803 1831
803 1902
803 1911
804 1289
804 1358
804 1430
805 1431
805 1828
805 1896
806 1116
806 1324
806 1438
806 1671
806 1694
806 1706
806 1762
807 978
807 1357
807 1896
808 1641
808 1703
808 1941
808 1950
809 1023
809 1331
809 1352
809 1631
810 883
810 947
810 1613
810 1681
811 814
811 926
811 934
811 960
812 826
812 851
812 990
812 1272
812 1390
812 1589
812 1642
812 1894
813 895
813 1339
814 1195
814 1200
814 1703
814 1740
814 1927
815 1644
815 1754
816 817
816 1148
817 992
817 1074
817 1125
817 1298
817 1410
817 1954
818 927
818 1171
818 1689
818 1967
819 928
819 1195
820 971
820 1356
820 1410
821 832
821 1333
821 1616
822 1027
822 1292
822 1424
823 1024
823 1041
824 991
824 1724
824 1729
824 1969
825 907
825 1068
825 1282
825 1400
826 1110
826 1485
826 1842
826 1980
827 1009
827 1035
827 1256
827 1333
827 1606
827 1763
828 1002
828 1020
829 885
829 1321
829 1369
829 1599
829 1776
829 1845
830 1032
830 1038
830 1098
830 1390
830 1506
830 1778
831 1124
831 1478
831 1825
831 1873
831 1921
832 1096
833 1010
833 1296
833 1446
833 1551
833 1734
833 1844
833 1956
834 1332
834 1350
834 1510
834 1616
835 1689
835 1698
835 1761
835 1852
836 919
836 1734
836 1894
836 1927
837 970
837 1493
838 1198
838 1314
838 1624
838 1627
840 1221
840 1531
840 1700
840 1803
840 1914
841 1284
841 1526
841 1580
841 1747
841 1992
842 858
842 1245
842 1730
842 1751
842 1974
843 1196
843 1464
843 1812
843 1969
844 1194
844 1252
844 1529
844 1768
845 904
845 970
845 1057
845 1134
845 1646
845 1774
845 1948
846 1025
846 1338
846 1611
846 1881
846 1935
847 1030
847 1565
848 994
848 1977
849 1338
849 1385
850 1366
851 874
851 1319
851 1738
851 1766
852 968
852 1379
852 1508
852 1539
852 1929
853 1088
853 1333
853 1713
853 1727
853 1947
854 1175
854 1478
855 1067
855 1077
855 1455
855 1465
856 956
856 977
856 1243
856 1409
856 1756
856 1948
856 1991
857 885
857 903
857 1098
857 1133
858 970
858 1673
858 1948
859 993
859 1086
859 1531
859 1534
859 1565
859 1661
860 1571
860 1694
861 896
861 1743
861 1800
862 945
862 1088
863 869
863 907
863 985
863 1377
863 1566
864 1002
864 1553
864 1668
864 1927
865 912
865 1132
865 1565
865 1567
865 1642
865 1657
866 1765
866 1839
866 1996
867 1165
868 1305
868 1357
868 1393
868 1714
869 1405
869 1855
870 890
870 922
870 988
870 1795
871 1041
872 1254
872 1268
872 1484
872 1672
873 925
873 970
873 1515
873 1792
873 1853
874 1228
875 882
875 1206
875 1286
875 1552
875 1849
875 1912
876 1765
877 939
877 1194
877 1406
877 1608
877 1757
877 1769
878 1891
879 892
879 990
879 1102
879 1518
879 1783
879 1874
880 1193
880 1268
881 1089
881 1163
881 1466
882 1731
882 1791
883 886
883 1282
883 1791
884 1592
884 1669
884 1905
885 1466
885 1700
886 1163
886 1277
887 1305
888 1107
888 1312
888 1410
889 906
889 1493
890 1199
890 1253
890 1484
891 980
891 1347
891 1454
891 1885
892 1737
893 957
893 1241
894 1854
895 927
895 954
895 1265
895 1827
895 1828
896 1341
896 1554
896 1896
897 1179
898 921
898 1172
898 1198
898 1444
898 1546
898 1726
898 1918
898 1939
898 1946
899 1106
899 1876
900 1036
900 1726
900 1952
901 1017
901 1128
901 1176
901 1480
901 1816
902 989
902 1103
902 1289
902 1818
903 1050
903 1715
903 1956
904 1144
904 1180
904 1288
905 1716
905 1768
906 1313
906 1367
906 1392
906 1584
907 1078
907 1559
907 1900
908 1049
908 1402
908 1508
908 1791
909 1161
909 1451
909 1546
909 1957
910 1688
911 1432
911 1467
911 1546
911 1677
911 1832
911 1927
912 1261
912 1342
912 1811
913 992
913 1262
913 1436
913 1958
914 1159
914 1371
914 1396
914 1488
915 1218
915 1632
916 1856
917 1082
917 1741
918 1402
919 1301
920 1139
920 1336
920 1843
921 936
921 1786
922 1561
922 1647
922 1708
922 1710
922 1927
923 1802
923 1856
923 1960
924 1261
924 1590
925 1219
925 1297
925 1328
925 1347
925 1941
926 1281
926 1425
926 1844
927 1014
927 1105
927 1288
927 1412
927 1695
928 1298
928 1357
928 1462
928 1521
928 1557
929 1429
929 1782
930 1361
930 1566
930 1774
931 1280
932 1225
932 1327
932 1339
932 1629
932 1734
933 995
933 1222
933 1391
933 1405
933 1636
933 1808
933 1939
934 1005
934 1379
934 1492
934 1645
934 1969
935 1102
935 1180
936 1475
936 1760
937 1776
937 1859
937 1865
938 957
938 1149
938 1437
939 1107
939 1123
939 1665
940 1160
940 1309
940 1612
940 1888
941 964
941 1236
941 1759
942 1011
942 1757
943 984
943 1636
943 1647
944 1245
944 1296
944 1474
944 1984
945 982
945 1263
945 1318
945 1653
945 1762
946 1010
946 1143
946 1190
947 1163
947 1824
948 1038
948 1258
948 1558
948 1752
949 1036
949 1351
949 1488
949 1893
950 1143
950 1183
951 1121
951 1132
951 1854
952 1369
952 1580
953 1000
953 1832
954 1164
954 1628
954 1781
955 967
955 981
955 1083
955 1622
955 1763
955 1815
955 1881
955 1953
955 1996
956 1326
957 1510
958 989
958 1613
959 980
961 1515
961 1967
962 1322
962 1419
962 1457
962 1975
963 1026
963 1112
963 1119
963 1627
964 1564
964 1679
964 1781
964 1889
965 1091
965 1494
965 1701
965 1999
966 1210
966 1292
966 1325
966 1456
966 1675
967 1517
967 1919
967 1960
968 1380
968 1390
968 1457
968 1596
968 1817
968 1950
969 1167
969 1570
969 1951
970 1910
971 1099
971 1212
971 1288
971 1472
972 1329
972 1380
972 1920
972 1932
973 1238
973 1623
973 1694
974 1311
974 1382
974 1955
975 1955
976 1555
976 1888
977 1040
977 1449
977 2000
978 1156
979 1602
979 1697
980 1035
980 1480
980 1766
980 1956
981 1262
981 1463
981 1541
982 1294
982 1338
983 1006
983 1171
983 1932
984 1162
984 1527
984 1703
984 1739
985 1690
986 1189
986 1963
987 1955
988 1196
988 1282
988 1364
988 1416
988 1859
988 1886
988 1915
989 1081
989 1252
989 1315
989 1316
989 1643
989 1727
990 1082
990 1115
990 1470
990 1624
991 1451
992 1508
992 1509
992 1626
993 1197
993 1316
993 1658
994 1202
994 1468
995 1202
995 1268
995 1611
995 1784
995 1936
996 1634
996 1707
996 1843
997 1712
997 1728
997 1845
998 1155
999 1456
999 1879
1000 1188
1000 1325
1001 1657
1002 1021
1002 1720
1002 1747
1002 1885
1003 1348
1003 1636
1003 1645
1004 1029
1004 1348
1004 1426
1004 1568
1005 1127
1005 1375
1005 1553
1005 1649
1006 1344
1006 1750
1006 1950
1007 1233
1007 1433
1007 1490
1007 1943
1007 1995
1008 1132
1008 1424
1008 1724
1009 1535
1009 1570
1009 1774
1010 1021
1010 1558
1010 1668
1010 1786
1011 1424
1011 1766
1012 1215
1013 1064
1013 1138
1013 1502
1014 1343
1014 1536
1015 1204
1015 1427
1015 1667
1015 1727
1015 1930
1015 1931
1016 1794
1016 1947
1018 1201
1018 1644
1019 1773
1020 1022
1020 1890
1020 1932
1020 1977
1021 1217
1021 1531
1021 1802
1021 1834
1022 1141
1022 1477
1022 1521
1022 1543
1022 1591
1022 1775
1023 1186
1024 1563
1024 1673
1024 1790
1024 1992
1025 1242
1025 1247
1025 1262
1025 1844
1026 1650
1026 1817
1026 1852
1027 1299
1027 1485
1027 1551
1027 1731
1028 1702
1028 1739
1028 1889
1029 1398
1030 1174
1031 1344
1031 1535
1031 1963
1032 1187
1032 1376
1033 1271
1034 1203
1035 1141
1035 1166
1035 1699
1035 1795
1036 1159
1036 1191
1036 1306
1036 1325
1036 1645
1037 1296
1037 1634
1037 1715
1038 1397
1038 1970
1039 1838
1039 1852
1040 1332
1040 1363
1040 1450
1040 1518
1040 1579
1040 1590
1041 1144
1041 1207
1041 1226
1041 1554
1041 1563
1042 1205
1042 1435
1043 1693
1044 1853
1045 1834
1045 1870
1046 1177
1046 1335
1046 1601
1046 1675
1046 1774
1046 1991
1047 1169
1048 1125
1048 1146
1048 1280
1048 1513
1048 1803
1049 1348
1049 1379
1049 1669
1049 1809
1051 1419
1051 1934
1052 1325
1052 1411
1052 1423
1052 1467
1052 1754
1054 1193
1054 1307
1054 1586
1055 1169
1055 1248
1055 1839
1055 1851
1055 1859
1056 1727
1057 1200
1057 1352
1057 1443
1057 1827
1058 1341
1058 1349
1058 1784
1059 1157
1059 1339
1059 1408
1059 1441
1060 1286
1060 1306
1060 1310
1060 1422
1060 1750
1060 1859
1061 1354
1061 1966
1062 1754
1062 1932
1063 1124
1063 1208
1063 1451
1063 1490
1064 1470
1065 1429
1065 1878
1066 1422
1067 1481
1067 1771
1067 1950
1068 1214
1068 1314
1069 1538
1069 1540
1070 1552
1071 1103
1072 1116
1072 1479
1072 1569
1072 1761
1072 1788
1074 1502
1074 1550
1074 1588
1074 1921
1075 1376
1075 1476
1076 1648
1076 1705
1076 1893
1077 1159
1077 1163
1077 1268
1077 1304
1078 1434
1078 1640
1078 1842
1078 1848
1078 1959
1079 1518
1080 1528
1080 1564
1081 1149
1081 1336
1081 1889
1081 1928
1082 1169
1082 1758
1083 1768
1083 1949
1084 1238
1084 1476
1084 1616
1084 1741
1085 1096
1085 1678
1085 1688
1086 1464
1086 1556
1086 1791
1086 1973
1086 1989
1087 1824
1087 1875
1088 1144
1088 1349
1088 1420
1089 1134
1089 1221
1089 1264
1089 1511
1089 1582
1089 1987
1090 1396
1091 1460
1091 1488
1091 1626
1092 1187
1092 1985
1093 1190
1093 1402
1093 1787
1094 1180
1094 1421
1094 1907
1095 1534
1095 1969
1095 1980
1096 1131
1096 1997
1097 1206
1097 1251
1097 1334
1097 1419
1097 1492
1097 1847
1098 1340
1098 1346
1098 1571
1098 1600
1098 1937
1099 1267
1100 1257
1100 1863
1101 1178
1101 1535
1101 1870
1102 1713
1102 1926
1103 1164
1103 1522
1105 1169
1105 1446
1105 1658
1105 1716
1106 1174
1106 1724
1106 1792
1107 1590
1109 1255
1109 1446
1109 1458
1109 1753
1110 1182
1110 1730
1110 1818
1111 1847
1111 1879
1111 1967
1112 1168
1112 1188
1112 1567
1113 1172
1113 1198
1113 1978
1114 1119
1114 1298
1114 1802
1114 1892
1114 1982
1114 1997
1115 1181
1115 1281
1115 1306
1115 1857
1116 1173
1116 1438
1116 1482
1117 1440
1117 1627
1118 1708
1119 1309
1119 1392
1119 1763
1120 1641
1120 1653
1121 1160
1122 1594
1122 1656
1122 1692
1122 1768
1122 1848
1123 1889
1123 1919
1124 1173
1124 1209
1124 1695
1124 1698
1124 1733
1125 1202
1126 1415
1128 1225
1128 1231
1128 1592
1129 1137
1129 1224
1129 1316
1129 1462
1129 1687
1130 1687
1130 1743
1130 1907
1131 1764
1132 1508
1132 1538
1132 1691
1132 1966
1133 1388
1134 1306
1135 1474
1136 1466
1136 1822
1137 1551
1137 1576
1137 1942
1138 1317
1138 1491
1138 1693
1138 1962
1139 1221
1139 1580
1139 1844
1140 1188
1140 1221
1140 1373
1140 1604
1140 1626
1140 1731
1140 1911
1143 1158
1143 1396
1144 1509
1144 1611
1145 1181
1145 1567
1145 1716
1146 1461
1146 1544
1147 1343
1147 1529
1148 1255
1149 1984
1150 1278
1150 1513
1150 1540
1150 1608
1152 1351
1152 1601
1152 1697
1152 1950
1153 1859
1154 1305
1154 1748
1155 1525
1155 1535
1157 1266
1157 1475
1157 1717
1157 1748
1157 1776
1158 1183
1158 1604
1158 1707
1159 1479
1159 1663
1160 1215
1160 1432
1160 1640
1160 1726
1161 1200
1161 1276
1161 1869
1161 1905
1162 1450
1162 1701
1162 1925
1162 1937
1163 1806
1163 1953
1164 1450
1164 1524
1164 1993
1165 1560
1166 1210
1167 1226
1167 1457
1167 1830
1167 1984
1168 1660
1168 1734
1169 1257
1170 1413
1170 1897
1170 1931
1171 1402
1171 1695
1171 1957
1172 1303
1172 1339
1172 1514
1173 1248
1173 1541
1174 1274
1174 1297
1174 1513
1174 1529
1174 1727
1175 1556
1175 1969
1175 1984
1176 1294
1176 1362
1178 1546
1179 1363
1179 1458
1179 1474
1179 1727
1180 1477
1180 1597
1180 1815
1180 1923
1181 1210
1181 1658
1182 1318
1182 1358
1182 1418
1182 1475
1183 1431
1185 1695
1185 1807
1186 1383
1186 1635
1186 1811
1186 1875
1186 1952
1186 1967
1187 1612
1188 1367
1188 1433
1188 1494
1188 1634
1188 1818
1190 1305
1190 1951
1190 1982
1191 1248
1191 1369
1191 1758
1192 1584
1192 1681
1193 1562
1193 1900
1194 1345
1194 1690
1194 1787
1195 1382
1195 1425
1195 1651
1195 1785
1195 1821
1196 1356
1196 1435
1196 1620
1196 1814
1197 1717
1197 1865
1197 1958
1198 1679
1198 1696
1198 1849
1200 1475
1200 1547
1201 1500
1201 1630
1202 1867
1203 1895
1203 1946
1204 1926
1204 1966
1205 1386
1205 1930
1206 1483
1206 1794
1207 1370
1207 1497
1207 1512
1207 1631
1209 1219
1209 1671
1209 1731
1210 1345
1210 1372
1210 1405
1210 1491
1210 1700
1210 1879
1211 1257
1211 1527
1211 1650
1211 1838
1213 1992
1214 1580
1214 1672
1215 1306
1215 1698
1215 1989
1216 1332
1216 1494
1216 1919
1217 1516
1218 1641
1219 1820
1219 1829
1219 1995
1221 1474
1221 1692
1222 1416
1222 1582
1222 1846
1222 1927
1223 1235
1223 1267
1223 1432
1223 1437
1223 1637
1223 1911
1225 1731
1225 1770
1225 1804
1227 1242
1227 1707
1227 1833
1228 1397
1228 1463
1228 1531
1228 1740
1231 1774
1231 1781
1233 1623
1233 1962
1233 1977
1234 1477
1234 1652
1234 1911
1235 1313
1235 1315
1236 1683
1237 1490
1237 1933
1238 1265
1238 1270
1238 1486
1238 1497
1238 1606
1239 1939
1239 1963
1240 1511
1240 1584
1240 1733
1241 1445
1241 1710
1242 1331
1242 1652
1243 1563
1244 1270
1244 1311
1244 1528
1245 1495
1246 1421
1247 1384
1247 1854
1248 1347
1249 1290
1249 1368
1249 1542
1249 1767
1249 1791
1250 1345
1250 1659
1251 1383
1251 1548
1252 1272
1252 1416
1252 1663
1252 1697
1254 1648
1254 1688
1254 1855
1254 1986
1255 1657
1255 1744
1255 1890
1256 1262
1256 1340
1256 1618
1257 1880
1258 1296
1258 1355
1258 1401
1258 1434
1258 1478
1259 1560
1259 1576
1259 1901
1259 1955
1259 1993
1260 1718
1260 1857
1261 1525
1261 1628
1263 1279
1263 1435
1263 1568
1263 1633
1265 1277
1265 1598
1267 1359
1267 1643
1267 1810
1268 1896
1269 1339
1269 1995
1270 1374
1270 1506
1271 1388
1271 1675
1271 1751
1271 1982
1272 1448
1272 1491
1272 1574
1272 1596
1272 1967
1272 1999
1273 1528
1273 1591
1273 1652
1273 1730
1274 1910
1275 1527
1276 1324
1276 1529
1276 1661
1276 1711
1276 1810
1277 1358
1277 1437
1277 1539
1277 1800
1278 1946
1279 1733
1279 1751
1279 1930
1282 1938
1283 1302
1283 1340
1283 1996
1284 1364
1284 1833
1284 1889
1284 1985
1286 1338
1286 1712
1287 1451
1287 1913
1289 1549
1289 1783
1289 1895
1291 1505
1291 1525
1292 1353
1292 1521
1292 1689
1292 1736
1293 1347
1293 1574
1294 1633
1296 1313
1296 1474
1296 1480
1296 1734
1297 1397
1297 1437
1297 1513
1297 1742
1298 1697
1298 1779
1299 1853
1299 1997
1300 1343
1301 1704
1302 1388
1302 1752
1303 1936
1304 1509
1304 1545
1305 1960
1305 1986
1306 1425
1306 1722
1306 1771
1307 1677
1307 1898
1307 1927
1308 1557
1308 1585
1308 1810
1308 1846
1309 1684
1309 1769
1309 1827
1309 1837
1310 1318
1310 1541
1310 1688
1311 1626
1312 1798
1313 1557
1313 1608
1313 1861
1314 1335
1314 1398
1314 1523
1314 1767
1315 1543
1315 1618
1315 1947
1315 1954
1316 1657
1317 1975
1318 1783
1318 1843
1319 1645
1321 1421
1321 1437
1321 1803
1321 1963
1321 1976
1321 1985
1322 1593
1322 1920
1323 1619
1323 1733
1324 1670
1324 1806
1325 1451
1325 1544
1325 1634
1326 1347
1326 1731
1326 1881
1326 1898
1328 1454
1328 1785
1328 1978
1329 1498
1329 1526
1329 1791
1330 1847
1330 1926
1331 1719
1331 1909
1332 1714
1332 1970
1334 1464
1334 1710
1334 1849
1335 1985
1341 1434
1341 1467
1341 1604
1341 1728
1341 1861
1341 1884
1342 1403
1342 1737
1343 1385
1343 1854
1344 1346
1344 1534
1344 1743
1345 1490
1345 1616
1345 1951
1346 1488
1347 1988
1348 1372
1348 1865
1349 1396
1350 1777
1350 1983
1351 1910
1352 1535
1352 1865
1352 1966
1354 1448
1355 1380
1356 1423
1357 1804
1359 1673
1359 1729
1359 1811
1359 1963
1360 1523
1360 1547
1360 1569
1362 1875
1363 1674
1364 1984
1365 1521
1365 1949
1367 1567
1367 1581
1367 1822
1367 1873
1367 1893
1368 1539
1368 1642
1368 1931
1369 1592
1369 1751
1370 1867
1371 1488
1371 1963
1372 1616
1373 1774
1373 1960
1374 1617
1374 1762
1374 1829
1375 1538
1375 1652
1375 1823
1376 1410
1376 1544
1376 1792
1376 1822
1377 1608
1377 1631
1378 1520
1378 1742
1379 1464
1379 1635
1379 1725
1379 1777
1379 1842
1379 1870
1380 1588
1381 1788
1381 1830
1382 1706
1383 1743
1384 1798
1385 1468
1385 1599
1386 1438
1386 1632
1386 1680
1386 1785
1386 1906
1387 1461
1387 1465
1387 1575
1387 1800
1387 1964
1389 1401
1390 1610
1390 1634
1390 1931
1391 1556
1391 1591
1391 1673
1391 1831
1392 1507
1392 1652
1393 1689
1393 1927
1394 1833
1395 1437
1395 1679
1395 1772
1396 1504
1396 1616
1396 1709
1396 1926
1397 1585
1397 1728
1397 1765
1397 1820
1399 1850
1400 1652
1400 1659
1400 1852
1400 1936
1401 1418
1402 1902
1403 1598
1404 1814
1405 1583
1405 1721
1406 1769
1407 1846
1408 1582
1409 1539
1409 1649
1409 1667
1409 1807
1409 1898
1410 1960
1411 1413
1411 1431
1411 1847
1411 1941
1412 1596
1412 1666
1412 1721
1412 1779
1412 1986
1413 1584
1414 1760
1414 1934
1415 1939
1415 1984
1417 1538
1417 1542
1417 1633
1417 1757
1417 1769
1419 1639
1419 1695
1420 1526
1421 1481
1423 1533
1425 1442
1426 1903
1426 1999
1428 1578
1429 1432
1429 1698
1432 1799
1433 1725
1433 1911
1434 1451
1435 1602
1438 1518
1438 1965
1439 1551
1439 1566
1439 1845
1439 1857
1440 1694
1441 1735
1441 1822
1442 1609
1443 1464
1443 1517
1443 1965
1444 1570
1445 1697
1446 1458
1446 1490
1446 1494
1446 1755
1447 1510
1447 1581
1447 1651
1449 1676
1450 1563
1450 1881
1451 1467
1452 1760
1452 1961
1453 1548
1453 1791
1453 1970
1454 1587
1455 1940
1456 1690
1458 1707
1458 1722
1458 1835
1459 1561
1459 1944
1460 1942
1461 1499
1461 1650
1462 1564
1462 1711
1462 1786
1463 1596
1465 1823
1466 1606
1466 1726
1466 1980
1467 1616
1467 1906
1468 1471
1468 1727
1468 1955
1468 1979
1469 1791
1471 1485
1471 1700
1471 1722
1471 1782
1472 1590
1472 1638
1473 1537
1473 1555
1477 1938
1478 1491
1478 1577
1478 1603
1479 1829
1480 1611
1480 1740
1481 1885
1482 1672
1482 1789
1482 1829
1482 1952
1485 1980
1486 1960
1487 1619
1487 1829
1488 1692
1489 1538
1491 1514
1491 1578
1492 1784
1492 1822
1492 1885
1493 1515
1493 1914
1493 1926
1493 1983
1494 1813
1494 1863
1495 1706
1495 1949
1496 1536
1496 1681
1496 1922
1497 1593
1497 1778
1498 1538
1498 1554
1499 1580
1499 1769
1499 1963
1500 1861
1503 1678
1503 1754
1503 1808
1504 1533
1504 1568
1504 1583
1504 1617
1505 1770
1506 1635
1506 1962
1507 1991
1508 1589
1508 1687
1511 1535
1512 1619
1512 1703
1512 1783
1513 1772
1514 1565
1514 1572
1514 1981
1515 1813
1515 1919
1516 1705
1517 1652
1517 1777
1518 1637
1519 1994
1520 1904
1521 1965
1522 1660
1522 1915
1523 1745
1524 1636
1524 1718
1524 1957
1525 1873
1526 1536
1526 1554
1526 1664
1527 1648
1527 1675
1528 1530
1529 1904
1530 1726
1530 1997
1531 1726
1531 1773
1531 1919
1532 1549
1533 1777
1535 1824
1535 1860
1536 1634
1536 1657
1536 1806
1537 1746
1539 1569
1539 1798
1539 1829
1540 1690
1540 1948
1542 1648
1542 1726
1542 1858
1543 1940
1544 1869
1545 1756
1546 1849
1547 1597
1547 1818
1548 1573
1549 1766
1551 1609
1551 1779
1551 1809
1551 1941
1552 1680
1552 1917
1553 1951
1554 1948
1555 1827
1556 1808
1556 1937
1557 1798
1560 1792
1561 1562
1564 1632
1564 1887
1565 1617
1566 1615
1566 1838
1566 1893
1566 1977
1567 1769
1568 1903
1569 1943
1570 1589
1570 1960
1571 1721
1572 1862
1573 1958
1573 1981
1574 1576
1574 1609
1574 1810
1574 1956
1574 1970
1576 1798
1579 1782
1579 2000
1580 1818
1580 1942
1581 1733
1582 1735
1582 1826
1582 1886
1583 1837
1584 1942
1584 1943
1585 1946
1586 1878
1588 1626
1588 1758
1589 1593
1589 1667
1589 1871
1590 1595
1590 1623
1590 1717
1590 1957
1591 1638
1591 1735
1591 1873
1593 1740
1594 1822
1594 1897
1595 1629
1595 1654
1595 1684
1595 1832
1596 1929
1596 1931
1596 1934
1599 1641
1599 1956
1600 1957
1601 1671
1602 1620
1604 1732
1604 1792
1605 1868
1606 1853
1607 1849
1607 1877
1607 1955
1607 1996
1608 1660
1608 1799
1608 1871
1608 1936
1609 1673
1609 1834
1610 1628
1614 1619
1615 1724
1615 1795
1615 1902
1616 1950
1616 1979
1617 1752
1620 1694
1620 1729
1620 1895
1621 1623
1622 1741
1622 1868
1622 1887
1622 1925
1623 1841
1623 1997
1624 1846
1625 2000
1626 1658
1626 1722
1626 1768
1626 1874
1627 1941
1628 1694
1629 1987
1630 1938
1631 1817
1631 1890
1632 1785
1632 1925
1635 1815
1635 1951
1637 1647
1639 1788
1639 1794
1639 1922
1642 1796
1642 1893
1642 1991
1643 1698
1643 1748
1646 1731
1646 1749
1649 1931
1650 1934
1652 1873
1653 1734
1653 1802
1654 1842
1657 1877
1662 1850
1663 1752
1665 1880
1666 1862
1667 1958
1668 1731
1668 1742
1668 1867
1669 1810
1669 1858
1669 1943
1670 1949
1671 1690
1671 1700
1671 1766
1671 1987
1672 1776
1673 1894
1676 1732
1676 1748
1678 1682
1680 1927
1682 1714
1682 1730
1682 1731
1684 1879
1685 1817
1686 1716
1687 1727
1689 1973
1690 1728
1690 1987
1692 1808
1693 1868
1694 1881
1695 1788
1698 1699
1698 1956
1699 1805
1703 1719
1704 1813
1704 1942
1706 1923
1707 1856
1707 1971
1708 1959
1709 1855
1710 1960
1710 1989
1711 1831
1719 1843
1721 1939
1722 1786
1722 1944
1723 1917
1724 1775
1724 1807
1729 1777
1730 1844
1730 1866
1730 1918
1732 1807
1732 1874
1732 1910
1734 1800
1736 1863
1736 1985
1738 1785
1739 1844
1739 1882
1740 1865
1741 1813
1741 1946
1742 1760
1742 1963
1743 1972
1744 1793
1744 1904
1745 1778
1745 1807
1745 1982
1746 1799
1746 1868
1749 1844
1749 1892
1751 1771
1751 1974
1753 1942
1754 1897
1754 1999
1756 1811
1757 1989
1758 1925
1762 1767
1764 1922
1765 1882
1766 1932
1771 1847
1772 1912
1774 1875
1775 1815
1776 1947
1777 1937
1778 1913
1783 1996
1784 1798
1784 1981
1785 1954
1786 1799
1787 1908
1789 1834
1789 1916
1790 1894
1791 1960
1793 1887
1796 1916
1798 1819
1798 1891
1799 1880
1800 1861
1804 1826
1805 1981
1806 1899
1808 1931
1810 1938
1813 1888
1818 1889
1819 1829
1819 2000
1821 1836
1824 1902
1828 1956
1828 1960
1831 1914
1831 1973
1840 1984
1841 1915
1844 1930
1844 1963
1847 1849
1848 1926
1848 1983
1851 1894
1857 1872
1858 1876
1860 1885
1863 1954
1866 1894
1867 1869
1871 1919
1872 1967
1873 1935
1877 1964
1880 1892
1880 1910
1883 1889
1883 1921
1886 1946
1889 1942
1895 1978
1896 1979
1898 1988
1902 1990
1907 1951
1908 1946
1909 1962
1910 1938
1915 1985
1916 1974
1919 1976
1920 1953
1922 1964
1931 1977
1932 1979
1935 1962
1946 1957
1952 2000
1953 1956
1967 2000
1971 1982
1971 1987
1974 1984
1990 1999