2000
1 555
1 1136
1 1771
2 1490
4 1800
5 726
6 380
6 464
7 375
7 1785
7 1849
8 1324
9 674
9 906
9 997
10 1232
11 723
14 506
15 864
21 931
21 1138
22 1144
22 1756
23 395
23 893
25 1250
26 62
28 573
28 1135
28 1625
29 1669
31 1991
34 367
34 747
34 1869
38 1330
42 555
42 586
46 477
46 1254
48 1595
49 676
50 206
51 1014
51 1486
52 1008
52 1575
53 402
53 606
55 1601
56 758
56 1004
56 1916
58 1077
58 1482
61 93
61 487
61 686
61 1786
62 868
62 1071
65 1010
67 443
69 1275
70 115
70 1526
70 1650
71 1070
72 972
73 1151
75 138
76 1697
77 185
78 1676
79 767
80 657
80 1221
82 909
83 284
84 545
86 1355
87 1682
88 641
94 1159
95 396
96 707
97 255
100 1231
105 124
105 268
105 579
105 1584
105 1642
106 1453
108 597
109 532
109 1162
113 1883
117 988
117 1338
119 1501
119 1839
120 1045
122 468
122 1437
124 1487
125 799
127 1070
127 1683
128 487
130 1674
135 836
136 734
136 1657
137 1300
137 1824
138 1709
139 1633
141 1138
143 254
143 1848
144 589
144 1760
145 901
147 760
148 1237
149 318
149 840
151 1791
152 176
153 1493
156 841
157 1162
157 1320
159 392
159 1026
161 916
163 1608
165 1691
166 228
167 1036
168 369
171 339
172 391
172 407
172 1630
173 618
174 773
176 552
176 554
176 836
177 694
178 542
179 1656
180 559
180 901
181 1550
183 1500
184 304
184 1863
186 1890
189 542
189 1697
191 917
192 717
192 1932
193 921
193 1007
195 1452
195 1688
198 1116
198 1564
200 1659
202 1338
203 267
203 1333
203 1682
205 1742
209 1976
210 1510
210 1711
211 880
212 1564
213 1833
216 652
219 549
220 1623
222 403
222 594
224 293
224 607
227 482
227 1820
228 424
229 1277
230 1285
230 1541
230 1722
232 1247
232 1747
233 1325
233 1848
233 1927
234 360
235 1541
235 1672
236 1162
238 1410
240 461
240 1947
240 1970
242 1663
242 1850
243 1694
244 246
246 747
247 765
248 580
250 1886
250 1962
251 577
251 911
252 605
253 1481
254 334
255 626
259 1611
259 1712
262 1993
264 563
264 1522
265 295
265 1887
266 381
266 697
269 353
269 1547
270 1104
274 1128
274 1649
276 628
277 610
278 1913
280 325
280 721
280 1379
282 850
282 1717
282 1780
285 1945
286 908
286 1967
287 1680
290 1596
291 327
291 1213
292 413
292 1967
294 1187
296 1263
297 900
298 1104
301 1168
302 1587
305 860
306 1556
309 666
309 1941
310 1682
310 1905
310 1976
312 321
315 1412
318 1199
319 1652
321 923
322 990
322 1038
323 503
326 1529
327 668
327 1526
328 1060
328 1716
330 1267
331 781
333 667
333 1466
334 1571
334 1786
336 526
336 773
338 1025
340 632
341 357
342 1169
343 1076
343 1841
344 1539
345 501
346 434
346 933
347 1401
348 752
350 620
350 727
350 1696
351 496
351 1920
353 1333
356 857
358 1752
358 1905
359 1542
360 1249
362 429
362 1499
366 805
370 452
371 383
373 1468
379 935
379 1018
381 1753
383 987
384 1493
385 1082
385 1170
386 1984
390 1031
398 1220
399 1702
400 939
401 1612
402 1328
403 1862
405 1063
405 1486
405 1627
406 859
407 593
408 830
408 1139
410 934
416 1012
419 1531
420 938
421 1672
422 802
422 964
422 1591
422 1687
423 1785
425 1171
426 916
428 1118
428 1139
429 876
430 928
430 1739
430 1909
431 1137
432 1271
433 590
434 965
441 1423
441 1432
442 1870
443 479
443 996
444 1735
446 1904
449 734
449 833
451 1621
452 1455
452 1957
456 1334
457 523
457 1879
460 633
460 849
461 1750
463 1095
466 911
469 1819
470 1795
472 1031
474 1902
479 658
480 1635
481 1829
482 1225
488 1615
491 529
493 1246
494 1985
494 1991
498 1669
498 1774
498 1804
500 1828
500 1929
502 707
503 1659
508 1590
509 1990
511 1316
511 1988
514 1055
515 1985
516 1419
517 1921
520 1851
521 943
522 769
524 1702
525 1173
525 1285
526 1430
528 843
528 1203
529 876
530 951
530 1149
531 1303
531 1529
532 752
537 639
542 684
542 1604
545 1548
545 1850
546 1400
550 1526
551 936
552 1560
553 621
554 684
554 700
556 839
557 1241
558 715
560 1136
564 666
565 1974
566 1463
567 1798
569 1470
570 989
571 1405
571 1996
583 1391
585 1784
586 1775
588 1010
591 711
592 714
594 1368
595 1611
597 612
598 1886
599 1689
601 1221
601 1627
602 1147
603 1909
605 914
606 634
606 994
606 1309
607 1900
616 1290
617 1816
619 1820
622 1893
625 1647
627 1143
628 748
628 1554
633 1779
634 1914
637 702
637 1990
638 1836
641 1817
642 789
643 849
646 1871
647 972
649 1043
650 975
651 1124
652 1030
653 1288
654 1469
656 1859
657 1020
658 1807
659 1513
659 1974
661 721
674 1120
674 1831
676 1496
678 823
681 1692
682 1397
684 1643
685 1777
686 1585
688 1047
690 1290
690 1597
693 772
693 1176
694 1323
694 1795
697 1026
697 1226
698 736
699 1956
703 1943
705 1252
706 1180
706 1211
708 1135
708 1422
708 1990
711 1723
711 1803
712 1019
713 1325
714 1719
722 1604
724 938
729 1281
731 918
731 1306
735 887
736 1744
738 987
738 1590
739 1301
739 1419
743 1937
755 953
758 1950
761 1188
761 1230
762 1675
763 1515
763 1893
764 1579
764 1798
766 1818
768 1423
768 1505
772 1310
780 1107
781 1925
784 914
786 1527
786 1918
791 965
792 1487
797 1217
798 1174
801 1749
802 1217
804 841
807 1346
809 822
809 1808
809 1870
811 1490
811 1882
817 1524
826 1296
829 1283
830 1981
832 1750
834 1953
835 1437
836 1817
839 1574
841 848
850 1313
853 931
854 1512
856 1232
856 1315
857 1868
857 1924
859 1525
861 1102
862 1263
864 1412
865 1061
865 1528
865 1858
867 1371
868 1979
872 1485
872 1884
873 1989
875 1209
877 1030
878 1997
880 1990
881 1422
882 1962
884 1607
889 935
897 1832
898 1165
899 1710
900 1274
905 1219
907 1670
910 1919
911 1565
911 1703
912 1953
913 1372
914 1269
920 1588
922 1926
929 1329
929 1714
933 1087
933 1451
935 1651
937 1414
938 1057
938 1260
942 997
948 1122
948 1919
954 1889
957 1260
964 1809
965 1342
965 1528
970 1009
970 1836
971 1231
972 1367
979 1270
979 1932
981 1749
989 1506
989 1616
990 1281
992 1402
992 1962
995 1873
1001 1300
1007 1890
1008 1811
1008 1968
1013 1566
1017 1638
1019 1084
1021 1218
1022 1671
1024 1660
1025 1830
1033 1543
1035 1515
1037 1269
1040 1869
1042 1431
1043 1390
1044 1350
1045 1979
1047 1136
1049 1389
1049 1783
1053 1460
1056 1769
1057 1765
1066 1513
1066 1537
1067 1930
1070 1748
1071 1162
1074 1201
1074 1371
1075 1409
1076 1735
1079 1125
1080 1503
1080 1632
1086 1965
1090 1332
1097 1691
1102 1288
1102 1391
1109 1531
1110 1860
1114 1753
1117 1370
1117 1957
1120 1573
1120 1617
1124 1521
1124 1889
1126 1307
1127 1979
1130 1844
1131 1584
1135 1191
1144 1364
1152 1763
1154 1605
1155 1666
1159 1163
1160 1452
1160 1827
1166 1731
1177 1577
1181 1321
1181 1605
1182 1663
1188 1520
1193 1732
1195 1422
1197 1635
1217 1292
1219 1325
1219 1353
1221 1307
1222 1557
1224 1340
1227 1688
1235 1275
1235 1837
1237 1257
1237 1388
1238 1623
1238 1856
1239 1509
1244 1409
1245 1351
1245 1655
1247 1492
1254 1395
1257 1528
1264 1705
1264 1965
1265 1963
1268 1848
1271 1809
1278 1804
1281 1976
1282 1597
1286 1973
1291 1549
1291 1664
1304 1443
1315 1701
1319 1937
1320 1350
1323 1630
1324 1340
1324 1611
1329 1649
1330 1517
1342 1797
1342 1869
1344 1874
1347 1616
1356 1375
1356 1424
1357 1583
1361 1525
1366 1405
1370 1996
1372 1831
1379 1953
1387 1961
1400 1753
1406 1585
1413 1892
1416 1752
1417 1471
1418 1571
1421 1598
1424 1522
1425 1871
1426 1922
1429 1693
1431 1693
1439 1564
1442 1802
1443 1844
1449 1461
1450 1851
1454 1971
1455 1503
1464 1532
1465 1757
1466 1733
1469 1862
1474 1596
1475 1650
1475 1834
1478 1913
1482 1590
1483 1616
1498 1501
1506 1765
1512 1756
1515 1809
1516 1619
1526 1869
1528 1706
1529 1558
1547 1562
1549 1704
1549 1724
1552 1946
1556 1886
1563 1759
1568 1668
1568 1874
1580 1718
1580 1720
1582 1592
1590 1729
1595 1651
1599 1985
1601 1838
1618 1778
1622 1884
1637 1913
1639 1911
1642 1803
1644 1719
1646 1987
1647 1871
1653 1965
1654 1846
1662 1915
1673 1984
1678 1945
1683 1902
1687 1802
1688 1886
1705 1797
1716 1861
1743 1833
1763 1930
1773 1885
1784 1925
1799 1880
1802 1854
1831 1993
1832 1883
1835 1843
1838 1901
1853 1895
1907 1969