2000
1 422
1 688
1 1239
1 1353
2 580
2 660
2 977
2 1026
2 1041
2 1246
3 145
3 147
4 134
4 397
4 1470
4 1905
5 1687
6 619
6 813
6 1031
6 1352
7 959
7 1820
8 1107
8 1153
8 1156
8 1950
8 1973
9 594
9 1123
9 1214
9 1486
9 1532
9 1536
9 1858
10 289
10 1100
10 1637
11 28
11 234
11 775
11 935
11 1113
11 1143
12 120
12 508
12 693
12 1378
12 1864
12 1929
13 72
13 196
13 295
13 686
13 1068
13 1426
14 271
14 509
14 1874
15 75
15 1091
15 1202
15 1255
16 1074
16 1447
17 686
17 697
17 1460
17 1533
17 1901
18 568
18 869
18 1010
18 1532
18 1565
18 1889
18 1936
19 714
20 596
20 772
20 1267
20 1506
20 1909
20 1931
20 1987
21 509
21 695
22 946
22 1080
23 89
23 250
23 739
23 1459
24 267
24 735
24 940
24 1594
24 1617
25 1234
25 1718
25 1766
25 1936
26 318
26 327
26 644
26 879
27 32
27 111
27 868
27 1829
28 423
28 1256
28 1768
29 554
29 939
29 1693
29 1750
30 607
30 1732
31 1214
31 1311
31 1324
31 1681
31 1726
31 1835
32 344
32 458
32 1329
33 85
33 737
33 925
33 1085
33 1676
33 1758
33 1945
34 202
34 834
34 1716
34 1765
35 757
35 1344
35 1570
35 1683
36 177
36 477
36 589
36 1004
36 1141
36 1320
36 1451
36 1560
36 1984
37 82
37 1192
37 1413
37 1896
38 256
38 512
38 591
38 780
39 295
39 364
39 1066
39 1788
40 759
40 1304
41 105
41 1259
41 1595
41 1695
42 172
42 216
42 1712
42 1765
43 51
43 314
43 567
44 103
44 591
44 1764
44 1870
45 607
45 1088
45 1299
47 236
47 715
47 1461
47 1760
48 717
48 744
48 1608
48 1659
48 1773
48 1800
49 521
49 879
49 1078
50 480
51 254
51 517
51 959
51 1672
51 1926
52 67
52 315
52 1732
52 1740
52 1823
53 73
53 526
53 697
53 1039
53 1944
54 279
54 434
54 536
54 1186
54 1263
54 1352
55 89
55 208
55 280
55 635
55 907
56 57
56 133
56 327
56 409
56 649
56 905
56 1686
57 297
57 481
57 618
58 492
58 766
58 1496
58 1635
58 1854
59 755
59 1909
60 1107
61 1491
61 1773
62 694
62 1321
62 1362
62 1583
62 1627
63 258
63 1195
63 1850
64 326
64 481
64 1051
64 1292
65 289
65 980
65 1232
65 1353
66 229
66 957
67 711
67 1083
67 1214
67 1406
68 931
68 952
68 990
69 605
69 1062
69 1524
70 449
70 1738
71 1543
71 1765
71 1900
72 127
72 218
72 473
72 646
72 663
72 1269
72 1383
72 1520
72 1753
73 208
73 381
73 1472
73 1545
74 658
74 694
74 1279
75 109
75 251
75 1003
76 1038
76 1520
77 80
77 673
77 704
77 1276
77 1346
78 178
78 1024
78 1212
78 1800
79 852
79 859
79 1056
79 1349
79 1461
80 240
80 408
80 609
80 802
80 1070
80 1096
80 1485
81 271
81 462
81 980
81 1912
82 579
82 866
82 1252
83 328
83 525
83 566
83 819
83 1454
84 412
84 421
84 645
84 797
84 1883
85 388
85 793
85 1097
85 1280
86 1403
86 1722
86 1935
87 177
87 288
87 327
87 500
87 855
87 961
87 1756
88 807
89 224
89 453
89 561
89 1103
90 99
90 271
90 1010
90 1138
90 1306
90 1854
90 1862
91 1013
91 1208
91 1451
92 231
92 1343
93 422
94 985
94 1562
94 1601
95 1176
95 1260
96 689
96 740
96 1254
96 1935
97 420
97 1581
97 1884
98 148
98 738
99 1129
100 677
100 709
100 1099
100 1469
101 392
101 1663
101 1693
102 114
102 1210
102 1389
102 1601
102 1605
102 1669
103 774
103 1165
103 1875
104 147
105 256
105 365
105 417
105 1078
105 1242
105 1305
105 1390
106 110
106 923
106 1459
106 1912
107 376
107 779
107 852
107 1189
107 1356
107 1781
108 839
108 1308
109 476
109 924
109 1194
110 509
110 652
110 774
110 952
110 1288
111 169
112 459
112 1040
113 687
113 1401
113 1843
113 1946
114 207
114 793
114 1887
114 1911
115 609
115 1269
115 1488
115 1555
115 1641
115 1932
116 308
116 465
116 597
116 818
117 684
117 969
117 1258
117 1588
117 1685
118 220
118 1140
118 1292
118 1731
119 767
119 791
119 1860
120 313
120 576
120 669
120 769
121 1753
122 1041
123 441
123 522
123 1664
124 474
124 775
124 885
124 1639
124 1924
125 280
125 512
125 631
125 878
125 1859
126 152
126 198
126 399
126 634
126 1674
126 1783
127 389
127 688
127 1015
127 1021
127 1204
128 432
128 848
128 856
128 1342
129 317
129 1338
130 465
130 1095
130 1821
131 316
131 742
131 1039
131 1087
131 1109
131 1643
132 921
133 1113
133 1895
134 434
134 1223
134 1415
135 1133
135 1155
136 659
136 895
136 1002
136 1046
137 247
137 531
137 533
137 637
137 860
137 1092
137 1141
138 236
138 1395
139 760
139 1991
140 1384
140 1702
140 1841
141 767
141 1559
141 1563
141 1684
141 1737
142 175
142 506
142 587
142 622
142 1525
142 1576
143 455
143 795
143 1125
143 1648
144 324
144 656
145 354
145 466
145 850
145 1242
145 1329
146 509
146 761
146 878
146 1244
146 1430
147 262
147 1574
149 359
149 1788
150 538
150 1946
151 1411
151 1978
152 1199
152 1672
153 1443
154 905
154 1014
154 1044
154 1182
154 1690
155 465
155 1342
155 1917
155 1997
156 1549
156 1602
157 836
157 1110
157 1577
157 1642
158 765
158 907
158 1520
158 1982
159 1141
159 1350
160 1139
160 1382
160 1554
160 1692
161 545
161 778
161 1030
161 1758
162 485
162 628
162 748
162 1058
162 1973
163 1221
164 859
164 1585
164 1631
164 1705
164 1714
165 261
165 432
165 867
165 1397
165 1565
166 498
166 1592
166 1968
167 409
167 995
167 1553
167 1616
168 1018
168 1787
168 1819
169 212
169 1901
170 186
170 843
170 1025
171 289
171 594
171 1110
171 1833
172 859
172 1412
172 1619
172 1730
173 498
173 1562
173 1771
174 881
174 1722
175 608
176 938
177 186
177 328
177 335
177 382
177 1003
178 815
178 1764
178 1906
178 1919
179 278
179 305
179 568
179 688
179 996
179 1957
180 831
180 1824
181 242
181 1385
181 1628
181 1791
182 778
182 1318
182 1496
183 984
183 1043
183 1046
183 1349
184 963
184 1053
184 1082
185 1305
185 1588
186 1447
187 364
187 503
187 1090
187 1573
188 1691
188 1834
189 675
189 725
189 1347
190 480
190 1362
190 1418
190 1521
190 1623
191 730
191 786
191 1136
192 201
192 767
192 1974
193 547
193 1116
193 1448
193 1688
194 925
194 1288
194 1320
194 1487
194 1534
195 1886
196 285
196 502
196 555
196 1327
196 1370
197 1002
197 1171
198 1085
198 1298
199 543
199 683
199 977
199 1647
200 341
200 536
200 1351
200 1911
200 1929
201 399
201 583
201 1259
201 1459
201 1853
201 1885
202 716
202 1462
203 224
203 984
203 1921
204 885
204 1121
204 1146
204 1374
204 1388
204 1419
204 1473
204 1632
205 1201
205 1525
205 1588
205 1682
206 506
206 947
206 1789
207 865
207 1291
207 1484
207 1698
208 1122
209 1028
209 1797
210 540
210 874
211 375
211 656
211 834
211 1441
211 1718
212 629
212 1862
212 1943
213 452
213 1355
213 1876
214 853
214 1140
215 702
216 1078
216 1601
216 1791
217 317
217 379
217 1464
217 1697
218 295
218 451
218 481
218 943
218 1044
219 271
219 347
219 1049
219 1251
219 1769
219 1857
220 389
220 516
220 1279
220 1436
221 352
221 492
221 924
221 1365
221 1645
221 1711
221 1840
222 649
222 936
223 1059
224 989
224 1709
224 1797
225 1249
225 1286
226 1893
227 276
227 408
227 539
227 960
227 1680
228 848
228 1527
228 1566
229 799
229 991
229 1261
229 1550
230 568
230 1030
230 1715
230 1809
231 443
231 703
231 1492
232 678
232 1551
232 1655
233 364
233 513
233 686
233 1177
234 1655
234 1739
234 1951
235 838
235 1146
235 1285
236 875
236 1182
236 1303
236 1670
237 942
237 956
237 1380
237 1669
238 284
238 619
238 1493
239 377
239 724
239 933
239 1463
239 1548
239 1960
240 1212
240 1276
240 1353
241 262
241 495
241 552
241 1825
243 881
243 1053
243 1187
243 1602
243 1875
244 696
244 1006
244 1025
244 1311
244 1415
245 365
245 563
245 850
245 1125
245 1470
245 1798
245 1831
245 1903
246 1266
246 1847
247 831
247 985
247 1577
247 1988
248 469
248 1127
248 1891
249 599
249 895
249 1540
249 1893
250 1342
251 313
251 622
251 1289
251 1513
252 351
252 842
252 930
252 979
252 1024
253 365
253 479
253 601
253 715
253 1304
253 1446
253 1637
253 1825
254 276
255 330
255 374
256 460
256 704
256 1077
256 1717
256 1778
256 1785
256 1945
257 633
257 1380
257 1869
258 923
258 974
258 1158
258 1412
258 1473
259 1167
259 1190
259 1467
259 1555
260 311
260 486
260 1194
260 1600
260 1857
261 352
261 660
261 1128
261 1220
261 1333
261 1557
261 1630
261 1847
262 1821
263 1540
264 425
264 907
264 984
264 1726
264 1951
265 1561
266 896
266 1108
267 600
267 623
267 736
267 1728
267 1974
268 432
268 579
268 598
268 1025
268 1673
268 1674
269 475
270 1318
270 1586
270 1807
270 1860
273 1828
273 1853
274 1370
274 1558
275 434
275 998
275 1302
276 1655
277 391
277 413
277 1707
277 1893
278 1140
278 1495
278 1993
279 286
279 844
279 934
279 1040
279 1911
280 845
281 734
281 1238
281 1521
281 1876
281 1985
282 346
283 552
283 1423
283 1812
284 1452
284 1745
284 1850
285 356
285 361
285 573
285 1164
285 1837
286 779
286 1011
286 1098
286 1174
286 1538
286 1753
287 492
287 670
288 532
288 949
288 1334
288 1733
289 333
289 498
289 890
289 1260
290 310
290 787
290 882
290 917
290 1070
290 1904
291 1124
291 1326
291 1516
291 1895
291 1982
292 742
292 777
292 1169
292 1908
293 837
293 1317
293 1828
293 1982
294 999
294 1004
294 1114
294 1150
295 636
295 683
295 815
295 1057
295 1155
296 778
296 921
296 1423
296 1750
296 1855
297 942
297 1506
297 1637
297 1776
298 1110
298 1181
298 1527
299 1043
299 1240
299 1658
299 1966
300 945
300 1367
300 1909
301 887
301 1257
301 1675
302 696
302 859
302 1113
303 551
303 698
303 807
303 1186
304 351
304 1236
305 562
305 607
305 860
305 1657
305 1703
306 413
306 549
306 812
306 1393
307 489
307 841
307 1346
307 1551
308 724
308 915
308 1126
308 1342
308 1451
308 1771
308 1868
309 492
309 1095
309 1426
309 1935
310 362
310 841
310 1892
311 565
312 590
312 797
312 1346
312 1588
312 1877
313 1143
313 1846
314 1692
314 1842
315 593
315 610
316 1146
316 1542
316 1569
317 1372
318 469
318 734
319 365
319 941
319 1223
319 1372
319 1972
320 626
320 762
320 896
320 1370
320 1447
321 685
321 1074
321 1750
322 1521
322 1994
323 1742
323 1984
324 1373
324 1608
324 1936
325 389
325 413
325 420
326 556
326 930
326 1970
326 1975
327 344
328 470
328 773
328 818
328 1347
328 1889
329 496
329 576
329 1445
329 1811
330 426
330 830
330 1814
331 1189
331 1699
331 1991
332 400
332 848
332 1900
333 384
333 708
333 1119
333 1219
333 1693
333 1849
334 697
334 1140
334 1597
336 952
336 1446
336 1594
336 1894
338 423
338 1927
339 347
339 1954
340 1133
340 1332
340 1570
341 1697
342 1515
342 1585
343 1371
343 1895
344 439
344 531
344 581
344 814
344 1177
344 1667
344 1816
344 1867
344 1908
345 1729
346 1057
346 1696
346 1851
347 587
347 1029
347 1809
347 1941
348 387
348 1975
348 1987
349 754
349 1096
349 1140
350 821
350 1171
351 665
351 957
351 1453
351 1731
352 799
352 843
352 1003
352 1124
352 1581
354 903
354 1340
354 1674
355 499
355 1155
355 1959
356 386
356 624
356 1027
356 1467
357 1200
357 1597
357 1653
358 471
358 1131
358 1701
358 1800
358 1938
359 511
360 1941
361 990
361 1444
361 1503
362 1088
362 1239
362 1632
363 1000
364 994
364 1871
364 1882
365 656
365 742
365 1033
365 1603
365 1862
366 403
366 476
366 1349
367 620
367 1461
368 1294
368 1502
369 488
369 634
369 664
370 905
370 978
370 1003
370 1570
370 1973
371 438
371 1111
371 1120
371 1170
371 1424
371 1822
372 498
372 1268
372 1501
373 1768
374 715
374 995
374 1073
374 1425
376 684
376 828
376 877
376 1333
377 475
377 1989
378 1592
378 1767
379 444
379 629
379 1286
379 1823
379 1846
380 427
380 533
380 1432
380 1988
381 1242
382 1172
382 1364
382 1432
383 651
384 1517
385 789
385 1889
385 1912
385 1971
386 413
386 432
386 733
386 789
386 1995
387 491
387 1753
388 859
388 1166
388 1380
389 751
389 1013
390 1691
390 1773
391 409
391 417
391 554
391 833
391 1183
391 1243
391 1302
391 1703
391 1901
391 1983
392 522
392 1116
392 1402
392 1713
392 1832
393 982
393 1088
393 1269
393 1849
394 556
394 955
394 1173
394 1235
394 1283
395 502
395 1178
395 1664
395 1852
395 1932
395 1967
397 657
397 1409
397 1837
398 1043
399 918
399 1558
399 1954
400 611
400 1080
400 1232
400 1614
401 868
401 1206
402 838
403 808
403 1329
403 1390
403 1802
404 768
404 1485
404 1747
404 1854
405 568
405 898
405 1515
405 1955
406 572
406 744
406 869
406 879
406 1434
406 1959
409 1199
409 1675
410 1171
410 1783
411 495
411 1647
411 1959
412 1094
412 1313
412 1846
413 711
413 1003
413 1770
414 1408
415 790
415 1917
416 662
416 844
416 965
416 1269
417 1381
417 1457
417 1667
417 1761
418 970
418 1467
418 1741
419 873
419 1015
420 620
420 1405
420 1814
421 1419
421 1670
421 1841
422 531
422 560
422 1187
423 633
423 1464
423 1744
424 869
424 1767
424 1815
425 654
425 1211
425 1672
426 1175
427 491
427 715
427 1722
428 581
428 820
429 1721
429 1959
430 583
430 1180
431 1238
431 1282
431 1555
431 1677
431 1763
432 584
432 799
432 895
432 1334
432 1649
433 959
433 1099
433 1465
433 1857
434 1942
435 573
435 715
436 709
436 741
436 857
436 920
436 1153
437 536
437 940
437 1422
437 1708
438 802
438 1832
438 1852
439 582
439 860
439 935
439 972
439 1001
439 1190
439 1269
439 1528
439 1602
440 852
440 1280
441 1114
441 1504
441 1759
442 648
442 1322
442 1689
444 1097
445 471
445 1773
446 1917
447 521
447 1855
448 485
448 625
448 960
448 1919
449 621
449 785
449 1387
449 1446
450 588
450 1016
451 1240
452 570
452 694
452 1107
452 1131
452 1478
453 691
453 1089
453 1238
453 1809
454 1020
454 1024
454 1342
455 622
455 1471
455 1933
456 673
456 816
456 851
456 1758
457 814
457 1008
457 1709
457 1895
458 971
458 1109
458 1639
459 1558
461 1383
462 533
462 1772
462 1962
463 588
464 547
464 1265
464 1840
465 1435
466 1035
466 1356
467 827
467 1162
467 1287
467 1300
467 1318
467 1632
468 591
468 927
468 1262
468 1726
469 476
469 575
469 1003
469 1328
470 1020
470 1433
471 512
471 955
471 1852
471 1984
472 985
472 1174
472 1540
472 1921
473 1550
473 1635
473 1637
473 1667
474 840
474 870
475 1386
475 1565
476 909
476 1296
477 835
478 529
478 784
478 930
478 985
478 1773
479 770
479 859
479 1554
480 1018
480 1192
481 823
481 1422
481 1473
481 1594
482 868
482 908
483 955
483 1095
483 1101
483 1635
483 1759
483 1940
484 776
484 1475
485 575
485 1867
485 1868
486 487
486 611
486 1109
486 1455
486 1593
486 1820
487 935
487 968
487 1706
488 1804
489 938
489 1157
490 874
490 1074
490 1438
490 1649
491 823
491 1636
491 1689
492 1141
492 1362
492 1793
493 977
493 1261
493 1269
493 1399
494 637
494 698
494 921
494 1542
494 1633
495 1526
495 1796
496 1073
496 1266
496 1358
496 1389
496 1981
497 618
497 1465
497 1490
497 1581
497 1617
498 632
498 1041
498 1997
499 1714
499 1836
499 1905
500 636
500 1576
500 1688
501 537
501 681
501 781
501 1688
502 997
502 1342
502 1376
502 1614
503 1270
503 1753
503 1953
504 667
504 750
504 1219
504 1864
505 565
505 1540
506 695
506 982
506 1138
507 1017
507 1955
507 1975
508 1425
509 730
509 1346
509 1521
509 1608
511 778
511 1677
511 1741
513 1614
514 1116
514 1449
514 1798
514 1916
515 553
515 702
515 716
515 1171
516 1553
516 1884
517 1507
517 1874
518 1595
519 1161
519 1750
520 622
520 664
520 812
520 822
520 994
520 1892
521 1166
521 1265
523 963
523 1228
523 1380
523 1513
523 1631
523 1650
523 1677
524 878
524 1004
524 1366
525 724
525 1182
526 661
526 1057
526 1358
526 1832
527 1025
527 1449
527 1461
528 721
528 1009
528 1155
528 1335
528 1359
528 1842
529 1116
529 1359
530 1919
530 1936
532 1982
533 546
533 666
533 991
533 1150
533 1248
533 1378
533 1765
533 1789
534 1169
534 1844
535 910
535 1183
535 1388
535 1428
535 1623
536 758
537 1579
538 549
539 770
539 775
539 1110
539 1829
539 1917
540 1436
540 1486
541 950
541 1171
542 726
542 1274
542 1421
542 1789
543 666
543 749
543 880
544 676
544 845
544 1398
545 1344
545 1851
546 1710
546 1973
547 757
547 1042
547 1390
547 1527
548 1131
548 1358
548 1730
549 563
549 796
549 975
549 1240
549 1658
549 1921
550 958
550 1284
550 1852
551 1153
551 1584
551 1605
551 1977
552 1083
553 1315
553 1362
554 558
554 1014
554 1317
555 768
556 745
556 1943
556 1957
557 1397
557 1910
557 1999
558 889
558 1027
558 1370
559 1904
559 1942
561 911
561 1254
562 1076
562 1995
563 770
563 956
563 1036
563 1167
563 1276
563 1871
564 684
564 1049
564 1476
565 751
565 754
565 785
565 1055
565 1169
565 1521
566 1293
567 1694
568 729
568 1179
569 902
569 1620
569 1626
569 1968
570 1502
570 1685
570 1816
570 1866
571 973
572 841
572 1258
572 1653
573 830
573 935
573 1045
573 1654
574 1123
574 1539
574 1964
575 884
575 951
575 1869
576 604
576 1288
576 1511
577 1173
577 1259
578 831
578 945
578 1181
578 1389
578 1707
578 1733
579 1089
579 1787
579 1789
580 1794
581 1260
581 1919
582 694
582 702
582 1300
582 1555
582 1946
583 949
583 1056
584 1775
585 948
585 1705
586 874
586 1308
587 1565
587 1804
588 702
588 1068
588 1847
589 838
589 998
589 1881
590 1573
590 1822
591 721
592 1008
592 1390
593 1070
593 1116
593 1864
594 1169
594 1470
594 1760
595 844
595 869
595 1073
595 1861
598 919
598 1214
598 1966
599 657
599 829
599 1989
600 1027
600 1126
600 1169
600 1421
600 1966
601 1355
601 1502
602 1068
602 1480
602 1899
603 774
604 661
604 1160
605 793
605 899
606 736
606 746
606 1241
606 1562
607 662
607 949
607 1103
608 1163
608 1250
609 1932
610 974
610 1047
610 1562
611 1207
611 1653
612 744
612 1579
613 1251
613 1483
613 1726
614 1145
614 1447
615 719
615 1541
616 1504
617 873
617 1334
617 1750
617 1755
617 1815
618 1118
618 1220
619 825
619 1299
619 1420
619 1431
619 1531
619 1699
619 1872
620 671
620 1937
621 851
621 1293
621 1756
621 1988
622 1779
623 1644
624 1552
625 1014
625 1379
626 1047
626 1264
627 902
627 1150
627 1774
628 848
628 895
628 1106
629 954
629 1636
630 804
630 1546
630 1789
630 1891
631 1685
632 1014
632 1051
632 1771
633 883
633 1069
634 873
634 1214
634 1420
635 873
636 709
637 841
637 866
637 904
637 1483
637 1688
639 1003
639 1050
639 1670
640 1158
641 1021
641 1182
641 1202
642 787
642 1725
643 697
643 1260
643 1390
643 1922
644 791
644 1555
644 1966
645 1248
645 1625
645 1941
646 919
646 1317
647 661
647 851
648 1099
648 1299
648 1572
649 1048
649 1481
649 1529
650 1058
651 1882
652 889
652 993
652 1770
652 1929
652 1933
653 1444
654 1072
655 876
655 1403
655 1412
656 1397
656 1715
657 1053
657 1403
657 1497
657 2000
658 781
658 1951
659 1811
660 743
660 846
660 979
661 724
661 1484
661 1616
662 1282
662 1423
662 1495
663 1795
663 1939
664 1288
665 843
665 1452
666 927
666 1772
667 1008
667 1134
667 1301
668 1728
669 1063
669 1265
670 1283
670 1857
671 964
671 1029
672 844
673 1648
674 1590
675 677
675 802
675 1941
676 1133
676 1674
676 1750
677 728
677 1546
678 1124
678 1393
678 1960
679 832
679 1335
679 1548
679 1663
679 1727
680 1355
680 1470
681 1360
681 1364
682 715
682 1746
683 806
683 866
683 1045
684 732
685 916
685 972
685 1566
685 1647
685 1695
685 1897
686 1166
686 1349
687 960
687 1603
687 1996
689 885
690 784
691 1042
691 1385
691 1548
692 1139
692 1982
693 1103
693 1170
693 1191
693 1325
693 1360
693 1446
694 1132
695 993
695 1179
696 1529
696 1530
696 1961
697 1055
697 1698
697 1885
698 795
698 1477
698 1832
700 1640
701 974
701 1141
701 1897
702 755
702 1543
702 1937
703 1276
703 1718
704 1063
705 1332
705 1761
706 890
706 973
706 1262
707 1027
707 1378
707 1660
707 1809
708 783
708 1035
708 1095
708 1259
709 994
709 1315
709 1639
709 1734
710 868
710 1203
710 1546
710 1904
711 1596
711 1653
711 1987
712 1374
712 1505
713 840
713 1091
713 1282
713 1292
713 1386
713 1968
714 1882
715 1203
715 1442
715 1460
715 1634
716 1055
716 1264
717 895
717 911
717 1592
717 1701
717 1953
718 735
719 1262
719 1333
720 1040
720 1064
720 1672
720 1797
722 1460
723 1252
723 1516
723 1890
725 1380
725 1496
727 852
727 921
727 1117
727 1160
727 1697
727 1741
727 1826
728 862
728 1407
728 1529
728 1611
729 1817
730 883
731 994
731 1646
734 1305
734 1421
734 1635
735 1488
735 1943
736 1927
737 986
737 1564
738 1559
738 1717
739 1405
739 1450
739 1940
740 1265
740 1341
740 1435
740 1663
741 750
741 807
741 1249
741 1615
741 1886
743 992
743 1302
743 1363
744 1984
745 992
745 1109
745 1914
746 1011
746 1437
746 1729
747 1258
747 1581
748 1049
748 1058
748 1454
748 1673
748 1904
749 972
749 1225
750 1691
751 868
751 1335
751 1425
752 1762
754 830
754 1597
755 1273
755 1330
755 1699
755 1724
756 862
756 1920
757 838
757 1006
758 1214
758 1218
758 1280
758 1809
759 952
759 975
759 1094
760 973
760 1064
760 1561
762 777
762 1184
762 1683
763 771
763 956
763 1276
763 1453
763 1690
764 883
764 981
764 1183
764 1707
765 1388
765 1537
765 1686
766 1679
766 1796
767 1466
768 1000
768 1146
768 1235
768 1259
768 1574
768 1993
769 909
769 972
769 1200
770 1207
770 1930
771 1759
772 880
772 1138
773 1077
775 1014
775 1131
776 1330
776 1890
777 885
777 997
777 1021
777 1411
777 1642
777 1663
777 1797
777 1859
777 1947
778 866
778 1513
778 1903
779 1378
779 1703
779 1739
779 1849
780 1219
780 1878
781 1050
782 873
782 1605
782 1837
783 912
783 1437
783 1708
784 1226
784 1302
784 1376
784 1377
784 1575
784 1875
785 1262
785 1932
786 823
787 1176
787 1528
788 1436
788 1559
790 879
790 1315
790 1350
790 1686
790 1883
790 1926
792 1924
793 893
793 963
793 1650
793 1803
794 890
794 1456
795 822
795 1100
795 1822
795 1909
797 825
797 1422
797 1770
797 1964
798 838
798 1359
798 1973
799 1080
799 1119
799 1195
799 1482
800 962
800 964
800 1358
801 1332
801 1720
802 1590
802 1894
803 1312
804 1535
805 1510
806 916
806 1482
807 952
808 992
808 1053
809 1453
809 1807
810 816
810 958
810 1185
811 1686
812 1315
812 1745
813 1274
814 1223
814 1355
814 1439
814 1854
815 1534
815 1924
816 1541
816 1688
820 1265
820 1339
820 1610
821 1623
821 1677
822 1132
822 1247
822 1602
823 1181
823 1341
823 1875
824 1472
824 1510
825 1191
825 1602
825 1802
826 1159
828 1129
829 1624
830 1696
830 1908
831 1057
832 1545
833 962
833 1425
833 1464
833 1801
834 1375
834 1591
835 934
835 1725
836 1057
836 1700
837 943
838 1055
838 1070
841 1040
841 1075
841 1223
841 1597
842 903
842 1317
843 1078
843 1180
843 1181
844 1163
844 1597
845 849
845 1067
845 1325
846 924
846 1523
847 971
847 1657
847 1757
848 880
848 884
848 1190
848 1683
849 1154
849 1226
850 1666
851 1396
852 1018
852 1676
852 1682
853 1116
854 1242
854 1274
854 1644
854 1747
854 1874
855 1002
855 1212
856 917
857 861
857 882
857 1013
857 1400
857 1669
858 1042
858 1547
858 1549
859 1361
859 1364
859 1621
860 1475
861 1063
861 1869
862 934
862 1584
863 1369
863 1890
864 1408
866 1466
866 1959
867 1068
867 1141
867 1145
867 1273
868 1667
869 1403
869 1939
870 920
870 1682
870 1867
871 998
871 1028
871 1707
872 1158
872 1220
872 1653
873 1897
874 1883
875 1233
875 1893
876 1370
876 1613
877 1018
877 1341
877 1554
877 1667
878 1422
880 1101
882 1071
882 1357
883 1072
883 1200
883 1700
883 1976
884 1591
886 1270
886 1732
887 1734
888 1915
889 1245
889 1352
890 1183
890 1866
891 1055
891 1531
891 1913
892 1008
892 1469
892 1550
893 1108
893 1868
894 1379
895 1575
895 1639
896 1016
896 1198
896 1322
896 1792
896 1867
897 952
897 1122
897 1342
897 1420
897 1535
897 1952
898 1543
898 1744
898 1820
899 1749
900 1946
901 1678
902 1005
902 1107
902 1409
902 1478
903 1203
904 1225
904 1381
904 1532
905 1209
906 1687
906 1759
906 1958
907 1488
907 1612
908 1899
909 1011
909 1016
909 1570
910 968
910 1063
911 1476
911 1821
912 1171
912 1393
912 1685
913 1074
913 1574
914 1549
914 1837
914 1963
915 1587
915 1724
915 1882
917 1103
917 1356
917 1416
917 1640
917 1696
917 1925
918 1274
918 1490
918 1873
919 1610
919 1922
920 1112
921 1656
921 1967
922 1600
922 1896
923 1367
923 1640
924 928
924 934
924 1344
924 1515
924 1652
925 1195
926 1200
927 1486
927 1496
929 974
929 1428
929 1698
930 1935
930 1940
930 1945
931 1201
931 1853
932 1986
935 1253
935 1432
935 1764
936 1017
936 1775
936 1819
937 1152
937 1987
938 977
940 1635
941 1038
941 1166
941 1192
942 1028
942 1063
942 1291
943 1566
944 1060
945 1476
946 1624
946 1867
946 1926
947 1213
947 1358
947 1503
948 1525
948 1599
948 1956
949 1113
949 1547
950 1277
951 1528
951 1671
952 1738
953 1198
954 1102
954 1640
955 1492
956 1418
956 1572
957 1723
957 1972
958 1127
958 1621
958 1933
958 1939
959 1043
959 1300
959 1882
959 1988
960 1495
960 1683
960 1819
961 1121
962 1297
963 1318
964 998
964 1120
964 1556
964 1584
965 1056
965 1373
965 1819
965 1903
967 1826
968 1148
969 1156
970 1714
971 1113
971 1412
971 1649
972 1244
972 1358
972 1621
973 1161
973 1547
975 1431
975 1858
976 1616
977 1909
978 1031
978 1464
978 1561
978 1946
978 1950
980 1779
980 1887
980 1964
982 1510
983 1579
983 1813
984 1367
985 1332
985 1485
985 1767
985 1801
985 1849
985 1964
985 1970
986 1356
986 1865
988 1169
988 1992
989 1066
989 1205
989 1357
990 1246
991 1423
991 1771
991 1804
992 1134
992 1471
992 1530
992 1877
993 1581
993 1749
994 1945
995 1240
996 1706
997 1959
999 1718
1000 1680
1001 1399
1001 1689
1002 1076
1002 1320
1002 1439
1003 1103
1003 1510
1003 1720
1004 1351
1004 1794
1004 1865
1005 1147
1005 1167
1005 1332
1006 1536
1007 1214
1007 1437
1007 1594
1007 1908
1008 1112
1008 1599
1009 1194
1009 1607
1009 1978
1010 1284
1010 1384
1010 1600
1010 1747
1011 1148
1011 1287
1012 1028
1012 1450
1012 1636
1012 1970
1013 1071
1013 1363
1013 1902
1016 1103
1016 1211
1016 1297
1016 1475
1017 1272
1017 1443
1017 1487
1017 1589
1018 1585
1019 1064
1020 1064
1020 1187
1020 1254
1020 1559
1020 1587
1021 1105
1021 1442
1022 1080
1022 1308
1022 1519
1024 1109
1024 1598
1024 1874
1025 1237
1026 1198
1026 1449
1026 1548
1026 1785
1027 1277
1028 1368
1029 1324
1029 1730
1031 1951
1032 1514
1033 1194
1033 1263
1033 1684
1034 1152
1034 1240
1034 1478
1034 1790
1035 1374
1036 1042
1037 1076
1037 1426
1037 1550
1037 1631
1039 1420
1039 1427
1039 1571
1039 1920
1040 1109
1040 1187
1042 1232
1042 1460
1043 1333
1043 1883
1045 1420
1045 1658
1046 1179
1046 1426
1046 1870
1048 1799
1049 1631
1050 1335
1050 1671
1053 1061
1053 1576
1053 1636
1053 1794
1055 1998
1057 1144
1057 1319
1057 1487
1057 1785
1057 1996
1059 1374
1060 1196
1061 1165
1062 1132
1062 1306
1062 1641
1062 1754
1062 1936
1063 1468
1063 1786
1064 1171
1064 1494
1064 1564
1065 1293
1065 1847
1065 1892
1066 1714
1067 1406
1067 1997
1068 1912
1069 1180
1069 1670
1069 1965
1070 1671
1071 1541
1071 1685
1072 1614
1072 1642
1072 1739
1074 1161
1074 1598
1074 1729
1074 1952
1075 1178
1075 1244
1075 1637
1076 1255
1076 1409
1076 1630
1076 1658
1076 1860
1077 1383
1077 1514
1077 1848
1078 1846
1078 1929
1079 1972
1079 1989
1080 1682
1081 1369
1081 1392
1081 1712
1082 1655
1082 1855
1083 1283
1083 1396
1083 1673
1083 1774
1084 1208
1084 1577
1085 1761
1085 1921
1086 1903
1088 1531
1088 1791
1088 1964
1089 1775
1090 1360
1090 1719
1092 1504
1093 1314
1094 1597
1094 1958
1095 1598
1097 1138
1097 1459
1097 1478
1097 1760
1097 1851
1098 1327
1098 1493
1098 1760
1099 1607
1099 1793
1099 1804
1099 1922
1100 1448
1101 1853
1101 1898
1102 1569
1103 1376
1104 1335
1104 1599
1104 1999
1105 1440
1105 1590
1107 1378
1107 1489
1108 1154
1108 1227
1108 1563
1108 1687
1108 1740
1110 1752
1111 1455
1111 1626
1111 1977
1113 1118
1113 1792
1115 1398
1115 1540
1116 1389
1117 1274
1119 1922
1120 1336
1120 1813
1120 1939
1121 1847
1122 1480
1124 1305
1126 1397
1126 1790
1127 1207
1127 1232
1127 1613
1130 1279
1130 1565
1131 1219
1131 1352
1132 1138
1132 1834
1133 1220
1133 1687
1134 1143
1134 1445
1135 1173
1135 1337
1136 1348
1137 1740
1139 1186
1139 1848
1139 1934
1140 1684
1141 1285
1141 1673
1143 1201
1145 1578
1146 1927
1148 1180
1148 1300
1149 1280
1149 1852
1150 1568
1150 1602
1152 1290
1153 1723
1154 1239
1154 1737
1155 1272
1155 1511
1156 1860
1158 1722
1159 1226
1159 1441
1160 1217
1161 1983
1162 1622
1162 1989
1163 1216
1163 1428
1164 1485
1165 1176
1165 1728
1165 1784
1165 1884
1166 1280
1166 1344
1166 1558
1168 1694
1168 1716
1168 1850
1168 1937
1170 1502
1171 1860
1172 1540
1172 1817
1173 1713
1175 1474
1177 1226
1178 1373
1178 1631
1178 1819
1179 1212
1180 1309
1180 1339
1180 1553
1180 1971
1181 1432
1181 1954
1182 1324
1183 1296
1183 1883
1185 1418
1185 1724
1187 1734
1188 1794
1189 1695
1190 1405
1190 1515
1190 1631
1191 1880
1192 1420
1193 1974
1194 1937
1196 1465
1197 1211
1198 1634
1198 1727
1198 1839
1198 1974
1201 1555
1201 1693
1201 1875
1203 1211
1203 1329
1204 1225
1204 1585
1204 1732
1204 1986
1205 1248
1205 1828
1207 1707
1208 1322
1209 1275
1209 1352
1210 1898
1210 1901
1211 1382
1211 1792
1212 1237
1212 1751
1212 1933
1213 1438
1213 1649
1215 1500
1215 1591
1215 1909
1216 1673
1216 1881
1217 1625
1217 1746
1218 1268
1218 1732
1219 1800
1219 1971
1220 1531
1221 1775
1222 1399
1222 1511
1222 1680
1223 1509
1223 1800
1224 1940
1225 1515
1225 1915
1225 1952
1226 1825
1227 1531
1227 1684
1227 1868
1228 1618
1228 1697
1229 1572
1229 1954
1230 1444
1230 1855
1231 1624
1234 1561
1235 1455
1235 1590
1235 1703
1236 1935
1237 1384
1237 1729
1237 1775
1238 1599
1238 1732
1238 1812
1238 1909
1239 1361
1239 1454
1239 1689
1240 1645
1240 1680
1241 1447
1241 1453
1241 1671
1241 1714
1241 1923
1242 1786
1242 1843
1242 1912
1245 1491
1245 1537
1245 1620
1245 1973
1246 1287
1248 1310
1248 1628
1249 1501
1249 1775
1250 1303
1250 1828
1252 1734
1252 1735
1252 1889
1252 1944
1253 1403
1253 1569
1253 1940
1254 1311
1255 1257
1255 1967
1256 1312
1256 1462
1256 1592
1258 1348
1259 1338
1259 1788
1260 1468
1260 1669
1260 1886
1262 1900
1263 1424
1263 1478
1263 1699
1264 1585
1266 1792
1268 1456
1268 1999
1270 1752
1271 1401
1272 1463
1272 1470
1273 1396
1273 1977
1274 1285
1274 1519
1275 1404
1275 1527
1275 1879
1276 1397
1277 1717
1277 1997
1280 1527
1281 1403
1283 1853
1283 1883
1284 1710
1284 1879
1286 1728
1288 1852
1289 1529
1290 1534
1290 1925
1291 1524
1293 1582
1294 1680
1294 1780
1294 1878
1294 1946
1297 1378
1298 1383
1299 1923
1301 1631
1303 1807
1304 1629
1306 1793
1307 1377
1307 1604
1308 1538
1310 1355
1310 1659
1311 1368
1311 1453
1312 1351
1313 1337
1313 1827
1314 1625
1314 1947
1315 1803
1316 1396
1316 1659
1316 1852
1316 1911
1317 1699
1319 1795
1319 1938
1320 1398
1321 1357
1321 1697
1322 1461
1322 1696
1323 1745
1324 1416
1324 1625
1324 1656
1325 1935
1327 1947
1327 1974
1328 1579
1329 1580
1329 1615
1329 1663
1329 1909
1330 1487
1331 1523
1332 1729
1334 1342
1335 1786
1336 1742
1336 1788
1336 1991
1337 1625
1337 1779
1338 1420
1338 1890
1339 1714
1339 1756
1340 1941
1341 1578
1341 1932
1342 1353
1342 1998
1343 1793
1344 1481
1346 1950
1349 1418
1349 1534
1351 1377
1351 1972
1352 1746
1352 1840
1353 1938
1354 1575
1354 1705
1355 1722
1360 1521
1360 1538
1361 1798
1361 1816
1363 1477
1364 1533
1365 1531
1365 1802
1366 1454
1366 1518
1366 1861
1367 1818
1369 1946
1370 1496
1370 1500
1370 1855
1370 1927
1371 1530
1371 1571
1372 1536
1372 1777
1372 1908
1374 1635
1375 1837
1376 1497
1376 1915
1377 1681
1377 1721
1378 1438
1380 1642
1382 1531
1383 1560
1383 1627
1384 1977
1386 1464
1386 1841
1387 1512
1387 1818
1388 1499
1389 1393
1389 1494
1389 1609
1391 1643
1391 1787
1391 1920
1394 1553
1395 1892
1398 1918
1399 1691
1400 1796
1402 1429
1402 1619
1402 1724
1405 1445
1405 1473
1407 1693
1407 1741
1409 1777
1411 1475
1411 1499
1411 1572
1411 1747
1411 1777
1412 1723
1413 1574
1413 1937
1414 1799
1416 1547
1418 1503
1421 1632
1422 1497
1422 1719
1423 1818
1424 1525
1424 1815
1425 1736
1425 1857
1425 1919
1426 1632
1426 1787
1427 1674
1427 1883
1429 1441
1430 1534
1430 1798
1432 1668
1432 1674
1433 1803
1435 1621
1435 1976
1436 1437
1436 1710
1438 1780
1438 1950
1440 1691
1440 1755
1440 1831
1441 1606
1441 1636
1442 1505
1442 1518
1444 1928
1446 1555
1446 1744
1446 1873
1447 1927
1448 1965
1449 1610
1450 1485
1450 1935
1453 1881
1454 1629
1454 1803
1455 1640
1455 1641
1456 1551
1456 1621
1456 1670
1456 1996
1457 1461
1462 1597
1462 1961
1463 1545
1463 1570
1463 1869
1465 1488
1465 1820
1465 1853
1468 1686
1468 1787
1469 1919
1470 1613
1471 1765
1472 1512
1474 1555
1474 1727
1474 1892
1475 1481
1475 1701
1475 1958
1476 1511
1476 1733
1476 1773
1477 1878
1478 1560
1478 1611
1479 1491
1482 1686
1484 1949
1486 1757
1489 1634
1490 1941
1491 1647
1491 1758
1492 1750
1498 1849
1498 1983
1499 1645
1500 1877
1502 1723
1502 1867
1503 1966
1504 1996
1505 1799
1506 1517
1506 1694
1506 1819
1506 1998
1509 1834
1511 1534
1512 1533
1514 1735
1514 1867
1515 1561
1515 1663
1515 1904
1517 1681
1517 1782
1517 1965
1519 1927
1520 1664
1521 1948
1522 1579
1522 1719
1524 1890
1525 1832
1525 1841
1526 1678
1526 1978
1527 1730
1531 1664
1532 1741
1532 1803
1533 1700
1533 1901
1534 1566
1534 1954
1535 1738
1535 1770
1535 1964
1536 1709
1537 1591
1537 1606
1537 1892
1537 1915
1538 1827
1539 1607
1539 1666
1541 1561
1542 1601
1542 1845
1543 1717
1546 1753
1548 1603
1548 1736
1548 1926
1550 1734
1550 1862
1551 1927
1553 1685
1554 1624
1555 1610
1556 1635
1556 1934
1556 1966
1560 1967
1561 1846
1563 1775
1566 1773
1567 1700
1567 1781
1567 1936
1568 1730
1572 1972
1573 1598
1573 1796
1575 1942
1575 1944
1582 1783
1582 1836
1582 1988
1585 1618
1586 1698
1586 1915
1587 1595
1591 1998
1592 1658
1594 1826
1595 1966
1597 1820
1598 1721
1599 1954
1600 1613
1600 1737
1600 1826
1600 1965
1604 1684
1604 1732
1606 1700
1608 1625
1609 1791
1611 1746
1612 1661
1613 1894
1613 1939
1615 1647
1615 1899
1616 1958
1620 1728
1621 1999
1624 1821
1625 1690
1627 1911
1629 1956
1630 1663
1632 1651
1635 1755
1635 1877
1637 1740
1643 1851
1647 1921
1650 1714
1650 1803
1650 1893
1651 1812
1651 1827
1655 1864
1655 1875
1656 1840
1657 1698
1657 1841
1660 1735
1661 1749
1665 1699
1667 1746
1668 1714
1669 1965
1670 1945
1672 1742
1673 1720
1675 1795
1676 1813
1677 1968
1678 1700
1680 1967
1680 1997
1681 1822
1681 1968
1682 1689
1684 1693
1684 1967
1687 1821
1689 1962
1690 1840
1691 1918
1693 1721
1693 1725
1693 1766
1695 1747
1696 1883
1697 1904
1697 1937
1700 1759
1700 1993
1703 1909
1706 1751
1707 1946
1708 1855
1708 1875
1710 1816
1711 1831
1714 1874
1715 1956
1721 1898
1724 1941
1725 1830
1728 1955
1730 1771
1730 1862
1731 1889
1733 1804
1734 1754
1739 1873
1740 1781
1743 1936
1747 1827
1749 1785
1749 1838
1754 1771
1754 1911
1755 1995
1756 1758
1756 1851
1757 1907
1758 1784
1760 1917
1770 1967
1773 1952
1780 1911
1784 1870
1785 1815
1786 1944
1789 1861
1789 1958
1790 1819
1793 1801
1793 1811
1793 1883
1794 1915
1794 1953
1796 1858
1797 1995
1799 1970
1800 1950
1802 1838
1803 1849
1808 1952
1811 1876
1811 1923
1814 1927
1816 1899
1818 1830
1818 1997
1828 1967
1830 1942
1834 1984
1843 1970
1844 1857
1845 1857
1846 1883
1856 1884
1863 1872
1864 1975
1867 1892
1873 1958
1885 1926
1888 1915
1906 1938
1907 1966
1909 1991
1922 1977
1923 1952
1928 1987
1937 1970
1954 1985
1955 1986