2000
1 931
1 1511
2 1649
3 1186
3 1977
5 801
5 961
5 1040
5 1477
6 1773
8 805
9 388
11 770
11 1012
14 1001
14 1214
15 470
15 862
15 1526
16 68
18 1729
19 861
20 53
20 1128
21 422
22 725
22 1670
22 1865
23 531
23 589
24 756
24 1468
26 724
29 910
29 1834
30 1940
30 1980
32 1975
33 669
33 1386
33 1491
33 1770
34 583
34 1594
35 1373
36 770
38 333
38 384
38 737
39 1289
40 1108
40 1210
40 1564
42 612
42 681
42 1716
44 1085
45 998
45 1461
46 1264
47 434
47 733
49 216
50 1978
51 1006
53 1990
54 72
54 376
54 1698
55 780
56 257
56 847
57 1728
59 506
61 356
62 415
64 382
64 433
64 1618
65 761
69 1493
70 1133
70 1337
71 1137
74 252
74 572
74 1850
76 242
76 804
76 1803
78 939
79 621
80 1377
81 767
82 913
82 1114
86 553
86 1357
87 1230
87 1276
88 136
88 1099
90 1782
91 336
93 1275
96 610
97 557
97 1729
101 424
104 1245
104 1295
104 1377
105 439
107 247
108 336
109 1176
111 609
112 1572
113 902
113 1185
113 1556
113 1567
114 309
114 1270
115 1427
115 1678
117 457
117 736
118 636
118 876
119 677
120 148
120 611
123 1205
124 344
124 1605
124 1701
126 1232
127 1943
128 409
128 417
128 1031
129 686
131 1051
132 1720
133 1158
135 439
136 202
136 1667
138 1371
139 231
139 473
139 1808
140 1458
144 336
147 1038
148 328
148 1506
148 1781
150 792
151 629
154 1182
155 1155
155 1852
156 1392
161 439
164 1342
164 1736
165 208
166 1972
167 169
167 368
168 296
168 468
169 1904
173 842
174 563
176 421
178 1297
178 1928
181 1814
183 1667
184 873
187 492
188 1100
189 728
189 1375
191 1387
191 1835
192 721
193 502
195 1428
197 244
198 246
198 248
198 1809
199 1938
200 1399
202 508
202 960
202 985
203 866
204 1128
204 1441
205 660
209 1293
211 328
212 273
212 1081
213 1004
213 1778
215 1144
218 295
220 447
221 963
221 1957
221 1974
222 1862
223 415
224 406
225 263
226 1248
227 884
228 746
229 363
229 646
229 1495
231 672
231 1083
231 1297
231 1352
232 381
232 989
232 1779
232 1834
233 841
234 279
234 281
234 750
234 810
235 1007
236 328
236 843
236 1713
237 1134
238 1453
240 251
242 350
242 1907
243 1120
243 1209
244 996
244 1600
246 689
246 1430
246 1673
247 350
247 683
247 757
248 1942
249 936
249 1427
250 1344
251 1968
253 871
254 923
254 1912
257 764
258 1950
259 923
260 1435
260 1901
261 618
262 293
263 1116
264 382
265 746
265 1773
265 1899
266 1076
266 1877
267 1064
268 716
273 1341
275 641
277 1183
277 1808
278 1014
278 1215
278 1543
279 1109
279 1241
280 1750
281 542
281 1214
282 954
284 320
284 1840
287 1301
288 1534
288 1752
292 759
293 1968
294 1337
295 1172
295 1993
296 1595
297 353
298 1090
299 831
300 1558
301 954
301 970
302 504
304 1006
306 1260
310 670
310 1593
311 1859
312 960
313 634
314 668
318 622
318 1287
318 1397
319 329
320 1570
322 503
324 1048
328 782
330 875
331 471
331 495
331 1520
331 1572
336 560
338 573
338 621
339 583
339 1395
339 1516
340 824
340 1238
341 1193
342 1164
343 1688
344 1496
345 1355
345 1993
346 349
346 407
349 1153
349 1477
350 408
350 886
352 613
352 641
353 675
353 1000
353 1784
353 1786
356 917
356 1288
358 1360
359 1590
361 583
362 664
365 659
365 1465
366 499
367 1989
368 1559
369 557
369 1421
369 1563
371 1707
373 632
374 1158
374 1341
376 700
376 1736
378 546
379 871
379 1840
380 715
384 945
386 1271
386 1655
392 798
392 1633
393 968
396 1499
396 1932
396 1947
398 1676
398 1999
399 537
400 1174
401 1092
402 1882
404 727
404 1233
406 787
406 1031
406 1949
407 596
407 1548
408 1788
409 570
409 1908
410 1136
412 1007
413 1263
413 1416
415 1337
417 1291
417 1532
418 1056
419 521
420 855
420 1319
420 1396
420 1762
421 806
422 1871
422 1958
424 880
428 1110
432 1382
433 888
435 972
436 1742
436 1894
438 1136
439 798
439 881
439 1327
440 851
443 1810
444 557
444 1382
444 1592
445 619
445 1298
445 1729
446 1181
447 1278
448 896
449 917
451 1045
452 850
455 572
457 1212
457 1299
458 923
458 1627
458 1853
459 1067
459 1299
460 1301
463 690
464 1639
468 1439
469 1838
470 1415
470 1506
472 1656
475 799
476 1944
478 1877
480 1342
480 1417
480 1790
481 1443
482 1123
482 1184
483 609
486 613
487 1819
487 1967
490 942
491 703
491 1028
492 1089
492 1436
494 1325
495 1302
496 532
497 1076
499 662
501 1089
502 1582
505 1023
505 1822
507 1353
508 928
508 1841
508 1896
511 899
513 580
514 1182
516 926
516 1632
519 734
519 1644
519 1693
521 837
524 1340
528 1762
529 1653
529 1900
531 1791
532 1226
533 845
533 1280
533 1932
534 1042
536 1034
537 771
538 1298
539 1600
540 553
545 1452
545 1508
545 1776
545 1805
546 657
547 1061
547 1108
551 1893
554 659
554 695
554 704
555 745
558 1213
558 1253
560 914
561 1658
561 1871
562 835
563 1059
565 1730
567 1275
567 1337
567 1676
570 731
570 901
570 1907
571 845
574 1314
574 1619
576 594
576 719
577 930
578 824
579 1007
580 1888
580 1975
581 1435
581 1757
582 1954
583 1189
584 956
584 1331
584 1723
585 923
586 1098
587 1874
587 1885
589 814
589 1154
590 660
591 832
592 918
594 1440
594 1800
597 740
597 1436
597 1851
598 1132
598 1321
599 1058
599 1782
599 1941
600 1413
602 625
602 966
603 1160
605 1668
606 1659
606 1955
608 950
609 1883
610 1743
611 1150
612 1529
612 1620
614 831
615 822
617 979
617 1967
620 961
628 785
628 1386
630 1803
631 899
632 1886
633 661
634 702
634 927
634 1794
634 1963
638 1294
640 1898
641 1131
642 1125
642 1176
643 1424
643 1435
643 1586
646 1419
647 1886
650 1002
650 1412
652 759
653 1590
654 1966
656 805
657 958
657 1099
659 1546
660 864
662 752
662 1023
662 1201
664 1606
664 1948
665 1520
675 1185
676 726
676 1281
678 1802
679 1949
680 688
680 1516
680 1927
680 1943
681 1484
683 1781
683 1984
684 1002
684 1219
684 1344
685 1350
686 914
687 1307
688 957
691 1517
692 905
695 937
697 1320
701 1053
703 709
703 1606
704 1705
705 1003
706 822
706 1505
710 1077
711 1285
715 1671
717 1678
719 1093
720 1015
721 1372
722 953
722 1999
725 1504
726 1548
726 1857
727 1672
732 874
732 1262
733 1650
733 1791
733 1913
737 1508
738 1063
738 1491
738 1546
739 1131
742 1050
745 1673
746 1173
746 1413
748 985
748 1892
750 817
753 1551
754 1748
755 1721
757 1196
757 1280
763 1889
767 1206
768 1538
768 1744
769 1861
770 1075
772 1293
772 1367
773 1158
774 899
774 1890
775 1267
778 1995
783 787
784 1000
785 1576
785 1967
787 991
788 1144
788 1148
788 1543
790 1809
791 1123
791 1644
791 1806
794 945
794 1709
795 1575
798 1167
799 1640
801 1924
802 1646
804 1232
804 1353
809 1085
809 1919
810 1736
814 1865
816 1072
816 1152
817 1333
821 1017
821 1853
822 1513
824 923
824 1075
825 897
826 1049
826 1101
826 1198
828 974
828 1329
831 1550
834 1142
834 1193
834 1505
834 1521
836 1711
837 1288
838 1640
839 1358
840 1579
842 1666
843 1508
845 976
845 1789
846 1400
846 1573
846 1575
847 1572
847 1580
847 1755
849 1028
850 1623
851 1267
857 1577
857 1908
858 873
859 1178
859 1990
860 1995
862 925
862 1649
863 880
863 1947
864 1125
870 1945
873 1941
875 1086
876 912
877 1648
877 1871
878 1492
879 1998
880 1775
881 1471
883 1460
883 1595
885 1065
885 1741
886 1841
886 1939
887 1000
887 1783
889 1617
895 1036
897 1379
898 1597
899 940
900 976
900 1841
902 1351
903 1318
903 1647
903 1797
905 1972
906 995
906 1967
908 1224
908 1281
908 1651
908 1705
910 1865
912 982
915 1959
916 990
916 1647
916 1668
918 1546
919 1002
921 1153
922 1912
924 1026
925 1846
927 1377
930 1450
931 1253
932 1602
935 1346
937 1887
939 1785
940 1019
940 1753
945 1304
945 1651
946 1608
946 1667
947 1028
948 1407
948 1771
949 1239
952 1503
952 1990
953 1813
954 1734
955 1820
957 1482
958 1986
960 1200
960 1802
968 1088
968 1407
968 1743
972 1943
973 1077
973 1718
976 1073
977 1480
978 1161
980 1357
981 1712
983 1350
985 1158
985 1788
987 1137
989 1212
989 1818
993 1896
998 1182
998 1889
1002 1237
1002 1833
1002 1883
1007 1207
1008 1759
1010 1111
1020 1448
1024 1659
1029 1539
1029 1554
1030 1511
1032 1275
1032 1767
1035 1235
1036 1860
1037 1625
1038 1169
1038 1317
1038 1830
1040 1512
1040 1753
1041 1725
1042 1084
1043 1279
1045 1860
1051 1073
1054 1583
1056 1964
1057 1100
1058 1582
1059 1109
1059 1391
1060 1704
1061 1956
1063 1159
1067 1571
1068 1109
1070 1816
1071 1286
1071 1417
1072 1424
1073 1314
1079 1116
1080 1394
1080 1999
1084 1633
1089 1278
1093 1107
1093 1749
1099 1574
1100 1656
1103 1168
1109 1884
1111 1448
1111 1805
1112 1974
1117 1584
1117 1839
1118 1205
1119 1420
1120 1341
1121 1411
1123 1448
1125 1231
1125 1310
1125 1396
1126 1522
1128 1841
1129 1380
1132 1848
1132 1927
1136 1728
1137 1217
1137 1227
1143 1548
1147 1560
1151 1511
1151 1615
1151 1927
1151 1940
1155 1275
1155 1387
1155 1886
1156 1184
1161 1450
1164 1746
1164 1972
1165 1483
1167 1270
1169 1341
1172 1373
1172 1764
1173 1764
1174 1578
1175 1800
1179 1934
1181 1666
1182 1371
1185 1467
1185 1759
1187 1262
1190 1825
1192 1690
1192 1876
1193 1492
1194 1254
1195 1557
1195 1620
1200 1415
1201 1205
1203 1279
1203 1739
1204 1615
1205 1936
1211 1379
1211 1965
1212 1811
1214 1742
1216 1316
1218 1548
1218 1652
1219 1881
1220 1651
1220 1678
1220 1892
1224 1698
1225 1742
1228 1752
1231 1407
1237 1753
1239 1348
1240 1427
1243 1345
1246 1261
1252 1289
1262 1383
1264 1609
1266 1408
1267 1433
1270 1523
1271 1732
1272 1380
1279 1970
1282 1495
1282 1803
1286 1857
1288 1360
1291 1942
1301 1359
1309 1823
1310 1709
1316 1759
1316 1782
1319 1811
1320 1975
1325 1588
1326 1618
1327 1692
1327 1860
1330 1337
1331 1954
1336 1371
1337 1512
1337 1979
1339 1370
1342 1727
1344 1556
1344 1583
1351 1481
1354 1496
1355 1840
1358 1503
1360 1760
1361 1942
1368 1421
1371 1497
1371 1851
1373 1978
1376 1847
1377 1905
1380 1624
1380 1964
1382 1791
1383 1465
1384 1881
1385 1672
1387 1391
1388 1865
1390 1465
1392 1571
1392 1645
1394 1434
1394 1523
1394 1578
1394 1895
1396 1877
1399 1560
1399 1618
1408 1590
1410 1813
1411 1784
1417 1597
1421 1520
1425 1848
1429 1717
1434 1876
1437 1978
1441 1762
1442 1634
1442 1657
1446 1555
1448 1969
1449 1463
1450 1861
1451 1562
1453 1470
1455 1537
1455 1866
1463 1493
1463 1861
1464 1617
1465 1888
1468 1959
1471 1616
1471 1848
1474 1652
1476 1849
1480 1755
1488 1503
1491 1633
1494 1751
1496 1922
1497 1695
1500 1962
1502 1598
1507 1894
1509 1936
1511 1883
1518 1941
1544 1720
1549 1635
1554 1575
1554 1751
1554 1799
1557 1611
1557 1743
1557 1766
1558 1824
1564 1939
1568 1708
1569 1982
1574 1884
1580 1897
1583 1901
1603 1919
1612 1793
1622 1749
1625 1983
1636 1825
1636 1892
1644 1888
1646 1724
1652 1704
1668 1735
1670 1765
1671 1778
1671 1862
1672 1982
1673 1817
1677 1797
1679 1944
1682 1933
1683 1780
1685 1710
1688 1927
1695 1818
1695 1873
1704 1859
1705 1763
1706 1789
1712 1798
1713 1806
1720 1963
1722 1842
1723 1950
1731 1769
1734 1936
1736 1845
1738 1949
1743 1764
1755 1916
1760 1846
1770 1881
1770 1942
1772 1787
1780 1833
1781 1892
1784 1903
1793 1991
1803 1889
1806 1852
1811 1813
1813 1879
1841 1979
1848 1935
1857 1938
1887 1958
1898 1938
1913 1951
1915 1994
1929 1979
1941 1952