2000
1 296
1 794
1 854
2 278
2 362
2 612
2 1697
2 1714
3 125
3 450
3 841
3 1198
3 1425
3 1678
3 1876
3 1973
4 114
4 372
4 412
4 431
4 520
4 1282
4 1674
5 1432
5 1624
5 1686
5 1806
6 50
6 82
6 438
6 1104
7 318
7 989
7 1523
7 1616
8 110
8 434
8 479
8 595
8 812
8 1299
8 1408
9 1528
9 1808
10 989
11 476
11 548
11 838
11 1303
12 16
12 127
12 295
12 709
13 1189
13 1696
14 339
14 681
14 687
14 953
14 1123
15 195
15 232
15 794
15 1334
15 1993
16 492
17 409
17 999
17 1470
17 1668
18 769
18 1150
18 1170
19 140
19 695
19 995
19 1044
19 1518
19 1531
19 1625
20 60
20 78
20 1025
20 1383
20 1576
20 1736
20 1875
21 1025
21 1172
22 173
22 599
22 659
22 1153
22 1455
22 1465
22 1978
23 1020
23 1523
23 1693
23 1822
24 227
24 1096
24 1500
25 292
25 342
25 767
25 1130
25 1293
25 1629
27 48
27 203
27 781
27 1986
28 276
28 1074
28 1166
28 1171
28 1567
29 362
29 615
29 695
29 918
29 1368
30 261
30 873
30 1817
30 1948
31 790
31 926
31 1801
32 131
32 452
32 530
32 555
32 1221
33 325
33 441
33 540
33 596
33 977
33 1309
33 1390
33 1754
34 346
34 1655
35 1304
35 1677
35 1875
36 288
36 425
36 1636
36 1806
37 48
37 324
37 1386
38 415
38 428
38 1167
38 1259
38 1782
39 45
39 332
39 514
39 824
39 1018
39 1080
39 1916
39 1918
39 1975
40 328
40 696
40 1259
40 1301
40 1963
41 1038
41 1314
41 1497
41 1809
42 131
42 558
42 1601
43 1759
44 589
44 689
44 744
44 772
44 898
44 1272
44 1479
44 1497
44 1772
45 185
45 611
45 1402
46 296
46 593
46 874
47 66
47 127
47 405
47 415
47 741
47 931
48 946
48 1245
48 1577
48 1794
49 89
49 516
49 1182
49 1541
50 183
50 442
50 618
50 1180
50 1829
51 461
51 1154
51 1417
51 1674
52 458
52 1728
53 507
53 1095
53 1097
53 1294
54 691
54 1152
54 1240
54 1345
54 1531
55 790
55 1392
55 1546
55 1678
56 202
56 397
56 579
56 1657
56 1751
57 129
57 510
57 995
57 1000
57 1021
57 1475
58 642
58 982
58 1781
59 339
59 819
59 1658
59 1697
60 1062
60 1594
61 538
61 544
61 778
61 1177
61 1264
61 1378
61 1829
62 189
62 1015
62 1111
62 1123
62 1645
63 182
63 707
63 1190
63 1548
64 216
64 584
64 1104
65 518
65 616
65 899
65 1712
66 1396
67 441
67 696
67 916
67 1284
67 1963
68 407
68 586
68 972
68 1109
68 1171
68 1865
69 135
69 709
69 956
69 1192
69 1240
70 413
70 929
71 253
71 338
72 146
72 688
72 921
73 241
73 381
73 427
73 610
73 796
73 1191
74 423
74 453
74 508
74 596
74 803
74 1090
74 1675
74 1745
75 602
75 890
75 1710
76 268
76 964
76 1376
76 1754
76 1891
77 1708
78 1374
79 152
79 178
79 307
79 315
79 1117
79 1376
79 1631
79 1748
81 145
81 580
81 1091
81 1495
82 165
82 868
82 1334
83 559
83 804
83 1039
84 215
84 722
84 1043
84 1483
84 1596
85 104
85 1085
85 1095
85 1140
85 1374
86 846
86 978
87 196
88 316
88 401
88 409
88 1018
89 532
90 1487
90 1609
91 144
91 395
91 976
91 997
91 1168
91 1406
92 498
92 988
92 1390
92 1474
92 1480
93 891
93 984
93 1136
93 1247
93 1467
94 415
94 548
94 1883
95 420
95 1921
96 350
96 1553
97 975
98 782
98 1402
99 116
99 281
99 496
99 513
99 750
99 807
99 911
99 1051
99 1799
99 1988
100 163
100 386
100 691
101 436
101 532
101 624
101 1327
102 497
102 669
102 847
102 1812
103 864
103 1267
103 1919
104 191
104 1285
104 1899
105 1188
106 519
106 655
106 716
106 955
107 837
107 1152
109 201
109 942
109 1216
110 964
112 138
112 640
112 1289
113 579
113 1121
113 1563
113 1877
114 1226
115 397
116 264
116 499
116 952
116 1487
116 1854
117 269
117 316
117 398
117 1526
118 839
119 1163
119 1517
119 1531
120 144
120 530
120 1925
121 451
122 383
122 822
122 1096
122 1261
122 1867
123 211
123 472
123 1484
124 322
124 521
125 400
125 530
125 1145
125 1417
126 130
126 237
126 922
127 331
127 730
127 1480
127 1484
128 453
128 527
128 767
128 992
128 1727
128 1933
129 542
129 640
129 1655
129 1770
129 1807
129 1929
131 136
131 279
131 520
131 903
131 1272
131 1344
131 1790
132 654
132 1401
132 1765
133 723
134 1823
135 359
135 403
135 483
135 1132
135 1514
135 1828
135 1920
136 168
136 1105
136 1166
136 1333
136 1520
136 1884
137 349
137 527
137 641
137 1096
137 1608
137 1977
138 340
138 690
138 933
138 1219
138 1940
139 438
139 569
139 1238
139 1328
139 1453
139 1719
139 1811
140 586
140 608
140 1290
141 455
141 1819
142 233
142 265
142 375
142 1289
142 1808
142 1886
143 498
143 554
143 1044
143 1126
143 1818
144 181
144 790
144 1026
145 220
145 742
145 1331
145 1545
145 1741
145 1919
146 1270
146 1271
146 1822
147 260
147 899
147 910
147 1069
148 320
148 354
148 676
148 1386
148 1402
148 1835
149 396
149 600
149 804
149 833
149 1270
149 1708
149 1978
150 222
150 643
150 1679
150 1952
151 167
151 385
151 1375
151 1605
152 1270
152 1824
153 1783
153 1886
153 1936
154 267
154 320
154 378
154 493
154 1521
154 1665
154 1874
155 413
155 1336
156 493
156 625
156 718
156 1699
157 462
157 585
157 1640
158 642
158 869
159 1821
159 1954
160 389
160 1915
161 529
161 762
161 1251
162 389
162 1167
163 425
163 789
163 1317
164 1336
164 1381
165 655
165 679
165 1289
165 1677
166 478
166 1844
167 1148
167 1668
167 1754
167 1970
168 223
168 1284
168 1659
169 242
169 1109
169 1395
169 1768
170 1563
171 470
171 984
171 1044
171 1093
171 1207
172 336
172 611
172 901
172 998
173 263
173 705
173 1242
174 965
174 1353
174 1650
174 1851
174 1917
175 1184
175 1861
176 634
176 918
176 1563
176 1593
176 1777
176 1976
177 302
177 345
177 1140
177 1273
177 1326
177 1384
177 1816
177 1888
178 180
178 1364
178 1695
179 195
179 267
179 491
179 1845
179 1920
180 433
180 872
181 1938
182 1033
182 1046
182 1789
183 1371
183 1470
183 1912
184 551
184 781
184 1242
184 1832
185 1109
185 1170
185 1189
186 764
186 1183
187 463
187 492
187 563
187 743
187 1088
187 1099
188 614
188 1144
189 604
189 1290
190 1117
190 1452
190 1866
191 741
191 1775
192 497
192 1219
192 1283
192 1345
193 245
193 986
193 1357
194 328
194 995
194 1905
195 438
195 654
195 940
195 1037
195 1181
196 429
196 1050
196 1065
196 1271
196 1386
197 705
197 866
197 1244
197 1279
197 1523
198 411
198 766
199 236
199 1092
199 1216
199 1252
200 1230
200 1821
201 257
201 601
201 681
201 817
201 1232
201 1464
201 1486
201 1639
201 1758
202 580
202 636
202 1116
202 1708
202 1720
203 337
203 522
203 753
203 925
203 1067
203 1451
204 268
204 995
204 1192
205 387
205 1268
206 1970
207 799
207 1330
208 814
208 955
208 1560
208 1607
209 1528
210 289
210 1175
211 292
211 717
211 1303
211 1965
212 816
212 1003
212 1237
212 1372
212 1764
212 1796
213 618
213 1209
213 1807
215 501
215 1071
215 1553
216 716
216 791
216 847
217 569
217 1186
217 1576
217 1732
218 866
218 1141
218 1204
219 1460
219 1760
219 1951
220 1149
220 1363
220 1749
221 308
221 350
221 459
221 669
221 694
222 1179
222 1182
222 1384
223 1225
223 1723
224 1033
224 1080
225 1569
226 468
226 573
226 1186
226 1324
227 386
227 1131
227 1551
228 1622
229 486
229 912
229 1196
229 1801
230 232
230 1011
230 1368
231 324
231 1164
231 1242
231 1578
231 1814
232 706
232 855
232 1002
232 1370
233 638
233 881
233 1943
234 396
234 594
234 630
234 768
234 939
234 1079
234 1264
234 1702
234 1985
235 397
235 712
235 762
235 1339
236 369
236 1105
237 399
237 1481
238 1553
239 844
239 1263
240 481
240 1081
240 1325
241 1814
241 1912
242 1130
242 1339
242 1811
244 880
244 1388
244 1967
245 1004
245 1528
245 1775
245 1826
245 1922
246 579
246 1200
246 1786
247 709
247 1215
247 1682
247 1699
248 309
248 1235
248 1330
250 543
250 864
250 1291
250 1696
250 1932
251 306
251 402
251 1112
251 1656
252 573
252 1739
253 624
253 768
253 1298
254 324
254 453
254 1036
254 1439
254 1801
254 1880
255 1771
256 639
256 1148
256 1641
256 1900
257 568
257 587
257 665
257 1010
257 1148
257 1224
257 1493
257 1727
258 607
258 1207
258 1345
259 532
259 1507
259 1883
260 460
260 843
260 1483
260 1577
260 1597
260 1920
261 514
261 1321
261 1924
262 917
262 920
262 937
263 867
263 1207
263 1535
263 1583
264 370
264 499
264 901
266 289
266 1482
266 1948
267 1066
267 1206
267 1264
268 876
268 1138
268 1602
268 1656
269 286
269 474
269 1888
270 661
270 983
271 288
271 738
271 1465
271 1471
271 1984
272 284
272 762
272 1609
273 460
273 1130
273 1738
274 782
274 1173
274 1619
274 1633
275 492
275 975
275 1254
275 1370
275 1652
276 494
276 760
276 1089
276 1543
276 1988
277 565
277 952
277 1057
277 1426
278 1089
278 1488
278 1868
279 1265
279 1729
279 1862
280 524
280 636
280 795
280 1396
280 1635
280 1726
281 315
281 518
281 1917
282 333
282 503
282 1170
282 1307
282 1429
284 887
285 1086
285 1883
286 1060
286 1076
286 1088
286 1102
286 1385
286 1477
287 300
287 453
287 1061
288 1244
288 1427
288 1826
289 457
289 1064
290 370
290 1212
290 1699
291 960
291 1360
291 1363
291 1483
291 1692
292 456
292 762
292 1076
292 1559
292 1950
293 795
293 949
293 1237
293 1581
293 1639
294 493
294 1589
294 1663
294 1899
295 1305
295 1609
295 1629
296 412
296 946
296 1126
297 563
297 914
297 1058
297 1257
298 953
298 1283
298 1514
299 336
299 608
299 775
299 838
299 854
299 1541
299 1658
299 1708
300 1956
301 1027
301 1064
301 1323
302 813
302 1605
303 1760
303 1945
304 412
304 621
304 650
304 1714
305 1767
305 1871
306 1434
306 1616
306 1648
307 1162
308 672
308 709
308 1585
308 1768
308 1938
308 1954
309 589
309 610
310 1137
310 1727
311 512
311 688
311 1016
311 1135
311 1497
311 1925
312 647
312 1243
312 1367
313 326
313 746
313 975
313 1057
313 1068
314 821
314 1300
314 1832
315 730
315 1381
315 1702
316 487
316 497
316 1020
317 422
317 1659
317 1801
318 670
318 740
318 1163
319 484
319 699
319 1208
319 1572
320 531
320 1234
320 1590
320 1886
321 1413
321 1742
321 1968
322 542
322 1364
322 1604
323 1021
323 1518
324 392
324 503
324 1147
324 1393
324 1926
325 494
325 548
325 939
325 1572
326 683
326 962
327 367
327 1587
328 1463
329 393
329 886
329 1597
330 614
330 826
330 1631
332 903
332 1318
332 1545
333 464
333 560
333 729
334 751
334 1418
334 1982
335 719
335 2000
337 652
337 1813
338 1004
338 1046
338 1670
338 1973
339 704
339 1270
339 1910
339 1944
340 888
340 1789
341 507
341 1105
342 343
342 574
342 732
343 390
343 782
343 911
343 974
343 1221
344 1906
345 688
345 1177
345 1336
346 363
346 1510
346 1758
346 1898
347 388
347 704
347 1785
349 869
349 1064
349 1094
349 1132
349 1743
349 1987
350 1036
350 1996
351 677
351 1823
352 1489
352 1640
353 695
353 1176
353 1514
353 1878
354 717
355 1602
355 1837
356 1356
357 465
357 738
357 935
357 1355
357 1779
357 1798
358 919
358 1242
358 1629
358 1849
358 1874
359 646
359 1250
359 1286
359 1687
360 457
360 1107
360 1140
361 821
361 1475
361 1922
362 801
362 1211
362 1623
362 1654
363 989
363 1402
364 526
364 915
365 1389
366 687
366 955
366 1042
366 1147
366 1223
366 1646
366 1934
367 1160
367 1671
368 497
368 890
368 1878
369 1522
369 1947
370 530
370 933
370 970
370 1484
371 1369
372 907
372 1277
372 1375
372 1397
372 1746
373 1894
374 844
374 987
374 991
374 1978
375 541
375 545
375 1826
375 1998
376 1177
376 1915
377 840
377 1666
377 1774
378 557
378 1863
378 1912
379 920
379 1369
379 1601
379 1779
379 1891
380 655
380 967
380 1910
381 1100
382 481
382 652
382 1496
383 431
383 636
383 644
383 880
383 1477
383 1725
384 1741
385 447
385 779
386 601
386 673
386 689
386 821
386 976
387 1238
387 1273
387 1322
387 1828
387 1848
387 1996
388 1328
388 1914
389 1602
389 1779
390 1443
390 1757
391 1812
391 1988
392 492
392 1203
393 452
393 642
393 778
393 800
394 422
394 664
394 1913
395 1436
395 1502
395 1867
396 827
396 902
396 1152
396 1318
396 1635
398 1170
398 1764
399 426
399 810
399 1232
399 1699
399 1803
400 614
400 966
400 1071
400 1220
400 1226
400 1690
400 1741
400 1773
401 1218
401 1639
401 1675
402 420
402 555
403 929
403 1127
403 1374
403 1424
403 1719
403 1749
403 1819
403 1956
404 825
404 997
404 1445
404 1680
405 1135
405 1958
406 1112
406 1403
407 1514
407 1787
407 1836
407 1983
408 532
408 648
408 1003
408 1277
409 614
409 742
410 1195
410 1902
411 993
411 1600
412 623
412 702
412 1164
412 1471
413 1420
413 1925
414 593
414 1370
414 1658
414 1762
415 905
415 1606
415 1939
416 857
416 890
416 1241
416 1374
416 1580
416 1910
417 738
417 861
417 1152
417 1307
417 1721
417 1824
418 902
418 1439
419 704
420 475
420 491
420 813
420 974
420 1035
420 1249
420 1772
420 1918
421 536
421 670
421 1231
421 1378
421 1452
421 1533
422 883
422 1358
423 750
423 753
423 1467
424 503
424 1431
425 1666
425 1701
426 1161
427 963
427 1135
427 1219
427 1506
427 1616
428 883
428 1068
428 1229
428 1307
428 1393
428 1925
429 1733
429 1748
430 793
430 803
430 1431
431 504
431 629
431 814
431 906
431 1666
432 540
432 872
432 1238
432 1569
432 1680
432 1718
433 1076
434 538
434 1404
434 1625
434 1687
434 1988
435 805
435 905
435 938
435 940
435 966
435 1083
435 1177
435 1913
436 1814
437 618
437 702
437 930
437 1023
437 1054
437 1193
437 1289
438 600
438 668
438 1217
438 1457
438 1822
439 1705
440 1882
441 541
441 1215
441 1416
441 1975
442 1100
442 1106
442 1699
443 529
443 705
443 758
443 888
443 1444
444 633
444 1186
444 1269
444 1551
445 629
445 850
445 911
446 541
446 788
446 950
446 1045
446 1052
446 1359
447 981
448 1018
448 1556
449 829
449 1619
449 1968
450 1207
450 1300
450 1641
451 845
451 1648
452 502
452 1546
452 1681
452 1916
453 525
453 1361
453 1619
453 1732
453 1735
453 1875
453 1960
454 1583
454 1609
454 1704
455 791
455 1485
456 823
456 1914
457 773
457 1625
458 504
458 1541
459 697
459 721
459 824
459 1075
459 1136
459 1165
459 1342
460 468
460 1312
460 1585
461 587
462 532
462 1042
462 1058
462 1456
463 918
463 1494
464 606
464 651
464 1998
466 1469
467 833
467 1510
468 562
468 808
468 913
468 1538
469 1549
470 1281
470 1329
470 1394
470 1463
470 1689
470 1726
471 930
471 1148
471 1605
471 1700
471 1919
472 914
472 1145
472 1332
472 1852
473 743
473 1871
473 1933
474 1183
474 1959
475 643
475 1128
475 1160
475 1302
475 1390
476 901
476 1706
476 1730
476 1802
477 1039
477 1677
478 721
478 1101
478 1658
478 1894
479 556
479 694
479 859
480 773
480 1002
480 1672
481 535
481 719
481 1931
482 1106
482 1511
483 652
483 1438
483 1570
485 1660
485 1706
485 1893
486 870
486 1211
486 1324
486 1435
487 1342
487 1665
488 583
488 1430
489 1600
489 1730
489 1850
489 1868
491 1725
492 567
492 932
493 755
493 1587
493 1646
494 867
494 1724
495 549
495 788
495 1316
495 1418
496 1427
496 1436
497 1205
498 667
498 737
498 1193
498 1373
498 1450
499 841
500 935
500 1361
500 1868
501 1090
501 1265
501 1283
502 740
503 1006
504 643
504 1156
504 1207
504 1603
504 1812
505 1274
505 1314
505 1699
505 1704
506 888
506 1045
506 1575
506 1686
507 508
507 892
507 916
507 1220
508 1145
508 1781
509 909
509 1099
509 1126
510 774
510 1210
510 1586
511 860
511 1282
512 572
512 934
512 1721
512 1949
512 1970
513 582
513 620
513 1153
513 1224
513 1794
513 1924
514 646
514 650
514 1701
514 1794
515 1010
515 1337
515 1643
516 537
517 595
517 648
517 655
517 1210
517 1515
517 1557
518 656
518 1185
518 1690
519 802
519 815
519 1716
519 1995
520 953
520 1238
521 609
521 1072
521 1358
521 1411
522 598
522 773
522 1086
522 1126
522 1215
523 1132
523 1940
524 1569
524 1978
525 684
525 877
525 1180
525 1700
525 1710
526 776
526 886
527 812
527 1212
527 1511
528 690
529 1178
529 1721
529 1757
530 875
530 1386
530 1473
530 1794
531 709
532 1651
533 679
533 1093
533 1248
533 1362
534 1177
534 1659
535 957
535 1153
535 1396
536 1040
536 1250
536 1861
537 1211
537 1297
537 1483
537 1541
537 1624
538 618
538 1124
538 1530
538 1736
538 1915
539 674
539 719
539 726
539 1356
540 1547
540 1744
541 1137
541 1288
541 1546
541 1583
541 1805
541 1847
541 1954
542 764
542 1212
543 584
543 752
543 883
543 1786
544 1346
544 1557
544 1573
545 571
546 1294
546 1575
546 1688
546 1964
547 919
547 1288
547 1569
548 1153
548 1798
549 791
549 798
549 1003
549 1619
550 895
550 1289
550 1739
551 684
551 703
551 917
551 1087
552 859
552 1759
552 1973
553 1914
554 973
554 1048
554 1978
555 935
555 1133
555 1276
556 563
556 1338
557 842
557 1442
557 1522
557 1558
557 1583
557 1721
557 1832
558 882
558 1891
559 925
560 1420
560 1815
561 1309
561 1384
562 755
562 1333
562 1900
562 1998
563 741
563 1403
563 1407
564 678
564 902
564 1396
564 1586
564 1884
565 1026
565 1062
565 1208
565 1865
566 716
566 910
566 952
566 1520
566 1642
566 1796
566 1920
567 1408
567 1508
568 888
568 904
568 1428
569 734
569 1172
569 1791
570 975
570 1411
570 1453
570 1608
570 1920
571 852
571 1170
571 1354
571 1752
571 1897
572 1176
572 1448
572 1951
573 695
573 1551
573 1949
574 1290
574 1583
575 1762
576 733
576 865
576 1265
577 783
577 923
577 1421
578 1600
578 1655
578 1775
578 1835
578 1994
579 668
579 1084
579 1468
579 1894
579 1908
580 1655
580 1783
580 1830
581 1262
581 1567
581 1987
582 1173
582 1397
582 1736
582 1904
583 752
583 1029
584 1147
584 1331
584 1492
585 956
585 1610
585 1652
586 625
586 1635
587 618
587 626
587 808
587 893
587 1493
587 1600
587 1611
587 1616
588 881
588 1046
588 1552
588 1816
588 1817
589 1040
590 1112
590 1807
591 1573
591 1688
591 1734
592 1538
592 1621
593 1559
594 691
594 766
594 968
594 1444
594 1729
595 1933
596 1820
597 647
597 772
597 1876
598 830
598 1559
599 635
599 1099
599 1575
600 1079
601 882
601 963
601 1457
603 1043
603 1448
604 988
604 1794
605 1217
605 1343
605 1787
606 1025
607 1193
608 1318
608 1835
609 1414
609 1425
610 1898
612 1675
613 1135
613 1312
613 1324
614 696
614 993
614 1299
614 1836
615 798
615 838
615 874
615 1263
615 1766
615 1825
615 1906
616 940
616 1084
616 1233
616 1374
616 1613
616 1737
617 1683
617 1761
618 1835
619 634
619 1525
620 756
620 1221
620 1379
620 1593
621 1299
621 1588
622 687
622 898
622 1511
623 1446
623 1540
623 1996
624 1165
624 1484
624 1517
624 1775
625 836
625 1437
625 1884
626 643
626 812
626 1880
628 689
628 871
628 1275
628 1383
628 1778
628 2000
629 840
630 1924
631 844
631 1449
631 1626
632 805
632 849
632 1330
633 732
633 1356
634 1393
635 1231
636 964
636 1595
637 685
637 1094
637 1544
637 1939
637 1988
638 758
638 1478
638 1525
638 1913
639 752
639 1302
639 1671
639 1972
640 1638
641 845
641 1409
641 1835
642 685
642 759
642 1009
643 688
643 901
643 1318
644 843
644 944
645 661
645 1430
645 1520
646 871
646 1463
646 1523
647 1205
647 1208
647 1670
647 1775
648 1026
648 1071
649 1485
649 1492
649 1992
650 899
650 1097
650 1780
652 1440
652 1900
652 1985
653 723
653 895
653 1418
653 1924
654 1168
654 1446
654 1984
654 1992
655 735
655 787
655 1228
655 1365
656 774
656 974
656 1408
656 1634
656 1638
657 1038
657 1261
659 673
659 1396
659 1507
659 1655
660 1470
661 961
661 1815
663 869
663 1197
663 1664
663 1802
663 1924
664 847
664 1469
664 1885
665 818
665 1114
665 1816
666 685
666 908
666 1320
666 1369
666 1559
666 1703
667 889
667 1324
667 1334
667 1359
668 1735
669 934
669 1158
669 1744
669 1838
670 1223
670 1528
670 1681
670 1802
671 1225
671 1252
672 780
672 1731
673 1140
673 1848
673 1930
674 926
675 698
676 892
676 1744
677 888
677 1173
678 1212
678 1215
678 1885
679 770
679 1048
679 1284
679 1406
679 1464
679 1500
680 1089
681 739
681 1161
682 1289
682 1300
682 1526
682 1675
682 1711
682 1814
683 832
683 1195
683 1406
684 1421
685 929
685 1517
685 1604
685 1657
686 826
686 917
686 1296
686 1632
686 1846
687 1123
687 1412
687 1482
688 718
688 906
688 1599
690 1793
691 998
691 1510
691 1660
691 1704
692 816
692 1578
692 1596
693 725
693 1555
693 1556
693 1614
693 1837
693 1904
694 1675
695 820
695 1367
695 1886
696 1022
696 1746
697 1241
697 1513
697 1515
698 743
698 1718
698 2000
699 878
699 880
699 927
699 1743
699 1950
700 859
700 1097
700 1143
700 1165
700 1795
701 965
702 713
702 1499
703 1148
704 764
704 927
704 1732
704 1793
705 883
706 824
706 910
706 1214
706 1933
707 939
707 1019
707 1163
707 1799
708 751
708 1376
708 1741
708 1988
709 1034
709 1218
709 1610
709 1722
710 752
710 1143
710 1315
710 1853
711 1260
712 798
712 1017
712 1566
713 863
713 1883
713 1935
714 1484
714 1591
714 1687
715 820
715 831
715 1836
716 1465
716 1693
717 1763
717 1870
718 1671
719 1259
719 1803
719 1909
720 1447
720 1497
721 950
721 1583
722 1730
723 800
723 825
724 817
724 1560
724 1597
724 1791
725 774
725 1043
726 834
726 911
726 1144
726 1888
727 1005
728 1388
729 835
729 1051
729 1288
729 1351
729 1421
729 1487
729 1534
729 1843
729 1958
730 1102
730 1556
730 1842
731 1444
732 997
732 1348
732 1614
732 1875
733 842
733 1433
734 736
734 824
734 1568
734 1677
735 925
735 971
735 997
735 1257
735 1620
736 1482
736 1788
736 1945
736 1965
737 1179
737 1591
738 1049
738 1121
738 1149
738 1317
738 1323
738 1327
738 1622
739 907
739 924
739 1857
740 1328
741 748
742 1974
743 1226
744 958
744 1250
744 1382
744 1812
745 1247
745 1726
745 1754
745 1960
746 1013
746 1274
746 1709
747 788
747 941
747 1169
747 1467
748 957
748 1097
748 1313
748 1436
748 1454
748 1468
749 1260
749 1265
749 1321
749 1673
750 1469
751 1330
751 1719
751 1845
752 1109
752 1820
753 956
753 1903
754 1578
754 1714
754 1857
755 889
755 1844
755 1884
755 1930
756 1902
757 1974
757 1999
758 1653
759 1136
759 1661
760 1110
760 1172
760 1669
761 1550
761 1828
762 986
762 1888
763 983
763 1238
764 1101
764 1620
764 1875
764 1885
764 1919
765 1172
765 1322
765 1483
765 1947
767 1302
767 1605
768 896
769 1503
770 1025
771 1080
772 1049
773 1539
774 1262
774 1458
775 1138
775 1347
775 1965
776 1026
776 1555
776 1919
777 1368
777 1429
777 1547
777 1588
777 1873
778 1220
778 1367
778 1813
779 1276
779 1901
780 983
780 1068
780 1989
781 1216
781 1617
781 1649
783 788
783 800
783 1144
783 1335
783 1965
784 1437
784 1575
784 1844
784 1926
785 1669
786 1296
787 1402
787 1613
788 943
788 1642
788 1720
788 1984
789 1154
790 966
791 797
791 1362
791 1779
791 1980
792 833
792 1344
792 1546
793 1219
793 1925
793 1986
794 873
794 1009
794 1825
795 1420
796 883
796 1291
796 1800
797 968
797 992
798 1081
798 1408
798 1628
798 1835
798 1954
799 1158
799 1456
799 1695
800 1678
801 824
801 1123
802 1252
803 1084
803 1097
803 1374
804 1232
804 1298
805 1369
805 1456
807 1428
808 1550
810 1046
810 1224
810 1509
810 1668
810 1692
811 1563
812 929
812 978
812 1164
812 1820
813 915
813 1031
814 1049
814 1963
815 1499
815 1532
816 938
816 1898
817 1388
817 1819
817 1903
818 1570
818 1737
819 998
819 1412
820 1984
820 1990
821 1497
822 859
822 1120
822 1487
822 1634
824 883
824 1725
824 1893
825 861
825 1613
826 1155
827 1284
827 1475
830 1178
830 1942
831 1551
833 1091
833 1737
833 1740
834 1803
834 1846
835 941
835 1404
836 1273
838 1470
838 1502
838 1550
838 1725
839 1185
839 1812
839 1883
839 1916
840 1154
840 1223
840 1354
840 1461
840 1617
840 1870
841 1021
841 1179
841 1700
842 1578
842 1835
842 1877
843 1320
843 1371
844 1152
844 1936
845 873
845 1287
845 1352
846 1087
846 1267
846 1642
846 1672
847 887
847 975
848 901
848 1052
848 1158
848 1758
849 1168
849 1956
851 1845
852 921
852 1458
852 1938
853 1995
854 1922
855 1084
856 1097
856 1444
856 1865
857 990
857 1674
857 1769
857 1879
859 1222
860 973
860 1185
860 1840
861 1088
861 1111
861 1880
861 1933
862 1737
863 1113
863 1557
863 1568
863 1762
864 1406
864 1546
865 1151
865 1464
865 1647
865 1777
865 1808
866 1186
866 1201
866 1621
866 1631
867 1553
867 1769
868 1507
868 1534
868 1832
869 1305
869 1745
870 1829
870 1944
871 1580
872 965
872 1178
872 1489
872 1933
873 898
873 1143
873 1247
873 1352
873 1553
874 1511
874 1806
874 1859
874 1988
875 952
875 1907
876 1793
876 1948
877 1204
877 1371
878 1044
878 1362
878 1762
879 884
879 936
879 1001
880 1513
881 972
881 1372
881 1782
882 917
883 1072
883 1167
884 1577
884 1654
885 1588
886 993
886 1490
886 1505
887 1089
887 1978
888 1157
888 1496
888 1961
889 1455
891 1462
891 1618
892 1664
893 965
893 1153
894 901
894 914
894 1687
897 1142
897 1930
898 1330
899 1689
899 1900
900 1101
900 1726
901 1154
901 1397
901 1582
901 1880
901 1931
902 1072
902 1937
903 934
904 1497
905 1142
905 1379
906 982
906 1036
907 1610
907 1802
907 1984
909 989
909 1054
909 1146
909 1541
909 1778
911 1026
911 1443
911 1697
911 1816
911 1896
912 1190
912 1447
915 1391
916 1294
916 1623
916 1707
917 962
918 1362
918 1400
918 1946
919 1028
920 1078
920 1333
920 1574
921 1026
921 1317
921 1322
922 1142
922 1994
923 1725
924 1775
924 1900
926 1337
926 1807
926 1835
927 1784
927 1946
928 936
928 1460
928 1604
929 1475
929 1771
930 1879
930 1915
930 1958
931 1576
933 1579
933 1890
933 1959
934 988
934 1069
934 1119
934 1278
934 1475
935 1023
935 1134
935 1370
935 1923
936 1196
936 1656
937 1406
937 1699
937 1862
937 1961
938 1170
938 1177
938 1390
939 1013
939 1241
939 1470
939 1624
940 1107
941 1742
941 1990
942 990
942 1600
942 1655
943 944
943 1050
944 1594
944 1655
945 1722
946 1414
947 963
947 1603
947 1870
947 1889
947 1953
948 1077
948 1358
948 1623
948 1997
949 1070
949 1833
949 1978
950 1112
950 1177
950 1306
950 1343
950 1379
950 1394
950 1673
950 1675
951 1014
951 1091
951 1709
951 1809
951 1961
952 1260
952 1551
952 1660
953 1497
953 1754
954 1419
955 1005
955 1116
955 1253
955 1651
955 1934
957 1200
957 1258
957 1842
958 1003
958 1611
960 1580
961 1504
962 1359
963 1029
963 1138
965 1603
966 1204
966 1616
967 1523
967 1882
968 1478
968 1600
968 1759
968 1966
969 1374
969 1425
969 1562
969 1692
970 1364
970 1524
970 1551
972 1575
972 1749
972 1970
973 1142
973 1403
973 1643
973 1703
973 1902
974 1475
975 1146
975 1281
976 1895
978 1049
978 1448
978 1666
978 1813
979 1091
979 1260
981 1777
981 1919
982 1177
982 1726
983 1184
983 1494
983 1715
984 1457
984 1787
984 1829
985 1034
985 1398
986 1174
986 1294
987 1225
987 1324
988 1117
988 1151
988 1474
989 1360
990 1925
991 1331
992 1789
993 1046
993 1300
993 1334
993 1653
993 1808
993 1849
994 1120
994 1125
994 1426
994 1552
995 1145
995 1191
996 1658
996 1917
997 1987
999 1162
999 1207
1000 1052
1000 1115
1000 1639
1000 1976
1002 1228
1002 1244
1003 1406
1003 1515
1003 1809
1005 1735
1005 1945
1006 1416
1006 1675
1007 1213
1007 1949
1008 1594
1008 1619
1008 1922
1008 1936
1009 1054
1009 1235
1009 1703
1010 1825
1011 1328
1012 1517
1013 1812
1013 1846
1013 1857
1014 1484
1014 1906
1015 1694
1016 1439
1016 1594
1017 1066
1017 1096
1018 1635
1018 1729
1018 1732
1019 1073
1019 1592
1020 1331
1020 1591
1021 1859
1022 1569
1023 1440
1024 1191
1024 1290
1024 1760
1025 1054
1027 1434
1027 1508
1028 1396
1028 1430
1028 1583
1028 1609
1029 1283
1029 1399
1030 1094
1030 1241
1032 1297
1032 1359
1033 1124
1033 1548
1033 1637
1033 1807
1034 1684
1035 1237
1035 1314
1035 1803
1036 1790
1036 1985
1037 1047
1037 1745
1038 1081
1038 1803
1038 1982
1039 1312
1039 1777
1041 1205
1041 1493
1041 1636
1041 1864
1043 1200
1043 1226
1043 1365
1043 1710
1043 1873
1044 1356
1044 1449
1044 1690
1045 1600
1045 1610
1046 1390
1046 1839
1048 1262
1048 1967
1049 1204
1049 1511
1049 1519
1050 1541
1051 1191
1051 1468
1052 1370
1052 1378
1052 1503
1053 1265
1053 1670
1053 1807
1053 1977
1054 1096
1054 1142
1054 1309
1054 1572
1055 1315
1055 1655
1055 1884
1056 1917
1056 1938
1057 1859
1058 1233
1058 1898
1059 1093
1059 1098
1059 1283
1059 1342
1059 1352
1059 1415
1059 1600
1060 1188
1060 1224
1060 1418
1060 1472
1061 1288
1062 1283
1062 1537
1062 1665
1064 1074
1064 1240
1064 1937
1065 1133
1065 1974
1066 1241
1066 1707
1068 1445
1068 1557
1068 1991
1068 1994
1069 1350
1069 1380
1069 1434
1071 1362
1071 1625
1072 1356
1073 1232
1073 1535
1073 1780
1073 1804
1073 1967
1074 1232
1075 1480
1075 1748
1076 1659
1076 1793
1077 1565
1079 1498
1079 1778
1079 1952
1079 1954
1080 1230
1081 1167
1081 1399
1081 1724
1082 1093
1084 1279
1085 1500
1085 1596
1087 1196
1087 1781
1088 1266
1088 1497
1088 1692
1089 1532
1089 1921
1090 1272
1091 1457
1091 1701
1091 1788
1092 1485
1092 1785
1093 1441
1093 1547
1095 1705
1096 1340
1096 1712
1096 1777
1097 1737
1097 1826
1098 1263
1098 1480
1098 1489
1098 1749
1099 1790
1100 1319
1101 1435
1101 1801
1101 1989
1103 1265
1103 1987
1104 1191
1104 1440
1104 1649
1104 1654
1104 1708
1104 1794
1105 1352
1105 1786
1106 1182
1106 1237
1106 1714
1106 1760
1106 1924
1107 1127
1108 1303
1108 1558
1109 1983
1110 1144
1110 1647
1110 1858
1111 1428
1111 1485
1111 1593
1111 1646
1113 1143
1113 1389
1113 1505
1114 1511
1115 1217
1115 1913
1116 1148
1116 1487
1117 1730
1117 1932
1119 1340
1120 1976
1121 1807
1121 1843
1122 1287
1122 1457
1124 1165
1124 1483
1125 1254
1125 1743
1125 1861
1126 1128
1126 1780
1127 1657
1128 1578
1130 1154
1130 1340
1130 1927
1131 1507
1131 1671
1131 1727
1132 1410
1132 1914
1133 1487
1135 1497
1136 1967
1137 1308
1137 1613
1137 1710
1137 1759
1138 1432
1138 1815
1139 1543
1140 1163
1141 1167
1141 1892
1146 1311
1146 1851
1147 1267
1148 1969
1150 1986
1151 1179
1151 1221
1151 1977
1152 1399
1152 1628
1152 1629
1152 1656
1154 1679
1154 1770
1155 1250
1155 1798
1155 1867
1156 1442
1156 1652
1156 1716
1157 1379
1157 1401
1157 1541
1157 1700
1157 1741
1158 1960
1158 1991
1159 1512
1159 1610
1160 1428
1160 1876
1161 1865
1163 1657
1163 1953
1164 1461
1164 1944
1166 1543
1167 1216
1167 1488
1167 1548
1168 1377
1169 1202
1169 1369
1169 1947
1170 1988
1171 1202
1172 1469
1172 1597
1172 1657
1172 1810
1172 1985
1174 1841
1174 1861
1175 1598
1175 1685
1176 1853
1177 1179
1178 1711
1178 1968
1179 1305
1181 1426
1181 1535
1181 1726
1182 1962
1183 1578
1183 1625
1183 1939
1185 1302
1185 1445
1186 1248
1186 1462
1187 1401
1187 1553
1188 1661
1188 1899
1189 1537
1190 1293
1190 1501
1190 1521
1190 1617
1190 1934
1191 1752
1192 1497
1194 1225
1194 1795
1195 1744
1198 1219
1198 1680
1199 1237
1199 1356
1199 1926
1200 1787
1201 1253
1201 1881
1201 1996
1202 1679
1203 1464
1203 1762
1204 1795
1205 1502
1205 1729
1206 1293
1206 1748
1206 1801
1207 1715
1208 1366
1209 1451
1209 1736
1209 1822
1210 1593
1210 1658
1213 1285
1213 1363
1213 1951
1214 1390
1214 1416
1214 1517
1214 1616
1214 1954
1214 1978
1216 1585
1216 1651
1216 1726
1217 1412
1218 1338
1218 1872
1219 1655
1220 1375
1221 1998
1222 1666
1223 1547
1223 1879
1224 1714
1224 1820
1224 1985
1225 1236
1226 1259
1226 1813
1227 1284
1227 1644
1227 1921
1228 1955
1229 1432
1230 1441
1230 1863
1231 1530
1231 1982
1232 1993
1233 1323
1234 1728
1234 1928
1235 1309
1235 1725
1235 1899
1236 1402
1237 1413
1238 1850
1239 1738
1239 1981
1240 1752
1241 1781
1241 1930
1241 1991
1242 1255
1242 1789
1243 1252
1243 1299
1243 1853
1243 1871
1245 1876
1246 1551
1246 1725
1249 1348
1249 1417
1251 1367
1252 1311
1252 1823
1253 1502
1258 1675
1259 1913
1261 1557
1261 1594
1263 1353
1263 1512
1264 1404
1264 1473
1264 1926
1266 1731
1266 1835
1268 1567
1269 1338
1269 1530
1269 1635
1269 1807
1269 1941
1270 1423
1270 1709
1271 1349
1271 1441
1271 1457
1272 1498
1273 1988
1274 1279
1274 1859
1276 1280
1276 1651
1277 1744
1277 1954
1278 1488
1279 1358
1279 1649
1280 1805
1281 1840
1282 1554
1285 1862
1285 1901
1288 1886
1289 1654
1289 1797
1290 1580
1291 1460
1291 1492
1291 1671
1292 1646
1293 1369
1293 1678
1294 1516
1294 1545
1294 1814
1295 1344
1295 1946
1296 1297
1296 1725
1297 1435
1300 1683
1300 1913
1302 1949
1303 1571
1303 1803
1305 1436
1306 1396
1307 1491
1307 1980
1308 1582
1308 1690
1308 1902
1309 1625
1309 1654
1310 1926
1311 1784
1311 1907
1312 1576
1312 1817
1313 1441
1313 1584
1313 1707
1314 1319
1314 1801
1316 1342
1316 1776
1317 1890
1318 1331
1318 1795
1319 1632
1319 1662
1319 1847
1320 1327
1321 1517
1322 1433
1322 1830
1322 1837
1322 1875
1323 1357
1323 1756
1324 1751
1324 1874
1325 1693
1326 1659
1326 1749
1328 1373
1328 1787
1329 1766
1330 1456
1330 1880
1330 1885
1331 1348
1332 1668
1335 1772
1336 1396
1336 1707
1337 1546
1337 1784
1338 1523
1338 1770
1340 1463
1340 1933
1340 1983
1341 1367
1341 1758
1342 1591
1342 1878
1343 1485
1343 1668
1344 1606
1344 1810
1345 1665
1345 1695
1345 1843
1347 1494
1348 1731
1348 1965
1349 1705
1350 1422
1351 1466
1351 1590
1351 1614
1351 1648
1351 1746
1353 1435
1354 1435
1355 1429
1357 1468
1357 1619
1359 1446
1359 1516
1359 1860
1360 1762
1361 1422
1361 1540
1361 1717
1362 1818
1362 1871
1364 1414
1364 1776
1366 1367
1369 1632
1369 1838
1369 1868
1369 1959
1370 1792
1371 1798
1372 1524
1372 1779
1372 1935
1374 1474
1374 1645
1375 1413
1375 1477
1376 1625
1378 1614
1378 1770
1378 1982
1379 1742
1380 1834
1382 1851
1384 1398
1384 1623
1384 1792
1385 1431
1385 1883
1386 1446
1387 1789
1387 1874
1389 1559
1390 1577
1390 1874
1393 1602
1393 1754
1395 1997
1396 1794
1397 1544
1398 1789
1399 1767
1400 1516
1400 1971
1402 1843
1404 1465
1404 1644
1405 1556
1405 1953
1406 1421
1406 1546
1407 1624
1409 1700
1410 1988
1411 1842
1413 1421
1414 1422
1414 1462
1414 1880
1415 1904
1416 1559
1417 1938
1418 1646
1418 1656
1420 1931
1420 1978
1421 1659
1422 1863
1427 1714
1428 1543
1428 1925
1430 1448
1430 1578
1430 1611
1430 1721
1430 1733
1434 1858
1435 1504
1435 1618
1437 1695
1437 1962
1438 1961
1439 1456
1439 1468
1439 1864
1439 1994
1440 1523
1440 1563
1440 1962
1442 1709
1442 1808
1443 1896
1445 1495
1446 1476
1446 1956
1447 1935
1449 1662
1452 1574
1452 1999
1453 1648
1453 1896
1456 1992
1457 1508
1458 1740
1459 1466
1459 1726
1460 1630
1460 1634
1463 1477
1463 1550
1467 1854
1467 1990
1468 1745
1470 1768
1472 1623
1474 1901
1475 1873
1475 1894
1476 1730
1478 1784
1478 1957
1480 1922
1481 1638
1482 1751
1483 1769
1483 1810
1487 1748
1487 1984
1489 1880
1490 1519
1490 1625
1490 1856
1493 1864
1495 1796
1496 1744
1496 1914
1497 1592
1497 1605
1498 1775
1501 1637
1501 1641
1501 1760
1501 1796
1502 1707
1503 1697
1503 1804
1503 1829
1503 1907
1504 1768
1507 1929
1508 1516
1509 1656
1510 1784
1511 1770
1512 1794
1513 1676
1514 1545
1514 1678
1516 1679
1516 1849
1517 1693
1519 1593
1519 1660
1519 1778
1519 1856
1519 1963
1520 1543
1520 1666
1520 1668
1521 1613
1521 1790
1521 1983
1524 1609
1524 1745
1525 1583
1525 1717
1527 1749
1527 1769
1528 1895
1529 1823
1530 1668
1530 1823
1531 1533
1532 1787
1532 1978
1533 1654
1533 1858
1533 1913
1539 1745
1541 1547
1541 1766
1542 1648
1542 1830
1543 1775
1545 1925
1548 1626
1551 1982
1554 1996
1555 1563
1555 1699
1557 1691
1558 1794
1559 1777
1560 1667
1562 1655
1563 1660
1563 1743
1563 1800
1563 1943
1565 1837
1565 1903
1568 1718
1568 1825
1571 1990
1572 1908
1574 1689
1578 1981
1579 1889
1581 1708
1581 1973
1582 1770
1583 1695
1584 1964
1585 1798
1586 1669
1586 1702
1586 1761
1587 1886
1588 1630
1588 1666
1590 1597
1590 1610
1590 1766
1591 1978
1592 1920
1593 1779
1593 1872
1594 1710
1595 1683
1596 1876
1597 1927
1598 1773
1598 1952
1599 1607
1599 1881
1601 1864
1603 1900
1605 1680
1605 1692
1607 1624
1607 1725
1609 1978
1612 1626
1614 1915
1616 1743
1617 1644
1618 1702
1618 1846
1619 1744
1620 1808
1621 1998
1623 1732
1625 1663
1626 1638
1627 1970
1628 1637
1628 1779
1629 1991
1630 1714
1632 1965
1635 1869
1636 1642
1636 1906
1637 1786
1640 1998
1641 1780
1641 1915
1642 1948
1645 1756
1645 1940
1645 1992
1648 1651
1651 1701
1653 1747
1654 1989
1655 1979
1656 1988
1657 1888
1657 1943
1663 1902
1665 1687
1666 1832
1666 1914
1669 1694
1669 1989
1670 1994
1671 1720
1672 1890
1673 1996
1681 1847
1682 1925
1683 1696
1684 1775
1685 1742
1690 1717
1690 1895
1692 1791
1693 1699
1694 1845
1695 1840
1699 1700
1699 1896
1699 1984
1701 1712
1701 1891
1706 1739
1708 1956
1709 1802
1709 1876
1710 1999
1714 1804
1715 1903
1716 1796
1718 1795
1722 1943
1723 1830
1723 1969
1729 1806
1732 1991
1741 1766
1744 1969
1746 1869
1747 1756
1750 1836
1754 1925
1761 1961
1765 1857
1765 1941
1765 1947
1766 1995
1768 1818
1770 1959
1773 1958
1774 1943
1775 1864
1775 1999
1781 1896
1783 1935
1786 1804
1786 1860
1789 1835
1792 1917
1795 1870
1795 1985
1798 1836
1803 1949
1803 1964
1805 1912
1808 1919
1809 1846
1815 1817
1820 1925
1823 1908
1823 1909
1825 1883
1826 1988
1828 1925
1841 1966
1842 1979
1843 1993
1845 1934
1845 1980
1851 1878
1851 1934
1859 1907
1864 1934
1867 1963
1873 1958
1875 1895
1877 1881
1878 1961
1880 1991
1888 1975
1890 1948
1895 1902
1900 1976
1901 1940
1912 1949
1922 1925
1924 1977
1926 1963
1929 1981
1931 1937
1935 1970
1953 1975
1953 1982
1959 1982
1974 2000
1993 1995