2000
1 308
1 534
1 916
1 1093
1 1722
2 20
2 1621
2 1973
3 731
3 824
3 950
4 54
4 349
4 934
4 1479
5 126
5 414
6 1731
7 419
7 667
7 1119
7 1912
7 1968
8 208
8 482
8 1219
9 18
9 350
9 992
10 895
10 988
10 1583
12 680
12 1740
12 1765
12 1840
13 281
13 1047
13 1825
13 1881
13 1969
14 744
14 1273
14 1504
14 1682
15 125
15 144
15 836
15 1274
15 1402
15 1459
16 1166
16 1227
16 1228
16 1310
16 1718
16 1754
16 1788
16 1810
17 734
17 1372
18 41
18 581
18 1320
19 451
19 864
19 1050
19 1227
19 1645
19 1779
20 764
20 987
20 1466
21 387
22 499
22 1787
23 1285
23 1758
25 887
25 1091
26 280
26 427
26 1027
26 1309
27 1252
27 1688
27 1804
28 1775
29 983
30 815
31 49
31 509
31 529
31 579
32 1161
32 1951
33 90
33 569
33 764
33 1899
33 1946
34 58
34 429
34 439
34 1256
34 1383
34 1661
34 1848
34 1899
35 498
35 850
35 893
35 1048
35 1609
35 1778
35 1846
36 668
36 1696
36 1807
37 977
37 1049
37 1238
37 1652
38 551
39 193
39 1812
39 1836
41 741
43 443
43 577
43 652
43 1262
44 1016
44 1029
44 1056
44 1074
44 1185
44 1331
44 1740
45 126
45 252
45 367
45 959
46 62
46 105
46 713
46 983
46 1958
47 1124
47 1222
48 308
48 482
48 966
48 1194
48 1307
48 1671
49 1470
49 1920
50 975
50 1921
51 690
51 926
51 1579
51 1905
52 1758
53 199
53 558
53 1096
53 1529
54 242
54 813
54 1080
54 1300
56 295
56 407
57 204
57 232
57 484
57 1856
58 136
58 506
58 710
58 1072
58 1486
59 510
59 1088
59 1671
59 1721
60 635
60 1415
61 711
61 867
61 1680
62 727
62 793
62 1166
62 1485
63 354
63 1050
63 1051
63 1118
63 1782
63 1907
64 122
64 778
64 1115
65 975
65 1363
66 1024
66 1081
66 1279
67 181
67 1155
68 1928
69 85
69 1229
69 1382
69 1520
69 1981
70 980
70 1249
70 1393
71 208
71 1368
72 106
72 1004
72 1427
73 1639
73 1893
74 757
74 786
74 1177
74 1286
75 292
75 411
75 732
75 1503
76 723
76 1430
76 1927
76 1933
77 192
77 255
77 808
77 1003
77 1151
78 96
78 329
78 570
78 1329
78 1538
78 1828
78 1874
78 1994
79 426
79 507
79 638
79 704
79 860
80 184
80 226
80 938
80 1719
80 1820
80 1850
81 987
81 1728
81 1963
82 291
83 141
83 400
83 1063
83 1114
84 1448
84 1792
85 272
85 1593
85 1798
86 310
86 331
86 1078
86 1474
86 1565
87 110
87 1442
87 1700
89 304
89 419
89 996
89 1035
89 1430
90 629
90 1056
90 1404
90 1624
91 112
91 345
91 448
91 911
91 1867
92 709
92 1504
93 164
93 516
93 929
93 1747
94 361
94 1275
95 777
96 819
96 859
96 868
96 1458
96 1460
96 1766
97 267
97 1175
97 1294
97 1588
97 1767
98 1367
99 310
99 478
99 497
99 547
99 833
99 1250
99 1345
100 279
100 346
100 433
100 488
100 1031
100 1310
100 1553
101 412
101 447
101 1053
102 204
102 960
103 134
103 403
103 498
104 386
104 437
104 631
104 1567
104 1644
105 1188
106 502
106 529
106 1048
106 1373
106 1573
106 1599
106 1669
106 1765
106 1876
107 881
107 1175
107 1280
108 662
109 697
109 928
109 1663
110 183
110 793
110 969
110 1002
110 1302
110 1434
110 1443
110 1633
111 280
112 658
112 1233
113 123
113 319
114 456
114 856
115 931
115 946
115 1778
115 1960
116 592
116 755
117 1311
118 986
118 1024
118 1034
118 1165
118 1225
118 1376
118 1649
118 1812
119 977
119 987
119 1909
120 169
120 376
120 500
120 816
120 1153
120 1430
120 1831
121 295
121 939
121 1132
121 1532
122 478
122 1728
123 265
123 360
123 910
123 1044
123 1409
123 1707
123 1710
124 146
124 538
124 751
124 1314
124 1759
125 178
125 717
125 1028
125 1320
126 249
126 258
126 903
126 1976
127 1232
127 1274
127 1467
127 1711
127 1758
128 156
128 576
128 1706
129 1148
129 1924
130 982
131 262
131 787
131 1218
131 1395
132 1380
132 1554
133 172
133 1065
133 1260
133 1365
133 1414
133 1624
133 1767
134 339
134 408
134 592
134 965
135 164
135 519
136 785
136 1279
137 312
137 733
137 1388
139 827
140 589
141 539
141 1476
141 1911
142 516
142 811
143 457
143 706
143 961
143 1368
143 1479
143 1629
143 1683
144 684
144 864
144 876
144 1123
144 1734
144 1860
145 322
146 190
146 1657
146 1707
146 1835
146 1898
147 679
147 972
147 1118
148 414
148 1782
149 1963
150 730
150 1625
151 1407
151 1466
151 1758
152 1141
153 522
153 582
153 1284
153 1504
153 1912
154 371
154 821
154 1664
154 1986
155 1228
155 1843
156 975
156 1173
156 1715
156 1818
157 234
158 164
158 777
158 1369
159 556
159 689
159 896
159 906
159 965
159 1185
159 1331
159 1377
159 1409
160 199
160 387
160 530
160 634
160 737
160 1104
161 1068
161 1255
161 1508
162 802
162 899
162 1358
163 1475
164 357
164 838
164 1107
164 1626
164 1713
164 1837
165 873
165 1282
165 1561
165 1682
166 387
166 1967
167 1906
167 1956
168 1016
168 1447
169 322
169 1393
169 1508
169 1774
170 745
170 962
170 1715
171 190
171 700
171 740
171 1486
171 1840
171 1856
172 1357
173 424
173 437
173 1021
173 1090
173 1517
174 605
174 1354
174 1697
174 1851
174 1967
175 870
175 1775
176 629
176 802
176 1065
177 1000
177 1394
178 356
178 390
178 397
178 724
178 853
178 879
178 1730
178 1810
178 1962
179 255
179 720
179 1107
179 1445
180 215
180 460
180 1168
181 599
181 722
182 270
182 309
182 1158
182 1478
182 1492
182 1661
182 1713
183 689
183 1078
184 666
184 725
184 1323
184 1647
184 1768
184 1780
184 1985
185 1096
185 1280
185 1630
185 1644
186 752
186 1189
186 1254
186 1545
186 1788
187 865
187 1046
187 1117
188 278
188 359
188 494
188 1192
188 1352
189 705
189 750
189 907
189 972
189 1413
189 1702
189 1714
190 245
191 295
191 640
191 865
191 1164
191 1665
192 1466
193 448
193 1743
194 1055
194 1271
194 1915
194 1925
195 1193
195 1391
195 1738
196 655
196 869
197 408
197 744
197 1316
197 1711
197 1914
198 684
198 723
198 971
200 372
201 1155
201 1562
202 891
203 1556
204 245
204 1177
204 1298
205 1064
205 1427
206 635
206 713
206 1481
206 1880
207 1185
207 1426
208 761
208 1921
209 236
209 339
209 431
209 856
210 818
210 1263
210 1407
210 1488
210 1525
211 288
211 401
211 1115
211 1153
211 1611
211 1725
212 329
212 1692
213 1137
213 1611
214 797
214 1422
214 1975
215 336
215 539
215 712
215 803
215 867
215 1928
216 994
216 1457
217 1519
217 1682
218 382
218 899
218 1111
219 261
219 281
219 726
219 1870
219 1965
220 801
220 936
221 256
221 287
221 944
222 371
222 969
223 657
224 581
224 659
224 993
224 995
224 1248
224 1566
224 1884
225 286
225 562
225 635
225 702
225 1155
225 1206
225 1846
225 1887
225 1930
226 1046
226 1091
226 1697
227 762
227 894
227 1802
228 843
228 1706
230 330
230 635
230 770
230 1296
230 1645
231 397
231 1184
231 1708
232 1949
233 874
233 1828
233 1900
233 1967
234 905
234 1268
234 1743
235 517
236 434
236 873
236 896
236 1103
236 1306
236 1788
236 1872
237 1733
238 602
238 735
238 852
238 1057
239 418
239 488
239 1297
240 330
240 1782
241 584
241 786
241 1014
241 1103
241 1350
241 1389
242 297
242 490
242 520
242 929
242 1366
242 1692
242 1936
243 775
243 1328
243 1600
244 659
244 1215
244 1894
245 524
245 826
246 849
246 971
246 1052
246 1327
246 1996
247 266
247 352
247 677
247 869
248 406
248 500
248 751
248 918
248 1010
248 1105
248 1387
248 1595
248 1783
248 2000
249 1046
249 1116
249 1309
249 1505
249 1683
250 572
250 983
250 1662
250 1937
251 1405
253 571
253 815
253 949
253 1362
253 1615
255 1381
256 617
256 1098
256 1650
256 1690
257 698
257 1541
257 1731
258 819
258 1486
258 1830
259 1132
259 1281
259 1708
259 1775
259 1911
260 1372
260 1881
261 393
261 636
261 1440
261 1635
261 2000
262 376
263 999
263 1390
263 1726
263 1793
264 1073
264 1588
264 1856
265 395
265 1023
265 1378
265 1651
265 1899
265 1973
265 1988
266 737
266 1679
267 816
267 1611
268 1835
269 287
269 1204
270 834
270 1399
270 1680
270 1911
271 1132
271 1475
271 1512
271 1671
272 391
273 455
274 1279
275 664
275 1343
275 1444
275 1681
276 326
276 382
276 662
277 332
277 627
277 1522
278 946
278 1110
278 1686
279 461
279 675
279 1046
279 1929
280 989
280 1378
281 1538
282 386
282 1455
282 1881
282 1912
283 895
284 1256
285 386
285 979
285 1909
286 725
286 794
286 891
286 1126
287 1019
287 1392
287 1640
287 1737
288 316
288 775
288 884
288 1178
289 1296
289 1397
289 1454
289 1505
289 1896
290 979
290 1137
291 294
291 463
291 1101
291 1417
291 1749
291 1974
292 1345
292 1567
293 334
293 608
293 888
293 1179
293 1444
294 1879
294 1970
295 712
295 1390
295 1682
297 584
297 1469
297 1803
298 605
298 953
298 1091
298 1174
298 1244
298 1743
299 642
299 944
299 1200
299 1530
301 609
301 721
301 988
301 1153
301 1792
301 1952
302 460
302 606
302 745
302 773
302 1110
302 1505
303 416
303 673
303 1022
304 1131
304 1715
305 494
305 1289
305 1927
305 1963
306 859
307 877
307 1003
307 1408
308 335
308 771
309 794
309 889
309 952
309 1086
310 1922
311 780
311 894
311 1786
312 414
312 1442
313 338
313 1004
313 1320
313 1628
314 548
314 611
314 967
314 1650
314 1876
315 1791
316 415
316 646
316 813
317 599
317 953
317 1290
317 1345
317 1561
317 1735
318 1021
319 635
319 1524
319 1901
320 625
320 707
320 1592
321 611
321 843
321 1664
322 795
322 1130
322 1386
323 939
323 978
323 986
323 1630
323 1710
324 746
324 803
324 1381
324 1600
326 1160
326 1487
326 1504
326 1747
326 1877
326 1936
327 678
327 798
327 1029
327 1466
328 569
328 1584
328 1849
329 866
329 1973
330 814
330 1472
330 1984
331 1513
332 404
332 1116
332 1622
333 946
333 1007
333 1722
333 1935
334 739
334 1557
334 1760
335 861
335 1520
335 1864
336 406
336 509
336 514
336 756
336 908
336 1140
336 1600
337 792
337 871
338 949
338 1309
338 1507
340 555
340 648
340 984
340 1561
340 1864
341 1446
341 1693
341 1699
341 1938
342 482
342 982
342 1028
342 1375
342 1996
343 1185
343 1295
343 1993
344 349
344 802
344 891
344 1681
345 1798
346 812
347 1885
347 1922
348 905
348 1343
348 1740
349 817
349 1018
349 1326
350 1012
350 1530
350 1893
350 1925
351 627
351 1525
351 1758
352 702
352 932
352 1116
352 1127
354 415
354 419
354 427
354 1812
355 384
355 1217
355 1459
355 1514
356 701
356 1680
357 544
357 668
357 815
357 1374
357 1376
358 446
358 845
358 905
358 1611
358 1617
358 1756
359 953
359 1505
359 1670
360 1632
360 1666
361 1157
361 1183
361 1684
362 544
363 1078
363 1355
363 1954
364 861
364 1203
364 1368
365 1018
366 649
366 1022
366 1470
366 1891
367 917
367 1299
368 1158
368 1564
368 1638
369 892
369 918
369 1205
369 1650
369 1656
369 1815
369 1842
370 477
370 1041
371 592
371 1988
372 382
372 520
372 1894
373 454
373 591
373 1088
373 1133
373 1665
374 489
374 1326
374 1538
374 1856
375 438
375 797
375 1032
375 1243
376 637
376 1541
376 1602
376 1629
376 1723
376 1912
377 734
377 791
377 1175
377 1427
377 1439
377 1737
378 431
378 712
378 1187
378 1558
378 1722
379 780
380 414
380 1190
381 486
382 1379
383 669
383 691
383 1375
384 1590
384 1754
385 1033
385 1453
385 1711
386 488
386 681
387 998
387 1358
387 1589
387 1919
388 1156
388 1904
388 1998
389 998
390 1268
391 608
391 1106
391 1703
392 1084
392 1722
393 1298
393 1712
394 1082
395 679
395 1137
395 1670
395 1814
396 908
396 1039
396 1189
397 825
397 1103
397 1505
397 1711
397 1754
398 705
398 1209
398 1442
398 1459
398 1833
399 765
399 843
399 1788
400 913
400 984
400 1844
401 404
401 683
401 984
401 1901
402 798
402 998
402 1213
402 1627
403 968
403 1159
404 701
404 999
404 1914
405 498
405 817
407 610
407 884
407 1282
407 1393
408 439
408 1493
409 1705
409 1875
410 1003
410 1103
410 1971
411 523
411 620
413 498
413 964
413 1166
413 1258
413 1294
414 863
414 1067
414 1283
414 1360
414 1514
414 1829
415 1008
416 736
416 1182
416 1372
417 521
417 677
417 817
417 1205
418 721
418 1320
419 565
419 1027
419 1028
419 1329
419 1392
419 1558
420 1535
422 642
422 1345
422 1792
423 1122
423 1569
423 1784
425 623
425 834
425 1001
425 1323
425 1930
426 1140
426 1607
426 1845
427 619
427 1028
427 1079
427 1723
428 1154
428 1357
428 1391
429 1129
429 1251
429 1627
429 1861
430 456
430 464
430 918
430 1439
431 1100
431 1832
432 496
432 1210
432 1597
433 743
433 1403
433 1681
435 1564
435 1722
436 784
436 903
437 988
437 1579
437 1700
438 868
438 1421
439 636
439 1013
439 1521
439 1797
440 1097
440 1190
441 559
441 1209
441 1800
441 1944
442 454
442 515
442 720
442 1050
443 637
443 1292
443 1524
444 471
444 902
444 1290
444 1602
445 1460
445 1793
445 1834
445 1976
446 1144
446 1189
446 1999
447 1303
447 1314
447 1737
447 1925
448 699
448 774
448 833
449 930
449 1069
449 1364
449 1503
449 1531
449 1958
450 1746
450 1747
451 830
451 917
451 973
452 801
452 1272
453 867
453 1337
454 758
454 1072
455 473
455 910
455 1017
455 1199
455 1210
455 1651
456 1353
457 655
457 1291
457 1708
458 990
458 1184
459 667
459 945
459 1088
459 1291
459 1682
460 1754
461 1436
461 1847
461 1945
462 499
462 1064
462 1157
462 1251
462 1575
462 1624
462 1735
462 1789
463 1920
464 641
464 855
465 1341
465 1562
465 1826
466 776
467 509
467 913
467 1081
467 1101
467 1833
468 1610
468 1618
470 926
470 1232
470 1739
470 1949
470 1989
472 476
472 1330
472 1442
473 1354
474 642
474 679
474 741
474 799
474 1212
474 1369
474 1713
474 1899
475 490
475 1031
475 1279
476 1762
477 1428
478 1211
479 610
480 1185
480 1320
480 1483
480 1750
480 1949
481 782
481 1002
481 1054
481 1421
481 1650
481 1952
482 502
482 799
482 1005
482 1709
482 1953
482 1960
483 494
483 626
483 1656
483 1754
483 1892
484 611
484 769
484 1170
484 1470
485 1341
485 1405
485 1590
486 1159
486 1283
486 1316
486 1662
486 1808
486 1900
486 1980
487 642
487 1241
487 1821
488 800
488 1252
488 1636
489 629
489 946
489 1035
489 1120
489 1581
489 1736
489 1948
489 1965
490 663
490 1387
490 1772
491 529
491 675
491 1719
492 526
493 589
493 907
495 725
495 962
496 578
496 619
497 793
497 1483
497 1829
498 984
498 1760
498 1874
499 1769
500 531
500 1826
500 1979
501 641
501 773
501 1120
501 1426
502 942
502 1051
502 1401
502 1442
502 1463
502 1805
503 1783
503 1808
504 708
504 805
504 1570
504 1802
505 1110
506 823
506 1078
506 1660
507 710
507 1069
507 1295
507 1663
507 1862
508 599
508 1252
508 1354
508 1468
510 758
510 1009
511 558
512 1362
513 941
514 649
514 784
514 1164
514 1196
514 1371
514 1647
514 1746
515 1450
515 1476
516 856
516 947
516 1545
517 688
517 1190
517 1250
517 1285
518 1405
518 1978
519 588
519 803
520 579
520 630
520 952
520 1143
521 1548
522 1146
522 1220
522 1275
522 1467
522 1744
522 1841
523 577
523 1187
523 1297
524 1446
524 1750
525 781
525 895
525 941
526 704
527 948
527 1349
527 1871
527 1958
528 529
528 1362
529 578
529 1249
529 1316
529 1443
529 1917
529 1928
530 1410
530 1697
531 1056
531 1778
532 1155
532 1723
533 810
533 1871
534 967
535 1791
536 813
536 1524
536 1631
536 1823
537 1803
538 546
538 1083
539 896
541 1727
542 845
542 1919
543 739
543 843
543 872
543 1046
543 1337
543 1865
545 1602
545 1645
545 1694
545 1790
546 1173
546 1726
547 952
547 1088
547 1211
548 800
548 948
548 1234
548 1516
548 1790
548 1892
549 1021
550 1132
550 1361
550 1511
551 989
551 1125
551 1666
553 1148
553 1344
553 1367
554 854
554 1967
556 643
556 1005
556 1740
556 1842
557 982
557 1088
558 1451
558 1685
559 986
559 1294
559 1314
559 1862
559 1956
560 709
560 1510
560 1810
561 611
561 1419
561 1777
562 729
562 1594
562 1766
562 1857
563 876
563 1150
563 1306
563 1540
563 1805
563 1822
564 571
564 969
564 1330
564 1341
565 1238
565 1549
566 606
566 748
566 922
566 950
567 939
567 1685
568 582
568 933
568 1721
569 1199
570 785
570 1665
571 1437
571 1706
572 1006
573 1136
573 1337
573 1587
573 1669
574 1516
574 1742
575 1468
576 1084
576 1304
576 1314
577 701
577 777
577 991
577 1126
577 1198
577 1716
578 754
578 777
578 862
578 1821
579 994
579 1453
579 1468
579 1991
580 1008
580 1093
580 1630
581 642
581 811
581 1622
582 1652
582 1737
582 1862
583 1627
583 1814
584 1383
584 1850
585 631
585 995
585 1029
585 1983
586 653
586 864
586 1817
587 711
587 1007
587 1759
588 1794
589 1437
589 1665
589 1922
590 803
590 981
591 724
591 789
591 998
591 1943
592 712
592 1049
592 1496
592 1738
593 1748
594 664
595 1197
595 1552
597 760
597 1049
597 1493
597 1807
597 1865
597 1992
598 701
598 1603
599 1159
600 1344
600 1623
600 1642
601 681
601 1048
601 1243
601 1970
602 612
602 1486
602 1747
602 1990
603 1142
603 1347
604 817
604 1609
605 650
605 905
606 1139
606 1354
606 1802
607 1468
608 669
608 1069
609 1329
609 1857
610 630
610 1104
610 1603
610 1972
611 670
611 927
612 875
612 893
612 1373
612 1805
613 730
613 831
613 969
613 1012
613 1064
613 1668
613 1684
614 1218
614 1410
614 1695
615 1144
617 643
617 1708
617 1922
618 982
618 1103
618 1496
619 1283
620 728
620 1941
621 701
621 1732
622 1728
623 702
623 723
623 1028
623 1961
624 637
624 711
624 1166
624 1190
624 1502
624 1513
624 1655
625 902
625 1802
626 645
626 838
626 1476
626 1695
626 1713
627 1422
627 1448
628 1971
629 1284
630 1064
630 1067
631 1509
632 726
633 1703
634 1094
634 1599
634 1911
635 856
635 868
635 1360
635 1500
636 750
636 880
637 1606
638 1013
638 1450
638 1682
639 1275
639 1801
640 1115
640 1256
641 1126
641 1438
641 1608
641 1727
641 1965
642 1251
642 1324
642 1335
642 1765
643 1002
643 1187
643 1633
643 1734
643 1992
644 1471
644 1709
644 1746
645 1125
645 1148
645 1482
645 1600
645 1905
646 868
646 1685
647 1269
647 1284
647 1381
647 1708
648 845
648 1055
649 1632
649 1901
650 1292
650 1655
650 1925
651 1044
651 1562
651 1684
651 1906
652 1027
652 1379
653 739
654 1032
654 1716
654 1732
655 912
655 933
655 967
655 1435
655 1839
656 659
656 1177
656 1493
656 1946
657 894
657 1257
657 1368
658 833
658 954
658 1334
658 1468
659 1242
659 1374
659 1922
659 1987
660 1565
661 1090
661 1266
661 1419
661 1429
661 1692
662 1821
663 858
663 1465
664 805
664 1896
665 722
665 1165
665 1662
666 1436
667 1343
667 1878
668 778
668 1524
668 1825
669 1307
669 1650
672 978
672 1365
672 1746
672 1882
672 1904
673 1058
673 1260
674 1849
675 919
676 768
676 863
676 939
676 1238
676 1696
677 700
677 1286
677 1422
678 954
678 1114
679 1018
679 1243
680 733
680 946
680 1013
680 1151
680 1197
680 1633
681 1094
681 1556
681 1877
681 1974
684 819
684 939
684 1397
684 1541
685 1551
686 764
686 821
686 1916
687 859
687 1106
687 1589
687 1732
688 1592
688 1612
689 861
689 1794
690 699
690 991
690 1393
690 1766
691 1866
692 1008
693 703
693 726
693 1235
693 1756
694 919
694 1043
694 1531
694 1905
695 1523
695 1551
695 1577
696 1155
696 1450
696 1684
697 759
697 897
697 1166
697 1897
698 1022
698 1177
698 1378
699 775
699 1334
699 1549
700 978
700 1172
702 1335
702 1549
702 1755
703 1751
703 1905
703 1909
704 1114
704 1541
704 1690
704 1857
705 769
705 1639
706 1924
707 815
707 887
707 1179
707 1386
707 1600
708 943
708 948
708 1389
710 1293
711 838
711 1276
711 1315
711 1885
712 878
713 1020
713 1089
714 839
714 1476
714 1542
715 797
715 1005
715 1236
715 1435
716 1060
716 1644
716 1758
717 1464
717 1768
718 1085
718 1175
718 1413
718 1469
718 1505
718 1778
720 725
720 1003
720 1039
720 1089
720 1222
720 1476
721 1320
722 831
722 887
722 1636
722 1654
722 1918
724 814
724 934
724 1412
724 1552
724 1740
725 1017
725 1038
725 1872
725 1923
726 881
726 1260
726 1671
727 1221
728 1018
728 1073
729 1030
729 1968
730 801
730 1141
731 1076
731 1277
731 1525
732 852
732 1363
732 1552
733 1018
734 894
735 877
735 1065
735 1263
735 1520
736 1173
736 1586
737 1580
737 1605
737 1788
738 1062
738 1992
739 1231
739 1927
740 1509
740 1872
741 1055
741 1415
741 1893
742 1106
743 1198
743 1444
743 1667
744 1928
744 1950
745 1125
746 947
746 1540
746 1564
746 1762
747 1043
747 1496
748 1001
748 1027
748 1438
748 1922
749 1140
750 1084
750 1480
750 1607
752 1360
752 1473
753 868
753 1110
754 1168
754 1577
755 1304
755 1561
755 1884
756 1179
756 1877
756 1918
757 1131
757 1830
758 865
758 992
758 1283
759 1201
759 1250
759 1702
759 1808
760 817
760 1021
760 1118
760 1619
761 1383
761 1562
762 1616
763 1056
764 813
764 881
764 1483
765 930
765 1897
766 1521
767 1037
767 1321
767 1675
767 1778
767 1906
768 1887
769 823
769 976
769 1186
769 1642
769 1805
770 1026
770 1239
770 1441
770 1504
771 1581
771 1605
772 1638
773 1892
773 1920
774 1291
774 1429
775 1868
776 927
776 1868
776 1894
777 981
777 1733
778 1003
778 1077
778 1376
779 798
779 928
779 1007
779 1884
780 1342
780 1647
780 1912
781 1619
781 1637
782 1903
783 988
783 1438
784 822
785 1329
786 940
786 1669
786 1839
787 1485
788 964
788 1282
788 1474
789 1130
790 929
790 1266
790 1418
791 1274
791 1611
791 1762
793 1141
793 1269
793 1285
796 1377
796 1540
796 1582
796 1934
797 813
797 887
797 1882
797 1961
798 1037
798 1140
799 888
799 1184
799 1653
800 831
800 864
800 1145
800 1856
801 1396
802 959
803 1413
803 1551
803 1805
803 1852
804 873
804 1093
804 1400
804 1622
805 921
807 941
807 1714
808 1061
808 1426
808 1520
808 1916
809 1142
809 1185
809 1346
810 815
810 964
810 1052
811 1320
811 1476
811 1660
814 1708
814 1935
815 1427
815 1804
815 1963
817 1308
818 956
818 1674
818 1762
819 866
819 1309
819 1393
819 1903
821 1466
822 1186
823 1357
823 1496
824 986
825 1865
826 1150
826 1915
827 1388
827 1403
828 1401
828 1639
828 1734
828 1832
829 1223
829 1251
829 1933
830 1938
831 894
831 1660
831 1890
832 949
832 1504
832 1910
833 1607
833 1953
834 1006
835 1211
835 1225
835 1503
835 1711
835 1721
835 1848
836 1789
837 1515
837 1549
838 1214
838 1798
839 1186
839 1289
839 1356
839 1654
840 1252
841 1553
842 1004
842 1347
845 1365
845 1454
846 1118
847 1558
848 1076
848 1736
848 1965
849 1025
849 1838
850 1394
850 1410
853 1082
853 1603
853 1627
854 1266
854 1310
854 1602
854 1827
854 1879
855 971
855 1002
855 1545
855 1635
856 1013
856 1031
856 1323
857 994
858 1257
858 1437
858 1441
858 1564
858 1707
859 1051
860 1489
860 1649
860 1773
861 1374
861 1388
861 1619
861 1709
862 963
862 1072
862 1142
863 1108
864 951
864 1045
864 1418
864 1640
865 888
865 1017
865 1169
865 1367
865 1763
866 1194
866 1578
866 1694
867 1898
868 1466
868 1697
868 1729
869 1159
870 1031
870 1103
870 1545
871 1654
872 1243
873 910
874 1426
875 947
875 1598
875 1636
876 1545
876 1784
876 1949
877 1149
877 1395
878 1468
878 1538
878 1641
879 979
879 1309
879 1547
880 1656
881 920
881 1223
881 1264
881 1604
881 1917
882 1150
883 1026
883 1539
884 1567
884 1824
885 968
885 1138
885 1739
885 1748
886 999
886 1028
886 1959
887 891
887 1302
887 1585
887 1805
888 910
888 1209
888 1920
889 1082
889 1576
890 1022
890 1641
891 1810
892 897
892 1717
892 1723
893 920
894 1448
895 978
895 1412
897 1846
898 1505
898 1616
898 1628
899 980
899 1724
900 957
900 1296
901 1456
902 974
902 1001
902 1202
903 1141
903 1176
903 1629
903 1975
904 1063
906 1609
906 1760
907 1251
908 1543
909 1059
909 1941
910 1308
912 1872
913 1476
913 1749
914 1191
914 1523
914 1829
915 1237
915 1321
915 1353
915 1488
915 1914
915 1957
916 1146
917 1746
917 1829
918 1613
918 1814
918 1874
919 980
919 1614
920 1311
920 1948
921 1280
921 1740
923 1744
923 1982
924 1011
924 1024
924 1195
924 1774
925 1061
925 1572
926 1176
926 1333
926 1444
926 1721
926 1940
927 1021
927 1559
928 1137
928 1183
928 1511
928 1705
928 1978
929 941
930 1250
930 1405
930 1895
931 1930
931 1949
932 1052
934 1790
935 1400
935 1711
935 1896
937 1952
938 1070
938 1233
938 1477
938 1582
938 1621
938 1906
939 976
940 1499
940 1719
941 974
941 1190
941 1781
942 1230
942 1468
942 1658
943 1098
943 1195
943 1411
943 1596
944 1364
944 1457
945 1069
945 1192
945 1633
946 1509
946 1715
946 1799
947 1567
948 1974
949 1007
949 1077
949 1264
949 1611
949 1781
950 1487
950 1807
951 1118
952 1050
953 1239
953 1537
953 1777
954 976
954 979
955 1095
955 1412
955 1537
956 1095
957 1139
958 1019
958 1081
958 1495
958 1505
958 1580
958 1668
958 1958
959 1799
960 962
960 1025
960 1091
960 1282
960 1287
960 1651
960 1984
961 1445
961 1476
962 1943
963 1305
963 1422
964 1121
964 1210
965 1090
965 1324
965 1336
965 1613
965 1618
965 1971
966 1564
967 1735
967 1954
968 1346
968 1752
969 1284
969 1444
969 1594
969 1729
969 1999
970 1951
971 1888
971 1933
972 1468
973 1254
974 1186
974 1249
974 1670
975 1157
977 1894
978 1468
979 1146
980 1968
981 1519
981 1904
984 1190
986 1374
987 1241
987 1264
987 1662
987 1770
988 1208
988 1307
988 1411
988 1632
989 1917
990 1149
990 1902
992 1589
993 1358
993 1935
994 1430
994 1848
995 1499
995 1500
995 1711
998 1939
999 1720
1000 1104
1000 1512
1001 1004
1002 1766
1003 1180
1004 1290
1004 1941
1005 1593
1007 1227
1008 1490
1008 1547
1008 1877
1009 1078
1009 1214
1010 1347
1010 1373
1010 1384
1010 1516
1013 1751
1014 1576
1014 1990
1016 1285
1016 1502
1017 1236
1018 1783
1019 1220
1019 1641
1019 1644
1019 1648
1020 1353
1020 1406
1020 1581
1020 1882
1021 1166
1021 1697
1022 1111
1022 1189
1022 1282
1022 1536
1023 1694
1024 1191
1024 1239
1025 1232
1025 1287
1025 1369
1025 1721
1025 1987
1026 1359
1026 1956
1027 1356
1027 1742
1027 1802
1027 1916
1028 1634
1029 1365
1029 1751
1029 1929
1033 1925
1033 1963
1034 1278
1034 1875
1034 1929
1035 1998
1036 1820
1036 1830
1037 1133
1038 1104
1038 1761
1039 1060
1039 1271
1041 1550
1041 1962
1042 1253
1042 1369
1043 1170
1043 1560
1043 1783
1043 1861
1044 1573
1044 1922
1046 1219
1046 1471
1047 1076
1047 1081
1047 1374
1048 1134
1048 1293
1048 1312
1048 1362
1048 1698
1050 1743
1050 1858
1050 1964
1052 1114
1053 1219
1053 1693
1055 1953
1056 1804
1057 1518
1057 1606
1057 1679
1058 1893
1060 1065
1060 1109
1061 1745
1062 1095
1063 1236
1063 1417
1064 1161
1064 1555
1064 1785
1065 1406
1065 1409
1065 1410
1065 1747
1066 1653
1066 1726
1066 1736
1067 1204
1068 1152
1068 1581
1068 1905
1070 1454
1070 1526
1070 1631
1070 1641
1070 1854
1070 1931
1071 1806
1072 1077
1072 1210
1072 1288
1072 1501
1073 1251
1073 1946
1075 1641
1076 1283
1076 1925
1076 1990
1077 1246
1078 1151
1078 1248
1080 1799
1081 1188
1081 1882
1082 1806
1083 1139
1083 1515
1084 1183
1084 1840
1086 1341
1087 1644
1087 1776
1088 1163
1088 1538
1089 1939
1090 1421
1090 1479
1091 1981
1092 1961
1094 1825
1094 1994
1095 1285
1095 1755
1095 1920
1096 1299
1096 1372
1097 1314
1098 1644
1099 1368
1099 1524
1099 1615
1099 1877
1101 1260
1101 1294
1101 1807
1102 1250
1103 1433
1103 1471
1103 1535
1103 1804
1103 1841
1104 1791
1105 1209
1105 1816
1105 1956
1106 1256
1106 1465
1106 1542
1106 1743
1107 1519
1107 1595
1107 1786
1108 1122
1108 1568
1109 1155
1109 1312
1109 1694
1112 1577
1112 1994
1113 1331
1113 1358
1113 1402
1113 1468
1114 1278
1114 1529
1114 1628
1114 1667
1115 1190
1115 1438
1116 1784
1116 1961
1119 1548
1119 1963
1121 1273
1121 1811
1123 1295
1123 1665
1123 1774
1123 1831
1124 1126
1124 1211
1124 1275
1124 1979
1125 1939
1126 1127
1126 1987
1127 1230
1127 1761
1128 1486
1128 1640
1130 1929
1131 1598
1131 1718
1134 1238
1135 1311
1135 1630
1135 1824
1136 1624
1136 1957
1137 1488
1139 1415
1140 1637
1140 1995
1141 1335
1141 1467
1143 1536
1143 1862
1144 1779
1145 1521
1145 1653
1147 1197
1148 1207
1148 1244
1148 1471
1148 1563
1149 1348
1149 1416
1150 1795
1151 1955
1152 1606
1153 1478
1155 1387
1155 1707
1157 1269
1157 1713
1158 1430
1158 1497
1159 1759
1159 1931
1160 1490
1160 1587
1161 1264
1161 1575
1161 1959
1162 1340
1162 1540
1162 1993
1163 1436
1164 1388
1164 1570
1165 1391
1165 1767
1165 1808
1166 1288
1166 1305
1166 1330
1166 1724
1167 1451
1167 1500
1168 1493
1168 1843
1169 1772
1170 1438
1170 1880
1171 1383
1171 1907
1172 1442
1172 1609
1175 1677
1176 1958
1178 1322
1180 1757
1181 1240
1181 1670
1182 1429
1182 1536
1182 1981
1183 1436
1183 1544
1184 1363
1184 1436
1185 1495
1185 1866
1185 1915
1186 1317
1186 1643
1187 1568
1188 1474
1189 1677
1189 1999
1190 1326
1193 1486
1193 1645
1194 1973
1195 1238
1195 1482
1197 1253
1198 1472
1199 1285
1199 1721
1199 1829
1199 1928
1200 1280
1200 1356
1201 1373
1201 1853
1202 1776
1202 1891
1203 1293
1207 1834
1208 1398
1209 1636
1209 1957
1210 1382
1210 1559
1210 1599
1210 1924
1211 1221
1211 1763
1212 1506
1212 1607
1212 1652
1213 1745
1214 1288
1214 1488
1215 1368
1218 1543
1219 1294
1219 1789
1219 1925
1220 1601
1220 1659
1222 1732
1223 1450
1223 1560
1223 1880
1224 1616
1224 1834
1225 1789
1228 1581
1228 1950
1229 1890
1230 1637
1230 1915
1231 1313
1232 1325
1232 1406
1233 1432
1233 1769
1235 1302
1236 1582
1236 1661
1236 1761
1237 1385
1237 1988
1238 1580
1239 1399
1240 1701
1242 1264
1242 1549
1244 1491
1244 1500
1244 1895
1245 1384
1245 1710
1246 1267
1247 1758
1247 1800
1248 1670
1248 1680
1249 1425
1249 1451
1249 1870
1250 1880
1252 1503
1253 1327
1254 1489
1254 1578
1254 1579
1254 1613
1255 1640
1256 1342
1256 1771
1258 1308
1258 1978
1259 1275
1259 1972
1260 1796
1260 1921
1262 1879
1264 1621
1265 1756
1265 1896
1266 1413
1266 1858
1267 1895
1268 1286
1268 1406
1268 1957
1269 1710
1269 1898
1271 1573
1271 1949
1272 1713
1272 1822
1273 1656
1274 1505
1275 1828
1275 1839
1276 1323
1277 1385
1278 1558
1278 1814
1279 1582
1279 1732
1280 1304
1280 1879
1284 1326
1284 1410
1284 1683
1285 1296
1286 1370
1286 1722
1286 1851
1287 1503
1287 1630
1288 1788
1291 1436
1291 1784
1292 1462
1293 1337
1293 1907
1294 1316
1294 1898
1294 1923
1295 1995
1297 1337
1297 1345
1297 1813
1298 1933
1299 1465
1300 1568
1300 1813
1301 1680
1302 1584
1302 1659
1302 1684
1303 1305
1305 1338
1305 1770
1305 1881
1306 1624
1307 1614
1307 1977
1308 1682
1309 1990
1310 1352
1311 1771
1312 1339
1313 1678
1313 1900
1314 1426
1314 1782
1314 1999
1315 1427
1317 1873
1318 1449
1318 1935
1320 1700
1321 1346
1321 1597
1322 1747
1322 1869
1323 1545
1323 1969
1324 1413
1324 1464
1327 1427
1327 1447
1330 1618
1330 1781
1330 1995
1331 1758
1333 1438
1333 1453
1333 1620
1335 1855
1336 1571
1337 1390
1337 1664
1337 1797
1338 1448
1340 1443
1341 1602
1341 1824
1343 1880
1345 1556
1345 1927
1346 1588
1346 1970
1348 1739
1348 1956
1349 1417
1350 1873
1351 1499
1351 1530
1354 1695
1355 1735
1356 1533
1357 1627
1357 1635
1357 1843
1359 1854
1360 1592
1360 1954
1361 1376
1363 1614
1364 1556
1366 1690
1367 1903
1367 1990
1368 2000
1369 1783
1370 1963
1371 1743
1371 1764
1372 1518
1372 1668
1374 1506
1375 1976
1376 1568
1377 1444
1377 1627
1378 1481
1378 1562
1378 1596
1378 1678
1378 1834
1380 1588
1381 1466
1381 1698
1382 1871
1382 1951
1384 1842
1384 1885
1384 1925
1385 1984
1387 1745
1388 1760
1388 1812
1389 1898
1390 1496
1391 1789
1392 1788
1394 1454
1394 1484
1394 1825
1395 1462
1397 1456
1397 1663
1398 1485
1399 1532
1401 1572
1401 1786
1401 1968
1402 1574
1402 1792
1404 1778
1407 1558
1408 1601
1408 1860
1408 1902
1408 1982
1409 1546
1409 1802
1410 1459
1411 1974
1413 1884
1414 1818
1416 1433
1416 1955
1419 1961
1419 1965
1421 1582
1421 1691
1421 1957
1422 1502
1422 1663
1424 1654
1424 1781
1425 1614
1426 1661
1427 1869
1428 1820
1428 1841
1430 1793
1431 1500
1431 1555
1432 1464
1432 1791
1432 1974
1435 1859
1435 1983
1436 1584
1436 1617
1437 1780
1438 1650
1439 1482
1439 1540
1439 1725
1441 1511
1442 1639
1443 1791
1444 1527
1445 1708
1448 1772
1449 1654
1449 1677
1451 1727
1453 1640
1454 1879
1455 1480
1455 1575
1455 1886
1456 1886
1457 1561
1457 1569
1458 1692
1458 1903
1461 1509
1462 1474
1463 1949
1464 1832
1464 1839
1464 1934
1466 1830
1467 1705
1467 1958
1470 1525
1470 1576
1470 1955
1474 1631
1477 1730
1479 1941
1480 1802
1483 1925
1484 1500
1485 1630
1485 1719
1488 1714
1490 1520
1491 1651
1492 1575
1492 1787
1493 1722
1494 1709
1494 1741
1496 1519
1496 1566
1496 1832
1497 1547
1498 1758
1498 1819
1498 1884
1500 1780
1500 1781
1505 1532
1506 1507
1507 1909
1513 1958
1514 1682
1514 1749
1515 1747
1516 1585
1524 1693
1524 1876
1524 1947
1525 1696
1526 1789
1530 1868
1532 1966
1532 1996
1537 1601
1537 1768
1537 1774
1538 1673
1541 1814
1542 1653
1546 1860
1549 1662
1551 1788
1552 1771
1552 1945
1553 1964
1555 1771
1556 1989
1558 1561
1558 1703
1558 1810
1559 1615
1564 1929
1565 1716
1566 1992
1567 1653
1567 1693
1571 1728
1572 1693
1573 1624
1573 1862
1577 1706
1579 1581
1579 1676
1579 1978
1580 1944
1580 1983
1581 1949
1582 1948
1583 1739
1586 1748
1586 1841
1586 1909
1589 1593
1590 1672
1592 1616
1595 1839
1597 1618
1597 1734
1600 1888
1602 1671
1603 1607
1603 1680
1603 1749
1603 1864
1604 1732
1605 1732
1606 1662
1606 1682
1606 1739
1606 1872
1607 1808
1607 1867
1610 1864
1610 1971
1612 1824
1614 1669
1614 1727
1616 1827
1617 1840
1619 1916
1624 1944
1626 1758
1627 1942
1629 1684
1629 1888
1630 1808
1633 1834
1636 1669
1641 1728
1641 1870
1643 1838
1645 1661
1645 1989
1646 1926
1649 1820
1649 1870
1651 1712
1653 1710
1655 1961
1656 1889
1656 1978
1657 1834
1660 1901
1661 1668
1662 1982
1662 1984
1663 1686
1664 1893
1665 1667
1667 1879
1669 1857
1671 1880
1672 1731
1674 1694
1678 1750
1679 1788
1686 1920
1686 1969
1689 1800
1698 1857
1702 1712
1706 1906
1706 1950
1707 1862
1709 1778
1709 1841
1711 1726
1711 1896
1712 1906
1713 1818
1717 1738
1717 1900
1718 1911
1719 1933
1720 1849
1720 1916
1721 1771
1723 1729
1723 1777
1724 1844
1724 1851
1733 1752
1734 1977
1738 1782
1738 1800
1741 1845
1742 1813
1742 1862
1743 1879
1744 1873
1747 1900
1748 1952
1751 1972
1758 1933
1759 1934
1761 1901
1766 1897
1767 1895
1767 1961
1768 1816
1768 1837
1770 1957
1773 1837
1773 1999
1776 1938
1777 1873
1779 1870
1782 1942
1785 1958
1785 1968
1792 1861
1795 1958
1797 1963
1800 1998
1804 1842
1809 1897
1818 1981
1821 1886
1829 1964
1832 1848
1838 1846
1841 1975
1842 1964
1849 1914
1851 1973
1855 1915
1863 1896
1867 1902
1872 1900
1881 1949
1891 1984
1914 1993
1942 1951
1958 1969