2000
1 254
1 526
1 790
1 803
1 1629
1 1632
1 1662
1 1888
2 304
2 419
2 496
2 1009
2 1628
2 1712
3 452
3 588
3 603
3 739
3 802
3 1164
3 1171
3 1425
3 1506
3 1548
3 1721
3 1779
3 1809
3 1948
4 182
4 202
4 269
4 278
4 783
4 1654
4 1795
4 1845
5 119
5 163
5 167
5 198
5 461
5 737
5 821
5 995
5 1291
5 1450
5 1478
5 1736
5 1796
5 1989
6 194
6 198
6 306
6 708
6 800
6 1415
6 1505
6 1717
6 1738
7 140
7 1169
7 1268
7 1505
7 1829
7 1872
7 1968
8 150
8 204
8 525
8 871
8 975
8 1014
8 1103
8 1548
8 1615
8 1651
9 516
9 806
9 1280
9 1416
9 1475
9 1607
9 1776
9 1836
10 128
10 408
10 550
10 680
10 905
10 1575
10 1648
10 1657
11 367
11 1599
11 1629
11 1638
11 1667
12 139
12 228
12 650
12 1268
12 1305
12 1672
13 503
13 582
13 605
13 695
13 932
13 972
14 168
14 258
14 817
14 888
14 919
14 921
14 1343
14 1406
14 1499
14 1522
14 1768
14 1775
15 146
15 344
15 557
15 746
15 802
15 963
15 1052
15 1598
15 1605
15 1676
15 1823
15 1988
16 32
16 73
16 571
16 634
16 712
16 865
16 870
16 1238
16 1300
16 1685
16 1731
17 142
17 608
17 1073
17 1149
17 1394
17 1508
17 1553
17 1659
17 1761
17 1775
18 160
18 513
18 572
18 869
18 1166
18 1530
18 1840
18 1888
18 1948
19 270
19 402
19 1171
19 1576
19 1779
19 1826
20 228
20 378
20 850
20 957
20 1092
20 1493
21 57
21 186
21 272
21 511
21 1409
21 1505
21 1609
21 1622
22 111
22 980
22 1149
22 1421
22 1761
22 1804
23 975
23 1031
23 1080
23 1221
24 75
24 1400
24 1577
24 1618
24 1754
24 1851
24 1907
24 1919
25 62
25 171
25 191
25 650
25 732
25 795
25 1070
25 1112
25 1216
25 1591
25 1621
25 1633
25 1888
26 381
26 694
26 915
26 1592
26 1963
27 139
27 313
27 640
27 988
27 997
27 1818
28 184
28 348
28 387
28 439
28 526
28 669
28 759
28 991
28 1142
28 1400
28 1557
28 1694
28 1722
28 1824
29 71
29 180
29 319
29 719
29 831
29 844
29 1060
29 1679
30 117
30 404
30 1026
30 1437
30 1638
30 1658
30 1803
30 1917
31 270
31 428
31 1206
31 1445
31 1502
31 1651
31 1740
31 1975
32 58
32 307
32 410
32 486
32 700
32 898
32 923
32 932
32 1810
32 1819
32 1887
33 242
33 1818
34 461
34 555
34 567
34 738
34 905
35 561
35 813
35 1391
35 1477
35 1837
36 264
36 888
36 948
36 974
36 995
36 1009
36 1181
36 1551
36 1729
37 60
37 349
37 420
37 706
37 953
37 1066
37 1194
37 1354
37 1806
37 1832
38 265
38 272
38 552
38 615
38 1256
38 1349
38 1412
38 1628
38 1720
38 1834
39 178
39 229
39 671
39 771
39 782
39 896
39 1074
39 1116
39 1554
39 1739
39 1822
39 1849
39 1905
39 1966
40 64
40 95
40 339
40 880
40 893
40 1185
40 1223
40 1591
40 1839
40 1963
41 140
41 374
41 901
41 966
41 1120
41 1203
41 1983
42 142
42 344
42 582
42 665
42 708
42 818
42 984
42 1159
42 1311
42 1415
42 1574
42 1674
42 1732
42 1826
43 178
43 229
43 251
43 371
43 488
43 1191
43 1595
43 1596
44 54
44 60
44 309
44 481
44 649
44 740
44 780
44 1014
44 1049
44 1277
44 1319
44 1722
44 1892
45 288
45 593
45 649
45 1065
45 1319
45 1381
45 1471
45 1484
45 1558
45 1840
45 1978
45 1981
46 67
46 618
46 803
46 847
46 1393
46 1510
46 1552
46 1837
47 83
47 200
47 363
47 1161
47 1975
48 542
48 1729
49 583
49 612
49 780
49 823
49 1028
49 1066
49 1387
49 1427
49 1525
49 1966
50 56
50 534
50 721
50 786
50 1200
50 1235
50 1343
50 1460
50 1575
51 269
51 301
51 477
51 503
51 525
51 793
51 1185
51 1252
51 1285
51 1364
51 1579
51 1632
51 1709
51 1737
51 1751
51 1974
51 1997
52 214
52 688
52 1079
52 1358
53 193
53 383
53 430
53 1075
53 1092
53 1432
53 1438
53 1534
53 1556
54 134
54 167
54 177
54 183
54 338
54 890
54 1043
54 1166
54 1201
54 1304
54 1308
54 1720
54 1937
55 687
55 700
55 743
55 876
55 907
55 945
55 1275
55 1330
55 1358
55 1382
55 1800
56 347
56 592
56 1342
56 1418
56 1573
56 1817
56 1961
56 1970
57 546
57 585
57 868
57 1230
57 1540
57 1844
57 1960
58 338
58 595
58 1358
58 1556
59 420
59 558
59 1174
59 1524
60 176
60 633
60 665
60 702
60 749
60 791
60 793
60 1229
60 1279
60 1443
60 1814
61 266
61 279
61 281
61 643
61 738
61 963
61 1134
61 1405
61 1838
61 1946
62 230
62 254
62 444
62 466
62 1038
62 1057
62 1079
62 1101
62 1230
62 1529
62 1667
62 1996
63 310
63 647
63 870
63 1056
63 1191
63 1330
63 1443
63 1526
63 1656
64 1229
64 1264
64 1659
65 128
65 434
65 850
65 878
65 1270
65 1499
65 1661
65 1779
65 1837
65 1966
66 329
66 1039
66 1111
66 1270
66 1392
66 1919
67 387
67 639
67 652
67 763
67 895
67 1289
67 1361
67 1813
68 97
68 396
68 601
68 983
68 1103
68 1232
68 1569
69 250
69 1393
69 1437
69 1928
70 334
70 654
70 685
70 691
70 882
70 1158
70 1211
70 1297
70 1559
70 1582
70 1597
70 1739
70 1947
71 696
71 914
71 1046
71 1472
71 1473
71 1492
71 1625
71 1902
71 1919
72 153
72 782
72 855
72 1031
72 1380
72 1386
72 1417
72 1502
73 79
73 233
73 352
73 847
73 863
73 977
73 1125
73 1500
73 1583
73 1595
73 1679
73 1907
73 1987
74 709
74 761
74 1228
74 1277
74 1293
74 1295
74 1475
74 1735
74 1835
74 1854
74 1911
74 1962
75 1023
75 1539
75 1910
76 232
76 765
76 772
76 1120
76 1441
76 1483
76 1589
76 1867
77 641
77 839
77 1255
77 1587
77 1672
78 350
78 591
78 698
78 1461
78 1846
79 289
79 778
79 1052
80 282
80 344
80 431
80 764
80 997
80 1035
80 1078
80 1134
80 1202
80 1203
80 1451
80 1714
80 1938
81 275
81 291
81 296
81 633
81 939
81 966
81 1076
81 1120
81 1547
82 343
82 1082
82 1125
82 1163
82 1180
82 1645
82 1822
82 1972
83 128
83 337
83 676
83 1224
83 1283
83 1354
83 1362
83 1386
83 1444
83 1446
83 1672
83 1730
83 2000
84 420
84 849
84 853
84 1362
84 1434
84 1660
85 313
85 318
85 741
85 1126
85 1178
85 1685
85 1709
85 1793
85 1962
86 258
86 1587
86 1630
86 1796
86 1925
86 1959
87 341
87 350
87 821
87 912
87 1219
87 1560
87 1685
87 1710
87 1796
88 99
88 117
88 144
88 422
88 428
88 501
88 848
88 1345
88 1680
89 451
89 495
89 597
89 1651
89 1803
90 176
90 185
90 450
90 895
90 1111
90 1320
90 1508
90 1664
90 1715
90 1943
91 242
91 277
91 520
91 818
91 919
91 964
91 1705
91 1818
92 215
92 567
92 643
92 1075
92 1725
92 1770
93 472
93 626
93 718
93 755
93 1055
93 1121
93 1263
93 1443
93 1713
93 1884
94 247
94 491
94 988
94 1065
94 1421
94 1454
94 1539
94 1610
94 1617
94 1742
95 117
95 511
95 702
95 906
95 1327
95 1353
95 1387
95 1466
95 1505
95 1761
96 104
96 133
96 352
96 453
96 468
96 582
96 781
96 1098
96 1237
97 443
97 637
97 1415
97 1493
97 1692
97 1794
97 1849
98 715
98 924
98 988
98 1556
98 1674
99 276
99 289
99 476
99 523
99 669
99 738
99 962
99 1218
99 1814
99 1835
99 1994
100 176
100 303
100 304
100 592
100 696
100 858
100 933
100 1309
100 1396
100 1643
100 1940
101 103
101 218
101 461
101 920
101 1006
101 1083
101 1182
101 1406
101 1623
101 1728
101 1774
101 1907
102 208
102 241
102 581
102 752
102 885
102 887
102 1159
102 1387
102 1625
102 1789
102 1875
102 1981
103 527
103 1194
103 1338
104 112
104 411
104 725
104 1270
104 1313
104 1372
105 350
105 1285
105 1528
105 1604
105 1985
106 148
106 322
106 346
106 396
106 1106
107 471
107 490
107 516
107 847
107 987
107 1307
107 1575
107 1763
108 1166
108 1262
108 1321
108 1571
108 1754
108 1813
108 1941
109 286
109 375
109 673
109 681
109 771
109 820
109 828
109 923
109 1041
109 1258
109 1352
109 1947
110 331
110 365
110 468
110 586
110 851
110 1696
110 1703
110 1888
111 249
111 257
111 306
111 1322
111 1366
111 1557
112 362
112 486
112 1506
112 1580
112 1641
112 1942
113 145
113 177
113 209
113 291
113 485
113 503
113 540
113 617
113 891
113 893
113 987
113 1333
114 162
114 495
114 1329
114 1408
114 1423
114 1586
114 1816
115 133
115 483
115 1006
115 1070
115 1199
115 1228
115 1234
115 1432
116 506
116 1096
116 1126
116 1193
116 1473
116 1662
117 210
117 526
117 575
117 663
118 148
118 204
118 257
118 486
118 575
118 607
118 1082
118 1292
118 1420
118 1560
118 1869
118 1929
119 440
119 549
119 652
119 871
119 1049
119 1111
119 1155
119 1305
119 1478
119 1539
119 1786
119 1787
120 509
120 612
120 718
120 1056
120 1130
121 378
121 518
121 582
121 1174
122 207
122 654
122 1456
122 1658
122 1937
123 200
123 269
123 326
123 419
123 1377
123 1459
123 1495
123 1563
123 1809
123 1995
124 606
124 1122
124 1363
124 1379
124 1500
125 142
125 189
125 597
125 1601
125 1644
125 1759
125 1796
126 306
126 333
126 519
126 658
126 772
126 1744
126 1857
126 1910
127 287
127 431
127 1815
127 1921
127 1973
128 243
128 541
128 609
128 787
128 1075
128 1493
128 1822
129 261
129 264
129 530
129 992
129 1265
129 1731
129 1905
129 1921
129 1955
129 1962
130 156
130 858
130 1172
131 270
131 376
131 436
131 445
131 505
131 1002
131 1004
131 1026
131 1475
131 1678
131 1974
131 1989
132 276
132 319
132 344
132 739
132 838
132 854
132 961
132 980
132 1017
132 1036
132 1068
132 1361
132 1545
132 1803
132 1847
133 136
133 185
133 582
133 700
133 1261
133 1501
133 1614
133 1914
134 572
134 592
134 1008
134 1034
134 1381
134 1780
134 1807
135 910
135 979
135 1031
135 1086
135 1378
136 192
136 194
136 237
136 273
136 540
136 607
136 1076
136 1257
136 1316
136 1971
137 344
137 537
137 558
137 812
137 826
137 853
137 1102
138 140
138 517
138 594
138 840
138 1522
138 1637
138 1754
138 1790
138 1936
139 216
139 304
139 394
139 782
139 1414
139 1496
140 142
140 1280
140 1629
140 1785
141 148
141 274
141 668
141 718
142 272
142 352
142 954
142 1088
142 1111
142 1267
142 1682
142 1758
142 1804
142 1911
142 1961
143 331
143 488
143 761
143 1128
143 1425
143 1488
143 1566
143 1936
143 1991
144 398
144 517
144 841
144 1595
144 1607
144 1753
145 256
145 562
145 626
145 772
145 836
145 1209
145 1265
145 1458
145 1654
146 286
146 567
146 751
146 887
146 1276
146 1285
146 1353
146 1591
147 254
147 376
147 419
147 540
147 1003
147 1026
147 1075
147 1234
147 1309
147 1549
147 1775
148 235
148 839
148 992
148 1076
148 1344
148 1404
148 1484
148 1685
149 1003
149 1440
149 1482
150 177
150 262
150 348
150 407
150 657
150 689
150 1293
150 1352
150 1457
150 1707
150 1722
150 1988
151 211
151 265
151 470
151 982
151 1007
151 1094
151 1209
151 1315
151 1625
151 1749
151 1837
151 1838
152 325
152 479
152 541
152 565
152 729
152 1018
152 1073
152 1178
152 1336
152 1504
152 1648
152 1820
152 1860
153 437
153 963
153 1527
153 1578
153 1664
153 1995
154 208
154 403
154 469
154 488
154 671
154 875
154 966
154 1563
154 1773
154 1847
154 1871
155 179
155 193
155 227
155 317
155 318
155 385
155 683
155 1199
155 1212
155 1216
155 1506
155 1530
155 1531
155 1549
156 199
156 302
156 378
156 557
156 750
156 958
156 971
156 1409
156 1422
156 1528
156 1658
157 396
157 928
157 1047
157 1130
157 1243
157 1498
157 1592
157 1754
158 1030
158 1173
158 1713
158 1907
159 712
159 847
159 1083
159 1138
159 1469
159 1523
159 1640
159 1807
159 1850
160 256
160 381
160 519
160 584
160 748
160 872
160 978
160 1086
160 1213
160 1791
160 1860
161 217
161 462
161 565
161 910
161 1122
161 1406
161 1785
161 1854
162 304
162 307
162 894
162 925
162 1260
162 1391
162 1646
162 1803
163 470
163 491
163 1032
163 1052
163 1318
163 1413
164 262
164 938
164 1091
164 1117
164 1122
164 1453
164 1540
164 1953
165 215
165 390
165 695
165 1144
165 1556
165 1580
166 761
166 859
166 1359
166 1413
166 1723
166 1908
167 370
167 546
167 567
167 625
167 847
167 1037
167 1115
167 1277
167 1290
167 1898
168 589
168 642
168 706
168 1155
168 1273
168 1390
168 1407
168 1486
168 1846
168 1937
169 446
169 595
169 999
169 1120
169 1531
169 1794
169 1865
169 1955
169 1971
170 389
170 813
170 1633
170 1640
170 1656
170 1765
170 1967
171 255
171 468
171 543
171 548
171 755
171 1445
171 1914
172 186
172 220
172 247
172 331
172 577
172 834
172 938
172 1086
172 1447
172 1527
172 1569
172 1753
172 1869
172 1985
173 353
173 1185
173 1389
173 1403
173 1628
174 216
174 629
174 1178
174 1382
174 1512
174 1747
175 228
175 250
175 836
175 840
175 1031
175 1224
175 1290
175 1460
175 1463
175 1573
175 1625
176 675
176 1070
176 1215
176 1475
177 219
177 310
177 400
177 462
177 665
177 916
177 1347
177 1389
178 374
178 437
178 717
178 1290
178 1585
179 194
179 290
179 685
179 1630
179 1725
180 484
180 666
180 1322
180 1409
180 1642
181 556
181 592
181 671
181 697
181 710
181 827
181 847
181 1340
181 1703
182 744
182 937
182 951
182 1145
182 1351
182 1994
183 712
183 828
183 1059
183 1146
183 1162
183 1209
183 1282
183 1610
183 1681
184 336
184 355
184 409
184 566
184 756
184 833
184 860
184 1256
184 1620
184 1737
184 1802
184 1923
185 519
185 581
185 583
185 620
185 743
185 906
185 1193
185 1254
185 1636
185 1693
185 1810
186 356
186 672
186 998
186 1216
186 1238
187 295
187 672
187 760
187 865
187 923
187 1643
187 1955
188 414
188 463
188 492
188 1256
188 1392
188 1619
188 1638
188 1813
189 301
189 515
189 576
189 830
189 1129
189 1231
189 1505
189 1897
190 469
190 637
190 735
190 783
190 1110
190 1829
191 317
191 479
191 697
191 727
191 840
191 943
191 1314
191 1949
192 293
192 359
192 466
192 516
192 905
192 1243
192 1520
193 280
193 528
193 737
193 984
193 998
193 1011
193 1030
193 1072
193 1325
193 1382
193 1586
193 1745
193 1786
193 1883
194 244
194 473
194 523
194 562
194 795
194 1000
194 1224
194 1412
195 860
195 917
195 1455
195 1854
196 490
196 728
196 836
196 848
196 1323
196 1628
196 1996
197 267
197 431
197 638
197 797
197 865
197 1383
197 1779
198 278
198 629
198 672
198 715
198 856
198 1294
198 1531
198 1542
199 598
199 667
199 735
199 813
200 240
200 355
200 551
200 1361
200 1481
200 1730
200 1863
200 1874
201 537
201 595
201 655
201 686
201 723
201 791
201 1042
201 1426
201 1460
202 576
202 1930
203 829
203 1069
203 1299
203 1314
203 1369
203 1400
203 1404
203 1430
203 1578
203 1595
204 566
204 628
204 698
204 879
204 931
204 1181
204 1275
204 1479
204 1490
204 1524
204 1769
204 1914
205 703
205 900
205 1094
205 1133
205 1148
205 1561
205 1582
205 1778
205 1825
206 339
206 417
206 1056
206 1151
206 1195
206 1667
206 1778
207 427
207 1114
207 1542
207 1642
207 1668
207 1677
207 1923
208 631
208 822
208 948
208 1310
208 1362
208 1862
209 283
209 741
209 862
209 1338
209 1360
209 1494
210 961
210 1056
210 1179
210 1304
210 1543
210 1646
210 1671
210 1920
211 255
211 514
211 851
211 1088
211 1267
211 1323
211 1394
211 1435
211 1522
211 1639
211 1698
211 1899
212 837
212 938
212 969
212 1001
212 1004
212 1019
212 1030
212 1163
212 1397
212 1989
213 410
213 505
213 1271
213 1475
213 1915
214 428
214 470
214 483
214 520
214 567
214 1114
214 1219
214 1376
214 1556
214 1998
215 222
215 429
215 443
215 996
215 1214
215 1252
215 1521
215 1567
215 1583
215 1694
215 1793
216 265
216 416
216 867
216 1088
216 1130
216 1300
216 1335
216 1442
216 1578
216 1596
216 1628
216 1705
216 1707
216 1875
217 420
217 594
217 738
217 1622
218 279
218 343
218 684
218 781
218 810
218 1029
218 1791
219 245
219 1381
219 2000
220 335
220 525
220 590
220 765
220 1088
220 1473
220 1604
220 1679
220 1714
220 1988
221 619
221 801
221 830
221 1127
221 1187
221 1211
221 1266
221 1968
222 240
222 301
222 345
222 543
222 641
222 675
222 695
222 853
222 1430
222 1791
223 320
223 936
223 1323
223 1538
223 1713
223 1733
223 1734
223 1906
224 276
224 455
224 647
224 915
224 974
224 1073
224 1097
224 1169
224 1178
224 1207
224 1254
225 976
225 1131
225 1169
225 1571
225 1697
226 377
226 493
226 537
226 576
226 646
226 833
226 986
226 1176
226 1199
226 1340
226 1431
226 1484
226 1622
226 1677
226 1913
226 1933
227 322
227 703
227 774
227 808
227 1032
227 1194
227 1221
227 1291
227 1343
227 1766
227 1808
228 277
228 617
228 744
228 997
228 1002
228 1307
229 232
229 631
229 1018
229 1051
229 1111
229 1199
229 1482
229 1623
229 1772
229 1932
229 1973
230 627
230 735
230 795
230 1207
230 1481
230 1518
230 1563
230 1919
230 1992
231 547
231 705
231 845
231 1169
231 1228
231 1625
232 527
232 687
232 795
232 1332
232 1364
232 1370
232 1775
232 1868
233 1259
233 1774
234 356
234 397
234 633
234 772
234 819
234 1074
234 1759
234 1830
235 566
235 605
235 632
235 633
235 634
235 886
235 991
235 1219
235 1380
235 1420
235 1701
235 1706
235 1909
236 693
236 799
236 876
236 977
236 1196
236 1736
236 1759
236 1918
237 702
237 777
237 834
237 887
237 913
238 261
238 388
238 472
238 479
238 845
238 1409
238 1568
238 1579
238 1880
239 524
239 733
239 1113
239 1124
239 1179
239 1267
239 1484
239 1591
239 1972
240 594
240 642
240 1820
240 1870
240 1939
241 435
241 681
241 802
241 1097
241 1420
241 1505
242 557
242 565
242 681
242 713
242 973
242 1072
242 1306
242 1332
242 1518
242 1532
242 1804
243 289
243 348
243 478
243 1031
243 1315
243 1583
243 1676
243 1716
243 1799
244 284
244 312
244 386
244 526
244 862
244 1141
244 1446
244 1905
244 1940
245 937
245 1517
245 1632
246 425
246 496
246 776
246 1331
246 1559
246 1605
246 1712
246 1961
247 301
247 988
247 1027
247 1140
247 1159
248 249
248 931
248 1609
248 1723
249 296
249 586
249 701
249 805
249 999
249 1216
249 1499
249 1596
249 1884
250 360
250 384
250 798
250 1714
250 1975
251 311
251 845
251 1477
251 1523
251 1553
251 1672
252 404
252 561
252 653
252 676
252 789
252 1189
252 1416
252 1752
253 369
253 558
253 642
253 1008
253 1350
253 1650
253 1734
253 1785
254 614
254 664
254 902
254 1454
254 1591
255 661
255 829
255 1266
255 1332
255 1494
255 1505
255 1579
255 1680
255 1731
255 1742
255 1748
256 566
256 690
256 1191
256 1893
257 965
257 1379
257 1396
257 1588
257 1631
258 573
258 770
258 849
258 910
258 1035
258 1417
258 1514
258 1645
258 1883
258 1894
259 331
259 365
259 482
259 682
259 1203
259 1255
259 1575
259 1832
259 1989
260 276
260 295
260 1019
260 1292
260 1468
260 1498
260 1917
260 1962
261 375
261 451
261 727
261 827
261 863
261 1587
262 287
262 376
262 555
262 672
262 1028
262 1540
262 1674
263 546
263 915
263 964
263 1821
264 637
264 725
264 996
264 1066
264 1118
264 1174
264 1811
265 299
265 469
265 1072
265 1102
265 1672
265 1715
265 1761
265 1867
266 496
266 566
266 613
266 826
266 848
266 1154
266 1229
266 1534
266 1950
267 849
267 1093
267 1165
267 1493
267 1774
267 1909
268 555
268 954
268 1026
268 1465
268 1647
268 1791
268 1854
268 1976
269 371
269 688
269 729
269 767
269 1242
269 1310
269 1462
269 1614
270 660
270 840
270 978
270 1433
270 1637
270 1780
271 301
271 468
271 470
271 489
271 934
271 1197
271 1339
271 1667
271 1943
272 274
272 365
272 979
272 1406
272 1686
272 1927
273 449
273 636
273 684
273 713
273 1556
274 580
274 684
274 769
274 862
274 1213
274 1411
274 1892
274 1962
274 1981
275 334
275 462
275 1098
275 1199
275 1263
275 1284
275 1318
275 1397
275 1414
275 1472
275 1635
276 750
276 754
276 874
276 1788
276 1822
277 290
277 828
277 1178
277 1267
277 1348
277 1850
277 1900
277 1973
278 337
278 341
278 876
278 892
278 1295
279 794
279 1002
279 1420
279 1477
279 1622
279 1839
279 1956
280 380
280 590
280 914
280 919
280 1177
280 1450
280 1522
280 1819
280 1864
280 1995
281 404
281 635
281 766
281 999
281 1022
281 1036
281 1736
281 1780
281 1782
281 1965
282 436
282 681
282 852
282 1413
283 464
283 695
283 843
283 1054
283 1086
283 1092
283 1349
283 1904
284 431
284 552
284 874
284 932
284 1190
284 1272
284 1615
284 1635
284 1656
285 330
285 570
285 787
285 861
285 967
285 1214
285 1298
285 1304
285 1578
286 687
286 1313
287 420
287 1126
287 1128
287 1267
287 1843
287 1992
288 524
288 950
288 1305
289 294
289 458
289 571
289 775
289 797
289 1026
289 1190
289 1276
289 1373
289 1542
289 1578
289 1664
290 824
290 1172
290 1274
290 1316
290 1894
290 1930
291 311
291 338
291 419
291 842
291 1088
291 1101
291 1197
291 1707
291 1748
292 382
292 615
292 641
292 780
292 852
292 890
292 1515
292 1888
293 429
293 651
293 872
293 1449
293 1516
293 1673
294 315
294 653
294 698
294 719
295 400
295 714
295 718
295 863
295 1073
295 1119
295 1234
295 1259
295 1336
295 1422
295 1514
295 1791
295 1806
296 1207
296 1372
297 374
297 902
297 1203
297 1645
297 1960
298 1125
299 716
299 817
299 932
299 1080
299 1386
299 1636
299 1700
299 1887
300 470
300 679
300 1228
300 1553
300 1620
300 1655
300 1763
300 1803
301 378
301 831
301 1150
301 1277
301 1746
301 1841
301 1893
302 369
302 1211
302 1523
302 1587
302 1970
303 309
303 651
303 730
303 929
303 1305
304 632
304 988
305 750
305 819
305 830
305 874
305 1094
305 1116
305 1175
305 1698
305 1777
305 1854
306 335
306 903
306 959
306 1567
306 1958
307 349
307 706
307 801
307 1259
307 1315
307 1384
307 1488
307 1502
307 1642
307 1718
307 1782
307 1900
308 345
308 507
308 989
308 1073
308 1157
308 1279
308 1428
308 1476
308 1516
308 1690
308 1838
309 558
309 899
309 1087
309 1420
309 1652
309 1756
309 1897
310 369
310 405
310 473
310 682
310 691
310 953
310 1383
310 1399
310 1783
311 316
311 580
311 630
311 1220
311 1577
312 478
312 602
312 1043
312 1077
313 545
313 867
313 872
313 1088
313 1115
313 1229
313 1314
313 1512
313 1610
313 1736
314 443
314 489
314 536
314 796
314 1318
314 1359
314 1379
314 1507
314 1538
314 1885
315 397
315 675
315 989
315 1086
315 1390
315 1511
315 1747
315 1952
316 388
316 437
316 497
316 687
316 876
316 1106
316 1178
316 1835
316 1975
316 1995
317 367
317 378
317 505
317 693
317 1056
317 1356
317 1472
317 1651
317 1866
317 1995
318 534
318 710
318 949
318 1209
318 1359
318 1362
318 1390
318 1828
318 1861
318 1889
319 1315
319 1684
319 1685
319 1710
319 1954
320 644
320 716
320 950
320 1043
320 1147
320 1155
320 1386
321 396
321 401
321 483
321 489
321 550
321 665
321 761
321 781
321 891
321 946
321 1286
321 1315
321 1544
321 1582
321 1681
321 1766
321 1914
322 538
322 1036
322 1286
322 1300
322 1554
322 1854
323 674
323 825
323 1005
323 1192
323 1409
324 419
324 479
324 665
324 955
324 1033
324 1060
324 1173
324 1763
324 1770
324 1780
324 1834
325 391
325 471
325 694
325 964
325 997
325 1426
326 379
326 431
326 450
326 788
326 1013
326 1424
326 1475
326 1493
326 1537
326 1734
326 1911
326 1953
327 381
327 593
327 623
327 1067
327 1344
327 1603
327 1852
328 672
328 1383
328 1432
328 1765
328 1916
329 433
329 477
329 603
329 749
329 1219
329 1748
330 594
330 707
330 764
330 779
330 901
330 1011
330 1148
330 1443
330 1588
330 1775
330 1791
331 345
331 412
331 446
331 530
331 707
331 770
331 943
331 948
331 1046
331 1076
331 1100
331 1324
331 1492
331 1559
331 1587
331 1643
331 1699
332 448
332 664
332 684
332 912
332 1263
332 1381
333 1024
333 1280
333 1881
334 523
334 1225
334 1366
334 1853
334 1881
334 1926
334 1979
335 483
335 505
335 1485
335 1669
335 1850
335 1928
336 493
336 509
336 702
336 762
337 946
337 958
337 1844
337 1853
337 1866
338 686
338 1710
339 362
339 438
339 762
339 943
339 1205
339 1601
339 1885
340 940
340 1287
340 1288
340 1611
340 1712
340 1749
340 1839
341 355
341 394
341 395
341 433
341 457
341 470
341 792
341 1274
341 1434
341 1632
341 1723
341 1905
342 522
342 1227
342 1531
342 1587
342 1624
343 533
343 895
343 1178
343 1203
343 1596
343 1608
344 626
344 829
344 1185
344 1474
345 896
345 1703
346 401
346 1244
346 1466
346 1624
346 1948
347 781
347 784
347 1060
347 1390
347 1466
348 880
348 885
348 958
348 1225
348 1325
348 1444
348 1722
349 459
349 467
349 828
349 1060
349 1079
349 1226
349 1287
349 1690
349 1920
350 357
350 568
350 657
350 943
350 1064
350 1108
350 1265
350 1419
350 1619
350 1735
351 434
351 485
351 1054
351 1074
351 1098
351 1217
351 1553
351 1815
351 1817
351 1824
352 392
352 541
352 1366
352 1662
353 383
353 398
353 455
353 459
353 652
353 937
353 1347
353 1395
353 1505
354 389
354 409
354 433
354 892
354 921
354 931
354 996
354 1107
354 1210
354 1309
354 1353
354 1433
354 1500
354 1554
355 532
355 566
355 591
355 1400
356 415
356 587
356 780
356 794
356 972
356 1016
356 1062
356 1150
356 1229
356 1375
356 1449
356 1911
357 718
357 1172
357 1683
357 1686
358 1007
358 1091
358 1231
358 1470
358 1764
359 646
359 747
359 755
359 910
359 1781
359 1881
360 453
360 458
360 477
360 489
360 608
360 837
360 981
360 1229
360 1702
360 1770
360 1783
361 499
361 833
361 942
361 973
361 1104
361 1148
361 1209
361 1423
361 1842
362 509
362 981
362 987
362 1178
362 1403
362 1487
362 1624
362 1693
362 1700
362 1747
362 1862
362 1907
363 403
363 717
363 1002
363 1078
363 1141
363 1446
364 373
364 503
364 505
364 734
364 1061
364 1162
364 1181
364 1198
364 1422
364 1526
364 1687
364 1716
364 1824
365 404
365 954
365 1207
365 1720
365 1749
366 631
366 641
366 680
366 1230
366 1699
367 399
367 631
367 725
367 990
367 1021
367 1514
367 1901
367 1941
368 378
368 411
368 446
368 912
368 1006
368 1150
368 1293
369 536
369 588
369 702
369 706
369 970
369 1312
369 1337
369 1389
369 1390
369 1502
369 1788
370 487
370 560
370 833
370 908
370 1675
370 1731
370 1765
371 585
371 875
371 916
371 1105
371 1777
372 879
372 922
372 1564
372 1880
373 498
373 516
373 521
373 786
373 829
373 937
373 1134
373 1325
373 1332
373 1433
373 1524
373 1891
373 1916
374 474
374 1080
374 1227
374 1870
375 465
375 961
375 1183
375 1265
375 1313
375 1577
376 865
376 900
376 1478
376 1578
377 637
377 1466
377 1571
377 1757
378 391
378 652
378 713
378 1270
378 1413
378 1435
378 1600
378 1791
379 527
379 713
379 930
379 1100
379 1430
379 1570
379 1618
379 1631
379 1693
379 1719
379 1772
379 1800
380 593
380 820
380 1461
381 604
381 849
381 936
381 1638
381 1938
382 398
382 539
382 553
382 577
382 964
382 986
382 1131
382 1553
382 1636
382 1720
382 1811
382 1912
383 849
383 891
383 1463
383 1489
383 1511
383 1938
383 1949
384 697
384 760
384 923
385 759
385 1136
385 1459
385 1835
386 920
386 1095
386 1633
386 1639
386 1696
387 484
387 1135
387 1479
387 1637
387 1647
387 1859
387 1899
387 1909
388 409
388 437
388 632
388 712
388 831
388 984
388 1119
388 1178
388 1206
388 1446
388 1652
389 629
389 787
389 1402
389 1472
389 1478
389 1667
390 911
390 1024
390 1426
390 1439
390 1948
391 427
391 974
391 1218
391 1655
391 1914
391 1975
392 599
392 647
392 800
392 1559
392 1717
392 1918
392 1970
393 565
393 827
393 1000
393 1129
393 1150
393 1279
393 1739
393 1833
393 1892
393 1958
393 1973
394 744
394 807
394 843
394 1140
394 1473
394 1486
394 1509
394 1615
395 452
395 454
395 510
395 718
395 916
395 1105
395 1209
395 1250
395 1564
395 1681
395 1851
395 1901
396 430
396 986
396 1100
396 1140
396 1490
396 1544
396 1666
396 1943
396 1974
397 1027
397 1148
397 1401
397 1516
397 1548
397 1563
397 1668
397 1832
398 774
398 985
398 1289
398 1378
398 1411
398 1467
398 1947
399 481
399 887
399 957
399 1404
399 1540
399 1806
400 584
400 1070
400 1236
400 1334
400 1337
400 1338
400 1836
401 738
401 1053
401 1262
401 1372
401 1903
402 581
402 875
402 1240
402 1421
402 1926
402 1956
403 576
403 781
403 1094
403 1253
403 1273
403 1838
403 1871
404 450
404 490
404 638
404 1391
405 441
405 513
405 557
405 574
405 1198
405 1445
405 1663
405 1682
405 1913
406 553
406 1047
406 1399
406 1536
407 529
407 560
407 840
407 863
407 931
407 1022
407 1031
407 1039
407 1052
407 1066
407 1149
407 1189
407 1234
407 1869
407 1952
408 623
408 1463
408 1637
409 427
409 879
409 1078
409 1213
409 1233
409 1694
410 719
410 994
410 1031
410 1104
410 1139
410 1257
410 1435
410 1636
410 1771
410 1986
411 756
411 969
411 1001
411 1039
411 1138
411 1349
411 1425
411 1541
411 1805
411 1853
412 667
412 668
412 915
412 984
412 1152
412 1223
412 1604
412 1843
412 1992
413 691
413 701
413 834
413 1397
413 1499
413 1572
414 570
414 1119
414 1429
414 1433
414 1676
414 1715
414 1786
415 424
415 969
415 1021
415 1137
415 1138
415 1221
415 1226
415 1520
415 1723
416 880
416 931
416 1121
416 1340
416 1415
416 1542
416 1562
416 1714
416 1893
416 1952
417 932
417 1374
417 1383
417 1412
417 1458
417 1613
418 497
418 574
418 794
418 989
418 1005
418 1168
418 1490
418 1778
419 485
419 820
419 868
419 1064
419 1380
419 1440
419 1456
419 1471
419 1574
419 1873
419 1938
420 562
420 618
420 635
420 965
420 1335
420 1356
420 1690
421 478
421 549
421 644
421 952
421 966
421 975
421 1291
421 1358
421 1710
422 458
422 1010
422 1082
422 1224
422 1471
422 1554
422 1582
422 1981
423 700
423 1060
423 1799
423 1957
424 600
424 1312
424 1441
424 1560
424 1595
424 1930
425 480
425 561
425 791
425 880
425 946
425 1124
425 1301
426 589
426 743
426 1095
426 1529
427 506
427 625
427 772
427 780
427 869
427 1111
427 1291
427 1435
427 1456
428 457
428 1581
428 1600
428 1774
428 1871
428 1883
429 754
429 956
429 1304
429 1472
429 1965
430 775
430 1052
431 474
431 568
431 809
431 992
431 1695
432 449
432 458
432 578
432 828
432 866
432 1094
432 1116
432 1247
432 1393
432 1763
433 526
433 654
433 657
433 1219
433 1560
434 965
434 1528
435 745
435 843
435 1335
435 1431
435 1443
435 1456
435 1777
436 519
436 694
436 780
436 1003
437 449
437 548
437 1261
437 1422
437 1559
437 1864
437 1990
438 475
438 569
438 908
438 1360
438 1434
438 1563
438 1682
438 1815
438 1872
439 664
439 1519
439 1523
440 480
440 725
440 1238
440 1322
440 1646
440 1790
441 635
441 1000
441 1093
441 1526
441 1582
441 1926
441 1951
441 1977
442 636
442 708
442 749
442 1159
442 1279
442 1289
442 1428
442 1532
442 1836
443 482
443 705
443 722
443 1551
443 1900
444 952
444 1009
444 1057
444 1124
444 1250
444 1424
444 1756
444 1762
445 528
445 606
445 625
445 921
445 964
445 1405
445 1520
445 1649
446 465
446 1101
446 1129
446 1627
446 1852
447 477
447 494
447 591
447 671
447 760
447 917
447 975
447 1151
447 1377
447 1447
447 1528
447 1765
447 1892
448 708
448 974
448 1279
448 1308
448 1441
448 1673
448 1744
448 1812
449 700
449 762
449 1012
449 1150
449 1273
449 1578
449 1909
450 716
450 927
450 1652
450 1876
451 564
451 765
451 1183
451 1413
451 1589
451 1677
452 541
452 802
452 1118
452 1321
452 1397
452 1914
452 1918
452 1977
452 1995
453 705
453 1042
453 1085
453 1098
453 1147
453 1315
453 1376
453 1652
453 1753
453 1932
454 475
454 1215
454 1393
454 1445
454 1558
454 1566
454 1923
455 463
455 660
455 1782
455 1871
456 617
456 1163
456 1329
456 1453
456 1631
456 1657
456 1720
457 702
457 746
457 971
457 1257
457 1326
457 1373
457 1824
457 1900
457 1951
458 690
458 1139
458 1614
458 1831
459 1324
459 1773
459 1837
459 1928
459 1945
460 600
460 700
460 967
460 1434
460 1654
460 1896
461 541
461 856
461 999
461 1219
461 1249
461 1384
461 1457
461 1530
461 1633
461 1763
462 629
462 1248
462 1335
462 1421
462 1482
462 1696
462 1767
462 1826
463 586
463 1135
463 1234
463 1325
463 1996
464 628
464 893
464 1227
464 1263
464 1473
464 1604
465 468
465 555
465 928
465 1149
465 1671
466 1061
466 1328
466 1622
466 1704
466 1971
467 564
467 584
467 684
467 885
467 1021
467 1159
467 1175
467 1280
467 1655
467 1692
467 1714
468 1174
468 1365
468 1431
468 1434
468 1693
468 1882
468 1909
469 1030
469 1461
469 1815
470 866
470 945
470 1418
470 1466
471 476
471 509
471 1199
471 1514
471 1714
471 1745
471 1878
472 515
472 779
472 816
472 1069
472 1329
472 1973
473 506
473 538
473 1000
473 1104
473 1110
473 1167
473 1188
473 1428
473 1833
473 1849
474 902
474 1037
474 1613
474 1924
475 906
476 505
476 800
476 865
476 1205
476 1319
476 1400
476 1508
476 1915
477 484
477 586
477 854
477 873
477 901
477 1008
477 1060
477 1257
477 1437
477 1648
477 1998
478 753
478 787
478 853
478 1247
478 1303
478 1640
478 1725
478 1828
479 1308
479 1489
479 1522
479 1607
479 1715
479 1756
479 1859
480 1014
480 1169
480 1317
480 1612
480 1730
481 498
481 568
481 711
481 719
481 1004
481 1313
481 1384
481 1423
481 1460
481 1539
481 1910
482 526
482 792
482 1064
482 1531
482 1714
483 528
483 666
483 719
483 776
483 932
483 1052
483 1081
483 1088
483 1101
483 1120
483 1257
483 1286
483 1448
483 1538
483 1562
483 1763
483 1836
484 959
484 1125
484 1152
484 1521
484 1790
484 1865
484 1866
484 1909
484 1981
485 699
485 789
485 1022
485 1133
485 1568
485 1610
485 1758
485 1861
486 534
486 1014
486 1085
486 1170
486 1351
486 1388
486 1738
486 1924
486 1957
487 852
487 1113
487 1696
487 1849
488 623
488 690
488 1557
488 1773
488 1925
489 908
489 1165
489 1293
489 1582
489 1600
489 1684
489 1717
489 1825
490 532
490 675
490 687
490 742
490 1265
490 1293
490 1537
490 1828
491 610
491 766
491 1084
491 1413
492 747
492 958
492 1530
492 1623
492 1642
492 1952
492 1958
493 523
493 702
493 762
493 1144
493 1578
493 1794
493 1871
493 1881
493 1886
493 1913
494 593
494 1339
494 1398
494 1403
494 1406
494 1565
494 1602
495 776
495 1010
495 1011
495 1016
495 1135
495 1156
495 1584
495 1625
495 1773
495 1827
495 1880
496 543
496 577
496 880
496 935
496 986
496 1383
496 1403
497 912
497 923
497 1021
497 1233
497 1333
497 1536
497 1817
498 853
498 927
498 955
498 1235
498 1277
498 1399
498 1590
498 1814
498 1858
499 514
499 520
499 658
499 706
499 978
499 987
499 994
499 1100
499 1479
499 1736
499 1862
499 1879
499 1894
500 956
500 982
500 1396
500 1457
500 1556
500 1783
500 1845
500 1971
500 1997
501 711
501 896
501 1324
501 1510
502 521
502 548
502 683
502 778
502 829
502 1245
502 1258
502 1800
503 937
503 1361
503 1563
504 1035
504 1178
504 1881
505 945
505 1393
505 1395
505 1733
505 1884
506 712
506 1162
506 1767
507 629
507 1403
507 1546
507 1562
508 660
508 1032
508 1233
509 627
509 1012
509 1190
509 1966
510 693
510 840
510 946
510 1403
510 1711
510 1852
510 1855
510 1943
510 1984
511 989
511 1054
511 1715
511 1852
512 753
512 904
512 1281
512 1462
512 1470
512 1471
512 1660
512 1754
512 1966
513 982
513 1379
513 1427
514 619
514 1036
514 1559
514 1737
514 1921
515 1116
515 1249
515 1443
515 1532
515 1647
515 1684
515 1928
516 528
516 879
516 1527
516 1544
517 734
517 787
517 841
517 891
517 1768
518 528
518 849
518 878
518 1317
518 1885
519 550
519 638
519 647
519 1000
519 1106
519 1249
519 1626
519 1966
520 686
520 925
520 1045
520 1322
520 1474
521 1160
521 1284
521 1584
521 1848
521 1994
522 733
522 1076
522 1151
522 1336
522 1668
522 1771
522 1829
522 1995
523 644
523 1148
523 1244
523 1283
523 1314
523 1318
523 1829
523 1850
524 1632
524 1866
525 733
525 745
525 852
525 1079
525 1216
525 1220
525 1855
525 1930
526 852
526 970
526 1017
526 1077
526 1175
526 1251
526 1467
526 1520
526 1969
527 661
527 699
527 1306
527 1588
527 1594
527 1888
528 1046
528 1260
528 1431
528 1569
528 1703
529 595
529 1258
529 1309
529 1344
529 1356
529 1659
529 1722
529 1954
530 656
530 768
530 867
530 1118
530 1689
531 1083
531 1168
531 1332
531 1334
531 1401
531 1612
531 1778
531 1891
531 1928
532 550
532 625
532 672
532 709
532 742
532 1214
532 1249
532 1429
532 1465
532 1555
532 1683
532 1863
533 984
533 1683
533 1747
533 1972
534 886
534 1108
534 1149
534 1185
534 1537
534 1933
535 1167
535 1368
535 1542
535 1899
536 758
536 822
536 849
536 908
537 539
537 1125
537 1290
537 1374
537 1445
537 1527
537 1928
538 985
538 1011
538 1995
540 789
540 1028
540 1172
540 1346
540 1377
541 1057
541 1272
542 837
542 866
542 1091
542 1565
542 1708
542 1752
542 1794
543 787
543 1181
543 1337
543 1357
544 1075
544 1581
544 1611
545 581
545 1210
545 1554
545 1659
546 645
546 933
546 1663
547 646
547 720
547 856
547 921
547 945
547 1373
547 1735
548 766
548 834
548 1255
549 738
549 928
549 1236
549 1618
549 1655
549 1670
550 600
550 899
550 1087
550 1450
550 1469
550 1729
550 1807
550 1816
551 583
551 861
551 1135
551 1729
552 702
552 744
552 757
552 1377
553 772
553 929
553 1102
553 1230
553 1431
554 646
554 1488
554 1908
554 1916
554 1983
555 597
555 856
555 871
555 1085
555 1114
555 1233
555 1279
555 1414
555 1600
555 1789
556 984
557 654
557 729
557 769
557 831
557 867
557 953
557 1071
557 1132
557 1135
557 1145
557 1450
557 1812
558 920
558 1356
558 1843
558 1847
558 1888
558 1964
559 611
559 960
559 1258
559 1432
559 1635
559 1637
559 1731
559 1779
560 662
560 785
560 1237
560 1508
561 826
561 937
561 1116
561 1247
561 1269
561 1406
561 1474
561 1731
561 1859
562 1337
562 1356
562 1391
562 1398
562 1756
562 1893
563 616
563 721
563 1018
563 1223
564 822
564 1173
564 1188
564 1516
564 1574
564 1652
565 633
565 654
565 905
565 1040
566 766
566 787
566 807
566 1027
566 1065
566 1284
566 1959
567 679
567 916
567 1105
567 1419
567 1899
568 704
568 762
568 806
568 1524
568 1572
568 1573
568 1835
568 1911
569 678
569 810
569 850
569 1600
569 1673
570 650
570 1134
570 1146
570 1334
570 1865
571 1045
571 1427
571 1620
571 1664
572 860
572 870
572 934
572 949
572 1058
572 1068
572 1145
572 1194
573 609
573 686
573 737
573 976
573 990
573 1017
573 1041
573 1184
573 1515
573 1812
574 892
574 1340
574 1710
574 1836
574 1884
575 656
575 896
575 914
575 1145
575 1604
575 1658
575 1703
575 1917
576 876
576 1024
576 1369
576 1394
576 1438
577 877
577 1573
577 1575
578 776
578 810
578 984
578 1044
578 1423
578 1565
578 1943
579 867
579 1108
579 1209
579 1304
579 1643
579 1762
580 658
580 743
580 945
580 963
580 1705
581 1490
581 1563
581 1680
581 1885
582 974
582 1727
582 1747
582 1754
582 1936
583 695
583 710
583 1029
583 1058
583 1135
583 1511
584 622
584 859
584 1306
584 1559
584 1700
585 1272
585 1608
585 1692
586 751
586 812
586 1009
586 1056
586 1171
586 1209
587 772
587 848
587 866
587 1104
587 1317
587 1601
588 762
588 985
588 1919
589 713
589 1052
589 1503
589 1544
589 1844
589 1953
590 624
590 690
590 1132
590 1163
590 1316
590 1352
590 1611
590 1886
591 743
591 860
591 1662
591 1758
591 1794
591 1885
592 662
592 853
592 921
592 966
592 1084
592 1177
592 1384
592 1635
593 621
593 649
593 815
593 978
593 1497
593 1843
594 608
594 730
594 878
594 1443
594 1559
594 1575
594 1960
594 1999
595 899
595 1318
595 1337
595 1994
596 658
596 777
596 840
596 1833
596 1941
597 844
597 1074
597 1338
597 1456
598 749
598 868
598 904
598 1773
598 1872
598 1947
599 792
599 854
599 982
599 1552
599 1639
600 861
600 873
600 900
600 919
600 1287
600 1450
600 1493
601 752
601 894
601 1038
601 1062
601 1127
601 1255
601 1388
601 1584
601 1683
601 1718
601 1828
601 1872
602 1113
602 1163
602 1436
602 1482
602 1555
602 1622
602 1803
602 1846
603 770
603 780
603 1279
603 1772
603 1777
603 1931
603 1956
604 672
604 733
604 919
604 974
604 1022
604 1537
604 1672
604 1723
604 1779
604 1855
605 670
605 964
606 814
606 1135
606 1235
606 1530
606 1550
606 1726
606 1800
607 1142
607 1387
607 1643
607 1826
608 1101
608 1514
609 745
609 1632
609 1652
609 1771
609 1834
610 1161
610 1406
610 1521
610 1605
610 1819
611 1023
611 1054
611 1138
611 1729
611 1915
612 1210
612 1376
612 1658
612 1979
613 679
613 682
613 1270
613 1422
613 1598
613 1700
614 639
614 1135
614 1218
614 1950
615 750
615 811
615 1033
615 1431
615 1529
615 1576
615 1613
615 1744
615 1990
616 623
616 811
616 1142
616 1535
616 1545
617 837
617 1326
617 1410
617 1633
617 1975
618 705
618 1214
618 1720
618 1873
618 1952
619 1138
619 1307
619 1527
619 1975
620 714
620 800
620 1033
620 1080
620 1349
620 1768
621 661
621 1451
621 1916
622 1073
622 1187
622 1403
622 1473
622 1548
622 1558
622 1846
622 1931
623 658
623 1051
623 1251
623 1299
623 1337
623 1433
623 1510
623 1627
623 1755
623 1832
623 1866
623 1994
624 751
624 804
624 887
624 1179
624 1435
624 1587
624 1686
624 1763
624 1874
625 1086
625 1265
625 1267
625 1276
625 1433
625 1581
625 1627
625 1761
625 1877
625 1947
625 1963
625 1979
626 900
626 943
626 992
626 1105
626 1133
626 1214
626 1440
627 778
627 867
627 1164
627 1196
627 1202
627 1224
627 1360
627 1483
627 1539
627 1610
628 825
628 1014
628 1152
628 1497
628 1807
629 635
629 759
629 907
629 1066
629 1501
629 1567
630 918
630 1451
630 1807
630 1809
631 904
631 949
631 1156
631 1323
631 1324
631 1485
631 1507
631 1690
631 1787
631 1932
632 1487
632 1490
632 1526
632 1976
632 1979
632 1988
633 648
633 704
633 1266
633 1362
633 1396
633 1444
633 1596
634 876
634 973
634 979
634 1759
634 1768
635 717
635 800
635 1006
635 1016
635 1370
636 915
636 1302
636 1349
636 1366
636 1398
636 1768
636 1804
636 1932
637 719
637 837
637 926
637 951
637 1688
637 1692
638 1333
638 1596
638 1906
639 735
639 1137
639 1158
639 1176
639 1539
639 1562
639 1680
639 1730
640 882
640 996
640 1120
640 1309
640 1654
640 1680
640 1775
641 840
641 1085
641 1674
641 1760
641 1834
642 782
642 1052
642 1186
642 1276
642 1303
642 1381
642 1455
642 1517
642 1723
643 694
643 768
643 1300
643 1339
644 933
644 935
644 986
644 1134
644 1486
644 1827
644 1851
644 1873
644 1954
645 774
645 1175
645 1430
645 1555
645 1607
645 1759
645 1873
646 755
646 948
646 982
646 1429
646 1509
646 1526
646 1832
646 1900
647 1071
647 1579
647 1653
648 856
648 866
648 1687
649 854
649 1157
649 1953
650 1565
650 1745
651 899
651 1064
651 1077
651 1096
651 1321
651 1555
651 1631
651 1841
652 767
652 1485
652 1736
653 921
653 1007
653 1338
653 1476
653 1503
653 1814
653 1841
654 738
654 924
654 1035
654 1156
655 1318
655 1514
655 1880
655 1965
656 1090
656 1211
656 1389
656 1578
657 1369
657 1566
657 1817
657 1903
658 1106
658 1352
658 1675
658 1763
659 724
659 888
659 984
659 1036
659 1301
659 1412
659 1504
659 1874
660 701
660 908
660 946
660 1494
660 1717
660 1726
660 1983
661 717
661 842
661 936
661 1770
661 1985
662 1054
662 1184
662 1284
662 1387
663 691
663 822
663 1410
663 1435
663 1741
663 1810
663 1839
664 1094
664 1101
664 1127
664 1429
664 1433
664 1716
664 1821
664 1844
665 898
665 1377
665 1499
665 1532
666 712
666 713
666 777
666 878
666 965
666 993
666 1226
666 1252
666 1698
667 1096
667 1233
667 1995
668 686
668 815
668 1196
668 1224
668 1532
668 1752
669 1320
669 1383
669 1455
669 1613
670 918
670 1189
670 1558
671 1043
671 1054
671 1233
671 1326
671 1403
671 1554
671 1727
671 1881
672 850
672 1020
672 1050
672 1114
672 1245
672 1382
672 1546
672 1564
672 1573
672 1684
672 1786
672 1857
672 1974
673 912
673 1011
673 1283
673 1609
674 835
674 875
674 1043
674 1061
674 1102
674 1358
674 1433
674 1611
674 1999
675 1004
675 1525
675 1617
675 1688
675 1774
675 1912
676 1181
676 1207
676 1306
676 1434
676 1686
676 1795
676 1833
677 733
677 1129
677 1248
677 1270
677 1367
677 1589
677 1679
677 1893
677 1914
678 887
678 1520
678 1902
678 1918
679 713
679 1751
679 1971
680 943
680 1319
680 1385
680 1508
680 1958
680 1968
681 846
681 886
681 969
681 1337
681 1794
681 1871
681 1979
682 742
682 802
682 990
682 1383
682 1544
682 1640
683 757
683 837
683 852
683 1182
683 1211
683 1400
683 1494
683 1680
683 1764
683 1916
683 1939
683 1973
684 772
684 1029
684 1132
684 1248
684 1543
684 1909
685 883
685 898
685 970
685 1069
685 1270
685 1577
685 1748
685 1974
686 914
686 1000
686 1357
686 1631
686 1837
686 1855
686 1976
686 1983
687 727
687 826
687 875
687 917
687 963
687 1091
687 1407
687 1824
688 943
688 1014
688 1038
688 1373
688 1662
688 1788
689 1018
689 1101
689 1224
689 1283
689 1611
689 1842
689 1962
690 870
690 1459
690 1735
690 1822
690 1851
691 999
691 1053
691 1216
691 1431
691 1896
691 1915
691 1961
692 703
692 1214
692 1409
692 1460
692 1664
692 1669
692 1696
692 1744
693 788
693 865
693 1099
693 1135
693 1229
693 1304
693 1554
693 1641
693 1883
693 1922
693 1956
693 1957
694 878
694 987
695 768
695 1006
695 1033
695 1189
695 1344
695 1880
696 1616
696 1619
697 887
697 1395
697 1440
698 1342
698 1369
698 1480
698 1908
699 850
699 984
699 1401
699 1480
699 1682
699 1700
700 737
700 810
700 943
700 1071
700 1403
700 1966
701 710
701 735
701 774
701 852
701 1131
701 1549
701 1665
701 1799
702 714
702 828
702 1003
702 1402
702 1684
703 966
703 1206
703 1379
703 1506
703 1556
703 1650
703 1714
703 1727
704 898
704 1032
704 1297
704 1562
704 1697
705 1078
705 1262
705 1313
705 1483
706 1319
706 1504
706 1702
706 1708
706 1799
706 1957
707 796
707 1112
707 1206
707 1389
707 1420
707 1514
707 1572
707 1663
707 1749
707 1758
707 1966
708 1073
708 1202
708 1231
708 1661
708 1982
709 1123
709 1274
709 1523
709 1551
710 938
710 1014
710 1075
710 1084
710 1648
710 1738
710 1930
711 1226
711 1494
711 1635
711 1838
712 729
712 753
712 1155
712 1556
712 1665
713 809
713 1296
713 1630
713 1997
714 1033
714 1314
714 1567
714 1625
714 1901
714 1988
715 886
715 1062
715 1529
715 1706
715 1839
716 842
716 927
716 1007
716 1558
716 1601
716 1682
716 1810
717 793
717 888
717 894
717 1723
718 1020
718 1256
718 1284
718 1738
718 1836
719 725
719 1065
719 1917
720 1417
720 1430
720 1467
720 1683
720 1851
720 1853
720 1921
720 1967
721 749
721 928
721 977
721 1057
721 1133
721 1468
721 1489
721 1586
721 1753
721 1883
721 1898
722 1399
722 1620
723 757
723 1218
723 1445
723 1670
723 1795
724 791
724 919
724 1226
724 1410
724 1776
725 923
725 986
725 1243
725 1960
726 1190
726 1372
726 1379
726 1771
726 1960
727 1272
727 1303
728 897
728 1460
729 793
729 840
729 1147
729 1277
729 1434
729 1555
729 1659
729 1786
730 1321
730 1416
730 1490
730 1545
730 1617
730 1626
730 1692
730 1769
730 1864
731 1329
732 755
732 958
733 796
733 814
733 1356
733 1471
733 1598
733 1609
733 1649
733 1970
734 781
734 882
734 1479
734 1675
734 1860
735 814
735 1287
735 1985
736 988
736 1008
736 1369
736 1401
736 1682
736 1848
737 754
737 889
737 1050
737 1431
737 1590
737 1830
738 783
738 1280
738 1797
738 1873
739 744
739 901
739 909
739 1522
739 1898
739 1979
740 863
740 867
740 878
740 1391
740 1640
740 1852
741 1411
741 1431
742 1215
742 1231
742 1951
743 1175
743 1469
744 1080
744 1318
744 1354
744 1452
745 946
745 1044
745 1289
745 1536
745 1964
746 828
746 889
746 1164
746 1330
746 1505
746 1519
746 1702
746 1933
747 862
747 1323
747 1513
747 1702
747 1922
748 895
748 906
748 1040
748 1251
748 1323
748 1622
748 1743
748 1954
749 985
749 1128
749 1239
749 1301
749 1658
749 1662
749 1845
750 1229
750 1418
750 1640
750 1999
751 1154
751 1382
751 1390
751 1399
751 1721
751 1824
752 1238
752 1278
753 911
753 1048
753 1193
753 1413
753 1584
753 1604
753 1842
753 1904
754 1043
754 1317
754 1367
754 1644
755 885
755 1121
755 1144
755 1154
755 1300
756 816
756 825
756 866
756 1000
756 1007
756 1044
756 1460
756 1499
756 1521
757 1228
757 1493
757 1509
757 1619
757 1658
758 817
758 832
758 1199
758 1214
758 1997
759 1014
759 1159
759 1745
759 1885
760 792
760 819
760 849
760 1142
760 1361
760 1436
760 1488
760 1555
761 1370
761 1703
761 1829
761 1849
762 844
762 1267
762 1456
762 1583
763 1609
763 1619
764 823
764 991
764 1035
764 1170
764 1227
764 1328
764 1423
764 1669
764 1920
765 786
765 937
765 1373
765 1501
765 1562
765 1676
765 1677
766 834
766 1065
766 1095
766 1140
766 1175
766 1285
766 1472
766 1570
767 807
767 934
767 1353
767 1653
767 1857
767 1859
767 1900
768 834
768 1140
768 1245
768 1402
768 1441
768 1446
768 1604
768 1625
768 1714
769 1014
769 1032
769 1083
769 1865
770 1103
770 1300
771 850
771 1061
771 1367
771 1368
771 1434
771 1470
771 1548
771 1897
772 1795
773 823
773 1611
773 1637
773 1822
774 783
774 1097
774 1669
774 1782
775 814
775 1089
775 1148
775 1501
775 1642
775 1810
775 1894
775 1906
775 1929
775 1998
776 1216
776 1571
776 1700
777 833
777 1797
777 1994
779 858
779 923
779 1002
779 1791
779 1966
779 1973
780 1103
780 1789
780 1801
780 1827
781 1004
781 1025
781 1141
781 1243
781 1366
781 1762
781 1769
781 1771
781 1842
782 792
782 938
782 1200
782 1844
782 1857
783 930
783 1202
783 1442
783 1911
784 897
784 1115
784 1151
784 1414
784 1586
784 1693
784 1723
785 1015
785 1360
785 1411
785 1615
785 1723
785 1869
786 987
786 996
786 1111
786 1233
786 1669
786 1677
786 1959
787 1305
787 1518
787 1686
788 849
788 1486
788 1576
788 1779
788 1833
788 1933
789 896
789 958
789 1358
789 1554
789 1727
789 1806
789 1946
790 925
790 971
790 1585
790 1639
790 1716
791 1016
791 1522
791 1668
791 1732
791 1836
792 1083
792 1318
792 1748
792 1841
792 1949
793 844
793 1387
793 1536
793 1815
794 898
794 1068
794 1277
794 1781
794 1894
795 1015
795 1113
795 1373
796 1096
796 1131
796 1769
796 1773
796 1965
797 949
797 1256
797 1678
798 840
798 892
798 908
798 1104
798 1193
798 1579
798 1613
798 1838
798 1961
799 937
799 1022
799 1028
799 1245
799 1473
800 1098
800 1172
800 1211
800 1258
800 1416
801 860
801 1058
801 1153
801 1167
801 1577
801 1636
801 1643
801 1736
801 1874
801 1948
802 853
802 931
802 953
802 1046
802 1063
802 1373
802 1648
802 1731
803 861
803 1810
803 1829
804 1045
804 1061
804 1073
804 1082
805 916
805 1050
805 1089
805 1575
805 1980
805 1993
806 975
806 1388
806 1432
806 1473
806 1559
806 1881
807 855
807 1145
807 1363
807 1637
808 883
808 1251
808 1292
808 1687
808 1746
809 1296
809 1673
810 839
810 874
810 1408
811 918
811 1029
811 1124
811 1219
811 1316
811 1350
811 1455
811 1810
811 1882
811 1939
812 1555
812 1648
813 861
813 1384
813 1523
813 1775
813 1821
814 963
814 1427
814 1790
814 1945
814 1970
815 1100
815 1211
815 1299
815 1437
815 1744
816 1126
816 1203
816 1225
816 1610
816 1671
816 1984
817 1068
817 1083
817 1146
817 1296
817 1966
818 970
818 1029
818 1078
818 1656
819 1286
819 1379
819 1426
819 1707
819 1814
820 1008
820 1400
820 1456
820 1583
821 850
821 1258
821 1334
821 1347
822 1188
822 1204
822 1405
822 1512
822 1636
822 1642
822 1898
823 1487
823 1593
823 1648
823 1753
823 1915
824 1378
824 1637
824 1987
825 1194
825 1234
825 1279
825 1415
825 1430
825 1575
825 1805
825 1932
826 902
826 1043
826 1165
826 1785
826 1795
827 1803
827 1873
827 1972
828 928
828 965
828 1126
828 1250
828 1266
829 870
829 1165
829 1956
830 947
830 1325
830 1421
830 1746
831 850
831 1234
831 1415
831 1754
831 1848
831 1901
832 869
832 872
832 1168
832 1607
832 1739
832 1754
833 918
833 968
833 1070
833 1239
833 1721
834 1252
834 1258
834 1325
834 1726
835 994
835 1116
835 1273
835 1304
835 1532
835 1645
835 1702
835 1723
835 1902
836 1226
836 1566
836 1776
836 1802
836 1927
837 880
837 1025
837 1058
837 1097
837 1540
837 1592
837 1978
837 1990
837 1996
838 930
838 931
838 1017
838 1082
838 1849
838 1988
839 1329
839 1407
839 1622
839 1780
839 1970
840 1529
840 1621
840 1639
840 1720
840 1767
841 916
841 984
841 1031
841 1072
841 1362
841 1699
841 1790
841 1855
842 981
842 1106
842 1233
842 1371
842 1531
842 1553
842 1747
843 871
843 1042
843 1088
843 1485
843 1608
844 992
844 1985
845 997
845 1132
845 1314
845 1316
845 1466
845 1629
845 1824
846 982
846 1500
846 1665
847 987
847 1070
847 1266
847 1313
847 1451
847 1512
847 1902
848 998
848 1066
848 1085
848 1118
848 1582
848 1614
849 853
849 956
849 1113
849 1139
849 1283
849 1292
849 1720
849 1953
850 1592
850 1609
850 1784
850 1799
850 1817
851 869
851 955
851 1712
851 1716
852 1584
853 1034
853 1385
853 1745
853 1765
854 1091
854 1143
854 1605
854 1799
854 1814
854 1962
855 1046
855 1823
856 922
856 1310
856 1716
857 949
857 1107
857 1262
857 1413
857 1448
857 1568
858 1128
859 949
859 957
859 977
859 981
859 1476
859 1623
859 1938
860 1011
860 1198
860 1275
860 1450
860 1740
860 1837
861 1038
861 1165
861 1359
861 1450
861 1568
861 1825
863 867
863 1033
863 1183
863 1511
863 1951
864 1129
864 1141
864 1215
864 1251
864 1393
864 1503
865 1122
865 1420
865 1830
866 1198
866 1633
866 1641
866 1666
866 1798
866 1807
867 955
867 986
867 1054
867 1056
867 1296
867 1581
867 1659
867 1671
868 917
868 1292
868 1513
868 1645
868 1670
869 898
869 1181
870 1054
870 1250
870 1262
870 1276
870 1409
871 1117
871 1354
871 1439
871 1786
871 1788
872 1109
872 1144
872 1238
872 1258
872 1395
872 1418
872 1564
872 1820
873 1410
873 1648
873 1984
874 1395
874 1526
875 1107
875 1652
875 1752
875 1978
876 901
876 1368
876 1388
876 1578
876 1895
877 1012
877 1283
877 1296
877 1330
877 1446
878 1304
878 1979
879 895
879 983
879 1094
879 1127
879 1204
879 1241
879 1284
879 1348
879 1640
879 1741
880 1080
880 1151
880 1573
881 956
881 979
881 1262
881 1596
881 1803
882 949
882 1148
882 1456
882 1579
882 1626
882 1858
882 1909
883 1144
883 1151
883 1652
884 1142
884 1264
884 1295
884 1608
884 1768
884 1861
885 897
885 961
885 1009
885 1137
885 1609
886 1120
886 1227
886 1265
886 1273
886 1475
886 1724
886 1834
886 1876
887 1180
887 1253
887 1273
887 1435
887 1541
887 1617
887 1702
887 1776
887 1900
888 1214
888 1282
888 1688
889 900
889 962
889 970
889 1233
889 1321
889 1387
889 1570
889 1960
890 918
890 1050
890 1126
890 1346
891 997
891 1704
891 1896
892 1094
892 1239
892 1294
892 1422
892 1698
892 1852
893 1062
894 955
894 993
894 1270
894 1276
894 1825
894 1877
895 1423
895 1679
895 1795
896 901
896 939
896 1082
896 1112
896 1118
896 1163
896 1337
896 1454
896 1555
896 1634
896 1854
897 1151
897 1695
897 1821
898 1338
898 1654
898 1716
898 1773
899 1051
899 1176
899 1709
900 994
900 1645
900 1799
901 903
901 914
902 1108
902 1140
902 1256
902 1401
902 1431
902 1442
902 1480
902 1495
902 1829
903 1325
903 1368
903 1369
903 1382
903 1454
903 1623
904 1154
904 1289
904 1290
904 1511
904 1662
904 1775
905 1019
905 1030
905 1282
905 1367
905 1588
905 1697
905 1717
905 1920
906 984
907 1174
907 1192
907 1204
907 1317
907 1566
908 951
908 1038
908 1618
908 1669
908 1740
908 1755
908 1872
909 1230
909 1243
909 1494
909 1542
909 1823
910 1045
910 1831
911 1051
911 1362
911 1390
911 1448
911 1569
911 1685
911 1958
912 1145
912 1465
912 1631
912 1632
912 1831
912 1951
913 984
913 1007
913 1150
913 1295
913 1311
913 1524
914 918
914 954
914 1077
914 1096
914 1201
914 1245
914 1294
914 1363
914 1365
915 1247
915 1314
915 1336
915 1478
915 1531
915 1625
916 1064
916 1266
916 1923
917 1430
917 1486
917 1517
917 1543
917 1761
917 1985
918 960
918 1163
918 1311
918 1317
918 1640
918 1727
918 1775
918 1860
919 1343
919 1373
919 1664
920 1476
920 1502
920 1545
920 1627
920 1796
920 1798
920 1875
921 1389
921 1447
921 1587
922 1578
922 1651
922 1822
922 1946
923 1613
923 1724
924 966
924 1443
924 1805
925 967
925 1139
925 1430
925 1734
925 1754
926 1161
926 1376
926 1393
926 1614
926 1667
926 1949
927 1042
927 1096
927 1140
927 1731
927 1914
928 1062
928 1113
928 1224
928 1412
928 1763
929 1212
929 1829
929 1974
930 957
930 967
930 1368
930 1753
930 1885
930 1946
931 960
931 1006
931 1137
931 1471
931 1590
931 1657
931 1811
931 1854
932 944
932 1078
932 1668
932 1724
933 1400
933 1693
934 1431
935 1101
935 1588
935 1908
936 999
936 1091
936 1161
936 1577
937 1063
937 1610
938 1173
938 1328
938 1530
938 1782
938 1907
939 1163
939 1300
939 1976
940 1110
940 1486
940 1608
940 1627
941 1143
941 1158
941 1348
941 1387
941 1440
941 1702
941 1725
941 1789
941 1799
942 1060
942 1301
943 1019
943 1191
943 1193
943 1375
943 1393
943 1600
943 1727
943 1763
943 1829
944 1334
944 1373
944 1660
944 1774
944 1871
945 1067
945 1321
945 1322
945 1385
945 1533
945 1788
946 1554
946 1726
946 1841
946 1969
947 1270
947 1492
947 1782
948 970
948 1679
949 1098
949 1155
949 1382
950 1000
950 1343
950 1520
950 1628
950 1901
951 1428
951 1612
951 1639
951 1852
952 1237
952 1274
952 1284
952 1478
952 1481
952 1556
952 1711
952 1775
952 1957
953 1120
953 1792
953 1882
953 1951
954 1007
954 1194
954 1363
954 1403
954 1547
955 1164
955 1204
955 1609
955 1791
955 1812
955 1853
956 1249
956 1897
957 1236
957 1661
957 1826
958 1706
960 1161
960 1311
960 1705
960 1755
960 1922
960 1987
961 1107
961 1168
961 1415
961 1515
961 1696
962 1736
962 1753
962 1797
963 1818
963 1987
964 1013
964 1037
964 1054
964 1273
964 1320
964 1374
964 1493
964 1786
965 1380
965 1419
965 1813
965 1837
965 1867
965 1979
966 1010
966 1064
966 1108
966 1176
966 1845
967 1036
967 1131
967 1260
967 1490
967 1609
967 1900
968 1124
968 1187
968 1274
968 1292
968 1610
968 1636
968 1821
968 1843
969 1162
969 1546
969 1640
970 1124
970 1265
970 1992
970 1993
971 1213
971 1640
971 1661
973 1082
973 1294
973 1419
973 1685
974 986
974 1166
974 1172
974 1299
975 1075
975 1093
975 1784
975 1938
976 1079
976 1242
976 1293
976 1303
976 1484
976 1503
976 1533
976 1813
976 1836
976 1902
976 1927
976 1984
977 1376
977 1392
977 1509
977 1838
978 1025
978 1196
978 1288
978 1398
978 1967
979 1026
979 1086
979 1256
979 1584
979 1889
979 1926
980 1492
980 1648
980 1691
980 1829
980 1871
981 1954
982 1200
982 1507
982 1660
983 1310
983 1551
983 1661
983 1780
983 1802
983 1834
984 1212
984 1237
984 1359
984 1539
985 998
985 1106
985 1509
985 1775
985 1913
986 1315
986 1586
986 1746
986 1817
986 1994
987 1101
987 1298
987 1741
987 1780
987 1841
987 1884
988 1193
988 1331
988 1400
988 1857
989 1687
989 1723
989 1931
990 1818
990 1848
991 1145
991 1226
991 1269
991 1585
992 1045
992 1494
992 1652
992 1730
993 1233
993 1446
993 1493
993 1549
993 1665
994 1140
994 1312
994 1591
994 1939
995 1091
995 1231
995 1714
996 1047
996 1063
996 1119
996 1141
996 1156
996 1160
996 1702
996 1917
996 1950
997 1301
997 1376
997 1510
997 1543
998 1354
998 1423
998 1503
998 1617
999 1231
999 1700
1000 1072
1000 1882
1000 1941
1000 1973
1001 1077
1001 1150
1001 1322
1001 1391
1001 1476
1001 1631
1002 1446
1002 1756
1003 1277
1003 1515
1003 1546
1004 1014
1004 1097
1004 1440
1004 1491
1004 1538
1004 1841
1004 1912
1005 1552
1006 1095
1006 1268
1006 1281
1006 1290
1006 1479
1007 1071
1007 1253
1008 1561
1008 1616
1008 1811
1008 1883
1009 1351
1009 1491
1009 1605
1009 1935
1010 1322
1010 1592
1010 1838
1010 1843
1010 1988
1011 1344
1011 1386
1011 1810
1011 1860
1011 1933
1012 1224
1012 1316
1012 1440
1012 1444
1012 1635
1012 1661
1013 1095
1013 1287
1013 1438
1013 1499
1013 1690
1014 1667
1015 1054
1015 1265
1015 1694
1015 1838
1016 1065
1016 1087
1016 1100
1016 1332
1016 1427
1016 1478
1016 1897
1017 1083
1017 1300
1017 1301
1017 1455
1017 1463
1018 1337
1018 1432
1018 1484
1018 1578
1018 1756
1018 1984
1019 1050
1019 1334
1019 1490
1019 1633
1019 1655
1019 1719
1019 1889
1020 1170
1020 1191
1020 1359
1020 1371
1020 1664
1021 1036
1021 1123
1021 1147
1021 1392
1021 1404
1021 1738
1021 1778
1022 1427
1022 1486
1022 1621
1023 1372
1023 1619
1023 1834
1023 1889
1024 1326
1024 1391
1024 1437
1024 1696
1024 1775
1025 1392
1025 1696
1025 1974
1026 1189
1026 1248
1026 1312
1027 1144
1027 1169
1027 1544
1027 1620
1027 1924
1028 1408
1028 1567
1028 1879
1029 1461
1029 1735
1029 1929
1030 1137
1030 1243
1030 1385
1030 1458
1030 1711
1031 1039
1031 1054
1031 1248
1031 1289
1031 1334
1031 1691
1032 1074
1032 1106
1032 1482
1032 1561
1032 1776
1032 1829
1032 1887
1033 1358
1034 1162
1034 1392
1034 1484
1034 1894
1035 1503
1035 1735
1036 1860
1037 1601
1037 1759
1037 1933
1038 1268
1039 1211
1039 1264
1039 1318
1039 1358
1039 1498
1039 1505
1039 1968
1040 1211
1040 1385
1041 1070
1041 1359
1042 1044
1042 1117
1042 1812
1043 1080
1043 1118
1043 1376
1043 1420
1043 1585
1044 1069
1044 1111
1044 1367
1044 1665
1044 1903
1045 1575
1045 1616
1046 1071
1046 1656
1047 1446
1048 1113
1048 1176
1048 1188
1048 1533
1048 1785
1048 1945
1049 1616
1049 1814
1051 1162
1051 1163
1051 1270
1051 1618
1051 1756
1052 1124
1052 1222
1052 1592
1052 1599
1052 1870
1053 1119
1053 1447
1053 1499
1053 1837
1053 1864
1054 1253
1054 1265
1054 1287
1054 1548
1054 1702
1054 1776
1055 1515
1055 1611
1055 1682
1055 1989
1056 1251
1056 1323
1056 1350
1056 1682
1056 1762
1056 1839
1057 1201
1057 1214
1057 1309
1057 1325
1057 1700
1057 1870
1058 1080
1058 1181
1058 1245
1058 1283
1058 1296
1058 1357
1058 1625
1058 1672
1058 1831
1059 1204
1059 1215
1059 1217
1059 1219
1059 1739
1059 1867
1059 1976
1060 1706
1061 1603
1061 1667
1061 1794
1061 1820
1061 1896
1061 1977
1062 1158
1062 1169
1062 1285
1062 1889
1062 1907
1063 1335
1063 1759
1063 1955
1063 1980
1064 1085
1064 1135
1064 1146
1064 1270
1064 1536
1064 1814
1064 1898
1064 1899
1065 1158
1065 1309
1065 1464
1065 1473
1065 1676
1066 1213
1066 1338
1066 1362
1067 1133
1067 1710
1068 1660
1069 1088
1069 1488
1069 1507
1070 1226
1070 1595
1070 1899
1071 1156
1071 1183
1071 1698
1071 1869
1071 1907
1071 1979
1072 1416
1072 1561
1072 1586
1072 1944
1073 1105
1073 1332
1073 1871
1073 1932
1074 1079
1074 1271
1074 1384
1074 1579
1074 1784
1075 1389
1075 1473
1075 1845
1075 1846
1076 1211
1076 1212
1076 1406
1076 1442
1076 1472
1076 1813
1076 1840
1076 1866
1077 1610
1078 1144
1078 1184
1078 1268
1078 1564
1078 1671
1078 1826
1078 1937
1078 1944
1079 1593
1079 1672
1079 1911
1079 1941
1079 1944
1080 1154
1080 1488
1080 1604
1080 1634
1080 1823
1081 1218
1081 1306
1081 1489
1081 1619
1081 1929
1081 1991
1082 1287
1082 1442
1082 1698
1082 1731
1082 1774
1083 1178
1083 1274
1083 1905
1084 1366
1084 1388
1084 1562
1085 1364
1085 1371
1085 1650
1085 1672
1086 1167
1086 1209
1086 1484
1086 1606
1086 1716
1086 1799
1086 1855
1086 1936
1086 1946
1086 1993
1087 1500
1087 1610
1087 1886
1087 1895
1087 1935
1087 1989
1088 1172
1088 1178
1088 1299
1088 1320
1088 1339
1088 1412
1088 1627
1089 1094
1089 1178
1089 1209
1089 1582
1089 1770
1089 1974
1090 1125
1090 1617
1090 1655
1090 1779
1091 1508
1092 1176
1092 1415
1092 1586
1092 1645
1092 1739
1092 1776
1092 1941
1093 1423
1093 1494
1093 1556
1093 1571
1093 1842
1094 1226
1094 1706
1094 1794
1094 1809
1094 1814
1095 1141
1095 1209
1095 1223
1095 1233
1095 1243
1095 1812
1096 1158
1096 1489
1096 1703
1097 1334
1097 1357
1097 1714
1097 1891
1097 1991
1098 1276
1098 1314
1098 1690
1098 1890
1098 1924
1099 1144
1099 1591
1099 1727
1100 1554
1100 1668
1100 1781
1101 1109
1101 1270
1101 1405
1101 1667
1101 1856
1101 1863
1101 1896
1102 1357
1102 1452
1102 1576
1102 1709
1102 1870
1102 1979
1103 1141
1103 1360
1103 1570
1104 1647
1104 1653
1105 1134
1105 1222
1105 1288
1105 1669
1105 1738
1105 1755
1105 1906
1105 1994
1106 1114
1106 1172
1106 1447
1106 1617
1106 1907
1107 1227
1107 1675
1107 1700
1107 1985
1108 1195
1108 1320
1108 1514
1108 1785
1109 1444
1109 1576
1109 1608
1109 1780
1109 1911
1110 1164
1110 1215
1110 1312
1110 1414
1110 1415
1110 1687
1111 1308
1111 1374
1111 1425
1111 1681
1112 1302
1112 1342
1112 1789
1112 1811
1112 1949
1112 1957
1113 1233
1113 1548
1113 1796
1114 1309
1114 1370
1115 1197
1115 1731
1116 1189
1116 1253
1116 1337
1116 1354
1116 1384
1116 1655
1116 1849
1117 1438
1117 1452
1117 1544
1118 1308
1118 1615
1118 1671
1118 1952
1119 1281
1119 1293
1119 1331
1119 1607
1120 1547
1120 1554
1120 1629
1120 1670
1120 1773
1120 1829
1121 1320
1121 1446
1121 1532
1121 1573
1122 1224
1122 1250
1123 1394
1123 1679
1124 1156
1124 1410
1124 1547
1124 1791
1124 1847
1124 1877
1125 1426
1125 1650
1125 1782
1125 1852
1126 1938
1127 1236
1127 1272
1127 1928
1128 1325
1128 1387
1128 1412
1128 1756
1129 1357
1129 1612
1129 1614
1129 1929
1130 1254
1130 1333
1130 1438
1130 1519
1130 1575
1130 1775
1131 1183
1131 1489
1131 1605
1131 1617
1131 1629
1131 1653
1131 1780
1131 1948
1132 1246
1132 1332
1132 1885
1133 1243
1133 1309
1133 1950
1135 1316
1137 1145
1137 1210
1137 1231
1137 1339
1137 1421
1137 1557
1137 1871
1137 1909
1138 1139
1138 1212
1138 1227
1138 1347
1139 1380
1140 1190
1140 1470
1140 1906
1140 1948
1141 1779
1141 1956
1142 1372
1142 1581
1142 1919
1143 1652
1144 1187
1144 1200
1144 1410
1144 1451
1144 1475
1144 1494
1144 1533
1145 1308
1145 1382
1146 1425
1146 1441
1146 1664
1146 1902
1146 1966
1147 1186
1147 1414
1147 1601
1148 1487
1149 1193
1149 1214
1149 1306
1149 1369
1149 1437
1149 1575
1149 1757
1149 1770
1149 1911
1150 1516
1150 1672
1150 1678
1151 1228
1151 1449
1151 1526
1151 1725
1151 1987
1152 1642
1152 1711
1153 1191
1153 1436
1153 1523
1153 1524
1153 1753
1153 1895
1154 1164
1154 1250
1155 1198
1155 1243
1155 1738
1156 1172
1156 1344
1156 1443
1156 1804
1156 1843
1156 1964
1157 1799
1157 1931
1158 1349
1158 1728
1159 1257
1159 1308
1159 1324
1159 1402
1159 1657
1159 1748
1159 1870
1159 1971
1160 1164
1160 1252
1161 1326
1161 1697
1161 1764
1161 1869
1161 1969
1162 1811
1163 1331
1163 1409
1163 1477
1164 1442
1164 1495
1164 1670
1165 1420
1165 1436
1166 1209
1166 1239
1166 1534
1166 1674
1167 1242
1167 1722
1167 1803
1167 1963
1168 1229
1168 1390
1168 1821
1168 1884
1169 1397
1169 1789
1170 1815
1170 1936
1171 1829
1172 1201
1173 1610
1173 1687
1173 1830
1173 1886
1174 1422
1174 1460
1174 1488
1174 1729
1174 1894
1175 1419
1175 1645
1175 1933
1176 1212
1176 1733
1176 1953
1177 1259
1177 1686
1177 1904
1177 1971
1179 1239
1179 1319
1179 1914
1179 1929
1180 1308
1180 1733
1181 1516
1181 1720
1182 1264
1182 1516
1182 1769
1182 1846
1182 1883
1183 1713
1184 1222
1184 1318
1184 1457
1184 1491
1184 1884
1185 1237
1185 1473
1186 1541
1186 1680
1186 1813
1187 1188
1187 1520
1187 1604
1187 1875
1187 1968
1188 1223
1188 1471
1188 1528
1188 1561
1188 1597
1188 1666
1189 1267
1189 1492
1190 1537
1190 1806
1190 1944
1191 1201
1191 1242
1191 1428
1191 1599
1191 1880
1191 1903
1192 1196
1192 1422
1192 1616
1192 1731
1192 1773
1193 1397
1194 1390
1194 1493
1194 1917
1194 1968
1195 1315
1195 1914
1196 1675
1197 1218
1197 1415
1197 1593
1197 1742
1197 1807
1197 1954
1199 1253
1199 1278
1199 1283
1199 1394
1199 1589
1199 1806
1200 1375
1200 1548
1200 1625
1200 1644
1200 1917
1201 1799
1201 1970
1202 1275
1202 1318
1202 1356
1202 1722
1202 1834
1203 1367
1203 1879
1204 1207
1204 1265
1204 1394
1204 1438
1204 1512
1204 1862
1205 1308
1205 1706
1205 1875
1206 1347
1206 1623
1206 1720
1206 1795
1207 1587
1207 1894
1208 1707
1208 1750
1208 1833
1209 1371
1209 1372
1209 1548
1210 1473
1210 1491
1210 1816
1211 1534
1211 1774
1211 1821
1212 1233
1212 1946
1213 1249
1213 1439
1213 1450
1213 1609
1214 1969
1215 1345
1216 1228
1218 1238
1218 1419
1218 1524
1219 1574
1219 1765
1219 1798
1220 1265
1220 1318
1220 1380
1220 1520
1220 1535
1220 1946
1221 1346
1221 1519
1221 1735
1222 1297
1222 1501
1222 1815
1222 1850
1223 1970
1224 1244
1224 1637
1224 1829
1224 1922
1225 1477
1225 1611
1226 1377
1226 1536
1227 1531
1227 1998
1228 1393
1228 1921
1229 1381
1229 1386
1229 1762
1230 1461
1230 1581
1230 1690
1231 1307
1231 1384
1231 1659
1232 1430
1232 1725
1232 1804
1232 1882
1232 1962
1233 1798
1234 1308
1234 1596
1234 1637
1234 1972
1234 1974
1235 1932
1236 1438
1236 1860
1237 1281
1237 1482
1237 1820
1238 1551
1238 1762
1238 1953
1239 1296
1239 1776
1239 1979
1240 1363
1240 1656
1241 1422
1241 1886
1241 1953
1242 1683
1242 1812
1242 1871
1243 1523
1243 1856
1244 1528
1244 1557
1244 1610
1244 1848
1244 1971
1245 1341
1245 1681
1246 1440
1246 1690
1246 1770
1246 1946
1246 1948
1246 1956
1247 1381
1247 1684
1247 1867
1248 1303
1248 1622
1248 1748
1249 1258
1249 1950
1249 1962
1250 1419
1250 1652
1250 1906
1250 1953
1251 1327
1251 1331
1251 1467
1251 1525
1251 1851
1251 1968
1252 1628
1252 1667
1252 1711
1252 1764
1252 1884
1252 1980
1252 1990
1253 1660
1253 1897
1254 1323
1254 1406
1256 1655
1256 1825
1256 1845
1256 1934
1257 1418
1257 1537
1258 1676
1258 1884
1258 1885
1258 1970
1259 1382
1259 1463
1259 1489
1259 1772
1260 1403
1260 1609
1260 1710
1261 1653
1262 1613
1263 1600
1263 1683
1264 1313
1264 1388
1264 1712
1265 1311
1265 1502
1265 1886
1266 1444
1266 1742
1266 1804
1267 1274
1267 1426
1267 1558
1267 1990
1267 1992
1268 1490
1268 1793
1268 1853
1268 1935
1269 1310
1269 1458
1270 1313
1270 1545
1270 1831
1271 1692
1271 1785
1271 1865
1272 1536
1272 1626
1272 1709
1273 1412
1273 1577
1273 1683
1274 1516
1275 1290
1275 1365
1275 1868
1275 1900
1276 1569
1276 1588
1276 1699
1276 1753
1276 1859
1277 1650
1277 1700
1277 1714
1277 1889
1278 1392
1278 1667
1279 1307
1279 1418
1279 1514
1279 1664
1279 1782
1279 1964
1280 1599
1280 1823
1281 1314
1281 1693
1281 1743
1281 1806
1282 1709
1282 1921
1283 1355
1283 1943
1283 1996
1284 1577
1284 1991
1285 1511
1285 1754
1285 1931
1286 1353
1286 1886
1287 1359
1287 1388
1287 1478
1287 1730
1287 1894
1287 1943
1287 1948
1288 1312
1288 1965
1289 1809
1289 1849
1289 1966
1290 1944
1290 1966
1290 1978
1291 1751
1291 1818
1292 1433
1292 1645
1292 1720
1293 1305
1293 1531
1293 1806
1294 1362
1294 1389
1294 1391
1294 1591
1295 1727
1295 1881
1296 1520
1296 1533
1296 1855
1297 1616
1297 1689
1297 1769
1297 1810
1297 1952
1298 1378
1298 1853
1298 1898
1300 1334
1300 1581
1300 1651
1300 1938
1301 1566
1301 1840
1302 1350
1302 1483
1302 1605
1303 1320
1303 1449
1303 1658
1304 1426
1304 1670
1305 1434
1305 1925
1306 1457
1306 1656
1306 1807
1307 1957
1309 1366
1309 1377
1309 1424
1309 1745
1309 1849
1309 1944
1310 1740
1310 1771
1311 1443
1311 1658
1311 1893
1312 1730
1312 1816
1313 1415
1313 1507
1313 1515
1313 1556
1313 1590
1313 1725
1313 1952
1314 1568
1314 1780
1315 1479
1315 1701
1315 1928
1316 1965
1317 1539
1317 1644
1317 1862
1317 1908
1317 1911
1317 1968
1318 1361
1318 1413
1318 1574
1318 1624
1318 1634
1318 1766
1319 1582
1319 1769
1319 1801
1320 1367
1320 1808
1321 1460
1321 1961
1322 1497
1322 1511
1323 1423
1323 1588
1323 1800
1323 1989
1324 1432
1324 1699
1325 1413
1325 1636
1326 1438
1326 1712
1326 1898
1327 1352
1327 1361
1327 1767
1328 1538
1328 1662
1328 1736
1328 1776
1329 1530
1329 1570
1329 1595
1329 1752
1329 1849
1330 1367
1330 1755
1330 1778
1330 1806
1330 1807
1330 1831
1330 1930
1331 1410
1331 1958
1332 1587
1332 1893
1332 1902
1332 1919
1333 1625
1334 1981
1335 1362
1335 1980
1336 1736
1336 1855
1336 1867
1337 1560
1337 1781
1337 1963
1338 1423
1338 1540
1338 1725
1338 1739
1338 1897
1338 1921
1339 1404
1339 1788
1339 1799
1339 1872
1340 1974
1341 1452
1341 1640
1341 1687
1342 1518
1342 1854
1343 1447
1343 1650
1344 1646
1344 1798
1345 1422
1345 1489
1346 1369
1346 1546
1346 1652
1347 1570
1348 1357
1348 1779
1348 1875
1348 1933
1348 1946
1349 1508
1349 1546
1349 1970
1350 1400
1350 1478
1351 1469
1351 1520
1351 1858
1352 1568
1352 1694
1352 1941
1354 1450
1354 1792
1355 1581
1355 1605
1355 1738
1355 1785
1355 1858
1356 1748
1356 1858
1357 1360
1357 1816
1358 1408
1358 1540
1358 1637
1358 1787
1358 1831
1359 1809
1359 1987
1360 1446
1360 1455
1360 1562
1360 1612
1361 1393
1361 1397
1361 1486
1361 1513
1361 1919
1362 1619
1362 1629
1362 1824
1363 1504
1363 1573
1363 1975
1364 1449
1364 1785
1364 1905
1365 1831
1366 1849
1366 1986
1367 1372
1367 1412
1367 1760
1367 1992
1368 1437
1368 1681
1368 1718
1368 1780
1369 1660
1370 1478
1370 1506
1370 1515
1370 1682
1370 1718
1374 1444
1374 1519
1375 1757
1375 1858
1376 1587
1376 1624
1376 1995
1377 1966
1378 1863
1378 1940
1379 1392
1379 1541
1379 1786
1380 1555
1380 1800
1380 1843
1380 1922
1381 1723
1381 1970
1382 1919
1383 1626
1383 1781
1383 1994
1384 1812
1384 1989
1385 1584
1385 1588
1385 1912
1387 1532
1387 1586
1387 1773
1389 1402
1389 1463
1389 1663
1390 1456
1390 1540
1390 1563
1390 1989
1391 1797
1392 1600
1392 1674
1393 1475
1393 1680
1393 1933
1394 1421
1395 1407
1395 1737
1395 1902
1396 1762
1397 1679
1397 1763
1397 1791
1397 1853
1398 1550
1398 1689
1399 1486
1400 1766
1401 1579
1402 1482
1402 1557
1402 1579
1402 1849
1402 1901
1402 1968
1403 1976
1404 1443
1404 1684
1404 1924
1404 1932
1405 1424
1405 1610
1405 1654
1405 1681
1406 1452
1406 1539
1406 1548
1406 1954
1407 1452
1407 1481
1407 1693
1407 1720
1407 1981
1407 1994
1408 1516
1408 1649
1408 1675
1408 1872
1408 1955
1409 1783
1409 1928
1410 1934
1411 1542
1411 1672
1411 1993
1412 1537
1412 1725
1412 1916
1412 1949
1413 1840
1414 1467
1414 1513
1414 1913
1415 1722
1415 1870
1416 1647
1416 1667
1417 1438
1417 1532
1417 1718
1417 1823
1417 1978
1418 1530
1418 1741
1419 1730
1419 1751
1419 1883
1419 1940
1420 1527
1420 1540
1420 1786
1421 1799
1422 1650
1422 1937
1424 1430
1425 1489
1425 1871
1426 1780
1426 1871
1426 1945
1427 1596
1427 1614
1427 1821
1428 1551
1428 1610
1428 1889
1429 1463
1429 1512
1429 1596
1429 1858
1430 1626
1430 1699
1430 1929
1431 1491
1431 1876
1432 1469
1432 1930
1433 1526
1434 1548
1434 1565
1434 1663
1434 1913
1435 1536
1435 1850
1435 1945
1436 1475
1436 1689
1436 1910
1437 1463
1438 1597
1438 1614
1438 1845
1438 1956
1439 1628
1439 1710
1440 1668
1440 1673
1441 1454
1441 1972
1442 1600
1442 1765
1442 1919
1442 1938
1442 1984
1443 1620
1443 1676
1444 1678
1444 1685
1445 1454
1446 1474
1446 1586
1446 1630
1446 1648
1446 1716
1446 1727
1446 1938
1447 1592
1448 1580
1449 1475
1449 1923
1450 1739
1450 1746
1450 1889
1451 1463
1451 1559
1451 1593
1451 1727
1451 1782
1451 1801
1451 1914
1452 1535
1452 1841
1454 1607
1454 1623
1454 1773
1454 1972
1455 1612
1455 1680
1455 1734
1456 1576
1456 1600
1457 1508
1457 1591
1457 1677
1457 1686
1457 1941
1458 1675
1458 1721
1458 1789
1458 1895
1459 1618
1461 1510
1461 1743
1461 1887
1462 1492
1462 1578
1462 1605
1462 1908
1463 1470
1463 1550
1463 1707
1463 1944
1463 1971
1464 1543
1464 1570
1464 1624
1464 1795
1464 1999
1465 1522
1465 1652
1465 1797
1466 1477
1466 1612
1466 1852
1466 1980
1466 1991
1467 1595
1467 1849
1467 1908
1468 1735
1470 1559
1470 1689
1470 1710
1470 1905
1471 1523
1471 1624
1471 1846
1471 1853
1472 1880
1472 1936
1473 1531
1473 1791
1473 1984
1474 1569
1474 1599
1474 1747
1474 1856
1476 1645
1476 1670
1477 1648
1477 1901
1478 1609
1478 1848
1479 1543
1479 1597
1479 1679
1479 1812
1479 1821
1479 1932
1479 1946
1479 1986
1479 2000
1480 1854
1481 1752
1481 1917
1481 1941
1482 1554
1482 1629
1482 1944
1483 1958
1484 1624
1484 1984
1485 1657
1485 1882
1488 1588
1488 1591
1489 1648
1489 1667
1490 1499
1490 1614
1490 1699
1491 1541
1493 1679
1494 1923
1494 1988
1495 1949
1496 1547
1496 1620
1496 1637
1496 1769
1497 1538
1497 1622
1497 1677
1498 1679
1498 1939
1499 1621
1499 1888
1500 1545
1500 1841
1501 1810
1501 1861
1501 1978
1502 1629
1502 1848
1503 1646
1504 1544
1504 1722
1504 1954
1505 1856
1505 1862
1505 1918
1507 1697
1507 1905
1507 1997
1508 1661
1508 1844
1509 1737
1509 1762
1509 1927
1510 1538
1510 1590
1511 1619
1511 1676
1511 1692
1511 1812
1511 1813
1512 1567
1512 2000
1513 1806
1514 1788
1514 1838
1515 1606
1515 1956
1516 1598
1516 1689
1516 1871
1516 1961
1517 1524
1517 1861
1518 1708
1519 1709
1519 1830
1520 1926
1520 1931
1521 1540
1521 1573
1521 1650
1521 1728
1522 1973
1523 1525
1523 1630
1524 1773
1524 1949
1524 1950
1525 1728
1525 1794
1525 1827
1525 1999
1526 1598
1528 1870
1529 1678
1529 1683
1531 1619
1531 1694
1531 1773
1531 1812
1532 1920
1532 1965
1533 1825
1533 1872
1534 1544
1534 1560
1534 1785
1535 1585
1535 1800
1537 1808
1537 1906
1538 1553
1538 1919
1539 1544
1539 1578
1539 1752
1539 1759
1539 1809
1540 1623
1540 1738
1541 1600
1541 1961
1541 1974
1542 1698
1542 1889
1542 1989
1543 1604
1543 1625
1543 1725
1543 1988
1544 1786
1544 1804
1545 1769
1547 1905
1550 1554
1550 1609
1550 1954
1553 1562
1553 1721
1554 1579
1554 1878
1554 1914
1556 1622
1556 1762
1556 1788
1556 1963
1556 1984
1557 1702
1559 1591
1559 1605
1559 1688
1559 1731
1559 1969
1560 1565
1560 1693
1560 1778
1560 1965
1560 1996
1561 1628
1563 1787
1563 1893
1564 1727
1564 1940
1565 1599
1566 1673
1567 1675
1567 1863
1567 1978
1568 1625
1568 1833
1568 1998
1569 1742
1570 1660
1570 1979
1571 1727
1571 1782
1572 1745
1572 1821
1572 1920
1573 1771
1574 1655
1574 1963
1575 1718
1575 1969
1576 1590
1576 1741
1578 1691
1578 1696
1578 1747
1578 1851
1579 1785
1579 1862
1580 1823
1581 1738
1583 1693
1583 1847
1583 1927
1584 1604
1584 1614
1584 1799
1585 1848
1585 1849
1585 1973
1586 1763
1587 1616
1587 1645
1587 1719
1588 1888
1589 1854
1589 1904
1590 1872
1590 1921
1591 1771
1591 1780
1591 1814
1592 1662
1592 1739
1593 1669
1593 1778
1593 1929
1595 1681
1595 1823
1596 1703
1596 1996
1598 1863
1598 1922
1598 1931
1598 1969
1599 1685
1600 1872
1600 1969
1601 1731
1602 1713
1602 1773
1604 1684
1604 1820
1604 1922
1606 1677
1606 1702
1606 1757
1606 1959
1607 1647
1610 1817
1610 1968
1612 1619
1612 1662
1612 1824
1613 1825
1615 1666
1615 1705
1616 1652
1616 1797
1616 1815
1616 1879
1617 1807
1617 1889
1618 1655
1619 1746
1620 1624
1620 1878
1620 1969
1621 1868
1622 1751
1624 1648
1624 1888
1626 1683
1627 1833
1628 1946
1629 1681
1629 1815
1629 1885
1630 1757
1631 1798
1633 1937
1634 1932
1634 1936
1635 1660
1636 1833
1636 1912
1637 1772
1637 1826
1637 1916
1638 1644
1638 1726
1638 1776
1640 1762
1641 1663
1641 1980
1644 1656
1644 1772
1644 1983
1644 1989
1645 1861
1646 1723
1648 1927
1650 1974
1650 1982
1651 1757
1651 1832
1651 1853
1652 1658
1653 1839
1654 1666
1654 1954
1656 1973
1658 1765
1658 1770
1658 1782
1659 1894
1660 1686
1661 1939
1663 1694
1663 1945
1664 1689
1664 1866
1664 1923
1664 1939
1664 1959
1665 1675
1665 1936
1666 1995
1667 1859
1667 1883
1668 1714
1668 1883
1669 1757
1670 1873
1671 1686
1671 1926
1671 1938
1672 1718
1672 1955
1673 1679
1674 1818
1675 1729
1675 1827
1675 1879
1676 1981
1677 1745
1677 1844
1681 1908
1682 1754
1683 1798
1683 1882
1685 1856
1686 1805
1686 1879
1686 1881
1686 1944
1687 1717
1687 1911
1688 1933
1689 1928
1690 1793
1690 1934
1691 1942
1693 1976
1694 1791
1695 1722
1695 1872
1696 1702
1696 1729
1697 1900
1699 1819
1699 1832
1701 1783
1702 1837
1703 1839
1703 1905
1703 1996
1704 1819
1705 1875
1705 1944
1705 1971
1706 1966
1708 1712
1708 1735
1708 1779
1708 2000
1709 1979
1710 1931
1711 1867
1712 1741
1713 1917
1714 1725
1714 1962
1715 1828
1716 1774
1716 1914
1719 1896
1721 1740
1721 1777
1721 1939
1722 1988
1725 1744
1726 1752
1727 1881
1729 1834
1730 1976
1734 1794
1736 1913
1736 1995
1736 1996
1737 1924
1737 1965
1738 1839
1738 1912
1739 1804
1739 1849
1740 1845
1740 1856
1741 1962
1741 1980
1745 1766
1745 1999
1746 1847
1747 1973
1748 1931
1748 1945
1750 1800
1751 1973
1752 1936
1753 1875
1754 1811
1755 1939
1755 1988
1756 1774
1756 1803
1756 1955
1761 1919
1762 1803
1764 1831
1764 1948
1765 1996
1766 1865
1767 1901
1769 1771
1769 1965
1771 1782
1771 1792
1771 1984
1773 1925
1773 1990
1774 1980
1776 1784
1776 1827
1776 1866
1777 1905
1778 1834
1778 1861
1779 1845
1783 1892
1783 1920
1784 1911
1786 1835
1789 1814
1789 1919
1791 1809
1792 1805
1792 1806
1793 1933
1795 1965
1796 1900
1797 1916
1797 1959
1798 1842
1798 1843
1799 1815
1799 1966
1800 1920
1800 1953
1801 1969
1802 1906
1803 1820
1804 1857
1804 1958
1807 1884
1808 1931
1808 1937
1808 1939
1809 1989
1810 1846
1811 1867
1813 1937
1815 1861
1817 1819
1818 1864
1818 1974
1819 1960
1820 1954
1820 1956
1821 1975
1826 1981
1828 1868
1829 1974
1834 1937
1835 2000
1837 1955
1838 1847
1839 1978
1840 1850
1841 1916
1841 1952
1844 1905
1845 1898
1846 1850
1848 1869
1849 1935
1850 1891
1857 1961
1859 1950
1860 1957
1861 1919
1862 1917
1865 1936
1865 1981
1865 1987
1866 1882
1871 1949
1880 1938
1882 1904
1882 1907
1884 1971
1887 1931
1890 1958
1892 1912
1892 1935
1897 1917
1898 1954
1901 1984
1904 1925
1904 1975
1907 1978
1912 1989
1918 1920
1920 1934
1921 1951
1925 1954
1928 1929
1928 1935
1933 1995
1957 1991
1960 1977
1969 1989
1973 1983
1986 1999
1989 1991