2000
1 48
1 241
1 265
1 822
1 1217
1 1317
1 1688
2 1214
2 1627
2 1741
2 1997
3 25
3 69
3 540
3 826
3 1332
3 1696
3 1698
4 101
4 341
4 552
4 1460
4 1916
4 1959
5 41
5 80
5 406
5 600
5 799
5 828
5 898
5 1022
5 1050
5 1559
5 1918
5 1974
5 1982
6 79
6 278
6 754
6 825
6 987
6 1407
6 1800
6 1841
6 1951
6 1959
7 310
7 524
7 597
7 1511
7 1880
8 596
8 653
8 854
8 933
8 1688
8 1737
8 1810
8 1971
9 34
9 152
9 485
9 489
9 637
9 907
9 1558
10 138
10 248
10 408
10 448
10 1154
10 1453
10 1749
11 634
11 938
11 1092
11 1219
11 1220
11 1589
12 261
12 688
12 738
12 764
12 1517
12 1604
12 1629
12 1735
12 1946
13 40
13 71
13 107
13 340
13 589
13 1190
14 880
15 418
15 420
15 507
15 720
15 881
15 1241
15 1756
15 1987
16 180
16 286
16 414
16 813
16 1416
17 269
17 416
17 486
17 503
17 599
17 839
17 938
17 1176
17 1276
17 1501
17 1572
17 1941
18 155
18 680
18 703
18 771
18 917
18 921
19 269
19 606
19 774
19 840
19 1061
19 1092
19 1660
19 1944
20 103
20 346
20 377
20 716
20 745
20 804
20 1151
20 1272
20 1606
20 1623
20 1784
20 1822
21 109
21 415
21 973
21 1130
21 1538
21 1620
21 1640
21 1777
21 1964
22 33
22 54
22 458
22 605
22 900
22 908
22 1905
23 127
23 214
23 270
23 471
23 512
23 577
24 470
24 771
24 1161
24 1367
25 31
25 506
25 667
25 1113
25 1264
25 1476
26 142
26 229
26 308
26 392
26 567
26 789
26 851
26 1205
27 475
27 837
27 1300
27 1949
28 186
28 222
28 517
28 520
28 598
28 822
28 836
28 947
28 1214
29 169
29 195
29 1379
29 1639
29 1775
29 1895
30 40
30 471
30 877
30 936
30 956
30 1454
30 1824
30 1887
31 50
31 232
31 396
31 426
31 655
31 751
31 966
31 1013
32 205
32 504
32 1565
32 1675
32 1754
33 138
33 264
33 407
33 1010
33 1073
33 1729
33 1907
34 198
34 441
34 744
34 933
34 1195
34 1717
35 314
35 484
35 601
35 1004
35 1389
35 1485
35 1860
36 918
36 1038
36 1115
36 1217
36 1817
36 1960
37 1191
37 1442
37 1980
38 136
38 243
38 269
38 759
38 795
38 876
38 1103
38 1256
38 1429
38 1717
38 1772
39 959
39 1357
39 1639
39 1888
40 84
40 315
40 393
40 441
40 1353
40 1931
41 347
41 507
41 543
41 721
41 924
41 1093
41 1312
41 1406
41 1840
42 926
42 1091
42 1175
42 1707
42 1845
43 1576
43 1938
44 164
44 210
44 880
44 1127
44 1322
44 1330
44 1464
44 1493
44 1607
44 1679
45 185
45 223
45 655
45 1865
46 52
46 78
46 134
46 449
46 570
46 603
46 828
46 901
46 1168
46 1223
46 1312
46 1939
47 146
47 231
47 235
47 1076
47 1609
47 1650
47 1700
48 112
48 274
48 488
48 804
48 1253
48 1460
48 1540
48 1764
48 1858
49 161
49 163
49 228
49 706
49 1101
49 1180
49 1452
49 1557
50 402
50 802
50 829
50 897
50 1158
50 1365
50 1544
50 1585
50 1861
51 53
51 690
51 916
51 1146
51 1436
51 1478
51 1625
51 1853
51 1901
52 223
52 409
52 591
52 719
52 1010
52 1193
52 1863
52 1911
53 76
53 488
53 585
53 698
53 982
53 1686
53 1738
53 1909
54 80
54 159
54 423
54 690
54 1155
55 193
55 239
55 271
55 288
55 998
55 1228
55 1366
55 1851
55 1997
56 64
56 181
56 632
56 1472
56 1718
56 1805
56 1904
57 91
57 885
57 1593
57 1729
57 1875
58 110
58 345
58 506
58 536
58 1059
58 1284
58 1310
58 1424
58 1458
58 1492
58 1527
58 1641
58 1747
59 312
59 491
59 535
59 640
59 681
59 772
59 1309
59 1344
59 1383
59 1488
59 1563
59 1825
59 1921
60 97
60 212
60 320
60 939
60 1078
61 602
61 1024
61 1141
61 1753
61 1858
62 111
62 226
62 258
62 1181
62 1195
62 1669
62 1672
62 1865
62 1960
63 433
63 600
63 625
63 687
63 1198
63 1323
63 1410
63 1690
63 1722
64 603
64 666
64 963
64 1230
64 1558
64 1788
65 771
65 951
65 1111
65 1211
65 1367
66 102
66 195
66 322
66 325
66 507
66 570
66 834
66 855
66 1214
66 1934
67 564
67 652
67 700
67 1049
67 1181
67 1545
67 1626
67 1639
67 1858
67 1970
68 194
68 252
68 834
68 1051
68 1722
68 1776
69 277
69 281
69 450
69 600
69 611
69 982
69 1476
69 1508
69 1608
69 1942
69 1986
70 919
70 1013
70 1038
70 1305
70 1544
70 1652
70 1914
71 92
71 187
71 515
71 524
71 798
71 895
72 272
72 320
72 415
72 554
72 734
72 1401
72 1539
72 1665
72 1726
72 1858
73 705
73 727
73 1180
73 1193
73 1267
73 1299
73 1712
73 1751
74 153
74 247
74 294
74 496
74 718
74 789
74 835
74 949
74 972
74 996
74 1265
74 1328
74 1335
74 1649
74 1968
74 1993
74 1996
75 95
75 555
75 871
75 1016
75 1198
75 1258
75 1384
75 1812
75 1919
75 1969
76 420
76 485
76 632
76 735
76 909
76 1689
77 158
77 216
77 273
77 514
77 887
77 1042
77 1297
78 193
78 315
78 435
78 684
78 749
78 822
78 1131
78 1434
78 1523
79 478
79 578
79 636
79 816
79 1357
79 1399
79 1517
79 1657
79 1726
79 1773
79 1863
79 1993
80 1161
80 1751
80 1775
81 283
81 587
81 1059
81 1096
81 1198
81 1274
81 1278
81 1334
82 279
82 502
82 826
82 896
82 1073
82 1330
83 275
83 420
83 983
83 987
84 210
84 773
84 1076
84 1288
84 1399
84 1433
84 1959
85 283
85 417
85 418
85 1140
85 1299
85 1650
85 1730
85 1881
86 1041
86 1059
86 1364
87 91
87 786
87 928
87 954
87 1436
87 1750
87 1840
87 1870
87 1949
88 190
88 593
88 698
88 751
88 907
88 1539
89 162
89 318
89 1032
89 1195
89 1618
89 1891
90 285
90 419
90 482
90 674
90 827
90 1341
90 1433
90 1908
91 92
91 330
91 1450
91 1460
91 1495
91 1726
92 100
92 674
92 846
92 1244
92 1323
92 1419
92 1739
93 558
93 1183
94 292
94 564
94 973
94 979
94 1148
94 1216
94 1295
94 1633
95 149
95 353
95 358
95 497
95 509
95 518
95 1149
95 1768
95 1919
96 517
96 601
96 1013
96 1318
96 1332
96 1401
96 1611
97 120
97 633
97 870
97 919
97 1437
97 1583
97 1782
98 552
98 853
98 1204
98 1737
98 1853
99 170
99 188
99 229
99 528
99 1159
99 1594
100 433
100 924
100 1016
100 1144
100 1640
100 1662
100 1705
100 1843
101 184
101 313
101 1177
101 1330
101 1404
101 1485
102 633
102 789
102 817
102 830
102 833
102 846
102 1314
102 1337
102 1702
102 1783
103 279
103 499
103 911
103 989
103 1281
103 1425
104 193
104 313
104 784
104 1336
104 1501
105 117
105 243
105 427
105 558
105 1093
105 1261
106 287
106 315
106 740
106 1055
106 1291
106 1386
106 1481
106 1828
106 1982
107 168
107 222
107 292
107 296
107 517
107 826
107 1143
107 1576
107 1643
107 1780
107 1826
107 1897
108 171
108 186
108 490
108 678
108 991
108 1432
108 1514
108 1834
108 1839
109 237
109 332
109 852
109 1078
109 1242
109 1310
109 1399
109 1422
109 1454
109 1483
110 197
110 741
110 1119
110 1241
110 1501
111 213
111 843
111 1302
111 1768
111 1852
111 1898
112 867
112 1035
112 1461
112 1754
112 1847
112 1943
113 688
113 715
113 1132
113 1202
114 1807
114 1814
114 1832
114 1856
115 606
115 617
115 746
115 1113
115 1213
115 1325
115 1368
116 182
116 364
116 382
116 566
116 719
116 1033
116 1255
116 1538
116 1607
117 160
117 309
117 313
117 636
117 720
117 1197
117 1495
117 1548
117 1872
118 530
118 935
118 1107
118 1127
118 1676
118 1953
119 421
119 657
119 751
119 858
119 1109
119 1894
120 262
120 280
120 318
120 666
120 982
120 1197
120 1444
120 1646
120 1953
121 509
121 606
121 719
121 747
121 760
121 1211
121 1213
121 1231
121 1331
121 1402
121 1462
121 1749
121 1857
122 211
122 301
122 883
122 1197
122 1225
122 1269
122 1777
123 810
123 1202
123 1223
124 536
124 540
124 752
124 890
124 892
124 1041
124 1217
124 1248
124 1559
124 1858
125 136
125 166
125 231
125 301
125 774
125 1056
125 1188
125 1510
125 1751
125 1886
126 289
126 633
126 1289
126 1350
126 1364
126 1405
126 1462
126 1638
127 191
127 259
127 1492
127 1681
127 1819
127 1988
128 328
128 1824
129 256
129 843
129 1330
129 1545
129 1633
130 656
130 1266
131 252
131 459
131 597
131 657
131 676
131 1060
131 1232
131 1272
131 1486
131 1567
131 1672
131 1750
132 516
132 728
132 776
132 1041
132 1878
132 1880
133 846
133 1355
133 1585
134 328
134 1052
134 1184
134 1489
135 187
135 1091
135 1211
135 1464
135 1486
135 1637
135 1642
135 1860
136 558
136 709
136 779
136 1046
136 1066
136 1130
136 1312
136 1316
136 1370
136 1429
136 1528
136 1721
137 395
137 559
137 1040
137 1083
137 1112
137 1186
138 299
138 795
138 929
138 1006
138 1243
139 593
139 748
139 845
139 1064
139 1079
139 1395
139 1669
139 1862
140 459
140 818
140 1204
140 1225
140 1811
140 1853
141 488
141 644
141 860
141 1066
141 1223
141 1349
141 1388
141 1579
141 1855
142 452
142 683
142 844
142 852
142 916
142 1004
142 1391
142 1466
142 1529
143 306
143 930
143 1166
143 1243
143 1474
143 1807
144 245
144 406
144 1225
144 1832
145 397
145 524
145 535
145 571
145 729
145 735
145 738
145 1195
145 1499
145 1566
145 1650
145 1924
146 659
146 862
146 1083
146 1182
146 1648
147 173
147 527
147 1427
147 1617
147 1924
147 1952
148 485
148 598
148 862
148 1068
148 1121
148 1201
148 1312
148 1579
148 1666
148 1767
149 162
149 246
149 291
149 719
149 893
149 903
149 981
149 1305
149 1682
149 1902
150 301
150 410
150 502
150 618
150 1289
150 1296
150 1411
150 1595
150 1842
150 1895
151 236
151 443
151 451
151 528
151 792
151 1345
151 1375
151 1970
152 315
152 852
152 856
152 889
152 1065
152 1368
152 1460
152 1564
153 416
153 896
153 987
153 1039
153 1105
153 1124
154 230
154 501
154 503
154 597
154 999
154 1098
154 1508
155 408
155 815
155 1166
155 1343
155 1439
155 1447
155 1471
156 590
156 648
156 1023
156 1060
156 1114
156 1189
156 1518
156 1772
156 1788
157 356
157 423
157 750
157 1095
157 1737
157 1875
158 192
158 674
158 1063
158 1146
158 1172
158 1462
158 1477
158 1540
159 201
159 406
159 451
159 674
159 688
159 754
159 1062
159 1102
159 1558
159 1760
159 1932
160 1088
160 1119
160 1179
160 1331
160 1351
160 1592
160 1792
161 167
161 297
161 474
161 961
161 1446
161 1448
161 1662
162 377
162 874
162 1503
162 1566
162 1798
163 1123
163 1375
163 1613
163 1732
163 1816
164 396
164 455
164 479
164 714
164 803
164 1542
164 1946
165 259
165 301
165 398
165 430
165 560
165 620
165 890
165 1107
165 1607
165 1611
165 1786
165 1800
166 798
166 1664
166 1880
167 423
167 515
167 606
167 748
167 1041
167 1081
167 1851
168 779
168 1193
168 1382
168 1451
168 1452
168 1859
168 1917
168 1971
169 204
169 1030
169 1104
170 417
170 1026
170 1050
170 1624
171 412
171 413
171 710
171 1355
171 1569
171 1591
172 222
172 607
172 677
172 810
172 1037
172 1201
172 1928
173 572
173 1022
173 1129
173 1229
174 270
174 384
174 389
174 529
174 599
174 770
174 1491
174 1569
174 1614
174 1657
174 1794
174 1922
175 406
175 1020
175 1024
175 1199
175 1233
175 1295
175 1401
175 1976
176 543
176 943
176 1233
176 1860
177 599
177 718
177 748
177 1201
177 1223
177 1404
177 1673
177 1878
177 1884
177 1963
178 338
178 615
178 960
178 1295
178 1507
178 1788
178 1836
178 1930
179 428
179 620
179 659
179 703
179 1003
179 1032
179 1584
179 1727
180 214
180 619
180 656
180 670
181 368
181 400
181 444
181 582
181 636
181 641
181 860
181 1065
181 1289
181 1856
182 428
182 446
182 511
182 654
182 821
182 998
182 1294
182 1562
182 1716
182 1787
182 1894
183 497
183 729
183 1259
183 1284
183 1397
184 540
184 567
184 620
184 1503
184 1757
184 1991
185 254
185 389
185 1381
185 1819
186 572
186 764
186 1250
186 1312
186 1399
186 1571
186 1598
186 1802
186 1898
186 1911
186 1922
187 259
187 400
187 550
187 560
187 1478
187 1690
188 235
188 550
188 583
188 594
188 656
188 681
188 842
188 845
188 1313
188 1573
188 1604
188 1860
189 385
189 1014
190 429
190 526
190 977
190 1040
190 1100
190 1167
190 1426
190 1597
190 1764
191 299
191 483
191 605
191 818
191 1063
191 1307
191 1576
191 1804
192 373
192 1079
192 1293
192 1378
192 1381
192 1415
192 1645
192 1796
192 1866
193 221
193 499
193 758
193 846
193 1872
193 1965
194 1055
194 1242
194 1810
195 472
195 812
195 1032
195 1486
195 1840
195 1978
196 360
196 387
196 460
196 495
196 538
196 900
196 1572
196 1601
196 1809
196 1875
196 1957
196 1961
197 1444
198 409
198 530
198 870
198 967
198 1216
198 1435
198 1534
198 1749
198 1954
199 586
199 737
199 1664
199 1722
199 1858
200 368
200 387
200 416
200 423
200 535
200 645
200 677
200 845
200 1024
200 1985
201 281
201 448
201 499
201 618
201 710
201 945
201 1126
201 1194
201 1297
201 1470
201 1839
202 515
202 905
202 1647
202 1821
203 321
203 411
203 1299
204 1168
204 1397
204 1477
204 1584
204 1764
205 1233
205 1382
205 1413
205 1472
205 1687
205 1967
206 403
206 429
206 479
206 723
206 1054
206 1767
207 537
207 820
207 890
207 1214
207 1319
207 1622
207 1672
207 1842
207 1918
208 219
208 269
208 408
208 841
208 1516
208 1803
208 1835
208 1880
209 945
209 1000
209 1237
209 1338
209 1978
210 281
210 289
210 646
210 753
210 1140
210 1882
210 1884
210 1957
211 543
211 550
211 778
211 909
211 1236
211 1372
211 1474
211 1963
212 367
212 390
212 563
212 589
212 832
212 1130
212 1185
212 1537
212 1982
213 292
213 966
213 1403
213 1585
213 1988
214 413
214 492
214 517
214 696
214 1457
214 1477
214 1683
215 247
215 293
215 522
215 795
215 816
215 817
215 1529
216 335
216 479
216 483
216 537
216 801
216 1039
216 1342
216 1564
216 1583
217 897
217 960
217 1042
217 1157
217 1276
217 1629
217 1741
218 323
218 1063
218 1312
218 1392
218 1400
218 1595
219 273
219 384
219 555
219 680
219 1489
219 1956
220 548
220 962
220 1310
220 1836
220 1988
221 1439
221 1455
221 1658
222 387
222 622
222 728
222 1318
222 1519
222 1631
222 1712
222 1833
223 355
223 492
223 493
223 594
223 636
223 777
223 938
223 1112
223 1128
223 1163
223 1307
223 1705
223 1789
223 1912
224 368
224 429
224 788
224 822
224 1024
224 1186
224 1486
224 1846
225 521
225 578
225 712
225 1039
225 1080
225 1455
225 1522
225 1660
226 271
226 663
226 931
226 960
226 1882
226 1897
227 917
227 1285
227 1299
227 1542
227 1635
227 1901
227 1937
228 704
228 734
228 1067
228 1158
228 1252
228 1342
228 1475
228 1494
228 1499
228 1942
229 509
229 1092
229 1343
229 1416
229 1435
229 1534
229 1664
229 1781
229 1804
230 526
230 587
230 830
230 869
230 1112
230 1771
230 1809
230 1869
231 892
231 955
231 980
231 1053
231 1540
232 322
232 854
232 1677
233 556
233 645
233 881
233 1102
233 1252
233 1569
233 1638
233 1802
234 387
234 611
234 948
234 1338
234 1888
235 282
235 402
235 428
235 536
235 559
235 651
235 710
235 816
235 1045
235 1210
235 1733
235 1824
235 1953
236 253
236 413
236 730
236 802
236 844
236 1213
237 674
237 683
237 1106
237 1792
237 1857
238 351
238 420
238 568
238 1031
238 1600
238 1754
238 1787
238 1874
238 1942
239 523
239 666
239 946
239 1330
239 1555
239 1728
239 1918
239 1930
240 281
240 372
240 421
240 700
240 927
240 1001
240 1315
240 1576
240 1583
240 1600
240 1705
240 1756
241 250
241 557
241 900
241 1052
241 1135
241 1322
241 1371
241 1466
241 1642
241 1721
241 1981
241 1988
242 390
242 714
242 851
242 1183
243 486
243 1282
243 1561
243 1768
243 1828
243 1986
244 356
244 480
244 597
244 874
244 1377
244 1459
244 1534
244 1809
244 1819
244 1911
245 401
245 465
245 596
245 1018
245 1160
245 1319
245 1321
245 1364
245 1412
245 1415
245 1852
246 276
246 428
246 733
246 1164
246 1399
246 1851
247 404
247 416
247 445
247 1003
247 1213
247 1561
247 1655
247 1831
248 413
248 458
248 758
248 996
248 1377
248 1547
248 1847
248 1877
249 907
249 910
249 1144
249 1172
249 1421
249 1466
250 279
250 346
250 453
250 993
250 1236
250 1550
250 1678
250 1725
251 345
251 757
251 985
251 1067
251 1341
251 1365
251 1381
251 1498
251 1609
251 1804
252 933
252 1012
252 1215
253 700
253 1084
253 1106
253 1145
253 1264
253 1488
253 1664
253 1929
254 286
254 393
254 632
254 794
254 1011
254 1075
254 1076
254 1191
254 1783
255 386
255 614
255 1356
255 1462
255 1684
255 1930
256 471
256 475
256 776
256 864
256 1243
256 1697
256 1741
257 875
257 1037
257 1190
257 1437
257 1652
257 1969
258 405
258 457
258 529
258 591
258 820
258 847
258 868
258 1455
258 1792
259 433
259 457
259 660
259 751
259 1246
259 1379
259 1381
259 1532
259 1692
259 1941
260 447
260 548
260 907
260 1403
260 1627
260 1664
260 1757
260 1837
261 279
261 331
261 541
261 739
261 806
261 1934
262 413
262 984
262 1035
262 1284
262 1345
262 1559
262 1574
262 1808
262 1831
263 964
263 987
263 1542
263 1545
263 1611
264 390
264 456
264 629
264 652
264 705
264 938
264 1026
264 1102
264 1110
264 1222
264 1287
264 1350
264 1415
264 1740
264 1849
264 1985
265 626
265 745
265 924
265 1131
265 1137
265 1161
265 1280
265 1394
266 314
266 544
266 673
266 1037
266 1723
267 824
267 1570
267 1602
267 1908
268 610
268 631
268 1134
268 1244
269 471
269 723
269 896
269 1004
269 1351
269 1508
270 661
270 962
270 1446
270 1490
270 1967
271 568
271 1007
271 1458
271 1638
271 1716
272 780
272 1049
272 1180
272 1246
272 1521
272 1871
273 1061
273 1350
274 689
274 1195
274 1308
274 1366
274 1828
274 1925
275 548
275 726
275 818
275 970
275 1640
275 1711
275 1737
276 484
276 492
276 596
276 750
276 1607
277 333
277 545
277 875
277 924
277 1832
278 760
278 986
278 1290
278 1327
278 1432
278 1595
278 1830
278 1921
279 563
279 1826
279 1847
280 1071
280 1410
280 1468
280 1701
280 1777
280 1936
281 299
281 409
281 482
281 599
281 609
281 644
281 823
281 951
281 1191
281 1281
281 1747
281 1749
281 1763
281 1896
282 476
282 502
282 572
282 714
282 1197
283 619
283 774
283 1071
283 1129
283 1301
283 1581
283 1907
284 395
284 515
284 528
284 848
284 875
284 1168
284 1246
284 1598
285 1088
285 1611
285 1736
285 1933
285 1951
286 415
286 1057
286 1508
286 1761
286 1838
287 344
287 761
287 1177
287 1361
287 1458
287 1486
287 1803
288 325
288 646
288 741
288 769
288 1589
288 1759
289 704
289 1628
289 1837
290 654
290 904
290 956
290 968
290 1757
291 468
291 685
291 1093
291 1373
291 1954
292 461
292 562
292 1433
292 1565
292 1574
292 1751
293 402
293 572
293 630
293 756
293 802
293 1379
293 1690
293 1906
294 1051
295 368
295 518
295 695
295 887
295 1007
295 1349
295 1563
295 1750
295 1843
296 345
296 665
296 971
296 1160
296 1418
296 1426
297 553
297 652
297 1222
297 1778
297 1912
298 384
298 444
298 599
298 913
298 1434
298 1439
299 552
299 554
299 599
299 648
299 684
299 795
299 1065
299 1217
299 1233
299 1646
299 1657
299 1822
299 1875
300 765
300 964
300 1223
300 1582
301 595
301 1655
301 1807
302 418
302 600
302 1583
302 1670
302 1937
303 624
303 1430
303 1546
303 1935
303 1988
303 1992
304 762
304 785
304 800
304 1301
304 1503
304 1839
304 1982
305 1206
305 1353
305 1363
305 1411
305 1597
305 1709
306 492
306 701
306 895
306 900
306 947
306 1320
307 338
307 503
307 791
307 942
307 1599
307 1698
307 1818
308 319
308 477
308 1099
308 1791
309 326
309 743
309 780
309 861
309 1093
309 1128
309 1131
309 1233
309 1264
309 1292
309 1614
310 438
310 603
310 640
310 723
310 973
310 989
311 656
311 803
311 827
311 894
311 1236
311 1801
312 531
312 538
312 860
312 994
312 1078
312 1603
312 1667
312 1929
313 399
313 690
313 856
313 923
313 1317
313 1591
314 830
314 873
314 1141
314 1498
314 1576
314 1840
314 1974
315 547
315 663
315 946
315 985
315 1787
315 1852
315 1940
316 470
316 660
316 726
316 1798
316 1817
317 398
317 792
317 793
317 993
317 1021
317 1344
317 1762
318 1103
318 1322
318 1359
319 466
319 1292
319 1485
319 1590
320 544
320 816
320 880
320 1044
320 1623
320 1650
320 1850
321 396
321 694
321 1273
321 1375
321 1572
321 1951
322 339
322 767
322 1042
322 1071
322 1506
322 1601
322 1965
323 421
323 453
323 592
323 1131
323 1146
323 1277
323 1952
323 1995
324 724
324 740
324 1003
324 1065
324 1169
324 1346
324 1672
325 563
325 625
325 906
325 919
325 1076
325 1183
325 1339
325 1401
325 1688
325 1712
325 1722
326 424
326 527
326 752
326 928
326 1358
326 1878
327 478
327 564
327 845
327 1294
327 1318
327 1505
327 1693
327 1716
327 1744
327 1756
327 1859
327 1873
327 1895
328 493
328 1359
328 1964
329 835
329 949
329 1012
329 1261
329 1715
329 1762
330 765
330 851
330 923
330 1069
330 1081
330 1174
330 1176
330 1617
330 1680
331 448
331 604
331 798
331 939
331 987
331 1014
331 1033
331 1106
331 1278
331 1618
331 1693
331 1773
331 1971
332 472
332 673
332 693
332 794
333 396
333 774
333 785
333 1145
333 1168
333 1544
333 1624
334 402
334 414
334 420
334 607
334 1022
334 1187
334 1443
334 1457
334 1477
335 544
335 1862
336 506
336 668
336 1142
336 1284
336 1311
336 1470
336 1575
336 1738
337 688
337 1501
337 1661
338 486
338 544
338 731
338 852
338 947
338 1087
338 1206
338 1298
338 1341
338 1540
338 1849
339 978
339 1259
339 1552
339 1617
339 1654
339 1926
340 1198
340 1205
340 1403
340 1664
340 1810
340 1929
340 1955
341 367
341 780
341 1071
341 1196
342 487
342 550
342 999
342 1050
342 1164
342 1463
342 1628
342 1916
343 579
343 950
343 981
343 1316
343 1404
343 1614
343 1741
344 567
344 1039
344 1127
344 1324
345 531
345 1371
345 1521
345 1575
346 481
346 590
346 991
346 1063
346 1708
346 1985
347 623
347 990
347 1110
347 1604
347 2000
348 692
348 828
348 1067
348 1479
348 1570
348 1870
349 353
349 512
349 621
349 689
349 731
349 753
349 1029
349 1083
349 1489
349 1555
349 1700
350 399
350 492
350 726
350 990
350 1180
350 1206
350 1432
350 1437
350 1441
350 1680
351 443
351 487
351 886
351 1078
351 1176
351 1284
351 1945
352 1420
352 1981
353 811
353 888
353 1138
353 1279
353 1363
353 1647
353 1791
354 612
354 1119
354 1203
354 1521
354 1631
354 1696
354 1770
354 1827
354 1872
354 1922
354 1965
354 1983
355 827
355 921
355 1010
355 1105
355 1344
355 1822
356 416
356 872
356 959
356 1220
356 1429
356 1668
356 1991
357 1176
357 1324
357 1357
357 1426
357 1691
357 1760
357 1873
358 694
358 772
358 1579
358 1792
358 1852
358 1853
359 1011
359 1214
360 991
360 1684
360 1736
361 1648
361 1722
362 421
362 456
362 507
362 560
362 1658
362 1669
362 1754
363 459
363 534
363 1219
363 1858
364 452
364 619
364 652
364 1151
364 1295
364 1828
364 1863
365 369
365 484
365 650
365 668
365 1173
365 1397
365 1578
366 652
366 774
366 1083
366 1416
366 1525
367 412
367 754
367 854
367 1173
367 1467
367 1504
367 1744
368 965
368 1053
368 1438
368 1485
368 1618
369 400
369 684
369 731
369 781
369 950
369 1082
369 1251
369 1546
369 1679
370 659
370 705
370 1046
370 1293
370 1390
370 1457
370 1459
370 1550
371 803
371 891
371 924
371 1567
372 624
372 678
372 693
372 757
372 919
372 1213
372 1285
372 1515
372 1611
373 606
373 1487
373 1645
374 754
374 764
374 882
375 559
375 1108
375 1459
375 1482
375 1709
375 1853
376 493
376 886
376 1013
376 1047
376 1245
376 1416
376 1443
376 1500
376 1926
377 1103
377 1107
377 1434
377 1473
377 1619
377 1654
377 1740
378 783
378 928
378 950
378 962
378 1146
378 1378
378 1399
378 1779
378 1833
378 1842
378 1878
379 561
379 793
379 893
379 1264
380 408
380 411
380 451
380 454
380 867
380 1050
380 1167
380 1506
381 593
381 831
381 840
381 920
381 1346
381 1803
381 1808
382 567
382 727
382 905
382 1403
382 1632
382 1679
382 1691
383 503
383 722
383 1428
383 1435
383 1507
383 1622
384 619
384 717
384 853
384 949
384 976
384 1076
384 1108
384 1275
384 1485
384 1681
384 1727
384 1733
384 1748
385 704
385 1069
385 1422
385 1487
386 848
386 1290
387 663
387 1076
387 1613
387 1695
387 1974
388 605
388 710
388 817
388 895
388 1325
388 1364
388 1816
388 1834
389 436
389 447
389 1127
389 1261
389 1396
390 876
390 1061
390 1097
390 1375
390 1817
391 427
391 497
391 568
391 922
391 1355
391 1378
391 1499
391 1657
392 557
392 567
392 701
392 918
392 1034
392 1273
392 1384
392 1492
393 511
393 699
393 747
393 811
393 1000
393 1107
393 1255
394 637
394 652
394 891
394 1033
394 1106
394 1129
394 1419
394 1508
395 437
395 943
395 1462
395 1764
395 1958
396 452
396 802
396 831
396 1030
396 1195
396 1357
396 1469
396 1647
397 456
397 1160
397 1181
397 1463
397 1509
397 1676
398 484
398 649
398 757
398 1345
398 1766
398 1865
399 457
399 651
399 977
399 1145
399 1318
399 1373
399 1468
399 1788
400 774
400 1050
400 1064
400 1081
400 1838
400 1861
401 685
401 840
401 1027
401 1077
401 1320
401 1349
401 1988
402 525
402 707
402 848
402 851
402 971
402 1153
402 1401
403 879
403 1773
403 1860
404 599
404 728
404 1332
404 1608
404 1895
405 639
405 670
405 697
405 737
405 813
405 830
405 881
405 1213
405 1306
405 1412
405 1581
405 1876
405 1926
405 1979
406 454
406 515
406 525
406 644
406 850
406 1240
406 1246
406 1757
406 1956
407 509
407 780
407 874
407 1229
407 1387
407 1423
407 1451
407 1511
407 1550
407 1653
407 1806
407 1885
407 1889
408 661
408 898
408 1002
408 1043
408 1566
408 1662
408 1978
409 606
409 715
409 774
409 931
409 1270
409 1690
409 1723
409 1734
410 1009
410 1424
410 1760
410 1842
410 1901
411 560
411 817
411 1021
411 1401
411 1608
411 1617
411 1797
411 1921
412 1058
412 1364
412 1792
412 1894
413 414
413 420
413 993
413 1134
413 1443
413 1583
413 1713
414 569
414 611
414 895
414 1334
414 1535
414 1950
415 530
415 681
415 1120
415 1237
415 1978
416 727
416 1303
416 1328
416 1633
416 1706
416 1902
417 494
417 624
417 703
417 940
417 1248
417 1368
417 1649
417 1798
418 492
418 588
418 635
418 1247
418 1258
418 1495
419 425
419 567
419 645
419 866
419 1013
419 1101
419 1260
419 1331
420 630
420 819
420 1253
420 1890
420 1953
421 605
421 716
421 751
421 988
421 1235
421 1566
421 1953
422 469
422 564
422 640
422 831
422 921
422 1296
422 1425
422 1846
423 988
423 1177
423 1515
424 472
424 646
424 775
424 815
424 858
424 1035
424 1148
424 1388
424 1496
424 1621
424 1768
424 1914
424 1924
425 1276
425 1333
425 1358
425 1403
425 1443
425 1769
425 1864
426 491
426 560
426 643
426 828
426 838
426 849
426 970
427 615
427 756
427 1713
427 1813
428 487
428 927
428 1702
428 1704
428 1750
429 1087
429 1138
429 1372
429 1613
430 524
430 1471
430 1606
431 738
431 1281
431 1403
431 1489
431 1539
431 1763
431 1995
432 1160
432 1226
432 1620
432 1782
432 1895
432 1999
433 443
433 682
434 795
434 1051
434 1106
434 1163
434 1480
435 586
435 684
435 711
435 760
435 997
435 1659
436 677
436 1155
436 1206
436 1295
437 1027
437 1193
437 1267
437 1409
437 1531
438 699
438 739
438 793
438 850
438 1114
438 1135
438 1196
438 1412
438 1907
438 1962
439 907
439 986
439 1415
439 1487
439 1497
439 1574
439 1730
440 506
440 889
440 1108
440 1334
440 1417
440 1477
440 1525
440 1885
440 1956
441 774
441 775
441 1293
441 1527
441 1792
441 1817
442 496
442 975
442 1461
443 497
443 550
443 1138
443 1325
443 1687
444 591
444 874
444 920
444 1063
444 1273
444 1533
444 1988
445 576
445 752
445 814
445 885
445 1102
445 1212
445 1691
445 1802
445 1826
445 1869
447 469
447 682
447 944
447 990
447 1227
447 1371
447 1912
448 789
448 1486
448 1885
449 488
449 825
449 947
449 1337
449 1693
449 1947
450 525
450 666
450 937
450 1007
450 1116
450 1180
450 1345
450 1545
450 1688
450 1906
450 1912
450 1985
451 1473
451 1716
451 1787
451 1881
452 473
452 619
452 978
452 1506
452 1863
452 1882
452 1936
453 880
453 925
453 1010
453 1181
453 1486
454 506
454 905
454 935
454 1253
454 1644
454 1780
454 1925
455 465
455 658
455 694
455 796
455 1057
455 1215
455 1229
455 1530
455 1639
455 1854
455 1961
456 679
456 693
456 837
456 1105
456 1293
456 1410
456 1599
457 464
457 519
457 563
457 595
457 840
457 888
457 1069
457 1180
457 1427
457 1489
457 1511
457 1688
457 1699
457 1724
457 1738
458 465
458 844
458 1015
458 1105
458 1355
458 1723
459 718
459 837
459 1153
459 1220
459 1253
459 1424
459 1837
459 1846
460 941
460 949
460 1090
460 1157
460 1929
460 1932
461 723
461 852
461 1099
461 1232
461 1879
461 1955
461 1980
462 511
462 870
462 1926
463 1040
463 1091
463 1325
463 1465
463 1470
463 1938
464 468
464 626
464 743
464 934
464 966
464 1159
464 1194
464 1204
464 1393
464 1843
465 1074
465 1138
465 1202
465 1290
465 1323
465 1514
466 566
466 832
466 872
466 1054
466 1812
466 1868
466 1898
467 615
467 718
467 821
467 900
467 908
467 1015
467 1668
468 477
468 704
468 1392
468 1590
468 1595
468 1718
468 1752
469 536
469 694
469 859
469 1000
469 1005
469 1625
469 1645
469 1646
469 1886
470 776
470 790
470 984
470 1084
470 1757
470 1884
471 648
471 817
471 930
471 1015
471 1137
471 1453
471 1494
471 1911
472 774
472 1007
472 1103
472 1127
472 1189
472 1337
472 1542
472 1747
473 944
473 954
473 1350
474 1210
474 1342
474 1459
474 1799
474 1973
475 478
475 712
475 976
475 1138
475 1275
475 1632
476 708
476 985
476 1004
476 1134
476 1254
476 1307
476 1710
476 1783
476 1853
477 764
477 975
477 1157
477 1193
477 1364
477 1419
477 1486
477 1705
477 1915
478 510
478 642
478 688
478 1114
478 1431
478 1696
478 1727
478 1959
479 556
479 571
479 671
479 1329
479 1385
480 530
480 1711
480 1862
480 1973
481 808
481 884
481 1089
481 1122
481 1416
481 1694
481 1944
482 492
482 656
482 721
482 1522
482 1857
483 552
483 1219
483 1347
483 1562
483 1887
484 1121
484 1296
484 1621
484 1789
485 685
485 1300
485 1381
485 1549
485 1897
486 670
486 920
486 1005
486 1115
486 1308
487 679
487 897
487 922
487 1052
487 1106
487 1339
487 1776
488 1019
488 1207
488 1298
488 1757
488 1993
489 648
489 658
489 679
489 1315
489 1348
489 1382
489 1488
489 1965
490 1004
490 1461
490 1526
491 504
491 553
491 749
491 780
491 1100
491 1183
491 1223
492 627
492 1109
492 1274
492 1281
492 1646
493 946
493 1085
493 1735
493 1853
493 1953
494 524
494 562
494 752
494 824
494 858
494 966
494 981
494 1283
494 1449
495 1016
495 1087
495 1213
495 1665
496 1331
496 1661
496 1865
497 662
497 670
497 727
497 783
497 878
497 1078
497 1203
497 1309
497 1310
497 1451
498 745
498 1035
498 1225
498 1617
498 1704
498 1815
498 1825
499 786
499 874
499 904
499 1115
499 1132
499 1486
499 1494
499 1526
499 1600
499 1740
499 1934
500 600
500 983
500 1226
500 1549
500 1610
500 1744
500 1865
500 1945
501 532
501 587
501 1156
501 1230
501 1712
501 1934
502 516
502 571
502 718
502 765
502 1171
502 1196
502 1287
502 1361
502 1928
503 716
503 873
503 886
503 1022
503 1062
503 1071
503 1444
503 1886
503 1902
503 1969
504 1978
505 684
505 689
505 854
505 1179
506 577
506 710
506 796
506 804
506 822
506 1102
506 1287
506 1394
506 1568
506 1830
507 598
507 822
507 864
507 1222
507 1350
507 1551
507 1747
508 638
508 659
508 695
508 803
508 1274
508 1282
508 1485
508 1502
508 1667
508 1943
508 1999
509 751
509 779
509 1320
509 1648
509 1708
509 1834
509 1869
509 1918
509 1979
510 844
510 869
510 972
510 1009
510 1605
510 1862
511 1084
511 1548
511 1949
512 722
512 1033
512 1043
512 1132
512 1394
512 1808
512 1925
513 668
513 805
513 921
513 1093
513 1176
513 1852
513 1857
514 696
514 861
514 994
514 1089
514 1573
514 1849
514 1932
515 721
515 886
515 1261
515 1400
515 1429
515 1723
515 1796
516 670
516 910
516 1021
516 1337
517 605
517 1767
518 999
518 1206
518 1682
518 1756
518 1770
518 1884
518 1968
519 637
519 1142
519 1599
519 1628
519 1655
519 1897
520 613
520 713
520 789
520 790
520 1401
520 1883
520 1963
521 1211
521 1473
521 1949
522 774
522 891
522 911
522 1103
522 1175
522 1414
522 1448
522 1681
522 1734
522 1913
523 541
523 1029
523 1555
524 887
524 1412
524 1480
524 1583
524 1739
524 1814
525 1087
525 1112
525 1228
525 1260
525 1363
525 1610
525 1661
525 1948
526 806
526 836
526 975
526 1158
526 1226
526 1347
526 1435
526 1517
526 1699
526 1781
526 1905
527 554
527 634
527 659
527 1294
527 1358
527 1558
527 1618
527 1926
528 770
528 998
528 1115
529 585
529 621
529 961
529 1088
529 1153
529 1440
529 1546
529 1835
529 1900
530 620
530 974
531 990
531 998
531 1190
531 1301
531 1432
531 1466
531 1537
531 1550
531 1750
531 1988
532 854
532 1736
533 564
533 1160
533 1415
533 1442
533 1484
533 1791
533 1909
533 1959
534 636
534 1016
534 1047
534 1202
534 1536
534 1544
534 1654
535 960
535 1006
535 1017
535 1894
536 569
536 892
536 912
536 1011
536 1159
536 1455
536 1630
536 1731
536 1889
537 584
537 685
537 743
537 916
537 947
537 1201
537 1242
537 1564
537 1599
537 1922
538 605
538 615
538 636
538 777
538 1089
538 1349
538 1506
538 1602
538 1649
539 994
539 1285
539 1434
539 1459
539 1607
539 1681
540 602
540 608
540 686
540 712
540 1083
540 1432
540 1980
541 958
541 1243
541 1702
541 1708
541 1860
541 1861
541 1922
542 632
542 822
542 1277
542 1326
542 1368
542 1441
542 1629
542 1701
542 1898
543 625
543 665
543 771
543 953
543 1196
543 1222
543 1514
543 1978
544 1024
544 1530
545 592
545 693
545 781
545 1044
545 1343
545 1374
546 920
546 1028
546 1299
546 1596
547 691
547 946
547 1035
547 1689
547 1749
547 1828
548 552
548 738
548 771
548 917
548 960
548 962
548 1269
548 1393
548 1644
549 806
549 944
549 1007
549 1071
549 1348
550 813
550 878
550 1249
550 1302
550 1722
550 1723
550 1925
551 786
551 947
551 1127
551 1456
551 1697
552 559
552 823
552 937
552 949
553 992
553 1702
553 1959
554 653
554 1332
554 1429
554 1446
554 1610
554 1924
555 638
555 889
555 1020
555 1287
555 1306
555 1363
555 1507
555 1536
555 1548
555 1623
555 1847
555 1939
556 767
556 1259
556 1524
556 1577
556 1705
556 1761
556 1769
556 1779
556 1803
556 1965
557 593
557 760
557 775
557 841
557 1021
557 1988
558 953
558 1319
558 1320
558 1442
558 1625
559 690
559 1744
560 1001
560 1425
561 603
561 1134
561 1291
561 1310
561 1578
561 1826
561 1975
562 1119
562 1374
562 1677
562 1788
562 1944
563 790
563 1005
563 1546
563 1738
564 570
564 994
564 1086
564 1160
564 1376
564 1454
564 1680
564 1732
564 1760
564 1813
565 715
565 808
565 1079
565 1661
565 1694
565 1774
565 1838
566 629
566 824
566 828
566 1139
566 1212
566 1289
566 1336
566 1577
566 1804
566 1978
567 1498
567 1512
568 579
568 783
568 971
568 985
568 1262
569 1498
569 1701
569 1873
570 651
570 656
570 746
570 1008
570 1539
571 572
571 690
571 770
571 872
571 888
571 1317
571 1371
572 1047
572 1150
572 1428
572 1529
572 1567
572 1630
573 765
573 790
573 1010
573 1360
573 1541
573 1769
574 752
574 1016
574 1110
574 1177
574 1354
574 1638
574 1640
575 731
575 859
575 1648
576 671
576 1576
576 1713
576 1957
577 1540
577 1607
577 1655
577 1801
578 1303
578 1483
578 1895
579 1509
579 1724
579 1807
580 656
580 692
580 1262
580 1787
581 739
581 755
581 819
581 831
581 1180
581 1442
581 1861
581 1862
581 1889
582 730
582 1090
582 1364
582 1614
582 1945
583 728
583 770
583 914
583 1357
583 1998
584 814
584 1080
584 1173
584 1402
584 1455
584 1461
584 1482
584 1918
585 882
585 961
585 982
585 1690
586 1061
586 1159
586 1204
586 1902
587 603
587 1214
587 1652
587 1718
587 1774
587 1901
588 1277
588 1490
589 801
589 1006
589 1244
589 1391
589 1437
590 730
590 940
590 1137
590 1379
590 1913
591 737
591 916
591 1194
591 1238
591 1808
592 1115
592 1223
592 1280
592 1776
592 1953
593 686
593 892
593 1538
593 1604
593 1706
593 1801
594 1035
594 1325
594 1378
594 1796
594 1912
594 1987
595 848
595 1150
595 1845
595 1914
596 631
596 1062
596 1067
596 1831
597 819
597 1137
597 1339
597 1358
597 1394
597 1512
597 1550
598 692
598 1440
598 1699
599 742
599 827
599 872
599 1062
599 1483
599 1798
599 1980
600 648
600 657
600 1362
600 1573
601 1365
601 1470
601 1912
602 783
602 1115
602 1412
602 1632
603 1239
603 1326
603 1479
603 1821
604 702
604 898
604 1099
604 1378
604 1401
604 1561
605 905
605 1018
605 1210
605 1244
605 1267
605 1451
606 710
606 869
606 1452
606 1778
607 1229
607 1433
607 1600
607 1902
608 938
608 981
608 1473
608 1582
608 1787
608 1865
609 833
609 834
609 1585
609 1701
610 830
610 1336
610 1970
611 655
611 715
611 866
611 950
611 975
611 1635
611 1752
611 1788
611 1824
612 658
612 983
612 1265
613 849
613 923
613 1220
613 1544
613 1660
613 1946
614 1015
614 1047
614 1889
615 643
615 918
615 993
615 1033
615 1067
615 1085
615 1175
615 1717
615 1888
615 1892
616 736
616 890
616 944
616 1070
616 1781
616 1960
617 663
617 743
617 1095
617 1138
617 1306
617 1451
617 1649
617 1848
618 808
618 838
618 856
618 887
618 954
618 1126
618 1189
618 1536
618 1993
619 865
619 1302
619 1693
619 1987
620 1009
620 1237
620 1268
620 1318
621 696
621 1329
621 1340
621 1680
621 1979
622 709
622 1138
622 1177
622 1424
622 1514
622 1710
624 1008
624 1107
624 1422
624 1476
624 1539
624 1792
624 1870
624 1875
625 1102
625 1374
625 1415
625 1709
625 1829
625 1956
626 648
626 1276
626 1596
627 835
627 1047
627 1092
627 1325
627 1852
628 787
628 899
628 1268
628 1414
629 694
629 701
629 968
630 735
630 800
630 811
630 909
630 1008
630 1351
631 740
631 1061
631 1340
631 1425
631 1869
631 1986
632 1179
632 1263
632 1466
632 1484
632 1601
632 1677
632 1694
632 1884
632 1954
633 764
633 836
633 907
633 1039
633 1369
633 1506
633 1671
634 693
634 871
634 1533
634 1986
635 654
635 827
635 864
635 1030
635 1385
635 1463
635 1556
635 1704
635 1848
636 1359
636 1479
636 1513
636 1770
637 1096
637 1264
637 1453
637 1602
637 1620
637 1636
637 1690
637 1917
637 1964
637 1971
638 908
638 965
638 974
638 1041
638 1162
638 1347
638 1379
638 1457
638 1535
638 1635
638 1652
639 990
639 1005
639 1584
639 1616
639 1756
639 1762
640 778
640 833
640 1255
640 1625
641 1682
641 1800
641 1901
642 1123
642 1506
642 1651
642 1991
643 724
643 843
643 965
643 1164
643 1469
643 1598
643 1654
643 1832
644 748
644 1037
644 1245
644 1775
645 790
645 844
645 1230
645 1485
645 1585
646 932
646 963
646 1348
646 1601
646 1679
646 1730
647 1283
647 1468
648 1031
648 1077
648 1649
649 1176
649 1631
649 1751
650 890
650 1188
650 1411
650 1604
651 791
651 1025
651 1260
651 1436
651 1804
652 693
652 915
652 916
652 1444
652 1583
652 1873
652 1959
653 888
653 1347
654 1691
654 1843
655 1372
655 1412
655 1837
656 958
656 1648
656 1810
657 1061
658 886
658 1028
658 1301
659 719
659 765
659 1450
659 1806
659 1845
659 1976
660 777
660 899
660 997
660 1582
660 1594
660 1744
660 1779
661 884
661 1108
661 1319
661 1440
661 1444
661 1782
661 1838
662 792
662 907
662 1075
662 1458
662 1515
662 1899
663 837
663 1695
663 1728
663 1951
664 1062
664 1341
664 1534
664 1933
664 1981
665 849
665 1058
665 1539
666 855
666 1257
666 1266
666 1400
666 1490
666 1676
667 695
667 966
667 1338
667 1700
668 1512
668 1987
669 730
669 1066
669 1596
670 819
670 1017
670 1026
670 1046
670 1060
670 1133
670 1284
670 1332
670 1606
670 1672
670 1813
670 1923
671 1134
671 1291
671 1334
671 1352
672 1338
672 1477
672 1671
672 1959
673 1209
673 1469
673 1502
673 1670
673 1684
673 1750
673 1932
674 1102
674 1428
674 1518
674 1615
675 910
675 1093
675 1142
675 1397
675 1416
675 1600
675 1613
675 1785
676 837
676 1256
676 1320
676 1376
676 1402
676 1753
676 1757
677 813
677 958
677 1131
677 1675
677 1710
677 1809
677 1818
677 1976
678 1010
678 1054
678 1756
678 1851
679 695
679 1238
679 1430
679 1589
679 1670
679 1776
679 1865
680 793
680 1347
680 1389
680 1470
680 1580
680 1736
680 1856
681 688
681 991
681 1064
681 1086
682 694
682 1348
682 1495
682 1632
682 1984
683 1040
683 1132
683 1343
683 1859
683 1954
684 1396
684 1420
684 1558
684 1923
685 789
685 1717
685 1967
685 1989
686 687
686 779
686 963
686 1223
686 1924
687 804
687 891
687 996
687 1314
687 1395
687 1548
688 973
688 1425
688 1635
688 1911
688 1954
689 900
689 1039
689 1149
689 1249
689 1344
689 1371
689 1411
689 1573
689 1914
690 787
690 955
690 1128
690 1212
690 1326
690 1446
690 1878
691 1158
691 1522
691 1656
691 1733
691 1762
691 1842
691 1848
691 1898
692 715
692 1864
693 783
693 946
693 1306
693 1388
693 1646
693 1663
693 1968
694 777
694 905
694 942
694 1244
694 1302
694 1530
694 1656
695 1521
695 1625
695 1662
696 1036
696 1097
696 1121
696 1133
696 1262
696 1893
696 1956
697 698
697 752
697 860
697 917
697 951
697 1057
697 1256
697 1361
697 1814
698 971
698 1232
698 1241
698 1452
698 1613
698 1904
700 702
700 1206
700 1751
701 836
701 1001
701 1212
701 1491
701 1522
702 1393
702 1541
702 1626
702 1689
702 1723
703 1086
703 1598
703 1703
703 1877
704 732
704 1021
704 1029
704 1181
704 1524
704 1621
704 1639
704 1795
705 806
705 1092
705 1162
705 1217
705 1660
705 1675
706 1270
706 1376
707 789
707 1083
708 820
708 835
708 958
708 1026
708 1075
708 1353
708 1806
708 1947
709 779
709 1283
709 1319
709 1396
709 1869
709 1872
710 1345
710 1543
710 1773
710 1913
711 859
711 1009
711 1179
711 1358
711 1427
711 1534
712 1084
712 1170
712 1173
712 1279
712 1726
713 812
713 1066
713 1248
713 1435
713 1750
714 1018
714 1205
714 1342
714 1560
714 1606
714 1901
714 1951
715 807
715 1087
715 1756
715 1803
715 1815
716 719
716 1020
716 1106
716 1602
716 1751
716 1986
716 1993
717 991
717 1054
717 1225
717 1646
717 1809
717 1936
718 919
718 1299
718 1918
718 1981
719 948
719 1437
719 1456
719 1630
719 1790
719 1829
719 1949
719 1999
720 984
720 1167
720 1190
720 1459
720 1856
720 1882
720 1924
721 1336
721 1722
721 1897
722 1253
722 1654
722 1967
723 851
723 1280
723 1446
723 1497
723 1568
723 1581
723 1589
723 1646
723 1654
723 1671
723 1799
723 1925
724 744
724 795
724 995
724 1002
724 1258
725 940
725 1362
725 1431
725 1754
726 739
726 787
726 1349
726 1874
727 1034
727 1139
727 1149
727 1321
727 1528
727 1728
727 1744
727 1746
727 1783
728 733
728 743
728 762
728 833
728 1132
728 1477
729 740
729 1100
729 1492
729 1769
730 864
730 976
730 1065
730 1075
730 1265
731 786
731 824
731 973
731 1312
731 1896
732 1169
732 1200
732 1470
732 1561
732 1851
732 1931
733 736
733 744
733 1598
733 1848
733 1872
734 1005
734 1111
734 1923
734 1958
735 812
735 1116
735 1263
735 1287
735 1895
736 1266
736 1622
736 1724
737 794
737 962
737 1058
737 1164
737 1228
737 1486
737 1535
737 1687
738 888
738 1009
738 1819
740 751
740 855
740 1054
740 1802
740 1986
741 876
741 1461
742 1032
742 1093
742 1271
742 1388
742 1596
742 1669
743 1091
743 1250
743 1702
744 749
744 1082
744 1252
744 1498
744 1541
744 1617
744 1637
744 1713
744 1728
745 939
745 1130
745 1226
745 1229
745 1481
745 1993
746 853
746 1432
746 1532
747 797
747 963
747 1044
747 1139
747 1297
747 1599
747 1807
747 1923
748 829
748 863
748 1265
748 1344
748 1660
748 1921
749 1159
749 1474
749 1642
749 1738
749 1743
749 1803
749 1831
750 978
750 1096
750 1503
750 1755
750 1920
750 1943
751 1034
751 1063
751 1129
751 1646
752 1042
752 1641
752 1722
752 1873
753 791
753 1031
753 1181
753 1234
753 1703
753 1780
753 1865
754 887
754 1064
755 838
755 940
755 1559
755 1608
756 1123
756 1574
756 1942
757 1262
758 866
758 1118
758 1453
758 1472
758 1944
759 1014
759 1427
759 1447
759 1642
759 1966
760 1041
760 1663
760 1861
760 1881
761 1441
761 1840
761 1913
761 1925
761 1981
762 835
762 1033
762 1409
762 1698
763 1169
763 1661
763 1940
763 1976
763 1983
764 848
764 1069
764 1554
764 1617
764 1634
765 980
765 1161
766 1104
766 1181
766 1252
766 1277
766 1449
766 1541
766 1752
767 769
767 915
767 1300
767 1408
767 1612
767 1700
768 924
768 982
768 1108
768 1539
768 1793
769 1017
769 1573
770 843
770 1028
770 1131
770 1334
770 1471
770 1687
770 1852
771 1566
772 912
772 1022
772 1085
772 1510
772 1604
773 946
773 1039
773 1041
773 1262
773 1389
773 1629
773 1854
774 796
774 869
774 894
774 945
774 1080
774 1157
774 1174
775 932
775 967
775 1144
775 1185
775 1439
775 1474
775 1581
776 945
776 1221
776 1238
776 1633
776 1676
776 1708
776 1773
777 1127
777 1510
778 857
778 895
778 923
778 1743
778 1961
779 891
779 1061
779 1116
779 1204
779 1855
779 1922
780 930
780 1337
780 1348
780 1468
780 1557
781 1007
781 1092
781 1535
781 1694
781 1723
781 1852
782 950
782 1184
782 1504
782 1612
783 888
783 902
783 1313
783 1374
783 1390
783 1415
783 1652
783 1955
784 1276
784 1303
784 1447
784 1637
785 952
785 976
785 1121
785 1687
785 1809
786 877
786 1268
786 1271
786 1824
787 1313
787 1765
788 1003
788 1049
788 1191
788 1801
789 1090
789 1124
789 1372
789 1900
790 794
790 822
790 908
790 980
790 1153
790 1243
791 1056
791 1065
791 1471
791 1818
791 1961
792 819
792 1238
792 1713
792 1993
793 938
793 1214
793 1363
794 1729
795 1159
795 1173
795 1204
795 1223
795 1290
795 1314
795 1339
795 1479
795 1635
796 926
796 932
796 1011
796 1307
796 1720
796 1998
797 854
797 992
797 1152
797 1169
797 1335
797 1817
798 940
798 959
798 1278
798 1476
798 1751
798 1805
798 1953
798 1977
799 841
799 1699
799 1808
800 1260
800 1624
800 1923
800 1972
801 911
801 962
801 1198
801 1288
801 1461
801 1666
801 1713
801 1838
801 1984
802 1074
802 1215
803 888
803 904
803 1171
803 1803
803 1960
803 1983
804 928
804 1432
804 1436
804 1469
804 1525
804 1639
804 1944
804 1966
805 1039
805 1051
805 1187
805 1322
805 1677
806 930
806 974
806 1089
806 1373
806 1403
806 1794
807 876
807 1155
807 1583
807 1590
808 878
808 902
808 1277
808 1372
808 1526
808 1782
809 1651
809 1813
810 841
810 950
810 982
810 1119
810 1282
810 1434
810 1683
810 1948
811 850
811 1189
812 1532
813 1437
813 1587
814 1456
814 1759
814 1999
815 1211
815 1450
815 1768
815 1794
816 1077
816 1083
816 1128
816 1466
816 1682
816 1894
817 1073
817 1101
817 1213
817 1659
817 1678
818 902
818 1034
818 1602
819 1093
819 1345
820 858
820 915
820 1231
820 1442
820 1462
820 1600
820 1962
821 1000
821 1191
821 1390
821 1430
821 1943
821 1963
822 1047
822 1797
822 1853
823 893
823 1609
823 1705
823 1723
823 1743
823 1765
824 1088
824 1289
824 1334
824 1371
824 1814
824 1916
825 913
825 1415
825 1421
825 1586
825 1672
825 1793
825 1885
825 1966
826 848
826 1124
826 1203
826 1450
826 1494
826 1741
826 1805
826 1967
827 1035
827 1456
828 1245
828 1712
829 1031
829 1208
829 1534
829 1752
830 849
830 1137
830 1362
830 1608
830 1624
831 1040
831 1254
831 1473
831 1891
832 1233
832 1322
832 1413
832 1434
832 1685
832 1706
833 990
833 1112
833 1203
833 1308
833 1344
833 1463
833 1888
834 872
834 1104
834 1225
834 1334
834 1619
834 1956
835 1100
835 1540
835 1602
835 1821
836 1101
836 1865
837 919
837 1119
837 1177
837 1633
838 876
838 899
838 1038
839 1000
839 1160
839 1167
839 1245
839 1660
840 991
840 1384
840 1429
841 859
841 1171
841 1200
841 1383
841 1426
841 1713
842 1088
842 1179
842 1206
842 1268
842 1401
842 1553
843 1557
843 1810
844 1155
844 1194
844 1435
844 1506
844 1601
844 1770
845 966
845 1632
845 1983
846 1281
846 1309
846 1325
846 1389
846 1490
846 1533
846 1548
846 1562
847 851
847 1103
847 1298
847 1374
847 1498
847 1515
847 1610
848 1116
849 915
849 988
849 990
849 1211
849 1931
849 1956
850 934
850 1357
851 867
851 1137
852 1099
852 1177
852 1299
852 1404
853 1459
853 1749
853 1826
854 904
854 1231
855 859
855 1285
855 1351
855 1436
855 1888
855 1952
856 1272
856 1469
856 1619
856 1792
857 1088
857 1174
857 1385
857 1641
857 1707
857 1990
858 878
858 1132
858 1400
858 1405
858 1499
858 1662
858 1671
858 1689
858 1743
858 1911
859 1820
860 1209
860 1457
860 1652
860 1674
860 1789
861 1406
861 1411
861 1957
862 1065
862 1223
862 1503
862 1719
863 934
863 1088
863 1295
863 1809
864 870
864 900
864 936
864 985
864 1112
864 1351
864 1512
864 1751
865 1046
865 1302
865 1336
865 1341
865 1740
865 1834
866 1499
866 1728
866 1809
866 1987
867 1213
869 1751
870 916
870 1112
870 1415
870 1796
871 1022
871 1442
871 1810
871 1875
872 931
872 1374
872 1563
872 1848
873 1284
873 1465
874 1062
874 1375
874 1384
874 1703
875 923
875 1253
875 1613
875 1952
876 1024
876 1030
876 1141
876 1527
876 1548
876 1764
877 987
877 1126
877 1829
878 1078
878 1305
878 1724
878 1813
878 1889
878 1998
879 1015
879 1042
879 1540
880 1058
880 1549
880 1880
880 1908
881 964
881 1109
881 1335
881 1557
882 1073
882 1413
882 1650
883 957
883 1101
883 1187
883 1257
883 1305
883 1559
883 1676
883 1750
884 1464
884 1984
885 971
885 1511
885 1636
885 1643
885 1942
885 1993
886 969
886 1377
886 1431
886 1496
886 1518
887 889
887 1014
887 1146
887 1374
887 1506
887 1512
887 1672
888 966
888 1088
888 1124
888 1178
888 1300
888 1598
888 1824
889 1142
889 1624
889 1637
889 1809
890 896
890 912
890 1040
890 1308
890 1348
890 1476
890 1665
890 1911
891 1442
891 1452
891 1513
891 1522
891 1534
891 1782
891 1788
891 1922
892 1529
892 1624
892 1892
893 1291
893 1421
894 945
894 1199
894 1202
894 1632
895 951
895 1296
895 1316
895 1320
895 1455
896 1240
896 1338
897 1524
897 1673
897 1700
897 1772
897 1792
898 925
898 967
898 1108
898 1298
898 1802
899 1097
899 1570
899 1641
899 1757
899 1773
900 1190
900 1264
900 1365
900 1801
900 1971
900 1974
901 1158
901 1533
901 1923
902 1216
902 1233
902 1460
902 1533
902 1714
903 999
903 1314
903 1412
903 1831
904 1141
904 1440
904 1671
904 1779
904 1782
904 1845
904 1971
905 1099
905 1307
905 1322
905 1325
905 1343
905 1399
905 1994
906 1085
907 1353
907 1820
907 1868
908 1059
908 1079
908 1097
908 1310
908 1428
909 1272
909 1835
910 1252
910 1419
910 1443
911 923
911 1094
911 1116
911 1446
911 1541
911 1775
912 973
912 1192
912 1504
912 1791
913 1448
913 1670
914 1032
914 1429
914 1788
914 1915
915 989
915 1062
915 1149
915 1379
915 1711
915 1826
915 1845
915 1874
916 1174
916 1294
916 1472
916 1744
916 1849
917 1257
918 937
918 1188
918 1272
918 1283
918 1487
918 1510
918 1516
918 1609
918 1859
918 1960
919 1193
919 1429
919 1463
919 1594
920 1032
920 1473
920 1813
920 1904
921 1076
921 1312
921 1348
921 1494
921 1721
921 1850
922 1146
922 1203
922 1320
922 1559
922 1697
922 1887
922 1957
923 954
923 1052
923 1651
924 980
924 1013
924 1023
924 1290
924 1442
924 1473
924 1605
924 1952
925 1219
925 1326
925 2000
926 975
926 1570
926 1669
926 1790
927 1695
927 1922
927 1989
927 1995
928 1358
928 1489
929 1054
929 1494
930 1412
930 1566
930 1737
930 1801
930 1875
930 1949
931 1185
931 1470
931 1849
932 1100
932 1252
932 1460
932 1985
933 1183
933 1240
933 1271
933 1324
933 1377
933 1393
933 1410
933 1474
933 1887
933 1911
933 1946
934 1742
934 1743
935 1027
935 1179
935 1416
935 1829
935 1881
935 1937
936 1154
936 1249
936 1364
936 1706
936 1731
937 1135
937 1373
937 1458
937 1485
938 973
938 1486
938 1822
939 952
939 1103
939 1934
940 972
940 1278
940 1678
940 1866
941 991
941 1432
941 1691
942 1427
942 1490
942 1677
942 1719
943 1131
943 1409
943 1735
944 1215
944 1248
944 1340
944 1395
944 1622
944 1739
944 1916
945 1136
945 1359
945 1428
945 1631
945 1720
946 1400
946 1810
946 1869
946 1985
947 1035
947 1301
947 1368
947 1840
947 1920
948 1163
948 1375
948 1711
948 1870
949 1046
949 1066
949 1075
949 1091
949 1382
949 1451
949 1498
950 1408
950 1912
951 965
951 977
951 1035
951 1404
951 1428
951 1726
951 1988
952 1049
952 1364
952 1540
952 1563
952 1692
952 1720
953 1380
953 1424
953 1648
953 1870
954 1108
954 1288
954 1461
954 1481
955 1000
955 1180
955 1185
955 1444
955 1540
955 1615
955 1912
956 1250
956 1424
956 1436
956 1614
956 1736
956 1794
956 1840
957 1324
957 1384
957 1800
957 1970
958 1102
958 1280
958 1373
958 1544
959 1514
959 1549
959 1806
959 1912
961 1045
961 1130
961 1488
961 1532
962 1242
962 1648
962 1747
963 1223
963 1447
963 1649
963 1988
964 1192
964 1286
964 1812
964 1900
964 1923
965 1044
965 1160
965 1457
965 1466
965 1695
965 1971
966 1005
966 1329
966 1343
966 1996
967 1024
967 1460
967 1928
968 986
968 1221
968 1313
968 1385
968 1663
968 1916
969 1091
969 1135
969 1897
970 1944
971 1122
971 1402
972 1033
972 1134
972 1287
972 1533
972 1537
973 992
973 1119
973 1225
973 1463
973 1494
974 990
974 1019
974 1652
974 1923
975 1506
975 1959
976 1049
976 1118
976 1196
976 1460
976 1680
977 1630
977 1699
977 1902
978 1165
978 1412
978 1500
979 1117
979 1161
979 1228
980 1165
980 1747
980 1849
981 1521
981 1647
982 1015
982 1691
982 1956
983 1015
983 1269
983 1390
983 1604
983 1681
983 1709
983 1859
983 1867
983 1952
983 1968
984 1164
984 1213
984 1340
984 1401
984 1639
984 1853
985 1128
985 1255
985 1263
985 1306
985 1607
985 1756
985 1908
986 1876
987 1259
988 1151
988 1184
988 1222
988 1254
989 1456
989 1690
989 1896
990 1242
990 1707
990 1722
991 1183
991 1230
991 1467
991 1534
991 1644
991 1998
992 1018
992 1713
992 1995
993 1265
993 1959
994 1006
994 1193
994 1252
994 1803
994 1808
994 1919
995 1597
996 1525
996 1778
996 1918
997 1031
997 1090
997 1289
997 1292
997 1516
997 1747
998 1023
998 1038
998 1513
998 1928
998 1965
999 1034
999 1066
999 1222
999 1316
999 1729
999 1752
999 1955
999 1999
1000 1092
1000 1109
1000 1192
1000 1298
1000 1909
1002 1054
1002 1282
1002 1728
1002 1955
1002 2000
1003 1033
1003 1250
1003 1445
1003 1547
1004 1121
1004 1233
1004 1573
1004 1914
1005 1171
1005 1517
1005 1809
1005 1823
1005 1940
1006 1614
1006 1634
1006 1792
1006 1886
1007 1080
1007 1575
1007 1612
1007 1971
1008 1345
1009 1552
1010 1246
1010 1337
1010 1371
1010 1433
1010 1456
1010 1533
1010 1721
1011 1779
1011 1845
1012 1215
1012 1501
1012 1889
1013 1106
1013 1128
1013 1287
1013 1494
1013 1544
1013 1726
1013 1835
1015 1050
1015 1102
1015 1241
1015 1324
1015 1476
1015 1616
1015 1677
1015 1709
1015 1784
1015 1817
1015 1865
1015 1991
1016 1069
1016 1201
1016 1596
1016 1788
1016 1883
1017 1029
1017 1276
1017 1428
1017 1803
1017 1951
1018 1160
1018 1836
1019 1209
1019 1691
1019 1708
1019 1771
1019 1902
1019 1940
1020 1033
1020 1438
1020 1720
1020 1752
1021 1074
1021 1133
1021 1167
1022 1113
1022 1308
1022 1361
1022 1559
1022 1572
1022 1670
1022 1790
1023 1051
1023 1270
1023 1355
1023 1448
1023 1475
1023 1709
1024 1263
1024 1264
1024 1457
1024 1612
1024 1867
1024 1952
1025 1301
1025 1489
1025 1886
1025 1961
1026 1037
1026 1280
1027 1350
1027 1840
1027 1930
1028 1109
1028 1148
1028 1319
1028 1556
1028 1945
1028 1946
1029 1134
1029 1468
1030 1263
1030 1361
1030 1559
1030 1642
1030 1715
1030 1869
1030 1879
1031 1169
1031 1412
1031 1424
1031 1761
1031 1875
1032 1162
1032 1214
1032 1651
1032 1787
1032 1792
1032 1825
1033 1211
1033 1915
1034 1889
1034 1893
1035 1198
1035 1324
1035 1553
1035 1692
1035 1726
1035 1910
1036 1362
1036 1660
1037 1137
1037 1347
1037 1465
1037 1647
1037 1691
1037 1712
1037 1763
1037 1962
1038 1132
1038 1497
1038 1667
1038 1804
1038 1909
1039 1226
1039 1751
1040 1809
1042 1355
1042 1443
1042 1591
1043 1199
1043 1548
1043 1846
1043 1880
1043 1924
1044 1148
1044 1267
1044 1521
1044 1769
1045 1486
1045 1597
1045 1633
1045 1880
1045 1971
1045 1998
1046 1217
1046 1309
1046 1494
1046 1597
1046 1636
1046 1783
1046 1904
1047 1137
1047 1571
1047 1646
1047 1878
1047 1882
1047 1903
1047 1925
1047 1948
1048 1707
1048 1732
1048 1759
1048 1962
1049 1151
1049 1236
1049 1948
1050 1090
1050 1516
1050 1742
1050 1865
1052 1279
1052 1291
1052 1602
1052 1831
1053 1058
1053 1325
1053 1484
1053 1735
1054 1295
1054 1374
1054 1410
1054 1558
1054 1795
1055 1108
1055 1399
1055 1628
1055 1727
1055 1877
1056 1390
1056 1394
1056 1619
1056 1886
1057 1169
1057 1669
1057 1741
1057 1796
1057 1998
1058 1280
1058 1459
1058 1583
1058 1712
1058 1762
1058 1797
1058 1845
1059 1067
1059 1481
1059 1621
1060 1136
1060 1205
1060 1539
1060 1611
1060 1690
1061 1337
1061 1376
1061 1431
1061 1546
1061 1726
1061 1808
1062 1230
1062 1523
1062 1957
1063 1072
1063 1118
1063 1257
1063 1366
1063 1517
1063 1838
1064 1172
1064 1358
1064 1386
1064 1596
1065 1489
1065 1603
1065 1779
1065 1822
1066 1129
1066 1780
1066 1906
1066 1992
1067 1099
1067 1195
1067 1309
1067 1887
1067 1940
1068 1353
1068 1361
1068 1562
1068 1941
1069 1136
1069 1218
1069 1256
1069 1489
1069 1541
1069 1558
1069 1582
1069 1681
1069 1853
1070 1254
1070 1440
1070 1617
1070 1883
1071 1079
1071 1203
1071 1594
1071 1742
1071 1770
1071 1799
1071 1840
1072 1149
1072 1437
1072 1480
1072 1606
1072 1678
1072 1683
1072 1879
1072 1893
1073 1272
1073 1334
1073 1565
1073 1784
1074 1551
1074 1912
1075 1213
1075 1508
1075 1513
1076 1186
1077 1372
1077 1498
1077 1805
1077 1889
1077 1957
1078 1091
1078 1193
1079 1202
1079 1403
1079 1407
1079 1785
1079 1814
1080 1122
1081 1501
1081 1755
1081 1826
1082 1647
1082 1664
1082 1713
1082 1968
1083 1581
1083 1605
1083 1625
1083 1822
1083 1920
1084 1270
1084 1928
1084 1959
1085 1412
1085 1475
1085 1581
1085 1607
1085 1648
1085 1810
1086 1439
1086 1546
1087 1327
1087 1625
1087 1715
1087 1804
1087 1904
1087 1957
1087 1979
1088 1197
1088 1519
1088 1863
1089 1383
1089 1390
1089 1392
1089 1579
1089 1683
1089 1688
1089 1809
1090 1247
1090 1297
1091 1410
1091 1550
1091 1737
1092 1338
1092 1366
1092 1398
1092 1520
1092 1805
1092 1990
1093 1265
1093 1384
1093 1713
1093 1842
1094 1235
1094 1466
1094 1777
1094 1810
1094 1961
1095 1569
1095 1715
1096 1953
1097 1153
1097 1362
1097 1455
1097 1916
1098 1392
1098 1483
1098 1533
1098 1914
1099 1148
1099 1401
1099 1636
1100 1178
1100 1432
1100 1524
1100 1533
1100 1820
1100 1936
1101 1272
1101 1520
1101 1634
1101 1950
1102 1130
1102 1358
1103 1480
1103 1963
1104 1224
1104 1337
1104 1529
1104 1620
1105 1140
1105 1281
1105 1304
1106 1857
1106 1972
1107 1368
1107 1385
1107 1416
1107 1666
1107 1904
1108 1474
1108 1599
1108 1621
1108 1681
1109 1157
1109 1400
1109 1981
1110 1146
1110 1798
1111 1131
1111 1461
1111 1467
1111 1506
1111 1627
1111 1789
1111 1826
1111 1858
1112 1556
1112 1897
1113 1248
1113 1405
1113 1459
1113 1821
1113 1856
1113 1857
1114 1123
1114 1379
1114 1535
1114 1801
1114 1856
1114 1943
1115 1197
1115 1779
1115 1784
1115 1830
1115 1866
1115 1979
1116 1416
1116 1795
1116 1964
1117 1368
1117 1555
1117 1863
1118 1325
1118 1584
1119 1126
1119 1205
1120 1786
1120 1865
1121 1179
1121 1658
1121 1792
1121 1819
1121 1834
1122 1371
1122 1731
1122 1787
1122 1852
1123 1139
1123 1553
1124 1319
1124 1553
1124 1992
1125 1503
1126 1191
1126 1253
1126 1355
1126 1448
1126 1471
1126 1962
1128 1834
1128 1909
1129 1175
1129 1244
1129 1580
1129 1890
1129 1909
1130 1440
1130 1585
1130 1764
1131 1766
1132 1420
1132 1728
1132 1893
1133 1202
1133 1258
1133 1323
1133 1614
1134 1385
1134 1683
1136 1206
1136 1592
1136 1594
1136 1666
1136 1757
1136 1874
1136 1950
1137 1191
1137 1338
1137 1347
1138 1268
1138 1538
1138 1579
1138 1703
1138 1720
1138 1773
1139 1183
1139 1212
1140 1189
1140 1345
1140 1996
1141 1447
1141 1670
1142 1253
1142 1387
1142 1569
1143 1287
1143 1457
1143 1641
1144 1307
1144 1449
1145 1474
1145 1596
1145 1790
1145 1988
1146 1214
1147 1388
1147 1422
1147 1475
1147 1848
1148 1703
1148 1943
1149 1191
1149 1259
1149 1995
1150 1355
1150 1429
1150 1573
1150 1594
1151 1727
1151 1734
1151 1774
1151 1796
1151 1871
1151 1945
1152 1321
1152 1605
1152 1740
1153 1262
1153 1815
1153 1839
1153 1934
1154 1306
1155 1226
1155 1260
1156 1352
1156 1372
1156 1417
1156 1742
1157 1201
1157 1215
1157 1312
1157 1550
1158 1161
1158 1520
1158 1625
1158 1850
1158 1867
1159 1866
1160 1947
1161 1333
1161 1666
1161 1857
1161 1905
1161 1916
1162 1244
1162 1267
1162 1338
1163 1621
1163 1726
1163 1855
1163 1983
1164 1289
1164 1506
1164 1812
1164 1910
1165 1407
1165 1417
1165 1471
1166 1327
1166 1410
1166 1775
1167 1457
1167 1565
1167 1719
1167 1972
1168 1211
1169 1713
1169 1813
1170 1205
1170 1216
1170 1232
1170 1378
1170 1751
1171 1583
1171 1616
1171 1738
1171 1767
1171 1888
1171 1936
1171 1965
1172 1288
1172 1596
1172 1922
1173 1387
1173 1578
1174 1459
1174 1823
1175 1363
1175 1819
1175 1947
1176 1274
1176 1339
1176 1434
1176 1613
1176 1700
1177 1577
1177 1974
1178 1250
1178 1490
1178 1868
1179 1208
1179 1317
1179 1763
1179 1965
1180 1338
1180 1476
1181 1223
1181 1314
1181 1776
1181 1819
1181 1950
1182 1288
1182 1291
1182 1424
1182 1600
1182 1757
1183 1960
1183 1969
1184 1986
1185 1529
1185 1646
1186 1225
1186 1441
1187 1336
1187 1363
1187 1409
1187 1786
1187 1939
1187 1946
1187 1963
1188 1616
1189 1378
1189 1772
1189 1897
1190 1204
1190 1229
1190 1422
1192 1245
1192 1278
1192 1288
1192 1429
1192 1656
1192 1962
1193 1495
1193 1560
1193 1563
1193 1660
1193 1762
1193 1780
1193 1836
1193 1932
1194 1280
1194 1519
1194 1544
1194 1876
1194 1953
1195 1668
1195 1671
1195 1810
1197 1276
1197 1746
1198 1778
1198 1822
1199 1320
1199 1882
1200 1473
1200 1738
1200 1765
1200 1948
1201 1365
1201 1385
1201 1439
1201 1447
1201 1762
1201 1894
1202 1248
1202 1461
1202 1485
1203 1985
1204 1424
1205 1276
1205 1306
1205 1551
1205 1743
1206 1278
1206 1379
1206 1560
1206 1697
1206 1823
1206 1916
1208 1310
1208 1405
1208 1615
1208 1663
1208 1948
1209 1275
1209 1532
1209 1602
1209 1770
1209 1843
1210 1271
1210 1561
1210 1785
1212 1284
1212 1724
1212 1751
1212 1862
1212 1912
1214 1242
1214 1471
1214 1765
1214 1906
1215 1456
1215 1643
1215 1672
1215 1759
1216 1381
1216 1698
1216 1924
1217 1664
1218 1827
1218 1852
1218 1994
1219 1733
1219 1743
1219 1758
1220 1257
1221 1270
1221 1368
1221 1437
1221 1901
1222 1527
1222 1764
1222 1841
1222 1947
1223 1368
1223 1409
1224 1647
1224 1671
1225 1533
1225 1796
1225 1880
1226 1307
1226 1525
1226 1931
1227 1936
1228 1243
1229 1606
1229 1666
1230 1305
1230 1557
1230 1615
1231 1849
1232 1401
1232 1785
1233 1517
1233 1648
1233 1927
1234 1561
1234 1730
1235 1449
1235 1490
1235 1616
1235 1798
1235 1952
1237 1276
1237 1766
1238 1527
1238 1597
1238 1641
1238 1824
1239 1468
1239 1513
1240 1483
1240 1583
1240 1746
1240 1962
1240 1974
1241 1979
1242 1525
1242 1698
1242 1931
1242 1967
1243 1282
1243 1352
1243 1595
1243 1931
1243 1957
1244 1759
1245 1268
1245 1691
1246 1261
1246 1520
1246 1617
1246 1718
1246 1966
1247 1336
1247 1451
1247 1465
1247 1523
1247 1527
1247 1722
1247 1912
1248 1257
1248 1439
1248 1614
1248 1692
1248 1801
1249 1802
1250 1750
1250 1899
1251 1365
1251 1490
1251 1505
1251 1558
1251 1739
1251 1893
1252 1532
1252 1729
1252 1881
1253 1499
1253 1611
1253 1653
1253 1666
1253 1988
1254 1848
1254 1926
1255 1298
1255 1381
1255 1468
1255 1955
1256 1636
1256 1772
1257 1462
1257 1677
1257 1884
1257 1978
1258 1657
1258 1694
1259 1314
1259 1418
1259 1524
1259 1549
1260 1298
1260 1325
1260 1883
1261 1312
1261 1600
1261 1673
1261 1784
1263 1271
1263 1326
1263 1387
1263 1894
1264 1320
1264 1529
1264 1683
1265 1830
1266 1402
1266 1817
1266 1909
1266 1968
1266 1973
1267 1856
1268 1356
1268 1580
1268 1727
1269 1316
1269 1317
1269 1402
1270 1507
1270 1630
1270 1892
1271 1838
1272 1366
1272 1610
1272 1847
1273 1838
1273 1941
1273 1967
1274 1760
1274 1997
1275 1328
1277 1494
1277 1495
1277 1872
1278 1347
1278 1407
1278 1564
1278 1634
1278 1672
1278 1921
1278 1979
1279 1347
1279 1349
1279 1703
1279 1818
1279 1836
1279 1850
1280 1764
1281 1406
1281 1409
1281 1457
1281 1642
1281 1804
1282 1312
1282 1567
1282 1731
1282 1809
1282 1814
1283 1862
1284 1415
1284 1939
1285 1459
1285 1924
1286 1288
1286 1340
1286 1442
1286 1627
1286 1655
1286 1659
1286 1685
1286 1710
1286 1727
1286 1780
1287 1525
1287 1539
1287 1606
1287 1763
1287 1902
1288 1302
1288 1389
1289 1295
1289 1374
1289 1381
1289 1743
1290 1747
1291 1310
1291 1364
1291 1735
1292 1319
1292 1422
1292 1635
1292 1853
1292 1921
1293 1381
1293 1601
1293 1626
1293 1811
1293 1999
1294 1410
1294 1569
1294 1890
1294 1985
1295 1454
1295 1504
1295 1878
1296 1527
1296 1567
1296 1984
1297 1403
1297 1934
1298 1360
1298 1482
1298 1645
1299 1311
1299 1426
1299 1660
1299 1719
1300 1324
1300 1845
1300 1899
1301 1316
1301 1449
1301 1776
1301 1802
1302 1492
1302 1999
1303 1409
1303 1670
1304 1760
1305 1414
1306 1355
1306 1366
1306 1456
1306 1669
1306 1685
1306 1782
1306 1818
1306 1868
1306 1896
1307 1588
1307 1760
1307 1933
1307 1959
1308 1489
1308 1997
1309 1394
1309 1500
1309 1798
1310 1697
1310 1908
1311 1320
1311 1736
1311 1814
1311 1824
1312 1412
1312 1716
1312 1900
1312 1960
1313 1678
1314 1513
1314 1552
1316 1362
1316 1605
1316 1921
1316 1940
1317 1673
1317 1933
1318 1730
1318 1824
1319 1857
1319 1863
1321 1449
1322 1352
1322 1682
1322 1712
1322 1854
1324 1407
1324 1478
1324 1756
1325 1354
1325 1425
1325 1497
1325 1991
1326 1414
1327 1408
1328 1341
1328 1509
1328 1555
1328 1578
1328 1667
1329 1507
1329 1511
1329 1607
1330 1395
1330 1425
1330 1438
1330 1465
1330 1770
1331 1532
1331 1848
1331 1872
1332 1932
1333 1439
1334 1351
1334 1692
1334 1807
1334 1809
1336 1872
1336 1913
1336 1960
1336 1972
1337 1364
1337 1654
1338 1471
1338 1532
1338 1663
1339 1657
1339 1709
1340 1901
1340 1939
1341 1812
1343 1607
1343 1962
1344 1456
1344 1521
1344 1617
1344 1777
1345 1367
1345 1486
1345 1719
1345 1773
1346 1364
1346 1415
1346 1728
1346 1946
1346 1958
1346 1989
1347 1499
1347 1832
1347 1915
1348 1588
1349 1392
1349 1517
1349 1758
1350 1421
1350 1501
1350 1589
1350 1961
1351 1355
1351 1471
1351 1551
1351 1553
1352 1376
1352 1599
1352 1742
1352 1861
1353 1383
1353 1519
1353 1661
1354 1395
1354 1493
1354 1558
1354 1659
1354 1929
1354 1964
1354 1996
1355 1472
1355 1550
1355 1753
1355 1871
1355 1912
1356 1535
1356 1923
1357 1435
1357 1943
1358 1585
1358 1677
1358 1882
1358 1926
1359 1579
1360 1815
1360 1823
1363 1485
1363 1750
1363 1963
1364 1599
1366 1411
1366 1626
1367 1402
1367 1589
1367 1686
1368 1394
1368 1492
1369 1388
1369 1401
1369 1418
1370 1503
1370 1854
1370 1879
1371 1446
1371 1559
1371 1780
1372 1501
1372 1592
1372 1675
1373 1905
1374 1419
1375 1446
1376 1439
1376 1486
1376 1772
1376 1825
1378 1556
1380 1616
1381 1657
1381 1904
1382 1906
1382 1954
1383 1973
1384 1435
1384 1681
1384 1687
1384 1833
1385 1588
1385 1867
1386 1438
1386 1443
1386 1487
1386 1525
1386 1633
1387 1687
1387 1691
1388 1550
1388 1573
1388 1624
1388 1896
1389 1637
1390 1730
1391 1465
1391 1610
1391 1697
1391 1745
1392 1883
1393 1499
1393 1513
1394 1825
1394 1910
1395 1439
1395 1549
1395 1586
1395 1862
1396 1442
1396 1587
1396 1739
1397 1417
1397 1601
1397 1629
1398 1707
1399 1742
1399 1745
1399 1853
1399 1924
1399 1961
1400 1685
1400 1688
1400 1976
1401 1763
1401 1877
1402 1447
1402 1974
1403 1564
1403 1585
1404 1460
1405 1511
1405 1605
1405 1736
1405 1799
1406 1557
1406 1752
1407 1480
1407 1582
1407 1668
1407 1788
1407 1955
1408 1461
1408 1615
1408 1683
1409 1776
1409 1790
1409 1922
1410 1588
1410 1843
1410 1868
1410 1937
1411 1839
1412 1738
1412 1974
1413 1464
1413 1499
1413 1634
1413 1649
1413 1854
1413 1868
1413 1880
1413 1973
1414 1514
1414 1653
1415 1718
1415 1819
1416 1764
1416 1875
1416 1978
1417 1505
1417 1584
1418 1437
1418 1892
1418 1952
1418 1981
1419 1420
1419 1434
1419 1505
1419 1720
1419 1958
1419 2000
1420 1648
1420 1821
1420 1827
1421 1611
1421 1676
1423 1608
1423 1984
1424 1806
1424 1873
1425 1822
1426 1430
1426 1462
1426 1530
1426 1598
1426 1901
1427 1649
1427 1684
1427 1696
1427 1964
1428 1433
1428 1521
1428 1689
1428 1705
1428 1768
1428 1920
1428 1943
1428 1992
1428 1993
1429 1609
1430 1433
1430 1699
1430 1702
1430 1776
1431 1625
1431 1679
1431 1874
1432 1572
1432 1973
1433 1740
1434 1576
1434 1603
1435 1648
1435 1714
1435 1955
1436 1730
1437 1589
1438 1457
1439 1732
1439 1873
1440 1573
1440 1688
1440 1994
1441 1699
1441 1735
1442 1541
1442 1659
1442 1773
1442 1890
1443 1481
1443 1534
1443 1598
1443 1757
1444 1873
1444 1953
1444 1996
1445 1461
1445 1571
1446 1856
1447 1488
1447 1658
1447 1989
1448 1766
1448 1815
1449 1670
1449 1747
1449 1889
1450 1630
1452 1647
1452 1825
1453 1695
1456 1658
1456 1966
1457 1547
1458 1530
1458 1786
1459 1845
1461 1492
1461 1939
1462 1728
1462 1929
1463 1504
1463 1593
1463 1748
1464 1976
1465 1742
1465 1749
1466 1583
1466 1654
1467 1697
1467 1862
1467 1921
1468 1602
1468 1672
1468 1719
1469 1844
1469 1903
1469 1968
1470 1543
1471 1646
1471 1761
1472 1540
1472 1562
1472 1571
1472 1725
1472 1841
1472 1915
1475 1605
1475 1662
1475 1771
1475 1786
1476 1985
1477 1634
1478 1584
1479 1529
1479 1872
1480 1533
1480 1623
1480 1991
1481 1751
1482 1796
1482 1897
1482 1911
1483 1640
1483 1720
1484 1509
1485 1592
1485 1744
1486 1739
1486 1877
1486 1988
1487 1832
1488 1738
1489 1605
1489 1677
1489 1781
1490 1710
1491 1699
1492 1512
1492 1543
1492 1579
1493 1727
1493 1739
1493 1799
1493 1996
1494 1582
1494 1692
1494 1841
1494 1862
1494 1884
1495 1533
1495 1909
1495 1977
1496 1518
1496 1561
1496 1800
1496 1867
1497 1564
1497 1627
1497 1831
1498 1581
1498 1625
1499 1653
1500 1638
1500 1786
1500 1867
1501 1684
1501 1782
1501 1901
1501 1930
1501 1993
1503 1934
1504 1592
1504 1761
1504 1826
1504 1938
1504 1964
1505 1645
1505 1726
1505 1904
1506 1606
1506 1928
1507 1509
1507 1620
1507 1820
1508 1522
1508 1622
1508 1644
1509 1590
1509 1910
1510 1546
1510 1692
1510 1898
1510 1940
1511 1620
1511 1872
1512 1808
1513 1544
1513 1711
1514 1599
1514 1928
1515 1517
1515 1968
1516 1605
1516 1765
1517 1746
1517 1906
1518 1589
1518 1709
1518 1792
1520 1676
1520 1941
1521 1599
1521 1695
1521 1742
1521 1748
1522 1648
1522 1685
1523 1705
1524 1602
1524 1813
1524 1867
1524 1964
1525 1643
1525 1879
1526 1790
1527 1537
1527 1775
1528 1703
1528 1850
1529 1805
1529 1826
1529 1945
1531 1678
1533 1647
1533 1798
1533 1889
1533 1994
1534 1639
1534 1641
1534 1759
1535 1775
1536 1575
1536 1623
1536 1802
1536 1828
1537 1730
1537 1760
1538 1547
1538 1567
1538 1575
1538 1587
1538 1864
1539 1682
1539 1972
1540 1610
1540 1821
1541 1882
1541 1927
1542 1572
1542 1696
1542 1898
1543 1614
1543 1721
1545 1575
1545 1701
1545 1941
1546 1691
1546 1947
1547 1763
1549 1747
1549 1826
1549 1838
1549 1948
1550 1726
1550 1798
1550 1822
1550 1943
1550 1951
1552 1915
1552 1933
1553 1700
1554 1721
1555 1663
1555 1737
1556 1925
1558 1868
1560 1819
1561 1810
1562 1574
1562 1680
1562 1707
1563 1652
1563 1817
1565 1841
1566 1605
1566 1868
1567 1848
1568 1799
1568 1804
1568 1894
1568 1975
1569 1665
1569 1865
1570 1837
1570 1922
1571 1607
1571 1879
1571 1954
1571 1981
1572 1816
1573 1778
1573 1958
1574 1745
1575 1670
1575 1877
1576 1769
1576 1949
1577 1677
1577 1689
1579 1620
1579 1888
1580 1612
1580 1756
1580 1970
1581 1648
1582 1662
1582 1982
1583 1769
1585 1757
1585 1998
1586 1627
1587 1792
1590 1604
1591 1742
1592 1804
1593 1967
1594 1640
1594 1758
1594 1790
1594 1850
1596 1643
1596 1848
1596 1941
1597 1729
1597 1917
1598 1683
1599 1701
1599 1739
1599 1882
1600 1929
1601 1928
1602 1688
1603 1626
1603 1689
1603 1896
1603 1898
1604 1853
1604 1883
1606 1704
1606 1730
1606 1895
1606 1948
1607 1973
1608 1663
1608 1685
1609 1648
1609 1874
1610 1666
1610 1674
1610 1855
1610 1946
1611 1628
1611 1749
1611 1925
1612 1828
1613 1749
1613 1896
1613 1966
1615 1718
1615 1766
1615 1867
1616 1763
1616 1968
1617 1852
1617 1880
1618 1632
1620 1654
1620 1816
1621 1879
1621 1915
1622 1718
1622 1817
1623 1887
1623 1903
1623 1965
1628 1749
1628 1937
1628 1986
1630 1670
1630 1754
1630 1948
1631 1664
1631 1874
1634 1761
1635 1820
1636 1707
1637 1703
1637 1791
1638 1949
1638 1957
1639 1807
1641 1784
1641 1799
1641 1950
1642 1702
1642 1712
1642 1891
1643 1796
1645 1712
1645 1721
1646 1750
1646 1937
1648 1671
1648 1948
1649 1977
1650 1718
1650 1893
1651 1664
1652 1665
1652 1809
1652 1883
1653 1936
1654 1780
1654 1820
1655 1780
1655 1833
1655 1889
1656 1668
1658 1663
1658 1671
1658 1672
1658 1735
1659 1789
1659 1791
1660 1912
1661 1666
1663 1755
1663 1914
1664 1732
1664 1947
1665 1950
1667 1681
1667 1815
1667 1900
1668 1925
1668 1939
1669 1829
1671 1963
1671 1966
1672 1770
1672 1777
1672 1850
1673 1690
1673 1754
1674 1964
1674 1976
1676 1682
1676 1838
1678 1730
1680 1961
1681 1950
1683 1987
1685 1840
1685 1910
1686 1903
1687 1777
1687 1794
1688 1693
1691 1876
1693 1807
1694 1888
1695 1737
1695 1821
1696 1859
1697 1841
1698 1711
1698 1830
1698 1835
1699 1805
1699 1999
1700 1923
1701 1721
1703 1744
1703 1922
1704 1712
1704 1813
1706 1752
1706 1753
1706 1831
1707 1798
1710 1910
1710 1958
1711 1906
1711 1980
1713 1847
1715 1767
1715 1828
1715 1894
1716 1911
1717 1728
1717 1913
1719 1850
1720 1861
1722 1739
1722 1894
1723 1744
1723 1874
1723 1898
1728 1744
1728 1782
1729 1987
1730 1941
1731 1926
1732 1932
1733 1964
1734 1986
1737 1749
1737 1865
1738 1857
1738 1901
1739 1852
1742 1786
1743 1810
1744 1795
1747 1820
1749 1754
1750 1954
1751 1802
1751 1837
1751 1995
1752 1811
1753 1885
1755 1901
1755 1994
1756 2000
1757 1888
1761 1804
1761 1966
1761 1968
1763 1932
1764 1937
1765 1784
1766 1882
1767 1979
1770 1847
1770 1962
1774 1803
1775 1791
1776 1949
1777 1956
1779 1841
1780 1837
1781 1817
1782 1854
1782 1864
1782 1865
1784 1859
1784 1881
1785 1842
1786 1832
1786 1946
1787 1825
1787 1909
1788 1986
1790 1847
1795 1916
1803 1886
1805 1834
1805 1955
1807 1907
1808 1844
1808 1847
1808 1921
1809 2000
1811 1939
1812 1880
1812 1947
1815 1961
1816 1826
1816 1956
1820 1851
1821 1985
1824 1899
1824 1935
1827 1966
1827 1998
1829 1839
1829 1990
1830 1897
1831 1878
1831 1934
1832 1912
1834 1851
1836 1959
1837 1941
1839 1842
1839 1896
1840 1909
1841 1989
1842 1870
1844 1849
1845 1947
1848 1859
1848 1962
1850 1915
1851 1996
1857 1900
1860 1928
1861 1931
1861 1986
1862 1918
1865 1938
1865 1951
1866 1909
1868 1940
1874 1893
1877 1938
1877 1968
1879 1886
1881 1888
1884 1958
1885 1933
1892 1922
1893 1981
1902 1934
1904 1917
1904 1994
1905 1961
1909 1995
1913 1939
1913 1951
1917 1943
1917 1962
1917 1964
1917 1995
1918 1929
1921 1922
1921 1983
1922 1974
1924 1950
1928 1948
1946 1973
1954 1968
1954 2000
1955 1992
1978 1979