2000
1 654
2 363
2 1223
2 1397
2 1830
3 191
3 1302
3 1447
3 1644
3 1689
4 1027
4 1069
4 1648
4 1905
5 199
5 375
6 253
7 60
7 126
7 295
7 900
7 1083
7 1301
8 63
9 1486
10 921
10 996
10 1273
10 1347
11 21
11 355
11 505
11 1114
11 1876
12 96
12 1233
12 1419
12 1683
13 81
13 1566
13 1969
14 27
14 908
14 1071
15 999
15 1143
15 1656
16 132
17 80
17 721
17 1471
17 1704
18 842
18 1482
18 1634
19 151
19 856
19 1723
20 53
20 464
20 897
20 1096
20 1298
21 794
21 1857
21 1950
22 930
22 1026
22 1071
22 1349
22 1811
23 470
23 527
23 826
23 1876
23 1880
23 1890
24 114
24 410
24 598
24 1228
24 1558
24 1566
24 1975
25 140
25 261
25 340
25 763
26 104
26 714
26 1998
27 62
27 621
27 1382
28 108
28 1264
28 1775
29 774
29 1249
29 1274
29 1516
29 1625
29 1731
30 136
30 1362
30 1957
30 1969
31 49
32 531
32 675
32 971
32 1560
32 1686
33 45
33 183
33 316
33 365
34 894
34 1410
35 765
35 865
35 1558
36 1382
37 561
37 1480
38 172
38 230
38 427
38 471
38 591
38 763
38 936
38 1453
38 1934
39 91
39 893
39 1503
40 679
40 1178
40 1593
41 220
42 619
42 791
42 1114
42 1734
43 629
43 815
43 1286
43 1579
44 115
44 935
45 524
45 940
45 1688
46 275
46 294
46 1453
46 1803
47 101
47 189
47 510
47 1287
47 1366
47 1400
47 1443
47 1446
47 1747
48 167
48 477
48 781
48 1220
49 1034
50 1578
50 1601
51 577
51 984
51 1650
51 1875
51 1896
52 336
52 956
52 1079
52 1148
52 1336
53 573
53 1143
53 1568
54 865
54 1149
55 272
55 293
55 1289
55 1385
56 331
56 956
56 1170
56 1551
57 422
59 440
59 1185
59 1285
59 1656
59 1834
60 330
60 648
61 1194
61 1278
61 1789
62 619
62 1247
62 1794
63 115
63 211
63 1071
63 1620
63 1713
63 1772
64 272
64 593
64 995
64 1751
65 585
66 250
66 629
66 824
66 1021
66 1164
66 1275
66 1408
66 1424
66 1691
66 1949
67 85
67 236
67 410
67 673
67 1151
67 1474
67 1622
67 1861
67 1938
68 163
68 270
68 330
68 373
68 578
68 1110
68 1128
68 1832
69 799
69 872
70 342
70 514
70 738
70 1052
70 1425
70 1872
70 1994
71 597
71 1109
71 1527
71 1614
71 1837
72 1618
73 134
73 174
73 245
73 649
73 733
73 1364
73 1906
74 141
74 219
74 470
74 608
74 1528
75 243
75 301
75 376
75 436
75 815
75 1600
76 970
76 1693
77 663
77 684
77 1296
77 1896
78 130
78 898
79 107
79 217
79 333
79 640
79 1653
80 1391
80 2000
81 889
81 1278
81 1639
82 385
83 233
83 753
83 1327
83 1368
83 1945
84 189
84 190
84 210
84 380
84 830
84 1242
85 108
85 1204
85 1262
85 1803
86 500
86 728
86 1013
86 1127
87 420
87 1875
88 305
88 575
88 1104
88 1392
89 646
89 1423
89 1616
89 1623
90 532
90 1811
91 103
91 250
91 590
91 1378
92 362
92 703
92 1021
92 1248
92 1283
92 1853
93 1330
93 1630
94 1218
95 1644
96 125
96 403
96 636
96 1720
97 278
97 1877
98 145
98 585
98 1055
98 1093
99 183
99 707
99 1320
99 1464
99 1793
100 322
100 368
100 1056
100 1717
100 1718
101 684
102 623
102 1408
102 1445
102 1948
103 421
103 476
103 1535
104 295
104 400
104 602
104 717
104 791
104 834
104 1342
105 136
105 645
105 1969
106 1635
107 217
107 325
107 500
108 442
108 918
108 1275
108 1321
108 1346
109 134
109 242
109 282
109 1351
109 1975
110 475
110 799
110 1445
110 1772
110 1874
111 177
111 211
111 244
111 1320
111 1776
112 391
112 591
113 755
113 1019
113 1446
114 1414
114 1535
114 1841
115 193
115 829
115 992
115 1189
115 1539
115 1615
116 408
117 135
117 1277
117 1536
117 1999
118 249
118 938
118 987
118 1510
119 167
120 149
120 334
120 375
120 423
121 466
121 901
121 1277
121 1549
121 1650
122 281
122 310
122 334
122 588
122 856
122 1214
122 1754
122 1963
123 695
123 1039
123 1674
123 1677
123 1907
124 435
124 1012
124 1674
124 1972
125 996
125 1011
125 1050
126 228
126 452
126 872
126 1003
126 1280
126 1692
127 357
127 1072
127 1315
127 1812
128 589
128 744
128 1598
129 1239
129 1691
129 1856
130 346
130 875
130 1108
130 1685
131 1036
131 1164
131 1199
132 376
132 600
132 642
132 1756
132 1931
133 220
133 462
133 738
134 241
134 1393
134 1485
135 381
135 1560
135 1586
135 1789
136 266
136 303
136 437
136 1275
136 1496
136 1998
137 606
137 946
137 1089
137 1692
138 260
138 504
138 1171
138 1231
139 638
139 1725
139 1988
140 158
140 1174
140 1641
141 210
141 886
141 1490
141 1898
142 383
142 767
142 843
142 1021
142 1184
142 1276
142 1398
142 1826
143 406
143 504
143 645
143 1647
143 1840
144 187
144 1213
145 219
145 1213
145 1361
145 1873
147 768
147 1317
148 377
148 565
148 650
148 1442
148 1819
148 1863
149 307
149 1755
149 1951
150 249
150 891
150 1787
151 514
151 800
151 1150
152 155
152 169
152 243
152 783
152 1005
152 1405
152 1487
152 1963
153 266
153 673
153 1188
153 1193
153 1340
153 1429
153 1531
153 1904
154 1524
155 221
155 226
155 402
155 580
156 325
156 1765
157 735
157 1918
158 728
158 893
158 943
158 1058
158 1944
159 537
159 861
159 1226
159 1236
160 953
160 958
160 1186
160 1191
160 1480
160 1711
161 354
161 678
161 900
161 1648
162 1096
162 1911
162 1945
163 362
163 656
163 859
163 1354
163 1540
163 1777
164 1242
164 1616
165 396
165 690
165 1096
165 1475
165 1566
166 315
166 618
166 889
166 1359
166 1373
167 289
167 416
167 766
168 187
168 536
168 713
168 898
168 1237
169 703
169 1984
170 214
170 932
170 1433
170 1456
170 1542
170 1544
170 1791
170 1950
171 1101
171 1154
172 1487
172 1827
172 1977
173 325
173 328
173 727
173 1616
174 219
174 232
174 1995
175 678
176 280
176 932
176 1685
176 1969
177 724
177 855
177 1994
178 338
178 1914
179 1244
179 1293
179 1609
180 1639
181 610
181 728
181 1465
182 582
182 994
182 1858
183 370
183 962
183 1224
183 1227
183 1583
183 1649
184 243
184 1011
185 448
185 1099
185 1792
186 188
186 1098
186 1099
186 1479
186 1663
187 1076
187 1188
187 1282
187 1982
188 450
188 506
188 912
188 1004
188 1332
189 1254
189 1675
189 1903
190 231
191 310
191 845
191 969
191 1529
191 1948
191 1974
192 782
192 982
193 816
193 1681
193 1922
194 1701
195 278
195 928
195 1413
195 1914
195 1916
195 1945
196 324
196 702
196 732
196 928
196 1537
196 1765
196 1993
197 1395
197 1407
197 1679
197 1725
198 449
199 704
199 784
200 220
200 248
200 751
200 995
200 1061
200 1978
201 686
201 949
201 964
201 1371
201 1459
201 1561
202 1681
202 1837
203 492
203 614
203 647
204 578
204 975
204 1780
205 618
205 1315
206 572
206 1456
207 826
207 1587
207 1704
208 225
208 316
208 561
208 803
208 938
208 1114
208 1135
208 1196
209 343
209 354
209 626
209 1260
209 1394
210 252
210 512
210 818
210 965
211 808
211 1860
212 1229
213 365
213 908
213 1860
214 1243
214 1373
215 327
215 613
215 1713
216 529
216 705
216 1832
216 1841
217 1554
217 1755
218 355
218 1010
218 1133
218 1971
219 1032
219 1408
219 1761
220 347
220 1002
220 1110
220 1349
220 1640
220 1789
221 263
221 826
221 1220
221 1285
221 1413
221 1640
221 1772
222 1131
222 1502
223 1267
224 243
224 585
224 638
224 750
224 1187
224 1523
224 1574
225 474
225 970
225 1646
225 1967
226 507
226 668
226 747
226 1118
226 1732
227 338
227 881
227 1386
227 1817
227 1977
228 252
228 740
228 947
229 850
229 987
229 1018
230 737
230 954
230 1642
231 1506
231 1832
231 1919
232 326
232 603
232 1108
232 1636
233 754
233 947
233 1908
234 447
235 317
235 806
235 942
235 1037
235 1695
235 1884
235 1984
236 516
236 565
236 740
236 1173
236 1522
237 1071
237 1540
237 1979
238 1468
239 321
239 796
239 1093
240 1173
240 1441
241 313
241 930
241 1541
242 948
242 1606
242 1868
243 921
243 973
243 1866
244 1238
244 1555
244 1948
245 270
245 416
245 1168
246 1816
247 810
247 1549
248 415
248 943
248 1219
248 1413
249 291
249 1065
249 1165
250 764
250 1068
251 823
251 1106
251 1188
251 1281
252 1220
252 1443
252 1916
253 408
253 912
253 998
254 321
254 420
254 421
254 1286
255 591
255 653
255 1125
255 1653
255 1828
255 1904
256 355
256 400
256 802
256 1171
256 1607
257 712
257 713
257 1717
257 1954
258 1090
258 1807
258 1979
260 580
261 373
261 399
261 720
261 1770
262 349
262 648
262 1927
263 1772
263 1846
264 583
264 720
264 893
264 979
264 1131
264 1186
264 1686
264 1843
265 782
265 886
265 939
265 1530
266 972
266 990
266 1163
266 1211
266 1399
266 1513
266 1918
267 316
267 1775
269 375
269 439
269 754
269 956
269 1171
269 1707
271 520
271 623
271 1413
271 1437
271 1568
272 509
272 536
272 1448
272 1462
272 1906
273 362
273 429
273 655
273 1018
273 1238
273 1400
273 1413
273 1947
274 825
274 976
274 1422
275 419
275 483
275 1507
275 1542
276 1094
276 1466
276 1501
276 1797
277 1947
278 301
278 469
278 1804
279 1114
279 1378
280 683
280 913
280 1296
280 1924
280 1942
281 1465
281 1857
281 1953
281 1991
282 1369
282 1479
283 856
283 1861
284 304
284 486
284 610
284 754
284 1093
284 1196
284 1285
285 407
285 1186
285 1217
285 1263
285 1428
285 1460
286 1227
287 1317
287 1618
288 951
288 1475
289 1370
290 1709
290 1904
291 1142
291 1430
292 995
293 387
293 456
293 1045
293 1060
293 1557
293 1823
294 1857
295 592
295 1095
296 651
296 1467
297 485
298 1127
299 508
299 924
299 1242
299 1309
299 1381
299 1812
300 541
300 551
300 683
300 1087
301 935
301 1194
301 1694
302 329
302 914
302 959
302 1053
302 1283
304 458
304 887
304 993
304 1931
305 637
305 931
305 939
305 1360
306 381
306 535
306 1558
306 1826
307 555
308 531
308 570
308 1553
309 353
309 1428
309 1689
309 1879
310 1192
310 1779
310 1794
311 981
311 1483
312 1261
312 1275
312 1894
313 832
313 997
313 1295
313 1514
314 771
314 883
314 1013
314 1365
314 1670
314 1983
315 435
315 442
315 955
316 509
317 1515
317 1602
318 1553
318 1743
318 1760
318 1780
319 413
319 1400
319 1752
320 1774
321 511
321 820
321 1466
321 1884
322 650
322 926
322 1227
322 1436
322 1639
322 1923
323 685
323 1145
323 1291
323 1483
324 1569
324 1719
325 831
326 427
326 505
326 581
326 739
326 778
326 972
326 1070
326 1105
326 1505
327 1500
327 1747
327 1913
328 362
329 495
329 725
329 1160
329 1719
329 1745
330 1032
330 1359
330 1413
330 1499
330 1655
331 724
331 965
331 1439
331 1786
331 1896
332 1653
332 1772
333 598
333 768
333 1317
333 1934
334 447
334 894
334 944
334 1811
335 558
336 773
336 1790
337 801
337 1143
337 1249
337 1325
337 1514
338 1392
339 528
339 549
339 782
339 848
339 1822
340 705
340 822
341 498
341 710
341 979
341 1222
341 1885
342 1407
342 1408
342 1418
342 1683
343 1126
343 1286
343 1289
344 466
344 947
344 985
344 1076
344 1712
346 455
346 667
346 1126
347 508
347 1175
347 1598
347 1655
347 1961
347 1967
348 504
348 519
348 559
348 1456
349 384
349 1283
349 1745
350 959
351 1002
352 714
352 815
352 1065
353 362
353 755
353 923
353 994
353 1923
353 1997
354 382
354 1257
355 932
355 1274
355 1872
357 559
358 735
358 906
358 1004
358 1453
359 617
359 1115
359 1320
359 1399
359 1526
360 361
360 1007
360 1834
361 678
361 811
361 1396
362 411
362 800
362 1487
362 1546
362 1705
362 1900
363 759
363 1592
363 1689
363 1948
364 1241
364 1572
364 1785
364 1973
365 588
365 831
365 1308
365 1449
365 1521
365 1604
366 586
366 896
367 522
367 565
369 1038
369 1488
369 1578
369 1798
370 1721
370 1790
371 575
371 597
372 1127
372 1342
372 1412
372 1674
372 1721
372 1971
373 392
373 519
373 1744
374 595
375 799
375 1229
375 1922
376 524
376 1314
376 1779
376 1839
377 1611
377 1699
378 589
378 972
378 1707
379 1151
380 1599
380 1687
380 1889
381 1395
381 1639
381 1640
382 935
383 575
383 1141
383 1166
383 1668
384 1064
385 643
385 925
385 1305
385 1592
385 1787
386 390
386 1502
386 1518
386 1697
386 1993
387 889
387 1045
387 1294
388 1866
389 826
389 1195
390 540
390 548
390 704
390 814
390 1208
390 1531
390 1833
391 1249
392 1055
392 1932
392 1986
393 865
393 1346
394 919
395 1487
396 743
396 974
396 1812
397 855
397 1028
397 1087
397 1111
397 1390
397 1746
397 1955
398 707
398 714
398 955
398 1148
398 1314
398 1344
398 1633
398 1721
399 500
399 708
399 828
399 1511
399 1820
399 1903
400 487
400 650
400 654
400 810
400 824
400 1558
401 668
401 1441
402 421
402 926
402 1243
404 605
404 693
404 922
404 1062
405 1145
405 1195
405 1223
405 1427
405 1523
405 1544
405 1614
405 1727
405 1966
406 953
406 1052
406 1323
407 773
407 959
408 1831
409 518
409 627
409 672
409 851
409 1435
409 1845
410 528
410 1277
410 1828
411 1168
411 1409
411 1570
412 1710
413 501
413 689
413 1247
413 1459
413 1835
414 756
414 888
414 1547
415 608
415 1772
415 1786
415 1946
416 569
416 712
416 1680
417 872
417 1115
418 1040
418 1193
419 643
419 692
419 756
420 657
420 1146
420 1476
420 1709
421 930
421 1363
421 1653
422 888
422 1570
423 1965
424 1288
424 1655
425 428
425 874
425 906
426 851
426 951
426 994
426 1671
427 555
427 695
427 999
427 1556
427 1897
428 680
428 1620
429 551
429 1505
429 1688
429 1714
430 509
430 673
430 682
430 814
430 999
430 1344
430 1556
431 611
431 822
431 1665
432 996
432 1007
432 1684
433 699
433 1208
433 1629
434 1244
434 1378
435 836
435 1531
435 1603
436 676
436 1165
437 1028
437 1531
437 1721
438 1570
439 647
439 729
439 895
439 930
439 984
439 1568
439 1929
440 1261
440 1483
440 1568
441 632
441 1151
441 1734
441 1974
442 785
442 862
442 1203
442 1212
442 1337
442 1717
443 448
443 622
443 1459
444 858
444 1767
444 1808
444 1810
445 667
445 973
445 1055
445 1083
445 1661
445 1726
445 1736
446 978
446 1061
446 1291
446 1761
447 636
447 966
447 1646
447 1870
447 1977
448 593
448 718
448 859
448 1799
448 1949
449 613
449 1812
450 496
450 516
451 672
451 789
451 1257
451 1637
452 455
452 881
452 1923
454 671
454 1173
454 1186
454 1492
455 987
455 1520
456 777
456 1115
456 1308
457 664
457 859
457 1126
457 1517
457 1785
458 527
458 1249
458 1382
458 1553
458 1656
459 1153
459 1504
460 1194
460 1204
460 1675
460 1919
461 532
461 1142
461 1303
461 1372
461 1717
462 938
463 662
463 1268
463 1724
464 1364
464 1489
464 1494
464 1497
464 1508
464 1839
464 1889
464 1895
464 1922
465 524
465 823
465 1424
465 1754
466 1111
466 1570
466 1669
466 1923
467 876
467 1113
467 1625
468 503
468 509
468 1165
468 1198
468 1279
468 1362
468 1795
469 962
469 971
469 1163
469 1362
469 1591
469 1674
469 1887
469 1959
470 1041
470 1395
472 622
472 679
472 686
472 958
472 1589
472 1832
474 1286
474 1490
474 1593
475 481
476 1572
476 1698
477 914
477 1372
478 751
478 1344
478 1401
479 1287
479 1598
480 747
480 928
480 1203
481 1705
482 1532
482 1579
482 1684
483 507
483 1014
483 1697
484 1025
485 568
485 892
485 1260
485 1754
485 1780
486 581
486 660
486 918
486 1564
487 782
487 872
487 977
488 530
488 1814
488 1956
489 847
489 1103
489 1508
489 1973
490 1672
491 772
491 937
493 1648
494 1142
494 1340
494 1632
494 1950
495 868
495 1127
495 1346
495 1440
495 1924
496 785
496 1096
497 1182
497 1287
497 1543
497 1594
498 1119
498 1174
498 1181
498 1210
500 1192
500 1457
500 1780
502 875
502 990
502 1112
502 1535
502 1649
503 904
503 1606
503 1753
504 1322
505 855
505 917
505 1097
505 1179
505 1973
506 1032
506 1064
506 1549
506 1605
506 1771
507 739
507 887
507 1494
507 1786
509 871
509 1062
509 1127
510 820
510 1316
510 1599
510 1742
511 907
511 1861
512 717
512 1459
512 1954
513 740
513 1467
513 1628
514 851
514 1266
514 1575
514 1621
515 637
515 934
516 592
516 918
516 1752
517 1974
518 776
518 1591
518 1611
518 1644
518 1915
519 1042
519 1124
520 783
520 859
520 1765
521 633
521 808
521 1360
522 593
522 1253
522 1944
523 817
523 1400
524 619
524 1379
524 1793
525 558
525 1761
526 1840
527 537
527 1920
528 1188
528 1825
529 884
529 936
529 1448
530 574
530 607
530 1394
531 794
532 952
532 1236
532 1562
533 1029
533 1886
534 869
534 927
535 613
535 851
535 1582
535 1712
536 709
536 1173
537 1743
538 1326
538 1788
539 1553
539 1671
540 1713
541 787
541 1434
541 1959
542 792
542 827
542 968
542 1103
542 1393
542 1775
542 1939
543 633
543 1019
543 1473
543 1944
544 573
544 772
544 813
544 1004
544 1332
544 1428
544 1450
544 1487
544 1850
544 1948
545 1458
547 1367
548 1103
549 909
549 1106
549 1722
550 946
550 1164
550 1307
550 1655
550 1830
550 1846
551 795
551 1297
552 1089
552 1170
552 1189
552 1792
553 947
553 1252
553 1301
553 1391
553 1482
553 1727
554 1208
554 1430
554 1540
554 1860
555 1426
555 1574
557 818
557 1386
558 1016
558 1513
558 1585
558 1983
559 590
559 708
559 928
560 876
561 848
561 1022
562 663
562 1886
563 1031
563 1156
563 1194
563 1861
563 1929
564 933
564 1868
565 680
565 1641
565 1782
566 774
566 1052
567 828
567 1135
567 1261
567 1650
567 1889
568 821
569 793
571 710
571 945
571 1239
571 1347
571 1517
572 1046
572 1242
572 1442
573 1375
573 1949
574 768
574 1674
574 1856
575 677
575 1748
576 1153
576 1376
576 1866
577 768
577 848
577 1053
577 1321
577 1765
578 1186
578 1321
579 582
579 912
579 1474
579 1579
579 1970
580 653
580 1724
581 727
581 1480
581 1760
582 613
582 1260
582 1366
582 1627
583 743
583 1526
583 1732
583 1895
584 955
584 1240
584 1612
585 591
585 694
585 813
585 1381
585 1533
585 1931
586 1374
587 1643
587 1943
588 641
588 962
588 1199
588 1546
588 1805
589 783
589 1161
589 1166
589 1980
590 720
591 605
591 757
591 1632
592 1240
592 1601
592 1712
593 675
593 1011
593 1152
593 1827
594 1112
594 1170
594 1795
595 1293
596 1154
597 1512
598 849
598 893
598 984
598 1245
598 1288
598 1561
599 764
600 664
600 857
600 1041
600 1098
600 1111
600 1647
601 1241
601 1414
602 1646
603 915
603 1445
603 1968
604 1317
604 1427
604 1639
604 1735
605 638
605 806
606 822
606 1178
606 1182
606 1762
606 1898
607 1754
608 736
608 1949
609 643
609 1847
609 1906
610 1056
610 1575
611 1154
611 1729
611 1914
612 1017
612 1073
612 1445
612 1987
613 702
613 1461
614 1010
614 1289
614 1933
615 1589
616 796
616 904
616 1346
616 1777
617 1141
617 1209
617 1300
617 1503
617 1609
618 638
618 822
618 1475
619 664
619 833
619 887
619 898
619 1175
619 1494
620 880
620 1374
620 1612
620 1705
620 1809
621 1192
621 1302
621 1725
621 1872
622 1643
623 636
623 650
623 1184
623 1829
624 1519
624 1632
624 1715
624 1787
624 1814
624 1895
625 970
625 1149
625 1544
625 1895
625 1971
625 1974
626 806
626 1872
627 888
627 1140
627 1904
628 1198
628 1945
629 1154
629 1168
629 1205
629 1368
629 1964
629 1968
630 1100
630 1493
630 1651
631 1195
631 1599
632 1269
632 1348
632 1550
633 1631
634 684
634 778
634 831
634 881
634 918
634 1612
634 1633
635 1322
635 1624
635 1629
636 870
636 1913
638 905
638 1690
638 1867
639 769
639 1811
640 819
640 1420
641 1409
641 1972
642 1097
642 1351
642 1683
643 822
644 793
644 892
645 910
645 1299
645 1644
645 1651
647 680
647 1172
647 1915
648 1367
648 1493
648 1736
648 1871
649 807
649 869
649 1214
649 1478
650 804
650 911
650 956
650 1295
650 1774
651 1143
651 1268
651 1566
651 1893
652 1098
652 1144
652 1160
652 1265
652 1436
653 662
653 1755
654 698
654 734
654 1001
654 1349
655 741
655 1029
655 1111
655 1230
655 1649
655 1940
656 879
656 940
656 1573
657 776
657 935
657 943
657 1213
657 1875
657 1972
658 998
658 1361
658 1454
658 1662
659 736
659 1945
660 1427
660 1522
660 1919
661 693
661 704
661 1019
661 1422
662 819
662 909
662 1177
663 1768
664 853
664 1351
664 1785
665 1098
665 1257
665 1637
666 929
666 1081
666 1308
666 1381
667 714
667 1078
667 1079
667 1559
667 1595
667 1657
668 797
669 1200
670 706
670 1402
671 1840
672 711
672 1089
672 1364
672 1395
672 1439
672 1910
673 1908
674 839
674 1015
674 1500
674 1653
675 772
675 798
675 938
675 1190
675 1257
675 1374
675 1456
676 698
676 827
677 958
677 1254
677 1587
677 1713
677 1746
678 681
678 1317
678 1787
679 895
679 1264
680 1848
681 1176
681 1370
681 1464
681 1696
681 1800
682 700
682 1041
683 1336
683 1399
684 932
684 1034
684 1478
685 867
685 1259
685 1736
687 702
687 899
687 901
687 947
687 1381
688 814
688 1021
688 1785
689 760
690 1578
690 1988
691 857
691 1280
692 1630
693 852
693 951
693 1114
693 1209
693 1477
693 1833
693 1840
695 936
695 1430
696 783
696 835
697 1537
697 1639
698 1253
698 1296
698 1866
699 1045
699 1686
700 1706
700 1922
701 887
701 1679
702 1114
702 1216
702 1404
702 1762
703 796
703 902
704 1828
704 1834
705 1261
705 1273
705 1953
706 1190
706 1533
706 1712
707 1362
707 1618
708 1444
708 1499
708 1887
709 988
709 1075
710 1010
710 1026
710 1276
710 1308
710 1487
710 1719
710 1835
711 782
711 1086
711 1259
711 1603
711 1759
712 810
712 1254
712 1971
713 730
713 838
713 884
713 992
713 1060
713 1198
713 1315
714 739
714 898
715 1817
715 1825
715 1828
715 1954
716 942
716 1090
716 1566
716 1918
717 1118
717 1332
717 1487
717 1539
718 744
718 1224
719 895
719 905
719 1561
719 1938
720 1272
720 1406
720 1568
721 1006
722 726
722 1449
722 1635
722 1857
723 1177
723 1664
723 1962
724 1880
725 860
725 947
725 1540
726 1633
726 1777
728 1433
728 1899
728 1947
729 788
729 797
729 1207
729 1418
729 1927
730 934
730 1585
731 996
732 743
732 1027
732 1272
732 1297
732 1766
733 819
733 1411
733 1467
733 1773
733 1912
734 838
735 755
735 1104
735 1478
736 1032
737 1078
737 1156
737 1736
737 1993
738 1090
738 1630
739 839
739 850
739 1626
739 1652
739 1871
741 860
741 1793
741 1986
742 837
742 1004
742 1097
742 1264
742 1310
742 1888
743 947
743 998
743 1007
743 1156
743 1609
743 1967
744 1370
744 1983
745 1161
746 1549
746 1756
747 1052
747 1306
747 1588
747 1606
748 1225
748 1337
748 1742
749 1783
749 1968
750 1752
751 1288
751 1455
751 1896
752 883
752 1131
753 779
753 1577
754 1533
754 1615
754 1933
755 1460
755 1808
756 820
756 1100
756 1826
757 1038
757 1190
759 1429
759 1821
759 1982
760 864
760 1086
760 1778
760 1857
761 1690
762 1071
762 1570
763 1108
763 1448
763 1704
764 859
764 1478
764 1497
765 1032
765 1336
765 1349
765 1353
765 1525
766 848
766 869
766 1352
766 1710
766 1953
767 795
767 1192
767 1724
769 1144
769 1586
769 1692
769 1723
770 834
770 850
770 1512
771 1343
771 1688
772 1620
772 1923
773 1143
773 1404
773 1483
773 1696
773 1807
774 896
774 1346
774 1485
774 1611
775 1821
775 1915
776 1778
776 1963
777 1085
777 1383
777 1849
778 808
778 1244
778 1433
778 1521
778 1902
779 873
779 1581
779 1965
780 988
781 1278
781 1430
781 1652
782 1388
783 957
783 1974
784 1764
784 1827
785 1210
785 1462
785 1501
785 1783
785 1874
786 1022
786 1624
786 1715
787 1524
787 1851
787 1968
788 976
788 1115
788 1120
788 1178
788 1410
788 1879
789 1329
790 1020
791 968
791 1738
792 1016
792 1336
793 1295
793 1389
794 950
794 1143
794 1713
794 1788
794 1821
794 1876
794 1995
795 886
795 1841
796 1141
796 1534
796 1750
796 1778
797 1035
797 1404
797 1595
798 956
798 981
798 1088
798 1445
800 1329
800 1415
801 1294
801 1477
802 1407
803 865
803 869
803 1707
803 1752
803 1755
804 1820
806 1243
806 1609
807 864
809 890
809 1429
809 1638
810 996
810 1061
810 1069
810 1932
812 1397
813 1085
813 1269
813 1270
813 1470
813 1764
813 1902
814 1197
814 1256
816 1472
816 1837
817 1258
817 1927
818 887
818 1788
818 1856
818 1877
819 1720
822 903
822 941
822 1250
822 1538
824 985
825 937
825 976
826 1165
826 1627
826 1922
827 1343
827 1759
828 1082
828 1801
829 1239
829 1560
829 1821
829 1863
830 833
830 1327
830 1893
831 1087
831 1946
833 1789
834 1159
835 1808
836 1056
836 1296
836 1551
836 1821
837 1234
837 1354
837 1362
837 1781
838 1358
839 1143
839 1997
840 1002
840 1739
841 1189
842 1229
842 1377
842 1532
843 1154
843 1938
844 1291
844 1347
844 1935
845 1106
845 1300
845 1462
845 1580
845 1601
845 1610
846 902
846 1066
846 1204
846 1427
846 1455
846 1654
846 1893
847 1444
847 1627
849 1219
849 1676
849 1706
850 1804
850 1970
851 1060
851 1329
851 1447
851 1761
851 1902
852 1253
853 1706
854 1095
854 1143
854 1245
854 1598
854 1776
855 1079
855 1693
856 948
856 1947
857 1294
858 1229
858 1449
858 1639
860 888
860 1150
860 1188
860 1666
860 1864
861 1584
861 1738
861 1961
862 1816
864 905
864 928
864 1358
866 1127
866 1734
866 1825
867 950
867 1208
867 1921
868 1726
868 1859
869 1428
870 1730
871 1468
871 1836
872 1521
872 1546
872 1616
873 1047
873 1433
873 1470
873 1490
873 1672
874 1965
875 942
875 1437
875 1898
876 923
876 1001
876 1033
876 1085
876 1146
876 1510
876 1793
877 1360
877 1531
877 1604
877 1836
878 904
878 1899
879 1738
880 1191
880 1325
881 1287
882 1428
882 1926
883 1529
883 1912
884 1135
884 1408
884 1926
885 1152
885 1256
885 1633
885 1780
886 1144
886 1886
887 1041
887 1724
887 1742
888 1214
890 1335
890 1481
890 1597
890 1866
891 1731
892 1382
893 1012
894 1455
894 1984
895 1193
896 1634
896 1953
897 1080
897 1356
897 1491
898 1220
899 1746
900 1134
900 1981
901 1005
901 1098
901 1866
902 987
903 1725
904 1164
905 1092
905 1808
906 912
906 1064
907 1046
907 1886
907 1966
908 1390
909 1900
910 967
910 1467
910 1898
911 1248
911 1791
911 1796
911 1870
912 1313
912 1345
912 1462
913 1351
914 1325
914 1373
914 1707
915 1261
915 1770
915 1974
916 1165
916 1511
916 1651
917 1390
917 1640
917 1759
918 1021
918 1200
918 1390
918 1963
919 1211
919 1246
919 1288
920 1925
921 1112
921 1405
921 1598
922 997
922 1076
922 1179
923 1351
923 1669
923 1868
924 991
924 1433
924 1578
924 1609
925 1443
925 1894
926 1482
926 1695
926 1921
927 1742
927 1873
928 1524
928 1570
928 1699
928 1909
929 1047
929 1244
929 1453
929 1471
929 1513
930 1605
930 1789
930 1798
931 1473
931 1790
931 1976
932 1328
932 1857
933 1142
934 1056
934 1121
934 1249
934 1318
934 1587
935 1514
935 1650
936 1961
937 942
937 1606
938 1366
938 1956
939 1774
940 961
940 1212
940 1636
941 975
941 1078
941 1641
942 1242
942 1381
942 1565
942 1821
942 1828
942 1843
943 1249
943 1269
943 1437
944 1742
944 1915
945 1052
946 1640
946 1800
946 1881
947 1415
948 1612
948 1924
950 1025
950 1191
950 1995
951 965
951 1193
951 1276
951 1417
952 1002
952 1105
953 1516
953 1728
954 965
954 1301
954 1957
955 1139
955 1195
955 1772
957 1018
957 1098
957 1855
958 1165
959 1523
961 1062
962 1045
962 1412
962 1953
963 1042
964 1364
964 1938
964 1972
965 1137
965 1738
966 1446
968 1231
968 1820
968 1973
969 1130
969 1223
969 1311
969 1855
970 1454
970 1529
970 1829
971 1454
971 1962
972 1237
973 1711
974 990
974 1316
974 1363
974 1633
974 1728
974 1832
974 1846
975 1495
977 1208
978 1616
979 1865
981 1314
981 1403
981 1628
981 1688
981 1871
981 1962
982 1643
982 1706
985 1811
986 1583
987 1543
989 1383
989 1582
989 1889
990 1434
991 1284
992 1165
992 1793
992 1928
993 1037
993 1159
994 1231
997 1879
998 1502
999 1004
999 1030
1000 1585
1001 1685
1001 1700
1002 1778
1003 1160
1003 1555
1003 1900
1004 1455
1004 1578
1004 1624
1005 1548
1005 1693
1006 1151
1006 1353
1006 1874
1006 1958
1009 1053
1009 1513
1010 1053
1010 1988
1011 1068
1011 1236
1011 1619
1013 1231
1013 1719
1015 1326
1015 1586
1015 1738
1017 1027
1017 1331
1017 1540
1018 1134
1018 1420
1018 1438
1018 1961
1019 1043
1019 1962
1020 1455
1020 1684
1020 1779
1021 1492
1021 1597
1022 1639
1022 1967
1023 1123
1023 1221
1023 1504
1023 1857
1024 1516
1026 1843
1027 1038
1027 1091
1027 1517
1028 1110
1028 1476
1029 1100
1029 1546
1029 1601
1030 1879
1031 1265
1031 1464
1032 1142
1033 1328
1035 1621
1037 1108
1037 1912
1037 1960
1038 1927
1038 1971
1040 1480
1041 1991
1042 1130
1042 1598
1042 1703
1042 1833
1043 1798
1045 1234
1045 1354
1045 1713
1046 1339
1046 1431
1046 1715
1046 1851
1047 1346
1047 1600
1048 1443
1049 1113
1049 1121
1050 1407
1050 1700
1051 1237
1051 1724
1051 1743
1053 1126
1053 1561
1053 1814
1053 1905
1054 1073
1054 1093
1054 1876
1054 1881
1054 1888
1056 1428
1056 1486
1057 1700
1057 1779
1058 1180
1058 1331
1058 1756
1058 1806
1059 1559
1059 1594
1060 1152
1061 1593
1061 1701
1062 1707
1063 1792
1063 1833
1063 1958
1064 1780
1065 1408
1066 1336
1066 1627
1066 1877
1067 1213
1067 1418
1068 1095
1068 1153
1068 1731
1069 1322
1069 1635
1069 1903
1070 1073
1070 1290
1071 1556
1071 1977
1072 1324
1072 1779
1073 1274
1073 1290
1073 1334
1073 1678
1074 1475
1074 1480
1075 1163
1075 1479
1076 1403
1076 1765
1076 1879
1077 1549
1077 1607
1077 1895
1078 1226
1078 1663
1079 1205
1079 1512
1079 1526
1080 1982
1082 1753
1085 1890
1086 1663
1087 1457
1088 1261
1088 1486
1089 1736
1090 1091
1090 1403
1090 1591
1091 1805
1091 1904
1092 1306
1093 1731
1094 1331
1094 1466
1094 1769
1097 1829
1101 1405
1101 1656
1101 1867
1101 1960
1102 1476
1103 1567
1103 1576
1103 1591
1104 1198
1104 1635
1105 1996
1107 1158
1107 1688
1108 1179
1108 1859
1108 1873
1109 1552
1109 1855
1111 1731
1112 1176
1112 1585
1113 1613
1114 1366
1114 1975
1115 1923
1117 1364
1117 1557
1117 1922
1118 1700
1118 1788
1119 1177
1119 1773
1119 1853
1120 1241
1120 1294
1120 1471
1121 1138
1121 1652
1122 1194
1122 1747
1124 1285
1125 1295
1125 1300
1125 1887
1126 1265
1126 1501
1126 1739
1128 1789
1129 1385
1129 1536
1129 1636
1130 1603
1131 1799
1132 1388
1133 1358
1133 1612
1134 1215
1134 1887
1135 1150
1135 1985
1137 1590
1137 1772
1138 1585
1138 1706
1139 1329
1139 1907
1140 1387
1140 1696
1141 1545
1141 1933
1142 1399
1142 1791
1142 1847
1142 1901
1143 1260
1143 1443
1144 1770
1144 1827
1145 1256
1145 1340
1145 1613
1146 1163
1146 1359
1146 1816
1146 1923
1147 1695
1148 1426
1149 1773
1150 1558
1151 1321
1151 1885
1152 1281
1152 1434
1153 1392
1153 1841
1154 1957
1154 1970
1156 1231
1156 1905
1157 1243
1157 1530
1157 1896
1158 1406
1159 1360
1159 1903
1160 1235
1160 1633
1160 1854
1161 1390
1161 1663
1161 1756
1162 1425
1162 1701
1163 1166
1163 1561
1165 1770
1166 1952
1167 1294
1168 1336
1170 1303
1171 1918
1172 1197
1173 1293
1176 1404
1176 1890
1178 1233
1178 1300
1180 1497
1181 1446
1181 1941
1182 1359
1182 1502
1182 1599
1182 1773
1184 1444
1184 1616
1185 1858
1187 1841
1187 1845
1187 1962
1188 1477
1189 1238
1190 1355
1190 1442
1190 1806
1191 1315
1192 1222
1192 1370
1194 1726
1194 1794
1194 1857
1195 1421
1195 1495
1195 1767
1196 1447
1197 1732
1197 1774
1197 1961
1198 1513
1198 1830
1199 1461
1200 1519
1200 1640
1201 1274
1202 1453
1202 1518
1202 1990
1203 1759
1205 1455
1205 1848
1206 1641
1207 1487
1209 1629
1209 1681
1210 1770
1211 1228
1211 1685
1212 1938
1214 1353
1216 1266
1216 1371
1216 1498
1216 1922
1216 1937
1217 1260
1217 1309
1217 1487
1217 1531
1218 1813
1220 1463
1222 1299
1222 1516
1222 1533
1222 1698
1222 1774
1223 1667
1224 1666
1225 1446
1226 1381
1229 1645
1232 1386
1232 1479
1233 1373
1233 1804
1234 1378
1235 1636
1235 1754
1235 1979
1236 1840
1236 1864
1237 1355
1238 1431
1238 1819
1239 1910
1240 1777
1241 1803
1242 1272
1242 1314
1242 1439
1243 1523
1243 1703
1244 1251
1246 1934
1247 1574
1247 1676
1248 1369
1248 1762
1249 1596
1250 1568
1251 1307
1251 1385
1251 1514
1251 1651
1253 1353
1253 1448
1253 1904
1254 1698
1254 1794
1256 1503
1256 1590
1256 1676
1257 1777
1258 1569
1259 1650
1259 1913
1260 1980
1261 1848
1261 1989
1262 1672
1262 1948
1263 1546
1263 1907
1264 1440
1264 1769
1265 1366
1265 1398
1265 1647
1265 1819
1266 1985
1267 1347
1267 1540
1268 1896
1269 1316
1269 1355
1269 1786
1270 1415
1271 1351
1272 1866
1273 1364
1273 1502
1274 1312
1276 1524
1276 1891
1277 1952
1277 1974
1279 1444
1279 1597
1279 1982
1281 1443
1281 1490
1282 1694
1283 1768
1284 1313
1284 1437
1284 1632
1285 1460
1285 1720
1287 1933
1287 1950
1289 1392
1290 1524
1291 1468
1291 1951
1292 1319
1292 1895
1293 1395
1294 1830
1295 1663
1295 1948
1296 1372
1296 1734
1296 1757
1296 1905
1297 1300
1298 1379
1298 1923
1298 1938
1300 1386
1301 1448
1301 1773
1302 1665
1302 1837
1304 1465
1304 1532
1304 1822
1305 1593
1305 1618
1305 1902
1306 1372
1306 1954
1307 1397
1307 1771
1309 1441
1309 1985
1311 1330
1311 1449
1311 1686
1313 1536
1315 1530
1315 1755
1315 1827
1316 1724
1318 1524
1318 1675
1319 1549
1320 1878
1321 1507
1325 1804
1326 1591
1326 1980
1327 1401
1327 1636
1328 1410
1328 1733
1328 1742
1328 1894
1329 1559
1329 1571
1329 1885
1331 1657
1332 1485
1332 1709
1333 1458
1333 1636
1334 1345
1334 1962
1337 1646
1338 1743
1339 1610
1340 1731
1340 1892
1341 1590
1341 1986
1342 1791
1342 1927
1343 1656
1343 1913
1345 1554
1345 1748
1345 1935
1346 1438
1347 1446
1347 1956
1348 1660
1348 1816
1348 1908
1349 1547
1349 1963
1350 1909
1351 1504
1353 1738
1353 1876
1353 1947
1354 1580
1354 1906
1355 1617
1356 1558
1356 1823
1356 1873
1356 1950
1357 1706
1357 1933
1357 1946
1358 1536
1358 1873
1359 1698
1359 1949
1360 1437
1360 1499
1361 1827
1363 1531
1363 1575
1364 1727
1364 1910
1365 1932
1366 1471
1367 1715
1367 1890
1369 1934
1370 1469
1371 1507
1371 1775
1372 1657
1372 1685
1374 1697
1374 1827
1375 1520
1376 1732
1376 1785
1376 1996
1378 1506
1379 1474
1379 1667
1380 1693
1380 1801
1381 1971
1384 1914
1385 1502
1385 1565
1385 1779
1388 1518
1389 1941
1391 1498
1392 1731
1392 1744
1393 1534
1395 1599
1395 1826
1397 1625
1399 1404
1399 1828
1400 1550
1400 1854
1401 1476
1402 1666
1402 1921
1402 1981
1403 1542
1403 1783
1404 1491
1404 1994
1405 1633
1405 1812
1405 1857
1406 1572
1406 1649
1406 1787
1409 1726
1409 1947
1409 1990
1410 1712
1410 1803
1413 1853
1414 1912
1414 1998
1415 1586
1416 1453
1416 1595
1416 1844
1417 1790
1418 1440
1419 1455
1419 1721
1419 1913
1421 1479
1421 1509
1421 1544
1421 1945
1429 1633
1429 1637
1429 1739
1430 1829
1430 1889
1430 1897
1430 1959
1432 1763
1432 1903
1433 1890
1436 1750
1436 1771
1436 1890
1436 1921
1438 1795
1439 1515
1441 1450
1441 1583
1441 1723
1444 1608
1444 1752
1445 1629
1447 1778
1448 1634
1448 1713
1449 1656
1449 1961
1451 1496
1451 1645
1451 1807
1451 1831
1452 1738
1454 1930
1457 1591
1457 1804
1457 1898
1458 1720
1460 1752
1461 1768
1461 1794
1461 1820
1462 1774
1462 1850
1463 1764
1464 1546
1464 1675
1465 1685
1465 1825
1465 1859
1465 1895
1466 1769
1466 1864
1467 1697
1468 1710
1468 1816
1468 1919
1470 1662
1470 1819
1470 1981
1473 1761
1473 1872
1473 1992
1477 1572
1477 1685
1483 1493
1483 1692
1483 1755
1483 1820
1483 1986
1486 1534
1486 1674
1486 1678
1488 1679
1489 1558
1490 1518
1490 1785
1492 1548
1492 1550
1492 1839
1493 1684
1494 1507
1495 1693
1496 1695
1498 1849
1500 1892
1504 1572
1508 1642
1509 1683
1510 1552
1511 1640
1512 1662
1512 1780
1513 1669
1513 1736
1514 1710
1517 1692
1517 1822
1519 1655
1524 1566
1524 1986
1526 1632
1528 1889
1529 1722
1530 1876
1531 1771
1531 1877
1533 1772
1533 1972
1535 1853
1536 1776
1537 1559
1537 1893
1537 1992
1539 1784
1540 1895
1541 1786
1542 1919
1543 1845
1544 1786
1547 1620
1547 1740
1547 1756
1547 1816
1547 1920
1549 1871
1549 1874
1549 1897
1550 1785
1550 1907
1551 1990
1553 1720
1553 1910
1555 1762
1555 1986
1556 1700
1557 1767
1558 1582
1558 1790
1558 1791
1558 1819
1559 1960
1561 1797
1562 1819
1562 1999
1563 1746
1564 1637
1567 1821
1568 1663
1571 1620
1572 1801
1572 1806
1572 1939
1573 1657
1575 1856
1577 1868
1579 1963
1581 1780
1582 1668
1583 1823
1583 1915
1585 1998
1587 1995
1589 1708
1589 1784
1590 1716
1590 1732
1590 1801
1593 1706
1593 1750
1593 1849
1594 1697
1595 1638
1595 1746
1596 1705
1596 1877
1599 1772
1601 1982
1603 1708
1603 1768
1605 1705
1605 1785
1606 1609
1607 1668
1608 1715
1608 1870
1608 1887
1609 1999
1610 1645
1610 1726
1613 1622
1614 1716
1615 1731
1616 1743
1620 1658
1620 1787
1620 1896
1620 1941
1621 1866
1622 1950
1623 1870
1624 1664
1624 1907
1625 1666
1626 1726
1628 1917
1632 1655
1632 1703
1632 1767
1634 1729
1635 1728
1637 1952
1638 1861
1639 1783
1640 1725
1641 1645
1641 1780
1641 1781
1643 1966
1644 1683
1645 1832
1646 1749
1647 1648
1650 1948
1654 1893
1655 1749
1663 1875
1664 1779
1664 1847
1665 1679
1665 1798
1667 1698
1671 1883
1673 1736
1674 1796
1676 1772
1678 1965
1681 1800
1681 1882
1682 1884
1688 1835
1688 1920
1688 1940
1690 1806
1692 1699
1693 1914
1697 1825
1700 1761
1700 1972
1702 1873
1704 1727
1705 1743
1705 1879
1706 1854
1707 1793
1708 1817
1709 1832
1714 1959
1716 1858
1720 1928
1722 1785
1724 1786
1726 1934
1729 1859
1730 1746
1733 1834
1734 1857
1735 1908
1737 1953
1738 1799
1738 1880
1739 1835
1739 1849
1739 1956
1741 1882
1741 1896
1742 1801
1743 1859
1747 1831
1752 1800
1753 1785
1754 1898
1754 1991
1756 2000
1757 1999
1760 1901
1760 1936
1761 1823
1767 1927
1768 1805
1768 1931
1769 1815
1772 1865
1775 1989
1778 1790
1782 1837
1783 1825
1785 1817
1787 1940
1799 1893
1799 1976
1800 1888
1802 1901
1803 1933
1807 1808
1808 1936
1809 1860
1809 1954
1810 1842
1811 1853
1812 1885
1813 1875
1816 2000
1818 1966
1818 1977
1819 1973
1826 1878
1829 1903
1833 1998
1834 1855
1834 1941
1835 1885
1839 1875
1842 1949
1843 1912
1846 1951
1847 1910
1848 1938
1857 1916
1860 1908
1863 1976
1866 1963
1866 1969
1871 1967
1876 1979
1876 1994
1878 1916
1883 1987
1887 1921
1906 1955
1909 1988
1910 1966
1926 1978
1934 1987
1945 1999
1981 1994