2000
1 1057
1 1098
1 1221
1 1826
2 495
2 525
2 795
2 991
2 1291
2 1334
2 1354
2 1529
2 1578
2 1854
2 1884
2 1968
3 1138
3 1204
3 1548
3 1666
3 1782
4 113
4 128
4 285
4 295
4 303
4 895
4 990
4 1200
4 1292
4 1331
4 1479
4 1961
5 13
5 60
5 335
5 411
5 847
5 1120
5 1855
6 699
6 701
6 907
6 1188
6 1407
6 1557
6 1675
6 1894
6 1962
7 26
7 50
7 148
7 154
7 320
7 563
7 670
7 694
7 913
7 1228
7 1327
7 1480
8 251
8 749
8 789
8 989
8 1511
8 1864
8 1978
9 522
9 532
9 709
9 1172
9 1874
9 1935
10 562
10 593
10 988
10 1077
10 1840
11 144
11 289
11 624
11 1066
11 1081
11 1907
12 167
12 899
12 954
13 85
13 338
13 388
13 727
13 936
13 1270
13 1703
13 1732
13 1939
13 1943
13 1965
14 284
14 400
14 1022
14 1381
14 1471
14 1648
14 1741
14 1749
15 47
15 1171
15 1850
16 637
16 828
16 1473
16 1542
16 1946
17 52
17 161
17 655
17 673
17 855
17 1039
17 1071
17 1119
17 1808
17 1952
18 447
18 1626
18 1737
19 213
19 731
19 1109
19 1543
19 1586
19 1804
19 1897
20 147
20 454
20 811
20 1029
20 1048
20 1070
21 521
21 612
21 699
21 732
21 734
21 944
21 1198
21 1423
21 1961
22 190
22 444
22 600
22 850
22 1646
23 253
23 639
23 642
23 739
23 798
23 853
23 913
23 947
23 1199
23 1671
23 1876
24 46
24 300
24 313
24 979
24 1038
24 1571
24 1661
25 337
25 418
25 598
25 1178
25 1252
26 201
26 663
26 753
26 1331
26 1716
26 1752
27 251
27 305
27 401
27 430
27 540
27 624
27 710
27 741
27 926
27 957
27 1778
28 648
28 682
28 900
28 1169
28 1191
28 1586
28 1768
28 1802
29 275
29 1337
29 1486
29 1564
30 203
30 206
30 487
30 707
30 1696
31 637
31 973
31 1459
31 1511
31 1918
31 1964
32 216
32 423
32 712
32 1292
33 154
33 227
33 410
33 588
33 1178
33 1973
34 305
34 418
34 609
34 630
34 1023
34 1101
34 1869
35 67
35 318
35 1930
36 93
36 702
37 308
37 642
37 1102
37 1230
37 1427
37 1622
37 1782
37 1795
37 1820
38 219
38 1027
38 1469
38 1508
38 1799
39 464
39 557
39 691
39 845
39 1663
39 1691
40 1214
40 1289
40 1886
41 766
41 899
41 1200
41 1325
41 1444
42 234
42 576
42 861
42 1116
42 1552
43 67
43 92
43 192
43 329
43 489
44 114
44 265
44 668
44 825
44 871
44 884
44 1058
44 1537
45 76
45 78
45 403
45 926
45 1103
45 1176
45 1748
46 118
46 638
46 1041
46 1670
46 1903
47 161
47 193
47 949
47 1261
47 1361
47 1705
48 231
48 1078
48 1389
48 1693
48 1718
48 1911
48 1961
49 949
49 1197
49 1459
49 1484
49 1846
50 132
50 231
50 815
50 973
50 1023
51 334
51 793
51 1499
51 1545
51 1567
51 1941
52 124
52 965
52 1620
53 382
53 383
53 723
53 848
53 1005
53 1343
53 1445
53 1769
54 157
54 381
54 428
54 730
54 1296
55 480
55 828
56 266
56 861
56 1016
56 1067
56 1364
56 1366
56 1525
56 1593
56 1847
56 1859
57 504
57 527
57 612
57 662
57 724
57 787
58 1006
58 1236
58 1322
58 1391
58 1484
59 450
59 663
59 1194
59 1390
59 1639
59 1828
60 67
60 1079
60 1886
61 1204
61 1500
61 1650
62 247
62 440
62 450
62 508
62 1098
62 1110
62 1263
62 1268
62 1917
62 1935
62 1967
63 405
63 599
63 766
63 857
63 873
63 906
63 916
63 1671
63 1691
64 661
64 1258
64 1407
64 1588
64 1684
64 1747
64 1788
64 1880
65 365
65 1838
66 131
66 521
66 1755
66 1763
67 481
67 854
67 973
67 1049
67 1413
67 1583
67 1779
67 1892
68 249
68 250
68 535
68 557
68 1602
68 1654
68 1908
69 498
69 1051
69 1263
69 1380
69 1464
69 1520
69 1787
69 1793
69 2000
70 158
70 699
70 881
70 1575
70 1695
71 175
71 312
71 981
71 1305
71 1629
71 1660
72 313
72 641
72 1004
72 1381
72 1786
72 1832
72 1848
73 321
73 865
73 1564
73 1797
74 700
74 784
74 1039
74 1702
74 1843
74 1908
74 1978
74 1998
75 390
75 832
75 857
75 1153
75 1169
75 1172
76 717
76 1000
76 1162
76 1670
76 1961
77 630
77 753
77 1510
78 183
78 263
78 731
78 742
79 231
79 1211
79 1381
79 1410
80 402
80 573
80 733
80 1128
80 1947
80 1955
80 1970
81 732
81 1611
81 1685
81 1926
81 1981
82 86
82 820
82 1078
82 1303
82 1440
82 1612
82 1992
83 311
83 714
83 890
83 1336
83 1927
84 203
84 480
84 602
84 612
84 916
84 1076
84 1487
84 1642
85 145
85 709
85 826
86 515
86 590
86 977
86 1179
86 1270
87 118
87 675
87 1901
88 256
88 344
88 776
88 805
88 823
88 1436
89 986
89 1040
89 1060
89 1509
89 1572
90 392
90 482
90 879
90 1290
90 1725
90 1887
91 479
91 1146
91 1177
91 1622
92 373
92 863
92 1973
93 442
93 1195
93 1289
93 1525
93 1746
94 524
94 680
94 733
94 833
94 854
95 720
95 989
95 1682
96 1185
96 1371
96 1517
97 435
97 1004
97 1196
98 270
98 385
98 887
98 1089
98 1210
98 1558
98 1748
98 1822
99 127
99 497
99 1139
99 1170
99 1726
100 260
100 321
100 490
100 1047
100 1170
100 1727
100 1816
101 121
101 358
101 1548
101 1723
101 1789
102 632
102 863
102 1317
102 1495
102 1816
102 1871
102 1925
102 1938
102 1970
103 109
103 624
103 1074
103 1174
103 1284
103 1603
103 1728
103 1959
104 284
104 301
104 347
105 223
105 872
105 1477
106 281
106 978
106 1245
106 1446
106 1482
107 292
107 347
107 768
107 824
107 1268
107 1742
107 1783
108 574
108 793
108 1421
109 213
109 279
109 411
109 858
109 1308
109 1353
109 1540
109 1567
109 1697
110 279
110 361
110 373
110 544
110 633
110 987
110 1203
111 1051
111 1877
112 376
112 404
112 655
112 890
113 433
113 741
113 1185
113 1325
113 1352
113 1741
114 257
114 810
114 1069
114 1862
114 1903
114 1951
115 225
115 699
115 967
115 1271
115 1290
115 1581
116 444
116 617
116 1270
117 303
117 969
117 1123
117 1258
117 1603
117 1805
117 1901
117 1992
118 278
118 502
118 543
118 930
118 1182
118 1330
118 1717
119 627
119 698
119 1131
119 1572
119 1950
120 463
120 1365
120 1528
121 190
121 386
121 1262
121 1798
122 170
122 433
122 819
122 1060
122 1146
122 1158
122 1459
122 1640
122 1678
123 264
123 460
123 780
123 1484
123 1607
123 1660
123 1998
124 168
124 397
124 879
124 1035
124 1041
124 1143
124 1529
124 1776
125 390
125 858
125 959
125 1270
125 1675
126 267
126 500
126 1424
126 1534
127 193
127 285
127 372
127 1026
127 1064
127 1197
127 1202
127 1749
128 248
128 426
128 510
128 649
128 1085
128 1675
129 645
129 1616
129 1723
129 1845
130 449
130 578
130 878
130 1149
130 1258
130 1641
130 1696
130 1989
131 378
131 587
131 911
131 1416
131 1456
131 1668
132 709
132 791
132 852
132 989
132 1229
132 1439
132 1474
133 563
133 648
133 886
133 1670
133 1689
133 1709
134 801
134 1261
134 1491
134 1540
135 1283
135 1644
135 1703
135 1898
136 241
136 389
136 640
136 1094
136 1267
136 1566
137 206
137 337
137 771
137 1312
137 1320
138 280
138 780
138 1180
138 1261
138 1604
139 697
139 1512
140 906
140 1271
141 182
141 1034
141 1139
141 1915
141 1963
142 800
142 1239
142 1464
142 1682
143 940
143 1386
143 1575
143 1792
144 303
144 428
144 672
144 817
145 663
145 1328
145 1420
145 1433
146 292
146 498
146 625
146 829
146 906
146 1616
146 1766
147 519
147 591
147 1014
147 1475
148 949
148 1043
148 1175
148 1323
148 1489
148 1552
149 576
149 650
149 741
149 1140
149 1348
149 1370
149 1428
149 1816
149 1858
150 469
150 1049
150 1072
150 1106
150 1130
150 1892
151 365
151 716
151 717
151 758
151 891
151 1212
151 1267
151 1729
152 588
152 962
153 514
153 1001
153 1426
154 564
154 1033
154 1430
154 1655
155 280
155 789
155 1017
155 1288
155 1473
155 1622
155 1784
156 248
156 1559
156 1913
156 1937
157 506
157 1050
157 1588
158 190
158 342
158 374
158 572
158 695
158 699
158 1061
158 1231
158 1268
158 1413
158 1824
158 1889
159 899
159 1474
159 1621
159 1868
159 1950
160 323
160 657
160 953
160 1051
160 1235
160 1646
160 1970
161 192
161 237
161 887
161 1282
161 1646
161 1763
162 379
162 459
162 757
162 966
162 1100
162 1245
162 1589
162 1787
162 1789
163 345
163 382
163 482
163 544
163 606
163 663
163 729
163 765
163 1535
164 168
164 502
164 575
164 1549
165 753
165 1219
165 1585
165 1687
165 1844
166 272
166 450
166 700
166 815
166 1437
166 1603
166 1628
166 1786
167 543
167 580
167 812
167 855
167 1075
167 1278
167 1785
167 1950
168 571
168 683
168 739
168 1006
168 1154
168 1336
168 1504
168 1700
168 1896
169 484
169 867
169 1239
170 274
170 296
170 372
170 825
170 1026
170 1088
170 1153
170 1181
170 1289
170 1315
170 1813
170 1942
171 210
171 294
171 425
171 1390
171 1728
171 1748
172 178
172 411
172 454
172 468
172 508
172 723
172 858
172 1331
172 1410
172 1944
173 237
173 371
173 575
173 639
173 1709
173 1846
173 1906
174 436
174 626
174 1364
174 1427
174 1810
174 1843
175 224
175 458
175 1023
175 1277
175 1830
176 224
176 233
176 454
176 675
176 913
176 1075
176 1207
176 1705
176 1900
177 315
177 1463
178 381
178 697
178 871
178 1246
178 1917
179 315
179 997
179 1649
179 1783
181 381
181 1274
181 1994
182 255
182 308
182 990
182 1373
182 1973
183 872
183 1366
184 235
184 879
184 975
184 1238
184 1304
184 1797
185 272
185 529
185 543
185 1825
186 276
186 400
186 1396
186 1497
186 1581
186 1930
187 605
187 889
187 1225
187 1515
187 1888
188 432
188 459
188 736
188 1220
188 1720
189 744
189 959
189 1470
189 1600
189 1917
190 478
190 833
190 1307
190 1557
190 1612
191 806
191 985
191 1011
191 1284
191 1514
192 384
192 467
192 473
192 554
192 581
192 853
192 1275
192 1431
192 1483
193 219
193 333
193 1215
193 1493
193 1548
194 1294
194 1881
194 1995
195 364
195 720
195 1100
195 1532
195 1673
196 272
196 289
196 478
196 540
196 1773
197 275
197 397
197 618
197 758
197 833
197 874
197 1322
197 1569
198 253
198 1068
198 1671
198 1948
199 402
199 763
199 1576
199 1616
199 1899
199 1944
200 476
200 680
200 1035
200 1281
200 1444
200 1541
200 1627
200 1876
201 881
201 1214
201 1391
202 360
202 600
202 945
202 1019
202 1080
203 415
203 1568
203 1704
204 824
204 1732
205 436
205 747
205 903
205 1385
205 1709
206 589
206 1774
206 1820
207 486
207 979
207 1417
208 218
208 430
208 520
208 847
208 903
208 1119
208 1437
209 429
209 743
209 1027
209 1095
209 1421
209 1747
209 1788
210 520
210 578
210 918
210 1398
210 1699
211 1289
211 1493
212 781
212 1000
212 1362
212 1605
212 1867
213 958
213 1341
214 247
214 315
214 515
214 701
214 1298
214 1732
215 356
215 771
215 904
215 1304
215 1315
215 1649
215 1892
216 1055
216 1293
216 1516
216 1553
216 1660
216 1665
216 1748
216 1885
217 370
217 873
217 912
217 1238
217 1683
217 1785
217 1950
218 640
218 1192
218 1236
218 1397
218 1984
219 1204
219 1230
219 1760
221 231
221 305
221 353
221 722
221 1237
221 1260
221 1844
222 538
222 544
222 913
222 990
222 1887
222 1938
223 407
223 861
223 1305
223 1386
223 1716
224 245
224 364
224 370
224 1348
224 1841
224 1908
225 236
225 331
225 526
225 725
225 908
225 1296
225 1996
226 655
226 782
226 1045
226 1544
226 1602
226 1835
227 441
227 1208
228 381
228 615
228 930
228 949
229 414
229 967
229 1208
229 1606
229 1728
230 652
230 678
230 954
230 963
230 1033
230 1977
231 555
231 633
231 1111
231 1269
231 1836
232 344
232 910
232 950
232 1198
232 1509
232 1705
233 246
233 368
233 379
233 515
233 887
233 1097
233 1398
233 1404
234 649
234 847
234 1011
234 1106
234 1176
234 1500
235 326
235 616
235 632
235 828
235 1076
235 1433
235 1658
236 346
236 647
236 904
236 1038
236 1510
236 1668
237 588
237 1104
238 617
238 644
238 963
238 1363
238 1534
239 376
239 415
239 884
239 1360
239 1953
240 1214
241 417
241 465
241 478
241 1122
241 1349
241 1597
241 1713
242 338
242 587
242 1324
242 1897
243 553
243 1553
243 1666
244 1167
244 1281
244 1561
244 1917
245 877
245 1065
245 1667
245 1872
245 1974
246 289
246 611
246 821
246 842
246 1824
247 614
247 820
247 844
247 1404
247 1480
247 1612
247 1859
248 361
248 399
248 1110
248 1320
248 1649
249 667
249 1297
249 1811
249 1982
250 1319
250 1385
251 556
251 558
251 1958
252 306
252 1416
253 430
253 518
253 666
253 856
253 1435
254 729
254 813
254 1113
254 1416
254 1772
255 392
255 693
255 847
255 884
255 1817
255 1994
256 754
256 958
256 1343
256 1654
256 1853
257 326
257 889
257 916
257 1292
257 1332
257 1457
257 1569
257 1696
258 893
258 1453
258 1696
259 442
259 775
259 1480
260 1055
260 1208
260 1434
261 393
261 622
261 928
261 1299
261 1612
262 1282
262 1409
262 1675
262 1683
263 352
263 759
263 777
263 1077
263 1500
263 1542
263 1658
263 1958
264 499
264 760
264 1497
264 1996
265 760
265 1036
265 1465
265 1810
266 384
266 543
266 769
266 1115
266 1840
266 1986
267 378
267 760
267 1620
267 1644
267 1701
267 1909
268 839
268 1322
269 1007
269 1248
269 1641
269 1643
269 1956
270 356
270 1038
270 1208
270 1589
270 1952
271 495
271 1099
271 1657
271 1880
272 431
272 583
272 738
273 479
273 816
273 1002
273 1038
273 1126
273 1273
273 1719
274 285
274 328
274 979
274 1008
274 1323
274 1656
274 1881
275 1161
275 1187
275 1487
276 532
276 554
276 1207
277 782
277 906
277 1182
277 1299
277 1651
277 1699
278 363
278 433
278 1125
278 1695
278 1761
278 1917
278 1927
278 1963
279 567
279 763
279 959
279 1675
280 517
280 796
280 977
280 1224
280 1545
281 562
281 1004
281 1130
281 1230
281 1590
281 1822
282 542
282 573
282 1005
282 1207
282 1445
282 1503
282 1705
282 1712
282 1846
282 1938
282 1972
283 503
283 731
283 865
283 1041
283 1362
283 1868
284 376
284 515
284 1342
284 1347
285 555
285 853
285 996
285 1012
285 1215
285 1773
285 1881
286 530
286 616
286 867
286 954
286 1001
286 1807
286 1974
287 309
287 385
287 867
287 907
287 1152
287 1261
287 1401
287 1500
287 1596
287 1646
287 1727
288 293
288 521
288 1010
288 1057
288 1237
288 1571
289 794
289 931
289 1133
289 1415
289 1690
289 1708
289 1729
290 329
290 355
290 804
290 848
290 1211
290 1461
290 1559
291 611
291 974
291 1054
291 1274
291 1343
292 722
292 1343
292 1444
292 1966
293 822
293 1254
294 988
295 877
295 1147
295 1539
295 1673
295 1770
295 1785
296 352
296 646
296 659
296 1105
296 1255
296 1586
297 1002
297 1483
297 1629
297 1982
298 435
298 1289
298 1871
299 657
299 1640
300 633
300 676
300 752
300 1966
301 461
301 503
301 1179
301 1560
301 1723
302 1738
302 1739
303 731
303 1503
303 1662
304 311
304 504
304 558
304 928
304 1728
305 319
305 511
305 672
305 724
305 742
305 1076
305 1436
305 1836
306 362
306 529
306 1700
306 1923
307 670
307 715
307 876
307 914
307 942
307 1018
307 1035
307 1358
307 1551
307 1780
308 647
308 747
308 762
308 812
308 1824
308 1987
309 640
309 1722
309 1878
310 1004
310 1527
310 1729
310 1885
311 900
311 1335
311 1474
312 1484
312 1604
313 363
313 401
313 788
313 1391
314 316
314 949
314 1490
314 1547
314 1652
315 425
315 515
315 921
315 1082
315 1811
316 437
316 761
316 1642
317 337
317 423
317 773
317 1929
318 998
318 1239
318 1345
319 899
319 1090
319 1252
319 1293
319 1300
319 1303
319 1456
319 1618
320 1335
320 1454
320 1461
320 1479
320 1726
320 1771
320 1879
320 1896
320 1939
321 735
321 745
321 1098
321 1199
321 1259
321 1662
321 1695
322 479
322 490
322 518
322 731
322 983
322 1181
322 1407
322 1949
323 1028
323 1281
323 1379
323 1582
323 1824
324 1773
324 1855
324 1945
325 378
325 449
325 889
325 953
326 627
326 1438
326 1686
326 1729
327 377
327 618
327 883
327 1884
327 1915
328 910
328 957
328 1220
328 1252
329 465
329 559
329 829
329 1197
329 1582
329 1942
330 574
330 941
330 1382
330 1401
330 1450
330 1816
330 1850
330 1897
331 341
331 1396
331 1488
331 1920
332 822
332 1145
332 1180
332 1989
333 572
333 1132
334 343
334 497
334 925
334 1314
335 390
335 494
335 1570
335 1602
335 1712
336 534
336 1067
336 1320
336 1391
337 647
337 957
337 1016
337 1235
337 1473
338 885
338 1631
338 1890
339 493
339 568
339 590
339 1528
340 483
340 791
340 1218
340 1488
340 1814
341 591
341 1560
341 1755
341 1957
342 628
342 761
342 1189
343 399
343 976
343 1066
343 1193
343 1395
343 1641
343 1655
344 404
344 769
344 1307
345 430
345 483
345 576
345 1357
345 1358
345 1692
345 1913
346 458
346 504
346 758
346 847
346 1070
346 1126
346 1456
346 1616
346 1907
347 1168
347 1354
347 1453
347 1523
348 420
348 784
348 793
348 832
348 1008
348 1024
348 1265
349 865
349 1220
349 1349
349 1554
350 1614
350 1635
350 1744
351 444
352 595
352 1112
352 1476
352 1508
352 1915
353 568
353 627
353 1086
353 1189
353 1435
354 1274
354 1540
355 360
355 1763
356 643
356 1237
356 1550
356 1887
357 547
357 1169
357 1269
357 1369
357 1843
357 1884
358 717
358 1002
358 1499
359 588
359 632
359 844
359 1584
359 1619
360 928
360 1253
360 1508
360 1633
360 1721
361 370
361 621
361 734
361 863
361 1381
361 1400
361 1450
361 1852
362 375
362 950
362 1033
362 1776
363 583
363 1086
363 1487
363 1628
363 1910
364 691
364 987
364 1143
364 1276
365 1055
365 1492
365 1532
365 1659
366 612
366 764
366 1162
366 1733
366 1991
367 907
367 1524
367 1673
367 1837
368 672
368 793
369 607
369 800
369 851
369 947
369 1808
370 387
370 1221
370 1555
370 1924
371 584
371 1084
371 1256
372 1031
372 1848
373 1917
374 411
374 430
374 532
374 607
374 751
374 789
374 1730
375 429
375 589
375 623
375 1097
375 1783
375 1794
375 1934
376 525
376 778
376 1036
376 1186
376 1376
376 1723
377 1192
377 1383
377 1754
377 1910
378 394
378 962
378 976
378 1197
378 1226
378 1331
379 1325
379 1390
379 1495
379 1507
379 1733
379 1843
380 935
380 1037
381 584
381 712
381 757
381 791
381 1026
381 1842
381 1973
382 1733
382 1909
383 565
383 739
383 814
383 912
383 969
383 990
383 1028
384 1260
384 1367
384 1405
384 1426
385 1015
385 1181
385 1911
385 1913
386 420
386 439
386 576
386 1037
386 1580
386 1928
387 534
387 1086
387 1218
387 1451
387 1872
387 2000
388 724
388 869
388 950
388 1394
389 400
389 822
389 823
389 1593
389 1685
389 1870
390 903
390 1547
390 1983
391 911
391 1219
391 1252
391 1738
392 462
392 559
392 887
392 953
392 1320
392 1854
393 394
393 710
393 1502
393 1771
394 470
394 909
394 1158
394 1178
395 693
395 818
395 933
395 1618
395 1789
396 415
396 925
396 1088
396 1135
396 1418
396 1673
396 1824
397 1077
397 1496
398 822
398 1085
398 1633
398 1668
398 1883
399 1141
399 1278
400 876
400 1304
400 1640
400 1646
400 1844
401 616
401 1044
401 1843
401 1984
402 926
402 1001
402 1371
402 1415
402 1521
402 1966
403 663
403 879
403 962
403 1017
403 1022
403 1304
403 1481
404 753
404 1092
404 1166
405 417
405 646
405 828
405 910
405 990
405 994
405 1007
405 1083
405 1315
405 1351
405 1643
406 713
406 795
406 1314
406 1455
406 1810
406 1925
407 596
407 684
407 868
407 904
407 1126
407 1325
407 1658
407 1832
407 1856
407 1885
408 861
408 884
408 1178
408 1314
408 1371
408 1674
409 720
409 829
409 1044
409 1399
409 1569
409 1777
409 1812
409 1856
410 1119
410 1677
410 1963
411 699
411 878
411 899
411 1137
411 1582
412 479
412 1276
412 1412
412 1418
412 1419
412 1582
413 1633
413 1727
413 1767
414 1098
414 1468
414 1650
414 1716
414 1751
415 997
415 1017
415 1358
415 1408
415 1480
416 1111
416 1704
416 1883
417 437
417 1190
417 1981
418 983
419 509
419 812
419 954
419 961
419 1190
419 1682
419 1699
420 804
420 1122
420 1693
420 1816
421 544
421 628
421 727
421 1202
421 1252
422 741
422 1059
422 1365
422 1366
422 1501
422 1676
423 787
423 1240
423 1438
423 1456
424 643
424 968
424 1482
424 1499
425 901
425 1210
425 1212
425 1221
425 1470
425 1786
425 1914
426 466
426 500
426 1098
426 1774
427 1400
427 1406
427 1407
427 1709
428 551
428 734
428 748
428 1615
428 1698
429 582
429 1146
429 1189
429 1399
429 1844
430 961
430 1194
430 1889
431 517
431 542
431 670
431 699
431 916
431 932
432 523
432 637
432 939
432 1091
432 1124
432 1263
432 1535
432 1674
433 836
433 1310
433 1333
433 1370
433 1390
433 1953
434 848
434 1104
434 1615
434 1795
435 780
435 829
435 1279
435 1378
435 1774
436 567
436 1287
436 1480
436 1892
436 1909
437 1140
437 1143
437 1393
437 1863
437 1889
438 578
438 762
438 1283
438 1654
438 1887
439 769
439 1213
439 1331
439 1519
439 1734
440 503
440 856
440 931
440 1418
440 1476
440 1727
440 1775
441 470
441 631
441 1149
441 1346
442 764
442 951
442 1391
442 1706
442 1770
442 1899
443 914
443 1255
443 1924
444 673
444 727
444 1087
444 1742
444 1762
444 1974
445 592
445 885
445 1225
445 1322
446 1219
446 1336
446 1339
446 1812
446 1889
447 742
447 931
447 1089
447 1195
447 1445
447 1504
447 1593
448 660
448 871
448 1253
448 1403
448 1698
448 1933
448 1989
449 1306
449 1827
449 1899
449 1916
450 1345
450 1390
451 532
451 1301
451 1511
451 1567
452 1662
452 1731
453 1092
453 1637
453 1825
454 511
454 532
454 745
454 923
454 1561
454 1884
454 1905
455 650
455 1121
455 1474
455 1824
455 1950
456 806
456 1077
456 1462
456 1586
456 1632
456 1780
456 1972
457 578
457 1267
457 1329
457 1376
457 1690
457 1704
457 1709
457 1767
457 1908
458 497
458 1223
458 1305
458 1425
458 1717
458 1919
459 771
459 865
459 985
459 1361
459 1447
459 1572
460 513
460 1426
461 774
461 1712
461 1755
462 546
462 552
462 704
462 758
462 1105
462 1156
462 1442
463 1079
463 1261
463 1866
464 620
465 549
465 715
465 1941
466 627
466 834
466 853
466 1024
466 1287
466 1406
466 1683
467 1145
467 1273
467 1738
467 1759
468 483
468 691
468 787
468 1180
469 1671
469 1879
470 856
470 1048
470 1129
470 1130
470 1171
471 1868
472 816
472 856
472 1164
472 1422
472 1522
472 1846
473 630
473 675
473 1008
473 1150
473 1314
473 1584
473 1628
474 844
474 1107
474 1973
475 624
475 698
475 1150
475 1492
475 1635
476 629
476 707
476 1020
476 1261
476 1603
477 956
477 1930
477 1938
478 540
478 730
478 1626
478 1791
478 1800
479 647
479 797
479 892
479 1069
479 1338
479 1672
480 725
480 1779
480 1909
481 495
481 1063
481 1079
481 1243
481 1786
481 1958
482 679
482 1055
482 1100
483 620
483 1230
483 1557
484 910
484 968
484 1058
484 1207
484 1411
484 1989
485 798
485 1147
485 1187
485 1655
486 604
486 812
486 907
486 969
486 1561
486 1943
487 549
487 644
487 949
487 1460
487 1467
487 1775
488 1031
488 1224
488 1330
488 1595
489 612
489 847
489 1622
489 1626
490 758
490 871
490 883
490 1156
490 1827
491 890
491 1680
491 1824
491 1972
492 610
492 828
492 1645
492 1647
493 523
493 826
493 865
493 897
493 1743
493 1786
494 1324
494 1372
494 1393
494 1692
495 522
495 702
495 1743
495 1795
496 531
496 1777
497 926
497 970
497 1544
497 1654
497 1667
497 1750
497 1779
498 572
498 995
498 1116
498 1423
498 1486
498 1813
498 1864
498 1891
499 563
499 953
499 1261
499 1396
499 1709
499 1958
500 626
500 1658
501 571
501 1003
501 1159
501 1318
502 664
502 1354
503 1272
503 1937
504 1001
504 1466
504 1827
504 1965
505 683
505 956
505 974
505 1783
505 1965
506 592
506 917
506 940
506 1269
506 1343
506 1918
507 780
507 945
507 1021
507 1127
508 709
508 1566
508 1720
508 1773
509 646
509 1276
510 792
510 849
510 981
510 1684
510 1740
510 1855
510 1946
511 1200
511 1282
511 1529
512 818
512 861
512 1282
512 1476
512 1755
513 825
513 1104
513 1837
514 520
514 602
514 1148
514 1223
514 1325
514 1664
514 1976
515 762
515 1205
515 1925
515 1976
516 524
516 836
516 1240
516 1323
516 1388
516 1470
516 1575
516 1668
517 918
517 1016
517 1198
517 1670
518 1473
518 1644
519 686
519 1071
519 1608
520 1232
520 1743
521 1323
521 1330
521 1356
521 1572
521 1705
522 558
522 1348
522 1387
523 895
523 1197
523 1640
524 545
524 794
524 934
524 1126
524 1298
524 1488
524 1650
524 1733
524 2000
525 936
525 1130
525 1175
525 1506
526 592
526 652
526 1232
526 1641
526 1863
527 710
527 900
527 1174
527 1639
528 639
528 1094
528 1160
529 638
529 1229
529 1325
530 585
530 866
530 1230
531 802
531 807
531 1185
531 1431
531 1594
531 1624
531 1931
532 1210
532 1600
532 1799
533 1064
534 808
534 1117
534 1630
534 1991
535 1141
535 1377
536 693
536 1049
536 1327
536 1768
536 1889
537 646
537 1034
537 1123
537 1214
537 1545
538 539
538 931
538 1078
538 1654
538 1860
539 602
539 647
539 866
539 1070
539 1487
540 774
540 905
540 1029
540 1184
540 1457
540 1539
541 551
541 793
541 807
541 1248
541 1443
541 1811
541 1904
542 966
542 1793
543 585
543 905
543 937
543 1703
544 561
544 792
544 1098
544 1146
544 1279
544 1446
544 1959
545 634
545 862
545 1541
545 1778
545 1877
545 1966
545 1998
546 673
546 1262
546 1828
546 1866
547 756
547 946
548 679
548 1558
548 1697
549 1285
549 1399
549 1954
550 1235
550 1376
550 1838
550 1990
551 672
551 676
551 1116
551 1381
551 1729
551 1842
552 874
552 1001
552 1267
552 1838
552 1891
553 850
553 947
553 1025
553 1263
553 1655
554 780
554 792
554 1140
554 1657
555 610
555 932
555 1861
555 1882
556 568
556 1377
556 1459
556 1708
557 805
557 1313
558 700
558 1474
558 1992
560 639
560 648
560 1093
560 1252
560 1825
560 1848
560 1925
561 1291
561 1570
562 606
563 1773
563 1781
564 1225
564 1321
565 1005
566 700
566 902
566 1256
566 1495
566 1805
566 1936
567 1049
567 1086
567 1344
567 1541
568 860
568 880
568 1937
569 1425
569 1777
569 1826
569 1965
570 642
570 1505
570 1728
570 1937
570 1967
571 1021
571 1024
571 1757
572 792
572 1632
573 823
573 1554
573 1823
574 872
574 1846
574 1940
574 1997
575 587
575 1001
575 1179
575 1660
575 1791
575 1818
576 739
576 1222
576 1345
576 1642
576 1830
576 1928
577 740
577 1349
577 1507
577 1736
577 1899
578 856
578 883
578 910
578 1226
578 1325
579 694
579 898
580 657
580 694
580 1471
580 1896
581 920
582 917
582 938
582 1104
582 1269
582 1355
582 1832
582 1940
583 646
583 1098
584 625
584 837
584 973
584 1104
584 1319
584 1837
585 858
585 925
585 1119
585 1386
585 1500
586 681
586 723
586 1585
586 1858
586 1944
587 1969
588 654
588 1571
588 1688
588 1953
589 1179
589 1559
589 1640
590 904
590 1229
590 1666
590 1941
590 1949
591 951
591 1225
591 1383
591 1798
592 817
592 912
592 1891
593 791
593 1057
593 1321
593 1592
593 1766
593 1781
594 1373
594 1689
594 1823
594 1980
595 1352
596 1037
596 1228
596 1300
596 1882
596 1959
597 1364
598 770
598 894
598 1758
599 887
599 932
599 1463
599 1944
600 780
601 1183
601 1195
602 871
602 1016
602 1124
602 1632
602 1801
602 1877
603 756
603 1021
603 1118
603 1373
604 1692
604 1949
605 1036
605 1079
605 1229
605 1393
605 1752
605 1794
606 1195
606 1417
606 1585
606 1697
606 1741
606 1998
607 752
607 792
607 829
607 876
607 1143
607 1183
607 1273
607 1920
608 1190
608 1230
608 1399
608 1467
608 1506
608 1665
609 656
609 1929
610 643
610 1066
611 1311
612 1129
612 1336
612 1643
612 1771
612 1930
613 678
613 692
613 835
613 1133
613 1714
613 1720
613 1783
614 824
614 1102
614 1795
614 1987
615 973
615 1343
615 1870
616 740
616 804
616 921
616 1019
616 1468
617 755
617 1304
617 1475
617 1601
617 1706
619 795
619 1031
619 1754
620 891
620 898
620 1462
621 952
621 1100
621 1174
621 1776
622 1249
622 1312
622 1716
623 626
623 753
623 1009
623 1254
623 1272
623 1992
624 863
624 1060
624 1103
624 1287
624 1947
625 674
625 883
625 1648
625 1677
625 1956
626 1714
627 1848
628 988
628 1114
628 1468
628 1737
628 1812
629 780
629 1097
629 1284
630 731
630 880
630 956
630 1063
630 1680
631 1071
631 1424
632 1292
632 1347
632 1507
632 1878
633 999
633 1513
633 1780
634 974
634 1121
634 1870
635 1172
635 1230
635 1435
635 1529
636 1226
636 1817
637 865
637 1424
637 1539
637 1609
637 1928
638 1295
638 1369
638 1780
639 709
639 746
639 1443
639 1495
639 1713
640 973
640 1482
641 980
641 1381
641 1520
641 2000
642 1295
642 1576
642 1845
642 1877
642 1968
643 1284
643 1624
644 688
644 833
644 1477
645 1124
645 1133
645 1520
645 1827
645 1964
646 715
646 878
646 955
646 1189
646 1521
646 1612
646 1838
647 1392
647 1534
647 1737
647 1869
647 1902
648 1562
648 1712
648 1874
649 790
649 996
649 1016
649 1250
649 1972
650 762
650 885
650 1091
650 1816
651 723
651 886
651 1143
651 1397
651 1406
652 1697
652 1873
653 681
653 722
653 837
653 1529
653 1933
654 898
654 1225
654 1453
655 693
655 872
655 976
655 1218
655 1361
655 1467
655 1735
656 821
656 983
656 1156
656 1267
656 1273
656 1490
656 1602
656 1631
656 1978
657 841
657 948
657 1173
657 1371
657 1801
657 1816
657 1866
658 856
658 989
658 1057
658 1064
658 1636
658 1847
659 824
659 841
659 1180
660 1693
660 1756
661 1116
661 1559
661 1614
661 1812
661 1979
662 930
662 1162
662 1446
662 1813
662 1923
663 1450
664 962
664 1492
664 1628
664 1870
665 690
665 722
665 1379
665 1672
665 1699
666 876
666 1785
667 1098
667 1196
667 1283
668 735
668 827
668 1183
668 1220
668 1812
669 1077
669 1606
670 970
670 971
670 1105
670 1351
670 1372
670 1628
670 1860
671 1266
671 1524
671 1828
671 1854
672 790
672 1037
672 1721
672 1968
672 1985
673 784
673 838
673 920
673 1128
673 1686
673 1979
674 678
674 948
674 1148
674 1800
675 1562
676 1108
676 1213
676 1339
677 1030
677 1532
677 1924
678 698
678 1253
678 1500
678 1577
678 1864
679 698
679 751
679 1009
679 1297
679 1384
680 1311
680 1321
680 1463
680 1847
681 776
681 927
681 1831
681 1960
682 978
682 996
682 1311
682 1481
682 1557
683 743
683 1197
683 1560
683 1810
684 914
684 934
684 1248
684 1458
685 1114
685 1290
685 1500
685 1507
685 1629
685 1661
686 718
686 1197
686 1244
686 1575
686 1915
686 1933
687 771
687 950
687 1039
687 1515
688 1114
688 1286
688 1389
689 1026
689 1159
689 1371
689 1425
689 1485
689 1851
690 1073
690 1169
690 1232
690 1469
690 1605
690 1686
691 1207
691 1329
692 967
692 1218
693 945
695 935
695 1284
695 1915
696 1459
696 1571
696 1961
697 1694
697 1962
698 989
698 1254
698 1356
698 1448
699 775
699 790
699 1002
699 1178
699 1790
699 1818
699 1976
700 747
700 939
700 1539
701 850
701 911
701 1294
701 1336
701 1794
702 1564
703 1422
703 1585
704 1057
704 1593
704 1641
704 1652
704 1726
705 1006
705 1439
706 940
706 1826
706 1916
707 1022
707 1317
708 1125
708 1221
708 1353
708 1714
708 1760
709 1123
709 1576
710 808
710 1655
710 1868
711 891
711 1099
711 1135
711 1557
713 1030
713 1050
713 1709
713 1887
713 2000
714 738
714 1439
715 1322
715 1491
715 1818
715 1933
717 883
717 932
717 1205
717 1724
717 1878
717 1992
718 888
718 955
718 1716
718 1802
718 1870
718 1896
719 1043
719 1151
719 1387
719 1495
719 1627
720 939
720 959
721 886
721 969
721 982
721 1087
721 1272
721 1607
721 1872
721 1915
722 1228
722 1306
722 1314
722 1576
722 1584
722 1963
723 736
723 960
723 1272
723 1975
724 1223
724 1390
725 1025
726 796
726 1173
726 1325
726 1578
726 1662
726 1754
726 1837
727 834
727 861
727 900
727 1848
727 1856
728 1260
728 1430
728 1453
728 1674
729 1018
729 1837
730 951
730 1925
731 976
731 1177
731 1654
732 858
732 882
732 971
732 1681
732 1721
733 1162
733 1542
733 1648
733 1912
733 1928
734 1103
734 1150
734 1549
734 1639
735 1126
735 1314
735 1536
736 1892
737 753
737 979
737 1102
737 1522
737 1780
737 1925
738 1217
739 1040
739 1160
739 1288
739 1641
740 1462
740 1586
740 1609
740 1610
740 1753
740 1855
740 1859
740 1896
740 1905
741 1023
741 1398
741 1640
742 1157
742 1528
743 750
743 1223
743 1829
743 1922
744 1459
744 1774
745 1440
746 852
746 1897
747 859
747 956
747 969
747 971
747 1412
747 1455
747 1537
747 1788
747 1835
748 1112
748 1290
748 1326
748 1657
749 1657
749 1913
749 1928
750 836
750 960
750 1012
750 1305
750 1440
751 880
751 1044
751 1061
751 1172
751 1866
752 897
752 1629
752 1984
753 945
753 1169
754 1696
754 1733
754 1924
755 817
755 890
755 1132
755 1301
755 1351
755 1889
756 1142
756 1146
756 1240
756 1702
756 1812
756 1814
756 1875
757 1130
757 1633
757 1653
758 1669
759 847
759 982
759 1289
760 1249
760 1351
761 1083
761 1085
761 1568
761 1570
761 1775
761 1983
762 1272
762 1422
762 1561
762 1671
762 1995
763 1364
763 1458
763 1711
763 1730
763 1751
764 990
764 1117
764 1455
765 1189
765 1644
765 1667
765 1954
766 812
766 1739
767 1188
767 1497
768 777
768 794
768 1871
769 1187
769 1312
769 1413
769 1971
770 779
770 1040
770 1063
771 1158
771 1204
771 1731
771 1813
771 1818
771 1843
771 1898
771 1911
772 1170
772 1679
772 1987
772 1994
773 983
773 1979
774 825
774 1014
774 1852
774 1911
775 1197
775 1245
775 1443
776 969
776 1093
776 1177
776 1381
776 1539
777 963
777 995
778 848
778 1749
778 1776
778 1807
779 1657
779 1830
780 908
780 1309
781 860
781 988
781 1864
782 904
782 925
782 1271
782 1842
782 1915
783 1021
783 1722
783 1727
784 792
784 1522
784 1540
785 981
785 1301
786 1213
786 1503
786 1760
786 1962
786 1970
787 1022
787 1024
787 1283
787 1430
787 1557
787 1769
787 1942
787 1965
788 1224
788 1253
788 1262
788 1334
788 1682
788 1704
789 1188
789 1595
789 1753
789 1859
790 1884
790 1977
790 1984
791 1190
791 1286
792 914
792 1339
792 1498
792 1520
792 1943
793 896
793 1340
793 1591
793 1616
793 1626
793 1710
793 1962
794 1735
794 1900
794 1955
795 902
795 1322
795 1476
795 1848
796 989
796 1261
796 1350
796 1716
796 1790
797 1569
797 1795
798 897
798 955
799 1533
799 1626
799 1722
800 1476
800 1592
800 1757
800 1800
801 802
801 1034
801 1150
801 1292
801 1713
801 1788
802 1020
802 1260
802 1365
802 1499
802 1741
802 1946
803 1131
803 1730
804 1119
804 1537
804 1774
804 1874
805 825
805 838
805 1088
806 913
806 1041
806 1124
806 1296
806 1476
807 1648
807 1818
808 941
808 1083
808 1555
808 1621
809 984
809 1032
809 1499
809 1739
810 898
810 992
810 1165
810 1276
810 1777
810 1985
811 1438
811 1802
811 1901
812 1463
812 1486
812 1750
812 1858
813 1076
813 1973
814 1010
814 1575
814 1768
814 1819
815 923
815 1243
815 1382
815 1405
815 1732
815 1831
815 1880
815 1952
816 967
816 1091
816 1264
816 1659
817 1365
817 1380
817 1425
817 1510
817 1785
818 917
818 971
818 1932
819 1102
819 1812
819 1877
820 1030
820 1326
820 1374
820 1439
820 1906
820 1964
820 1996
821 957
821 1379
822 840
822 1395
822 1907
822 1988
823 880
823 943
823 1001
823 1178
823 1509
823 1824
823 1898
823 1941
824 938
824 1105
824 1869
824 1881
825 1002
825 1611
825 1699
826 1280
826 1310
826 1460
827 1236
827 1390
828 919
828 961
828 1016
828 1343
829 1564
829 1923
830 1223
830 1787
831 1135
831 1149
831 1285
831 1307
831 1437
831 1510
831 1819
832 959
832 1765
833 836
833 1082
833 1407
833 1418
833 1636
833 1784
833 1979
834 917
834 945
834 1088
834 1971
835 988
835 1048
835 1797
835 1813
836 1138
836 1350
836 1397
836 1669
836 1790
836 1837
836 1949
837 969
837 1421
838 923
838 1124
838 1855
839 979
839 1382
840 1025
840 1167
840 1840
841 868
841 1572
841 1905
842 1137
842 1419
842 1615
843 1129
844 1308
844 1918
845 851
845 1140
845 1174
845 1395
845 1544
845 1755
845 1851
847 949
847 1113
847 1236
848 1137
848 1220
848 1331
848 1363
848 1457
848 1857
848 1976
849 1497
849 1878
849 1946
850 1725
851 1130
851 1212
851 1595
851 1861
851 1940
852 1705
853 1020
853 1125
853 1768
854 1136
854 1212
854 1786
855 924
855 1403
855 1538
855 1656
855 1717
855 1906
856 1121
856 1278
856 1780
857 1269
857 1487
857 1662
857 1870
858 1317
858 1819
858 1863
859 1152
859 1391
859 1415
859 1855
860 1452
860 1884
861 1062
861 1137
861 1574
861 1662
862 1677
862 1756
862 1822
862 1952
863 1385
863 1386
864 1947
865 969
865 1074
865 1329
865 1688
865 1889
865 1890
866 1042
866 1641
866 1931
867 1870
868 1041
868 1375
868 1884
869 1377
869 1523
869 1667
870 1184
870 1216
870 1443
871 1158
871 1305
871 1443
872 1228
872 1258
873 1490
873 1570
873 1752
874 899
874 1076
874 1346
874 1461
874 1646
874 1815
874 1896
875 1902
875 1988
876 1851
877 1192
877 1408
877 1879
878 987
878 1344
878 1440
878 1529
878 1549
878 1958
879 1068
880 1405
881 1374
881 1962
882 1326
882 1504
882 1563
882 1570
882 1924
883 924
883 1205
883 1338
883 1423
883 1529
883 1607
883 1708
883 1954
884 1318
885 921
885 1318
885 1375
885 1443
886 928
886 1466
886 1969
887 1349
887 1496
887 1536
887 1964
888 994
888 1092
888 1456
888 1957
888 1961
889 1518
889 1780
890 1094
890 1493
890 1672
890 1746
891 1014
891 1236
891 1959
892 1036
892 1194
892 1198
892 1704
892 1780
894 1164
894 1370
894 1580
894 1998
895 1806
895 1877
896 1503
896 1583
896 1914
897 999
897 1314
897 1597
897 1748
897 1860
898 1095
898 1135
898 1662
898 1778
898 1865
899 1575
900 1303
900 1345
900 1956
901 1089
901 1430
901 1661
901 1912
902 1080
902 1578
902 1797
903 1180
903 1618
904 1365
904 1431
904 1601
904 1834
905 1193
905 1632
905 1893
906 1216
906 1890
906 1961
906 1987
907 1818
908 939
908 1155
908 1159
908 1435
908 1462
909 996
909 1092
909 1868
910 1134
910 1169
910 1220
910 1224
910 1398
910 1556
910 1894
911 1263
911 1460
911 1465
911 1542
911 1981
912 1510
912 1535
912 1914
912 1917
912 1972
913 980
913 1603
913 1807
913 1902
914 1170
914 1322
914 1375
915 1039
915 1044
915 1197
915 1261
915 1653
915 1771
916 963
916 1685
916 1764
916 1829
916 1847
916 1995
917 1268
917 1335
917 1391
917 1413
917 1813
918 974
918 1333
918 1578
918 1766
919 939
919 1369
919 1889
920 1219
920 1444
920 1461
920 1580
921 1001
921 1087
921 1299
921 1361
921 1440
922 1470
922 1616
922 1874
923 1005
923 1512
923 1606
923 1975
924 1491
924 1826
924 1958
924 1999
925 1472
925 1933
926 1198
926 1518
926 1543
926 1603
926 1787
927 938
927 977
927 1696
928 1025
928 1094
928 1164
928 1502
928 1646
928 1695
928 1721
929 1093
929 1150
929 1464
929 1723
929 1882
930 1052
930 1256
930 1590
930 1981
931 1191
931 1889
932 1249
932 1349
932 1367
932 1484
933 1248
934 988
934 1179
934 1259
934 1418
935 1151
935 1174
935 1464
935 1801
936 1416
936 1487
936 1765
937 1170
937 1207
937 1465
937 1688
937 1848
938 1135
938 1735
939 1416
939 1517
940 1049
940 1561
940 1697
940 1709
940 1735
940 1794
940 1795
941 1128
941 1445
941 1493
941 1567
941 1714
941 1884
941 1956
942 1041
942 1421
943 1124
943 1247
943 1305
943 1376
944 1195
944 1336
944 1570
944 1585
944 1799
944 1841
945 1195
945 1260
945 1441
946 970
946 997
946 1374
946 1381
946 1578
946 1584
946 1640
946 1769
947 1241
947 1311
947 1405
947 1463
947 1727
948 1869
949 1370
949 1475
949 1876
950 1774
950 1821
950 1955
951 1256
951 1645
951 1927
952 1007
952 1169
952 1437
952 1625
952 1811
952 1999
953 1574
953 1733
953 1873
954 1063
954 1649
954 1982
955 989
955 1270
955 1380
955 1466
955 1777
957 1126
957 1328
957 1670
957 1872
958 1163
958 1313
958 1527
959 1438
959 1573
959 1604
959 1875
960 1252
960 1571
960 1785
960 1834
960 1998
961 1140
961 1953
962 1015
963 1903
964 1474
964 1566
964 1857
965 1286
965 1715
966 1830
966 1967
967 1393
967 1857
967 1923
968 971
968 1230
968 1267
968 1993
969 1328
969 1556
970 1553
970 1761
970 1921
971 1736
971 1836
971 1965
972 1206
972 1473
972 1635
972 1784
973 1640
974 1320
974 1458
974 1885
975 1122
975 1923
976 1305
976 1372
976 1385
976 1709
976 1734
976 1765
977 1198
977 1744
977 1992
978 1109
978 1150
978 1689
978 1904
979 1014
979 1048
979 1897
979 1957
980 1126
980 1382
980 1392
980 1760
981 1120
982 1303
982 1582
983 1262
983 1397
983 1539
983 1915
983 1923
984 1568
984 1956
984 1983
985 1613
985 1640
986 1115
986 1550
986 1654
986 1704
988 1142
988 1210
988 1334
988 1378
991 1053
991 1627
992 1586
992 1941
993 1164
993 1531
993 1775
993 1823
994 1022
994 1456
994 1598
994 1883
995 1524
995 1692
996 1043
996 1161
996 1207
996 1385
996 1494
996 1731
996 1980
997 1502
997 1585
999 1508
999 1644
999 1671
1000 1136
1000 1277
1000 1391
1000 1681
1001 1037
1001 1087
1001 1634
1001 1944
1002 1227
1002 1308
1002 1483
1002 1895
1003 1514
1003 1828
1004 1107
1004 1140
1004 1984
1005 1142
1005 1248
1005 1294
1005 1510
1005 1695
1005 1988
1006 1215
1006 1937
1007 1233
1007 1512
1007 1524
1008 1347
1008 1893
1009 1877
1010 1162
1010 1266
1010 1765
1011 1069
1011 1221
1012 1519
1012 1748
1014 1139
1014 1232
1014 1693
1014 1727
1014 1863
1015 1362
1015 1515
1015 1905
1016 1156
1017 1131
1017 1332
1017 1677
1018 1352
1018 1630
1018 1974
1019 1082
1019 1265
1019 1319
1019 1330
1019 1394
1019 1495
1019 1657
1020 1096
1020 1391
1020 1414
1020 1742
1022 1326
1022 1804
1022 1886
1022 1938
1022 1970
1023 1062
1024 1513
1024 1650
1024 1778
1024 1948
1025 1115
1025 1450
1025 1689
1025 1692
1026 1225
1026 1403
1026 1979
1027 1349
1027 1648
1027 1802
1029 1228
1029 1546
1029 1575
1030 1341
1030 1719
1030 1807
1031 1298
1031 1992
1032 1056
1032 1517
1032 1705
1032 1743
1032 1766
1032 1951
1033 1155
1033 1249
1034 1894
1035 1441
1035 1518
1036 1110
1036 1379
1036 1462
1036 1643
1036 1647
1037 1124
1037 1960
1038 1132
1038 1234
1038 1701
1038 1750
1039 1505
1039 1800
1040 1547
1041 1627
1041 1718
1042 1534
1042 1571
1042 1692
1042 1888
1042 1912
1043 1047
1043 1528
1043 1750
1043 1770
1044 1114
1044 1162
1044 1218
1044 1472
1044 1571
1045 1448
1045 1589
1045 1640
1045 1933
1046 1209
1046 1339
1046 1424
1046 1647
1046 1723
1046 1801
1047 1382
1047 1488
1047 1526
1047 1621
1047 1741
1047 1945
1048 1150
1048 1534
1048 1773
1048 1781
1049 1073
1049 1901
1051 1258
1051 1380
1051 1383
1051 1920
1052 1306
1052 1366
1052 1864
1053 1088
1053 1388
1054 1247
1054 1388
1054 1494
1056 1172
1056 1505
1056 1904
1056 1989
1057 1139
1057 1287
1057 1929
1058 1517
1058 1519
1058 1600
1059 1143
1059 1232
1059 1516
1059 1882
1060 1783
1060 1792
1061 1367
1061 1554
1062 1196
1062 1296
1062 1702
1062 1723
1062 1818
1063 1395
1063 1952
1064 1127
1064 1405
1064 1993
1065 1095
1065 1143
1065 1215
1065 1545
1065 1966
1066 1439
1067 1247
1067 1966
1068 1177
1068 1218
1068 1329
1068 1332
1069 1228
1069 1647
1069 1813
1069 1929
1070 1477
1070 1622
1070 1885
1071 1869
1072 1245
1072 1778
1072 1836
1072 1864
1073 1142
1073 1343
1073 1490
1073 1823
1074 1311
1075 1277
1075 1438
1075 1720
1075 1926
1076 1170
1077 1381
1077 1744
1078 1145
1078 1162
1078 1276
1078 1790
1079 1530
1079 1719
1079 1859
1079 1872
1079 1897
1079 1903
1081 1577
1082 1407
1082 1418
1082 1661
1082 1996
1083 1277
1084 1511
1084 1556
1084 1719
1084 1978
1085 1405
1085 1446
1085 1530
1085 1822
1086 1108
1086 1388
1086 1648
1087 1121
1087 1977
1088 1839
1089 1412
1089 1424
1089 1531
1089 1730
1090 1795
1090 1880
1091 1208
1091 1330
1091 1598
1091 1732
1091 1848
1092 1113
1092 1274
1092 1464
1092 1708
1092 1758
1092 1805
1093 1138
1093 1631
1094 1347
1094 1696
1095 1142
1095 1614
1095 1714
1095 1953
1096 1740
1097 1263
1097 1525
1097 1728
1097 1897
1098 1698
1098 1864
1099 1269
1099 1465
1099 1490
1099 1742
1100 1456
1100 1604
1101 1812
1101 1940
1103 1249
1103 1551
1103 1771
1104 1303
1104 1649
1104 1792
1105 1524
1105 1529
1105 1837
1106 1263
1107 1830
1108 1582
1108 1722
1109 1263
1109 1307
1110 1307
1110 1662
1110 1758
1111 1240
1111 1377
1112 1183
1113 1508
1113 1549
1113 1588
1113 1709
1115 1252
1115 1504
1115 1708
1116 1342
1118 1128
1118 1754
1118 1790
1118 1958
1118 1992
1119 1145
1119 1317
1120 1170
1120 1461
1120 1654
1120 1669
1121 1551
1121 1738
1122 1555
1123 1592
1124 1327
1124 1672
1125 1349
1125 1593
1126 1522
1126 1670
1126 1977
1127 1331
1127 1546
1127 1906
1127 1908
1128 1724
1128 1850
1129 1283
1129 1507
1129 1638
1129 1831
1130 1295
1130 1520
1130 1619
1130 1707
1130 1969
1131 1743
1132 1464
1133 1295
1133 1551
1133 1795
1134 1503
1134 1645
1134 1812
1135 1228
1135 1363
1136 1567
1136 1807
1137 1866
1138 1420
1138 1875
1139 1370
1139 1535
1139 1575
1139 1990
1140 1144
1141 1689
1141 1980
1142 1453
1142 1669
1142 1964
1143 1200
1143 1215
1143 1450
1143 1478
1143 1659
1143 1780
1144 1747
1144 1759
1144 1776
1144 1897
1145 1184
1145 1229
1145 1428
1145 1556
1145 1607
1145 1678
1146 1575
1147 1316
1149 1431
1149 1569
1149 1769
1149 1834
1150 1671
1150 1930
1151 1208
1152 1172
1152 1579
1153 1198
1153 1216
1154 1163
1154 1290
1154 1765
1154 1991
1156 1544
1156 1664
1156 1696
1156 1701
1156 1705
1157 1228
1158 1355
1158 1400
1158 1995
1159 1463
1160 1543
1160 1771
1161 1176
1161 1274
1161 1346
1162 1173
1162 1860
1162 1984
1163 1545
1163 1638
1163 1953
1165 1304
1165 1621
1166 1925
1167 1767
1168 1262
1168 1335
1168 1959
1169 1691
1169 1828
1170 1967
1170 2000
1171 1387
1171 1499
1171 1613
1173 1703
1174 1647
1175 1443
1175 1619
1175 1687
1175 1822
1176 1728
1177 1271
1177 1899
1178 1333
1178 1693
1179 1328
1179 1497
1179 1827
1181 1468
1181 1952
1182 1937
1183 1879
1184 1551
1184 1783
1185 1371
1185 1897
1186 1739
1186 1821
1188 1599
1189 1734
1189 1880
1190 1692
1190 1752
1190 1823
1191 1533
1191 1964
1192 1453
1193 1834
1194 1693
1195 1240
1195 1810
1195 1979
1196 1227
1196 1296
1197 1302
1197 1474
1197 1776
1197 1916
1198 1452
1198 1883
1198 1928
1198 1984
1199 1415
1199 1456
1199 1470
1201 1329
1201 1679
1201 1965
1202 1274
1202 1347
1202 1363
1202 1955
1204 1262
1205 1612
1205 1772
1205 1795
1206 1441
1206 1947
1208 1526
1208 1546
1208 1659
1209 1258
1209 1410
1209 1890
1210 1309
1210 1413
1210 1657
1210 1884
1211 1895
1212 1232
1212 1454
1212 1729
1213 1391
1213 1486
1213 1711
1213 1845
1213 1913
1214 1301
1214 1323
1214 1689
1215 1685
1215 1997
1216 1283
1216 1321
1216 1342
1216 1519
1216 1525
1216 1528
1216 1872
1217 1848
1217 1999
1218 1543
1218 1618
1219 1550
1219 1617
1219 1783
1219 1959
1220 1570
1220 1652
1220 1847
1221 1316
1222 1245
1222 1464
1222 1963
1222 1991
1223 1337
1223 1411
1223 1560
1224 1272
1225 1427
1225 1597
1226 1684
1226 1983
1227 1361
1228 1561
1228 1589
1228 1636
1229 1409
1229 1578
1229 1898
1230 1809
1231 1590
1231 1927
1232 1361
1232 1657
1233 1296
1233 1594
1234 1500
1234 1641
1234 1703
1234 1763
1234 1938
1235 1529
1235 1546
1235 1834
1237 1828
1239 1281
1239 1670
1239 1910
1240 1441
1241 1775
1242 1892
1242 1912
1243 1475
1243 1648
1244 1306
1245 1692
1245 1784
1246 1480
1246 1577
1246 1600
1246 1807
1247 1511
1247 1684
1248 1651
1249 1741
1250 1939
1251 1519
1253 1568
1253 1826
1253 1951
1255 1567
1255 1659
1255 1675
1256 1405
1256 1739
1256 1813
1257 1608
1258 1898
1258 1976
1259 1940
1260 1326
1260 1920
1261 1422
1261 1804
1262 1488
1262 1791
1263 1311
1263 1598
1263 1776
1263 1896
1264 1364
1264 1532
1264 1568
1264 1661
1266 1297
1266 1702
1266 1759
1266 1909
1267 1455
1267 1847
1268 1429
1268 1535
1268 1558
1268 1711
1268 1775
1269 1615
1270 1349
1270 1422
1271 1385
1271 1647
1272 1617
1272 1975
1273 1928
1274 1345
1274 1521
1274 1924
1274 1935
1276 1744
1276 1890
1276 1919
1278 1886
1279 1387
1279 1732
1280 1305
1280 1993
1281 1382
1281 1568
1282 1359
1283 1482
1283 1571
1283 1868
1283 1974
1284 1504
1284 1528
1287 1846
1288 1934
1289 1876
1289 1884
1289 1919
1290 1677
1290 1996
1291 1429
1291 1661
1291 1715
1291 1859
1292 1492
1292 1576
1292 1702
1292 1705
1292 1797
1293 1931
1296 1834
1297 1414
1297 1416
1297 1797
1299 1381
1300 1657
1301 1356
1301 1719
1302 1330
1302 1433
1302 1522
1302 1525
1303 1463
1303 1620
1304 1633
1304 1692
1305 1402
1306 1425
1306 1441
1307 1346
1307 1599
1307 1778
1308 1569
1308 1624
1308 1668
1308 1969
1309 1341
1310 1468
1312 1376
1312 1455
1312 1611
1313 1939
1314 1635
1314 1954
1318 1622
1319 1849
1319 1853
1320 1492
1320 1641
1320 1980
1321 1483
1321 1986
1323 1411
1323 1791
1325 1339
1325 1622
1325 1786
1326 1402
1326 1672
1326 1741
1326 1882
1327 1349
1328 1525
1328 1545
1329 1540
1329 1609
1330 1731
1331 1458
1332 1703
1334 1557
1335 1336
1335 1576
1336 1669
1336 1687
1336 1717
1337 1376
1337 1734
1337 1842
1338 1900
1339 1415
1339 1745
1339 1857
1340 1754
1340 1811
1341 1385
1341 1748
1342 1454
1342 1942
1343 1622
1344 1647
1345 1798
1346 1626
1346 1754
1346 1775
1346 1974
1347 1505
1348 1504
1348 1905
1348 1999
1349 1493
1349 1878
1350 1534
1350 1774
1352 1392
1353 1451
1353 1588
1353 1911
1354 1667
1354 1732
1354 1840
1355 1654
1355 1723
1355 1790
1356 1402
1356 1552
1356 1598
1356 1777
1357 1536
1357 1944
1358 1362
1358 1907
1359 1747
1359 1764
1360 1426
1360 1552
1360 1804
1360 1912
1361 1581
1361 1730
1362 1382
1362 1397
1362 1635
1363 1406
1363 1516
1363 1767
1363 1882
1364 1370
1364 1597
1364 1866
1366 1544
1366 1810
1367 1378
1367 1434
1367 1652
1367 1731
1368 1798
1368 1930
1369 1551
1369 1931
1369 1966
1370 1374
1370 1664
1372 1552
1372 1645
1372 1850
1372 1906
1372 1917
1373 1981
1374 1612
1374 1858
1374 1867
1376 1626
1377 1455
1377 1614
1377 1785
1377 1986
1378 1944
1379 1555
1381 1634
1382 1684
1383 1540
1384 1445
1384 1750
1384 1832
1386 1639
1386 1968
1387 1561
1387 1703
1387 1876
1388 1596
1388 1733
1388 1825
1388 1891
1389 1662
1390 1795
1391 1395
1391 1548
1391 1636
1392 1765
1393 1707
1396 1564
1396 1711
1396 1825
1396 1973
1398 1896
1399 1539
1399 1566
1401 1448
1401 1518
1401 1648
1401 1952
1402 1470
1402 1476
1402 1567
1402 1593
1403 1430
1403 1462
1403 1849
1404 1551
1404 1638
1404 1853
1405 1718
1406 1605
1406 1687
1406 1714
1406 1729
1407 1662
1407 1884
1408 1810
1408 1880
1409 1685
1409 1823
1411 1412
1411 1702
1412 1511
1413 1484
1413 1849
1413 1931
1414 1851
1415 1431
1415 1491
1415 1704
1415 1706
1415 1713
1416 1580
1417 1715
1417 1908
1418 1743
1418 1858
1419 1937
1420 1673
1420 1827
1421 1562
1422 1626
1424 1870
1424 1914
1425 1788
1425 1847
1426 1575
1426 1649
1426 1914
1427 1467
1427 1512
1427 1844
1428 1523
1428 1810
1429 1684
1429 1853
1430 1594
1430 1611
1431 1865
1432 1534
1432 1645
1433 1771
1434 1973
1435 1796
1436 1531
1436 1878
1436 1933
1437 1939
1441 1768
1442 1503
1443 1515
1443 1588
1443 1733
1443 1798
1444 1506
1444 1666
1444 1744
1444 1942
1450 1930
1451 1469
1452 1642
1454 1664
1454 1691
1455 1815
1456 1489
1456 1533
1456 1858
1457 1698
1459 1900
1459 1997
1460 1823
1460 1957
1461 1991
1462 1829
1464 1707
1464 1784
1464 1854
1464 1858
1465 1810
1466 1490
1466 1643
1469 1599
1469 1665
1469 1812
1470 2000
1471 1867
1473 1965
1475 1899
1476 1595
1476 1781
1477 1575
1479 1821
1480 1933
1480 1956
1482 1993
1487 1888
1488 1836
1488 1974
1489 1708
1490 1837
1492 1797
1492 1987
1493 1668
1493 1688
1493 1805
1493 1960
1493 1979
1494 1505
1494 1571
1494 1821
1495 1657
1496 1512
1496 1936
1497 1501
1497 1545
1497 1557
1498 1664
1498 1842
1498 1984
1499 1546
1499 1552
1501 1663
1501 1874
1502 1811
1503 1770
1503 1800
1504 1627
1504 1714
1504 1798
1504 1947
1505 1674
1505 1930
1505 1986
1507 1517
1507 1567
1509 1628
1509 1981
1510 1943
1510 1989
1511 1619
1511 1898
1511 1901
1512 1730
1512 1945
1513 1770
1513 1968
1514 1524
1515 1846
1515 1946
1516 1532
1517 1649
1517 1929
1518 1541
1519 1672
1519 1974
1520 1669
1522 1587
1522 1591
1522 1719
1522 1757
1522 1887
1523 1663
1523 1853
1523 1889
1524 1908
1525 1631
1525 1650
1526 1925
1528 1768
1529 1623
1530 1551
1530 1685
1531 1634
1531 1878
1532 1554
1532 1972
1533 1575
1534 1757
1534 1806
1534 1941
1536 1560
1536 1786
1536 1813
1537 1571
1539 1564
1539 1585
1539 1751
1540 1706
1540 1839
1540 1991
1541 1851
1541 1909
1542 1644
1543 1839
1543 1964
1544 1635
1544 1761
1545 1599
1545 1609
1545 1644
1545 1751
1545 1796
1546 1744
1549 1807
1549 1960
1550 1591
1550 1721
1554 1899
1557 1851
1557 1965
1559 1718
1559 1833
1560 1576
1560 1797
1560 1901
1562 1715
1562 1944
1563 1692
1564 1570
1565 1933
1566 1650
1566 1892
1567 1889
1568 1797
1571 1656
1572 1761
1574 1787
1574 1897
1575 1886
1576 1706
1578 1604
1578 1830
1581 1808
1582 1660
1583 1833
1586 1645
1587 1807
1589 1693
1590 1657
1590 1782
1591 1621
1591 1860
1592 1780
1595 1678
1595 1715
1595 1724
1596 1684
1596 1708
1597 1868
1598 1881
1599 1644
1599 1831
1600 1759
1600 1873
1600 1996
1601 1782
1601 1959
1603 1767
1603 1989
1604 1622
1605 1871
1605 1876
1607 1940
1611 1715
1612 1823
1612 1975
1612 1977
1613 1854
1613 1863
1615 1909
1617 1732
1617 1816
1617 1822
1618 1689
1619 1698
1619 1983
1622 1942
1623 1988
1625 1643
1625 1846
1629 1943
1629 1948
1631 1819
1637 1855
1638 1765
1638 1923
1639 1691
1639 1813
1641 1683
1641 1744
1642 1793
1644 1829
1644 1893
1644 1903
1646 1890
1650 1708
1651 1905
1652 1795
1653 1738
1653 1906
1654 1949
1655 1704
1656 1696
1656 1709
1657 1892
1657 1984
1657 1994
1658 1889
1659 1941
1661 1907
1662 1702
1665 1713
1665 1985
1667 1936
1668 1676
1668 1688
1668 1806
1670 1925
1671 1970
1672 1900
1673 1806
1673 1983
1674 1961
1675 1965
1676 1781
1677 1922
1678 1782
1681 1742
1681 1880
1682 1831
1685 1923
1686 1815
1686 1860
1687 1879
1692 1771
1692 1778
1693 1713
1693 1748
1694 1818
1695 1949
1696 1868
1697 1952
1700 1832
1701 1744
1702 1994
1703 1862
1705 1815
1705 1922
1706 1784
1706 1820
1706 1889
1707 1839
1709 1770
1712 1795
1713 1820
1713 1959
1714 1908
1715 1724
1716 1820
1716 1847
1716 1951
1717 1823
1719 1860
1720 1898
1720 1957
1721 1992
1722 1895
1728 1944
1728 1993
1731 1755
1733 1911
1736 1758
1737 1888
1737 1988
1738 1765
1738 1786
1739 1779
1739 1878
1740 1831
1740 1988
1741 1891
1742 1840
1743 1978
1746 1750
1747 1790
1747 1983
1747 2000
1750 1782
1751 1991
1753 1831
1754 1911
1754 1975
1758 1791
1761 1848
1762 1852
1763 1870
1763 1909
1763 1955
1764 1840
1765 1822
1767 1932
1768 1826
1770 1821
1773 1784
1773 1806
1773 1966
1774 1954
1776 1783
1777 1898
1779 1999
1781 1839
1782 1988
1783 1922
1786 1925
1787 1927
1791 1798
1792 1973
1795 1871
1796 1829
1797 1947
1799 1901
1800 1819
1801 1957
1805 1849
1806 1809
1808 1929
1808 1986
1809 1896
1810 1974
1814 1906
1814 1931
1814 1934
1819 1887
1820 1893
1820 1912
1820 1958
1824 1968
1825 1865
1826 1998
1831 1960
1831 1984
1832 1963
1832 1989
1834 1863
1834 1878
1835 1892
1835 1896
1836 1895
1840 1925
1843 1859
1844 1953
1846 1860
1847 1863
1849 1935
1853 1967
1856 1873
1857 1858
1863 1888
1863 1924
1864 1906
1864 1985
1865 1957
1867 1905
1869 1927
1873 1949
1874 1955
1878 1966
1880 1910
1884 1955
1888 1945
1889 1992
1894 1946
1896 1905
1903 1964
1913 1966
1915 1960
1920 1950
1920 1999
1923 1962
1925 1971
1933 1990
1951 1974
1982 1992
1985 1995
1988 1991