2000
1 109
1 187
1 1379
1 1410
1 1772
1 1790
1 1874
2 137
2 440
2 669
2 809
2 1021
2 1209
2 1489
2 1635
2 1762
2 1790
3 26
3 136
3 246
3 347
3 370
3 471
3 527
3 1044
3 1211
3 1520
3 1559
3 1730
4 118
4 122
4 330
4 565
4 1440
4 1447
4 1833
4 1864
4 1961
4 1973
5 120
5 175
5 279
5 377
5 477
5 993
5 1087
5 1288
5 1473
5 1640
5 1893
6 662
6 796
6 894
6 1228
6 1231
6 1258
6 1268
6 1745
7 574
7 616
7 888
7 1037
7 1275
7 1648
8 42
8 573
8 605
8 902
8 945
8 1378
8 1655
9 106
9 795
9 848
9 868
9 1161
9 1233
9 1385
9 1387
9 1393
9 1496
9 1500
9 1635
9 1834
10 159
10 354
10 388
10 701
10 731
10 1033
10 1505
10 1798
10 1973
11 163
11 351
11 448
11 549
11 677
11 908
11 1187
11 1343
11 1376
11 1419
11 1900
11 1941
12 44
12 493
12 495
12 882
12 1245
12 1455
12 1459
12 1489
12 1659
12 1747
13 139
13 414
13 435
13 843
13 1066
13 1124
13 1451
13 1474
14 25
14 277
14 327
14 542
14 551
14 608
14 1534
14 1732
14 1780
14 1783
14 1790
14 1816
15 410
15 439
15 664
15 819
15 969
15 1145
15 1300
15 1409
15 1524
15 1686
15 1816
16 167
16 640
16 745
16 1219
16 1268
16 1464
16 1595
16 1713
16 1716
16 1749
17 22
17 264
17 305
17 366
17 466
17 545
17 836
17 1661
17 1821
17 1983
18 25
18 101
18 347
18 575
18 637
18 650
18 1192
18 1344
18 1355
18 1393
18 1576
18 1615
19 70
19 390
19 404
19 531
19 981
19 1238
19 1501
19 1520
20 66
20 188
20 215
20 534
20 931
20 1351
20 1474
20 1522
20 1540
21 236
21 514
21 563
21 662
21 1145
21 1172
21 1267
21 1349
21 1500
21 1591
21 1713
21 1814
22 595
22 1186
22 1332
22 1421
22 1508
22 1652
23 178
23 341
23 351
23 387
23 436
23 672
23 894
23 1082
23 1193
23 1199
23 1247
23 1260
23 1462
23 1464
23 1475
23 1887
23 1889
24 832
24 940
24 1266
24 1271
24 1321
24 1427
24 1495
24 1539
24 1672
24 1716
24 1982
25 156
25 278
25 527
25 658
25 1705
25 1763
26 160
26 294
26 391
26 412
26 599
26 1072
26 1074
26 1508
26 1832
27 430
27 918
27 973
27 1060
27 1147
27 1329
27 1350
27 1679
27 1849
28 53
28 689
28 818
28 999
28 1146
28 1383
28 1669
28 1705
28 1871
29 262
29 289
29 336
29 771
29 832
29 1323
29 1654
29 1929
30 243
30 944
30 1006
30 1079
30 1332
30 1512
30 1526
30 1527
30 1536
30 1594
30 1745
30 1788
31 331
31 629
31 693
31 794
31 924
31 989
31 1532
31 1842
32 66
32 566
32 628
32 682
32 1546
32 1631
32 1764
32 1863
32 1938
33 216
33 322
33 902
33 1048
33 1625
34 281
34 303
34 411
34 510
34 854
34 1003
34 1074
34 1110
34 1226
34 1256
34 1313
34 1524
34 1552
34 1802
35 218
35 298
35 490
35 721
35 889
35 1104
35 1160
35 1784
35 1926
35 1954
36 122
36 175
36 246
36 331
36 1200
36 1248
36 1731
36 1819
37 310
37 372
37 581
37 596
37 682
37 727
37 933
37 1080
37 1198
37 1410
37 1527
37 1555
37 1849
38 48
38 78
38 212
38 247
38 402
38 571
38 999
38 1315
38 1330
38 1789
39 83
39 487
39 551
39 925
39 1233
40 223
40 684
40 975
40 1040
40 1095
40 1143
40 1239
40 1304
40 1553
40 1793
40 1857
40 1938
41 90
41 178
41 402
41 501
41 918
41 1617
41 1709
41 1885
42 70
42 409
42 412
42 865
42 1157
42 1160
42 1296
42 1316
42 1928
43 334
43 443
43 578
43 767
43 1128
43 1499
43 1825
43 1907
43 1908
43 1995
44 336
44 579
44 787
44 928
44 1448
44 1584
44 1947
45 84
45 417
45 587
45 628
45 637
45 704
45 834
45 1002
45 1345
45 1377
45 1735
46 83
46 541
46 704
46 808
46 867
47 140
47 785
47 1021
47 1692
47 1784
47 1915
48 526
48 1550
48 1724
48 1937
49 536
49 744
49 811
49 907
49 1075
49 1457
49 1507
49 1662
50 616
50 1038
50 1086
50 1716
50 1950
51 188
51 314
51 708
51 754
51 789
51 942
51 1406
51 1607
51 1619
51 1656
51 1657
51 1772
51 1926
52 135
52 223
52 383
52 595
52 712
52 1775
52 1829
52 1891
53 97
53 1145
53 1362
53 1748
54 313
54 674
54 755
54 844
54 985
54 1021
54 1204
54 1298
54 1419
54 1497
55 294
55 821
55 988
55 1058
55 1282
55 1310
55 1395
55 1602
55 1640
55 1938
56 218
56 220
56 238
56 612
56 1227
56 1301
56 1316
56 1562
56 1656
57 145
57 149
57 651
57 1146
57 1243
57 1463
57 1484
57 1775
57 1873
58 80
58 135
58 391
58 489
58 589
58 837
58 1099
58 1251
58 1434
58 1987
59 139
59 369
59 378
59 762
59 1273
59 1542
59 1708
59 1796
59 1861
60 463
60 1304
60 1440
60 1555
60 1564
60 1669
60 1691
60 1868
60 1891
61 123
61 924
61 1006
61 1062
61 1075
61 1147
61 1232
61 1447
61 1701
61 1732
61 1899
62 484
62 528
62 534
62 594
62 671
62 738
62 947
62 967
62 1675
62 1865
63 95
63 755
63 789
63 957
63 1011
63 1063
63 1194
63 1482
63 1885
64 931
64 1019
64 1374
64 1401
64 1758
64 1881
65 319
65 399
65 749
65 969
65 1232
65 1471
65 1489
65 1825
65 1959
66 188
66 505
66 568
66 788
66 800
66 1134
66 1460
66 1519
66 1528
67 470
67 612
67 775
67 825
67 859
67 1130
67 1171
67 1185
67 1360
67 1389
67 1513
67 1907
67 1983
68 155
68 169
68 234
68 1075
68 1127
68 1358
68 1670
68 1965
69 226
69 370
69 383
69 421
69 569
69 854
69 1170
69 1464
69 1638
69 1928
69 1934
70 155
70 263
70 754
70 1085
70 1340
70 1362
70 1748
70 1806
71 362
71 455
71 548
71 885
71 1058
71 1381
71 1441
71 1870
71 1949
72 533
72 873
72 943
72 970
72 1149
72 1280
72 1437
72 1452
72 1592
72 1756
72 1868
73 90
73 175
73 290
73 492
73 562
73 658
73 807
73 1040
73 1127
73 1178
73 1203
73 1247
73 1254
73 1539
73 1791
74 311
74 754
74 1356
74 1431
74 1526
74 1646
74 1659
74 1976
75 232
75 385
75 422
75 1080
75 1098
75 1824
76 97
76 355
76 379
76 451
76 914
76 1297
76 1467
76 1564
76 1723
76 1902
77 266
77 463
77 626
77 643
77 959
77 1016
77 1032
77 1429
78 123
78 144
78 447
78 919
78 1102
78 1200
78 1202
78 1276
78 1536
78 1881
79 240
79 566
79 704
79 778
79 964
79 981
79 1203
79 1430
79 1479
80 414
80 835
80 859
80 944
80 1132
80 1356
80 1448
80 1655
80 1663
80 1836
81 146
81 160
81 873
81 1102
81 1228
81 1304
81 1385
81 1559
81 1799
82 113
82 407
82 434
82 631
82 1014
82 1556
83 363
83 374
83 613
83 721
83 961
83 962
83 1069
83 1173
83 1178
83 1404
83 1445
83 1459
83 1905
83 1981
84 88
84 89
84 198
84 524
84 583
84 658
84 829
84 946
84 1226
84 1249
84 1527
85 435
85 509
85 856
85 1273
85 1359
86 180
86 250
86 568
86 714
86 731
86 854
86 1620
87 91
87 102
87 407
87 459
87 462
87 516
87 714
87 814
87 1016
87 1061
87 1342
87 1599
88 110
88 540
88 1024
88 1315
88 1360
88 1579
88 1904
89 276
89 395
89 459
89 559
89 633
89 1189
89 1228
89 1517
89 1643
89 1886
90 118
90 164
90 637
90 848
90 1077
90 1164
90 1625
90 1647
90 1711
91 581
91 669
91 1034
91 1349
92 175
92 1202
92 1781
92 1870
93 362
93 629
93 881
93 961
93 1207
93 1272
93 1379
93 1804
93 1895
94 235
94 658
94 767
94 939
94 1088
94 1137
94 1245
94 1949
95 199
95 210
95 379
95 481
95 731
95 1232
96 187
96 321
96 544
96 755
96 915
96 1261
96 1369
96 1397
96 1496
96 1556
96 1616
96 1741
97 864
97 1029
97 1569
97 1784
98 341
98 583
98 669
98 741
98 1062
98 1246
98 1458
98 1928
99 124
99 241
99 288
99 885
99 1243
99 1364
100 162
100 230
100 380
100 456
100 1031
100 1976
101 292
101 345
101 482
101 570
101 789
101 1254
101 1416
101 1491
101 1592
101 1638
101 1688
102 157
102 237
102 256
102 465
102 1442
102 1648
103 323
103 329
103 408
103 715
103 733
103 872
103 1762
104 342
104 413
104 481
104 1548
104 1988
105 195
105 240
105 286
105 503
105 940
105 951
105 1024
105 1059
105 1367
105 1384
105 1442
105 1481
106 901
106 926
106 950
106 993
106 1129
106 1409
106 1578
106 1692
106 1868
106 1881
107 1202
107 1212
107 1617
107 1941
108 206
108 315
108 561
108 642
108 723
108 917
108 940
108 1124
108 1199
108 1283
108 1351
108 1544
108 1597
108 1694
108 1755
108 1910
108 1948
109 118
109 158
109 339
109 622
109 677
109 697
109 829
109 1312
109 1542
109 1748
109 1878
110 452
110 453
110 742
110 771
110 1041
110 1502
110 1513
110 1545
110 1559
110 1664
111 481
111 575
111 793
111 1022
111 1765
112 929
112 1348
112 1482
112 1582
113 540
113 646
113 796
113 1022
113 1051
113 1075
113 1466
113 1683
113 1689
113 1843
113 1899
113 1973
114 668
114 761
114 935
114 1149
114 1158
114 1394
114 1793
114 1804
114 1845
115 391
115 761
115 764
115 1056
115 1069
115 1199
115 1214
115 1547
116 730
116 1563
116 1581
117 322
117 462
117 634
117 725
117 957
117 1483
117 1951
118 204
118 627
118 753
118 882
118 983
118 1256
118 1419
118 1979
119 158
119 378
119 509
119 625
119 848
119 897
119 926
119 1108
119 1125
119 1305
120 278
120 564
120 901
120 965
120 1414
120 1444
120 1860
121 518
121 605
121 776
121 890
121 901
121 1138
121 1578
121 1846
121 1876
121 1984
122 202
122 232
122 410
122 468
122 488
122 1610
122 1922
123 351
123 657
123 805
123 851
123 1109
123 1257
123 1265
123 1288
123 1364
123 1605
123 1636
124 408
124 745
124 767
124 772
124 830
124 869
124 1236
124 1762
125 658
125 818
125 984
125 1260
125 1711
125 1718
125 1807
126 154
126 182
126 184
126 812
126 1062
126 1254
126 1329
126 1499
126 1643
126 1695
126 1887
126 1917
126 1920
126 1925
127 285
127 468
127 591
127 629
127 713
127 929
127 1831
127 1959
128 195
128 284
128 1150
128 1195
128 1325
128 1354
128 1545
128 1624
128 1767
128 1974
128 1992
129 156
129 287
129 295
129 923
129 927
129 1440
129 1490
129 1618
129 1728
130 195
130 334
130 459
130 830
130 958
130 1000
130 1049
130 1579
130 1981
131 193
131 375
131 706
131 1118
131 1489
131 1531
131 1593
132 220
132 257
132 297
132 410
132 789
132 849
132 1505
132 1572
132 1619
132 1638
132 1681
133 326
133 692
133 728
133 864
133 1103
133 1159
133 1521
133 1801
133 1885
133 1887
134 183
134 261
134 320
134 779
134 856
134 873
134 919
134 936
134 1239
134 1682
134 1691
134 1925
135 316
135 473
135 770
135 1479
135 1536
135 1618
135 1743
135 1816
136 312
136 626
136 1669
136 1724
136 1746
136 1772
137 232
137 314
137 405
137 658
137 798
137 910
137 920
137 962
137 998
137 1017
137 1165
137 1427
137 1799
137 1878
137 1970
138 169
138 223
138 354
138 1435
139 239
139 822
139 1091
139 1114
139 1658
139 1767
139 1844
140 395
140 565
140 810
140 836
140 992
140 1249
140 1278
140 1346
140 1414
140 1496
140 1536
140 1599
140 1807
141 249
141 996
141 1465
141 1829
141 1873
142 305
142 434
142 659
142 694
142 857
142 903
142 941
142 989
142 1206
142 1246
142 1392
142 1694
143 249
143 504
143 639
143 660
143 743
143 980
143 1005
143 1913
144 173
144 533
144 776
144 1031
144 1073
144 1201
144 1251
144 1505
144 1642
144 1934
145 253
145 436
145 734
145 1075
145 1123
145 1176
145 1333
145 1457
145 1680
145 1732
145 1802
146 388
146 444
146 546
146 594
146 1459
146 1654
146 1727
146 1971
146 1975
147 170
147 603
147 820
147 847
147 943
147 1152
147 1368
147 1385
147 1768
147 1869
147 1969
148 229
148 232
148 452
148 927
148 933
148 937
148 944
148 1127
148 1441
148 1465
148 1523
148 1550
148 1576
148 1735
149 151
149 381
149 636
149 700
149 709
149 754
149 787
149 943
149 1004
149 1085
149 1519
149 1756
150 238
150 923
150 1216
150 1380
150 1427
150 1540
150 1662
150 1746
151 411
151 876
151 890
151 1139
151 1170
151 1221
151 1309
151 1406
151 1436
151 1500
151 1508
151 1617
151 1811
151 1942
152 245
152 268
152 1033
152 1586
153 343
153 638
153 657
153 714
153 727
153 800
153 1054
153 1178
153 1193
154 236
154 460
154 495
154 600
154 919
154 960
154 1026
154 1904
154 1937
155 698
155 1070
155 1135
155 1419
155 1603
155 1605
155 1824
156 535
156 558
156 949
156 1359
156 1845
157 165
157 187
157 209
157 441
157 1101
157 1250
157 1305
157 1533
157 1613
158 867
158 871
158 930
158 947
158 1022
158 1360
158 1940
159 678
159 978
159 1009
159 1111
159 1172
159 1391
159 1611
159 1624
159 1651
159 1702
159 1836
160 205
160 308
160 370
160 498
160 753
160 970
160 972
160 1385
161 502
161 631
161 635
161 805
161 832
161 913
161 1067
161 1127
161 1244
161 1266
161 1314
161 1555
161 1586
161 1594
161 1881
161 1942
161 1957
161 1974
162 230
162 416
162 850
162 919
162 1179
162 1199
162 1407
162 1706
162 1765
163 217
163 247
163 668
163 960
163 1067
163 1083
163 1160
163 1447
163 1454
164 700
164 897
164 1258
164 1263
164 1606
164 1849
165 184
165 673
165 972
165 1186
165 1404
165 1429
166 331
166 1002
166 1027
166 1404
166 1422
166 1438
166 1444
166 1578
166 1890
167 511
167 525
167 1096
167 1153
167 1227
167 1288
167 1717
167 1782
168 314
168 611
168 641
168 792
168 1535
168 1784
168 1791
168 1853
169 200
169 576
169 845
169 1042
169 1331
169 1458
169 1496
169 1510
169 1569
169 1649
169 1856
170 345
170 410
170 1078
170 1262
170 1502
170 1648
170 1695
170 1702
170 1927
171 262
171 314
171 520
171 584
171 590
171 810
171 1226
171 1544
171 1618
171 1978
171 1984
172 952
172 965
172 1254
172 1741
172 1961
173 287
173 719
173 940
173 987
173 1360
173 1658
173 1758
173 1915
174 422
174 507
174 619
174 653
174 961
174 967
174 1185
174 1371
174 1468
174 1903
175 184
175 315
175 484
175 1025
175 1045
175 1115
175 1251
175 1319
175 1628
175 1750
175 1755
175 1775
175 1814
175 1970
176 342
176 936
176 940
176 1298
177 196
177 200
177 665
177 842
177 944
177 954
177 1111
177 1402
177 1444
177 1678
177 1974
178 332
178 641
178 1222
178 1266
178 1348
178 1486
178 1657
178 1760
178 1814
179 488
179 584
179 1053
179 1081
179 1086
179 1234
179 1790
180 204
180 345
180 525
180 743
180 750
180 1017
180 1161
180 1172
180 1214
180 1278
180 1336
180 1647
180 1916
181 266
181 394
181 734
181 1341
181 1588
181 1703
181 1726
182 516
182 546
182 653
182 1223
182 1228
182 1288
182 1376
182 1820
183 526
183 955
183 1008
183 1314
183 1571
183 1766
183 1775
184 185
184 219
184 476
184 737
184 753
184 920
184 1268
184 1674
184 1887
184 1905
185 223
185 295
185 436
185 493
185 603
185 770
185 1194
185 1477
186 567
186 609
186 908
186 1043
186 1137
186 1217
186 1282
186 1396
186 1490
186 1679
186 1746
187 217
187 266
187 416
187 913
187 929
187 944
187 1411
187 1535
187 1683
187 1833
188 355
188 508
188 639
188 656
188 703
188 825
188 832
188 1029
188 1129
188 1351
188 1437
188 1471
188 1642
188 1958
189 202
189 470
189 526
189 592
189 642
189 762
189 926
189 932
189 1214
189 1379
189 1903
190 292
190 353
190 360
190 402
190 433
190 543
190 658
190 756
190 893
190 1074
190 1145
190 1620
190 1653
190 1693
190 1927
191 310
191 1118
191 1739
191 1756
191 1852
192 229
192 621
192 646
192 1591
192 1686
193 315
193 675
193 868
193 872
193 902
193 1483
193 1491
194 387
194 737
194 987
194 1203
194 1207
194 1710
195 317
195 679
195 1718
195 1736
195 1854
196 302
196 396
196 429
196 758
196 849
196 1054
196 1193
196 1251
196 1322
196 1884
197 253
197 461
197 614
197 629
197 784
197 989
197 1006
197 1076
197 1450
197 1877
198 335
198 557
198 945
198 982
198 1097
198 1306
198 1315
198 1326
198 1361
198 1421
198 1532
198 1921
199 340
199 456
199 789
199 899
199 1066
199 1235
199 1496
199 1508
199 1968
199 1982
200 328
200 513
200 672
200 866
200 955
200 1176
200 1462
200 1624
200 1762
200 1951
201 394
201 556
201 686
201 703
201 989
201 1210
201 1233
201 1242
201 1250
201 1444
201 1795
202 284
202 414
202 455
202 601
202 621
202 1113
202 1190
202 1357
202 1654
202 1745
202 1799
203 264
203 658
203 832
203 927
203 968
203 1075
203 1326
203 1517
203 1633
203 1830
203 1935
203 1974
204 390
204 395
204 965
204 1023
204 1366
204 1392
204 1691
205 338
205 700
205 911
205 964
205 1087
205 1165
205 1250
205 1255
205 1322
205 1356
205 1411
205 1461
205 1485
205 1599
205 1606
205 1663
205 1737
205 1861
205 1869
205 1899
205 1900
206 320
206 664
206 866
206 1176
206 1209
206 1285
206 1518
206 1602
206 1686
206 1996
207 261
207 398
207 456
207 523
207 864
207 873
207 1312
207 1461
207 1850
207 1899
207 1930
208 396
208 498
208 507
208 510
208 734
208 921
208 1043
208 1220
208 1436
208 1603
208 1923
209 393
209 444
209 708
209 729
209 1096
209 1576
209 1609
209 1816
210 333
210 484
210 584
210 1729
210 1794
210 1844
211 313
211 1027
211 1077
211 1255
211 1336
211 1382
211 1699
211 1734
211 1805
212 305
212 540
212 956
212 1042
212 1224
212 1858
213 502
213 699
213 801
213 1088
214 240
214 720
214 725
214 815
214 844
214 1480
214 1589
214 1765
214 1911
214 1937
215 825
215 1027
215 1159
215 1175
215 1210
215 1224
215 1953
216 685
216 857
216 915
216 931
216 1232
216 1310
216 1345
216 1376
216 1612
216 1853
217 248
217 521
217 958
217 1336
217 1343
217 1472
217 1596
218 278
218 279
218 486
218 658
218 754
218 842
218 999
218 1005
218 1664
219 451
219 489
219 571
219 1416
220 331
220 403
220 415
220 611
220 622
220 795
220 907
220 1222
220 1306
220 1652
220 1862
220 1934
220 1983
221 364
221 786
221 884
221 1089
221 1564
221 1908
221 1923
222 229
222 309
222 555
222 697
222 1041
222 1170
222 1197
222 1449
222 1682
222 1866
223 262
223 390
223 566
223 1120
223 1861
223 1864
224 229
224 303
224 389
224 637
224 758
224 1428
224 1437
224 1886
225 325
225 581
225 592
225 800
225 857
225 900
225 1139
225 1297
225 1398
225 1411
225 1784
225 1833
225 1933
225 1937
226 494
226 1713
226 1787
226 1869
226 1974
227 321
227 874
227 1025
227 1345
227 1497
227 1598
227 1646
227 1887
228 244
228 599
228 821
228 1080
228 1120
228 1308
228 1583
228 1619
229 278
229 571
229 674
229 901
229 1084
229 1305
229 1582
229 1599
229 1742
229 1783
230 480
230 582
230 1077
230 1152
230 1177
230 1281
230 1484
230 1622
230 1802
231 266
231 283
231 550
231 622
231 760
231 818
231 907
231 981
231 1550
231 1578
231 1736
232 417
232 717
232 748
232 751
232 754
232 1063
232 1171
232 1435
232 1536
233 359
233 478
233 636
233 1250
233 1701
233 1800
233 1940
233 1970
234 335
234 435
234 1063
234 1090
234 1188
234 1516
234 1633
234 1883
234 1990
235 340
235 520
235 601
235 692
235 722
235 725
235 1337
235 1536
235 1851
235 1970
236 337
236 388
236 879
236 1009
236 1197
236 1222
236 1373
236 1726
236 1877
237 257
237 291
237 508
237 1022
237 1106
237 1266
237 1473
237 1713
237 1927
238 870
238 1205
238 1443
238 1487
238 1707
238 1957
238 1988
239 349
239 407
239 897
239 1027
239 1356
239 1405
239 1447
239 1464
239 1477
239 1541
239 1751
239 1782
240 373
241 447
241 518
241 1109
241 1576
241 1779
241 1962
242 263
242 272
242 315
242 517
242 518
242 539
242 674
242 800
242 1131
242 1170
242 1202
242 1289
242 1488
242 1627
242 1794
243 547
243 591
243 619
243 632
243 881
243 1039
243 1123
243 1286
243 1311
243 1538
243 1703
243 1825
244 379
244 547
244 646
244 662
244 740
244 959
244 1070
244 1376
244 1433
244 1494
244 1606
244 1677
244 1767
244 1812
245 607
245 772
245 939
245 1004
245 1345
245 1461
245 1477
245 1600
245 1779
245 1889
245 1968
246 493
246 536
246 602
246 839
246 910
246 1128
246 1986
247 332
247 359
247 713
247 926
247 1221
247 1251
247 1258
247 1335
247 1336
247 1351
247 1566
247 1911
248 373
248 632
248 676
248 738
248 821
248 1778
248 1961
248 1983
249 365
249 875
249 882
249 1015
249 1251
249 1480
249 1482
249 1614
249 1672
250 310
250 524
250 638
250 667
250 1227
250 1678
250 1785
250 1901
251 343
251 413
251 1020
251 1489
251 1829
251 1836
252 667
252 702
252 722
252 759
252 796
252 815
252 914
252 934
252 973
252 1057
252 1766
252 1812
252 1854
252 1947
253 400
253 645
253 679
253 915
253 944
253 1333
254 273
254 655
254 961
254 995
254 1370
254 1668
254 1802
254 1977
255 302
255 353
255 359
255 1031
255 1328
255 1499
255 1532
255 1923
255 1926
255 1951
255 1976
255 1999
256 382
256 483
256 547
256 768
256 785
256 959
256 1166
256 1507
256 1814
256 1920
257 438
257 503
257 715
257 904
257 935
257 1184
257 1237
257 1256
257 1388
258 375
258 417
258 690
258 948
258 1093
258 1118
258 1336
258 1565
258 1991
259 611
259 636
259 685
259 725
259 772
259 875
259 1216
259 1776
259 1819
259 1892
260 441
260 568
260 1551
260 1682
260 1722
260 1733
260 1948
261 337
261 528
261 628
261 752
261 1087
261 1107
261 1412
261 1514
261 1521
261 1709
261 1823
262 282
262 511
262 548
262 568
262 1151
262 1293
262 1868
263 275
263 375
263 426
263 654
263 878
263 898
263 972
263 1466
263 1694
263 1762
263 1944
263 1950
264 385
264 684
264 688
264 910
264 926
264 1200
264 1451
264 1919
264 1965
265 475
265 601
265 658
265 1190
265 1246
265 1281
265 1515
265 1611
265 1701
265 1834
266 676
266 701
266 746
266 810
266 1570
266 1882
267 389
267 437
267 458
267 464
267 633
267 771
267 994
267 1352
267 1650
267 1795
268 666
268 1030
268 1352
268 1428
268 1690
268 1694
268 1699
268 1816
269 283
269 326
269 328
269 393
269 613
269 630
269 803
269 922
269 1469
269 1621
270 401
270 602
270 930
270 1241
270 1487
270 1879
271 432
271 668
271 892
271 914
271 1059
271 1089
271 1619
271 1908
272 404
272 434
272 587
272 608
272 689
272 1066
272 1304
272 1568
272 1592
272 1815
273 402
273 481
273 504
273 515
273 847
273 864
273 1084
273 1285
273 1317
273 1337
273 1658
273 1803
273 1837
273 1928
274 483
274 621
274 668
274 1040
274 1390
274 1529
274 1577
274 1637
274 1919
274 1948
274 1994
275 804
275 1497
275 1728
275 1814
275 1936
276 314
276 394
276 731
276 822
276 901
276 1781
276 1910
277 485
277 493
277 636
277 699
277 1151
277 1442
277 1496
277 1584
277 1758
277 1840
277 1917
278 449
278 536
278 792
278 845
278 932
278 1162
278 1204
278 1981
279 887
279 963
279 1418
279 1497
279 1606
279 1728
279 1747
279 1894
280 850
280 1312
280 1362
280 1471
280 1529
280 1690
280 1815
280 1872
280 1922
281 283
281 362
281 454
281 693
281 775
281 807
281 1095
281 1143
281 1338
281 1393
281 1684
281 1751
281 1838
281 1901
282 323
282 347
282 474
282 626
282 1308
282 1328
282 1652
282 1654
282 1873
283 473
283 1058
283 1099
283 1189
283 1350
283 1951
284 343
284 359
284 535
284 584
284 780
284 1146
284 1369
284 1384
284 1530
284 1993
285 375
285 429
285 575
285 1086
285 1173
285 1339
285 1376
285 1638
285 1749
285 1770
286 440
286 731
286 780
286 786
286 807
286 880
286 909
286 946
286 1597
286 1626
286 1810
286 1847
287 521
287 651
287 670
287 680
287 754
287 932
287 961
287 1046
287 1251
287 1461
287 1513
288 362
288 414
288 696
288 819
288 1291
288 1628
288 1646
288 1794
288 1837
289 1055
289 1058
289 1731
289 1875
289 1973
290 401
290 760
290 779
290 1582
290 1629
291 408
291 784
291 995
291 1035
291 1258
291 1324
291 1454
291 1509
291 1547
291 1686
291 1766
291 1855
291 1879
291 1961
292 543
292 898
292 1063
292 1650
292 1751
293 408
293 468
293 482
293 508
293 930
293 1021
293 1195
293 1524
293 1749
294 688
294 815
294 914
294 924
294 1067
294 1069
294 1148
294 1205
294 1230
294 1415
294 1762
295 511
295 531
295 858
295 1010
295 1241
295 1288
295 1431
295 1485
295 1586
295 1794
295 1830
295 1890
296 828
296 847
296 973
296 1525
296 1553
296 1818
296 1959
297 313
297 347
297 434
297 501
297 581
297 796
297 1031
297 1054
297 1296
297 1411
297 1450
297 1566
297 1933
298 647
298 976
298 978
298 1083
298 1105
298 1176
298 1453
298 1600
298 1810
298 1887
299 729
299 746
299 885
299 1012
299 1030
299 1130
299 1243
299 1247
299 1264
299 1436
299 1552
299 1621
299 1718
299 1930
299 1955
300 531
300 823
300 1053
300 1409
300 1550
300 1566
300 1583
300 1587
300 1822
300 1868
301 320
301 882
301 978
301 1015
301 1027
301 1206
301 1310
301 1855
301 1925
302 457
302 494
302 537
302 583
302 905
302 1375
303 417
303 595
303 688
303 880
303 952
303 970
303 1471
303 1501
304 427
304 665
304 1377
305 319
305 458
305 1302
305 1669
305 1943
305 1958
305 1991
306 671
306 1390
306 1623
306 1644
306 1969
307 309
307 624
307 930
307 1197
307 1259
307 1398
307 1419
307 1452
307 1518
307 1597
307 1717
308 389
308 642
308 1122
308 1158
308 1503
308 1589
308 1751
309 580
309 766
309 792
309 809
309 879
309 1096
309 1350
309 1554
309 1784
310 836
310 842
310 1306
310 1316
310 1374
311 316
311 403
311 701
311 790
311 818
311 840
311 847
311 1154
311 1258
311 1693
312 493
312 580
312 714
312 853
312 919
312 1071
312 1094
312 1215
312 1824
313 402
313 444
313 1267
313 1630
313 1636
313 1948
314 623
314 1409
314 1838
314 1946
315 369
315 441
315 520
315 738
315 855
315 894
315 943
315 1452
315 1523
315 1555
315 1603
315 1692
315 1881
315 1951
316 327
316 621
316 833
316 973
316 1160
316 1548
316 1769
316 1772
316 1774
316 1920
317 363
317 983
317 1349
317 1723
318 333
318 484
318 630
318 732
318 758
318 847
318 1017
318 1089
318 1235
318 1348
318 1428
318 1445
318 1550
318 1637
318 1925
318 1970
318 1980
319 343
319 345
319 425
319 462
319 630
319 860
319 943
319 1199
319 1408
319 1530
319 1597
319 1748
320 375
320 608
320 651
320 749
320 1003
320 1561
320 1803
320 1985
321 364
321 559
321 562
321 1046
321 1332
321 1352
321 1584
321 1647
321 1857
321 1973
321 1977
322 647
322 740
322 1020
322 1057
322 1118
322 1126
322 1173
322 1264
322 1325
322 1437
322 1554
322 1801
323 344
323 641
323 947
323 952
323 1239
323 1406
323 1694
323 1895
324 406
324 544
324 588
324 602
324 960
324 1287
324 1508
324 1519
324 1576
324 1991
325 503
325 1057
325 1285
325 1362
325 1530
325 1654
325 1993
326 473
326 507
326 870
326 1088
326 1351
326 1354
326 1385
326 1746
327 396
327 401
327 427
327 504
327 612
327 1011
327 1151
327 1164
327 1183
327 1508
327 1652
327 1982
328 481
328 914
328 947
328 1177
328 1214
328 1296
328 1625
328 1642
328 1681
329 666
329 888
329 1080
329 1109
329 1288
329 1600
329 1970
330 344
330 609
330 850
330 1009
331 387
331 465
331 494
331 706
331 727
331 771
331 864
331 905
331 988
331 1003
331 1020
331 1149
331 1409
331 1619
331 1763
331 1935
332 358
332 468
332 944
332 982
332 1076
332 1122
332 1244
332 1245
332 1589
332 1892
333 616
333 697
333 769
333 1262
333 1374
333 1602
333 1651
334 508
334 739
334 907
334 1327
334 1649
334 1724
334 1729
334 1762
334 1772
334 1897
335 441
335 554
335 664
335 750
335 1171
335 1254
335 1450
335 1552
335 1598
335 1657
335 1932
336 400
336 1458
336 1776
337 535
337 669
337 926
337 968
337 1149
337 1279
337 1318
337 1372
337 1863
338 369
338 655
338 695
338 775
338 886
338 1265
338 1402
338 1428
338 1477
338 1511
339 964
339 1037
339 1586
339 1837
339 1883
340 363
340 447
340 463
340 892
340 1255
340 1378
340 1413
340 1514
340 1526
340 1591
341 473
341 553
341 565
341 852
341 906
341 1013
341 1450
341 1886
342 684
342 737
342 775
342 792
342 1080
342 1305
342 1307
342 1394
342 1630
342 1892
343 547
343 650
343 867
343 953
343 954
343 1014
343 1113
343 1324
343 1537
343 1641
343 1898
344 525
344 652
344 758
344 795
344 1333
344 1437
344 1550
344 1781
345 575
345 733
345 741
345 852
345 1189
345 1269
345 1395
345 1450
345 1576
345 1733
345 1756
345 1862
346 551
346 770
346 925
346 1148
346 1157
346 1164
346 1323
346 1334
346 1949
347 426
347 903
347 1057
348 1100
348 1135
348 1340
348 1407
348 1509
349 450
349 496
349 624
349 829
349 910
349 1144
349 1230
350 354
350 372
350 621
350 821
350 1262
350 1270
350 1674
350 1797
350 1848
351 509
351 636
351 781
351 859
351 1021
351 1093
351 1157
351 1188
351 1212
351 1303
351 1346
351 1552
351 1798
352 514
352 638
352 784
352 1044
352 1202
352 1205
352 1421
352 1644
352 1940
352 1994
353 424
353 518
353 692
353 1393
353 1776
354 466
354 700
354 766
354 1059
354 1157
354 1280
354 1301
355 466
355 725
355 1015
355 1118
355 1154
355 1186
355 1309
355 1351
355 1508
356 661
356 772
356 847
356 952
356 962
356 1176
356 1245
356 1371
356 1577
356 1699
356 1753
356 1828
356 1992
357 552
357 627
357 735
357 1042
357 1198
357 1476
357 1674
357 1735
357 1991
358 431
358 838
358 1051
358 1301
358 1490
358 1961
359 614
359 684
359 834
359 845
359 1326
359 1382
359 1631
359 1645
359 1985
360 980
360 1091
360 1134
360 1183
360 1349
360 1539
360 1587
360 1598
360 1847
360 1953
361 497
361 544
361 684
361 765
361 887
361 1248
361 1277
361 1381
361 1588
361 1846
362 519
362 680
362 804
362 939
362 962
363 571
363 734
363 863
363 1137
363 1377
364 466
364 899
364 1130
364 1622
364 1684
364 1758
365 585
365 626
365 776
365 863
365 924
365 1053
365 1657
365 1722
365 1909
366 417
366 531
366 1001
366 1120
366 1164
366 1500
366 1611
366 1656
367 801
367 986
367 1034
367 1066
367 1079
367 1086
367 1126
367 1127
367 1383
367 1433
368 683
368 1122
368 1643
368 1661
368 1710
368 1730
368 1786
368 1911
368 1995
369 447
369 524
369 594
369 840
369 877
369 1484
369 1548
369 1620
369 1755
369 1990
370 374
370 522
370 695
370 707
370 713
370 891
370 909
370 922
370 1101
371 380
371 427
371 440
371 530
371 906
371 924
371 1093
371 1095
371 1324
371 1798
371 1991
371 1995
372 390
372 515
372 605
372 610
372 630
372 899
372 1330
372 1685
372 1690
372 1787
372 1867
373 580
373 617
373 626
373 925
373 1027
373 1183
373 1281
373 1342
373 1444
373 1564
373 1578
374 402
374 894
374 1518
374 1588
374 1666
374 1797
375 741
375 1120
375 1486
375 1663
375 1829
375 1949
376 525
376 824
376 900
376 1046
376 1176
376 1178
376 1351
376 1483
376 1507
376 1591
376 1712
376 1869
376 1927
376 1941
377 995
377 1089
377 1343
377 1702
377 1744
378 442
378 766
378 801
378 867
378 893
378 995
378 1281
378 1311
378 1552
378 1805
378 1967
379 547
379 873
379 941
379 1054
379 1364
379 1856
379 1935
380 592
380 1459
380 1741
380 1875
380 1925
381 403
381 771
381 798
381 878
381 1057
381 1225
381 1497
381 1538
381 1774
381 1804
381 1856
381 1861
382 474
382 803
382 905
382 1189
382 1478
383 451
383 707
383 1009
383 1046
383 1267
383 1402
383 1665
383 1673
383 1736
383 1763
383 1844
384 556
384 575
384 653
384 772
384 840
384 952
384 1168
384 1364
384 1594
384 1849
384 1925
384 1961
385 402
385 652
385 1161
385 1536
385 1882
386 843
386 1189
386 1215
386 1442
386 1453
386 1730
387 847
387 1030
387 1374
387 1480
387 1751
388 474
388 522
388 933
388 1118
388 1287
388 1540
388 1550
388 1575
388 1650
388 1697
389 436
389 619
389 1084
389 1446
389 1716
390 586
390 645
390 666
390 1000
390 1188
390 1312
390 1490
390 1502
390 1691
390 1710
391 1245
391 1300
391 1406
391 1538
391 1540
391 1795
392 939
392 1168
392 1465
392 1944
393 1352
393 1632
393 1865
393 1906
394 1009
394 1095
394 1252
394 1321
394 1726
394 1964
395 741
395 975
395 1041
395 1113
395 1165
395 1705
395 1749
396 457
396 502
396 683
396 1032
396 1319
396 1504
396 1645
396 1698
397 726
397 745
397 904
397 1365
397 1375
397 1378
397 1819
397 1835
397 1889
397 1945
398 462
398 478
398 572
398 1529
398 1752
399 721
399 1002
399 1474
399 1477
399 1804
399 1930
400 567
400 847
400 1061
400 1077
400 1098
400 1600
400 1706
401 584
401 873
401 889
401 1025
401 1375
401 1595
401 1952
402 487
402 523
402 892
402 1260
402 1403
402 1413
402 1727
402 1781
403 891
403 1143
403 1326
403 1417
403 1463
403 1508
403 1973
404 536
404 678
404 830
404 939
404 1260
404 1307
404 1308
404 1395
404 1589
404 1713
404 1844
405 482
405 1170
405 1799
405 1918
406 742
406 1436
406 1549
406 1985
407 423
407 436
407 625
407 655
407 835
407 1131
407 1161
407 1187
407 1598
407 1935
408 471
408 1135
408 1137
408 1193
408 1330
408 1428
408 1540
408 1760
409 601
409 925
409 1438
409 1480
409 1754
409 1780
409 1811
409 1910
409 2000
410 425
410 896
410 1020
410 1246
410 1535
410 1682
411 674
411 1319
411 1584
411 1656
412 471
412 501
412 548
412 708
412 963
412 1086
412 1125
412 1518
412 1917
412 1930
413 504
413 891
413 1212
413 1216
413 1279
413 1397
413 1464
414 869
414 900
414 1031
414 1450
414 1504
414 1718
414 1915
414 1985
415 820
415 1063
415 1279
416 685
416 831
416 872
416 895
416 904
416 1062
416 1103
416 1353
416 1401
416 1674
416 1690
416 1821
417 511
417 698
417 755
417 1050
417 1182
417 1419
417 1459
417 1490
417 1530
417 1810
417 1885
417 1983
418 448
418 609
418 1533
418 1725
418 1809
419 739
419 770
419 888
419 924
419 1082
419 1328
419 1482
419 1596
419 1620
420 871
420 1172
420 1335
420 1856
420 1915
420 1923
421 468
421 767
421 829
421 916
421 1432
421 1738
422 442
422 760
422 853
422 1436
422 1457
422 1477
422 1478
422 1581
422 1922
423 818
423 886
423 919
423 977
423 1185
423 1246
423 1355
423 1417
423 1751
423 1967
424 486
424 546
424 580
424 717
424 744
424 904
424 949
424 1805
425 532
425 601
425 731
425 1313
425 1336
425 1349
425 1404
425 1729
426 438
426 447
426 534
426 1025
426 1217
426 1274
426 1409
426 1494
426 1666
426 1738
426 1808
426 1850
427 526
427 876
427 934
427 1144
427 1171
427 1182
427 1285
427 1546
427 1849
427 1989
428 885
428 1168
428 1277
428 1510
429 477
429 534
429 594
429 739
429 1573
429 1632
429 1673
429 1724
429 1945
430 859
430 977
430 1277
430 1339
430 1408
430 1724
430 1847
430 1960
431 493
431 499
431 500
431 507
431 548
431 1055
431 1592
431 1851
431 1991
432 439
432 480
432 543
432 625
432 1072
432 1119
432 1290
432 1724
432 1751
433 644
433 975
433 1070
433 1785
434 993
434 1281
434 1480
434 1524
434 1542
434 1633
435 453
435 1276
435 1343
435 1403
435 1444
435 1466
436 471
436 571
436 656
436 660
436 1104
436 1317
436 1416
436 1514
436 1683
436 1744
437 1607
437 1791
437 1894
437 1967
437 1989
438 830
438 833
438 913
438 1070
438 1078
438 1339
438 1394
438 1756
438 1779
439 482
439 629
439 645
439 1363
440 588
440 699
440 911
440 950
440 1049
440 1596
441 688
441 759
441 1094
441 1142
441 1215
441 1620
441 1932
442 592
442 616
442 796
442 862
442 1409
442 1477
442 1525
442 1576
442 1612
442 1632
442 1956
443 584
443 746
443 905
443 1316
443 1547
443 1838
443 1979
444 556
444 719
444 807
444 949
444 1044
444 1598
444 1636
444 1914
444 1999
445 449
445 456
445 494
445 507
445 653
445 766
445 1070
445 1098
445 1354
445 1423
445 1645
446 850
446 1143
446 1215
446 1555
446 1812
446 1905
447 662
447 723
447 1167
447 1371
448 720
448 726
448 740
448 843
448 1103
448 1548
448 1565
448 1742
448 1791
448 1818
449 801
449 870
449 871
449 876
449 941
449 1060
449 1152
449 1342
449 1361
449 1374
449 1457
449 1487
450 612
450 1270
450 1278
450 1769
451 489
451 511
451 732
451 1484
451 1757
451 1854
451 1887
452 501
452 671
452 1051
452 1190
452 1455
453 632
453 658
453 1068
453 1140
453 1242
453 1529
453 1886
454 473
454 701
454 1051
454 1123
454 1406
454 1520
454 1645
455 715
455 788
455 1004
455 1473
455 1506
455 1763
455 1858
456 612
456 1007
456 1019
456 1096
456 1517
456 1950
457 856
457 1119
457 1447
457 1482
457 1563
458 595
458 717
458 790
458 848
458 960
458 1468
459 861
459 892
459 1696
459 1783
459 1936
460 1430
460 1431
460 1784
460 1812
461 487
461 559
461 669
461 679
461 974
461 1011
461 1070
461 1457
461 1496
462 489
462 1257
462 1379
462 1424
462 1908
462 1937
463 829
463 865
463 1034
463 1057
463 1253
463 1316
463 1472
463 1508
463 1574
463 1644
463 1787
463 1829
463 1882
464 778
464 830
464 872
464 931
464 1025
464 1429
464 1562
464 1569
464 1739
464 1851
465 477
465 790
465 913
465 923
465 1469
465 1644
465 1958
466 644
466 837
466 897
466 944
466 967
466 1182
466 1494
466 1859
466 1945
467 603
467 1288
467 1703
467 1753
467 1771
467 1806
468 508
468 548
468 648
468 661
468 710
468 902
468 1075
468 1827
469 710
469 1342
469 1534
470 615
470 689
470 1684
470 1724
470 1805
471 578
471 1447
471 1653
472 513
472 604
472 1126
472 1341
472 1360
472 1371
472 1800
472 1834
472 1902
472 1929
473 567
473 692
473 850
473 911
473 1018
473 1146
473 1172
473 1232
473 1712
473 1894
474 589
474 1188
474 1190
474 1262
474 1455
475 523
475 602
475 956
475 1076
475 1274
475 1307
475 1526
475 1577
475 1725
475 1836
475 1958
476 1032
476 1074
476 1182
476 1989
477 535
477 970
477 1499
478 487
478 784
478 930
478 1142
478 1641
478 1951
479 1273
479 1384
479 1521
479 1659
479 1702
480 489
480 675
480 829
480 1255
480 1343
480 1614
480 1737
480 1762
480 1894
481 581
481 868
481 1068
481 1070
481 1149
481 1233
481 1346
481 1350
481 1476
481 1502
481 1712
481 1745
481 1885
482 650
482 1127
482 1167
482 1440
482 1567
482 1628
482 1660
482 1677
482 1933
483 510
483 529
483 603
483 654
483 685
483 777
483 830
483 1705
484 737
484 804
484 1103
484 1247
484 1678
484 1851
485 671
485 965
485 966
485 969
485 1214
485 1333
485 1431
485 1869
485 1887
486 651
486 941
486 1022
486 1535
486 1691
486 1832
487 742
487 1008
487 1490
487 1574
487 1721
487 1985
488 646
488 704
488 860
488 1255
488 1477
488 1484
488 1486
488 1917
489 597
489 639
489 694
489 1054
489 1188
489 1279
489 1305
489 1486
489 1613
490 788
490 826
490 971
490 1038
490 1089
490 1346
491 512
491 771
491 891
491 1106
491 1175
491 1284
491 1706
491 1890
492 535
492 705
492 859
492 990
492 1235
492 1415
492 1507
493 794
493 945
493 1037
493 1055
493 1103
493 1303
493 1958
494 522
494 550
494 1233
494 1471
494 1511
494 1673
495 889
495 902
495 1985
495 1986
496 862
496 872
496 951
496 955
496 1005
496 1149
496 1224
496 1301
496 1863
497 902
497 1216
497 1317
497 1355
497 1632
497 1694
498 514
498 553
498 723
498 819
498 834
498 1172
498 1255
498 1279
498 1338
498 1714
499 533
499 752
499 1294
499 1393
499 1655
499 1754
500 566
500 583
500 602
500 627
500 671
500 911
500 1109
500 1268
500 1286
500 1362
500 1493
500 1977
501 680
501 949
501 1266
501 1977
502 733
502 1079
502 1281
502 1510
503 582
503 1133
503 1516
503 1925
503 1987
504 835
504 1487
504 1880
505 588
505 753
505 881
505 1074
505 1246
505 1361
505 1388
505 1519
505 1589
505 1698
505 1796
505 1888
506 542
506 601
506 866
506 1068
506 1209
506 1291
506 1540
506 1695
506 1712
507 568
507 878
507 943
507 1061
507 1098
507 1142
507 1292
507 1532
507 1871
507 1998
508 855
508 1009
508 1035
508 1180
508 1309
508 1440
508 1495
508 1548
508 1665
508 1819
508 1835
508 1923
509 632
509 848
509 980
509 1058
509 1177
509 1199
509 1727
509 1898
509 1934
510 584
510 731
510 767
510 1069
510 1083
510 1291
510 1468
510 1782
510 1896
511 587
511 657
511 777
511 1033
511 1530
511 1611
511 1676
511 1965
512 523
512 613
512 780
512 1519
512 1761
513 609
513 716
513 720
513 1588
513 1678
513 1680
513 1889
513 1998
514 808
514 1101
514 1172
514 1309
514 1552
514 1632
514 1816
515 537
515 1121
515 1350
515 1371
515 1443
515 1713
515 1797
515 1838
516 540
516 742
516 787
516 957
516 1028
516 1187
516 1319
516 1405
517 838
517 909
517 1040
517 1140
517 1487
518 563
518 927
518 1205
518 1324
518 1335
518 1455
518 1530
518 1736
518 1895
518 1983
519 858
519 1029
519 1598
519 1792
519 1991
519 1993
520 715
520 766
520 905
520 924
520 1006
520 1070
520 1096
520 1434
520 1654
521 1010
521 1062
521 1203
521 1294
521 1658
521 1707
521 1830
522 537
522 733
522 945
522 1118
522 1132
522 1226
522 1282
522 1490
522 1553
522 1576
522 1761
523 1203
523 1260
523 1655
523 1823
523 1909
523 1936
523 1985
524 561
524 893
524 1070
524 1120
524 1317
524 1473
524 1775
524 1804
524 1991
524 1994
525 641
525 753
525 900
525 971
525 1023
525 1050
525 1095
525 1384
525 1397
525 1902
526 834
526 1525
526 1599
526 1889
527 618
527 828
527 878
527 1241
527 1263
527 1269
527 1295
527 1301
527 1327
527 1347
527 1477
527 1716
528 756
528 969
528 1269
528 1731
529 649
529 865
529 1203
529 1386
529 1504
529 1669
530 680
530 753
530 856
530 1732
530 1885
531 560
531 915
531 1086
531 1326
531 1350
531 1626
531 1684
531 1707
532 572
532 911
532 1152
532 1277
532 1410
532 1837
533 781
533 993
533 1118
533 1158
533 1323
533 1360
533 1440
533 1519
533 1844
533 1908
533 1959
534 593
534 651
534 663
534 833
534 1012
534 1176
534 1213
534 1326
534 1371
534 1415
534 1702
535 618
535 1359
535 1552
535 1751
536 872
536 1117
536 1502
536 1612
536 1783
536 1860
536 1866
537 729
537 1180
537 1451
537 1655
537 1733
537 1828
537 1861
538 990
538 1208
538 1357
538 1478
538 1685
539 658
539 883
539 1268
539 1270
539 1384
539 1422
539 1983
540 839
540 1667
540 1875
541 876
541 899
541 967
541 1075
541 1099
541 1691
542 840
542 911
542 1021
542 1096
542 1445
543 662
543 668
543 864
543 912
543 1016
543 1281
543 1644
543 1901
544 701
544 749
544 1057
544 1292
544 1477
544 1631
545 680
545 684
545 1267
545 1311
545 1526
545 1778
545 1854
546 1121
546 1482
546 1586
546 1605
546 1674
546 1783
547 868
547 996
547 1392
547 1582
547 1719
547 1945
547 1957
548 667
548 724
548 749
548 1149
548 1165
548 1239
548 1537
548 1695
548 1807
548 1958
549 757
549 913
549 1244
549 1552
549 1684
549 1921
549 1999
550 947
550 980
550 1012
550 1312
550 1473
550 1602
550 1688
550 1770
550 1924
551 569
551 638
551 653
551 1116
551 1819
551 1920
552 775
552 862
552 1000
552 1127
552 1369
552 1461
552 1496
552 1873
552 1964
553 822
553 995
553 1330
553 1372
553 1558
553 1725
553 1813
553 1893
553 1925
553 1990
554 584
554 613
554 626
554 1321
554 1377
554 1447
554 1527
554 1616
554 1705
554 1871
554 1928
554 1972
555 782
555 795
555 810
555 899
555 1077
555 1327
555 1355
555 1386
555 1529
555 1847
555 1985
556 616
556 630
556 690
556 798
556 799
556 1186
556 1196
556 1383
556 1385
556 1400
556 1533
556 1538
557 654
557 928
557 1101
557 1487
557 1569
557 1752
557 1946
558 590
558 775
558 1264
558 1557
559 921
559 1177
559 1186
559 1258
559 1401
559 1663
559 1999
560 681
560 748
560 838
560 935
560 1208
560 1209
560 1387
560 1788
560 1808
561 777
561 857
561 1337
561 1351
561 1352
561 1647
562 750
562 775
562 1016
562 1097
562 1420
562 1568
562 1683
562 1689
563 770
563 800
563 871
563 1121
563 1302
563 1506
563 1706
564 641
564 736
564 1384
564 1645
564 1692
564 1969
565 614
565 804
565 891
565 1510
565 1656
565 1700
565 1706
565 1811
566 725
566 768
566 852
566 1014
566 1391
566 1739
566 1891
566 1987
567 869
567 900
567 989
567 1228
567 1666
568 585
568 639
568 710
568 1227
568 1228
568 1485
568 1720
569 670
569 1232
569 1540
569 1920
569 1962
570 677
570 1179
570 1257
570 1575
571 628
571 640
571 646
571 680
571 864
571 1166
571 1542
571 1551
572 610
572 799
572 886
572 929
572 1092
572 1145
572 1204
572 1486
572 1610
572 1644
572 1906
572 1926
573 1367
573 1449
573 1708
573 1806
573 1857
573 1953
573 1979
573 1994
574 653
574 668
574 920
574 1098
574 1177
574 1285
574 1315
575 762
575 1035
575 1572
575 1787
576 635
576 856
576 1039
576 1288
576 1391
576 1559
576 1672
577 784
577 1022
577 1183
577 1296
577 1848
577 1861
578 608
578 613
578 841
578 847
578 924
578 958
578 1374
578 1425
578 1569
578 1918
578 1992
579 907
579 1063
579 1474
579 1526
579 1607
579 1893
580 901
580 1167
580 1819
580 1943
581 642
581 725
581 1081
581 1307
581 1359
581 1407
581 1461
581 1757
581 1919
582 732
582 739
583 1226
583 1258
583 1336
583 1444
583 1805
584 625
584 727
584 1217
584 1855
584 1987
585 998
585 1080
585 1088
585 1355
585 1530
585 1653
585 1692
585 1743
586 804
586 882
586 913
586 960
586 974
586 1017
586 1718
586 1757
586 1760
586 1997
587 863
587 1017
587 1040
587 1107
587 1141
587 1629
587 1643
587 1741
587 1955
588 882
588 1485
588 1661
588 1664
588 1782
588 1877
589 671
589 677
589 707
589 865
589 1086
589 1166
589 1188
589 1574
589 1580
589 1671
589 1730
589 1823
590 679
590 714
590 782
590 830
590 904
590 1136
590 1785
590 1834
590 1931
591 679
591 1537
591 1570
591 1648
591 1826
591 1872
592 733
592 1197
592 1282
592 1474
592 1483
592 1624
592 1756
592 1824
592 1976
592 1993
593 595
593 808
593 955
593 1046
593 1268
593 1273
593 1673
593 1721
593 1732
593 1792
593 1818
593 1849
594 609
594 722
594 821
594 1005
594 1212
594 1471
594 1481
594 1542
595 656
595 1702
596 937
596 988
596 1131
596 1240
596 1402
596 1478
596 1497
597 634
597 652
597 693
597 794
597 900
597 1026
597 1281
597 1443
597 1766
597 1980
598 687
598 807
598 819
598 927
598 959
598 1001
598 1091
598 1144
598 1256
598 1467
598 1560
598 1643
598 1863
598 1989
599 1303
599 1344
599 1566
599 1665
600 725
600 862
600 968
600 979
600 1078
600 1254
600 1270
600 1441
600 1829
600 1947
600 1976
601 1191
601 1431
601 1432
601 1642
601 1726
601 1764
601 1777
601 1920
602 604
602 893
602 1516
602 1523
602 1546
602 1626
602 1683
602 1846
602 1872
603 632
603 757
603 787
603 1395
603 1583
603 1660
603 1792
603 1927
604 629
604 1052
604 1083
604 1258
604 1444
604 1678
604 1889
605 1160
605 1758
605 1792
605 1980
606 797
606 918
606 1102
606 1796
606 1998
607 706
607 740
607 793
607 824
607 988
607 1030
607 1126
607 1723
607 1769
608 614
608 869
608 954
608 965
608 1266
608 1286
608 1365
608 1481
608 1628
608 1740
608 1849
609 983
609 1035
609 1102
609 1354
609 1396
609 1484
609 1727
610 824
610 1051
610 1065
610 1152
610 1357
610 1576
611 631
611 1135
611 1150
611 1630
611 1724
612 736
612 776
612 832
612 886
612 962
612 1101
612 1190
612 1324
612 1368
612 1430
612 1530
612 1595
612 1788
612 1839
613 673
613 841
613 881
613 935
613 1153
613 1852
614 733
614 743
614 763
614 921
614 1196
614 1295
614 1365
614 1512
614 1626
614 1716
614 1775
614 1809
614 1980
615 743
615 1019
615 1244
615 1560
615 1705
615 1726
615 1920
616 654
616 836
616 853
616 925
616 1437
616 1442
616 1555
616 1637
616 1860
617 1034
617 1040
617 1097
617 1690
617 1991
618 736
618 788
618 790
618 961
618 978
618 1104
618 1356
618 1822
619 792
619 901
619 1052
619 1320
619 1349
619 1669
619 1913
620 1235
620 1415
620 1473
620 1516
620 1903
621 1047
621 1363
621 1404
621 1442
622 788
622 939
622 1003
622 1176
622 1337
622 1443
622 1681
623 923
623 1188
623 1380
623 1449
623 1476
623 1544
623 1783
623 1836
623 1859
623 1878
624 996
624 1290
624 1919
625 899
625 1261
625 1293
625 1555
625 1797
625 1896
626 929
626 1194
626 1328
626 1349
626 1958
627 703
627 814
627 1089
627 1410
627 1463
627 1873
628 742
628 770
628 1045
628 1487
628 1595
628 1638
628 1768
628 1826
628 1953
629 648
629 701
629 705
629 976
629 1537
629 1951
630 653
630 686
630 1454
630 1911
630 1985
631 883
631 1001
631 1062
631 1081
631 1278
631 1883
632 702
632 762
632 782
632 991
632 1084
632 1410
633 808
633 1048
633 1169
633 1213
633 1320
633 1656
633 1843
633 1861
633 1975
634 669
634 715
634 752
634 1347
635 678
635 812
635 841
635 864
635 1133
635 1281
635 1364
635 1382
635 1411
635 1581
635 1596
636 833
636 1010
636 1066
636 1389
636 1476
636 1502
636 1523
636 1598
636 1937
636 1943
637 1313
637 1393
637 1659
637 1690
637 1696
637 1881
638 658
638 818
638 892
638 1050
638 1398
638 1492
638 1665
638 1734
638 1802
638 1973
639 880
639 974
639 1296
639 1371
639 1395
639 1410
639 1427
639 1441
639 1492
639 1759
639 1765
639 1825
639 1901
639 1990
640 704
640 1045
640 1068
640 1075
640 1126
640 1311
640 1574
640 1605
640 1670
640 1880
641 670
641 683
641 714
641 824
641 909
641 1024
641 1100
641 1294
641 1295
641 1323
641 1551
641 1602
641 1692
641 1925
641 1935
641 1952
642 730
642 858
642 1145
642 1203
642 1236
642 1627
642 1660
642 1683
642 1735
642 1816
643 829
643 1562
643 1625
644 749
644 751
644 800
644 818
644 1035
644 1242
644 1359
644 1471
644 1816
644 1854
645 694
645 728
645 1366
645 1441
645 1718
645 1852
646 682
646 684
646 732
646 744
646 973
646 998
647 1041
647 1421
647 1586
647 1622
647 1637
647 1725
647 1805
647 1820
648 775
648 977
648 1182
648 1378
648 1425
648 1516
648 1635
648 1848
649 658
649 700
649 793
649 804
649 1335
649 1525
649 1581
649 1904
649 1914
649 1923
649 1987
650 778
650 791
650 882
650 1519
650 1750
650 1956
651 711
651 764
651 875
651 980
651 1439
651 1667
651 1931
651 1968
652 764
652 802
652 1093
652 1128
652 1212
652 1452
652 1478
652 1572
652 1899
652 1929
653 686
653 782
653 1674
653 1763
654 1304
654 1537
654 1619
654 1876
654 1993
655 791
655 1233
655 1361
655 1812
655 1968
656 764
656 1223
656 1243
656 1430
656 1534
657 986
657 994
657 1588
657 1597
657 1657
657 1719
657 1738
657 1790
657 1829
658 659
658 697
658 987
658 1114
658 1216
658 1218
658 1344
658 1465
658 1568
658 1868
658 1948
659 758
659 867
659 1089
659 1651
659 1960
660 865
660 1252
660 1289
660 1729
660 1776
660 1997
661 886
661 985
661 1013
661 1022
661 1192
661 1321
661 1544
662 682
662 1074
662 1207
662 1372
662 1686
663 834
663 1039
663 1081
663 1358
663 1542
663 1576
663 1856
664 685
664 721
664 799
664 903
664 1070
664 1082
664 1254
664 1326
664 1369
664 1642
664 1694
664 1723
664 1751
665 696
665 842
665 1201
665 1470
665 1795
665 1908
665 1910
665 1982
666 712
666 1354
666 1405
666 1530
666 1805
667 809
667 1086
667 1772
667 1953
668 912
668 946
668 1011
668 1292
668 1554
668 1561
668 1693
669 852
669 857
669 964
669 1106
669 1150
669 1435
669 1649
669 1700
669 1989
670 736
670 861
670 1289
670 1298
670 1317
670 1939
670 1956
671 725
671 891
671 1077
671 1103
671 1136
671 1173
671 1191
671 1269
671 1811
671 1831
671 1835
672 767
672 1442
672 1471
672 1570
672 1812
673 1439
673 1971
674 808
674 898
674 1029
674 1787
675 1257
675 1452
675 1485
675 1678
675 1698
675 1755
676 788
676 830
676 1511
676 1794
677 887
677 1257
677 1536
677 1611
677 1851
678 713
678 1257
678 1318
678 1688
678 1854
678 1855
678 1937
679 697
679 1185
679 1316
679 1425
679 1450
679 1462
679 1592
679 1741
679 1765
679 1972
680 740
680 932
680 1191
680 1500
680 1795
681 713
681 777
681 821
681 900
681 1069
681 1360
681 1612
681 1745
681 1896
681 1930
681 1983
682 982
682 1094
682 1128
682 1553
682 1650
682 1682
682 1757
683 734
683 980
683 1053
683 1075
683 1202
683 1349
683 1444
683 1566
683 1808
683 1875
684 735
684 1079
684 1155
684 1265
684 1347
684 1442
684 1531
684 1557
684 1783
684 1879
685 860
685 935
685 966
685 1196
685 1296
685 1521
685 1625
686 701
686 724
686 992
687 740
687 991
687 1050
687 1170
687 1368
687 1541
687 1749
688 698
688 1130
688 1196
688 1221
688 1274
688 1332
688 1436
689 841
689 867
689 870
689 1663
689 1748
689 1826
689 1836
689 1910
690 735
690 752
690 988
690 1080
690 1108
690 1431
690 1575
690 1644
690 1660
690 1939
691 906
691 1049
691 1216
691 1781
691 1824
691 1863
692 1013
692 1061
692 1461
692 1709
692 1963
693 947
693 1004
693 1510
693 1549
693 1677
693 1802
693 1868
693 1956
694 966
694 1038
694 1092
694 1100
694 1160
694 1367
694 1388
694 1403
694 1487
694 1626
694 1791
695 765
695 1198
695 1575
696 987
696 1198
696 1312
696 1377
696 1399
696 1404
696 1447
696 1528
696 1748
696 1804
696 1839
696 1885
696 1904
696 1973
697 776
697 992
697 1106
697 1214
697 1231
697 1370
697 1652
697 1653
697 1695
697 1920
698 719
698 866
698 1161
698 1253
698 1336
698 1797
698 1910
699 798
699 928
699 1110
699 1208
699 1462
699 1793
699 1999
700 722
700 883
700 905
700 1611
700 1754
700 1875
701 869
701 910
701 1043
701 1167
701 1326
701 1523
701 1713
702 891
702 1027
702 1341
702 1368
702 1552
702 1963
703 1428
703 1797
704 1068
704 1382
704 1534
704 1633
704 1800
704 1813
704 1899
705 1015
705 1037
705 1071
705 1196
705 1403
705 1439
705 1463
705 1806
705 1876
706 995
706 1442
706 1456
706 1844
706 1861
706 1925
707 1287
707 1481
707 1552
707 1785
708 1081
708 1240
708 1257
708 1326
708 1328
708 1334
708 1359
708 1685
708 1904
709 795
709 814
709 1055
709 1404
709 1450
709 1586
709 1657
710 841
710 1235
710 1254
710 1264
710 1353
710 1934
711 984
711 990
711 1150
711 1433
711 1534
711 1581
712 962
712 1089
712 1265
712 1357
712 1520
712 1644
712 1836
713 848
713 947
713 1230
713 1476
713 1788
713 1813
713 1913
713 1998
714 900
714 1473
714 1521
714 1610
714 1767
714 1869
715 722
715 778
715 832
715 1549
715 1970
716 946
716 972
716 1084
716 1187
716 1272
716 1852
717 787
717 795
717 1007
717 1263
717 1534
717 1723
717 1739
718 814
718 917
718 1520
718 1576
718 1580
718 1792
718 1944
718 1971
718 1975
719 1114
719 1301
719 1701
719 1941
720 748
720 1016
720 1387
720 1946
720 1994
721 802
721 811
721 884
721 951
721 974
721 1016
721 1074
721 1527
721 1780
722 919
722 963
722 1104
722 1120
722 1443
722 1494
722 1510
722 1687
722 1714
722 1721
722 1824
722 1957
723 732
723 794
723 1214
723 1314
723 1354
723 1555
723 1762
723 1874
723 1884
724 1018
724 1202
724 1315
724 1631
724 1919
724 1963
725 761
725 767
725 876
725 998
725 1074
725 1277
725 1344
725 1628
725 1633
725 1716
725 1725
725 1923
725 1932
725 1933
726 764
726 809
726 1175
726 1483
726 1637
726 1724
727 866
727 878
727 1098
727 1228
727 1325
727 1403
727 1549
727 1993
728 1425
728 1624
728 1683
728 1787
729 960
729 1012
729 1327
729 1337
729 1731
729 1793
729 1832
729 1870
730 1072
730 1128
730 1181
730 1253
730 1259
730 1314
730 1453
730 1954
731 1119
731 1132
731 1541
731 1605
731 1618
731 1700
731 1759
731 1929
732 903
732 986
732 1060
732 1124
732 1178
732 1787
733 1184
733 1260
733 1327
733 1344
733 1612
733 1750
734 1264
734 1331
734 1918
735 761
735 894
735 904
735 1173
735 1553
736 891
736 1142
736 1438
737 777
737 972
737 985
737 1099
737 1196
737 1361
737 1371
737 1440
737 1641
737 1835
737 1888
737 1940
738 772
738 911
738 1052
738 1225
738 1385
738 1410
738 1433
738 1460
738 1491
738 1606
738 1987
739 1239
740 809
740 844
740 975
740 1063
740 1292
740 1443
740 1453
740 1475
740 1503
740 1531
740 1818
741 761
741 1355
741 1414
741 1461
741 1557
741 1906
742 907
742 1083
742 1268
742 1520
742 1608
742 1624
742 1665
742 1700
742 1716
742 1782
742 1802
742 1852
742 1964
742 1983
743 753
743 1192
743 1585
743 1725
743 1990
744 818
744 887
744 1113
744 1324
744 1354
744 1389
744 1427
744 1604
744 1796
744 1897
745 1000
745 1082
745 1108
745 1657
746 924
746 949
746 1646
746 1663
746 1720
746 1765
747 859
747 1093
747 1275
747 1483
747 1529
747 1864
748 922
748 1405
748 1845
748 1853
749 943
749 1066
749 1353
749 1586
749 1670
749 1738
749 1742
750 785
750 1214
750 1276
750 1294
750 1633
750 1880
750 1986
751 1388
751 1395
751 1519
751 1638
751 1918
751 1933
752 1010
752 1020
752 1100
753 880
753 1454
753 1730
754 858
754 1041
754 1231
754 1615
754 1636
755 910
755 1010
755 1108
755 1305
755 1586
755 1626
755 1796
756 1023
756 1265
756 1535
756 1690
756 1792
756 1817
757 865
757 988
757 1286
757 1696
758 760
758 793
758 1149
758 1361
758 1647
758 1798
758 1804
758 1950
759 768
759 902
759 1179
759 1184
759 1302
759 1458
759 1674
759 1976
760 770
760 805
760 1072
760 1176
760 1179
760 1231
760 1695
760 1740
760 1814
760 1836
761 1058
761 1093
761 1240
761 1583
761 1624
761 1738
762 1370
762 1645
762 1844
763 812
763 1141
763 1833
763 1846
764 1179
764 1482
764 1764
764 1977
765 879
765 895
765 974
765 1134
765 1403
765 1445
765 1446
765 1606
765 1772
766 1092
766 1094
766 1156
766 1515
766 1526
766 1877
766 1914
767 804
767 1048
767 1120
767 1133
767 1777
767 1787
767 1812
767 1956
768 804
768 826
768 869
768 934
768 936
768 1544
768 1596
768 1644
768 1953
769 959
769 980
769 1035
769 1289
769 1481
769 1589
769 1695
769 1836
770 780
770 888
770 1012
770 1102
770 1243
770 1298
770 1782
770 1861
770 1910
770 1926
770 1983
771 789
771 1016
771 1021
771 1129
771 1247
771 1328
771 1644
771 1705
771 1789
771 1886
771 1890
771 1987
771 1989
772 879
772 997
772 1102
772 1362
772 1371
773 984
773 1100
773 1492
773 1624
774 1043
774 1191
774 1225
774 1337
774 1433
774 1864
775 1044
775 1164
775 1204
775 1273
775 1353
775 1465
775 1701
775 1933
776 1289
776 1323
776 1454
776 1470
776 1592
776 1865
777 780
777 950
777 1231
777 1575
777 1804
777 1977
778 1025
778 1029
778 1050
778 1079
778 1454
778 1503
778 1829
778 1988
779 970
779 986
779 1645
779 1769
779 1806
779 1945
780 1139
780 1188
780 1255
780 1347
780 1548
780 1598
780 1683
781 1263
781 1383
781 1448
781 1747
781 1794
782 1072
782 1493
782 1687
782 1906
783 813
783 1137
783 1227
784 851
784 991
784 1056
784 1535
785 1116
785 1236
785 1622
785 1875
786 1237
786 1355
786 1443
786 1577
786 1777
786 1789
786 1955
787 983
787 1105
787 1494
787 1580
788 821
788 992
788 1142
788 1552
788 1776
789 823
789 872
789 990
789 1026
789 1043
789 1063
789 1205
789 1243
789 1349
789 1932
790 1002
790 1169
790 1534
790 1933
791 836
791 844
791 899
791 981
791 1072
791 1382
791 1674
791 1824
791 1834
791 1915
792 1042
792 1279
792 1471
792 1671
793 1522
793 1583
793 1853
794 798
794 1079
794 1433
794 1820
794 1968
795 812
795 920
795 1930
796 999
796 1167
796 1201
796 1553
796 1684
796 1991
797 1120
797 1150
797 1197
797 1302
797 1328
797 1344
797 1479
797 1689
797 1784
797 1826
797 1915
798 1561
798 1569
798 1747
798 1914
799 1032
799 1473
799 1806
799 1857
799 1932
800 1053
800 1506
800 1517
800 1714
801 1222
801 1775
802 1251
802 1255
802 1639
803 876
803 1004
803 1151
803 1161
803 1182
803 1307
803 1340
803 1361
803 1546
803 1581
803 1964
803 1973
804 1021
804 1219
804 1366
804 1507
804 1525
804 1960
805 1159
805 1236
805 1562
806 839
806 1083
806 1213
806 1252
806 1397
806 1831
806 1914
806 1990
807 1107
807 1674
807 1680
807 1709
807 1808
807 1975
808 901
808 1025
808 1118
808 1266
808 1354
808 1453
808 1523
809 839
809 887
809 1031
809 1139
809 1293
809 1974
810 965
810 1112
810 1205
810 1252
810 1306
810 1563
810 1960
811 1705
811 1952
812 1020
812 1122
812 1166
812 1325
812 1344
812 1830
813 826
813 970
813 1031
813 1261
813 1324
813 1414
813 1628
813 1743
813 1765
813 1794
813 1802
813 1884
814 1565
814 1634
815 1315
815 1459
815 1765
815 1833
816 863
816 912
816 1049
816 1518
816 1592
816 1804
816 1819
816 1841
817 1021
817 1333
817 1402
817 1597
817 1670
817 1879
818 1176
818 1358
818 1414
818 1426
818 1553
819 945
819 1123
819 1491
819 1700
819 1803
820 939
820 999
820 1442
820 1524
820 1536
820 1679
820 1763
820 1864
821 1115
821 1363
821 1515
821 1615
821 1705
821 1842
821 1912
822 894
822 909
822 1351
822 1730
822 1904
823 1000
823 1351
823 1476
823 1677
823 1758
823 1879
824 960
824 1339
824 1402
824 1647
824 1738
824 1751
824 1932
825 1287
825 1512
825 1632
825 1676
825 1797
826 842
826 960
826 1065
826 1099
826 1662
826 1774
826 1947
827 869
827 884
827 887
827 902
827 1103
827 1178
827 1235
827 1457
827 1565
827 1630
827 1849
828 937
828 1527
828 1540
828 1544
828 1817
829 1392
829 1450
829 1606
829 1679
829 1786
830 1066
830 1288
830 1424
830 1426
830 1844
831 938
831 1226
831 1270
831 1313
831 1333
831 1828
831 1931
831 1953
832 1056
832 1441
832 1482
832 1491
832 1524
832 1526
833 906
833 1139
833 1530
833 1680
833 1758
833 1789
833 1835
834 963
834 1082
834 1289
834 1387
834 1798
834 1853
835 1670
836 894
836 925
836 1046
836 1080
836 1180
836 1219
836 1600
836 1689
836 1707
836 1942
837 852
837 943
837 1613
838 1068
838 1389
838 1825
838 1855
839 1022
839 1046
839 1658
839 1692
839 1726
839 1772
839 1827
839 1850
840 931
840 1342
840 1544
840 1782
840 1801
840 1879
840 1914
841 1115
841 1194
841 1238
841 1335
841 1580
841 1653
841 1828
841 1890
842 872
842 1036
842 1421
842 1746
842 1918
843 956
843 1047
843 1252
843 1535
844 899
844 1021
844 1053
844 1307
844 1309
844 1598
844 1736
844 1898
844 1908
844 1923
845 959
845 978
845 1033
845 1871
845 1940
845 1980
846 1064
846 1075
846 1144
846 1526
846 1597
846 1601
846 1857
847 1012
847 1106
847 1294
847 1355
848 993
848 1041
848 1748
849 1040
849 1303
849 1494
849 1530
849 1586
849 1719
850 1219
850 1220
850 1401
850 1939
851 931
851 1793
852 966
852 1063
852 1116
852 1222
852 1283
852 1568
853 859
853 899
853 1127
853 1151
853 1321
853 1488
853 1564
854 1094
854 1300
854 1328
854 1662
855 998
855 1250
855 1688
855 1819
855 1872
856 1535
856 1633
857 912
857 963
857 1515
857 1688
857 1792
857 1909
858 973
858 1025
858 1142
858 1276
858 1421
858 1556
858 1933
859 1306
859 1461
859 1743
860 901
860 916
860 952
860 1274
860 1481
860 1644
860 1688
861 1365
861 1627
861 1786
861 1982
862 1024
862 1202
862 1296
862 1308
862 1545
862 1587
862 1942
863 1146
863 1479
863 1561
863 1944
864 925
864 1156
864 1387
865 1050
865 1404
865 1518
865 1735
866 923
866 985
866 1415
866 1481
866 1492
866 1613
866 1790
866 1889
867 1006
867 1063
867 1132
867 1954
868 1151
868 1270
868 1314
868 1500
868 1685
869 915
869 1101
869 1119
869 1623
869 1727
870 875
871 880
871 1090
871 1222
871 1316
871 1457
871 1509
871 1737
871 1814
871 1983
872 1332
872 1337
872 1700
873 1014
873 1049
873 1100
873 1106
873 1294
873 1637
873 1711
873 1913
873 1935
874 884
874 1103
874 1269
874 1288
874 1376
874 1531
875 1962
875 1963
876 1517
876 1564
876 1705
877 948
877 950
877 1314
877 1501
877 1870
878 906
878 1234
878 1706
878 1950
879 1064
879 1155
879 1392
879 1799
879 1855
879 1885
880 1005
880 1207
880 1431
880 1536
880 1733
881 921
881 951
881 1076
881 1211
881 1578
881 1601
881 1722
881 1801
881 1864
881 1939
882 901
882 1320
882 1325
882 1450
882 1665
882 1776
883 1902
884 1009
884 1043
884 1132
884 1150
884 1234
884 1250
884 1397
884 1447
885 1282
885 1597
885 1647
886 985
886 1093
886 1251
887 904
887 1320
887 1337
887 1434
887 1597
887 1784
888 1010
888 1129
888 1228
888 1287
888 1531
888 1580
888 1786
888 1954
888 1958
889 937
889 1194
889 1558
889 1889
889 1970
890 1010
890 1113
890 1328
890 1653
890 1660
890 1717
890 1902
890 1936
890 1949
891 1467
891 1640
892 1149
892 1350
892 1693
892 1703
892 1789
892 1985
893 1394
893 1730
893 1901
894 1018
894 1413
894 1498
895 1105
895 1285
895 1498
895 1903
896 1354
897 1183
897 1507
897 1521
897 1543
897 1594
897 1810
898 999
898 1439
898 1495
899 1685
899 1876
900 1238
900 1574
900 1581
900 1645
900 1697
901 915
901 1031
901 1193
901 1381
901 1476
901 1750
901 1816
901 1836
901 1876
901 1944
902 1360
902 1624
903 947
903 1004
903 1101
903 1186
903 1225
903 1243
903 1310
903 1888
903 1965
904 1046
904 1102
904 1210
904 1362
904 1962
905 1048
905 1523
905 1647
906 941
906 981
906 1024
906 1467
906 1507
906 1557
906 1852
907 1009
907 1808
907 1884
908 967
908 995
908 1031
908 1444
908 1534
908 1728
908 1872
909 1009
909 1271
909 1462
910 938
910 1080
910 1178
910 1579
910 1610
910 1671
911 946
911 950
911 1117
911 1247
911 1451
911 1500
911 1599
911 1632
911 1652
911 1806
911 1927
911 1979
911 1988
912 1627
912 1927
913 1111
913 1124
913 1486
913 1507
913 1510
913 1616
913 1912
914 979
914 1147
914 1866
914 1956
914 1972
915 930
915 1087
915 1280
915 1479
915 1631
916 1026
916 1213
916 1363
916 1418
916 1732
916 1912
917 968
917 1190
917 1249
917 1256
917 1258
917 1584
917 1652
917 1682
917 1691
917 1774
918 952
918 1419
918 1465
918 1642
919 993
919 1217
919 1359
919 1502
919 1541
919 1544
919 1719
919 1807
919 1830
919 1971
920 1437
920 1855
920 1934
921 1009
921 1360
921 1496
921 1935
922 1140
922 1254
922 1257
922 1330
922 1485
922 1624
923 974
923 1281
923 1746
924 978
924 1554
924 1563
925 970
925 1015
925 1042
925 1150
925 1157
925 1455
925 1893
925 1935
925 1963
926 1090
926 1335
926 1362
926 1491
926 1530
927 1000
927 1040
927 1045
927 1112
927 1169
927 1214
927 1224
927 1523
927 1741
927 1852
928 1004
928 1055
928 1209
928 1223
928 1294
928 1446
928 1737
929 1124
929 1225
929 1481
929 1612
929 1620
929 1718
929 1871
930 1152
930 1380
930 1398
930 1602
930 1975
931 1384
931 1801
931 1890
931 1980
932 1102
932 1140
932 1669
932 1823
933 1450
933 1589
933 1609
933 1681
933 1954
934 941
934 1670
934 1720
934 1890
935 1132
935 1290
935 1396
935 1423
935 1641
935 1657
935 1846
936 1146
936 1315
936 1406
936 1476
936 1681
936 1782
936 1790
936 1946
936 1950
936 1990
937 940
937 1103
937 1702
937 1775
937 1795
937 1842
938 1144
938 1604
939 1176
939 1281
939 1502
939 1987
939 1997
940 1045
940 1114
941 1419
941 1685
942 1018
942 1442
942 1718
943 1125
943 1159
943 1539
943 1993
944 1879
944 1883
944 1890
945 993
945 1179
945 1583
945 1710
945 1987
946 1078
946 1789
946 1836
947 1006
947 1070
947 1182
947 1329
947 1388
947 1484
947 1592
947 1773
948 994
948 1095
948 1634
948 1695
948 1781
948 1789
949 996
949 1080
949 1081
949 1425
949 1446
949 1817
949 1918
950 1125
950 1165
950 1349
950 1972
951 975
951 1097
951 1205
951 1663
951 1748
951 1983
952 999
952 1076
952 1104
952 1120
952 1187
952 1284
952 1385
952 1422
952 1622
952 1638
952 1818
952 1912
952 1919
953 1309
953 1493
953 1987
954 1137
954 1211
954 1222
954 1806
954 1894
954 1954
954 1975
955 1068
955 1363
955 1421
955 1539
955 1727
955 1858
955 1888
955 1890
956 1513
956 1544
956 1662
957 1014
957 1153
957 1514
957 1708
958 1287
958 1448
958 1686
959 982
959 992
959 1114
959 1570
960 1202
960 1304
960 1462
960 1656
960 1714
960 1737
960 1964
961 1466
961 1847
961 1862
962 1035
962 1049
962 1761
962 1879
962 1904
962 1991
963 1095
963 1234
963 1256
963 1275
963 1288
963 1592
963 1683
963 1940
964 1192
964 1545
964 1803
964 1886
964 1918
964 1963
965 1560
965 1964
966 1831
967 1259
968 1029
968 1065
968 1679
968 1906
969 1192
969 1211
969 1389
970 1026
970 1637
971 1063
971 1117
971 1157
971 1646
971 1653
971 1686
971 1827
971 1966
972 1483
972 1698
973 977
973 1138
973 1378
974 1016
974 1088
974 1106
974 1197
974 1219
974 1241
974 1606
974 1728
975 1082
975 1231
975 1240
975 1331
975 1426
975 1814
975 1915
976 1044
976 1352
976 1378
976 1504
976 1915
977 1090
977 1541
977 1555
977 1664
977 1726
978 1061
978 1665
978 1710
978 1955
978 1996
979 1204
979 1637
979 1659
979 1686
979 1765
979 1819
979 1889
980 1048
980 1132
980 1135
980 1234
980 1309
980 1424
980 1709
980 1921
980 1970
981 1003
981 1071
981 1284
981 1382
981 1638
981 1970
982 1085
982 1201
982 1456
982 1783
982 1802
982 1913
983 1042
983 1161
983 1283
983 1524
983 1665
983 1807
983 1994
984 1261
984 1541
984 1588
984 1603
984 1612
984 1624
984 1698
985 987
985 1120
985 1166
985 1323
985 1492
986 1487
986 1936
987 1005
987 1691
987 1898
988 1265
988 1554
988 1589
988 1756
988 1830
989 1381
989 1522
989 1527
989 1830
989 1928
990 1183
990 1341
990 1873
991 1287
991 1303
991 1593
991 1598
991 1784
991 1891
991 1950
992 1061
992 1172
992 1628
992 1668
992 1678
992 1713
992 1860
993 1291
993 1299
994 1412
995 1026
995 1327
995 1389
995 1637
995 1901
995 1996
996 1003
996 1011
996 1295
996 1691
996 1884
996 1930
997 1025
997 1178
997 1193
997 1202
997 1255
997 1269
997 1272
997 1412
997 1497
997 1696
997 1977
998 1086
998 1203
998 1275
998 1307
998 1737
998 1783
999 1138
999 1187
999 1411
999 1579
999 1844
999 1949
999 1998
1000 1009
1000 1083
1000 1282
1000 1462
1000 1651
1000 1692
1000 1962
1001 1069
1001 1623
1002 1099
1002 1232
1002 1419
1002 1816
1002 1826
1003 1114
1003 1226
1003 1279
1003 1857
1003 1947
1004 1025
1004 1031
1004 1084
1005 1848
1006 1066
1006 1332
1006 1427
1006 1546
1006 1634
1006 1668
1006 1699
1006 1710
1006 1867
1007 1423
1007 1460
1007 1589
1007 1762
1008 1118
1008 1166
1008 1186
1008 1237
1008 1256
1008 1342
1008 1483
1008 1531
1008 1536
1008 1728
1008 1908
1008 1958
1009 1436
1009 1455
1009 1638
1009 1735
1009 1925
1010 1043
1010 1408
1010 1429
1010 1714
1010 1866
1010 1925
1010 1948
1010 1950
1011 1276
1011 1295
1011 1315
1011 1481
1011 1730
1012 1521
1012 1732
1012 1784
1012 1801
1012 1822
1012 1951
1013 1287
1013 1340
1013 1592
1013 1823
1013 1953
1014 1149
1014 1203
1014 1725
1014 1764
1014 1881
1014 1940
1015 1026
1015 1071
1015 1348
1015 1418
1015 1419
1015 1667
1015 1697
1015 1799
1015 1838
1016 1164
1016 1225
1016 1406
1016 1537
1016 1563
1016 1608
1016 1780
1016 1873
1017 1150
1017 1223
1017 1338
1017 1675
1017 1785
1017 1840
1017 1941
1017 1951
1018 1133
1018 1166
1018 1480
1018 1649
1018 1774
1018 1967
1019 1267
1019 1285
1019 1353
1019 1701
1020 1134
1020 1658
1020 1819
1020 1958
1021 1438
1021 1768
1021 1998
1022 1126
1022 1584
1022 1649
1022 1667
1023 1170
1023 1320
1023 1903
1023 1976
1024 1037
1024 1109
1024 1234
1024 1754
1024 1968
1025 1374
1025 1572
1025 1596
1025 1917
1026 1074
1026 1284
1026 1613
1026 1614
1026 1756
1026 1785
1026 1959
1027 1937
1027 1958
1028 1090
1028 1370
1028 1411
1028 1429
1028 1463
1028 1563
1028 1579
1028 1686
1029 1303
1029 1376
1029 1467
1029 1530
1029 1712
1029 1815
1030 1245
1030 1341
1030 1471
1030 1690
1030 1892
1031 1249
1031 1574
1031 1748
1032 1109
1032 1160
1032 1356
1032 1401
1032 1809
1033 1578
1033 1854
1033 1870
1034 1126
1034 1570
1034 1675
1034 1698
1034 1776
1034 1859
1034 1893
1034 1982
1035 1054
1035 1077
1035 1172
1035 1428
1036 1069
1036 1333
1036 1462
1036 1481
1036 1760
1037 1070
1037 1460
1037 1842
1037 1893
1038 1108
1038 1132
1038 1175
1038 1454
1038 1822
1038 1837
1039 1250
1039 1465
1039 1794
1039 1830
1039 1956
1040 1182
1040 1367
1040 1474
1040 1575
1040 1793
1040 1911
1040 1998
1041 1044
1041 1229
1041 1682
1041 1861
1042 1097
1042 1371
1042 1490
1042 1511
1042 1530
1042 1571
1042 1611
1043 1099
1043 1565
1043 1579
1043 1835
1044 1337
1044 1733
1044 1789
1044 1882
1044 1896
1045 1046
1045 1272
1046 1140
1046 1227
1046 1745
1046 1863
1046 1956
1046 2000
1047 1061
1047 1221
1047 1355
1047 1381
1047 1574
1047 1652
1047 1845
1047 1958
1048 1249
1049 1142
1049 1144
1049 1364
1049 1725
1049 1779
1049 1885
1050 1228
1050 1243
1050 1328
1050 1360
1050 1628
1050 1696
1051 1052
1051 1208
1051 1731
1051 1900
1052 1062
1052 1275
1052 1436
1052 1602
1052 1643
1052 1667
1052 1929
1053 1652
1053 1836
1054 1196
1054 1692
1055 1655
1055 1679
1056 1364
1056 1863
1057 1146
1057 1271
1057 1447
1057 1586
1058 1135
1058 1552
1058 1669
1058 1756
1058 1838
1059 1235
1059 1461
1059 1479
1059 1527
1059 1741
1059 1942
1060 1137
1060 1327
1060 1944
1061 1202
1061 1299
1061 1382
1061 1466
1061 1558
1061 1727
1061 1940
1061 1987
1062 1107
1062 1416
1062 1438
1062 1533
1062 1645
1062 1657
1063 1172
1063 1176
1063 1179
1063 1297
1063 1398
1063 1615
1063 1687
1063 1688
1063 1818
1063 1838
1064 1076
1064 1281
1064 1330
1065 1161
1065 1222
1065 1278
1065 1333
1065 1446
1065 1807
1066 1154
1066 1224
1066 1242
1066 1547
1066 1579
1066 1752
1066 1791
1067 1073
1067 1173
1067 1338
1067 1502
1067 1523
1067 1703
1067 1884
1068 1224
1068 1583
1068 1778
1069 1184
1069 1557
1069 1768
1069 1812
1070 1173
1070 1203
1070 1211
1070 1249
1070 1287
1070 1307
1070 1538
1070 1563
1070 1724
1070 1975
1071 1124
1071 1689
1071 1909
1072 1168
1072 1535
1072 1586
1072 1821
1072 1854
1072 1870
1073 1093
1073 1097
1073 1302
1073 1491
1073 1830
1074 1216
1074 1585
1074 1860
1075 1333
1075 1483
1075 1850
1076 1083
1076 1156
1076 1228
1076 1454
1076 1487
1076 1552
1076 1661
1076 1681
1076 1728
1077 1219
1077 1439
1077 1581
1077 1910
1078 1500
1078 1755
1078 1791
1078 1918
1079 1196
1079 1536
1079 1611
1079 1931
1080 1084
1080 1147
1080 1157
1080 1272
1080 1452
1080 1594
1081 1134
1081 1319
1081 1391
1081 1653
1081 1816
1081 1847
1081 1857
1082 1520
1082 1548
1082 1660
1082 1823
1082 1964
1083 1167
1083 1529
1084 1177
1084 1189
1085 1624
1085 1999
1086 1152
1086 1155
1086 1457
1086 1469
1086 1951
1087 1677
1087 1678
1087 1779
1087 1882
1088 1165
1088 1186
1088 1231
1088 1271
1088 1296
1088 1860
1088 1994
1089 1129
1089 1394
1089 1849
1089 1919
1089 1947
1090 1290
1090 1348
1090 1464
1090 1503
1091 1205
1091 1505
1091 1519
1091 1736
1091 1824
1092 1310
1092 1429
1092 1532
1092 1791
1093 1317
1093 1592
1093 1732
1093 1828
1093 1949
1094 1163
1094 1180
1094 1931
1095 1374
1095 1412
1096 1823
1096 1896
1097 1441
1097 1491
1097 1695
1097 1703
1097 1744
1097 1760
1097 1793
1097 1945
1098 1122
1098 1235
1098 1457
1098 1521
1098 1942
1099 1182
1099 1645
1099 1752
1100 1188
1100 1360
1100 1531
1100 1730
1100 1748
1100 1851
1100 1897
1101 1204
1101 1217
1101 1222
1101 1311
1101 1381
1101 1411
1101 1677
1102 1242
1102 1429
1103 1424
1104 1332
1104 1404
1104 1494
1104 1513
1104 1636
1104 1688
1104 1825
1105 1218
1105 1546
1105 1579
1106 1120
1106 1993
1107 1169
1107 1256
1107 1309
1107 1330
1107 1681
1108 1780
1108 1842
1108 1922
1109 1134
1109 1151
1109 1161
1109 1197
1109 1587
1110 1489
1110 1559
1110 1565
1110 1590
1110 1740
1110 1765
1110 1805
1110 1971
1111 1804
1112 1545
1112 1805
1113 1175
1113 1219
1113 1233
1113 1467
1113 1552
1113 1805
1113 1845
1113 1875
1113 1913
1113 1963
1114 1132
1114 1212
1114 1276
1114 1366
1114 1409
1114 1609
1114 1636
1114 1752
1115 1132
1115 1295
1115 1345
1115 1362
1115 1500
1115 1526
1115 1999
1116 1333
1116 1560
1116 1617
1116 1923
1116 1926
1117 1601
1117 1829
1117 1888
1118 1823
1119 1272
1119 1470
1119 1529
1119 1849
1119 1996
1120 1327
1120 1479
1120 1497
1120 1545
1120 1626
1120 1913
1120 1967
1121 1225
1121 1573
1122 1225
1122 1294
1122 1311
1122 1330
1123 1360
1123 1363
1123 1544
1124 1796
1125 1155
1125 1189
1125 1195
1125 1518
1125 1594
1125 1860
1126 1159
1126 1390
1126 1429
1126 1989
1127 1745
1127 1865
1127 1926
1128 1417
1129 1300
1129 1648
1129 1796
1129 1900
1129 1972
1130 1342
1130 1362
1130 1511
1131 1582
1132 1511
1132 1534
1133 1275
1133 1910
1134 1190
1134 1315
1134 1444
1134 1467
1134 1760
1134 1782
1134 1830
1135 1240
1135 1243
1135 1378
1135 1603
1135 1696
1135 1752
1136 1172
1136 1228
1136 1465
1136 1680
1136 1887
1137 1217
1137 1274
1137 1528
1137 1617
1137 1685
1137 1803
1137 1909
1138 1181
1138 1352
1138 1466
1138 1575
1138 1647
1138 1924
1138 1957
1139 1356
1139 1524
1139 1756
1140 1294
1140 1420
1140 1515
1140 1602
1140 1961
1140 1965
1141 1308
1141 1418
1141 1471
1141 1474
1141 1496
1141 1874
1141 1947
1141 1988
1142 1230
1142 1362
1142 1804
1143 1474
1143 1627
1143 1833
1144 1507
1144 1542
1144 1620
1144 1626
1144 1639
1144 1878
1144 1915
1145 1163
1145 1362
1145 1515
1145 1522
1145 1665
1145 1783
1145 1964
1146 1631
1146 1635
1146 1866
1146 1902
1146 1953
1146 1957
1146 1968
1147 1215
1147 1478
1147 1508
1147 1764
1147 1765
1147 1853
1147 1886
1147 1930
1148 1248
1148 1410
1148 1422
1148 1602
1148 1861
1149 1200
1149 1885
1150 1275
1150 1315
1150 1392
1150 1422
1150 1870
1150 1907
1151 1281
1151 1501
1151 1596
1151 1657
1151 1830
1151 1966
1152 1523
1153 1273
1153 1390
1153 1783
1153 1795
1154 1157
1154 1177
1154 1485
1154 1533
1155 1232
1155 1499
1155 1760
1156 1258
1156 1783
1156 1799
1157 1494
1157 1807
1158 1185
1158 1257
1158 1258
1158 1400
1158 1693
1158 1941
1159 1335
1159 1881
1160 1249
1160 1472
1160 1683
1160 1870
1161 1229
1161 1407
1161 1895
1162 1285
1162 1510
1162 1545
1162 1637
1163 1343
1163 1582
1163 1683
1164 1182
1164 1356
1164 1646
1164 1725
1165 1221
1165 1454
1165 1780
1165 1818
1166 1417
1166 1439
1166 1474
1166 1491
1166 1610
1166 1727
1167 1212
1167 1387
1167 1391
1167 1700
1168 1206
1168 1227
1168 1270
1168 1901
1168 1918
1169 1457
1169 1554
1169 1697
1169 1949
1170 1368
1170 1502
1170 1563
1170 1657
1170 1900
1171 1217
1171 1328
1171 1834
1172 1184
1172 1269
1172 1391
1172 1454
1172 1501
1172 1864
1172 1926
1173 1257
1173 1603
1173 1738
1174 1239
1174 1953
1174 1979
1175 1185
1175 1594
1176 1192
1176 1269
1176 1305
1176 1347
1177 1363
1177 1712
1177 1765
1177 1777
1178 1182
1178 1494
1178 1616
1178 1619
1178 1674
1178 1867
1179 1269
1179 1311
1179 1948
1180 1314
1180 1408
1180 1475
1180 1622
1180 1634
1180 1674
1180 1753
1180 1765
1181 1238
1181 1566
1181 1698
1181 1906
1182 1381
1182 1523
1182 1772
1183 1239
1183 1310
1183 1326
1183 1331
1183 1553
1183 1723
1183 1850
1183 1995
1184 1490
1184 1560
1184 1671
1185 1535
1185 1724
1185 1808
1185 1835
1185 1977
1186 1442
1186 1479
1186 1492
1186 1540
1186 1664
1186 1914
1187 1855
1187 1894
1188 1639
1189 1395
1189 1450
1189 1462
1189 1708
1189 1757
1189 1814
1189 1819
1189 1848
1190 1291
1190 1326
1190 1495
1190 1721
1190 1773
1191 1208
1191 1219
1191 1235
1191 1570
1191 1912
1191 1963
1192 1219
1192 1572
1192 1635
1192 1661
1193 1299
1193 1391
1193 1485
1193 1713
1193 1788
1193 1907
1194 1199
1194 1531
1195 1328
1195 1589
1195 1741
1195 1898
1195 1901
1195 1902
1196 1403
1196 1489
1196 1954
1197 1208
1197 1385
1197 1714
1197 1856
1197 1966
1198 1319
1198 1560
1198 1592
1198 1826
1199 1388
1199 1429
1199 1488
1199 1780
1199 1867
1199 1977
1200 1272
1200 1388
1200 1458
1200 1459
1200 1918
1201 1246
1201 1389
1201 1420
1201 1619
1201 1825
1201 1879
1202 1384
1202 1386
1202 1522
1202 1575
1202 1595
1202 1636
1202 1921
1203 1479
1203 1583
1203 1644
1203 1738
1203 1870
1203 1960
1204 1503
1204 1851
1205 1550
1205 1666
1205 1706
1206 1280
1206 1304
1206 1959
1206 1975
1207 1535
1207 1810
1207 1837
1207 1988
1208 1572
1208 1705
1208 1765
1208 1804
1208 1919
1209 1312
1209 1318
1209 1409
1209 1426
1209 1544
1209 1585
1209 1653
1209 1884
1209 1926
1210 1582
1210 1922
1211 1544
1211 1571
1211 1840
1211 1938
1212 1512
1212 1628
1212 1635
1212 1771
1212 1898
1213 1292
1213 1435
1213 1542
1214 1497
1214 1594
1214 1626
1214 1725
1214 1781
1214 1819
1215 1520
1215 1972
1216 1317
1216 1338
1216 1736
1216 1878
1216 1934
1217 1387
1217 1428
1217 1512
1217 1827
1217 1941
1218 1227
1218 1245
1218 1616
1218 1810
1218 1910
1218 2000
1219 1318
1219 1475
1219 1556
1219 1595
1219 1673
1220 1238
1220 1542
1220 1732
1220 1837
1220 1850
1220 1949
1221 1386
1221 1551
1221 1602
1221 1805
1222 1243
1222 1401
1222 1485
1222 1486
1222 1511
1222 1593
1222 1739
1222 1985
1223 1623
1223 1694
1223 1714
1223 1737
1224 1279
1224 1407
1224 1508
1225 1624
1225 1952
1226 1451
1226 1595
1226 1761
1227 1570
1227 1582
1227 1770
1227 1817
1228 1294
1228 1404
1228 1524
1228 1587
1228 1784
1228 1881
1229 1288
1229 1291
1229 1474
1229 1870
1229 1950
1230 1492
1230 1528
1230 1703
1231 1380
1231 1406
1231 1448
1231 1534
1231 1656
1232 1353
1232 1409
1232 1559
1232 1777
1233 1288
1233 1499
1234 1329
1234 1675
1234 1811
1234 1906
1235 1836
1236 1265
1236 1685
1236 1886
1237 1302
1237 1313
1237 1529
1237 1803
1237 1852
1237 1959
1238 1258
1238 1547
1238 1557
1238 1790
1238 1806
1238 1978
1239 1271
1239 1369
1239 1450
1239 1550
1239 1949
1240 1359
1240 1428
1240 1591
1240 1869
1240 1896
1241 1358
1241 1468
1241 1950
1241 1975
1242 1341
1242 1390
1242 1623
1242 1648
1243 1494
1243 1893
1244 1289
1244 1334
1244 1402
1245 1422
1245 1423
1245 1445
1245 1516
1245 1584
1245 1636
1246 1273
1246 1282
1247 1271
1248 1676
1248 1906
1249 1293
1249 1677
1249 1794
1249 1830
1250 1473
1250 1614
1250 1642
1250 1710
1250 1818
1250 1825
1251 1262
1251 1623
1251 1739
1251 1937
1252 1308
1252 1697
1252 1924
1252 1946
1252 1956
1253 1559
1253 1560
1253 1584
1253 1904
1254 1593
1255 1501
1255 1512
1255 1948
1255 1967
1256 1525
1256 1574
1256 1680
1256 1712
1256 1900
1257 1844
1257 1944
1258 1460
1258 1481
1258 1510
1258 1584
1258 1618
1258 1766
1258 1894
1259 1286
1259 1299
1259 1330
1259 1601
1259 1650
1260 1358
1260 1974
1261 1394
1261 1395
1261 1486
1262 1397
1262 1752
1262 1763
1263 1336
1263 1863
1264 1774
1264 1787
1264 1923
1265 1519
1265 1604
1265 1770
1265 1826
1266 1361
1266 1386
1266 1551
1266 1694
1266 1821
1266 1870
1267 1426
1267 1529
1267 1585
1267 1684
1267 1820
1267 1833
1268 1306
1268 1628
1268 1887
1268 1907
1268 1917
1268 1945
1269 1488
1269 1669
1269 1757
1269 1787
1269 1930
1270 1816
1270 1926
1271 1751
1271 1878
1271 1949
1271 1973
1272 1292
1272 1364
1272 1461
1272 1777
1272 1965
1273 1374
1273 1685
1273 1820
1273 1976
1274 1349
1274 1402
1274 1696
1274 1699
1275 1505
1275 1779
1276 1640
1276 1655
1276 1763
1276 1769
1277 1314
1277 1380
1277 1839
1278 1507
1278 1594
1278 1783
1278 1812
1278 1959
1279 1400
1279 1823
1280 1327
1280 1574
1280 1596
1280 1898
1281 1412
1281 1552
1281 1896
1282 1377
1282 1615
1282 1993
1282 1996
1283 1584
1284 1602
1284 1916
1285 1463
1285 1511
1285 1548
1286 1391
1286 1403
1286 1668
1288 1318
1288 1526
1288 1534
1288 1631
1288 1884
1289 1541
1289 1708
1289 1780
1289 1996
1290 1322
1290 1510
1290 1533
1290 1665
1290 1695
1290 1698
1290 1731
1290 1984
1291 1429
1291 1695
1292 1611
1292 1741
1292 1916
1293 1378
1293 1535
1293 1811
1293 1973
1294 1600
1294 1672
1297 1395
1297 1608
1297 1658
1298 1392
1298 1467
1299 1523
1299 1602
1300 1334
1300 1824
1300 1860
1301 1917
1302 1412
1302 1845
1302 1955
1303 1336
1304 1463
1304 1699
1304 1794
1304 1796
1306 1349
1306 1379
1306 1386
1306 1416
1306 1856
1306 1899
1306 1993
1306 1996
1307 1589
1307 1638
1307 1647
1307 1905
1307 1906
1308 1371
1308 1483
1308 1559
1308 1684
1311 1357
1311 1393
1311 1504
1311 1856
1311 1857
1312 1534
1312 1841
1312 1939
1313 1351
1313 1700
1313 1766
1314 1327
1314 1390
1314 1413
1314 1664
1314 1767
1314 1779
1315 1709
1315 1710
1316 1386
1317 1358
1317 1803
1318 1593
1318 1692
1318 1762
1318 1874
1319 1511
1319 1574
1319 1626
1319 1631
1319 1750
1319 1751
1320 1494
1320 1682
1320 1707
1320 1748
1321 1446
1321 1451
1321 1597
1321 1814
1322 1330
1322 1914
1323 1897
1324 1587
1325 1497
1325 1781
1327 1709
1327 1727
1327 1913
1327 1983
1328 1499
1328 1540
1328 1566
1328 1577
1328 1722
1329 1371
1329 1391
1329 1446
1329 1662
1329 1663
1329 1808
1329 1983
1330 1348
1330 1486
1330 1527
1330 1840
1330 1879
1330 1908
1331 1438
1331 1456
1331 1658
1332 1417
1332 1475
1332 1531
1332 1614
1332 1726
1332 1758
1333 1443
1333 1919
1333 1962
1334 1502
1334 1554
1334 1644
1334 1972
1335 1675
1335 1767
1336 1361
1336 1488
1336 1521
1336 1858
1336 1920
1337 1409
1337 1479
1337 1621
1337 1675
1337 1825
1338 1352
1338 1747
1338 1915
1339 1411
1339 1574
1339 1966
1340 1645
1341 1384
1341 1728
1341 1759
1341 1786
1341 1939
1342 1446
1342 1577
1342 1589
1342 1707
1342 1714
1342 1901
1342 1947
1343 1370
1343 1575
1343 1613
1343 1887
1344 1716
1345 1420
1345 1543
1345 1817
1346 1929
1347 1357
1347 1362
1347 1371
1347 1484
1347 1643
1347 1738
1347 1898
1347 1989
1347 1992
1348 1443
1348 1473
1348 1898
1349 1800
1350 1733
1350 1780
1350 1823
1350 1854
1350 1948
1350 1960
1351 1595
1351 1840
1352 1397
1352 1438
1352 1538
1352 1938
1353 1750
1353 1760
1353 1860
1354 1514
1355 1388
1355 1565
1355 1816
1355 1823
1355 1962
1356 1505
1356 1625
1357 1436
1357 1644
1357 1663
1357 1728
1357 1852
1358 1557
1358 1581
1358 1593
1358 1702
1358 1732
1358 1807
1358 1839
1359 1394
1360 1642
1360 1679
1360 1825
1361 1486
1361 1630
1361 1670
1361 1894
1362 1417
1362 1466
1363 1459
1363 1508
1363 1667
1363 1954
1363 1965
1364 1654
1364 1675
1364 1726
1364 1807
1364 1890
1365 1601
1365 1678
1365 1744
1365 1915
1367 1481
1367 1505
1367 1527
1367 1695
1367 1848
1368 1385
1368 1440
1368 1659
1368 1694
1368 1754
1368 1770
1368 1918
1369 1968
1370 1613
1370 1918
1371 1572
1371 1867
1371 1966
1372 1472
1372 1947
1373 1459
1373 1571
1373 1581
1373 1591
1373 1610
1374 1393
1374 1488
1374 1755
1374 1773
1374 1927
1374 1977
1375 1737
1375 1819
1375 1911
1377 1746
1377 1879
1378 1379
1378 1444
1378 1857
1379 1490
1379 1531
1379 1883
1379 1911
1380 1652
1380 1696
1380 1707
1381 1414
1381 1589
1382 1422
1382 1564
1382 1783
1382 1809
1382 1880
1382 1971
1383 1788
1384 1397
1384 1696
1385 1559
1385 1841
1385 1852
1386 1535
1386 1718
1386 1853
1386 1894
1386 1929
1387 1416
1387 1431
1387 1621
1387 1650
1387 1794
1387 1823
1387 1900
1387 1917
1389 1471
1389 1489
1389 1625
1389 1643
1389 1645
1390 1680
1390 1707
1390 1738
1391 1644
1391 1672
1391 1790
1392 1667
1392 1985
1393 1421
1393 1710
1393 1795
1393 1919
1393 1993
1394 1542
1394 1700
1394 1873
1395 1631
1395 1685
1395 1759
1395 1796
1395 1809
1395 1818
1396 1608
1396 1617
1396 1694
1396 1729
1397 1408
1397 1590
1397 1886
1398 1703
1398 1905
1399 1627
1399 1730
1399 1864
1400 1435
1400 1455
1400 1891
1401 1780
1402 1431
1402 1537
1402 1744
1403 1408
1403 1462
1403 1490
1403 1656
1403 1960
1404 1578
1404 1913
1405 1695
1405 1841
1405 1998
1406 1657
1406 1989
1407 1864
1407 1935
1408 1722
1408 1787
1408 1903
1408 1942
1409 1929
1410 1712
1410 1862
1411 1863
1411 1910
1411 1926
1412 1464
1412 1467
1412 1660
1413 1591
1413 1927
1414 1768
1414 1836
1414 1948
1415 1827
1416 1757
1416 1792
1417 1514
1417 1593
1417 1658
1417 1844
1418 1663
1418 1759
1418 1874
1419 1550
1419 1700
1419 1726
1419 1778
1420 1623
1420 1684
1420 1782
1420 1954
1421 1665
1421 1766
1421 1838
1421 1840
1421 1863
1421 1897
1422 1525
1422 1624
1422 1735
1422 1795
1422 1866
1423 1540
1424 1455
1424 1806
1424 1904
1424 1928
1427 1431
1427 1498
1427 1635
1428 1663
1428 1777
1429 1469
1429 1617
1429 1621
1429 1695
1429 1780
1429 1857
1429 1946
1430 1464
1430 1519
1430 1637
1430 1802
1430 1852
1431 1475
1431 1689
1431 1786
1431 1970
1432 1584
1432 1617
1433 1460
1433 1571
1434 1572
1434 1655
1434 1854
1434 1994
1435 1520
1435 1713
1436 1463
1436 1500
1436 1595
1436 1725
1436 1731
1436 1948
1437 1446
1437 1502
1437 1933
1438 1774
1438 1993
1439 1486
1439 1586
1440 1791
1440 1866
1441 1595
1441 1849
1441 1885
1441 1930
1441 1960
1442 1874
1442 1975
1442 1995
1443 1652
1443 1893
1444 1825
1444 1924
1444 1964
1445 1476
1445 1519
1445 1539
1445 1607
1445 1739
1446 1676
1446 1678
1446 1909
1447 1481
1447 1902
1448 1992
1449 1648
1450 1482
1450 1572
1450 1910
1451 1543
1451 1909
1451 1975
1452 1455
1452 1516
1452 1692
1453 1594
1453 1810
1454 1665
1454 1678
1455 1675
1455 1766
1455 1801
1456 1507
1456 1543
1456 1776
1456 1857
1457 1550
1457 1647
1457 1837
1457 1913
1458 1801
1458 1873
1459 1576
1459 1672
1459 1822
1459 1830
1459 1855
1459 1859
1460 1576
1460 1609
1460 1860
1460 1876
1460 1885
1462 1651
1462 1693
1462 1828
1463 1630
1463 1639
1464 1496
1464 1654
1464 1921
1465 1482
1465 1495
1465 1565
1465 1652
1465 1737
1465 1781
1465 1869
1466 1874
1467 1547
1467 1633
1468 1488
1468 1561
1468 1655
1469 1719
1469 1954
1470 1839
1470 1853
1471 1707
1472 1841
1472 1846
1472 1854
1473 1513
1473 1913
1473 1922
1474 1624
1474 1707
1475 1823
1475 1889
1475 1943
1476 1951
1477 1502
1477 1678
1477 1709
1477 1941
1477 1972
1478 1553
1478 1662
1478 1671
1478 1795
1478 1842
1478 1908
1479 1499
1479 1502
1479 1559
1479 1579
1479 1588
1479 1846
1479 1949
1480 1531
1480 1538
1480 1783
1480 1901
1480 1997
1481 1556
1481 1560
1481 1831
1481 1914
1482 1543
1482 1584
1483 1489
1483 1747
1483 1925
1484 1575
1484 1887
1485 1501
1485 1631
1485 1811
1485 1925
1486 1795
1486 1823
1486 1948
1487 1650
1487 1862
1488 1613
1488 1741
1488 1918
1489 1572
1489 1701
1489 1820
1489 1943
1490 1520
1490 1758
1491 1529
1491 1905
1492 1819
1493 1510
1493 1855
1494 1642
1494 1720
1494 1932
1495 1601
1496 1525
1496 1615
1496 1704
1496 1761
1497 1885
1499 1571
1499 1852
1499 1957
1499 1999
1500 1812
1501 1771
1503 1785
1503 1911
1505 1662
1505 1728
1505 1773
1505 1776
1505 1948
1505 1989
1506 1586
1506 1592
1506 1643
1506 1891
1506 1907
1507 1844
1508 1614
1509 1592
1509 1623
1509 1715
1509 1841
1510 1517
1510 1794
1510 1825
1511 1686
1511 1771
1511 1853
1511 1959
1512 1549
1512 1559
1512 1639
1512 1980
1513 1545
1513 1600
1513 1675
1513 1928
1514 1563
1514 1929
1515 1518
1515 1877
1516 1753
1516 1953
1516 1965
1517 1900
1518 1638
1518 1774
1519 1631
1519 1713
1519 1845
1519 1889
1520 1567
1521 1631
1521 1981
1523 1533
1523 1549
1523 1686
1523 1895
1524 1541
1524 1585
1524 1589
1524 1662
1524 1683
1524 1777
1524 1814
1524 1895
1525 1551
1525 1602
1525 1670
1525 1678
1526 1558
1526 1630
1526 1649
1526 1657
1526 1716
1526 1763
1526 1854
1526 1922
1526 1990
1527 1670
1527 1826
1528 1693
1529 1606
1529 1971
1530 1648
1530 1883
1531 1739
1531 1886
1533 1807
1533 1843
1533 1934
1534 1748
1534 1839
1534 1841
1534 1842
1534 1918
1535 1772
1536 1833
1536 1867
1536 1909
1538 1573
1538 1786
1538 1801
1538 1939
1538 1955
1539 1987
1541 1572
1541 1617
1541 1845
1542 1618
1544 1653
1544 1704
1544 1863
1545 1635
1545 1701
1546 1577
1546 1617
1546 1769
1547 1733
1547 1763
1549 1985
1550 1705
1550 1737
1550 1782
1551 1637
1551 1842
1552 1653
1552 1680
1552 1827
1552 1829
1552 1913
1552 1999
1553 1757
1554 1832
1554 1883
1555 1568
1555 1814
1555 1937
1555 1952
1556 1813
1556 1921
1557 1619
1557 1637
1558 1804
1559 1629
1559 1869
1560 1611
1560 1888
1560 1972
1561 1568
1562 1715
1565 1806
1565 1948
1568 1580
1568 1801
1568 1913
1569 1622
1569 1884
1570 1873
1570 1967
1571 1651
1571 1708
1571 1773
1572 1603
1572 1651
1572 1736
1572 1756
1572 1783
1572 1865
1573 1938
1573 1942
1574 1650
1574 1861
1574 1868
1574 1994
1575 1662
1575 1762
1575 1914
1576 1665
1576 1771
1577 1593
1577 1594
1578 1723
1578 1752
1578 1827
1578 1952
1579 1682
1581 1718
1581 1787
1582 1733
1582 1822
1582 1941
1582 1963
1583 1634
1583 1967
1584 1652
1584 1724
1584 1730
1584 1919
1584 1935
1585 1883
1588 1646
1588 1972
1589 1784
1589 1805
1591 1592
1591 1958
1593 1600
1595 1931
1596 1624
1596 1930
1597 1655
1598 1655
1599 1779
1599 1848
1601 1658
1601 1815
1601 1989
1602 1802
1602 1964
1602 1984
1603 1620
1603 1659
1603 1801
1603 1866
1603 1919
1604 1626
1604 1837
1604 1878
1605 1622
1605 1752
1605 1758
1605 1824
1605 1885
1606 1615
1606 1621
1607 1615
1607 1741
1607 1759
1608 1620
1609 1614
1609 1927
1609 1994
1611 1757
1611 1996
1612 1672
1612 1874
1613 1621
1613 1729
1613 1903
1613 1992
1614 1698
1614 1704
1614 1845
1615 1617
1615 1920
1615 1940
1616 1626
1616 1852
1618 1697
1619 1747
1620 1790
1620 1819
1622 1744
1622 1790
1622 1875
1622 1929
1622 1952
1623 1641
1623 1851
1623 1917
1624 1770
1624 1800
1624 1814
1624 1859
1624 1992
1625 1723
1625 1785
1625 1823
1626 1710
1626 1869
1626 1875
1627 1907
1628 1762
1628 1791
1628 1975
1629 1676
1629 1787
1629 1961
1631 1644
1631 1684
1631 1885
1632 1973
1632 1997
1634 1686
1634 1719
1634 1983
1635 1937
1635 1964
1635 1970
1636 1699
1636 1733
1636 1910
1637 1702
1637 1732
1637 1931
1638 1683
1640 1826
1640 1899
1641 1939
1642 1648
1642 1748
1642 1783
1642 1943
1644 1690
1644 1739
1644 1924
1645 1764
1645 1787
1646 1737
1646 1914
1647 1678
1647 1700
1648 1823
1649 1903
1650 1737
1652 1672
1652 1703
1652 1850
1652 1852
1654 1723
1656 1756
1656 1800
1656 1868
1656 1981
1657 1738
1657 1892
1659 1709
1660 1708
1660 1892
1661 1681
1661 1887
1663 1825
1663 1893
1663 1967
1665 1804
1665 1874
1666 1680
1666 1725
1668 1754
1668 1829
1669 1825
1669 1935
1670 1744
1670 1794
1670 1798
1670 1846
1671 1673
1671 1702
1671 1918
1671 1945
1672 1943
1673 1731
1673 1834
1673 1960
1676 1710
1676 1797
1677 1782
1677 1846
1679 1920
1680 1745
1680 1876
1681 1687
1682 1842
1683 1793
1683 1852
1684 1841
1686 1935
1686 1959
1687 1941
1688 1798
1689 1772
1689 1864
1691 1718
1694 1732
1694 1758
1694 1799
1696 1740
1696 1962
1697 1832
1697 1853
1697 1887
1700 1781
1701 1733
1701 1808
1701 1819
1701 1953
1701 1997
1702 1754
1705 1907
1706 1772
1708 1716
1708 1927
1709 1803
1709 1896
1709 1947
1710 1791
1710 1875
1712 1756
1712 1969
1713 1823
1715 1716
1715 1905
1716 1747
1716 1968
1718 1755
1718 1924
1718 1968
1718 1995
1719 1811
1720 1860
1720 1908
1721 1844
1722 1769
1722 1870
1722 1973
1723 1755
1723 1948
1726 1987
1728 1784
1728 1874
1728 1929
1729 1849
1729 1859
1729 1936
1732 1812
1732 1922
1732 2000
1733 1925
1734 1918
1736 1769
1738 1866
1739 1768
1739 1861
1739 1916
1740 1777
1740 1947
1740 1999
1742 1910
1744 1772
1744 1916
1744 1948
1745 1921
1748 1905
1748 1939
1749 1820
1749 1839
1750 1757
1750 1889
1753 1931
1753 1969
1754 1857
1754 1953
1754 1987
1755 1857
1755 1949
1756 1868
1756 1910
1757 1845
1758 1913
1759 1989
1760 1890
1760 1924
1760 1994
1761 1854
1761 1980
1761 1991
1762 1763
1763 1819
1763 1907
1764 1779
1764 1855
1765 1781
1766 1947
1767 1844
1769 1789
1770 1953
1771 1781
1772 1982
1773 1827
1773 1870
1773 1909
1773 1946
1774 1794
1774 1832
1774 1866
1775 1843
1775 1904
1775 1936
1776 1898
1777 1980
1779 1978
1779 1979
1780 1834
1780 1945
1780 1953
1781 1926
1781 1962
1781 1989
1782 1936
1782 1967
1783 1794
1783 1872
1783 1924
1784 1824
1784 1938
1785 1957
1786 1940
1789 1898
1789 1964
1790 1832
1790 1898
1793 1984
1795 1909
1796 1823
1796 1886
1796 1907
1796 1941
1798 1871
1799 1957
1800 1910
1801 1876
1802 1844
1803 1863
1804 1809
1804 1827
1804 1904
1804 1929
1804 1938
1806 1891
1807 1902
1809 1850
1810 1949
1811 1822
1811 1884
1812 1818
1812 1822
1812 1882
1813 1964
1816 1908
1816 1969
1818 1832
1819 1843
1820 1949
1821 1907
1822 1904
1823 1856
1823 1967
1824 1883
1825 1977
1826 1869
1827 1871
1827 1883
1827 1899
1827 1969
1828 1844
1829 1934
1829 1944
1830 1956
1831 1992
1834 1902
1834 1919
1835 1879
1837 1955
1838 1913
1838 1971
1840 1871
1842 1960
1842 1969
1843 1986
1845 1923
1847 1858
1852 1863
1852 1976
1853 1925
1854 1889
1854 1950
1855 1937
1855 1999
1857 1977
1858 1890
1858 1974
1864 1966
1866 1988
1867 1917
1867 1939
1872 1962
1872 1997
1877 1930
1878 1911
1878 1988
1879 1941
1880 1907
1880 1951
1883 1981
1886 1987
1898 1969
1898 1983
1899 2000
1900 1906
1900 1974
1903 1979
1904 1983
1907 1958
1907 1979
1909 1969
1916 1924
1918 1962
1929 1984
1936 1980
1947 1949
1949 1974
1958 1989
1960 1991
1961 1966
1962 1966
1964 1984
1968 1972