2000
1 480
1 612
1 1329
1 1900
1 1922
1 1935
2 870
2 1342
2 1346
2 1388
2 1456
2 1896
2 1932
3 54
3 283
3 314
3 1361
3 1824
3 1874
4 811
4 1307
4 1411
4 1413
4 1864
5 31
5 71
5 102
5 198
5 211
5 716
5 1183
5 1321
5 1387
5 1814
6 536
6 552
6 1104
6 1106
6 1636
7 43
7 744
7 1501
7 1720
7 1980
8 209
8 602
8 683
8 955
8 1132
8 1745
9 177
9 286
9 413
9 924
9 1032
9 1804
10 188
10 431
10 937
10 1001
10 1387
10 1841
11 335
11 703
11 864
11 923
11 992
11 1015
11 1016
11 1520
12 48
12 285
12 621
12 707
12 850
12 909
12 1115
12 1678
12 1730
13 359
13 889
13 953
13 1181
13 1594
13 1703
13 1730
14 117
14 1006
15 202
15 568
16 222
16 382
16 911
16 1047
16 1156
16 1157
16 1730
16 1885
16 1911
16 1957
17 410
17 643
17 897
17 915
17 1093
17 1471
18 66
18 531
18 782
18 794
18 943
18 1104
18 1118
18 1491
18 1792
19 146
19 279
19 409
19 434
19 624
19 687
19 793
19 1151
19 1723
20 220
20 333
20 1038
20 1540
20 1827
21 456
21 1001
21 1082
21 1415
21 1485
21 1572
21 1862
22 90
22 271
22 649
22 1140
22 1298
23 45
23 1022
23 1220
23 1663
23 1860
24 1303
24 1372
24 1419
24 1809
25 583
25 1100
25 1602
25 1607
25 1664
25 1875
25 1977
25 1990
26 362
26 1765
26 1967
27 218
27 358
27 368
27 869
27 969
28 169
28 682
28 1457
28 1905
29 230
29 484
29 752
29 1088
29 1381
30 313
30 782
30 1698
30 1878
30 1884
30 1983
31 46
31 1246
31 1561
31 1627
31 1727
32 670
32 1481
32 1638
33 493
33 532
33 715
33 837
33 1121
34 380
34 483
34 1626
35 1527
35 1877
36 166
36 712
36 826
36 861
36 984
36 1487
37 184
37 652
37 675
37 733
37 808
37 956
37 1238
37 1300
37 1660
38 265
38 301
38 617
38 680
38 853
38 1491
38 1782
39 54
39 120
39 527
39 1628
39 1826
40 260
40 586
40 1132
40 1520
40 1657
41 213
41 298
41 386
41 394
41 501
41 1182
41 1294
41 1453
42 254
42 528
42 1055
42 1056
42 1267
43 242
43 310
43 858
43 1014
43 1828
43 1975
44 987
44 1080
44 1110
44 1212
44 1382
44 1457
44 1707
44 1788
44 1975
45 989
45 1323
46 187
46 1232
46 1318
47 566
47 705
47 777
47 886
47 1458
47 1590
48 51
48 573
48 717
48 1039
48 1066
48 1314
48 1726
48 1934
49 1017
49 1274
49 1314
49 1736
49 1871
50 323
50 1661
50 1881
51 313
51 346
51 665
51 1490
51 1559
52 61
52 233
52 352
52 656
52 723
52 1216
52 1987
52 1997
54 101
54 722
54 1141
54 1481
54 1696
55 829
55 1141
55 1144
55 1152
55 1436
56 323
56 758
57 425
57 574
57 756
57 1256
58 168
58 255
58 574
58 657
58 660
58 729
58 845
58 1064
58 1078
58 1356
58 1774
58 1964
58 1968
59 102
59 171
59 1112
59 1192
59 1235
59 1355
59 1623
59 1806
59 1857
60 906
60 1326
61 176
61 821
61 1307
61 1358
61 1485
61 1682
62 74
62 114
62 685
62 776
62 804
62 928
62 1121
62 1154
62 1941
63 204
63 654
63 1226
63 1318
63 1547
63 1643
64 209
64 248
64 981
64 1104
64 1480
65 331
65 847
65 1082
65 1348
65 1844
66 441
66 611
66 741
66 756
66 986
66 1485
66 1652
67 587
67 1450
67 1942
68 423
68 877
68 1061
68 1360
68 1657
68 1838
68 1957
69 262
69 280
69 1149
69 1712
70 123
70 185
70 408
70 891
70 1096
70 1123
70 1316
70 1549
70 1673
70 1783
70 1841
71 209
71 1134
71 1176
71 1421
71 1448
71 1535
71 1702
71 1877
72 369
72 633
72 676
72 918
72 1327
72 1395
72 1584
72 1648
73 382
73 491
73 1037
73 1987
74 121
74 130
74 1001
75 460
75 815
75 954
75 1149
75 1355
75 1781
76 98
76 231
76 412
76 476
76 491
76 733
76 955
76 1561
76 1570
76 1579
77 788
77 877
77 926
77 972
77 1001
77 1875
77 1929
78 128
78 185
78 585
78 830
78 1230
79 167
79 168
79 275
79 685
79 832
79 1007
79 1382
80 181
80 414
80 479
80 587
80 604
80 725
80 876
80 911
80 968
80 973
80 1051
80 1721
80 1768
81 361
82 206
82 1020
82 1308
82 1608
83 226
83 322
83 471
83 1271
83 1924
84 349
84 1227
84 1276
84 1429
84 1745
85 773
85 969
85 1737
86 89
86 453
86 1467
86 1528
87 1508
87 1540
87 1591
88 834
88 842
88 1343
88 1381
89 333
89 809
89 831
89 1170
89 1176
89 1240
89 1438
89 1571
89 1719
90 677
90 969
90 1249
90 1300
90 1337
90 1504
90 1827
91 334
91 566
91 708
91 727
91 842
91 1340
91 1479
91 1495
92 223
92 412
92 651
92 1238
92 1700
92 1963
93 872
93 1950
94 788
94 1520
94 1785
95 1997
96 224
96 777
96 884
96 1069
96 1160
96 1582
96 1677
97 138
97 197
97 204
97 226
98 766
98 1000
98 1156
98 1215
98 1424
98 1931
98 1965
99 328
99 555
100 219
100 520
100 521
100 755
100 1203
100 1775
101 187
101 670
101 1961
101 1998
102 228
102 261
102 470
102 661
102 1389
102 1624
102 1712
103 526
103 606
103 1889
104 356
104 890
104 1338
104 1893
104 1954
105 970
105 1098
105 1183
105 1279
105 1281
105 1324
105 1491
105 1779
106 109
106 503
106 1240
106 1439
106 1561
106 1609
107 122
107 438
107 612
107 846
107 1147
107 1151
107 1165
107 1230
107 1260
108 1092
108 1569
108 1587
108 1690
109 257
109 1039
109 1112
109 1194
109 1266
109 1351
109 1506
109 1692
110 343
110 713
110 1392
110 1539
110 1624
111 861
111 872
111 974
111 999
111 1102
112 354
112 620
112 669
112 702
112 909
112 1224
112 1448
112 1745
112 1783
113 256
113 867
113 1049
113 1273
113 1455
113 1603
114 163
114 225
114 369
114 407
114 900
114 1192
114 1195
114 1944
115 137
115 392
115 722
115 780
115 909
115 1815
116 857
116 1252
116 1445
116 1658
116 1763
116 1911
117 272
117 294
117 907
117 912
117 1308
118 384
118 581
118 706
118 915
118 978
118 1073
118 1157
118 1223
119 168
119 465
119 777
119 815
119 1680
119 1738
119 1796
119 1944
120 422
120 645
120 1101
121 689
121 1050
121 1067
121 1979
122 465
122 982
122 1387
122 1473
122 1475
123 781
123 872
123 886
123 1180
123 1618
124 429
124 654
124 677
124 1389
124 1521
124 1893
125 163
125 593
125 1256
125 1684
125 1998
126 166
126 442
126 717
126 983
126 1467
126 1826
126 1884
127 139
127 929
127 1313
127 1600
127 1803
128 360
128 627
128 671
128 732
128 1043
128 1172
128 1647
128 1895
128 1975
129 691
129 1588
130 489
130 554
130 1298
130 1387
130 1569
131 278
131 384
131 525
131 677
131 1026
131 1226
131 1275
132 241
132 372
132 465
132 850
132 1271
132 1409
132 1482
133 377
133 394
133 583
133 587
133 1874
134 595
134 799
134 878
134 989
134 1412
134 1496
134 1566
134 1624
134 1817
134 1834
135 250
135 270
135 395
135 526
135 704
135 776
135 1512
135 1636
135 1675
136 168
136 724
136 975
136 1250
136 1417
136 1537
136 1650
137 257
137 455
137 1336
137 1965
138 674
139 375
139 693
139 1437
140 214
140 291
140 1439
140 1791
140 1876
140 1990
141 1093
141 1130
141 1441
141 1956
141 1975
142 245
142 308
142 503
142 694
142 855
142 1393
142 1513
142 1948
143 287
143 681
143 1219
143 1845
144 330
144 456
144 572
144 847
144 1312
144 1463
145 247
145 348
145 1085
145 1140
145 1932
145 1942
146 662
146 734
146 862
147 588
147 740
147 765
147 833
147 1651
148 596
148 915
148 1508
148 1859
148 1910
149 248
149 414
149 912
149 1234
150 1321
150 1447
150 1721
151 227
151 238
151 400
151 584
151 873
151 1120
151 1454
151 1593
151 1604
151 1861
152 292
152 1384
152 1388
152 1600
152 1680
152 1719
153 283
153 583
153 1044
153 1069
154 212
154 344
154 395
154 472
154 473
154 1110
154 1492
154 1539
154 1676
155 699
155 931
155 1290
155 1635
155 1726
155 1743
155 1951
156 398
156 636
156 860
156 1695
156 1726
156 1727
157 226
157 715
157 822
157 834
157 982
157 1364
157 1482
157 1513
158 311
158 548
158 861
158 1375
158 1886
158 1940
159 268
159 417
159 564
159 712
159 841
159 1935
160 671
160 894
160 1044
160 1531
160 1775
160 1984
161 500
161 576
161 649
161 1102
161 1153
161 1631
162 1328
162 1392
162 1739
162 1871
163 745
163 985
163 1169
163 1192
163 1415
163 1668
163 1841
163 1873
164 448
164 745
164 775
164 1326
164 1482
164 1983
165 883
165 1011
165 1124
165 1173
165 1676
165 1754
165 1758
166 747
167 268
167 1942
168 334
168 1045
168 1581
169 459
169 514
169 924
169 926
169 1765
170 632
170 906
171 273
171 290
171 916
171 1600
171 1791
172 537
172 602
172 895
172 943
172 1598
172 1702
172 1780
173 263
173 798
173 852
173 1444
173 1870
174 233
174 300
174 490
174 1501
175 184
175 238
175 735
175 1009
175 1351
175 1548
175 1781
175 1813
176 327
176 468
176 594
176 595
176 656
176 788
176 1012
176 1224
176 1802
177 764
177 835
177 1737
177 1975
178 366
178 682
178 912
178 1148
178 1159
178 1223
178 1616
178 1629
179 210
179 275
179 650
179 883
179 972
179 1400
179 1484
179 1708
179 1850
180 228
180 269
180 340
180 621
180 1114
180 1885
180 1969
181 220
181 248
181 263
181 371
181 380
181 536
181 603
182 394
182 840
182 982
182 1424
182 1915
182 1994
183 189
183 1305
183 1586
183 1683
184 1045
184 1154
185 227
185 370
185 503
185 868
185 884
186 409
186 520
186 783
186 832
186 857
186 1214
186 1340
186 1537
186 1653
186 1998
187 1078
187 1453
187 1462
187 1757
187 1895
188 222
188 446
188 530
188 650
188 866
188 870
188 1172
188 1217
188 1608
188 1932
189 831
189 985
189 1501
189 1516
189 1795
190 439
190 556
190 732
190 775
190 1036
190 1307
190 1618
190 1637
190 1966
191 425
191 862
191 1263
191 1709
192 461
192 892
192 904
192 1032
192 1183
192 1461
192 1764
192 1768
193 584
193 692
193 831
193 1254
193 1347
193 1444
193 1696
193 1818
193 1949
194 390
194 831
194 882
194 891
194 1890
195 273
195 511
195 704
195 1279
195 1682
195 1871
196 1184
196 1458
196 1817
196 1923
197 468
197 599
197 707
197 886
197 1254
197 1436
197 1490
197 1864
197 1869
198 1425
198 1803
198 1915
198 1978
199 640
199 1629
199 1642
200 459
200 793
200 799
200 1163
200 1331
200 1540
201 434
201 810
201 842
201 953
201 1016
201 1579
201 1672
201 1874
201 1951
202 344
202 1055
202 1135
202 1143
202 1835
203 224
203 535
203 557
203 1144
203 1885
204 438
204 818
204 1419
204 1422
204 1544
204 1591
204 1787
205 265
205 1295
206 291
206 699
206 889
206 1522
206 1524
206 1576
206 1868
207 428
207 565
207 632
207 830
207 1402
207 1631
208 552
208 752
208 1240
208 1708
208 1719
209 616
209 725
209 1099
209 1213
209 1325
209 1555
210 958
210 1564
210 1626
210 1693
211 458
211 862
211 1534
211 1555
212 453
212 568
212 1079
212 1486
212 1549
213 556
213 825
213 1154
213 1690
214 376
214 1439
214 1646
214 1844
215 539
215 704
215 991
215 1252
215 1437
215 1894
216 688
217 406
217 474
217 559
217 755
217 1386
217 1430
218 518
218 1078
218 1348
218 1944
219 517
219 1077
219 1349
219 1519
220 805
220 905
220 1745
220 1819
221 433
221 801
221 955
221 1107
221 1382
221 1402
221 1748
221 1934
222 887
222 1203
222 1470
223 1394
223 1419
224 717
224 1775
225 564
225 725
225 1304
225 1493
225 1535
225 1768
225 1951
227 378
227 603
227 921
227 974
227 1019
227 1505
227 1570
227 1653
227 1945
228 855
228 880
228 919
228 1150
228 1865
228 1947
229 820
229 1146
229 1374
230 273
230 539
230 692
230 756
230 1095
230 1136
230 1519
230 1662
230 1862
231 243
231 599
231 687
231 1058
231 1364
231 1431
231 1548
231 1581
231 1947
232 675
232 919
232 1018
232 1845
232 1886
233 335
233 1465
233 1699
234 1011
234 1469
235 594
235 710
235 969
235 1608
235 1652
235 1698
235 1705
235 1720
235 1743
236 623
236 1391
237 1527
237 1614
237 1667
238 474
238 497
238 849
238 1267
238 1474
238 1670
239 1410
239 1572
239 1706
239 1828
239 1868
240 282
240 389
240 1185
240 1532
240 1663
240 1792
240 1864
241 620
241 651
241 832
241 1179
241 1239
241 1248
241 1457
241 1558
242 476
242 605
242 658
242 867
242 930
242 1163
242 1396
243 661
243 852
243 1252
244 270
244 549
244 1728
244 1880
245 665
245 1123
245 1149
245 1287
245 1991
246 370
246 533
246 848
246 1022
247 1277
247 1675
247 1937
247 1963
248 415
248 555
248 939
248 1321
248 1477
248 1546
248 1884
249 450
249 765
249 973
249 974
249 1398
249 1526
249 1566
249 1575
250 947
251 357
251 615
251 1822
252 337
252 618
252 941
253 365
253 759
253 778
253 981
253 1803
253 1944
254 513
254 1220
254 1815
255 338
255 399
255 696
255 820
255 833
255 1057
255 1106
255 1320
255 1349
255 1475
255 1476
256 624
256 796
256 1245
256 1424
256 1537
256 1718
256 1740
257 570
257 1005
257 1054
257 1108
257 1207
257 1271
257 1816
257 1849
257 1865
258 524
258 1382
259 333
259 702
259 716
259 944
259 987
259 1220
259 1801
260 400
260 1148
260 1235
260 1765
261 916
261 1459
261 1691
262 603
262 787
262 867
262 1426
262 1617
262 1902
263 434
263 689
263 875
263 1231
263 1583
263 1652
263 1822
264 371
264 385
264 753
264 771
264 1576
264 1845
265 518
265 1920
266 562
266 1430
266 1624
266 1803
266 1852
267 528
267 590
267 695
267 1082
267 1206
267 1441
267 1607
267 1869
267 1888
267 1968
268 670
268 994
268 1114
268 1412
268 1508
268 1630
268 1644
269 1849
271 335
271 402
271 706
271 1006
271 1395
271 1586
271 1652
272 290
272 1081
272 1668
272 1711
272 1790
273 380
273 459
273 685
273 696
273 1109
273 1859
274 488
274 494
274 507
274 689
274 1449
275 425
275 846
275 1000
275 1127
275 1253
276 714
276 1549
276 1896
277 484
277 660
277 1223
277 1360
277 1418
277 1471
277 1522
277 1564
277 1827
277 1894
278 311
278 469
278 612
278 655
278 816
278 842
278 1049
278 1061
278 1385
278 1417
278 1472
278 1726
279 829
279 842
279 844
279 1374
279 1481
280 415
280 645
280 1294
280 1367
281 702
281 1004
281 1380
281 1690
281 1780
282 418
282 578
282 970
282 1317
282 1899
283 699
283 1978
284 405
284 452
284 1783
285 669
285 1848
286 294
286 388
286 602
286 1159
286 1489
286 1588
286 1636
287 1441
287 1795
288 480
288 563
288 1026
289 353
289 774
289 1870
289 1911
290 329
290 721
290 1093
290 1374
290 1461
291 413
291 631
291 863
291 1297
291 1740
291 1966
292 399
292 852
292 921
292 1356
292 1384
292 1461
292 1497
292 1627
293 814
293 1394
293 1883
293 1904
294 659
294 1204
294 1463
294 1812
294 1886
295 371
295 873
295 1100
295 1207
295 1222
295 1523
295 1534
296 672
296 689
296 1098
296 1260
296 1319
296 1404
296 1454
296 1586
297 938
297 1513
297 1835
298 306
298 331
298 1251
299 470
299 849
299 980
299 1052
299 1142
299 1672
299 1801
299 1837
299 1951
300 801
300 834
300 1207
300 1227
300 1630
300 1922
301 348
301 376
301 711
301 1173
301 1390
301 1593
302 788
302 1505
303 590
303 1159
303 1356
303 1500
303 1670
303 1792
303 1857
304 367
304 1239
304 1467
304 1516
304 1604
304 1796
305 1504
305 1613
306 460
306 1228
306 1372
306 1614
307 366
307 518
307 580
307 1252
307 1358
308 351
308 1496
309 386
309 739
309 809
309 1244
309 1389
309 1402
310 406
310 758
310 954
310 1402
311 1069
311 1080
311 1277
311 1533
312 568
312 1540
312 1850
312 1877
312 1910
313 338
313 441
313 668
313 778
313 863
313 1048
313 1212
313 1528
313 1547
313 1670
313 1884
314 1505
314 1527
314 1575
314 1962
315 1079
315 1203
315 1456
315 1462
315 1463
315 1565
315 1681
315 1700
316 433
316 1290
317 993
317 1463
317 1669
318 1788
319 383
319 399
319 809
319 1236
319 1394
319 1585
320 761
320 1233
320 1513
321 331
321 645
321 774
321 1208
321 1390
322 904
322 1407
322 1962
323 1130
323 1222
324 432
324 945
324 1697
324 1723
324 1763
324 1914
324 1995
325 653
325 698
325 1601
325 1613
325 1863
325 1989
326 371
326 685
326 808
326 874
326 1254
326 1371
326 1498
326 1532
326 1666
326 1686
326 1749
327 540
327 981
327 1542
328 703
328 826
328 1435
329 1306
329 1498
329 1508
329 1710
329 1789
330 456
330 499
330 545
330 1523
330 1741
330 1968
331 345
331 544
331 701
331 707
331 1219
331 1750
331 1879
331 1924
331 1968
332 469
332 686
332 1341
332 1531
332 1940
333 522
333 565
333 799
333 951
333 1031
333 1095
333 1260
333 1469
333 1667
334 932
334 1378
334 1751
335 661
335 724
335 1054
335 1179
335 1197
335 1921
336 584
336 1139
337 866
337 1665
337 1792
337 1796
338 640
338 1152
338 1174
339 1546
339 1672
339 1896
340 690
340 919
340 1242
340 1684
341 739
341 757
341 1606
341 1645
342 457
342 605
342 862
342 1290
342 1674
343 617
343 913
343 1268
343 1292
343 1848
344 1085
344 1384
344 1399
344 1514
344 1680
344 1724
344 1806
344 1999
345 710
345 932
345 1059
345 1337
346 1236
346 1257
346 1420
346 1619
347 691
347 1970
348 1064
348 1076
348 1610
348 1654
348 1723
349 499
349 1289
349 1344
349 1769
350 475
350 842
350 1224
350 1659
351 356
351 981
351 1039
351 1132
351 1476
351 1631
352 514
352 935
352 1066
352 1134
353 571
353 792
354 403
354 586
354 813
354 1104
354 1162
354 1872
355 1261
355 1364
356 671
356 1013
356 1424
356 1538
356 1955
357 360
357 697
357 850
357 938
357 1045
357 1153
357 1236
358 878
358 936
358 1215
358 1450
359 583
359 621
359 754
359 922
359 1258
359 1630
360 1246
360 1441
360 1468
360 1729
361 429
361 539
361 1241
361 1242
361 1518
361 1776
361 1926
362 643
362 1267
362 1784
363 1414
363 1473
364 937
364 1575
364 1861
365 537
365 746
365 1003
365 1262
365 1481
366 530
366 742
366 931
366 1379
367 381
367 927
367 1072
368 861
368 1367
368 1475
368 1987
369 954
369 985
369 1047
369 1466
369 1517
369 1838
369 1839
369 1970
369 1975
370 865
370 1405
370 1465
370 1548
370 1764
371 670
371 1444
371 1620
371 1810
371 1865
371 1934
371 1952
372 1523
372 1630
372 1776
372 1806
372 1940
373 1026
373 1204
373 1524
374 715
374 1443
375 439
375 931
375 1945
376 931
376 1170
377 432
377 1586
378 1348
378 1954
379 527
379 767
379 1268
379 1617
379 1734
379 1796
380 518
380 686
380 897
380 1617
382 851
382 1709
382 1760
383 458
383 678
383 755
383 1052
383 1066
383 1694
384 543
384 1095
384 1652
385 536
385 540
385 774
385 1036
385 1435
385 1474
385 1586
385 1889
385 1925
385 1967
386 1404
386 1415
386 1575
386 1813
387 506
387 581
387 935
387 951
387 1566
387 1661
388 474
388 698
388 736
388 899
388 1473
388 1807
389 872
389 1343
390 507
390 570
390 1612
390 1642
391 474
391 922
391 1234
391 1517
391 1986
392 893
392 1110
392 1116
392 1520
392 1673
392 1686
393 915
393 931
393 1072
393 1093
393 1642
394 436
394 1174
394 1306
394 1601
395 672
395 714
395 719
395 739
395 904
395 945
395 1479
395 1801
396 820
396 1277
396 1618
396 1910
397 810
397 1218
397 1880
397 1948
398 1115
398 1438
398 1444
399 1180
399 1641
399 1838
400 533
400 1071
400 1915
401 411
401 541
401 1071
401 1439
402 1194
402 1492
402 1504
403 482
403 567
403 1561
403 1591
404 881
404 973
404 1956
405 492
405 600
405 640
405 931
405 992
405 1406
406 1145
406 1663
406 1803
406 1933
407 532
407 618
407 699
407 779
407 789
407 845
407 935
407 960
407 1493
407 1940
408 1110
408 1944
409 926
409 1104
410 775
410 1017
410 1129
410 1314
411 429
411 441
411 498
411 990
411 1114
411 1264
411 1346
411 1759
411 1911
412 636
412 693
412 1221
413 1144
413 1178
413 1247
413 1294
413 1394
413 1619
413 1633
413 1819
413 1879
414 920
414 1526
414 1647
415 497
415 921
415 934
415 1332
415 1976
415 1996
416 675
416 701
416 996
416 1442
416 1446
416 1733
417 772
417 1682
418 773
418 1122
418 1277
419 564
419 635
419 660
419 671
420 575
420 639
420 1194
420 1838
421 447
421 819
421 853
421 899
421 1109
421 1181
421 1687
421 1713
421 1748
421 1969
422 1314
422 1537
423 1151
423 1565
423 1678
424 550
424 600
424 795
424 1020
424 1203
424 1764
424 1913
425 839
425 1042
426 605
426 751
426 815
426 827
426 1111
426 1745
427 935
427 1082
427 1445
427 1721
427 1850
428 859
428 1561
428 1717
428 1870
428 1937
429 851
429 888
429 1140
429 1295
429 1554
429 1870
430 727
430 1257
430 1263
430 1605
430 1768
432 727
432 897
432 1198
432 1570
433 509
433 560
433 1160
433 1451
433 1529
433 1653
433 1706
434 1736
435 769
435 1789
436 489
436 676
436 722
436 918
436 999
436 1037
436 1272
436 1489
436 1497
436 1735
436 1814
436 1961
437 700
437 858
437 1750
437 1862
437 1874
438 628
438 790
438 876
439 530
439 708
439 784
439 1713
439 1937
440 447
440 817
440 956
440 1596
441 633
441 1269
441 1278
441 1592
441 1879
442 491
442 892
442 1263
442 1404
442 1871
443 953
443 1064
443 1263
443 1638
444 958
444 1197
444 1211
444 1562
444 1575
444 1978
445 464
445 771
445 872
445 1397
445 1558
446 584
446 842
446 1005
446 1053
446 1129
446 1166
446 1892
447 1051
447 1453
448 565
448 943
448 1633
448 1762
448 1797
448 1801
449 642
449 1045
449 1067
449 1195
449 1687
449 1755
450 762
450 1434
451 472
451 494
451 584
451 824
451 959
451 1729
451 1768
452 601
452 759
452 972
452 1306
452 1771
453 618
453 1795
453 1826
454 880
454 1263
454 1952
455 981
455 1237
455 1424
455 1631
456 865
456 1127
456 1186
456 1504
456 1859
457 620
457 1053
457 1182
457 1273
457 1305
457 1844
458 744
458 1262
458 1432
458 1457
458 1660
458 1717
459 785
459 969
459 1305
459 1506
459 1808
460 1197
460 1580
461 540
461 955
461 1366
461 1496
462 491
462 557
462 799
463 640
463 1053
463 1105
463 1429
463 1693
463 1871
463 1897
464 925
464 1342
464 1530
465 1545
465 1574
465 1751
466 625
466 690
466 1512
466 1816
466 1950
467 488
467 530
467 709
467 799
467 1109
467 1879
468 491
468 1023
468 1051
468 1456
468 1574
469 505
469 737
469 801
469 889
469 1550
469 1558
469 1789
469 1963
470 1284
470 1948
471 714
471 818
471 1043
471 1108
471 1186
471 1755
471 1906
472 503
472 647
472 880
472 940
472 1149
472 1772
472 1818
473 921
473 1307
473 1501
473 1537
474 1143
474 1918
475 549
475 966
475 1249
475 1409
476 1193
476 1517
476 1858
477 618
477 1137
477 1248
477 1280
477 1441
478 822
478 1217
478 1265
478 1481
479 597
479 608
479 640
479 1010
479 1579
479 1920
480 535
480 703
480 746
480 830
480 1470
480 1601
480 1671
481 550
481 623
481 669
481 737
481 1040
481 1379
481 1477
481 1662
481 2000
482 678
482 907
482 1247
482 1934
483 555
483 1253
483 1837
483 1847
484 489
484 1163
484 1757
484 1895
485 609
485 778
485 1161
485 1592
485 1718
485 1931
486 490
486 623
486 843
486 1760
486 1780
486 1785
487 1097
487 1694
488 772
488 774
489 894
489 1096
489 1130
489 1286
489 1819
489 1826
490 558
490 629
490 730
490 1589
490 1617
490 1837
491 859
491 919
491 1715
491 1786
492 508
492 1046
492 1082
492 1595
492 1661
493 681
493 922
493 1031
493 1105
493 1371
493 1778
493 1906
494 932
494 1543
494 1856
495 610
495 1557
495 1963
496 590
496 1102
496 1689
496 1882
497 1676
497 1956
498 1250
499 535
499 566
499 1540
499 1844
500 919
500 956
500 1724
501 905
501 1013
501 1131
501 1284
501 1479
501 1549
501 1674
501 1864
502 610
502 757
502 1027
502 1649
502 1743
503 720
503 751
503 903
503 1646
503 1722
504 765
504 983
504 1433
504 1548
504 1783
504 1838
504 1933
505 535
505 880
505 946
505 973
505 1040
505 1407
505 1468
506 628
506 816
506 1047
506 1533
507 1872
508 1216
508 1309
509 683
509 759
509 799
509 1170
509 1326
509 1721
510 1060
510 1648
510 1717
511 725
511 732
511 930
511 945
511 1094
511 1713
512 560
512 688
512 1437
513 528
513 953
513 1087
514 1482
514 1509
514 1597
514 1618
514 1811
515 640
515 1420
515 1611
515 1828
515 1956
516 645
516 716
516 1358
516 1738
517 520
517 597
517 1064
517 1254
517 1428
517 1440
517 1510
517 1750
517 1891
518 531
518 636
518 708
518 953
518 1174
518 1398
518 1506
518 1854
519 1338
519 1372
519 1734
519 1973
520 535
520 1738
521 570
521 1460
521 1483
522 1816
523 703
523 813
523 870
523 981
523 1869
524 1147
524 1205
524 1232
524 1472
525 810
525 1109
525 1270
525 1692
525 1883
526 1424
526 1971
527 1010
527 1243
527 1378
527 1815
527 1846
528 616
528 765
528 1229
529 631
529 990
529 1548
530 640
530 933
530 991
530 1144
530 1266
530 1611
531 759
531 804
531 882
531 1823
531 1962
531 1987
532 1324
532 1637
532 1926
533 798
533 1084
533 1112
533 1208
533 1382
533 1556
533 1607
533 1768
533 1958
534 725
534 801
534 936
534 1048
534 1138
534 1223
534 1884
534 1938
535 544
535 554
535 748
535 1158
535 1614
535 1691
536 1329
536 1819
537 766
537 1224
537 1364
537 1567
538 581
538 593
538 1207
538 1860
539 665
539 993
539 1122
539 1184
539 1465
539 1500
539 1652
539 1660
539 1750
539 1977
540 945
540 959
540 1122
540 1322
540 1908
541 557
541 754
541 795
541 849
541 1579
541 1965
542 915
542 1339
543 1744
543 1814
543 1962
543 1996
544 940
545 1119
545 1504
546 804
546 1067
546 1422
546 1483
547 669
547 1149
547 1385
547 1604
547 1852
548 771
548 896
548 997
548 1040
548 1741
549 958
549 1584
549 1997
550 693
550 740
550 1057
550 1279
550 1992
551 575
551 587
551 597
551 759
551 981
551 1003
551 1071
551 1158
551 1317
551 1326
551 1573
551 1643
552 600
552 1030
552 1112
552 1171
552 1264
552 1413
552 1757
552 1871
552 1931
553 624
553 728
553 966
553 1283
554 806
554 989
554 1659
555 865
555 1390
555 1828
556 1286
556 1822
557 719
558 667
558 1361
558 1488
559 737
559 1831
559 1872
560 726
560 779
560 1437
561 1126
561 1524
561 1668
561 1678
561 1696
561 1712
562 850
562 1235
562 1490
562 1823
562 1909
562 1966
563 995
563 1146
563 1267
564 700
564 944
564 1466
564 1905
565 980
565 1127
565 1301
565 1851
566 838
566 1321
566 1469
566 1471
566 1503
566 1859
567 669
567 864
567 1542
567 1553
567 1969
567 1975
568 650
568 867
568 1181
568 1411
568 1596
568 1824
569 790
569 1772
569 1861
569 1894
570 748
570 1437
570 1738
570 1981
571 1813
571 1835
572 619
572 894
572 1087
572 1346
572 1935
573 1435
573 1644
573 1684
574 599
574 639
574 773
574 1572
575 577
575 1038
575 1146
575 1920
576 750
576 1236
576 1394
576 1573
577 849
577 915
577 1595
578 1085
578 1961
579 1748
580 1331
580 1654
580 1703
580 1848
581 779
581 1300
581 1438
582 968
582 987
582 1365
582 1543
583 1226
583 1460
583 1967
584 880
584 901
585 1263
585 1463
585 1678
586 1245
586 1562
586 1815
587 703
587 1231
587 1306
587 1372
587 1781
587 1909
587 1949
588 1042
588 1290
588 1836
589 714
589 1008
589 1809
589 1957
590 752
590 1961
591 682
591 689
591 742
591 965
591 1657
592 1065
592 1258
592 1279
592 1338
592 1725
592 1756
593 1091
593 1237
593 1447
593 1505
593 1626
593 1646
593 1877
593 1957
594 846
594 978
594 1085
594 1280
594 1534
594 1724
595 836
595 852
595 1483
595 1618
596 944
596 1220
596 1433
596 1932
597 1577
597 1935
598 918
598 1053
598 1311
598 1644
598 1916
599 652
599 1804
600 905
600 1262
600 1937
601 675
601 772
601 1621
602 777
602 815
602 829
602 1079
602 1164
602 1358
602 1369
602 1589
602 1732
602 1995
603 908
603 1155
603 1791
603 1827
603 1930
604 1494
604 1662
605 618
605 1303
605 1558
605 1910
606 630
606 819
606 1363
607 1616
608 632
608 868
608 879
608 945
608 1709
609 720
609 1011
609 1337
609 1349
610 848
610 876
610 1273
610 1556
610 1618
611 1584
611 1916
612 646
612 1508
612 1670
613 1022
613 1276
613 1352
613 1692
613 1792
614 650
614 656
614 997
614 1146
614 1430
614 1431
614 1532
614 1791
614 1865
614 1877
614 1896
614 1945
615 627
615 926
615 1123
615 1148
616 786
616 1038
616 1390
616 1544
616 1778
617 941
617 944
617 1138
617 1217
617 1401
617 1829
617 1853
618 837
618 1053
618 1076
618 1568
618 1648
618 1962
619 696
619 1227
619 1953
620 1088
620 1229
620 1289
620 1541
621 696
621 1075
621 1610
622 949
622 1123
622 1448
623 709
623 1060
623 1239
623 1416
623 1721
623 1907
623 1938
624 697
624 855
624 999
624 1085
624 1329
624 1612
624 1906
624 1938
625 668
625 1247
625 1511
626 888
626 1028
626 1154
626 1513
626 1768
627 811
627 1609
627 1896
627 1992
628 666
628 741
628 1091
628 1168
628 1369
628 1887
629 818
629 990
629 1132
629 1656
630 726
630 769
630 1250
630 1626
630 1715
630 1933
630 1950
631 1533
632 1388
632 1445
632 1996
633 1372
633 1459
633 1794
633 1947
634 808
634 1114
634 1406
634 1462
634 1570
634 1667
634 1855
635 767
635 784
635 896
635 1332
635 1436
635 1627
635 1682
635 1750
635 1944
636 1113
636 1314
637 943
637 1109
637 1443
637 1690
637 1727
638 1406
638 1631
638 1900
639 1116
639 1354
640 1080
640 1276
640 1394
640 1568
640 1666
640 1727
641 863
641 969
641 1000
641 1290
641 1355
641 1712
642 1185
642 1555
642 1778
643 708
643 1200
643 1736
643 1768
643 1983
644 735
644 1596
644 1614
645 895
645 967
645 1932
645 1967
646 1860
648 753
648 877
648 1045
648 1266
648 1880
649 1135
649 1907
650 1528
650 1704
650 1719
651 723
651 995
652 964
652 987
652 1548
652 1634
653 990
653 1165
654 1356
654 1404
654 1644
655 683
655 974
655 1249
655 1450
655 1804
655 1818
655 1970
656 665
656 764
656 858
656 1348
656 1397
656 1694
656 1749
656 1830
657 1016
657 1338
657 1624
657 1764
658 1012
658 1014
658 1137
658 1770
658 1865
658 1901
659 1104
659 1799
660 872
660 907
660 937
660 1400
661 826
661 964
661 1069
661 1102
661 1326
661 1621
662 748
662 939
662 1419
663 1260
663 1472
664 926
664 1130
664 1852
664 1964
665 1120
665 1729
666 1311
666 1869
667 1604
667 1905
668 863
668 1636
668 1686
669 810
669 1369
669 1926
670 704
670 1003
670 1112
670 1627
670 1796
671 779
672 928
672 1040
672 1275
672 1508
673 858
673 1545
674 680
674 1320
674 1350
674 1446
674 1588
674 1590
674 1943
674 1948
675 918
675 1359
675 1764
676 873
676 881
676 1107
676 1136
676 1324
676 1637
677 718
677 765
677 1358
677 1563
677 1693
678 1284
679 752
679 823
679 1469
679 1525
680 845
680 1456
680 1939
680 1968
681 1357
681 1662
681 1731
682 1014
682 1240
682 1246
682 1519
682 1544
683 1404
683 1600
683 1718
684 945
684 1060
684 1093
685 1077
685 1478
685 1961
685 1997
686 783
686 942
686 958
686 1173
686 1325
686 1951
687 889
687 1774
687 1779
687 1968
689 940
689 1478
690 1567
690 1703
690 1929
691 721
691 1172
691 1261
691 1324
691 1864
692 1904
692 1962
693 1076
694 1054
694 1148
694 1872
695 827
695 1324
695 1414
695 1574
695 1797
695 1917
696 833
696 1068
696 1502
697 807
697 843
697 1067
697 1317
697 1431
698 742
698 780
698 850
698 1586
699 1330
699 1410
699 1496
700 889
700 918
700 1113
701 907
701 929
701 1340
701 1404
701 1440
702 1284
702 1396
703 1342
703 1662
703 1710
704 758
704 785
704 840
704 866
704 938
704 1090
704 1156
704 1700
704 1842
705 1195
705 1283
705 1510
705 1653
706 929
706 980
706 1859
707 1104
707 1248
707 1435
707 1764
707 1992
708 980
708 1216
708 1225
708 1705
708 1723
708 1760
709 876
709 1103
709 1239
709 1247
709 1427
709 1894
709 1927
709 2000
710 970
710 1031
710 1187
710 1308
711 922
711 1225
711 1629
711 1866
712 1127
712 1183
712 1416
712 1889
713 1494
713 1608
713 1647
714 1839
714 1913
715 861
715 1015
715 1157
715 1605
715 1654
715 1655
715 1716
715 1835
716 1315
716 1784
717 1055
717 1690
717 1767
717 1908
717 1934
718 1413
718 1473
719 1176
720 777
720 1007
720 1530
721 1869
722 826
722 1219
722 1269
722 1781
722 1803
722 1948
723 1277
723 1457
723 1757
724 808
724 1084
724 1304
724 1745
725 865
725 1078
725 1172
725 1452
725 1975
726 990
726 1089
729 828
729 1059
729 1604
729 1605
730 979
730 1755
730 1946
731 1127
731 1399
731 1473
731 1975
732 746
732 1132
732 1778
734 1005
734 1847
735 821
735 1135
735 1323
735 1627
735 1751
735 1902
736 1533
737 1073
737 1856
738 979
738 1361
738 1605
738 1665
738 1827
739 1239
739 1248
739 1774
739 1914
740 1556
740 1701
740 1786
741 1430
741 1512
741 1757
741 1837
741 1944
742 823
742 1111
742 1125
742 1243
742 1464
743 914
743 964
743 1316
743 1506
743 1890
744 1529
744 1786
744 1915
745 1864
746 1010
746 1075
746 1153
746 1603
747 1327
747 1704
747 1708
747 1730
748 1295
748 1531
748 1729
748 1735
749 1335
749 1437
750 1070
750 1154
750 1193
750 1508
750 1776
751 867
751 1553
751 1689
751 1759
752 1130
752 1204
752 1461
752 1493
753 965
753 1076
753 1281
753 1580
753 1631
754 1167
754 1321
755 891
755 1892
756 1229
756 1576
757 769
757 1282
758 772
758 1274
758 1367
758 1616
758 1781
759 956
759 1141
759 1281
759 1926
760 1786
761 900
761 1611
761 1675
761 1984
762 1321
762 1493
762 1732
763 1607
764 948
764 1435
765 1207
765 1234
765 1428
766 1009
766 1237
766 1479
766 1487
766 1742
767 876
767 1381
768 981
768 1576
768 1829
769 1746
769 1802
770 1250
770 1673
770 1998
771 1607
771 1694
771 1714
771 1905
772 826
772 1092
772 1546
772 1734
772 1982
773 1926
774 970
775 1014
775 1187
775 1211
775 1817
776 837
776 920
776 1205
776 1728
777 1260
777 1340
777 1663
777 1785
778 1512
778 1884
779 1585
779 1688
780 887
780 1208
780 1478
780 1940
781 1062
781 1150
781 1240
781 1437
781 1711
781 1970
782 795
782 859
782 1082
782 1368
783 1314
783 1472
784 1590
784 1614
785 1033
785 1239
785 1855
786 832
786 893
786 1251
786 1431
786 1947
787 994
787 1476
787 1721
787 1992
788 1488
788 1490
788 1514
788 1633
789 943
789 1479
789 1484
790 1630
790 1784
791 1250
792 821
792 1183
792 1217
792 1511
792 1636
792 1680
793 1031
793 1072
793 1694
794 814
794 1487
795 967
795 1335
796 1467
796 1573
796 1742
797 1402
798 1075
798 1235
798 1436
798 1462
798 1534
798 1835
798 1888
798 1919
799 1654
799 1947
800 1101
802 872
802 1076
802 1190
802 1552
803 1650
803 1800
804 853
804 1314
805 952
805 1445
805 1623
805 1815
805 1939
806 1260
806 1574
807 812
807 961
807 1494
808 815
808 877
808 886
808 1244
808 1395
808 1747
808 1765
809 912
809 1642
809 1995
811 971
811 1030
811 1263
811 1473
811 1504
811 1629
811 1984
812 1415
812 1801
812 1943
813 1377
814 1211
814 1246
814 1603
814 1693
814 1757
814 1793
815 901
815 1036
815 1175
815 1690
815 1809
816 1291
816 1902
817 877
817 1536
817 1594
818 944
818 1393
818 1835
819 1443
819 1548
819 1841
820 1259
820 1413
820 1888
821 1581
821 1589
822 1006
822 1058
822 1169
822 1905
823 1117
823 1406
823 1455
823 1788
824 909
824 1479
824 1753
824 1757
824 1920
825 1468
825 1471
826 892
826 1245
826 1669
827 1368
827 1731
828 1403
828 1798
828 1811
829 1165
829 1707
830 1010
830 1113
830 1152
830 1154
830 1164
830 1307
830 1382
830 1754
830 1944
831 1536
831 1584
833 834
833 864
833 921
833 1127
833 1654
833 1902
834 971
834 1529
834 1828
834 1896
835 1408
836 893
836 1102
836 1235
836 1484
836 1754
836 1980
837 869
837 905
837 1942
838 907
838 1038
838 1185
838 1400
838 1873
839 1444
839 1808
839 1816
839 1939
840 1861
841 853
841 936
841 979
841 1988
842 1118
842 1176
842 1314
842 1348
843 955
843 1101
843 1191
844 1338
844 1979
845 1183
845 1429
845 1795
846 999
846 1297
846 1511
846 1922
846 1995
847 1198
847 1411
847 1540
847 1888
848 864
848 1364
848 1736
849 1000
849 1800
850 986
850 1043
850 1175
850 1521
851 939
852 1224
852 1516
852 1964
853 966
853 1798
854 1137
854 1555
855 994
855 1155
855 1301
856 1042
856 1180
856 1278
856 1535
857 1521
857 1623
857 1697
857 1726
857 1794
857 1877
858 1386
859 963
860 867
860 1182
860 1299
860 1454
860 1796
860 1980
861 1111
861 1124
861 1362
861 1733
862 1263
862 1434
863 1355
863 1743
863 1805
864 944
864 1064
864 1299
864 1567
864 1997
865 1355
865 1393
865 1681
866 898
866 978
866 1356
866 1457
867 1212
867 1466
868 1836
868 1841
869 1389
869 1436
869 1712
869 1914
870 1052
870 1258
870 1384
870 1545
871 1036
871 1080
871 1281
871 1519
871 1721
872 929
872 1111
872 1807
873 959
873 1131
873 1601
874 1763
874 1766
875 1854
876 951
876 1001
876 1181
876 1410
876 1465
877 911
877 1059
877 1312
877 1405
878 1946
879 1054
879 1542
879 1805
879 1929
880 1123
880 1390
880 1895
881 1249
881 1309
881 1418
882 1610
882 1656
882 1769
883 900
883 992
883 1802
883 1963
884 1043
884 1252
884 1466
885 947
885 1061
885 1129
885 1298
885 1472
885 1887
886 974
886 1312
886 1332
886 1413
886 1492
887 1695
887 1919
888 1082
888 1236
888 1843
888 1869
889 937
889 1012
889 1021
889 1275
889 1598
890 938
890 1323
890 1413
890 1480
890 1840
892 1256
892 1342
892 1468
892 1692
893 1242
893 1302
893 1334
893 1455
893 1607
893 1771
895 1198
895 1317
895 1586
895 1677
895 1687
895 1948
896 927
896 1717
896 1724
897 945
897 1073
897 1869
897 1914
897 1936
898 1045
898 1234
898 1332
898 1732
898 1861
899 1275
899 1340
899 1530
900 1542
901 1195
901 1447
901 1531
902 1031
902 1428
902 1937
902 1973
902 1980
903 1612
904 1117
904 1449
904 1869
905 981
905 1144
905 1247
905 1355
906 2000
907 1036
907 1784
907 1820
908 943
908 1459
908 1536
908 1671
908 1699
908 1818
908 1945
909 1115
909 1419
910 1295
911 977
911 1089
911 1346
912 931
912 1449
912 1985
913 965
913 1954
914 1737
915 1460
915 1990
917 941
917 1121
917 1433
917 1596
917 1612
917 1713
917 1886
918 1439
918 1674
919 1058
919 1695
920 1146
920 1173
920 1391
920 1463
921 1962
922 1896
923 1138
923 1583
923 1672
923 1845
923 1994
924 1476
924 1551
925 970
925 1056
925 1226
925 1471
925 1832
926 1144
926 1289
926 1530
926 1663
927 954
927 1134
927 1503
927 1540
928 997
928 1452
928 1823
928 1917
928 1950
928 1999
929 1047
929 1588
930 1003
931 1077
931 1317
931 1339
932 977
932 999
932 1149
932 1264
932 1280
933 1012
933 1226
933 1749
934 1731
934 1745
935 1038
935 1429
935 1752
935 1827
936 1309
936 1685
937 1191
937 1892
938 1138
938 1140
938 1281
938 1322
938 1678
938 1941
939 1722
939 1814
939 1974
940 1295
940 1359
940 1498
940 1726
940 1811
940 1981
941 971
941 1561
941 1590
941 1932
942 1089
942 1273
942 1927
943 1252
943 1345
943 1370
943 1711
944 1044
944 1094
944 1111
944 1674
944 1757
945 1004
945 1059
945 1905
945 1906
946 1207
946 1677
946 1884
947 1316
947 1419
947 1448
947 1685
947 1803
947 1888
947 1948
947 1973
948 1026
948 1922
949 1056
949 1117
949 1828
950 1054
950 1200
950 1527
950 1662
950 1747
951 1197
951 1490
951 1600
951 1680
951 1853
952 1043
952 1489
952 1669
954 1102
954 1692
955 1296
955 1326
956 1098
956 1686
956 1904
957 1068
957 1150
957 1437
957 1523
957 1775
958 1419
958 1801
958 1897
959 1059
959 1088
960 1127
960 1275
960 1570
960 1743
960 1824
961 1407
961 1425
961 1544
962 1580
962 1644
962 1891
963 1502
964 1025
964 1116
964 1300
964 1580
965 1046
965 1394
965 1450
965 1617
966 1039
966 1345
966 1989
967 1034
967 1449
967 1922
969 1018
969 1249
969 1414
969 1597
969 1769
969 1992
970 1068
970 1635
972 1310
972 1463
972 1994
973 1501
974 1050
974 1541
975 1052
975 1355
975 1924
976 1517
977 1008
977 1336
977 1466
977 1876
978 1249
978 1810
979 1374
979 1434
979 1448
981 1397
981 1784
981 1885
982 1519
982 1724
982 1754
983 1025
983 1050
984 1057
984 1597
984 1748
985 1575
985 1599
985 1910
986 1452
986 1559
987 1189
987 1483
987 1846
988 1019
988 1884
989 1049
989 1528
989 1658
989 1706
990 1490
990 1669
991 1265
991 1527
991 1753
991 1932
992 1000
992 1062
993 1602
994 1155
994 1314
994 1494
994 1820
995 1482
995 1643
996 1226
996 1378
996 1477
996 1785
996 1812
997 1216
997 1844
997 1953
998 1043
999 1163
999 1342
999 1788
1000 1303
1000 1325
1000 1565
1000 1737
1001 1936
1002 1967
1003 1012
1003 1123
1003 1459
1003 1645
1004 1118
1004 1303
1004 1573
1004 1798
1005 1334
1005 1531
1005 1602
1005 1800
1006 1138
1006 1833
1007 1023
1007 1039
1007 1469
1007 1688
1008 1819
1009 1045
1009 1137
1009 1784
1010 1014
1010 1038
1010 1775
1010 1934
1011 1602
1011 1614
1012 1047
1012 1435
1013 1081
1013 1182
1013 1276
1013 1346
1013 1356
1013 1788
1013 1940
1014 1524
1014 1668
1014 1696
1015 1276
1015 1541
1015 1569
1016 1291
1017 1253
1017 1344
1017 1764
1018 1184
1018 1567
1018 1629
1018 1948
1018 1967
1019 1321
1020 1433
1020 1489
1021 1145
1021 1270
1021 1656
1022 1109
1022 1377
1022 1949
1023 1166
1023 1429
1023 1574
1023 1716
1023 1737
1024 1468
1025 1547
1025 1600
1025 1686
1026 1779
1026 1876
1028 1053
1028 1108
1028 1385
1029 1929
1030 1081
1030 1490
1030 1509
1030 1571
1031 1183
1031 1953
1032 1420
1032 1437
1032 1481
1032 1505
1032 1507
1032 1615
1032 1625
1032 1963
1034 1468
1034 1940
1036 1539
1036 1670
1037 1053
1037 1250
1037 1962
1038 1419
1039 1232
1039 1261
1039 1276
1039 1306
1039 1486
1039 1870
1040 1331
1040 1423
1040 1523
1040 1928
1040 1975
1041 1957
1042 1096
1043 1074
1043 1393
1043 1616
1044 1388
1044 1770
1044 1829
1045 1134
1045 1164
1045 1201
1045 1563
1045 1669
1045 1709
1046 1290
1046 1553
1046 1907
1047 1429
1047 1458
1047 1497
1047 1512
1048 1529
1048 1804
1048 1984
1049 1086
1049 1123
1049 1219
1049 1288
1049 1638
1049 1794
1049 1994
1050 1198
1050 1356
1051 1130
1051 1387
1051 1471
1051 1630
1052 1268
1052 1313
1052 1500
1052 1789
1053 1155
1053 1205
1054 1360
1054 1381
1055 1067
1055 1371
1055 1379
1055 1402
1055 1705
1055 1807
1056 1063
1056 1701
1056 1742
1057 1295
1057 1319
1057 1896
1058 1147
1058 1203
1059 1382
1059 1543
1059 1665
1060 1449
1060 1858
1061 1363
1061 1791
1061 1803
1061 1950
1062 1886
1063 1255
1063 1320
1063 1906
1064 1292
1064 1423
1064 1516
1064 1765
1065 1184
1065 1494
1065 1648
1065 1669
1066 1255
1066 1336
1066 1580
1066 1865
1066 1876
1067 1689
1068 1251
1068 1413
1069 1120
1069 1721
1069 1930
1070 1321
1070 1726
1070 1768
1071 1215
1071 1451
1071 1519
1071 1750
1071 1876
1071 1998
1072 1170
1072 1826
1073 1161
1073 1534
1073 1592
1074 1217
1074 1390
1074 1615
1075 1851
1076 1205
1076 1721
1077 1917
1077 1952
1077 1987
1078 1521
1078 1937
1079 1251
1079 1415
1079 1448
1079 1825
1080 1733
1081 1218
1081 1986
1082 1823
1082 1952
1083 1446
1083 1811
1084 1490
1084 1512
1085 1964
1086 1782
1086 1849
1088 1330
1088 1871
1088 1970
1089 1185
1089 1404
1089 1607
1090 1144
1090 1251
1090 1756
1091 1396
1091 1869
1093 1143
1093 1860
1094 1432
1094 1750
1094 1860
1095 1627
1095 1665
1096 1371
1096 1611
1096 1613
1096 1855
1097 1552
1097 1728
1097 1906
1097 1981
1098 1160
1098 1205
1098 1247
1098 1324
1098 1446
1098 1543
1098 1799
1098 1836
1099 1422
1100 1442
1101 1129
1101 1253
1101 1685
1101 1884
1102 1479
1102 1606
1102 1643
1102 1913
1103 1281
1103 1314
1103 1454
1103 1853
1104 1153
1104 1988
1105 1917
1106 1588
1107 1197
1107 1350
1108 1235
1108 1611
1108 1652
1109 1219
1109 1436
1109 1987
1110 1241
1110 1653
1110 1967
1111 1227
1111 1673
1112 1345
1112 1414
1112 1789
1112 1895
1113 1270
1113 1814
1114 1399
1114 1648
1114 1701
1115 1632
1116 1417
1117 1385
1117 1569
1117 1861
1118 1277
1118 1726
1119 1144
1119 1253
1119 1326
1119 1408
1119 1751
1120 1914
1121 1394
1121 1603
1121 1692
1121 1870
1123 1375
1123 1483
1123 1621
1123 1640
1124 1192
1124 1441
1124 1830
1124 1932
1125 1161
1125 1257
1125 1437
1125 1563
1125 1964
1126 1201
1126 1337
1126 1341
1126 1499
1126 1585
1127 1242
1127 1437
1128 1662
1129 1259
1129 1643
1129 1728
1129 1912
1130 1234
1130 1487
1131 1370
1131 1404
1131 1505
1131 1516
1131 1956
1132 1504
1132 1727
1132 1835
1133 1763
1133 1854
1134 1361
1134 1902
1135 1153
1135 1352
1136 1168
1136 1287
1137 1217
1137 1649
1137 1656
1137 1778
1137 1983
1138 1404
1138 1655
1138 1780
1139 1146
1139 1159
1139 1433
1139 1610
1139 1770
1140 1479
1140 1873
1141 1156
1141 1396
1141 1731
1142 1631
1142 1705
1142 1793
1142 1834
1143 1250
1143 1423
1143 1790
1144 1653
1144 1747
1145 1243
1146 1561
1147 1360
1147 1616
1149 1659
1150 1346
1150 1468
1150 1619
1150 1827
1151 1306
1151 1379
1151 1466
1151 1951
1152 1184
1152 1219
1152 1260
1152 1556
1152 1865
1153 1476
1156 1691
1157 1287
1157 1533
1157 1882
1157 1896
1158 1460
1158 1733
1158 1909
1159 1258
1159 1729
1159 1954
1159 1984
1159 1989
1159 1999
1160 1592
1160 1762
1160 1995
1161 1315
1161 1456
1161 1489
1161 1513
1161 1732
1162 1375
1162 1779
1163 1214
1163 1320
1163 1883
1164 1221
1164 1588
1164 1639
1164 1780
1165 1210
1166 1251
1166 1336
1166 1569
1166 1840
1166 1978
1167 1426
1167 1626
1168 1845
1169 1170
1169 1283
1169 1348
1169 1467
1169 1802
1169 1994
1170 1275
1170 1277
1170 1325
1170 1440
1171 1298
1172 1458
1172 1685
1172 1760
1173 1599
1173 1614
1174 1399
1174 1565
1175 1395
1175 1716
1175 1809
1175 1955
1176 1244
1176 1413
1176 1665
1176 1701
1176 1731
1176 1906
1176 1974
1177 1616
1178 1403
1178 1545
1178 1583
1178 1695
1178 1791
1178 1900
1179 1248
1179 1505
1179 1725
1179 1895
1180 1464
1180 1853
1182 1244
1184 1606
1184 1608
1184 1630
1186 1688
1187 1818
1188 1527
1188 1546
1189 1340
1189 1820
1190 1231
1190 1258
1190 1376
1190 1621
1190 1766
1191 1266
1191 1568
1191 1580
1191 1762
1193 1586
1193 1968
1194 1573
1194 1860
1194 1974
1195 1198
1195 1447
1195 1592
1196 1272
1196 1709
1197 1212
1197 1277
1198 1379
1198 1462
1199 1767
1201 1595
1201 1604
1202 1343
1202 1497
1203 1457
1203 1722
1204 1482
1204 1558
1204 1670
1205 1910
1206 1692
1207 1476
1208 1555
1208 1800
1208 1835
1209 1414
1209 1533
1209 1801
1211 1616
1211 1999
1212 1909
1213 1255
1213 1693
1213 1892
1213 1998
1215 1492
1215 1835
1217 1468
1217 1538
1217 1871
1218 1980
1220 1921
1221 1790
1225 1278
1226 1802
1227 1274
1227 1344
1227 1502
1228 1488
1228 1494
1228 1567
1230 1355
1230 1993
1231 1402
1231 1713
1232 1760
1232 1925
1233 1659
1234 1522
1234 1764
1234 1807
1234 1827
1236 1251
1236 1369
1237 1629
1237 1798
1238 1951
1239 1341
1239 1552
1239 1651
1239 1693
1242 1620
1242 1645
1242 1703
1243 1363
1243 1892
1244 1863
1244 1960
1245 1991
1247 1264
1247 1701
1248 1263
1248 1674
1249 1322
1249 1979
1250 1758
1250 1810
1251 1733
1252 1956
1253 1723
1253 1777
1253 1918
1254 1510
1254 1689
1254 1796
1255 1896
1256 1762
1257 1311
1258 1470
1258 1566
1259 1405
1259 1747
1259 1828
1261 1612
1262 1817
1262 1830
1263 1352
1263 1807
1263 1898
1264 1652
1265 1718
1266 1976
1267 1751
1267 1877
1268 1413
1268 1729
1268 1805
1268 1815
1269 1287
1269 1614
1270 1963
1272 1658
1272 1790
1273 1545
1275 1709
1276 1387
1276 1392
1276 1606
1277 1536
1277 1629
1277 1913
1278 1322
1278 1605
1279 1386
1279 1570
1280 1534
1281 1319
1281 1523
1282 1350
1282 1852
1283 1640
1284 1386
1285 1573
1285 1983
1287 1523
1287 1807
1288 1862
1288 1973
1289 1638
1289 1914
1290 1701
1291 1590
1291 1644
1292 1670
1294 1418
1294 1515
1294 1735
1295 1823
1295 1827
1296 1620
1296 1781
1297 1739
1298 1926
1299 1433
1299 1553
1299 1718
1299 1929
1299 1956
1299 1994
1301 1431
1301 1677
1302 1573
1302 1617
1303 1382
1304 1463
1304 1713
1304 1950
1305 1836
1306 1318
1306 1998
1307 1557
1308 1713
1308 1729
1308 1885
1308 1897
1309 1476
1309 1480
1309 1635
1309 1836
1309 1858
1310 1422
1311 1583
1312 1906
1313 1406
1313 1585
1313 1725
1314 1763
1314 1799
1314 1996
1315 1867
1316 1390
1316 1905
1318 1995
1319 1650
1319 1857
1320 1389
1320 1634
1321 1456
1321 1625
1321 1681
1322 1350
1323 1601
1323 1875
1324 1523
1325 1678
1326 1637
1326 1807
1327 1436
1327 1495
1328 1483
1329 1626
1329 1759
1330 1360
1330 1399
1330 1556
1330 1890
1333 1371
1333 1931
1334 1436
1334 1520
1335 1887
1336 1405
1336 1645
1336 1685
1337 1487
1337 1591
1337 1720
1338 1852
1338 1878
1339 1367
1339 1882
1340 1525
1340 1649
1341 1485
1341 1563
1341 1785
1342 1344
1342 1376
1342 1587
1342 1664
1342 1875
1343 1468
1343 1492
1343 1648
1344 1414
1344 1578
1344 1943
1345 1576
1345 1747
1346 1984
1347 1715
1347 1773
1348 1839
1350 1458
1351 1623
1351 1947
1351 1958
1352 1871
1353 1418
1353 1662
1353 1815
1353 1926
1354 1409
1354 1934
1355 1425
1355 1509
1355 1536
1355 1812
1355 1883
1355 1929
1356 1460
1356 1728
1357 1832
1358 1940
1359 1905
1361 1623
1361 1855
1362 1619
1362 1772
1365 1533
1365 1724
1366 1680
1367 1547
1367 1703
1367 1826
1368 1582
1369 1529
1369 1952
1370 1692
1370 1820
1370 1901
1371 1532
1372 1926
1373 1412
1373 1640
1374 1948
1375 1439
1375 1744
1376 1600
1376 1763
1376 1926
1377 1512
1378 1652
1378 1684
1378 1743
1379 1489
1381 1474
1381 1535
1381 1677
1381 1898
1382 1447
1383 1405
1383 1505
1383 1553
1383 1619
1384 1403
1384 1466
1385 1768
1386 1625
1388 1965
1389 1659
1389 1892
1389 1915
1390 1687
1390 1736
1391 1419
1391 1623
1391 1855
1393 1418
1394 1406
1394 1475
1394 1572
1395 1459
1396 1467
1396 1823
1396 1978
1397 1404
1397 1836
1397 1903
1397 1997
1398 1526
1398 1696
1398 1767
1398 1960
1399 1671
1399 1871
1401 1891
1402 1669
1402 1680
1402 1802
1403 1526
1403 1907
1405 1525
1405 1548
1405 1780
1405 1839
1406 1552
1407 1728
1407 1986
1408 1471
1408 1654
1409 1846
1411 1478
1411 1806
1412 1459
1412 1540
1413 1787
1413 1827
1413 1927
1414 1607
1414 1858
1414 1895
1415 1753
1416 1478
1416 1913
1417 1812
1417 1873
1417 1944
1418 1728
1419 1456
1419 1547
1419 1696
1420 1422
1420 1451
1420 1689
1420 1964
1420 1987
1421 1430
1421 1956
1422 1699
1423 1438
1423 1508
1423 1760
1423 1800
1424 1742
1424 1792
1424 1798
1426 1721
1426 1756
1427 1492
1427 1500
1429 1471
1430 1726
1431 1452
1431 1968
1432 1515
1432 1613
1432 1879
1433 1443
1433 1547
1433 1693
1433 1837
1433 1949
1434 1638
1435 1770
1435 1806
1437 1511
1438 1504
1439 1496
1439 1770
1440 1948
1441 1763
1442 1772
1442 1790
1443 1962
1444 1760
1448 1475
1449 1618
1449 1686
1449 1798
1449 1903
1450 1946
1451 1494
1451 1811
1451 1827
1452 1481
1453 1763
1454 1862
1454 1990
1455 1467
1455 1547
1455 1871
1455 1990
1457 1463
1457 1493
1457 1725
1457 1773
1458 1566
1458 1815
1458 1934
1459 1738
1460 1809
1460 1824
1461 1700
1461 1897
1462 1828
1463 1734
1464 1665
1467 1622
1468 1568
1469 1507
1470 1674
1470 1750
1471 1624
1472 1592
1474 1482
1474 1691
1474 1759
1474 1971
1476 1933
1477 1547
1477 1659
1478 1522
1478 1672
1478 1855
1479 1779
1479 1855
1479 1930
1480 1574
1480 1684
1481 1691
1482 1656
1482 1883
1483 1655
1483 1990
1484 1544
1486 1565
1486 1777
1487 1670
1488 1507
1488 1592
1488 1655
1488 1923
1490 1568
1490 1734
1491 1500
1493 1535
1493 1624
1493 1846
1494 1539
1494 1938
1496 1521
1496 1676
1496 1955
1497 1594
1497 1639
1497 2000
1499 1726
1500 1699
1501 1895
1501 1935
1502 1819
1503 1759
1504 1872
1504 1910
1504 1950
1506 1567
1506 1573
1507 1755
1507 1857
1507 1985
1508 1574
1508 1872
1510 1763
1511 1690
1511 1883
1514 1869
1515 1554
1516 1872
1517 1528
1520 1568
1520 1579
1520 1658
1520 1662
1520 1930
1523 1727
1523 1739
1523 1895
1523 1990
1524 1883
1525 1930
1525 1973
1527 1618
1527 1815
1529 1545
1529 1721
1530 1866
1532 1577
1534 1550
1534 1576
1534 1629
1535 1908
1536 1701
1537 1851
1538 1549
1538 1777
1538 1865
1539 1852
1541 1663
1542 1925
1543 1664
1544 1587
1545 1607
1547 1725
1547 1854
1548 1799
1549 1600
1550 1826
1550 1954
1550 1974
1551 1827
1552 1907
1553 1572
1554 1840
1554 1934
1555 1624
1555 1646
1556 1638
1557 1731
1557 1744
1557 1891
1559 1878
1559 1987
1560 1590
1560 1743
1560 1900
1562 1837
1563 1575
1563 1730
1563 1867
1565 1989
1566 1877
1568 1850
1570 1592
1570 1599
1571 1770
1571 1818
1572 1751
1572 1963
1573 1830
1573 1961
1574 1756
1574 1857
1575 1835
1577 1921
1578 1781
1578 1948
1581 2000
1583 1611
1585 1759
1587 1589
1588 1849
1589 1733
1589 1818
1591 1707
1595 1888
1595 1943
1597 1690
1598 1798
1599 1783
1600 1655
1600 1688
1601 1641
1601 1779
1602 1810
1602 1931
1603 1640
1603 1805
1603 1847
1605 1620
1606 1824
1606 1847
1606 1884
1607 1660
1607 1782
1607 1898
1608 1946
1610 1669
1613 1958
1614 1757
1616 1969
1617 1851
1618 1898
1619 1947
1621 1823
1622 1885
1623 1630
1623 1638
1623 1778
1624 1766
1625 1688
1626 1749
1627 1711
1627 1978
1629 1932
1630 1653
1631 1752
1632 1812
1632 1837
1633 1858
1634 1709
1635 1641
1635 1786
1635 1904
1636 1955
1639 1896
1639 1907
1640 1889
1641 1990
1642 1824
1642 1840
1642 1912
1643 1768
1643 1790
1643 1796
1644 1898
1645 1678
1645 1821
1645 1830
1645 1897
1646 1960
1649 1753
1649 1801
1649 1943
1650 1658
1652 1733
1654 1941
1655 1686
1656 1779
1657 1837
1657 1934
1658 1995
1659 1807
1659 1951
1660 1821
1661 1793
1661 1914
1662 1792
1662 1905
1663 1664
1663 1675
1663 1724
1664 1758
1666 1854
1667 1815
1667 1885
1670 1793
1670 1909
1671 1723
1671 1735
1671 1838
1671 1976
1672 1724
1674 1713
1677 1929
1678 1723
1679 1928
1684 1960
1687 1969
1690 1769
1690 1782
1691 1952
1692 1829
1694 1941
1695 1791
1696 1877
1697 1838
1699 1910
1700 1706
1702 1808
1703 1716
1704 1794
1704 1801
1705 1879
1705 1943
1706 1815
1706 1902
1707 1773
1707 1843
1707 1961
1711 1805
1712 1845
1714 1810
1714 1811
1717 1794
1718 1901
1718 1946
1719 1877
1722 1804
1722 1871
1723 1839
1726 1984
1727 1792
1727 1866
1727 1941
1728 1814
1728 1943
1730 1883
1730 1992
1731 1933
1732 1829
1732 1911
1732 1960
1734 1968
1737 1759
1737 1853
1740 1806
1740 1940
1743 1760
1744 1953
1745 1934
1750 1970
1751 1804
1752 1972
1753 1844
1755 1883
1756 1767
1756 1802
1756 1835
1760 1979
1762 1814
1767 1802
1768 1816
1770 1796
1774 1974
1775 1947
1782 1985
1783 1857
1783 1860
1785 1941
1789 1985
1790 1853
1791 1911
1792 1933
1795 1806
1797 1798
1800 1843
1800 1999
1801 1849
1801 1860
1803 1886
1805 1826
1805 1840
1806 1967
1810 1916
1812 1883
1813 1908
1817 1904
1817 1947
1821 1916
1822 1842
1825 1939
1826 1986
1830 1873
1831 1872
1832 1928
1834 1981
1835 1863
1835 1900
1837 1889
1837 1929
1838 1873
1839 1968
1844 1900
1847 1895
1849 1898
1850 1987
1853 1905
1855 2000
1859 1979
1863 1908
1865 1983
1868 1884
1870 1918
1870 1946
1871 1879
1874 1925
1878 1977
1881 1883
1884 1919
1884 1981
1885 1925
1890 1948
1904 1908
1906 1940
1907 1957
1911 1976
1920 1967
1926 1952
1926 1970
1926 1972
1927 1981
1930 1934
1941 1981
1942 1950
1942 1973
1963 1982
1976 1987
1982 1999
1984 1990