2000
1 45
1 237
1 270
1 1185
1 1389
1 1460
1 1565
1 1831
1 1920
2 605
2 883
2 971
2 1045
2 1403
3 309
3 780
3 916
4 130
4 499
4 1818
5 20
5 1935
6 534
6 1157
6 1222
6 1390
6 1804
7 748
8 136
8 900
8 928
8 1451
9 327
9 1792
10 645
10 1529
10 1714
11 303
11 747
11 938
11 1104
11 1146
11 1180
11 1856
12 940
12 989
12 1564
12 1954
13 67
13 1548
14 185
14 233
14 468
14 843
14 1552
15 69
15 1574
15 1674
16 616
16 917
16 1206
16 1266
16 1473
16 1805
17 1519
17 1629
17 1873
18 62
18 436
18 626
18 685
18 740
18 1758
18 1851
18 1858
19 457
19 1063
19 1386
19 1828
20 999
20 1602
20 1777
20 1908
21 1657
21 1680
22 257
22 259
22 283
22 423
22 1549
22 1651
23 109
23 424
23 739
23 1287
23 1293
23 1298
23 1758
24 83
24 603
24 693
24 1780
24 1940
25 527
25 663
25 915
25 1373
25 1554
25 1654
25 1751
26 682
26 833
26 1736
27 751
27 820
28 326
29 370
29 1479
30 592
30 756
30 1926
31 247
31 811
32 114
32 225
32 820
32 1478
32 1611
32 1717
33 282
33 329
33 388
33 556
33 779
34 57
34 454
34 915
35 292
35 395
35 494
36 64
36 1113
36 1200
36 1563
36 1776
37 378
37 436
37 558
37 673
37 1478
37 1650
38 577
38 1284
38 1507
38 1584
39 111
39 290
39 416
39 458
39 723
39 977
40 354
40 1387
40 1494
40 1505
40 1809
41 210
41 483
41 515
41 780
41 987
41 1026
41 1216
41 1311
41 1711
41 1826
42 148
42 839
42 1042
42 1691
42 1976
43 220
43 835
43 942
43 1030
43 1550
43 1959
44 377
44 692
44 1091
44 1564
44 1635
44 1963
45 114
45 244
45 805
45 1170
45 1334
45 1494
45 1565
45 1686
45 1911
46 839
46 1812
47 116
47 641
47 1596
47 1772
48 460
48 1147
48 1324
48 1535
48 1808
48 1842
48 1880
48 1908
49 386
49 1886
49 1903
50 241
50 324
50 697
50 1123
50 1356
51 119
51 1859
52 508
52 565
52 1130
52 1267
52 1675
53 183
53 241
53 478
53 593
54 61
54 158
54 627
55 303
55 509
55 1927
56 225
56 506
56 1006
56 1124
57 479
57 662
57 1110
57 1272
57 1316
58 590
58 1198
58 1701
59 119
59 514
59 538
59 719
59 1757
59 1799
59 1808
60 226
60 1580
61 258
61 390
61 1080
61 1227
61 1702
62 502
62 822
62 1765
63 519
63 1061
63 1444
63 1744
64 909
64 1545
65 420
65 530
65 720
65 1166
65 1597
66 982
66 1262
66 1291
67 138
67 602
67 1122
67 1762
68 94
68 154
68 180
68 260
68 781
68 1118
68 1289
69 573
69 627
69 758
69 891
69 1319
69 1643
69 1855
69 1887
69 1940
70 371
70 396
70 821
70 1602
71 223
71 761
71 1036
71 1468
71 1913
71 1933
71 1935
72 470
72 964
72 1136
72 1244
72 1468
72 1517
73 661
73 805
73 983
73 1183
73 1625
74 134
74 891
74 1334
74 1352
74 1473
74 1676
74 1733
75 119
75 262
75 559
76 234
76 1567
77 592
77 807
77 1092
77 1316
77 1587
78 317
78 554
78 1426
78 1477
78 1968
79 1213
79 1288
79 1363
79 1653
79 1782
79 1845
80 92
80 1330
80 1739
81 221
81 269
81 1339
81 1731
82 594
82 876
82 1056
82 1931
83 111
83 739
83 780
83 1639
83 1746
83 1960
84 426
84 884
84 1377
84 1380
84 1515
84 1700
85 239
85 1029
85 1570
85 1746
86 110
86 1105
86 1663
87 514
87 892
87 940
87 1101
87 1227
87 1287
88 268
89 1662
90 804
90 1115
90 1318
90 1754
91 763
91 1272
91 1675
92 1393
93 521
93 802
93 1017
93 1474
94 238
94 482
94 1776
95 685
95 707
95 933
96 726
96 1015
96 1125
96 1660
97 156
97 194
97 267
97 1121
97 1459
97 1866
98 432
98 1134
98 1580
98 1724
99 147
99 379
99 777
99 1766
100 185
100 299
100 912
100 1412
100 1818
100 1996
101 1108
101 1180
101 1914
102 556
102 970
102 971
102 1090
102 1478
103 474
103 1464
103 1651
103 1654
104 274
104 668
104 1439
105 726
105 1375
105 1905
106 578
106 596
106 966
106 1061
106 1327
107 908
107 920
107 1469
107 1504
107 1628
108 1187
109 183
110 299
110 641
110 676
110 710
110 1295
110 1707
110 1787
110 1930
111 114
111 319
111 550
111 758
111 973
111 1463
111 1643
111 1684
111 1837
112 302
112 550
112 865
113 159
113 502
113 762
113 890
113 1148
113 1852
114 1006
114 1970
115 1363
116 486
116 747
116 975
116 1075
116 1280
116 1285
117 748
117 757
117 1289
117 1659
117 1960
118 182
118 1273
118 1539
118 1686
119 137
119 402
119 590
119 759
119 763
119 1368
119 1373
119 1864
120 201
120 587
120 1335
120 1345
121 254
121 865
121 963
121 1360
122 345
122 429
122 896
123 375
123 992
123 999
123 1087
124 147
124 369
124 988
124 1162
125 242
125 479
125 673
125 1133
125 1722
126 450
126 1562
127 354
127 468
127 1096
128 200
128 674
128 935
128 1163
128 1298
128 1505
129 205
129 639
129 686
129 753
129 904
129 1427
129 1756
129 1903
130 512
130 883
130 1946
131 219
131 260
131 801
131 978
131 1425
132 917
132 1912
133 407
133 696
133 807
133 1079
133 1184
133 1213
133 1358
134 187
134 313
134 469
134 1679
134 1705
135 318
135 411
135 530
135 772
135 1155
135 1982
136 314
136 688
137 357
137 490
138 598
138 708
138 869
138 884
138 1427
139 397
139 536
139 647
139 696
139 1888
140 1175
140 1259
141 544
141 574
141 1432
141 1490
141 1863
142 388
142 456
143 711
143 1032
143 1724
143 1758
143 1760
144 385
144 481
144 485
144 1596
145 1015
145 1096
146 234
146 264
146 716
146 987
146 1351
146 1794
146 1941
146 1975
148 217
148 437
148 990
148 1376
148 1480
148 1579
148 1598
149 308
149 388
149 836
149 1101
149 1106
149 1982
150 168
150 744
150 938
150 1873
151 364
151 506
151 519
151 1419
153 459
153 646
153 1101
153 1328
153 1356
153 1554
153 1806
154 1817
155 765
155 846
155 988
155 1448
155 1775
156 786
156 850
156 1071
156 1096
156 1120
156 1196
156 1377
156 1626
156 1901
156 1997
157 231
157 337
157 515
157 606
157 689
157 1002
157 1077
157 1788
158 806
158 1503
159 291
159 615
159 1232
159 1441
159 1794
159 1881
159 1905
160 265
160 326
160 1364
160 1408
160 1663
160 1734
161 474
161 509
161 929
161 1060
161 1204
161 1311
161 1467
161 1999
162 222
162 591
162 1238
162 1796
163 171
163 1508
163 1791
163 1833
164 383
164 1166
164 1801
165 590
165 890
165 1119
165 1572
166 824
166 1310
166 1384
167 262
167 396
167 491
168 755
168 805
168 1446
168 1498
168 1904
168 1952
169 595
170 270
170 344
170 604
170 620
170 1314
170 1465
171 360
171 691
171 1131
171 1324
171 1869
172 1212
172 1482
172 1577
172 1712
172 1758
172 1774
173 938
173 1006
173 1014
173 1648
173 1878
173 1911
173 1964
174 434
174 1485
174 1988
175 423
175 1036
175 1732
175 1757
175 1986
176 1336
176 1472
176 1583
176 1788
177 630
177 1132
177 1240
177 1278
177 1525
177 1917
177 1996
178 568
178 1623
178 1738
179 1432
179 1732
180 201
180 1007
180 1078
180 1711
180 1845
181 1183
181 1459
181 1559
182 681
182 1751
182 1929
183 436
183 664
183 780
183 1243
183 1911
184 254
184 896
184 1527
184 1621
185 372
185 693
186 192
186 797
187 263
187 373
187 375
187 489
187 509
187 791
187 978
187 1308
188 249
188 808
188 1298
188 1708
188 1754
188 1946
189 365
189 535
189 671
189 775
189 957
190 809
190 827
190 886
190 1912
191 910
191 1252
191 1270
191 1692
191 1699
192 895
192 921
192 1198
192 1651
193 437
193 846
193 1017
193 1714
193 1855
194 433
194 997
194 1153
194 1222
194 1795
194 1889
195 458
195 642
195 819
195 877
195 1128
195 1328
195 1890
196 723
196 1137
196 1161
197 1208
197 1462
197 1530
197 1883
198 1001
198 1437
198 1856
198 1883
199 382
199 605
199 632
199 1769
200 478
200 1421
201 452
201 1149
201 1492
201 1816
202 807
202 839
202 874
202 1319
202 1400
203 557
203 790
203 1134
203 1338
203 1502
203 1556
203 1574
203 1804
203 1857
204 276
204 795
204 1012
204 1274
204 1694
205 286
205 366
205 407
205 551
205 1047
205 1184
205 1224
205 1947
206 818
206 1135
206 1385
206 1407
208 319
208 357
208 565
208 882
208 1104
208 1268
208 1903
209 457
209 774
209 1057
210 338
210 1546
210 1614
210 1872
211 874
211 912
211 1086
211 1500
211 1508
211 1521
211 1938
212 293
212 396
212 592
212 640
212 983
212 1056
212 1075
212 1784
213 1309
213 1687
213 1728
214 498
214 582
214 814
214 1060
214 1190
214 1475
215 1339
216 448
216 796
216 858
216 1493
216 1555
216 1994
217 1019
218 576
218 890
218 1019
218 1120
218 1939
218 1999
219 1225
220 232
220 333
220 1328
220 1998
221 481
221 565
221 756
221 1071
221 1092
221 1661
222 1328
222 1511
222 1554
224 353
224 363
224 1944
224 1982
225 421
225 656
225 786
225 863
225 1169
225 1532
225 1602
225 1693
226 306
226 1059
226 1712
226 1788
227 698
227 807
227 855
227 1028
227 1149
227 1192
228 338
228 699
228 853
228 1130
228 1330
228 1426
228 1736
229 322
229 661
229 779
230 1809
231 338
231 430
231 594
231 615
231 1478
231 1667
232 1032
232 1447
232 1467
233 344
233 606
233 979
233 1844
234 306
234 421
234 583
234 870
234 937
235 1038
236 305
236 513
236 767
236 1451
236 1519
236 1535
236 1567
236 1926
237 331
237 363
237 1016
237 1435
237 1505
238 1858
239 849
239 1007
239 1067
239 1400
239 1692
239 1832
240 655
240 1104
240 1142
240 1274
241 436
241 494
241 666
241 803
241 966
241 1578
241 1581
241 1641
242 1728
243 294
243 354
243 470
243 615
244 1088
246 274
246 421
247 809
247 1031
248 319
248 1250
248 1969
249 1175
249 1590
250 307
250 952
250 1539
251 491
251 585
251 856
251 942
251 1027
251 1358
251 1589
251 1836
252 717
252 981
252 1034
252 1103
252 1453
252 1815
253 1218
254 663
254 955
254 1079
255 646
255 802
255 1351
255 1426
255 1809
256 1009
257 330
257 436
257 440
257 563
257 877
257 1086
257 1338
257 1532
257 1857
258 588
259 645
259 932
259 1227
259 1336
259 1452
259 1952
259 1996
260 340
260 541
260 1233
260 1349
261 1431
261 1443
261 1463
261 1493
261 1597
262 536
262 1195
262 1643
263 297
263 897
263 1344
264 921
264 990
264 1512
264 1521
265 765
265 1599
266 270
266 1215
266 1453
266 1521
267 932
267 1160
267 1178
267 1480
267 1630
267 1735
268 790
269 650
269 834
269 923
269 934
269 1087
269 1667
269 1731
270 312
270 1016
270 1266
271 1355
271 1430
271 1607
271 1970
272 284
273 452
273 648
273 1548
274 331
274 805
274 1369
274 1752
275 511
275 838
276 641
276 929
276 1127
277 427
277 993
277 1122
278 453
278 1655
278 1786
278 1885
279 348
279 726
279 912
279 1690
279 1957
280 526
280 555
280 1060
280 1358
280 1367
280 1412
280 1585
281 602
281 710
281 1380
281 1384
281 1492
281 1527
281 1845
281 1857
282 518
282 599
282 889
282 1679
283 1313
283 1782
284 1197
284 1316
284 1335
285 611
285 1843
285 1862
286 327
286 437
286 566
286 816
286 1328
287 1189
287 1271
287 1430
287 1456
287 1500
287 1591
287 1671
288 292
288 372
288 528
288 660
288 906
288 953
288 1304
289 388
289 1752
289 1838
291 350
291 566
291 604
291 1841
292 1010
292 1054
292 1701
292 1873
292 1946
293 642
293 1356
293 1389
293 1679
294 722
294 732
295 456
295 850
295 950
295 1135
295 1384
295 1472
295 1846
296 438
296 1907
296 1951
297 423
297 713
297 798
297 1062
297 1236
297 1640
298 909
298 1344
298 1571
298 1941
299 1286
300 384
300 1448
300 1738
301 425
301 1096
301 1307
301 1536
302 748
302 1503
302 1782
302 1849
303 357
303 409
303 565
303 1379
303 1537
304 708
304 882
304 963
305 702
305 898
305 1178
305 1629
305 1901
306 1169
306 1216
306 1383
307 707
307 765
308 675
308 978
308 1032
308 1132
308 1474
308 1518
309 619
309 688
310 458
310 1389
310 1806
310 1922
311 382
311 781
311 1134
311 1875
311 1944
312 574
312 580
312 1119
312 1354
312 1824
313 608
313 641
313 1170
313 1307
314 1407
314 1419
315 382
315 449
315 459
315 478
315 966
315 1020
315 1671
316 988
316 1651
316 1856
317 907
317 917
317 1909
318 643
318 685
318 864
318 1635
318 1636
318 1832
319 381
319 392
319 1323
320 405
320 639
320 862
320 1025
320 1175
320 1748
321 626
321 1944
322 1184
323 456
323 547
323 1501
323 1876
324 679
324 944
324 1262
324 1497
324 1663
324 1852
325 658
325 727
325 832
326 366
326 479
326 813
326 1154
327 371
328 495
328 1041
328 1243
328 1792
329 1334
329 1613
329 1630
330 651
330 1116
330 1513
331 774
331 977
331 996
331 1043
331 1479
331 1726
331 1918
332 1073
332 1359
332 1725
333 779
333 1119
334 1048
334 1506
334 1812
334 1840
335 497
335 646
335 1594
336 1557
337 1099
337 1535
337 1838
337 1875
337 1973
338 444
338 1037
338 1801
339 536
339 1045
339 1973
339 1976
340 795
340 813
340 1010
340 1840
341 437
341 475
341 634
341 771
341 1247
341 1285
341 1506
342 1643
342 1757
343 499
343 703
343 704
343 736
343 1110
343 1353
343 1438
344 574
344 928
344 1458
345 774
345 831
345 1835
346 479
346 908
346 1028
346 1079
346 1756
346 1865
346 1966
347 507
347 529
347 1707
347 1932
348 663
348 911
348 976
348 1116
348 1237
348 1542
348 1954
349 539
349 1089
349 1167
349 1285
349 1800
350 607
350 649
350 1274
350 1335
351 587
351 612
351 899
351 1178
351 1365
351 1777
351 1966
352 582
352 921
352 1180
352 1432
353 881
353 1263
353 1871
354 960
354 1552
355 607
355 835
355 992
355 1654
356 779
356 1891
356 1920
357 1836
358 811
358 1215
358 1292
358 1755
359 426
359 513
359 516
359 536
359 954
359 1221
359 1858
360 958
360 1009
360 1369
360 1762
360 1899
361 459
361 1143
361 1523
361 1745
361 1793
361 1923
362 1633
363 438
363 918
363 1080
363 1458
363 1620
363 1835
363 1968
365 1115
365 1638
365 1695
365 1859
366 716
366 830
366 1032
366 1222
367 1073
368 1449
368 1889
369 389
369 466
369 931
369 987
369 1129
369 1204
369 1394
369 1534
369 1556
370 583
370 1075
370 1147
370 1408
371 600
371 695
371 1043
371 1090
371 1760
372 540
372 555
372 1403
372 1405
372 1585
372 1774
373 1138
373 1538
374 414
374 1854
374 1909
375 550
375 681
375 701
375 1569
375 1942
376 886
376 1134
376 1220
376 1346
376 1687
376 1755
377 767
377 1647
377 1665
377 1818
377 1890
378 1420
378 1616
378 1823
379 403
379 640
379 1528
379 1967
381 746
381 1886
382 523
382 554
382 1742
383 1451
383 1839
383 1881
383 1921
384 506
384 636
384 770
384 1394
384 1555
384 1920
385 575
385 989
385 1087
385 1383
385 1807
386 969
386 993
386 1046
386 1298
387 1333
388 410
388 736
388 1284
388 1311
388 1824
389 431
389 694
389 843
389 1207
389 1264
389 1565
390 983
390 1051
390 1394
390 1692
390 1882
390 1888
390 1930
391 1241
391 1749
391 1774
392 1019
392 1244
392 1264
392 1381
392 1534
393 553
393 585
393 1186
393 1452
393 1804
394 1307
394 1496
394 1920
395 850
395 1401
395 1416
396 1832
397 719
397 750
397 879
397 1602
398 804
398 1195
398 1347
398 1598
398 1624
399 657
399 1199
399 1437
400 718
400 778
400 830
400 1341
400 1509
400 1578
400 1830
401 1295
401 1605
401 1889
402 1820
402 1973
404 429
404 524
404 1211
404 1719
404 1742
405 753
405 784
405 1521
405 1682
406 462
406 916
406 1239
406 1561
406 1855
407 538
407 1231
407 1687
407 2000
409 1184
409 1542
409 1824
409 1937
410 473
410 490
410 1949
411 469
411 945
411 1286
411 1521
412 447
412 663
412 685
412 796
412 1418
412 1723
412 1761
413 848
413 1371
413 1587
413 1698
414 499
414 653
414 766
414 1003
415 527
415 946
415 1180
415 1470
415 1627
417 1460
418 994
418 1540
419 730
420 733
420 1593
421 1340
421 1716
421 1783
422 478
422 1759
423 479
423 1934
424 520
424 747
424 883
424 1061
424 1438
424 1691
424 1769
424 1876
424 1927
425 901
425 1219
425 1587
426 464
426 1363
427 700
427 701
428 471
428 556
428 1776
429 999
429 1445
430 1014
430 1174
430 1599
432 636
432 1612
432 1632
432 1669
432 1958
432 1999
433 608
433 660
433 891
433 1278
433 1355
433 1407
433 1474
433 1886
434 471
434 668
434 1187
435 1163
435 1179
435 1513
436 442
436 643
436 696
436 742
436 798
436 1495
436 1542
437 634
437 1022
437 1070
437 1439
437 1642
437 1736
438 512
438 815
438 823
438 1170
439 473
439 488
439 1607
440 1229
440 1515
440 1947
441 913
441 1848
442 767
442 940
442 1280
442 1410
442 1434
443 1373
443 1562
444 1071
444 1278
444 1570
444 1733
444 1750
445 475
445 493
445 1154
445 1301
446 756
446 1739
447 590
447 809
447 920
447 1095
448 499
448 712
448 726
448 1465
449 837
449 1496
450 791
450 805
450 920
450 1488
450 1680
451 536
451 816
451 1304
451 1470
451 1761
452 1667
452 1916
452 1936
453 1759
453 1869
453 1991
454 1119
454 1583
454 1674
455 705
455 1175
455 1221
455 1385
455 1422
455 1534
457 541
457 988
457 1447
457 1472
457 1739
457 1944
457 1971
458 522
458 648
458 705
458 827
458 1819
458 1910
459 505
460 562
460 568
460 756
460 1074
460 1090
460 1335
460 1595
460 1601
461 658
461 813
461 1287
461 1430
461 1778
462 537
462 660
462 801
462 1361
462 1384
462 1623
463 1315
463 1592
464 567
464 898
464 1430
465 768
465 920
465 1742
465 1801
466 784
466 1311
466 1693
466 1936
467 548
467 667
467 734
467 1297
467 1581
467 1648
468 484
468 882
468 1139
469 853
469 1986
470 931
470 1230
470 1477
470 1972
471 814
471 1536
471 1602
471 1871
471 1916
472 563
472 734
472 1105
472 1373
472 1571
472 1815
473 533
473 673
473 1472
474 648
474 713
474 732
474 889
474 1268
474 1277
474 1471
474 1715
475 486
475 1387
475 1750
476 1546
476 1585
476 1864
476 1978
477 1236
477 1283
477 1587
477 1852
478 638
478 1530
479 838
479 900
479 1533
479 1604
479 1805
479 1874
480 1065
481 586
481 1323
481 1391
481 1475
482 796
482 1331
482 1971
483 715
483 754
483 1941
484 620
484 972
484 1375
484 1464
484 1508
485 1690
486 781
486 786
486 1898
487 832
487 1826
487 1956
488 678
488 728
488 1031
488 1659
489 640
489 821
490 689
490 956
491 590
491 647
491 708
491 1138
491 1472
491 1611
492 604
492 923
492 1697
492 1728
493 956
493 1014
493 1616
494 1406
495 626
495 794
495 860
495 1055
495 1130
495 1324
495 1666
495 1702
496 1012
496 1713
496 1719
497 1160
497 1320
497 1749
497 1913
499 827
499 1144
500 563
500 1162
500 1700
500 1715
500 1858
501 907
501 1202
501 1355
501 1724
502 776
502 994
502 1220
502 1498
502 1602
503 1729
503 1803
504 514
504 696
504 1413
504 1522
504 1679
504 1797
504 1937
505 635
505 1186
505 1235
505 1766
506 1127
506 1600
506 1611
506 1643
506 1784
506 1931
507 787
507 1745
508 785
508 1047
508 1401
508 1467
509 872
509 1577
510 1433
510 1815
511 1147
511 1450
511 1515
511 1791
512 915
512 1435
512 1462
512 1887
513 619
513 793
514 540
514 1178
515 981
515 1523
516 1654
516 1655
517 713
517 750
517 1244
518 879
518 1018
518 1101
518 1208
518 1698
519 1130
519 1158
519 1327
520 871
520 1302
520 1422
520 1517
520 1906
520 1953
521 1332
522 890
522 1052
522 1950
523 536
523 672
523 713
523 1011
523 1344
523 1579
524 541
524 718
524 1302
524 1337
524 1390
525 607
525 738
526 869
526 1349
526 1628
526 1781
526 1931
527 1488
527 1815
527 1865
527 1962
528 706
528 1324
528 1435
528 1983
529 1454
529 1789
530 873
531 1127
531 1500
532 782
532 805
532 837
532 838
533 612
533 812
533 1198
534 1042
534 1523
534 1784
535 633
535 689
535 1106
535 1623
535 1887
535 2000
536 723
536 1343
536 1471
536 1601
537 805
537 1244
537 1385
537 1425
537 1747
537 1792
538 889
539 710
539 978
539 1545
540 820
540 1218
540 1442
541 878
541 1238
541 1945
542 1720
542 1969
543 556
543 670
543 723
543 1918
543 1979
544 629
544 807
544 1467
544 1744
544 1902
545 839
545 1372
546 640
546 1739
546 1966
547 717
547 835
547 958
548 725
548 825
548 947
548 1354
549 567
549 692
549 1149
550 902
550 1235
550 1461
550 1865
551 654
551 706
551 887
551 1840
551 1908
552 1343
552 1609
552 1801
553 1237
553 1365
554 648
554 948
554 1270
554 1276
554 1361
554 1566
554 1872
555 773
555 791
555 1569
556 571
556 868
556 1220
556 1223
556 1521
556 1554
556 1778
557 584
557 634
557 1012
557 1293
557 1968
558 1359
559 839
559 1111
559 1114
559 1652
560 808
560 1378
560 1680
561 1470
561 1629
561 1670
561 1773
561 1798
561 1956
562 1873
563 593
563 645
564 1470
564 1615
564 1653
565 809
565 1810
565 1918
566 820
566 1375
566 1816
566 2000
567 568
567 1150
567 1282
567 1358
568 1072
568 1495
568 1554
569 634
569 685
569 758
569 1991
570 703
570 1000
570 1831
571 899
571 942
571 1109
571 1239
571 1659
572 792
572 1408
572 1867
573 592
573 936
573 1421
573 1854
574 753
574 1170
574 1328
575 1893
577 948
577 1169
578 752
578 1720
579 1093
579 1589
579 1751
580 1006
580 1529
580 1876
580 1944
580 1974
581 1092
582 1330
582 1357
582 1458
582 1532
583 725
583 750
583 1576
583 1677
584 821
584 864
584 913
584 1060
584 1384
584 1650
584 1949
586 1409
586 1734
588 1180
588 1660
588 1916
589 1097
589 1621
589 1857
589 1894
590 756
590 999
590 1218
590 1827
591 806
591 830
591 833
591 1179
592 722
592 1355
593 678
593 789
593 1014
593 1080
593 1402
593 1414
593 1544
593 1648
594 934
594 1911
595 955
595 1046
595 1267
596 1420
596 1762
596 1990
597 1120
597 1271
597 1478
597 1535
598 821
598 1377
598 1390
598 1827
600 846
600 1235
600 1300
600 1765
600 1883
600 1979
601 1352
601 1641
602 887
602 889
602 1594
603 1193
603 1257
604 959
604 1654
605 1298
605 1631
606 990
606 1039
606 1169
606 1622
606 1639
607 984
607 1782
608 1224
608 1442
608 1504
608 1826
608 1986
609 767
609 1199
609 1754
609 1761
609 1817
610 1368
610 1521
611 1075
611 1197
611 1590
611 1828
611 1844
612 1001
612 1257
612 1547
612 1910
613 772
613 799
613 914
613 1264
613 1487
614 1262
615 1207
615 1481
616 959
616 1089
616 1985
617 1086
617 1161
617 1198
618 1088
618 1490
618 1511
618 1512
619 648
619 1420
619 1545
619 1671
620 837
620 977
620 1289
620 1295
620 1368
620 1386
620 1426
620 1469
620 1478
621 738
621 1464
621 1747
621 1767
622 722
622 771
622 1050
622 1133
622 1375
622 1401
623 764
623 1002
623 1018
623 1043
623 1143
623 1501
623 1536
624 830
624 1239
625 1166
625 1687
626 649
626 845
626 1013
626 1251
626 1909
627 848
627 1899
628 775
628 828
628 1714
629 774
629 1005
629 1246
629 1583
629 1976
630 754
630 831
630 1203
630 1376
630 1953
631 874
631 1731
632 1051
632 1179
632 1754
632 1841
633 985
633 996
633 1110
633 1412
634 780
634 1177
634 1256
634 1916
635 1784
635 1804
636 956
636 1116
636 1172
636 1727
637 758
637 1132
637 1215
637 1382
637 1700
638 1008
639 974
639 1373
640 716
640 783
640 1021
640 1458
641 1549
641 1631
641 1792
642 1007
642 1696
643 1148
643 1650
644 1710
645 772
646 774
646 1909
646 1998
647 781
648 1170
648 1653
649 1272
650 689
650 819
650 1092
650 1926
651 874
653 1439
654 890
654 1524
655 1065
655 1140
655 1598
655 1813
656 1912
657 960
657 1447
657 1641
658 731
658 1003
658 1176
658 1254
658 1463
658 1633
658 1743
658 1821
658 1853
658 1971
659 675
659 908
659 1084
659 1489
659 1559
659 1915
660 1180
661 1257
661 1957
663 673
663 886
663 953
663 1258
663 1331
663 1672
663 1996
665 1364
666 748
666 1395
666 1978
667 923
667 972
667 1774
668 745
668 1020
669 819
669 1069
669 1107
669 1293
669 1445
669 1508
670 1230
671 739
671 899
671 1494
672 1209
672 1271
672 1901
672 1938
673 809
673 1048
673 1615
674 901
674 1460
674 1602
674 1654
674 1964
675 1579
675 1695
675 1763
675 1993
676 847
676 1185
676 1279
676 1400
676 1953
677 806
677 1364
677 1666
677 1897
678 1040
678 1872
678 1978
679 692
679 714
679 1221
679 1395
679 1506
679 1999
681 866
681 1464
681 1650
681 1654
682 1072
683 953
683 1154
684 822
684 1093
685 979
685 1704
685 1919
686 755
687 1114
687 1367
687 1826
688 950
688 1304
688 1309
688 1890
689 794
689 1140
689 1803
689 1859
689 1923
690 786
690 812
690 861
691 705
691 915
691 1901
692 1829
694 1145
694 1359
694 1560
694 1859
694 1897
695 783
695 990
695 1005
695 1230
695 1972
696 1740
696 1856
697 830
697 1563
698 1425
698 1624
698 1843
698 1933
699 963
699 1198
699 1879
699 1961
700 885
700 1700
700 1847
701 719
701 1130
701 1185
701 1354
701 1747
702 1041
702 1634
702 1651
702 1778
702 1866
703 1809
704 1024
704 1997
705 727
705 736
705 1001
705 1304
705 1543
705 1811
706 835
707 1145
707 1211
707 1230
707 1536
708 802
708 1199
708 1594
708 1919
709 1090
709 1403
709 1682
710 1991
711 1145
712 1401
713 1220
713 1281
713 1411
714 1235
715 1191
715 1326
715 1536
716 718
716 1265
718 962
718 1417
718 1800
719 1244
720 1658
720 1662
720 1731
721 1841
721 1977
722 733
722 949
722 1154
723 951
723 1033
723 1418
723 1942
724 945
724 1144
724 1662
724 1918
725 1340
725 1655
725 1717
725 1814
726 967
726 1008
727 746
727 1434
727 1883
728 772
728 1126
728 1961
729 867
729 966
729 1093
729 1826
729 1911
730 897
730 969
730 1654
731 788
731 1454
731 1738
732 977
732 978
733 911
733 958
733 1178
733 1591
733 1700
734 1148
734 1277
734 1890
735 894
735 1076
737 1575
737 1669
737 1738
738 1238
738 1361
738 1591
739 1483
739 1864
739 1985
740 1059
741 962
742 904
742 1958
743 797
743 966
743 1211
743 1771
744 1409
744 1598
744 1699
744 1978
745 771
745 1520
745 1680
746 1155
746 1954
747 1079
747 1663
748 1088
749 1292
749 1503
749 1888
750 1131
751 926
751 1179
751 1732
752 1260
753 882
753 1627
753 1870
753 1913
754 981
755 834
755 1538
756 757
756 1239
756 1501
756 1697
757 985
758 1594
759 1107
759 1162
759 1497
759 1762
759 1986
760 921
760 1414
760 1523
760 1580
761 1232
761 1372
762 1510
762 1712
763 1566
764 919
764 1106
764 1691
764 1916
764 1922
765 1325
765 1568
766 945
766 1231
769 1088
769 1492
769 1941
770 871
771 908
771 1332
771 1939
772 829
772 1145
772 1495
772 1800
773 879
773 1137
773 1195
773 1680
774 1169
774 1525
774 1580
774 1738
775 833
775 1341
775 1410
776 898
776 1185
776 1240
777 979
777 1395
778 1019
778 1472
778 1685
779 1230
780 953
780 1359
780 1802
780 1835
781 802
781 1017
781 1127
781 1463
781 1555
782 1045
782 1232
782 1317
783 1325
783 1685
783 1719
783 1720
786 1937
787 890
787 1013
787 1320
788 1177
788 1340
788 1581
788 1714
789 1002
789 1144
789 1720
789 1841
789 1939
790 1356
790 1803
791 981
791 1881
792 1344
792 1846
793 1078
793 1131
793 1381
793 1395
793 1565
793 1982
794 930
794 1057
794 1576
795 983
795 1121
795 1403
796 1003
796 1559
797 1028
797 1227
797 1365
798 1094
798 1385
799 1180
799 1243
799 1372
799 1741
799 1784
800 856
800 1506
801 1040
801 1475
801 1648
801 1759
802 865
802 1026
802 1087
803 1017
803 1558
803 1592
804 863
804 1091
804 1668
805 830
805 877
805 1589
805 1997
806 990
806 1351
807 919
807 1143
807 1302
807 1359
807 1406
807 1725
807 1949
808 1271
808 1692
809 844
809 1420
809 1627
810 1160
810 1850
811 836
811 1442
811 1541
812 1854
813 950
813 1691
814 986
814 1041
814 1366
814 1809
815 1351
815 1779
815 1825
816 952
816 1056
816 1196
816 1546
816 1702
817 1002
817 1153
818 1193
818 1775
819 932
819 1010
819 1758
819 1933
820 1291
820 1509
820 1583
820 1798
821 1405
823 959
823 1829
824 927
824 1448
824 1763
825 1084
825 1642
826 1832
827 831
827 883
827 1357
828 861
828 875
828 1027
828 1594
829 836
829 1055
829 1644
830 1264
830 1530
830 1648
831 1816
833 893
833 897
833 1425
834 1541
834 1862
836 858
836 896
836 907
836 1727
836 1979
837 869
837 1292
837 1432
837 1653
838 1071
838 1074
838 1091
838 1177
838 1634
838 1915
839 1233
839 1548
840 1000
840 1567
841 1107
841 1200
841 1301
841 1302
841 1381
841 1715
842 926
842 1062
842 1466
842 1731
842 1740
842 1947
843 1330
843 1355
843 1567
843 1893
844 993
845 1200
845 1395
845 1638
845 1875
846 1559
846 1569
847 865
847 1573
847 1734
847 1750
848 1056
848 1439
848 1565
848 1676
848 1718
848 1748
848 1841
849 895
849 1282
849 1753
849 1774
849 1830
850 963
850 1434
850 1997
851 1382
852 890
852 998
852 1147
852 1326
852 1906
852 1920
853 1549
854 1385
854 1459
854 1540
854 1552
854 1587
854 1630
854 1851
855 981
855 1163
856 1185
856 1367
856 1400
857 1225
857 1442
858 918
858 1560
860 921
860 1300
860 1370
860 1747
861 1047
861 1139
861 1648
861 1795
862 1103
862 1263
862 1506
862 1606
862 1977
863 1172
863 1203
863 1754
864 1816
865 1316
866 1246
866 1379
866 1456
866 1473
867 1183
868 1270
869 995
869 1293
870 972
870 984
870 1226
872 949
872 1307
872 1929
873 1183
873 1974
874 1889
875 1061
876 1206
876 1275
876 1441
877 964
877 1615
877 1860
878 1738
879 960
879 1249
879 1625
879 1748
879 1972
880 1549
880 1831
880 1861
881 1080
881 1369
881 1600
881 1724
882 1213
883 1159
883 1562
883 1765
884 892
884 1256
885 949
885 1107
885 1386
885 1417
886 1376
886 1827
886 1834
886 1934
888 1673
889 1167
889 1849
890 1601
890 1671
890 1924
891 913
891 1830
892 911
893 1563
893 1789
894 1161
894 1313
894 1707
895 1098
895 1353
896 1884
897 1427
897 1984
898 929
898 1340
898 1524
898 1731
899 1289
899 1316
899 1509
899 1590
900 1782
901 1200
901 1337
901 1817
901 1866
902 960
902 1990
903 1365
903 1831
903 1942
904 1370
904 1705
904 1767
905 1673
906 1173
908 991
908 1387
908 1653
909 1343
909 1362
909 1486
909 1646
909 1655
910 1095
910 1595
911 1393
912 1362
912 1434
912 1710
913 921
913 1027
913 1248
913 1382
913 1607
914 1283
914 1332
914 1769
915 1031
915 1094
915 1145
915 1264
915 1732
915 1904
917 973
917 1160
917 1843
917 1945
918 1594
918 1664
919 1430
919 1747
920 1690
920 1728
921 1754
922 1327
922 1470
922 1812
924 1357
924 1406
924 1881
924 1943
925 1071
925 1891
925 1892
927 1220
928 1228
928 1246
928 1805
929 1008
929 1304
930 1640
931 1027
931 1074
931 1150
931 1481
931 1825
932 1114
932 1620
932 1800
933 1333
933 1545
934 1180
934 1312
935 1188
935 1322
936 1237
937 1343
937 1513
937 1568
939 1590
939 1808
941 1444
941 1586
942 1971
943 1098
943 1420
944 1799
945 1241
945 1253
945 1945
946 1445
946 1565
946 1882
947 1166
947 1201
948 1642
948 1734
948 1791
949 1104
949 1156
949 1377
949 1523
949 1626
950 1402
951 1279
952 1232
952 1311
952 1729
952 1772
952 1942
953 1641
953 1887
954 1532
954 1890
954 1930
955 1320
956 980
956 1641
956 1698
956 1911
957 1482
959 1232
960 1668
961 1047
961 1360
961 1481
961 1580
961 1826
962 1190
963 1050
963 1213
963 1377
965 1441
965 1611
966 1179
966 1246
966 1250
966 1488
967 1559
967 1657
967 1845
967 2000
968 1100
969 989
969 1002
969 1143
970 1049
970 1396
970 1581
971 1503
971 1591
971 1723
972 1365
973 1009
973 1240
973 1693
973 1945
973 1954
974 1894
975 1755
975 1821
976 1013
976 1133
976 1146
976 1485
977 1527
977 1536
977 1969
979 1196
980 1959
981 1002
981 1120
982 1488
984 1005
984 1935
985 1221
985 1311
986 1143
986 1259
986 1499
986 1559
986 1842
986 1977
987 1150
987 1462
988 1260
988 1543
988 1943
989 1061
989 1220
989 1940
990 1494
990 1688
991 1462
991 1975
992 1031
992 1371
992 1564
993 1259
993 1342
993 1752
994 1325
994 1977
995 1103
995 1129
997 1052
997 1271
997 1825
998 1259
998 1842
1000 1140
1000 1273
1000 1391
1000 1424
1000 1527
1001 1369
1001 1936
1003 1150
1003 1530
1004 1096
1004 1606
1005 1131
1005 1250
1005 1542
1005 1674
1006 1246
1006 1534
1007 1529
1008 1051
1008 1274
1008 1994
1010 1796
1010 1944
1011 1430
1011 1746
1011 1802
1011 1929
1011 1997
1012 1137
1012 1313
1012 1457
1012 1666
1012 1954
1013 1826
1014 1259
1015 1288
1016 1099
1016 1296
1016 1317
1016 1384
1016 1476
1016 1999
1017 1654
1018 1656
1018 1708
1018 1976
1019 1258
1019 1741
1020 1169
1020 1383
1021 1530
1021 1583
1022 1090
1022 1955
1023 1918
1024 1151
1024 1516
1025 1558
1025 1856
1026 1391
1027 1384
1027 1687
1027 1733
1027 1980
1028 1123
1028 1516
1028 1943
1029 1289
1029 1747
1032 1372
1032 1416
1033 1188
1033 1332
1033 1560
1033 1669
1034 1162
1034 1576
1034 1677
1034 1763
1036 1070
1037 1140
1037 1458
1037 1743
1038 1386
1039 1126
1039 1150
1039 1285
1039 1503
1039 1546
1040 1468
1040 1951
1041 1332
1041 1361
1041 1703
1042 1068
1042 1129
1042 1334
1043 1113
1043 1700
1044 1086
1044 1347
1044 1358
1044 1539
1045 1210
1045 1933
1046 1133
1046 1436
1046 1720
1046 1858
1046 1925
1047 1453
1047 1773
1047 1992
1049 1144
1049 1579
1049 1796
1050 1176
1050 1253
1050 1345
1050 1768
1052 1339
1052 1978
1053 1940
1055 1479
1055 1588
1055 1756
1055 1762
1055 1826
1056 1275
1056 1649
1057 1753
1057 1938
1058 1994
1059 1586
1059 1633
1060 1159
1060 1376
1060 1410
1060 1424
1061 1074
1061 1114
1061 1312
1061 1351
1061 1584
1061 1909
1062 1080
1062 1231
1062 1711
1062 1789
1062 1881
1063 1379
1064 1333
1064 1782
1064 1980
1065 1236
1065 1431
1065 1852
1066 1289
1066 1514
1066 1530
1066 1604
1066 1711
1067 1126
1068 1676
1070 1213
1070 1461
1071 1868
1072 1457
1073 1102
1073 1399
1074 1599
1074 1617
1075 1658
1076 1850
1077 1118
1077 1165
1078 1795
1078 1857
1079 1459
1080 1103
1080 1121
1081 1954
1082 1759
1083 1238
1083 1717
1083 1771
1084 1475
1084 1561
1085 1493
1086 1312
1086 1772
1087 1276
1087 1669
1087 1909
1088 1299
1088 1427
1088 1442
1088 1944
1088 1957
1089 1286
1089 1773
1089 1913
1090 1223
1090 1910
1091 1742
1092 1272
1092 1411
1092 1730
1092 1851
1093 1316
1094 1134
1094 1375
1094 1861
1094 1944
1095 1669
1095 1985
1096 1189
1096 1497
1096 1781
1096 1994
1097 1583
1099 1332
1100 1826
1101 1159
1101 1269
1101 1272
1101 1289
1101 1487
1101 1955
1102 1743
1103 1219
1103 1465
1103 1546
1105 1296
1106 1506
1106 1594
1106 1869
1107 1172
1107 1864
1108 1196
1108 1950
1109 1365
1109 1390
1109 1974
1110 1355
1110 1461
1110 1842
1110 1933
1111 1261
1111 1439
1111 1528
1111 1789
1111 1990
1112 1252
1112 1462
1112 1761
1112 1931
1113 1921
1113 1927
1114 1226
1114 1359
1115 1157
1115 1180
1116 1484
1116 1542
1118 1490
1118 1504
1118 1655
1119 1412
1119 1698
1119 1812
1120 1224
1120 1568
1121 1575
1122 1390
1122 1598
1123 1268
1123 1757
1123 1866
1124 1138
1124 1753
1125 1571
1125 1674
1125 1797
1126 1326
1127 1383
1128 1858
1129 1178
1129 1986
1130 1391
1130 1646
1131 1368
1131 1797
1131 1920
1132 1317
1132 1355
1133 1311
1133 1502
1133 1557
1134 1168
1134 1212
1135 1232
1135 1478
1135 1759
1135 1771
1135 1981
1137 1535
1137 1663
1138 1230
1138 1306
1138 1383
1138 1476
1138 1585
1139 1424
1140 1216
1140 1687
1141 1205
1141 1410
1141 1498
1141 1731
1142 1576
1143 1704
1144 1673
1144 1759
1144 1780
1145 1346
1145 1510
1146 1206
1146 1389
1146 1469
1146 1689
1147 1230
1148 1575
1149 1832
1149 1867
1150 1249
1150 1356
1150 1479
1151 1617
1151 1899
1152 1173
1152 1362
1152 1717
1152 1810
1152 1871
1152 1895
1153 1795
1153 1907
1153 1968
1154 1485
1154 1586
1154 1741
1155 1237
1155 1338
1155 1477
1156 1688
1157 1356
1157 1839
1158 1231
1158 1405
1158 1483
1158 1536
1158 1739
1159 1316
1160 1204
1160 1557
1160 1797
1160 1895
1161 1429
1161 1467
1162 1675
1162 1939
1163 1519
1163 1664
1163 1695
1163 1799
1163 1916
1164 1184
1164 1574
1165 1492
1165 1711
1166 1204
1166 1256
1166 1267
1166 1428
1167 1515
1168 1882
1169 1812
1170 1524
1171 1183
1171 1353
1171 1368
1171 1703
1171 1908
1172 1568
1172 1792
1173 1285
1173 1579
1173 1852
1174 1384
1174 1972
1176 1226
1176 1976
1178 1800
1179 1615
1179 1699
1179 1752
1181 1721
1182 1240
1182 1764
1182 1786
1183 1345
1183 1793
1183 1964
1184 1624
1184 1632
1185 1899
1186 1228
1186 1509
1187 1768
1187 1794
1187 1870
1188 1393
1189 1535
1189 1762
1190 1503
1190 1671
1191 1600
1192 1427
1192 1938
1193 1998
1194 1645
1195 1272
1195 1349
1195 1390
1195 1946
1196 1380
1196 1486
1196 1549
1197 1670
1199 1706
1199 1744
1200 1217
1200 1667
1200 1726
1201 1660
1201 1915
1201 1960
1202 1659
1203 1774
1203 1939
1204 1468
1204 1539
1205 1331
1205 1436
1205 1801
1206 1535
1206 1554
1207 1884
1208 1328
1208 1635
1208 1766
1208 1781
1209 1498
1210 1636
1212 1840
1213 1558
1213 1931
1213 2000
1214 1787
1216 1502
1218 1563
1219 1834
1220 1411
1222 1691
1222 1992
1223 1422
1223 1574
1223 1694
1224 1480
1224 1518
1224 1915
1224 1968
1225 1325
1225 1498
1226 1492
1226 1968
1227 1405
1227 1918
1228 1896
1229 1319
1229 1450
1229 1474
1230 1299
1230 1605
1230 1793
1231 1538
1232 1389
1232 1687
1234 1464
1234 1789
1235 1511
1235 1516
1235 1661
1236 1828
1236 1994
1237 1448
1237 1945
1238 1827
1238 1877
1238 1883
1239 1472
1239 1619
1239 1622
1241 1800
1242 1753
1242 1952
1243 1504
1243 1941
1244 1297
1244 1328
1245 1755
1246 1422
1247 1418
1247 1667
1249 1386
1249 1638
1250 1333
1252 1787
1254 1320
1254 1643
1254 1997
1255 1498
1255 1680
1256 1270
1256 1692
1257 1562
1257 1665
1257 1909
1259 1955
1259 1995
1260 1922
1260 2000
1261 1659
1262 1683
1262 1692
1262 1806
1263 1975
1264 1504
1264 1708
1266 1298
1266 1723
1266 1880
1267 1947
1268 1377
1268 1478
1268 1833
1269 1528
1269 1767
1270 1953
1271 1468
1271 1494
1271 1745
1272 1336
1272 1841
1273 1741
1274 1399
1274 1412
1275 1872
1276 1499
1277 1727
1278 1312
1278 1405
1278 1744
1278 1915
1278 1975
1279 1866
1280 1766
1282 1594
1283 1389
1284 1429
1284 1790
1285 1646
1285 1698
1285 1760
1285 1971
1286 1676
1286 1714
1287 1639
1287 1713
1287 1957
1288 1517
1288 1584
1290 1820
1291 1617
1291 1778
1292 1471
1292 1598
1293 1573
1294 1331
1295 1618
1295 1635
1297 1912
1298 1443
1299 1820
1300 1384
1303 1474
1304 1336
1304 1454
1304 1546
1304 1841
1305 1395
1305 1591
1306 1379
1306 1415
1306 1491
1306 1590
1306 1805
1306 1905
1306 1964
1309 1522
1310 1321
1310 1384
1310 1637
1310 1870
1310 1916
1312 1777
1312 1872
1314 1343
1315 1421
1315 1534
1316 1378
1316 1638
1317 1450
1317 1469
1317 1776
1317 1879
1318 1498
1318 1855
1318 1935
1319 1711
1319 1761
1319 1818
1320 1521
1321 1592
1322 1425
1322 1572
1322 1724
1325 1547
1326 1571
1326 1636
1326 1880
1326 1971
1327 1372
1327 1394
1327 1529
1327 1768
1327 1872
1327 1967
1328 1973
1329 1855
1330 1417
1330 1624
1330 1904
1331 1937
1332 1652
1332 1742
1333 1337
1334 1685
1336 1533
1337 1560
1338 1527
1338 1620
1338 1812
1339 1363
1339 1572
1339 1714
1339 1936
1343 1511
1343 1690
1345 1632
1345 1710
1346 1396
1346 1908
1346 1918
1347 1677
1347 1780
1347 1915
1348 1457
1349 1447
1350 1403
1350 1552
1350 1672
1351 1507
1352 1508
1353 1927
1356 1475
1356 1537
1356 1704
1356 1713
1357 1544
1357 1580
1359 1386
1359 1617
1359 1755
1362 1666
1362 1986
1365 1456
1365 1497
1366 1428
1367 1467
1367 1734
1368 1744
1368 1821
1368 1996
1370 1453
1371 1927
1372 1922
1373 1634
1373 1692
1373 1870
1374 1592
1374 1663
1376 1606
1377 1744
1377 1823
1378 1985
1379 1474
1381 1390
1381 1502
1381 1681
1382 1728
1383 1690
1383 1905
1384 1453
1384 1483
1385 1847
1386 1572
1387 1475
1387 1729
1387 1840
1388 1739
1388 1765
1389 1640
1389 1695
1389 1938
1390 1449
1390 1635
1391 1700
1391 1943
1392 1825
1393 1736
1394 1739
1394 1787
1395 1553
1397 1492
1397 1695
1397 1813
1399 1482
1399 1656
1400 1765
1402 1654
1403 1545
1404 1585
1406 1622
1407 1562
1408 1657
1408 1685
1408 1987
1409 1825
1410 1548
1412 1524
1412 1589
1415 1440
1415 1884
1416 1872
1417 1739
1419 1665
1421 1441
1421 1740
1421 1972
1422 1456
1423 1424
1424 1755
1424 1970
1425 1505
1425 1876
1426 1778
1426 1879
1430 1712
1430 1927
1431 1455
1436 1561
1436 1774
1436 1796
1438 1599
1440 1832
1441 1857
1442 1959
1443 1873
1443 1993
1452 1533
1454 1641
1458 1479
1458 1821
1458 1842
1460 1599
1460 1776
1462 1484
1462 1495
1462 1771
1464 1698
1464 1787
1464 1848
1465 1729
1466 1964
1466 1987
1467 1838
1468 1952
1470 1472
1470 1498
1472 1630
1475 1492
1475 1838
1476 1755
1477 1616
1477 1769
1478 1825
1479 1788
1480 1578
1480 1903
1480 1998
1481 1845
1481 1946
1484 1856
1485 1830
1485 1975
1486 1816
1486 1858
1487 1519
1489 1915
1493 1938
1493 1968
1495 1538
1495 1708
1497 1619
1498 1675
1498 1874
1498 1921
1499 1831
1499 1843
1499 1930
1499 1997
1501 1828
1502 1564
1502 1620
1502 1656
1502 1806
1504 1569
1504 1648
1507 1851
1508 1582
1508 1848
1509 1636
1509 1676
1510 1616
1510 1824
1510 1896
1511 1980
1511 1989
1514 1565
1515 1835
1516 1748
1517 1644
1520 1688
1520 1988
1521 1684
1521 1739
1521 1752
1521 1897
1523 1551
1523 1696
1523 1706
1523 1964
1524 1671
1524 1680
1524 1890
1525 1627
1527 1875
1528 1796
1529 1672
1530 1543
1530 1605
1532 1820
1532 1882
1532 1892
1533 1910
1534 1831
1535 1705
1535 1803
1536 1885
1536 1997
1537 1568
1537 1916
1539 1755
1540 1916
1541 1882
1542 1601
1544 1908
1546 1939
1547 1720
1547 1739
1547 1846
1549 1617
1549 1948
1550 1556
1550 1571
1550 1996
1553 1856
1553 1909
1553 1921
1553 1958
1554 1940
1555 1685
1556 1703
1557 1769
1558 1618
1558 1799
1562 1601
1562 1728
1562 1972
1565 1567
1565 1671
1566 1849
1567 1822
1567 1861
1570 1585
1574 1705
1574 1717
1577 1662
1577 1963
1580 1623
1580 1734
1580 1901
1583 1948
1584 1962
1589 1632
1590 1810
1593 1914
1593 1990
1594 1645
1594 1751
1597 1881
1597 1966
1598 1739
1598 1853
1599 1773
1600 1730
1602 1724
1603 1885
1604 1609
1605 1619
1607 1618
1607 1772
1607 1971
1608 1620
1609 1618
1609 1619
1609 1919
1612 1771
1613 1750
1615 1745
1616 1803
1617 1847
1620 1692
1621 1748
1624 1710
1625 1676
1626 1856
1628 1702
1631 1790
1631 1824
1632 1911
1633 1757
1636 1829
1638 1697
1644 1760
1647 1840
1647 1881
1648 1869
1650 1739
1650 1867
1651 1801
1651 1853
1651 1888
1652 1694
1652 1715
1652 1765
1652 1827
1657 1703
1657 1791
1657 1949
1659 1752
1659 1820
1660 1957
1662 1675
1662 1714
1664 1983
1665 1679
1665 1839
1665 1925
1668 1735
1671 1674
1671 1851
1671 1929
1672 1697
1673 1896
1675 1869
1675 1985
1678 1944
1680 1704
1682 1922
1685 1701
1685 1886
1689 1739
1689 1974
1692 1869
1693 1857
1693 1911
1695 1698
1696 1787
1697 1826
1700 1764
1700 1925
1701 1953
1702 1997
1703 1964
1704 1723
1707 1926
1709 1785
1712 1835
1713 1969
1714 1727
1714 1886
1714 1977
1718 1734
1719 1733
1719 1740
1719 1804
1719 1813
1722 1860
1723 1903
1726 1947
1727 1734
1728 1808
1729 1926
1731 1825
1731 1849
1732 1775
1733 1905
1737 1757
1737 1978
1740 1850
1741 1750
1741 1838
1743 1849
1744 1802
1748 1910
1751 1959
1754 1861
1757 1807
1757 1875
1759 1790
1759 1919
1760 1818
1760 1890
1761 1836
1763 1884
1764 1803
1768 1806
1768 1837
1769 1851
1773 1951
1774 1920
1776 1929
1776 1933
1785 1865
1785 1910
1786 1987
1786 1996
1788 1832
1789 1797
1790 1796
1790 1952
1792 1940
1793 1795
1794 1940
1795 1819
1795 1910
1797 1822
1806 1923
1807 1814
1808 1882
1808 1922
1808 1931
1809 1842
1811 1889
1822 1905
1823 1829
1829 1981
1830 1921
1830 1960
1831 1952
1832 1934
1833 1899
1836 1837
1837 1958
1843 1982
1843 1989
1844 1928
1847 1999
1848 1904
1849 1992
1853 1932
1854 1969
1860 1923
1871 1987
1878 1956
1879 1954
1885 1941
1889 1893
1892 1995
1896 1975
1899 1906
1916 1970
1924 1937
1924 1986
1926 1992
1927 1955
1930 1998
1931 1938
1937 1960
1941 1982
1980 1984