2000
1 1503
2 1211
2 1783
3 350
3 1006
3 1453
3 1586
4 1393
5 158
5 168
6 52
6 100
6 991
7 797
7 996
7 1459
9 403
10 148
10 182
10 1177
12 776
14 1636
15 1337
15 1530
18 1228
19 81
19 1644
19 1815
21 1044
21 1088
21 1918
22 637
22 1295
23 404
24 908
24 1468
24 1971
27 768
28 383
28 903
31 132
31 146
32 1938
33 1087
33 1834
34 746
34 1334
35 70
35 542
35 1981
36 647
37 1006
37 1060
39 407
39 1169
39 1353
39 1515
40 887
41 965
43 498
43 1344
44 538
44 1887
45 1521
46 709
46 812
47 464
47 750
47 1210
47 1455
47 1742
48 78
48 130
48 1917
50 1151
50 1876
51 155
51 858
52 485
54 782
56 122
58 60
58 1740
59 238
60 475
60 698
60 762
60 1164
62 914
62 1154
63 80
63 755
64 681
65 928
65 1519
66 1169
68 108
68 1579
69 399
69 553
69 1651
71 777
72 1124
73 1650
75 636
75 1434
76 163
76 575
77 264
77 628
77 1417
77 1455
77 1465
78 1122
79 1111
80 596
82 1767
83 1552
84 1699
85 282
85 592
85 930
85 1626
86 1031
87 854
88 1128
89 735
90 589
91 1579
91 1657
92 1840
92 1875
94 1070
99 388
99 982
101 473
103 997
103 1004
103 1420
104 1164
104 1456
105 1028
105 1242
105 1273
105 1863
107 507
107 862
107 1499
107 1622
107 1693
108 946
108 1826
109 153
109 1181
110 323
111 1362
113 1887
114 589
115 506
116 1961
117 1556
118 370
118 1158
118 1352
119 1306
120 705
120 1189
120 1282
120 1959
120 1997
121 1935
123 437
123 1161
125 340
125 1789
126 262
126 1459
127 1484
128 1807
129 1813
131 1167
132 218
134 1399
135 560
135 1000
136 419
136 1064
138 198
138 304
139 961
140 1639
141 1011
143 1422
144 184
146 862
146 1415
147 253
147 1644
148 1109
149 1773
150 785
151 645
151 771
151 2000
152 1016
153 646
153 1701
153 1963
154 1944
155 433
155 1341
155 1614
156 301
156 425
158 1900
159 1125
159 1162
160 858
160 1848
160 1921
161 811
161 844
162 444
163 733
163 1626
164 1895
165 1009
165 1703
166 289
166 674
169 1820
171 1131
172 545
172 1485
173 1693
173 1769
174 658
176 898
176 1866
177 1673
177 1822
179 1113
180 1024
183 1554
184 1569
185 1713
187 306
187 823
187 985
187 1784
187 1976
188 222
188 312
188 1521
188 1859
188 1973
189 1976
190 1414
190 1658
191 1095
192 991
192 1327
192 1948
195 966
195 1649
196 1574
198 660
198 799
198 905
198 917
199 1017
199 1571
199 1578
199 1873
201 704
202 560
202 805
203 1947
204 1390
205 1961
206 211
208 565
209 866
210 1244
212 685
213 1561
215 942
215 1082
215 1092
217 914
217 1340
217 1456
218 406
218 1238
219 379
220 417
220 1572
222 1295
223 1023
224 1982
226 1846
228 1604
229 955
229 1117
231 758
231 1723
231 2000
233 975
233 1000
233 1843
234 1495
235 501
235 1762
236 696
236 1336
237 651
237 1078
237 1315
237 1575
238 254
238 1295
240 241
240 1761
242 1998
243 434
243 889
243 1066
244 1740
245 808
245 1103
245 1680
246 664
246 1478
247 1668
248 1141
249 1216
250 546
251 1648
252 589
253 563
253 1699
255 646
255 807
256 1221
256 1702
257 1068
257 1087
259 1808
260 766
260 989
261 636
264 444
264 930
265 552
268 1738
269 1122
269 1561
269 1835
270 1994
271 709
274 543
275 609
276 1052
276 1557
276 1792
278 908
278 929
278 1724
278 1808
279 1525
282 303
282 1577
282 1638
282 1694
283 611
283 1848
284 558
284 1060
284 1900
285 1389
287 979
287 1242
287 1447
287 1925
288 818
289 1036
290 485
290 1901
291 1866
292 1062
292 1506
292 1901
293 1006
293 1032
295 572
295 580
295 1603
297 895
297 1895
298 1342
298 1874
299 334
300 1589
300 1937
301 864
302 372
302 1791
304 1738
305 980
305 1175
305 1723
305 1731
305 1917
307 1762
308 610
309 652
312 415
312 907
312 1207
313 681
313 1372
313 1419
313 1849
315 764
315 896
315 1028
315 1138
315 1501
316 753
316 1488
317 678
318 1324
319 698
319 781
321 511
322 353
322 607
322 1493
325 926
325 1936
326 586
327 373
330 457
332 480
332 1045
333 1003
334 586
334 1203
335 1511
338 1272
339 660
341 759
341 1180
342 1076
343 1047
343 1506
345 652
345 1951
350 643
351 375
351 1678
352 1758
353 1762
354 1410
355 903
355 1134
357 1229
357 1475
358 899
360 567
360 792
361 720
361 964
361 1588
363 1999
364 918
364 1822
365 663
365 1641
365 1924
366 454
366 1161
366 1774
370 686
370 691
371 500
373 1425
374 605
374 1103
374 1123
374 1730
377 1090
377 1422
378 668
378 1727
381 1884
384 1628
384 1659
385 675
385 1283
386 1422
389 941
391 1078
391 1189
392 1409
392 1984
393 558
393 1891
394 543
398 430
398 805
398 1281
399 515
399 794
401 1884
402 1026
403 1539
406 965
407 1863
408 1869
410 1676
411 873
412 1887
414 705
414 1294
417 1818
418 1029
420 704
421 1802
422 828
422 1125
422 1451
423 1305
425 727
425 1107
428 1123
430 884
430 1021
430 1911
430 1970
431 1296
432 889
432 1903
433 1063
434 1538
435 888
436 477
437 1107
439 1376
439 1673
443 1452
443 1676
444 650
444 703
444 1752
444 1854
445 573
445 1382
446 656
446 1213
447 480
448 1489
450 632
450 937
450 1882
452 1687
452 1728
453 1359
456 956
456 1271
458 942
458 1675
458 1822
461 1611
462 707
462 1300
465 1398
467 774
468 810
468 1107
469 1084
470 1609
470 1714
470 1855
471 1005
471 1251
473 708
473 1774
474 848
474 1471
475 1167
478 871
479 1060
483 688
483 1673
483 1744
486 834
486 1099
489 588
489 904
489 1263
490 689
490 1080
490 1393
490 1406
491 1335
491 2000
492 825
492 1334
496 1827
497 1034
498 1653
499 968
499 1507
500 1301
501 588
503 1425
504 1416
505 1435
505 1583
505 1963
507 1620
509 954
510 570
510 806
510 1023
510 1487
511 1745
512 885
512 1285
512 1353
512 1592
514 1424
516 669
516 1021
517 608
519 1695
520 861
521 703
522 1976
524 1176
524 1843
526 1857
527 1858
528 1772
529 796
529 1937
531 1102
532 1500
534 971
534 1088
534 1119
537 742
537 891
537 1353
537 1980
538 1103
538 1928
539 844
541 1144
541 1190
541 1986
542 783
542 1000
544 788
544 1004
548 1339
549 1206
550 750
550 1958
551 1260
552 619
552 1579
553 1741
553 1955
556 1941
557 1084
557 1170
557 1558
558 1229
558 1356
558 1762
561 1643
562 1440
563 1371
563 1898
564 1807
566 1221
566 1652
567 751
568 635
570 663
570 1003
573 1185
575 1440
577 945
578 992
580 689
580 1428
580 1827
584 1944
585 813
585 1078
585 1125
587 1355
588 1306
589 1088
589 1925
590 1293
590 1726
593 735
593 1312
596 1699
599 1362
599 1582
600 1565
601 1533
604 985
605 1088
605 1454
605 1528
608 922
609 705
610 655
610 1116
610 1230
611 1339
611 1348
611 1856
612 1277
614 767
614 1202
615 1881
619 1730
619 1757
620 1229
620 1664
623 973
623 1043
625 1221
627 1481
628 686
628 1239
629 997
629 1844
630 1122
630 1341
633 695
634 1670
635 925
635 1487
637 1865
638 1008
639 1902
641 1412
642 1718
643 771
644 837
645 1610
646 888
646 1118
647 1773
648 1810
649 976
649 1660
650 1909
654 1430
656 1490
658 755
658 1748
659 827
661 1988
664 1481
664 1745
666 1527
667 693
667 1150
668 721
669 1245
670 1551
671 1012
672 1153
673 1012
674 1357
675 1522
676 812
678 843
683 847
683 1825
684 1656
686 1161
687 1231
687 1274
687 1639
688 735
688 1311
689 1942
690 1564
690 1593
693 1388
696 924
696 1821
696 1931
698 1045
699 1030
702 1053
702 1249
703 1363
703 1455
706 1321
707 1578
708 1158
710 881
710 1285
711 818
711 1907
712 1176
713 1457
713 1963
715 1630
716 1424
717 1943
718 1610
719 1258
719 1528
723 1318
725 1388
726 1070
727 750
727 1538
728 1609
730 1449
731 1324
732 1958
734 1868
736 897
737 966
737 975
737 1677
738 1850
739 1533
740 1813
743 1328
743 1819
746 1809
747 1270
747 1736
748 977
748 1005
749 989
751 1508
751 1647
755 1080
755 1314
755 1674
758 1020
759 882
759 1559
760 1922
763 959
763 1953
764 1393
765 893
767 1404
770 1575
772 785
772 816
772 887
772 1163
773 1041
773 1597
774 1602
775 1708
775 1742
776 908
777 1057
777 1333
781 1230
783 1045
783 1047
784 1222
784 1549
785 930
787 1819
788 922
791 907
794 1352
794 1465
795 1862
797 1944
798 1112
799 995
800 1864
801 1443
802 1809
802 1897
804 1693
805 1523
805 1672
805 1722
808 1566
809 1263
810 913
810 1288
811 992
811 1979
813 1489
814 1085
815 1121
816 1767
818 1399
818 1596
822 1806
823 1271
823 1938
824 1210
824 1396
824 1921
828 1239
829 874
829 1173
829 1210
831 1577
831 1913
832 1156
832 1476
833 1456
833 1696
834 1766
835 1950
836 1383
836 1537
838 891
838 1765
845 969
846 984
846 1909
848 1015
848 1564
849 1056
851 1674
857 1558
858 1707
859 1274
860 1400
861 1269
863 1187
863 1371
864 1551
867 978
868 1207
868 1676
869 1755
870 1253
872 1314
872 1521
873 1906
876 1689
877 996
880 1224
881 1529
882 1944
883 961
883 1154
883 1376
884 1836
884 1923
887 1655
888 1083
891 1502
892 1494
899 1367
900 1335
900 1342
901 902
901 1723
903 1805
905 1729
906 1860
909 1306
909 1554
910 1929
911 981
912 1050
913 1496
914 1382
914 1719
914 1795
914 1939
914 1955
917 1919
919 1331
920 928
920 1589
923 1045
923 1540
926 1499
930 1606
931 1621
932 989
932 1228
935 1814
938 1228
943 1362
944 1887
945 1665
949 1800
950 1369
950 1601
951 1370
952 1648
955 1258
956 1125
956 1306
956 1542
956 1953
958 1794
959 1288
959 1681
960 1246
962 1141
962 1253
965 1938
966 1490
966 1757
967 1395
967 1820
968 1680
970 1751
974 1735
975 1314
975 1848
977 1052
981 1737
983 1356
985 1273
988 1322
990 1207
990 1348
991 1859
993 1013
993 1526
994 1652
994 1885
996 1884
996 1994
998 1811
999 1018
999 1621
999 1827
1008 1472
1008 1972
1009 1876
1010 1399
1011 1480
1013 1092
1013 1730
1016 1409
1016 1940
1017 1594
1020 1897
1021 1335
1024 1727
1025 1396
1025 1812
1029 1090
1029 1192
1030 1304
1033 1471
1033 1540
1036 1266
1037 1268
1038 1139
1039 1345
1040 1045
1041 1284
1041 1730
1041 1904
1042 1746
1044 1386
1045 1904
1046 1799
1047 1186
1052 1811
1053 1989
1054 1921
1055 1788
1057 1279
1059 1362
1060 1536
1060 1783
1065 1684
1065 1765
1070 1190
1070 1498
1070 1612
1071 1653
1072 1871
1075 1828
1078 1516
1084 1264
1086 1098
1088 1413
1088 1531
1089 1441
1091 1511
1093 1572
1096 1994
1098 1187
1101 1952
1108 1244
1109 1988
1110 1199
1112 1167
1112 1169
1112 1911
1113 1443
1113 1829
1114 1489
1119 1201
1120 1700
1122 1950
1123 1507
1126 1799
1127 1358
1127 1489
1128 1362
1128 1840
1130 1463
1132 1326
1132 1776
1133 1210
1134 1273
1135 1967
1136 1224
1136 1947
1137 1943
1138 1256
1138 1300
1139 1242
1139 1593
1140 1633
1141 1305
1141 1467
1143 1831
1145 1654
1146 1596
1148 1856
1151 1973
1152 1168
1152 1312
1152 1587
1153 1274
1153 1514
1155 1849
1156 1204
1157 1385
1157 1870
1159 1900
1161 1179
1161 1976
1163 1717
1169 1296
1169 1741
1169 1981
1173 1697
1173 1763
1173 1832
1174 1472
1175 1840
1176 1933
1176 1975
1177 1602
1177 1675
1180 1610
1181 1393
1182 1788
1185 1359
1187 1421
1187 1435
1187 1491
1188 1724
1189 1211
1195 1524
1196 1336
1196 1804
1197 1707
1204 1537
1205 1477
1205 1494
1206 1827
1211 1411
1214 1891
1218 1535
1218 1733
1219 1476
1220 1777
1221 1292
1223 1291
1223 1532
1223 1642
1228 1879
1231 1753
1233 1798
1235 1531
1237 1844
1238 1763
1239 1305
1239 1743
1240 1422
1240 1606
1247 1615
1247 1710
1249 1807
1250 1456
1250 1809
1254 1760
1260 1933
1261 1276
1263 1442
1268 1786
1268 1908
1269 1320
1271 1300
1271 1655
1271 1859
1273 1847
1275 1390
1275 1460
1275 1803
1277 1862
1278 1794
1278 1814
1285 1519
1293 1781
1295 1314
1295 1959
1297 1730
1297 1917
1302 1788
1302 1844
1304 1910
1305 1647
1312 1436
1312 1784
1315 1739
1317 1748
1323 1911
1324 1908
1326 1395
1329 1580
1334 1384
1334 1470
1334 1762
1337 1525
1339 1576
1342 1475
1343 1586
1345 1673
1348 1597
1349 1511
1353 1402
1353 1699
1354 1527
1354 1787
1357 1568
1358 1458
1358 1789
1368 1715
1370 1664
1372 1470
1372 1471
1373 1467
1375 1386
1375 1941
1376 1406
1376 1680
1378 1607
1380 1632
1382 1943
1386 1651
1388 1682
1390 1498
1397 1571
1400 1588
1400 1624
1400 1638
1404 1927
1411 1751
1412 1912
1413 1905
1417 1855
1419 1470
1424 1755
1434 1741
1434 1915
1436 1452
1438 1913
1439 1637
1444 1797
1446 1957
1448 1868
1449 1855
1452 1754
1465 1616
1469 1873
1474 1542
1483 1648
1488 1784
1489 1646
1491 1534
1495 1880
1496 1582
1499 1942
1501 1707
1504 1613
1506 1695
1506 1770
1507 1518
1508 1746
1508 1950
1508 1967
1509 1584
1511 1935
1512 1895
1513 1524
1513 1921
1515 1546
1515 1735
1516 1866
1518 1664
1519 1799
1521 1946
1526 1962
1527 1626
1529 1540
1531 1889
1536 1625
1540 1907
1541 1568
1544 1545
1546 1568
1546 1889
1553 1621
1558 1783
1558 1807
1558 1955
1562 1764
1562 1945
1567 1990
1572 1621
1573 1711
1576 1787
1576 1832
1577 1948
1579 1935
1580 1846
1580 1850
1580 1853
1584 1640
1584 1917
1586 1651
1587 1814
1589 1885
1591 1940
1592 1687
1594 1847
1594 1923
1595 1732
1596 1952
1597 1625
1599 1936
1603 1714
1608 1799
1613 1814
1613 1955
1617 1913
1618 1979
1620 1664
1631 1985
1636 1886
1640 1927
1652 1701
1668 1977
1671 1821
1674 1865
1675 1903
1676 1790
1678 1697
1684 1758
1686 1763
1686 1853
1688 1701
1689 1754
1711 1740
1717 1854
1719 1747
1728 1938
1732 1992
1739 1982
1749 1877
1754 1873
1754 1977
1755 1946
1765 1987
1767 1817
1767 1996
1777 1799
1779 1888
1779 1965
1779 1979
1785 1951
1790 1936
1792 1880
1799 1995
1803 1869
1805 1869
1813 1865
1819 1839
1825 1881
1834 1969
1834 1990
1836 1920
1843 1990
1844 1986
1866 1909
1880 1925
1881 1994
1882 1971
1886 1990
1897 1943
1899 1919
1922 1952