2000
1 1076
3 169
4 912
4 1181
4 1447
6 21
6 1227
8 1316
9 483
9 1069
11 367
11 1519
11 1558
13 1786
15 384
16 258
16 1504
18 105
18 1639
19 1783
21 1029
21 1391
24 201
27 1725
28 263
29 1605
29 1729
30 1394
32 553
32 1365
33 495
33 848
36 1584
37 605
37 780
39 840
39 1130
40 1134
42 1433
43 478
43 1082
45 242
45 648
49 561
50 102
51 1629
52 833
53 1656
55 302
57 418
59 171
60 567
60 1465
61 166
63 513
63 1610
64 1034
65 374
67 1865
72 250
74 1984
75 227
75 1652
76 940
77 873
77 1472
79 793
79 1068
80 606
80 1466
80 1486
82 415
83 1275
88 1855
91 1719
94 1440
95 347
95 1020
95 1138
97 1293
98 616
99 1752
101 928
101 1201
103 1936
107 981
107 1176
108 254
109 927
109 1067
110 1024
112 1850
113 140
113 871
113 1448
114 285
117 1715
120 1486
121 915
122 911
125 1099
125 1393
134 1031
134 1487
135 1018
136 533
138 777
139 613
141 731
141 1671
142 722
144 350
144 1610
144 1647
145 996
145 1343
146 1604
146 1735
146 1909
148 1130
150 1472
151 1213
152 1794
155 313
155 677
156 822
164 1025
165 656
168 671
169 1463
173 945
178 1207
179 1157
182 620
182 1783
185 407
186 864
186 901
186 1469
189 1236
190 843
190 949
192 281
192 769
192 1905
193 350
195 1824
197 423
199 381
199 779
199 975
206 740
206 1847
210 983
211 1709
213 1962
215 1749
216 755
217 591
218 851
219 457
219 1281
222 1570
222 1818
223 616
223 618
225 733
225 850
225 1416
227 1909
232 1799
233 1805
235 1141
235 1826
236 834
238 1243
239 1983
240 1451
241 870
244 1766
245 382
247 1963
249 1843
251 596
251 1466
252 684
252 1614
253 606
253 1587
254 1758
255 584
259 291
262 552
268 1615
270 345
273 1896
275 1266
276 335
284 1188
284 1544
285 1352
289 1167
292 680
295 421
296 1579
297 1647
298 447
299 1994
300 553
302 626
305 1307
306 1144
307 529
307 1542
311 993
311 1850
313 759
313 1659
314 435
316 1070
325 1932
326 598
326 1701
326 1847
327 480
327 1266
328 1757
330 1123
331 341
332 1455
337 1896
338 1966
340 689
340 838
341 1680
342 681
342 953
344 1366
345 948
345 1804
345 1811
348 922
353 1943
354 1894
359 547
360 538
361 375
363 1032
364 1552
373 643
375 1054
377 496
380 1393
381 1758
382 1929
385 712
386 1947
387 679
387 1195
389 941
394 485
403 1161
406 456
412 463
412 560
413 570
413 1018
414 1164
415 687
418 1369
421 426
426 1409
433 1573
437 1285
437 1619
437 1933
439 1829
440 1408
446 939
450 536
451 1655
451 1795
454 1658
454 1688
459 745
459 1046
460 1191
460 1700
461 1918
464 684
465 1897
466 1807
468 1581
470 614
474 868
479 880
481 1485
484 1572
485 1411
485 1553
486 688
486 1886
487 852
488 1179
493 856
493 1629
495 545
495 1761
496 949
497 1168
498 1971
500 1033
500 1908
508 596
511 906
511 1525
512 809
512 1903
514 689
515 1319
515 1820
517 777
519 548
519 597
519 836
522 1571
525 1095
527 1760
528 797
528 1420
529 968
529 1250
531 1585
536 1989
538 632
538 1107
539 1938
542 854
543 1318
545 1985
546 1512
546 1736
550 653
552 828
552 1038
552 1138
553 792
553 1170
554 1933
556 1278
558 1092
559 1998
560 1824
562 1192
562 1561
563 1453
564 1186
565 1334
566 911
566 1384
566 1909
569 1955
571 1773
572 977
573 718
573 1113
576 1456
576 1651
577 648
577 1915
578 1490
580 1145
583 1898
584 818
584 945
585 880
587 1515
590 992
590 1410
593 1565
594 1423
594 1837
595 1163
595 1798
596 1587
597 1447
599 1855
599 1915
600 1326
606 832
607 1463
608 1824
608 1830
609 1289
610 874
610 1771
611 1473
612 1316
613 716
613 1045
615 1575
617 1181
618 1474
619 1683
621 915
628 1399
630 717
633 1272
634 926
634 1800
636 1133
637 1787
640 702
640 1183
645 1233
647 1683
653 1308
659 998
661 1756
666 1143
668 765
669 899
671 893
671 931
671 1898
673 1781
675 1383
678 996
680 1562
680 1570
681 1376
682 1531
685 717
685 825
686 831
689 1400
689 1567
690 1067
690 1937
691 1058
691 1756
694 1262
697 957
699 729
702 802
702 1832
703 1886
704 784
704 1149
708 1450
712 1259
713 961
714 1744
717 1244
718 1534
719 1296
721 1395
722 945
725 1960
726 825
726 1299
728 1428
730 993
734 1779
736 860
737 1820
740 1793
741 1010
741 1027
741 1084
743 915
743 1235
750 1634
752 1273
753 1656
753 1830
753 1851
754 1104
755 1511
757 1055
757 1838
758 1096
762 1786
771 1112
774 1222
775 1021
778 1173
778 1794
780 817
781 1088
782 1399
782 1425
784 1164
787 1924
790 1099
794 1565
796 984
796 1224
802 907
809 1568
811 1795
814 1709
816 1846
817 1722
823 847
824 1994
826 1732
827 1451
827 1490
828 1287
835 1634
839 904
840 1332
842 1614
848 1432
848 1502
852 1336
853 1129
853 1546
853 1878
856 873
857 1540
857 1612
857 1900
858 991
858 1234
869 1087
874 980
875 1359
876 1864
878 1023
885 1311
888 1362
890 1843
895 1500
896 900
897 1382
902 1463
905 1842
908 1569
909 919
911 1773
912 1361
915 1058
920 989
921 991
926 1313
927 1711
930 986
930 1765
932 1828
936 1093
936 1369
940 1241
942 1368
944 951
944 1470
946 1379
951 1508
952 1359
953 1916
956 1300
959 1205
963 1276
967 985
967 1188
968 1139
970 1714
975 1347
992 1269
994 1386
997 1216
997 1400
997 1535
1002 1319
1003 1639
1004 1430
1008 1778
1011 1238
1011 1714
1012 1284
1014 1505
1016 1678
1018 1244
1024 1299
1024 1715
1028 1363
1029 1990
1030 1410
1033 1688
1038 1407
1039 1221
1042 1287
1042 1435
1042 1835
1046 1941
1051 1503
1051 1950
1059 1435
1063 1664
1064 1067
1066 1448
1069 1556
1070 1171
1071 1160
1073 1582
1082 1536
1084 1652
1089 1126
1089 1824
1095 1291
1095 1662
1097 1325
1100 1704
1100 1915
1111 1707
1112 1315
1112 1670
1113 1994
1116 1890
1117 1595
1120 1444
1126 1726
1127 1676
1132 1823
1137 1747
1140 1353
1142 1502
1146 1344
1148 1973
1150 1432
1153 1407
1154 1463
1157 1764
1159 1982
1161 1906
1162 1609
1162 1815
1164 1209
1169 1929
1176 1530
1176 1675
1182 1806
1183 1523
1194 1376
1196 1424
1197 1401
1199 1267
1199 1527
1204 1880
1210 1621
1211 1979
1215 1902
1219 1440
1221 1390
1223 1676
1224 1914
1227 1432
1227 1550
1228 1254
1236 1966
1239 1573
1241 1925
1242 1560
1243 1550
1245 1490
1246 1909
1247 1594
1252 1518
1260 1896
1261 1858
1263 1502
1263 1722
1264 1753
1264 1909
1269 1987
1277 1912
1283 1595
1286 1688
1288 1745
1289 1432
1292 1858
1294 1697
1296 1714
1302 1852
1305 1513
1307 1358
1307 1822
1307 1828
1311 1523
1311 1985
1313 1337
1313 1419
1326 1661
1338 1803
1340 1912
1355 1810
1358 1844
1361 1847
1362 1544
1364 1911
1367 1506
1373 1960
1375 1795
1381 1470
1383 1753
1387 1480
1388 1616
1390 1928
1394 1844
1396 1778
1403 1909
1405 1847
1405 1949
1407 1924
1408 1880
1413 1946
1414 1913
1416 1589
1427 1638
1428 1483
1430 1451
1436 1484
1437 1802
1440 1640
1447 1955
1453 1961
1462 1613
1464 1958
1472 1928
1472 1971
1475 1663
1479 1577
1484 1814
1505 1545
1524 1730
1531 1835
1541 1631
1545 1829
1554 1880
1557 1598
1562 1691
1566 1629
1571 1632
1580 1759
1586 1740
1587 1890
1589 1868
1590 1948
1594 1750
1596 1704
1597 1763
1605 1659
1607 1681
1614 1927
1618 1960
1623 1869
1644 1882
1644 1990
1649 1772
1650 1848
1659 1902
1665 1842
1667 1735
1698 1878
1700 1953
1702 1743
1715 1884
1717 1885
1734 1939
1784 1931
1800 1929
1802 1864
1816 1875
1828 1972
1843 1962
1876 1905
1883 1990
1914 1931
1937 1939
1952 1991