2000
1 89
1 137
1 358
1 445
1 559
1 639
1 715
1 1134
1 1264
1 1335
1 1397
1 1517
1 1664
2 690
2 718
2 1317
2 1972
3 391
3 862
3 944
3 1150
3 1621
3 1932
4 486
4 984
4 1023
4 1291
4 1366
4 1519
4 1574
5 131
5 729
5 769
5 1915
5 1943
6 238
6 935
6 940
6 942
6 1376
7 407
7 613
7 640
7 739
7 860
7 948
7 1065
7 1278
8 279
8 297
8 363
8 1081
8 1147
8 1208
8 1702
8 1794
9 171
9 296
9 344
9 598
9 709
9 887
9 901
9 1224
9 1286
9 1858
10 79
10 353
10 380
10 838
10 879
10 1089
10 1802
10 1907
10 2000
11 378
11 956
11 1096
11 1343
11 1385
12 35
12 431
12 1041
12 1291
12 1360
12 1415
12 1545
12 1619
12 1694
13 581
13 870
13 1149
13 1275
13 1838
14 35
14 401
14 962
14 1299
14 1475
14 1721
14 1989
15 1556
15 1966
16 742
16 1145
16 1254
16 1759
17 123
17 291
17 430
17 563
17 577
17 598
17 715
17 874
17 1036
17 1259
17 1273
17 1415
17 1478
17 1637
17 1658
17 1719
18 53
18 75
18 239
18 540
18 641
18 687
18 828
18 897
18 962
18 1121
18 1190
19 72
19 186
19 318
19 843
19 1178
19 1286
19 1319
19 1577
19 1703
19 1800
20 326
20 1052
20 1120
20 1148
20 1157
20 1610
20 1748
21 603
21 760
21 1001
21 1013
21 1177
21 1542
21 1561
21 1686
21 1896
22 282
22 391
22 1101
22 1116
22 1510
22 1626
22 1725
22 1923
23 327
23 1271
23 1362
23 1626
23 1839
24 214
24 257
24 277
24 295
24 434
24 544
24 565
24 753
24 758
24 940
24 1506
24 1513
25 363
25 557
25 745
25 964
25 980
25 1090
25 1124
25 1306
25 1327
25 1428
25 1758
25 1872
25 1950
25 1987
26 640
26 718
26 1234
26 1291
26 1447
26 1730
26 1761
26 1883
27 205
27 432
27 450
27 876
27 888
27 890
27 988
27 1534
27 1834
28 34
28 140
28 145
28 385
28 390
28 458
28 910
28 1188
28 1191
28 1235
28 1342
28 1489
28 1748
28 1962
29 389
29 957
29 1104
29 1174
29 1265
29 1381
30 355
30 543
30 1282
30 1533
30 1640
30 1675
30 1786
30 1793
30 1945
31 231
31 235
31 277
31 357
31 699
31 939
31 947
31 992
31 1021
31 1038
31 1206
31 1646
31 1930
32 60
32 116
32 809
32 1258
32 1300
32 1550
32 1641
32 1722
32 1836
32 1937
33 55
33 153
33 414
33 438
33 756
33 1041
33 1103
33 1231
33 1247
33 1500
33 1565
34 129
34 229
34 1165
34 1407
34 1965
35 640
35 756
35 842
35 992
35 1165
35 1428
36 201
36 241
36 615
36 700
36 964
36 1552
36 1827
37 383
37 575
37 629
37 667
37 741
37 1029
37 1234
37 1366
37 1587
37 1851
37 1981
38 609
38 748
38 1160
38 1334
38 1611
38 1726
38 1825
39 791
39 1213
39 1384
39 1514
39 1788
39 1939
40 195
40 364
40 771
40 1185
40 1301
40 1366
40 1417
40 1547
40 1618
40 1654
40 1987
41 633
41 977
41 1018
41 1080
41 1248
41 1390
41 1421
42 540
42 777
42 884
42 942
42 1450
42 1504
42 1563
42 1569
42 1661
42 1726
42 1929
43 244
43 515
43 642
43 919
43 983
43 998
43 1034
43 1159
43 1405
43 1772
43 1798
43 1887
44 1151
44 1164
44 1171
44 1703
44 1911
45 137
45 621
45 681
45 1693
45 1814
45 1859
45 1937
45 1956
46 354
46 646
46 668
46 782
46 952
46 1156
46 1160
46 1315
46 1366
46 1824
47 109
47 630
47 892
47 1131
47 1223
47 1354
47 1548
47 1649
48 248
48 384
48 897
48 1096
48 1150
48 1179
48 1776
48 1882
49 51
49 1998
50 248
50 314
50 325
50 482
50 783
50 854
50 1213
50 1379
50 1421
51 123
51 192
51 390
51 439
51 752
51 1220
51 1611
51 1849
51 1900
52 218
52 245
52 316
52 602
52 641
52 738
52 780
52 795
52 837
52 1028
52 1221
52 1486
52 1560
52 1691
52 1779
53 113
53 387
53 513
53 696
53 834
53 1078
53 1086
54 628
54 792
54 1012
54 1516
54 1582
54 1903
55 118
55 228
55 325
55 475
55 623
55 830
55 1285
55 1393
55 1787
56 359
56 1192
56 1591
56 1654
56 1740
57 88
57 189
57 294
57 567
57 728
57 795
57 1591
57 1630
58 241
58 422
58 902
58 965
58 1028
58 1054
58 1081
58 1194
58 1729
58 1875
59 232
59 533
59 768
59 1246
59 1592
60 84
60 444
60 876
60 980
60 1021
60 1449
60 1524
60 1542
60 1665
61 72
61 345
61 446
61 648
61 821
61 968
61 1310
61 1612
61 1682
61 1768
61 1859
61 1902
62 80
62 208
62 237
62 312
62 549
62 705
62 941
62 1305
62 1412
62 1610
63 149
63 425
63 535
63 648
63 693
63 888
63 1111
63 1295
63 1380
63 1715
63 1719
63 1789
63 1916
63 1929
64 366
64 1073
64 1085
64 1200
64 1209
64 1479
64 1501
64 1603
64 1659
64 1704
64 1850
65 527
65 528
65 1332
65 1449
65 1504
66 353
66 735
66 1505
66 1940
67 129
67 198
67 215
67 535
67 609
67 692
67 1036
67 1140
67 1345
67 1349
67 1466
67 1795
68 186
68 466
68 667
68 809
68 903
68 969
68 1031
68 1254
68 1571
68 1713
68 1850
68 1957
68 1959
69 371
69 387
69 1168
69 1495
69 1698
70 197
70 1073
70 1513
71 416
71 886
71 1276
71 1308
71 1461
72 248
72 264
72 324
72 328
72 902
72 963
72 1061
72 1078
72 1091
72 1263
72 1597
72 1605
72 1946
72 1961
73 392
73 616
73 918
73 1071
73 1212
73 1369
73 1609
74 163
74 170
74 623
74 686
74 817
74 1194
74 1288
74 1290
74 1598
74 1766
74 1783
74 1844
75 550
75 749
75 763
75 865
75 1058
75 1099
75 1230
75 1295
75 1428
75 1703
75 1718
75 1746
75 1767
76 221
76 274
76 314
76 666
76 888
76 921
76 1300
76 1414
76 1799
76 1862
76 1924
77 177
77 221
77 249
77 501
77 587
77 834
77 1226
77 1237
77 1324
77 1519
77 1669
77 1884
78 520
78 740
78 788
78 821
78 1433
78 1693
78 1756
78 1821
78 1875
79 94
79 401
79 656
79 746
79 790
79 1392
80 206
80 730
80 1130
80 1214
80 1954
81 127
81 464
81 839
81 1347
81 1368
81 1569
81 1984
82 295
82 308
82 497
82 1159
82 1164
82 1293
82 1441
82 1443
82 1521
82 1977
83 97
83 360
83 407
83 574
83 618
83 692
83 768
83 914
83 986
83 1443
83 1584
83 1866
83 1961
84 178
84 430
84 975
84 1002
84 1003
84 1458
85 191
85 301
85 376
85 524
85 1116
85 1751
85 1765
85 1893
86 1035
86 1137
86 1179
86 1207
86 1812
87 552
87 646
87 1055
87 1081
87 1225
87 1483
87 1516
87 1554
87 1769
87 1878
87 1913
88 477
88 596
88 675
88 729
88 1158
88 1379
88 1773
88 1993
89 396
89 946
89 988
89 1066
89 1586
89 1900
90 293
90 580
90 760
90 978
90 1530
90 1532
90 1806
90 1812
91 184
91 309
91 558
91 618
91 732
91 734
91 776
91 1055
91 1072
91 1425
91 1541
91 1820
91 1909
92 195
92 300
92 302
92 391
92 996
92 1506
92 1647
92 1678
93 223
93 308
93 378
93 965
93 1159
93 1348
93 1797
94 158
94 173
94 453
94 715
94 904
94 945
94 1096
94 1150
94 1194
94 1481
94 1639
95 293
95 306
95 481
95 500
95 647
95 744
95 903
95 1066
95 1180
95 1240
95 1567
95 1804
95 1851
95 1924
96 103
96 212
96 519
96 694
96 888
96 1007
96 1056
96 1132
96 1142
96 1377
96 1407
96 1599
97 569
97 822
97 1072
97 1324
97 1333
97 1686
97 1915
98 183
98 274
98 326
98 601
98 977
98 1376
98 1406
98 1874
99 253
99 276
99 506
99 854
99 1938
100 248
100 256
100 472
100 489
100 585
100 606
100 666
100 832
100 1237
100 1452
101 117
101 194
101 223
101 265
101 273
101 354
101 468
101 522
101 557
101 603
101 687
101 946
101 1565
101 1722
102 192
102 320
102 342
102 347
102 440
102 458
102 882
102 921
102 1118
102 1162
102 1243
102 1245
102 1357
102 1397
102 1620
102 1718
102 1840
103 256
103 527
103 895
103 937
103 1390
103 1526
103 1607
103 1633
103 1829
103 1855
103 1972
104 660
104 940
104 1048
104 1053
104 1079
104 1195
104 1230
104 1664
104 1788
105 391
105 545
106 259
106 377
106 751
106 1465
106 1992
107 502
107 799
107 863
107 864
107 984
107 1159
107 1309
107 1479
107 1573
107 1898
108 143
108 147
108 266
108 603
108 759
108 794
108 1073
108 1102
108 1193
108 1465
108 1649
108 1862
109 110
109 384
109 663
109 857
109 1149
109 1239
109 1259
109 1600
109 1693
110 352
110 490
110 692
110 1120
110 1275
110 1914
110 1949
110 1976
111 326
111 341
111 716
111 869
111 896
111 929
111 941
111 1761
111 1828
111 1913
112 232
112 520
112 1219
112 1704
113 153
113 178
113 725
113 792
113 1180
113 1445
113 1492
113 1916
113 1969
114 149
114 235
114 548
114 565
114 876
114 939
114 1264
114 1349
114 1678
115 414
115 534
115 614
115 677
115 1154
115 1907
116 520
116 561
116 1027
116 1069
116 1291
116 1299
116 1309
116 1690
116 1829
116 1858
117 529
117 629
117 658
117 728
117 991
117 1190
117 1271
117 1579
117 1602
117 1944
118 260
118 561
118 895
118 1198
118 1535
118 1604
118 1699
118 1731
118 1758
119 645
119 676
119 811
119 824
119 964
119 1006
119 1016
119 1304
119 1796
119 1938
120 143
120 271
120 289
120 330
120 692
120 1133
120 1522
120 1890
120 1942
121 390
121 480
121 674
121 1030
121 1208
121 1289
121 1460
121 1472
122 165
122 846
122 1282
122 1422
122 1457
122 1712
122 1875
122 1948
123 313
123 421
123 1384
123 1515
123 1535
123 1929
124 259
124 552
124 809
124 976
124 1080
124 1124
124 1251
124 1261
124 1609
124 1778
124 1859
125 199
125 438
125 1248
125 1254
125 1563
125 1681
125 1892
126 379
126 621
126 631
126 1184
126 1441
126 1569
127 199
127 249
127 270
127 467
127 510
127 541
127 569
127 611
127 630
127 881
127 1098
127 1119
127 1368
127 1389
127 1409
127 1736
127 1987
128 602
128 783
128 815
128 1123
128 1388
128 1569
128 1636
128 1687
128 1907
129 372
129 382
129 481
129 573
129 586
129 776
129 827
129 906
129 1312
129 1392
129 1427
129 1603
129 1814
129 1836
130 284
130 505
130 871
130 1052
130 1448
131 673
131 740
131 793
131 812
131 844
131 848
131 1589
131 1610
132 613
132 684
132 870
132 1078
132 1097
132 1149
132 1219
132 1257
132 1700
132 1998
133 268
133 566
133 652
133 1023
133 1063
133 1119
133 1972
134 376
134 392
134 846
134 1167
135 279
135 940
135 1021
135 1079
136 787
136 1455
136 1829
137 486
137 593
137 744
137 745
137 1783
138 153
138 266
138 275
138 510
138 571
138 764
138 1133
138 1314
138 1477
138 1957
139 150
139 263
139 465
139 590
139 630
139 767
139 807
139 1057
139 1788
139 1941
140 431
140 497
140 531
140 935
140 1006
140 1047
140 1597
140 1714
140 1738
140 1883
140 1959
141 374
141 514
141 582
141 598
141 689
141 1154
141 1217
141 1286
141 1435
141 1517
141 1964
142 478
142 489
142 804
142 1077
142 1322
142 1618
142 1792
142 1933
143 447
143 641
143 930
143 1154
143 1424
143 1525
143 1849
144 553
144 567
144 812
144 844
144 937
144 1034
144 1374
144 1578
144 1650
144 1661
144 1806
144 1880
145 288
145 486
145 579
145 732
145 1536
145 1789
145 1964
146 565
146 719
146 742
146 752
146 981
146 1443
146 1618
146 1879
146 1964
147 204
147 299
147 358
147 557
147 926
147 1105
147 1317
147 1379
147 1545
147 1575
147 1773
147 1855
147 1876
148 194
148 203
148 941
148 1149
148 1906
148 1946
149 1121
149 1470
149 1495
149 1523
149 1757
149 1803
149 1932
150 310
150 350
150 424
150 730
150 759
150 760
150 1339
150 1392
151 336
151 529
151 565
151 721
151 1032
152 471
152 526
152 551
152 1271
152 1671
152 1810
153 784
153 979
153 1157
153 1218
153 1222
153 1661
153 1848
154 158
154 249
154 775
154 873
154 960
154 1146
154 1284
154 1926
155 321
155 460
155 495
155 504
155 710
155 1065
155 1160
155 1275
155 1405
155 1470
155 1575
155 1595
155 1698
156 176
156 549
156 608
156 785
156 994
156 1263
156 1392
156 1504
156 1666
156 1961
157 271
157 492
157 1822
157 1851
157 1933
158 290
158 515
158 568
158 852
158 1011
158 1246
158 1379
158 1440
158 1687
158 1832
158 1857
159 199
159 252
159 684
159 690
159 1009
159 1200
159 1468
160 443
160 722
160 911
160 989
160 997
160 1222
160 1255
160 1433
160 1667
160 1678
160 1776
160 1962
161 418
161 667
161 1000
161 1018
161 1239
161 1730
161 1814
162 271
162 429
162 1042
162 1140
162 1151
162 1153
162 1260
162 1595
162 1769
163 514
163 1003
163 1064
163 1082
163 1528
163 1588
163 1648
163 1662
163 1796
164 231
164 484
164 1739
164 1743
164 1841
165 631
165 836
165 1021
165 1113
165 1271
165 1536
165 1740
165 1837
165 1983
166 811
166 904
166 1163
166 1242
166 1758
167 316
167 508
167 563
167 696
167 726
167 1051
167 1249
167 1452
167 1558
167 1772
168 373
168 474
168 490
168 1006
168 1081
168 1288
168 1392
168 1487
168 1582
168 1767
168 1823
168 1871
168 1889
169 224
169 274
169 351
169 418
169 475
169 524
169 866
169 884
169 1615
169 1697
169 1748
169 1857
169 1862
170 322
170 393
170 495
170 576
170 1104
170 1332
170 1361
170 1362
170 1379
170 1401
170 1544
170 1610
170 1742
170 1951
171 196
171 705
171 709
171 1101
171 1219
171 1313
171 1523
171 1835
172 1479
172 1631
172 1636
172 1788
172 1986
172 1987
173 309
173 680
173 808
173 1103
174 195
174 430
174 521
174 984
174 1173
174 1187
174 1223
174 1416
174 1681
174 1749
174 1893
175 234
175 456
175 863
175 1173
175 1557
175 1711
175 1737
176 234
176 708
176 989
176 1348
176 1369
176 1492
177 310
177 1002
177 1263
177 1413
177 1673
178 629
178 1799
179 452
179 555
179 571
179 880
179 1147
179 1235
179 1328
179 1339
179 1341
179 1383
179 1494
179 1548
179 1597
179 1750
179 1817
180 307
180 817
180 990
180 1153
180 1304
180 1441
180 1704
180 1780
180 1867
180 1930
180 1969
181 230
181 235
181 302
181 695
181 1977
182 604
182 659
182 886
182 1034
182 1519
182 1566
182 1722
182 1772
182 1853
182 1918
183 511
183 514
183 646
183 793
183 971
183 999
183 1117
183 1258
183 1349
183 1424
183 1455
183 1479
184 252
184 486
184 487
184 613
184 619
184 940
184 970
184 1103
184 1130
184 1569
184 1673
184 1682
184 1763
184 1963
185 279
185 291
185 817
185 921
185 966
185 1090
185 1159
185 1757
185 1853
185 1867
185 1984
185 1985
186 588
186 993
186 1011
186 1800
186 1937
187 351
187 392
187 729
187 875
187 967
187 1044
187 1538
187 1640
187 1644
187 1982
188 740
188 1037
188 1202
188 1703
188 1770
188 1782
188 1826
189 563
189 695
189 819
189 1500
189 1514
189 1709
189 1718
189 1777
190 191
190 368
190 706
190 891
190 1057
190 1241
191 718
191 754
191 1047
191 1188
191 1218
191 1353
191 1780
191 1866
191 1873
192 374
192 552
192 644
192 784
192 812
192 958
192 1228
192 1392
192 1687
192 1693
192 1816
193 390
193 399
193 1295
193 1459
193 1527
193 1575
193 1604
194 445
194 601
194 1017
194 1731
194 1862
195 531
195 666
195 916
195 1065
195 1296
195 1689
195 1944
196 634
196 1426
196 1497
196 1834
197 358
197 421
197 605
197 898
197 1182
197 1744
198 450
198 689
198 1503
198 1593
198 1707
198 1709
198 1917
198 1974
199 216
199 287
199 643
199 870
199 1050
199 1441
199 1481
199 1588
199 1827
200 225
200 520
200 1216
200 1245
200 1434
200 1503
200 1523
200 1680
200 1747
201 235
201 289
201 608
201 973
201 1011
201 1501
201 1528
201 1590
201 1907
201 1913
201 1953
202 315
202 741
202 955
202 1307
202 1460
202 1680
202 1747
202 1767
202 1885
202 1947
202 1989
203 690
203 816
203 967
203 1237
203 1253
203 1465
203 1476
203 1547
203 1652
203 1724
203 1893
204 270
204 300
204 317
204 1224
204 1607
204 1896
204 1951
205 359
205 1034
205 1411
205 1511
205 1577
205 1763
206 439
206 659
206 848
206 1105
206 1279
206 1323
206 1395
206 1464
206 1954
207 857
207 1117
207 1903
207 1907
207 1996
208 623
208 893
208 1029
208 1428
208 1563
208 1995
209 523
209 814
209 989
209 1464
209 1557
209 1820
210 667
210 723
210 1221
210 1248
210 1742
210 1866
210 1908
211 242
211 416
211 684
211 758
211 830
211 1207
211 1314
211 1466
211 1500
212 341
212 474
212 517
212 582
212 698
212 870
212 1045
212 1625
213 859
213 1090
213 1144
213 1327
213 1358
213 1466
213 1572
213 1677
214 283
214 383
214 732
214 795
214 1507
215 302
215 334
215 396
215 468
215 782
215 831
215 949
215 1042
215 1145
215 1394
216 634
216 904
216 981
216 1192
216 1359
216 1719
217 396
217 819
217 906
217 973
217 1055
217 1339
217 1384
217 1769
217 1859
217 1907
218 660
218 767
218 1090
218 1328
218 1603
219 474
219 566
219 929
219 1230
219 1294
219 1349
219 1832
220 673
220 812
220 1100
220 1819
221 338
221 679
221 827
221 908
221 1012
221 1140
221 1498
221 1577
221 1679
221 1968
222 709
222 907
222 975
222 1461
222 1476
222 1690
222 1981
223 231
223 305
223 327
223 545
223 803
223 1295
223 1332
223 1529
223 1543
223 1691
223 1782
224 678
224 863
224 1376
225 451
225 698
225 758
225 759
225 954
225 985
225 1090
225 1366
226 564
226 935
226 1397
226 1544
226 1623
226 1740
226 1798
226 1808
226 1893
227 444
227 463
227 607
227 717
227 883
227 939
227 1540
227 1544
227 1833
228 627
228 693
228 717
228 1405
229 557
229 578
229 1362
229 1749
229 1787
230 337
230 382
230 879
230 1084
230 1134
230 1183
230 1876
231 277
231 361
231 498
231 721
231 916
231 1063
231 1157
231 1287
231 1355
231 1496
231 1565
231 1578
231 1677
231 1777
232 272
232 402
232 422
232 458
232 511
232 887
232 915
232 1015
232 1202
232 1474
232 1702
232 1955
233 488
233 541
233 680
233 780
233 861
233 1083
233 1363
233 1385
233 1798
233 1917
233 1992
234 567
234 573
234 841
234 983
234 1050
234 1143
234 1382
234 1647
234 1778
235 611
235 929
235 1111
235 1304
235 1443
235 1491
236 321
236 495
236 1059
236 1148
236 1263
236 1615
237 270
237 285
237 638
237 773
237 1384
237 1424
238 259
238 310
238 653
238 702
238 780
238 851
238 970
238 1337
238 1411
238 1629
238 1660
238 1850
239 686
239 904
239 994
239 1150
239 1394
239 1840
240 790
240 791
240 1301
240 1349
240 1357
240 1373
240 1666
241 672
241 760
241 876
241 1496
241 1539
241 1546
241 1674
241 1761
242 357
242 525
242 568
242 626
242 631
242 709
242 772
242 924
242 1047
242 1490
242 1494
242 1496
242 1503
242 1713
243 269
243 536
243 707
243 810
243 861
243 1096
243 1202
243 1659
243 1967
244 285
244 454
244 603
244 612
244 1245
244 1308
244 1431
245 346
245 486
245 793
245 1047
245 1058
245 1134
245 1140
245 1806
246 276
246 401
246 602
246 915
246 1223
246 1232
246 1250
246 1513
247 322
247 619
247 1044
247 1073
247 1303
247 1334
247 1422
247 1612
247 1685
247 1837
247 1900
247 1961
248 1010
248 1121
248 1234
248 1302
248 1349
248 1376
248 1493
248 1601
248 1667
249 370
249 620
249 624
249 653
249 682
249 859
249 1097
249 1477
249 1693
249 1759
250 325
250 328
250 376
250 379
250 573
250 621
250 632
250 664
250 671
250 1211
250 1755
250 1888
251 382
251 401
251 408
251 775
251 902
251 980
251 981
251 1032
251 1255
251 1307
251 1697
251 1972
252 266
252 276
252 397
252 460
252 641
252 806
252 921
252 1014
252 1623
253 586
253 592
253 875
253 1006
253 1165
253 1320
253 1719
253 1869
254 479
254 632
254 660
254 864
254 1048
254 1189
254 1455
254 1989
255 583
255 791
255 803
255 1123
255 1277
256 273
256 462
256 908
257 303
257 495
257 607
257 985
257 1247
257 1651
258 580
258 890
258 917
258 1030
258 1846
258 1966
259 639
259 664
259 676
259 773
259 783
259 1014
259 1038
259 1377
260 280
260 625
260 1147
260 1615
260 1928
260 1982
261 879
261 1082
261 1155
261 1559
261 1731
261 1823
262 648
262 1190
263 395
263 868
263 989
263 1013
263 1299
263 1499
263 1804
264 418
264 419
264 899
264 1123
264 1289
264 1310
264 1425
264 1432
264 1567
264 1586
264 1680
264 1991
265 336
265 644
265 1032
265 1101
265 1450
265 1826
266 324
266 949
266 1213
266 1752
266 1877
267 384
267 632
267 982
267 1506
267 1558
267 1664
267 1676
267 1996
268 671
268 921
268 1386
268 1503
268 1654
268 1874
269 337
269 958
269 963
269 1231
269 1422
269 1809
270 303
270 793
270 798
270 827
270 874
270 1163
270 1353
270 1369
270 1383
270 1504
271 393
271 476
271 758
271 1061
271 1431
271 1789
271 1827
272 274
272 714
272 1136
272 1507
272 1949
273 523
273 902
273 1585
274 327
274 555
274 846
274 1377
274 1382
274 1454
274 1713
274 1777
275 1031
275 1158
275 1415
275 1530
275 1676
275 1717
275 1911
275 1971
276 429
276 644
276 711
276 968
276 1188
276 1285
276 1629
276 1636
276 1907
277 370
277 513
277 787
277 903
277 933
277 1044
277 1308
277 1416
277 1651
277 1746
277 1815
278 917
278 983
278 1043
278 1073
279 300
279 341
279 457
279 480
279 815
279 1004
279 1446
279 1557
279 1624
279 1739
279 1976
279 1984
280 534
280 687
280 689
280 697
280 932
280 1149
280 1633
281 508
281 1365
281 1485
281 1497
281 1730
281 1844
281 1857
281 1906
282 530
282 536
282 880
282 1073
282 1312
282 1528
282 1831
283 402
283 412
283 521
283 787
283 961
283 987
283 1142
283 1213
283 1407
283 1806
283 1921
283 1985
284 385
284 393
284 465
284 615
284 829
284 1098
284 1204
284 1293
284 1354
284 1360
284 1522
284 1666
285 478
285 480
285 622
285 702
285 837
285 1005
285 1065
285 1285
285 1344
285 1712
285 1854
285 1940
285 1995
286 775
286 890
286 1975
287 538
287 635
287 706
287 898
287 1342
287 1528
287 1846
287 1898
287 1995
288 389
288 769
288 807
288 1324
288 1920
289 361
289 637
289 640
289 1033
289 1047
289 1810
289 1949
290 848
290 1245
290 1523
290 1542
290 1831
291 579
291 835
291 1060
291 1354
291 1480
291 1730
291 1784
292 406
292 445
292 668
292 1665
292 1836
292 1837
293 345
293 387
293 410
293 429
293 671
293 1394
294 924
294 1185
294 1295
294 1449
294 1564
294 1600
295 300
295 350
295 733
295 1046
295 1161
295 1246
295 1600
295 1644
295 1800
296 450
296 487
296 538
296 689
296 831
296 886
296 1098
296 1220
296 1675
296 1698
297 494
297 571
297 1060
297 1077
297 1517
297 1678
297 1788
297 1857
298 401
298 446
298 1060
298 1262
298 1908
299 381
299 438
299 455
299 684
299 896
299 1477
299 1507
299 1530
299 1556
300 538
300 867
300 999
300 1192
300 1290
300 1415
301 393
301 710
301 716
301 728
301 765
301 815
301 1217
301 1246
301 1249
301 1700
302 452
302 624
302 641
302 788
302 882
302 890
302 951
302 1129
302 1479
302 1487
302 1821
302 1900
303 362
303 366
303 1602
303 1616
303 1713
303 1822
303 1866
304 947
304 963
304 1160
304 1366
304 1727
305 666
305 1204
305 1569
305 1773
306 348
306 511
306 540
306 951
306 1252
306 1339
306 1391
306 1790
306 1801
306 1889
306 1941
307 911
307 1057
307 1273
307 1728
308 318
308 324
308 344
308 487
308 495
308 548
308 1955
309 698
309 1008
309 1196
309 1397
309 1479
309 1534
309 1634
309 1699
309 1707
309 1852
309 1942
310 506
310 869
310 967
310 1106
310 1796
310 1884
311 517
311 565
311 690
311 753
311 876
311 934
311 1231
311 1985
312 1251
312 1375
312 1608
312 1677
313 587
313 621
313 632
313 752
313 1618
313 1771
313 1825
314 638
314 735
314 746
314 916
314 1034
314 1343
314 1597
315 698
315 960
315 1100
315 1672
315 1708
315 1914
316 739
316 887
316 1162
316 1354
316 1785
316 1871
317 588
317 635
317 647
317 1191
317 1348
317 1391
317 1641
317 1749
318 510
318 710
318 870
318 976
318 1166
318 1286
318 1540
318 1670
318 1709
318 1867
319 345
319 419
319 957
319 1141
319 1445
319 1495
319 1618
319 1997
320 366
320 543
320 951
320 1384
320 1736
320 1898
320 1994
321 491
321 851
321 1235
321 1359
321 1563
321 1691
321 1754
322 401
322 1046
322 1164
322 1368
322 1596
322 1653
322 1942
322 1963
322 1974
323 354
323 387
323 736
323 906
323 926
323 986
323 1013
323 1521
323 1576
323 1737
323 1900
324 591
324 1446
324 1529
324 1836
324 1919
324 1953
325 518
325 524
325 746
325 1086
325 1143
325 1189
325 1612
326 583
326 593
326 684
326 835
326 1046
326 1096
326 1175
326 1249
326 1342
326 1470
326 1894
326 1897
327 651
327 864
327 953
327 1070
327 1079
327 1459
327 1499
327 1509
327 1747
327 1825
327 1841
328 416
328 1044
328 1143
328 1650
328 1708
328 1837
329 393
329 533
329 789
329 800
329 1166
329 1346
329 1609
329 1677
329 1869
330 392
330 491
330 647
330 832
330 985
330 1095
331 424
331 800
331 989
331 1179
331 1697
331 1748
332 630
332 1173
332 1463
332 1867
332 1986
333 602
333 655
333 725
333 737
333 1178
333 1210
333 1703
333 1819
333 1942
334 453
334 629
334 1197
334 1283
334 1439
334 1726
334 1878
334 1977
335 390
335 1041
335 1474
335 1506
336 516
336 641
336 933
336 977
336 1443
336 1548
336 1863
336 1961
336 1992
337 479
337 514
337 520
337 773
337 1099
337 1137
337 1252
338 504
338 1501
338 1598
338 1707
339 377
339 479
339 1294
339 1427
339 1566
340 410
340 502
340 828
340 972
340 1201
340 1259
340 1271
340 1385
340 1613
340 1685
340 1900
340 1944
341 931
341 1047
341 1608
341 1667
341 1960
341 1987
342 574
342 724
342 1039
342 1081
342 1377
342 1612
342 1671
343 430
343 493
343 535
343 658
343 781
343 1104
343 1350
343 1473
343 1511
344 674
344 991
344 1055
344 1422
344 1545
344 1682
344 1729
344 1793
344 1882
345 365
345 624
345 665
345 761
345 1010
345 1436
345 1545
345 1901
346 614
346 697
346 749
346 750
346 1677
346 1726
347 369
347 656
347 742
347 1017
347 1120
347 1507
347 1546
347 1612
347 1638
347 1681
347 1854
348 815
348 885
348 886
348 967
348 988
348 1730
348 1974
349 600
349 936
349 1093
349 1216
349 1291
349 1637
349 1649
349 1925
350 358
350 464
350 496
350 638
350 748
350 1055
350 1179
350 1208
350 1640
350 1676
350 1763
350 1826
350 1858
351 371
351 676
351 764
351 827
351 883
351 1445
351 1494
351 1797
352 670
352 695
352 710
352 876
352 1139
352 1957
353 437
353 639
353 672
353 849
353 1072
353 1099
353 1306
353 1434
353 1463
353 1888
354 510
354 632
354 981
354 986
354 1287
354 1860
355 1220
355 1222
356 423
356 618
356 737
356 937
356 942
356 1214
356 1217
356 1277
356 1381
356 1384
356 1604
356 1731
356 1836
356 1871
357 386
357 455
357 850
357 1036
357 1275
357 1596
357 1803
357 1863
357 1896
357 1920
358 398
358 730
358 1096
358 1192
358 1336
358 1404
358 1653
358 1859
359 405
359 836
359 868
359 1157
359 1189
359 1271
359 1615
359 1994
360 394
360 571
360 622
360 711
360 928
360 960
360 1011
360 1066
360 1389
360 1603
360 1774
360 1844
360 1872
361 981
361 1049
361 1225
361 1243
361 1275
361 1313
361 1333
361 1490
361 1637
361 1786
361 1805
361 1939
361 1943
362 371
362 650
362 816
362 831
362 1037
362 1390
362 1466
363 492
363 781
363 937
363 1735
363 1801
364 476
364 755
364 907
364 1358
364 1615
364 1640
364 1697
365 556
365 622
365 662
365 1124
365 1236
365 1324
365 1435
366 373
366 444
366 638
366 837
366 841
366 1001
366 1215
366 1526
366 1654
366 1672
367 568
367 583
367 797
367 849
367 931
367 1131
367 1135
367 1321
367 1401
367 1539
367 1917
367 1984
368 409
368 800
368 1092
368 1288
368 1318
368 1567
368 1613
368 1623
369 404
369 432
369 596
369 1143
369 1161
369 1200
369 1330
369 1597
369 1665
369 1718
369 1781
369 1795
370 395
370 1091
370 1624
370 1767
370 1860
370 1888
371 437
371 944
371 989
371 1412
371 1632
371 1954
372 400
372 628
372 1067
372 1109
372 1118
372 1179
372 1752
373 541
373 577
373 788
373 1148
373 1160
373 1345
373 1380
373 1659
373 1826
374 421
374 514
374 1107
374 1530
374 1740
375 499
375 849
375 1016
375 1139
375 1279
375 1368
375 1905
376 731
376 962
376 1208
376 1381
376 1667
376 1943
377 614
377 714
377 787
377 788
377 870
377 1045
377 1107
377 1308
377 1655
377 1710
377 1821
377 1937
378 1031
378 1147
378 1403
378 1431
378 1442
378 1470
379 560
379 790
379 1085
379 1310
379 1488
379 1856
379 1869
379 1873
380 683
380 798
380 1113
380 1257
380 1299
380 1352
380 1442
380 1511
381 691
381 1130
381 1430
381 1457
381 1783
382 455
382 651
382 748
382 1075
382 1163
382 1344
382 1398
382 1598
382 1728
383 528
383 740
383 1317
383 1378
383 1441
383 1637
383 1796
384 485
384 743
384 752
384 769
384 797
384 966
384 1152
384 1438
384 1918
384 1974
385 508
385 538
385 676
385 755
385 792
385 822
385 1001
385 1099
385 1124
385 1364
385 1599
385 1925
386 657
386 712
386 1406
386 1493
386 1565
386 1716
386 1805
387 1297
387 1427
387 1545
388 874
388 1029
388 1084
388 1204
388 1822
388 1999
389 559
389 869
389 1445
389 1803
389 1855
390 455
390 458
390 525
390 552
390 1198
390 1970
391 766
391 828
391 1234
392 596
392 992
392 1023
392 1026
392 1040
392 1152
392 1383
392 1581
392 1636
392 1730
392 1863
393 497
393 653
393 686
393 712
393 1196
393 1311
393 1396
393 1786
394 499
394 930
394 1089
394 1216
394 1222
394 1403
394 1429
394 1853
394 1884
394 1950
394 1967
395 568
395 833
395 1625
395 1813
395 1857
395 1883
396 1113
396 1171
396 1679
396 1711
396 1868
397 719
397 1103
397 1272
397 1641
397 1665
397 1873
398 441
398 633
398 734
398 870
398 905
398 1068
398 1137
399 753
399 989
399 1164
399 1203
399 1253
400 776
400 883
400 1053
400 1113
400 1165
400 1171
400 1273
400 1744
400 1968
401 886
401 1395
401 1709
401 1749
401 1838
401 1888
402 927
402 1267
402 1591
403 1108
403 1144
403 1965
404 416
404 495
404 588
404 698
404 829
404 1107
404 1125
404 1885
405 669
405 801
405 1039
405 1129
405 1743
405 1989
406 592
406 1618
406 1638
406 1641
406 1785
408 602
408 835
408 950
408 1423
408 1503
408 1835
408 1979
409 460
409 500
409 932
409 1198
409 1317
409 1872
410 533
410 831
410 854
410 959
410 962
410 1031
410 1198
410 1243
410 1370
410 1461
410 1479
410 1780
410 1880
411 420
411 602
411 664
411 891
411 1083
411 1711
412 604
412 672
412 930
412 959
412 968
412 1192
412 1305
412 1364
412 1587
412 1891
412 1933
413 487
413 1027
413 1041
413 1272
413 1838
414 444
414 860
414 893
414 1099
414 1349
414 1541
415 590
415 694
415 871
415 876
415 1132
415 1200
415 1256
415 1489
415 1550
415 1598
415 1784
415 1885
416 467
416 682
416 956
416 1578
416 1625
417 544
417 927
417 1241
417 1306
417 1433
417 1506
418 700
418 745
418 870
418 904
418 909
418 1695
419 934
419 990
419 1296
419 1401
419 1510
419 1763
419 1915
420 610
420 656
420 1031
420 1116
420 1505
420 1564
420 1594
420 1626
420 1969
421 480
421 1238
421 1527
421 1581
421 1683
421 1921
422 459
422 561
422 1172
422 1254
422 1390
422 1637
423 513
423 685
423 891
423 1509
424 504
424 832
424 954
424 984
424 1223
424 1338
424 1494
424 1518
425 520
425 662
425 693
425 1138
425 1199
425 1252
425 1375
425 1411
425 1455
425 1460
425 1590
425 1881
425 1938
426 529
426 652
426 880
426 1240
426 1350
426 1910
427 560
427 636
427 740
427 758
427 765
427 1195
427 1278
427 1360
427 1388
427 1702
427 1717
427 1843
428 672
428 886
428 1045
428 1228
429 698
429 1363
429 1413
429 1715
429 1958
430 507
430 689
430 777
430 801
430 875
430 1596
430 1723
430 1987
431 497
431 636
431 816
431 935
431 1193
431 1219
431 1241
431 1262
431 1263
431 1348
431 1359
431 1523
431 1983
431 1987
432 629
432 697
432 1055
432 1072
432 1151
432 1273
432 1280
432 1394
432 1430
432 1473
432 1887
433 603
433 774
433 899
433 1186
433 1466
433 1758
434 869
434 915
434 987
434 1098
434 1302
434 1434
435 452
435 487
435 503
435 637
435 997
435 1002
435 1104
435 1147
435 1961
435 1984
436 787
436 812
436 1025
436 1104
436 1373
436 1597
436 1687
436 1742
436 1853
436 1875
436 1881
436 1939
437 470
437 814
437 1142
437 1769
438 454
438 651
438 863
438 1106
438 1170
438 1267
438 1594
438 1610
438 1722
438 1767
438 1819
439 510
439 1026
439 1323
440 651
440 1041
440 1132
440 1567
441 474
441 626
441 787
441 913
441 929
441 936
441 1055
441 1132
441 1165
441 1493
441 1703
441 2000
442 837
442 889
442 1137
442 1605
442 1689
442 1734
443 609
443 1254
443 1276
443 1557
443 1767
443 1775
443 1819
443 1840
443 1916
444 548
444 976
444 1789
445 824
445 1194
445 1452
445 1901
445 1929
446 718
446 1082
446 1212
446 1253
446 1517
446 1841
447 572
447 647
447 794
447 1313
447 1463
447 1541
447 1625
447 1927
448 992
448 1099
448 1531
449 1074
449 1805
449 1821
449 1888
450 1496
450 1740
450 1971
451 567
451 743
451 1050
451 1172
451 1567
451 1819
451 1979
452 468
452 650
452 1342
452 1751
452 1979
453 814
453 1073
453 1701
454 925
454 1129
454 1473
455 1056
455 1202
455 1374
455 1420
455 1688
455 1881
455 1998
456 536
456 904
457 475
457 698
457 753
457 840
457 898
457 929
457 1132
457 1547
457 1701
457 1997
458 1105
458 1417
458 1420
458 1422
458 1715
458 1719
459 727
459 1394
460 490
460 565
460 960
460 990
460 1144
460 1264
460 1704
460 1948
461 736
461 794
461 846
461 855
461 1002
461 1191
461 1225
461 1499
461 1542
461 1573
461 1602
461 1641
461 1738
462 648
462 708
462 768
462 818
462 976
462 1029
462 1212
463 500
463 671
463 730
463 1233
464 625
464 1096
464 1146
464 1274
464 1436
464 1579
465 1144
465 1165
465 1378
466 1046
466 1519
466 1524
466 1580
466 1626
466 1688
467 549
467 1248
467 1442
467 1462
467 1644
467 1925
468 524
468 533
468 700
468 831
468 1211
469 767
469 1300
469 1361
469 1378
469 1432
469 1561
469 1700
469 1761
470 517
470 726
470 808
470 1667
470 1747
471 1036
471 1164
471 1393
472 570
472 644
472 739
472 799
472 1104
472 1152
472 1704
472 1902
472 1976
473 545
473 589
473 669
473 884
473 1008
473 1132
473 1596
473 1698
474 1181
474 1257
474 1497
475 585
475 597
475 927
475 1290
475 1763
476 986
476 1399
476 1447
476 1996
477 490
477 841
477 940
477 1038
477 1101
477 1182
477 1296
477 1614
477 1644
478 509
478 522
478 728
478 917
478 1196
478 1554
478 1556
479 854
479 1601
479 1856
480 919
480 982
480 1010
480 1187
480 1282
480 1288
480 1496
480 1540
480 1694
480 1701
480 1888
480 1946
481 543
481 923
481 1293
481 1840
481 1874
482 777
482 1013
482 1104
483 1130
483 1324
483 1355
483 1365
483 1597
483 1690
483 1991
484 561
484 723
484 747
484 775
484 943
484 1019
484 1091
484 1418
484 1768
484 1769
485 1348
485 1367
485 1478
485 1507
485 1515
486 951
486 994
486 1300
486 1383
486 1508
486 1775
486 1880
487 760
487 1118
487 1628
487 1631
487 1731
487 1840
488 945
488 1138
488 1242
488 1274
488 1348
488 1420
488 1595
488 1652
488 1656
488 1794
488 1849
488 1917
488 1954
488 1965
489 561
489 611
489 617
489 978
489 1001
489 1314
489 1376
489 1387
489 1500
489 1636
489 1759
489 1954
490 959
490 992
491 915
491 957
491 1502
491 1766
491 1781
492 1418
493 857
493 1026
493 1173
493 1270
493 1305
493 1871
494 701
494 1216
494 1309
494 1410
494 1576
494 1683
495 996
495 1280
495 1856
496 617
496 702
496 1121
496 1517
496 1559
496 1566
496 1825
497 904
497 1096
497 1412
497 1728
498 609
498 746
498 1075
498 1165
498 1440
498 1600
498 1703
498 1941
499 1118
499 1293
499 1411
499 1951
500 1103
501 528
501 772
501 830
501 980
501 1369
501 1382
501 1787
501 1851
502 536
502 618
502 631
502 764
502 1049
502 1144
502 1572
502 1670
502 1818
502 1967
503 757
503 795
503 836
503 997
503 1200
503 1237
503 1354
503 1939
503 1943
504 524
504 636
504 910
504 990
504 1009
504 1362
504 1654
504 1875
504 1997
505 576
505 810
505 876
505 1049
505 1196
505 1277
505 1795
505 1878
506 836
506 978
506 1116
506 1185
506 1201
506 1352
506 1806
507 577
507 923
507 985
507 1179
507 1336
507 1397
507 1593
507 1891
508 528
508 739
508 990
508 1399
508 1633
508 1711
508 1775
508 1806
509 544
509 633
509 719
509 828
509 957
509 1181
509 1195
509 1248
509 1518
509 1650
509 1804
509 1955
509 1978
510 917
510 953
510 1555
510 1839
511 530
511 618
511 817
511 831
511 878
511 906
511 1140
511 1349
511 1400
511 1873
511 1909
512 517
512 531
512 734
512 902
512 935
512 1050
512 1558
512 1693
512 1981
513 784
513 821
513 945
513 1219
513 1301
513 1729
513 1977
514 632
514 748
514 1257
514 1493
515 531
515 564
515 734
515 1002
515 1299
515 1385
515 1985
516 568
516 978
516 992
516 1078
516 1132
516 1254
516 1878
517 742
517 1061
517 1321
517 1347
517 1480
517 1608
517 1970
518 662
518 1162
518 1383
518 1489
518 1915
519 725
519 838
519 1211
519 1229
519 1277
519 1312
519 1847
520 651
520 809
520 1799
521 1105
521 1140
521 1269
521 1348
521 1457
521 1526
522 592
522 619
522 983
522 1070
522 1384
522 1385
522 1473
522 1890
523 749
523 784
523 812
523 1050
523 1114
523 1205
523 1248
523 1511
523 1646
523 1732
523 1770
523 1894
523 1903
524 572
524 595
524 763
524 926
524 1133
524 1226
524 1253
524 1516
524 1747
524 1752
524 1856
524 1967
525 527
525 1188
525 1646
525 1856
526 766
526 1169
526 1507
526 1566
526 1687
527 765
527 928
527 1659
527 1793
528 565
528 596
528 838
528 918
528 946
528 980
528 1331
528 1710
528 1985
529 847
529 990
529 1245
530 553
530 571
530 804
530 888
530 929
530 1032
530 1069
530 1314
530 1483
530 1500
530 1586
530 1811
531 637
531 661
531 1087
531 1202
531 1382
531 1629
531 1779
531 1923
531 1927
531 1998
532 853
532 1280
532 1412
532 1512
532 1923
533 785
533 1070
533 1633
533 1694
533 1750
533 1971
534 573
534 655
534 662
534 713
534 1015
534 1374
534 1539
534 1609
534 1726
534 1856
534 1911
536 550
536 637
536 786
536 794
536 943
536 1331
536 1726
536 1961
537 594
537 753
537 983
537 1304
537 1383
537 1417
537 1666
537 1721
537 1753
537 1966
538 707
538 799
538 1033
538 1459
538 1611
538 1906
539 779
539 949
540 1360
540 1399
540 1567
540 1715
540 1751
541 652
541 739
541 882
541 894
541 1175
541 1213
541 1392
541 1526
541 1589
541 1658
542 1230
542 1412
542 1609
542 1711
542 1970
543 962
543 1153
543 1646
543 1689
543 1797
543 1942
544 770
544 776
544 1778
545 617
545 782
545 941
545 986
545 1065
546 587
546 1378
546 1545
546 1563
546 1845
547 578
547 826
547 927
547 974
547 1109
547 1264
547 1389
547 1489
547 1790
547 1823
548 563
548 668
548 904
548 1132
548 1228
548 1334
548 1347
548 1370
548 1456
548 1755
548 1956
549 583
549 678
549 1943
550 657
550 1166
550 1186
550 1436
550 1776
550 1968
551 610
551 1019
551 1129
551 1152
551 1439
551 1467
552 630
552 965
552 976
552 1017
552 1152
552 1240
552 1553
552 1645
552 1771
552 1828
553 722
553 825
553 987
553 1125
553 1148
553 1336
553 1578
553 1727
554 579
554 605
554 766
554 985
554 1004
554 1211
554 1292
554 1378
554 1878
555 954
555 1209
555 1318
555 1984
556 1032
556 1226
556 1251
556 1357
556 1464
556 1487
556 1535
556 1918
556 1966
557 849
557 1438
557 1636
557 1711
557 1912
557 1975
558 1025
558 1296
558 1365
558 1482
558 1505
558 1795
558 1822
559 1018
559 1560
559 1688
559 1777
559 1796
560 582
560 657
560 1013
560 1685
560 1937
561 720
561 1523
561 1735
561 1940
562 1128
562 1407
562 1553
562 1581
562 1800
562 1972
563 809
563 875
563 1098
563 1255
563 1261
563 1271
563 1631
563 1674
564 645
564 762
564 818
564 940
564 1272
564 1468
564 1585
564 1709
565 714
565 1085
565 1672
565 1913
566 1567
566 1632
566 1783
566 1786
566 1892
566 1902
566 1948
567 775
567 1037
567 1204
567 1207
567 1365
568 662
568 683
568 1207
568 1454
568 1766
568 1840
569 606
569 679
569 681
569 1602
569 1656
569 1708
569 1803
569 1836
570 1045
570 1079
570 1085
570 1258
570 1407
570 1789
570 1854
571 815
571 1165
571 1263
571 1510
571 1522
571 1900
572 650
572 976
572 1361
572 1718
572 1767
572 1934
573 669
573 1368
573 1556
573 1660
573 1914
574 1142
574 1223
574 1316
574 1438
574 1764
574 1779
575 638
575 1065
575 1170
575 1297
575 1353
575 1381
575 1426
575 1573
575 1656
575 1820
575 1841
576 850
576 1041
576 1054
576 1326
576 1377
576 1506
576 1630
576 1919
576 1974
577 841
577 1075
577 1316
577 1507
577 1550
577 1643
578 588
578 947
578 1131
578 1133
578 1174
578 1284
578 1648
579 781
579 859
579 1013
579 1624
579 1627
579 1667
579 1721
579 1782
580 597
580 677
580 856
580 1086
580 1133
580 1181
580 1390
580 1845
580 1918
581 698
581 933
581 1417
581 1958
582 645
582 884
582 1562
582 1826
582 1880
583 924
583 981
583 994
583 1074
583 1201
583 1788
584 673
584 810
584 838
584 1329
584 1484
584 1504
584 1559
585 1104
585 1128
585 1823
585 1848
585 1901
586 641
586 758
586 900
586 1179
586 1410
586 1451
586 1764
586 1989
587 741
587 921
587 1005
587 1219
587 1409
587 1993
588 810
588 855
588 1410
589 655
589 1053
589 1832
589 1889
590 960
590 1019
590 1084
590 1220
590 1327
590 1545
590 1552
590 1560
590 1845
590 1877
591 827
591 881
591 1050
591 1201
591 1225
591 1232
591 1296
591 1499
591 1601
592 1051
592 1241
592 1289
592 1473
592 1521
592 1615
592 1701
592 1950
593 1116
593 1228
593 1553
594 746
594 990
594 1193
594 1577
594 1641
595 752
595 927
595 1069
595 1491
595 1577
595 1622
596 708
596 782
596 786
596 852
596 1033
596 1077
596 1666
597 802
597 977
597 1454
597 1505
597 1741
597 1976
598 678
598 822
599 681
599 707
599 914
599 1166
599 1185
599 1388
599 1643
599 1780
599 1946
600 1158
600 1253
600 1658
600 1966
600 1999
601 700
601 966
601 988
601 1119
601 1165
601 1857
601 1907
602 614
602 1213
602 1351
602 1456
602 1536
602 1565
602 1574
602 1865
602 1940
603 992
603 1200
603 1320
603 1372
603 1647
603 1667
603 1782
603 1801
603 1983
604 976
604 1018
604 1048
604 1965
605 636
605 661
605 667
605 995
605 1127
605 1289
605 1405
605 1646
606 681
606 777
606 1182
606 1196
606 1259
606 1535
606 1598
606 1759
606 1763
606 1844
607 1731
607 1864
608 776
608 904
608 938
608 1007
608 1228
608 1233
608 1638
608 1721
608 1805
608 1894
608 1916
609 857
609 1529
609 1682
609 1852
610 711
610 1055
610 1427
610 1479
610 1502
610 1914
610 1960
610 1986
611 846
611 1081
611 1368
611 1529
611 1545
611 1705
612 1121
612 1205
612 1557
612 1740
612 1754
613 1056
613 1112
613 1324
613 1361
614 637
614 772
614 1076
614 1267
614 1901
614 1945
615 805
615 894
615 933
615 1078
615 1158
615 1544
615 1562
615 1655
615 1943
616 725
616 893
616 1078
616 1911
617 879
617 896
617 1031
617 1229
617 1310
617 1650
617 1679
618 686
618 848
618 966
618 1456
618 1474
618 1479
618 1631
618 1968
619 971
619 1099
619 1200
619 1365
619 1540
619 1655
619 1903
620 711
620 1271
620 1564
620 1592
620 1642
620 1673
620 1899
621 789
621 1089
621 1112
621 1156
621 1396
621 1488
621 1720
622 635
622 738
622 744
622 1011
622 1199
622 1842
623 878
623 1967
624 1132
624 1230
624 1234
624 1469
624 1555
624 1691
625 675
625 1436
625 1596
625 1785
626 786
626 903
626 1047
626 1660
626 1825
626 1928
627 656
627 1083
627 1242
627 1417
627 1516
627 1541
627 1961
628 1223
628 1390
628 1701
628 1756
628 1758
628 1998
629 1232
629 1546
629 1787
630 1033
630 1241
631 913
631 939
631 1112
631 1136
631 1301
631 1305
631 1540
632 737
632 1280
632 1561
632 1748
632 1773
632 1876
633 789
633 862
633 971
633 1321
633 1533
634 761
634 799
634 830
634 848
634 891
634 1210
634 1278
634 1301
634 1479
635 834
635 1317
635 1504
636 1023
636 1202
636 1325
636 1478
636 1500
636 1520
636 1816
637 720
637 900
637 946
637 1032
637 1192
637 1316
637 1969
638 903
638 1267
639 747
639 763
639 908
639 919
639 938
639 950
639 1140
639 1273
639 1665
639 1764
640 1015
640 1130
640 1711
640 1875
641 672
641 763
641 1112
641 1390
641 1684
642 835
642 902
642 995
642 1149
642 1403
642 1435
643 1191
643 1460
643 1503
643 1703
643 1752
644 792
644 1000
644 1027
644 1055
644 1305
644 1317
644 1419
645 694
645 862
645 1060
645 1199
645 1498
645 1533
645 1734
645 1794
646 779
646 904
646 929
646 1051
646 1133
646 1311
646 1517
646 1634
646 1720
646 1731
646 1883
646 1905
646 1928
647 656
647 668
647 1001
647 1067
647 1206
647 1238
648 711
648 1498
648 1893
648 1977
649 796
649 860
649 979
649 1006
649 1641
649 1712
649 1797
649 1940
650 807
650 928
650 1278
650 1296
650 1387
650 1456
650 1552
650 1675
650 1845
651 850
651 1402
651 1731
652 790
652 906
652 1250
652 1314
652 1328
652 1367
652 1446
652 1642
652 1680
652 1811
653 893
653 1103
654 780
654 1477
654 1740
654 1987
655 1304
655 1339
655 1945
656 811
656 1424
656 1576
656 1581
657 789
657 1053
657 1449
657 1578
657 1802
658 780
658 926
658 1109
658 1261
658 1830
658 1914
659 1189
659 1266
659 1359
659 1805
660 752
660 1028
660 1261
660 1808
661 765
661 812
661 895
661 1156
661 1719
662 755
662 795
662 996
662 1616
662 1874
663 959
663 1159
663 1169
663 1309
663 1576
663 1875
664 790
664 944
664 1502
664 1594
664 1666
665 707
665 1496
665 1552
665 1731
665 1921
665 1959
666 821
666 949
666 1016
666 1426
666 1666
667 721
667 822
667 954
667 1112
667 1606
667 1759
668 783
668 883
668 935
668 1003
668 1410
669 691
669 946
669 962
669 1096
669 1619
669 1944
670 676
670 775
670 788
670 802
670 808
670 856
670 972
670 1132
670 1214
670 1398
670 1759
670 1892
671 706
671 779
671 840
671 1036
671 1336
671 1413
672 781
672 1024
672 1261
672 1483
672 1826
672 1966
673 713
673 861
674 936
674 1148
674 1264
674 1280
674 1392
674 1766
675 902
675 916
675 1023
675 1174
675 1693
676 753
676 1153
676 1206
676 1420
676 1731
676 1734
676 1907
677 684
677 751
677 839
677 942
677 1254
677 1854
678 758
678 846
678 960
678 978
678 992
678 1318
678 1525
678 1609
678 1833
679 1436
679 1533
679 1796
679 1826
680 874
680 1340
681 715
681 909
681 1145
681 1500
681 1634
681 1709
681 1780
681 1939
682 790
682 889
682 981
682 1205
682 1256
682 1291
682 1393
682 1454
682 1516
682 1594
682 1797
683 746
683 1194
683 1221
683 1469
683 1581
683 1872
684 707
684 789
684 1076
684 1116
684 1168
684 1252
684 1425
684 1438
684 1512
684 1688
684 1710
684 1718
684 1991
685 1293
685 1314
685 1351
685 1799
685 1831
685 1935
686 737
686 745
686 1266
686 1327
686 1413
686 2000
687 703
687 973
687 1093
687 1365
687 1826
687 1836
688 898
688 1470
688 1815
688 1854
688 1891
688 1970
689 898
689 932
689 1171
689 1213
689 1254
689 1294
689 1680
689 1793
689 1956
690 771
690 840
690 966
690 1248
690 1754
691 953
691 1102
691 1123
691 1194
691 1609
691 1800
691 1911
692 844
692 1230
692 1347
692 1389
692 1433
692 1535
692 1553
692 1839
692 1886
693 1382
693 1932
694 817
694 1182
694 1199
694 1300
694 1440
694 1601
694 1671
695 918
695 1830
696 1328
696 1547
696 1967
697 1052
697 1180
697 1273
697 1325
698 1376
698 1479
698 1755
698 1922
698 1987
699 767
699 945
699 1077
699 1091
699 1305
699 1310
699 1638
699 1827
699 1976
700 1406
700 1446
700 1562
700 1680
700 1711
700 1749
700 1775
700 1899
700 1991
701 734
701 908
701 988
701 1162
701 1200
701 1682
701 1829
701 1890
701 1924
702 1072
702 1255
703 730
703 766
703 1210
703 1236
703 1307
703 1368
703 1398
703 1610
703 1665
703 1816
704 807
704 1280
704 1496
704 1558
704 1923
704 1990
705 1028
705 1451
705 1571
705 1586
705 1780
705 1913
706 739
706 1199
706 1200
706 1734
706 1903
706 1983
707 1002
707 1264
707 1288
707 1498
707 1543
707 1817
707 1919
708 985
708 1377
708 1437
708 1450
708 1544
708 1572
708 1678
709 843
709 864
709 1178
709 1254
709 1431
709 1618
709 1933
709 1982
710 837
710 1877
710 1988
711 861
711 1263
711 1403
711 1869
711 1930
712 931
712 946
712 1057
712 1336
712 1613
712 1755
712 1843
712 1899
713 1253
713 1314
713 1461
714 850
714 1189
714 1269
714 1356
714 1377
714 1450
714 1566
715 887
715 930
715 1077
715 1244
715 1286
715 1358
715 1448
715 1520
715 1580
716 1010
716 1085
716 1177
716 1480
716 1743
716 1747
716 1836
717 776
717 1330
717 1497
717 1866
718 953
718 990
718 1733
718 1735
719 997
719 1247
719 1448
719 1784
720 769
720 829
720 859
720 1417
720 1558
720 1601
721 1371
721 1387
721 1598
721 1873
722 856
722 878
722 991
722 1389
722 1642
723 778
723 1156
723 1575
723 1878
723 1995
724 899
724 1145
724 1517
725 802
725 1307
725 1332
725 1413
725 1476
725 1481
725 1705
725 1793
726 772
726 1057
726 1070
726 1804
726 1811
726 1928
727 1027
727 1304
727 1404
727 1643
727 1821
727 1894
728 755
728 876
728 1099
728 1139
728 1823
729 1094
729 1629
729 1688
729 1817
730 796
730 830
730 1160
730 1396
730 1959
731 837
731 1014
731 1135
731 1698
731 1751
732 753
732 1372
732 1632
732 1713
732 1990
733 989
733 1070
733 1179
733 1256
733 1261
733 1470
733 1632
734 748
734 1100
734 1607
735 804
735 995
735 1024
735 1356
735 1630
735 1665
735 1745
736 841
736 996
736 1189
736 1499
736 1509
736 1830
736 1848
737 1181
737 1269
737 1291
737 1296
737 1537
737 1998
738 938
738 1381
738 1613
738 1662
738 1673
738 1799
738 1952
739 797
740 1326
740 1431
740 1795
740 1990
741 920
741 951
741 1215
741 1352
741 1373
741 1551
741 1678
741 1731
741 1824
741 1845
742 1089
742 1329
742 1381
742 1431
742 1709
743 942
743 1043
743 1192
743 1400
743 1506
743 1629
743 1688
743 1956
744 822
744 896
744 1118
744 1306
744 1684
745 768
745 981
745 1055
745 1252
745 1623
745 1678
746 1174
746 1199
746 1269
746 1276
746 1287
746 1306
746 1603
746 1628
747 827
747 1314
747 1352
747 1399
748 851
748 1023
748 1029
748 1218
748 1652
749 812
749 1265
749 1436
749 1595
750 803
750 876
750 891
750 1077
750 1185
750 1195
750 1450
750 1661
750 1800
750 1807
751 768
751 797
751 1128
751 1252
751 1474
751 1777
752 924
752 1104
752 1571
752 1742
753 1141
753 1771
754 1012
754 1188
754 1240
754 1458
755 872
755 1001
755 1159
755 1322
755 1585
755 1598
755 1718
755 1759
756 779
756 865
756 1118
756 1335
756 1710
756 1872
757 949
757 1159
758 1021
758 1777
758 1880
759 781
759 1268
759 1350
760 909
760 1282
760 1344
760 1578
761 1051
761 1199
761 1246
761 1267
762 1010
762 1288
762 1502
762 1568
762 1627
762 1648
763 824
763 1300
763 1338
763 1510
764 1054
764 1058
764 1082
764 1152
764 1233
764 1336
764 1768
765 926
765 1086
765 1117
765 1236
765 1385
765 1500
765 1530
765 1590
766 1046
766 1168
766 1235
766 1562
766 1805
767 904
767 965
767 1214
767 1280
767 1476
767 1685
767 1700
767 1759
767 1804
768 1255
768 1267
768 1491
768 1601
768 1632
768 1692
769 784
769 1122
769 1281
769 1997
770 838
770 959
770 979
770 1150
770 1532
771 789
771 1011
771 1075
771 1208
771 1226
771 1233
771 1344
771 1524
771 1781
771 1919
772 1019
772 1053
772 1087
772 1095
772 1232
772 1281
772 1310
772 1535
772 1539
772 1652
772 1941
773 1142
773 1539
773 1931
774 807
774 896
774 1583
775 1044
775 1304
775 1755
775 1810
775 1937
775 1997
776 1307
776 1323
776 1550
777 790
777 858
777 1451
777 1761
777 1773
777 1807
777 1911
778 803
778 963
778 996
778 1242
778 1289
778 1314
778 1481
778 1539
779 925
779 1146
779 1178
779 1287
779 1374
779 1530
779 1547
779 1923
780 891
780 997
780 1009
780 1160
780 1189
780 1207
780 1246
780 1318
781 1078
781 1089
781 1183
781 1367
781 1375
781 1503
781 1811
781 1856
781 1981
782 793
783 1049
783 1439
783 1629
783 1731
783 1822
783 1883
784 922
784 1737
785 812
785 936
785 1205
785 1891
786 1433
786 1479
786 1897
787 1068
787 1377
787 1730
787 1906
787 1956
788 903
788 973
788 1012
788 1038
788 1635
788 1876
789 800
789 1465
789 1680
790 795
790 1001
790 1074
790 1082
790 1514
791 819
791 1244
791 1269
791 1580
791 1645
792 886
792 943
792 1146
792 1359
792 1433
792 1441
792 1793
792 1860
792 1985
793 954
793 1173
793 1285
793 1753
794 798
794 1094
794 1293
794 1515
794 1822
795 1285
795 1510
795 1690
795 1839
795 1901
795 1998
796 900
796 938
796 1364
796 1537
796 1771
797 1089
797 1547
797 1577
798 1242
798 1281
798 1704
799 1483
799 1766
799 1773
799 1960
799 1995
800 1093
800 1311
800 1887
801 976
801 1237
801 1551
801 1596
802 969
802 1063
802 1355
802 1620
802 1859
802 1911
803 892
803 1617
803 1837
804 1249
804 1334
805 840
805 915
805 963
805 1081
805 1135
805 1285
805 1323
805 1694
806 964
806 1472
806 1490
806 1976
807 991
807 1224
807 1297
807 1301
807 1311
807 1555
807 1580
807 1592
807 1664
808 818
808 988
808 1267
808 1283
808 1435
808 1466
808 1746
808 1782
808 1973
809 1395
809 1894
810 1157
810 1204
810 1352
810 1661
810 1895
811 1030
811 1072
811 1355
811 1398
811 1970
812 1034
812 1130
812 1138
812 1288
812 1298
812 1561
812 1620
812 1854
812 1991
813 1186
813 1819
814 1701
815 1668
815 1758
815 1810
815 1909
815 1996
816 1186
816 1590
816 1630
816 1891
817 842
817 993
817 1000
817 1033
817 1178
817 1204
817 1289
817 1426
817 1591
817 1605
818 1873
819 892
819 909
819 1344
819 1612
819 1855
819 1987
819 1991
820 1427
821 1217
821 1310
821 1496
821 1867
821 1931
821 1990
822 873
822 900
822 1017
822 1336
822 1453
822 1516
822 1771
822 1933
822 1958
823 1268
823 1342
823 1448
823 1610
824 1250
824 1391
824 1623
824 1992
825 1033
825 1402
825 1616
825 1624
826 936
826 1190
827 869
827 1124
827 1254
827 1339
828 855
828 961
828 981
828 1145
828 1189
828 1466
828 1502
828 1769
829 862
829 1075
829 1451
829 1522
830 917
830 1168
830 1302
830 1316
830 1369
830 1797
831 851
831 1006
831 1286
831 1585
831 1608
831 1737
832 880
832 937
832 939
832 1678
832 1679
833 1252
833 1294
833 1728
833 1793
833 1919
834 995
834 1043
834 1255
834 1863
834 1884
834 1898
835 1407
835 1464
835 1612
835 1648
835 1727
835 1802
836 891
836 980
836 1247
837 1136
837 1460
837 1713
837 1721
838 910
838 959
838 1070
838 1445
838 1448
838 1499
838 1683
838 1894
839 992
839 1329
839 1882
840 974
840 992
840 1170
840 1203
840 1480
840 1605
840 1783
841 905
841 1106
841 1297
841 1494
841 1600
842 994
842 1029
842 1130
842 1253
842 1511
842 1526
842 1550
842 1693
842 1932
843 1538
844 881
844 1093
844 1348
844 1520
844 1639
844 1912
845 1053
845 1146
845 1486
845 1651
846 902
846 1407
846 1461
846 1598
846 1736
846 1950
847 875
847 1051
847 1366
847 1867
847 1889
847 1983
848 851
848 1023
848 1055
848 1296
848 1304
848 1316
848 1337
848 1378
848 1389
848 1663
848 1985
849 1266
849 1356
849 1376
849 1677
849 1706
849 1964
850 893
850 1154
850 1280
850 1302
850 1666
850 1882
850 1981
851 1263
851 1751
851 1905
852 915
852 1050
852 1283
852 1325
852 1554
852 1688
852 1965
853 856
853 1393
853 1668
854 1185
854 1410
854 1518
854 1610
854 1816
855 921
855 939
855 975
855 990
855 1173
855 1459
855 1516
855 1987
856 1072
856 1252
856 1263
856 1390
856 1874
857 885
857 936
857 1235
857 1240
857 1740
858 1050
858 1628
858 1753
858 1828
858 1975
858 1976
859 1152
859 1204
859 1317
859 1360
859 1490
859 1505
859 1643
860 1263
860 1726
860 1851
861 892
861 958
861 1198
861 1342
861 1842
862 1391
862 1438
862 1884
862 1965
863 1329
863 1525
864 875
864 1245
864 1450
864 1458
864 1529
864 1734
865 931
865 1161
865 1419
865 1476
865 1876
865 1888
865 1925
866 943
866 1167
866 1210
866 1464
866 1509
866 1700
866 1894
867 914
867 992
867 1083
867 1142
867 1485
867 1575
867 1664
867 1686
868 1165
868 1320
868 1356
868 1532
868 1801
868 1841
868 1961
869 1036
869 1440
869 1549
869 1687
869 1766
869 1848
869 1908
870 1239
870 1283
870 1291
870 1384
870 1486
871 1078
871 1123
871 1126
871 1308
871 1587
871 1903
871 1984
872 1143
872 1165
872 1359
873 1329
873 1501
873 1520
873 1623
873 1694
873 1756
874 956
874 1595
874 1600
875 945
875 953
875 1022
875 1328
875 1418
875 1835
876 1248
876 1584
877 1063
877 1212
877 1297
877 1326
877 1401
877 1431
877 1577
878 1146
878 1323
878 1425
878 1500
878 1661
878 1720
878 1818
879 1228
879 1245
879 1324
879 1611
880 1115
880 1270
880 1414
880 1494
880 1695
881 1023
881 1042
881 1056
881 1318
882 902
882 918
882 1272
882 1472
882 1869
883 928
883 1154
883 1166
883 1293
883 1592
883 1942
883 1953
884 980
884 1105
884 1645
885 1121
885 1156
885 1494
885 1582
885 1811
885 1833
886 1155
886 1246
886 1250
886 1326
886 1459
887 1107
887 1182
887 1884
887 1910
887 1916
888 1239
888 1278
888 1433
888 1659
888 1675
888 1751
889 926
889 935
889 1031
889 1050
889 1154
889 1235
889 1314
889 1760
889 1783
889 1908
890 1164
890 1196
890 1482
890 1627
890 1628
890 1730
890 1978
891 1039
891 1303
892 1122
892 1300
892 1679
892 1798
892 1967
893 1308
893 1457
893 1681
894 973
895 989
895 1260
895 1350
895 1454
895 1532
895 1571
895 1630
896 1245
896 1880
897 1395
897 1415
897 1682
897 1896
898 919
898 1386
898 1641
898 1691
898 1913
899 1281
899 1511
899 1551
899 1568
900 1134
900 1860
900 1925
900 1944
901 1067
901 1427
901 1948
901 1949
902 1181
902 1408
902 1660
903 1120
903 1199
903 1500
904 1290
904 1657
904 1684
904 1731
904 1905
905 1038
905 1061
905 1278
905 1468
905 1505
905 1778
905 1837
905 1952
906 946
906 969
906 1173
907 1061
907 1307
907 1520
907 1562
907 1729
907 1755
907 1972
907 1980
908 960
908 995
908 1022
908 1197
908 1334
908 1435
908 1440
908 1656
908 1753
908 1950
909 1624
910 1315
910 1456
910 1460
910 1763
910 1822
910 1975
911 933
911 1140
911 1194
911 1209
911 1574
911 1624
911 1685
911 1767
913 1536
913 1596
913 1876
914 1102
914 1261
914 1307
914 1383
914 1995
915 1235
915 1255
915 1376
915 1437
915 1520
915 1661
915 1722
915 1862
916 1149
916 1235
916 1271
916 1580
916 1592
916 1602
916 1719
916 1775
916 1989
917 1130
917 1133
917 1169
917 1334
917 1349
917 1500
918 1015
918 1032
918 1061
918 1137
918 1262
918 1974
919 1106
919 1334
919 1778
919 1905
919 1944
920 1004
920 1139
920 1175
920 1176
920 1294
920 1506
920 1558
920 1574
921 945
921 1141
921 1442
921 1603
921 1605
921 1682
921 1721
921 1781
921 1803
921 1908
921 1924
922 1246
922 1532
922 1599
922 1675
922 1703
922 1751
923 1302
923 1382
924 1291
925 1141
925 1885
925 1923
926 1316
926 1542
926 1795
927 1705
927 1849
928 987
928 1355
928 1537
929 984
929 1080
929 1225
929 1433
929 1970
930 1304
930 1574
930 1790
930 1972
930 1990
931 943
931 1200
931 1727
931 1763
931 1884
932 1627
933 1159
933 1306
933 1585
933 1966
933 1980
934 1244
934 1279
934 1886
934 1935
935 991
935 1002
935 1051
935 1423
935 1445
935 1481
935 1682
935 1778
936 1502
936 1845
937 1196
937 1957
938 1611
939 1005
939 1008
939 1061
939 1478
939 1578
939 1853
939 1954
940 1037
940 1284
940 1423
940 1818
940 1851
941 1151
941 1712
941 1832
941 1918
942 1353
942 1396
942 1416
942 1470
942 1687
942 1774
942 1915
943 948
943 1025
943 1360
943 1394
943 1527
943 1620
944 974
944 1230
944 1738
945 1398
945 1530
945 1762
946 965
946 1243
946 1387
946 1406
946 1515
946 1900
947 1128
947 1195
947 1277
947 1618
947 1641
947 1671
948 1512
948 1619
948 1710
948 1827
949 1697
949 1794
949 1941
950 963
950 1091
950 1128
950 1247
950 1351
950 1475
950 1482
951 1444
951 1844
952 1702
952 1855
952 1868
952 1996
953 1212
953 1301
953 1322
953 1326
953 1373
953 1808
953 1970
954 1266
954 1296
954 1355
954 1834
955 1062
955 1223
955 1354
955 1496
955 1590
955 1629
955 1675
955 2000
956 1465
956 1470
956 1612
956 1702
956 1779
956 1884
956 1953
957 1079
957 1147
957 1258
957 1702
957 1749
958 1407
958 1484
958 1558
958 1766
958 1848
958 1988
959 1243
959 1260
959 1342
959 1423
959 1619
960 985
960 991
960 1135
960 1155
960 1351
960 1371
960 1759
960 1769
960 1902
961 1968
962 974
962 1013
962 1348
962 1588
962 1797
963 992
963 1445
963 1488
963 1606
963 1629
964 1063
964 1506
964 1986
965 1050
965 1327
965 1585
965 1679
965 1795
966 1209
966 1318
966 1417
966 1438
967 1009
967 1235
967 1276
967 1396
967 1708
967 1813
968 1657
968 1691
968 1822
969 1137
969 1375
969 1508
969 1520
969 1766
970 1157
970 1543
970 1774
971 994
971 1061
971 1192
971 1224
971 1305
971 1370
971 1584
971 1809
971 1973
972 1629
972 1935
973 1083
973 1187
973 1511
973 1721
973 1787
974 1052
974 1496
974 1539
974 1717
974 1723
974 1962
975 1361
975 1564
976 1384
976 1938
977 997
977 1124
977 1147
977 1397
977 1953
977 1958
978 1016
978 1044
978 1445
978 1684
978 1863
978 1866
979 1114
979 1382
979 1463
979 1982
980 1425
980 1684
981 1212
981 1473
981 1527
981 1667
981 1980
982 1644
983 1309
983 1677
984 1512
984 1554
984 1726
984 1739
984 1760
985 1014
985 1127
985 1190
985 1550
985 1842
986 1217
986 1461
986 1663
986 1939
987 1119
987 1580
987 1643
987 1710
987 1797
987 1811
987 1870
988 1335
988 1360
988 1361
988 1531
988 1789
988 1927
989 1296
989 1520
989 1744
990 1033
990 1064
990 1772
991 1135
991 1303
991 1427
991 1794
992 1410
992 1891
993 1565
993 1616
993 1617
993 1698
993 1858
994 1005
994 1121
994 1223
994 1224
994 1254
994 1640
994 1851
995 1229
995 1647
996 1060
996 1788
996 1817
996 1856
996 1976
996 1994
997 1103
997 1342
998 1024
998 1168
998 1202
999 1992
1000 1297
1000 1316
1000 1330
1000 1571
1000 1896
1000 1897
1001 1248
1001 1582
1001 1897
1001 1982
1002 1369
1002 1582
1002 1665
1003 1014
1003 1132
1003 1337
1003 1556
1004 1043
1004 1162
1004 1249
1005 1251
1005 1277
1005 1581
1005 1672
1005 1748
1005 1916
1005 1968
1006 1597
1007 1097
1007 1146
1007 1254
1007 1444
1007 1488
1007 1658
1007 1858
1008 1162
1008 1276
1008 1368
1008 1748
1008 1896
1009 1143
1009 1393
1009 1414
1009 1583
1010 1044
1010 1561
1010 1881
1011 1274
1012 1134
1012 1677
1012 1694
1012 1751
1012 1869
1013 1271
1013 1690
1013 1765
1014 1186
1014 1462
1014 1891
1015 1778
1015 1834
1015 1970
1016 1522
1016 1570
1016 1583
1016 1910
1016 1921
1017 1177
1017 1487
1017 1505
1018 1061
1020 1054
1020 1061
1020 1123
1020 1270
1020 1813
1021 1022
1021 1472
1021 1837
1022 1089
1022 1387
1022 1450
1022 1551
1022 1672
1023 1068
1023 1280
1023 1607
1023 1952
1024 1150
1024 1182
1024 1323
1024 1350
1024 1595
1024 1903
1025 1716
1025 1757
1025 1922
1025 1976
1026 1350
1026 1481
1026 1660
1026 1906
1027 1203
1027 1266
1027 1350
1027 1506
1027 1600
1027 1760
1027 1838
1028 1045
1028 1069
1028 1151
1028 1683
1028 1728
1028 1951
1029 1172
1030 1206
1030 1424
1030 1507
1030 1533
1030 1767
1030 1862
1031 1526
1031 1976
1032 1286
1032 1553
1032 1805
1032 1927
1033 1243
1033 1275
1033 1563
1033 1763
1033 1894
1034 1295
1034 1599
1034 1700
1034 1923
1035 1417
1035 1699
1035 1859
1036 1363
1036 1656
1036 1809
1036 1863
1037 1291
1037 1380
1037 1436
1037 1924
1038 1131
1038 1497
1038 1714
1038 1758
1038 1836
1038 1887
1039 1150
1039 1875
1039 1986
1040 1085
1040 1276
1040 1376
1040 1700
1040 1859
1040 1934
1040 1968
1041 1187
1041 1368
1041 1797
1041 1861
1042 1234
1042 1433
1042 1618
1042 1804
1043 1197
1043 1250
1043 1541
1043 1597
1043 1642
1043 1971
1043 1979
1044 1168
1044 1195
1044 1232
1044 1363
1044 1397
1044 1810
1044 1861
1045 1066
1045 1376
1045 1440
1045 1497
1045 1590
1045 1597
1045 1963
1046 1499
1046 1794
1046 1888
1046 1954
1047 1203
1047 1292
1047 1477
1047 1699
1047 1854
1048 1325
1048 1684
1049 1592
1049 1864
1049 1867
1050 1092
1050 1352
1050 1918
1051 1445
1051 1981
1052 1548
1052 1602
1052 1769
1053 1154
1053 1304
1053 1426
1054 1468
1054 1575
1054 1786
1054 1944
1054 1945
1054 1948
1055 1232
1055 1391
1055 1412
1055 1476
1055 1497
1055 1758
1055 1946
1056 1530
1056 1774
1056 1818
1056 1852
1057 1114
1057 1174
1057 1178
1057 1317
1057 1435
1057 1451
1057 1637
1058 1224
1058 1340
1058 1378
1058 1425
1058 1509
1058 1530
1058 1557
1058 1774
1058 1819
1059 1184
1059 1252
1059 1915
1060 1190
1060 1282
1060 1465
1060 1658
1060 1808
1060 1952
1060 1964
1061 1062
1061 1118
1061 1136
1061 1259
1061 1366
1061 1998
1061 1999
1062 1244
1062 1504
1062 1854
1063 1712
1063 1844
1064 1492
1064 1734
1065 1309
1065 1444
1065 1510
1065 1597
1065 1969
1066 1169
1066 1173
1066 1246
1066 1291
1066 1369
1066 1462
1066 1546
1066 1861
1066 1881
1067 1097
1067 1206
1067 1217
1067 1564
1067 1917
1067 1996
1068 1706
1068 1709
1069 1490
1070 1125
1071 1437
1071 1609
1071 1697
1071 1816
1072 1105
1072 1157
1072 1169
1072 1448
1072 1934
1072 1950
1072 1953
1073 1106
1073 1139
1073 1370
1073 1762
1073 1843
1073 1963
1074 1264
1074 1271
1074 1294
1074 1796
1074 1965
1075 1187
1075 1831
1075 1968
1076 1180
1076 1394
1076 1559
1076 1896
1077 1461
1078 1211
1078 1496
1078 1552
1078 1706
1079 1082
1079 1695
1080 1122
1080 1148
1080 1226
1080 1230
1080 1306
1081 1129
1081 1205
1081 1408
1081 1462
1081 1701
1081 1764
1081 1775
1082 1201
1082 1418
1082 1459
1082 1488
1082 1540
1083 1229
1083 1241
1083 1446
1083 1657
1083 1658
1084 1114
1084 1539
1084 1758
1084 1933
1084 1959
1085 1152
1085 1172
1085 1201
1085 1515
1085 1555
1085 1745
1085 1935
1086 1099
1086 1293
1086 1337
1086 1471
1087 1386
1088 1202
1088 1366
1088 1583
1088 1589
1089 1239
1089 1513
1090 1111
1090 1248
1090 1465
1090 1495
1090 1679
1090 1701
1090 1730
1090 1857
1090 1870
1091 1106
1091 1139
1091 1256
1091 1374
1091 1577
1091 1720
1092 1153
1092 1174
1092 1259
1092 1307
1093 1654
1093 1790
1093 1983
1094 1208
1094 1556
1095 1347
1095 1498
1095 1520
1095 1928
1095 1993
1096 1147
1096 1241
1096 1355
1096 1720
1097 1254
1097 1923
1098 1374
1098 1437
1098 1467
1099 1260
1099 1466
1099 1473
1099 1530
1100 1231
1100 1700
1100 1815
1100 1855
1101 1193
1101 1374
1101 1511
1101 1585
1101 1631
1101 1915
1102 1299
1102 1406
1102 1691
1102 1746
1102 1793
1103 1258
1103 1273
1103 1324
1103 1336
1103 1507
1103 1829
1104 1286
1104 1293
1104 1360
1104 1588
1104 1603
1104 1745
1104 1964
1105 1368
1105 1467
1105 1606
1105 1899
1106 1554
1106 1636
1106 1988
1107 1338
1107 1474
1107 1571
1107 1784
1107 1933
1107 1989
1108 1384
1108 1597
1108 1620
1108 1704
1109 1709
1109 1732
1110 1965
1111 1172
1111 1385
1111 1398
1111 1721
1111 1981
1111 1984
1112 1141
1112 1164
1112 1269
1112 1422
1112 1779
1112 1941
1114 1490
1114 1799
1114 1813
1115 1551
1115 1834
1115 2000
1116 1454
1116 1729
1116 1876
1116 1901
1116 1950
1117 1398
1117 1555
1117 1617
1117 1708
1118 1392
1118 1713
1118 1950
1118 1973
1119 1358
1119 1369
1119 1532
1119 1605
1120 1243
1120 1459
1120 1815
1120 1975
1121 1200
1121 1342
1121 1446
1121 1737
1122 1140
1122 1291
1122 1771
1122 1963
1122 1992
1123 1171
1123 1281
1123 1752
1123 1788
1123 1898
1123 1927
1124 1220
1124 1238
1124 1336
1124 1415
1124 1529
1124 1652
1124 1765
1125 1128
1125 1291
1125 1688
1126 1331
1126 1742
1127 1775
1127 1937
1128 1216
1128 1698
1128 1794
1128 1847
1129 1268
1129 1366
1129 1577
1129 1946
1130 1490
1131 1248
1131 1273
1131 1326
1131 1425
1132 1622
1132 1772
1132 1948
1133 1169
1133 1315
1133 1329
1133 1340
1133 1363
1133 1391
1133 1539
1133 1575
1134 1390
1134 1920
1135 1152
1135 1176
1135 1749
1135 1800
1135 1802
1137 1539
1137 1591
1137 1844
1138 1212
1138 1235
1138 1287
1138 1564
1138 1844
1139 1207
1139 1984
1140 1321
1141 1332
1141 1534
1141 1999
1142 1233
1142 1398
1143 1670
1143 1928
1143 1979
1144 1340
1144 1735
1145 1272
1145 1570
1145 1702
1145 1846
1145 1894
1146 1681
1147 1442
1147 1858
1148 1245
1148 1358
1148 1671
1149 1165
1149 1204
1149 1216
1149 1229
1149 1258
1149 1396
1149 1931
1150 1241
1150 1602
1151 1314
1151 1322
1151 1341
1151 1696
1152 1571
1153 1215
1153 1385
1153 1655
1153 1918
1153 2000
1154 1316
1155 1276
1155 1380
1155 1438
1155 1577
1155 1851
1155 1967
1156 1514
1157 1636
1157 1758
1158 1415
1158 1457
1158 1487
1158 1726
1159 1184
1159 1921
1160 1739
1160 1951
1162 1177
1162 1227
1162 1251
1162 1254
1162 1494
1162 1532
1162 1602
1162 1893
1162 1918
1163 1461
1163 1762
1165 1366
1165 1553
1165 1633
1165 1692
1165 1915
1166 1204
1166 1271
1166 1357
1166 1566
1167 1407
1167 1618
1167 1772
1167 1873
1167 1963
1168 1507
1168 1880
1169 1186
1169 1559
1170 1204
1170 1215
1170 1805
1170 1943
1171 1188
1171 1256
1171 1362
1171 1454
1171 1466
1171 1548
1171 1572
1171 1586
1171 1648
1171 1728
1172 1191
1172 1454
1172 1532
1173 1721
1173 1943
1173 1964
1174 1457
1174 1672
1174 1811
1174 1842
1174 1941
1174 1969
1175 1179
1176 1347
1176 1381
1176 1631
1177 1291
1177 1313
1177 1361
1177 1530
1177 1710
1178 1333
1178 1344
1178 1444
1178 1935
1179 1241
1179 1261
1179 1523
1179 1674
1179 1794
1180 1342
1180 1880
1181 1411
1181 1600
1182 1407
1182 1431
1182 1693
1183 1193
1183 1512
1183 1570
1183 1786
1184 1285
1184 1590
1184 1627
1184 1643
1184 1843
1185 1221
1185 1248
1185 1720
1185 1725
1186 1220
1186 1295
1186 1809
1187 1216
1187 1478
1187 1847
1188 1287
1188 1295
1188 1329
1188 1384
1188 1602
1189 1400
1189 1721
1189 1913
1190 1368
1190 1580
1191 1335
1191 1390
1191 1975
1192 1788
1192 1997
1193 1444
1193 1520
1193 1646
1193 1824
1194 1290
1194 1376
1194 1426
1194 1823
1194 1912
1194 1943
1194 1967
1195 1206
1195 1332
1195 1702
1195 1883
1196 1296
1196 1338
1196 1789
1196 1869
1196 1946
1197 1224
1197 1346
1197 1439
1197 1539
1197 1583
1197 1829
1197 1866
1198 1322
1198 1399
1198 1424
1198 1511
1198 1606
1198 1698
1200 1444
1200 1521
1200 1547
1200 1902
1201 1283
1201 1583
1201 1967
1202 1247
1202 1264
1202 1301
1202 1753
1202 1987
1203 1231
1203 1358
1203 1514
1203 1633
1203 1925
1204 1598
1205 1724
1205 1787
1205 1917
1206 1391
1206 1413
1206 1487
1206 1506
1206 1912
1207 1356
1207 1372
1207 1401
1207 1543
1207 1557
1208 1281
1208 1694
1209 1259
1209 1356
1209 1678
1210 1278
1210 1297
1210 1426
1210 1635
1210 1738
1211 1460
1211 1547
1211 1986
1212 1277
1212 1438
1212 1465
1212 1708
1212 1719
1212 1753
1212 1963
1213 1786
1214 1466
1214 1521
1214 1911
1215 1866
1215 1896
1215 1943
1216 1294
1216 1373
1216 1434
1216 1781
1216 1866
1217 1548
1217 1558
1218 1411
1218 1578
1218 1696
1218 1719
1219 1488
1219 1687
1219 1840
1219 1998
1220 1253
1220 1646
1220 1682
1220 1768
1221 1499
1221 1579
1221 1673
1221 1778
1221 1880
1222 1241
1222 1243
1222 1653
1222 1894
1223 1394
1223 1919
1224 1387
1224 1535
1224 1603
1225 1542
1225 1745
1226 1229
1226 1479
1227 1903
1227 1963
1228 1268
1228 1303
1228 1832
1228 1935
1229 1391
1229 1611
1229 1875
1230 1336
1230 1983
1231 1316
1231 1356
1231 1448
1231 1480
1231 1631
1231 1912
1232 1454
1232 1494
1232 1743
1232 1925
1233 1242
1233 1316
1233 1662
1233 1737
1234 1689
1234 1805
1235 1242
1235 1395
1235 1542
1235 1564
1235 1661
1235 1784
1235 1852
1235 1875
1236 1852
1237 1424
1237 1533
1237 1557
1237 1625
1237 1647
1237 1653
1237 1895
1238 1417
1238 1557
1238 1612
1239 1389
1239 1457
1239 1528
1239 1783
1239 1954
1241 1278
1241 1630
1241 1671
1241 1929
1242 1318
1242 1615
1242 1932
1243 1465
1244 1324
1244 1567
1244 1589
1244 1722
1245 1452
1245 1760
1245 1781
1246 1445
1246 1963
1246 1984
1247 1742
1247 1804
1248 1954
1248 1986
1249 1634
1249 1635
1249 1655
1249 1668
1250 1733
1251 1322
1251 1410
1252 1421
1252 1494
1252 1584
1252 1594
1252 1641
1252 1733
1252 1761
1253 1478
1253 1490
1253 1540
1253 1612
1254 1723
1254 1820
1257 1804
1257 1946
1259 1384
1259 1518
1259 1769
1260 1310
1260 1732
1260 1857
1261 1313
1261 1624
1262 1277
1262 1576
1263 1273
1263 1454
1264 1323
1264 1348
1264 1655
1265 1342
1265 1633
1266 1549
1266 1946
1267 1312
1267 1452
1267 1456
1267 1924
1268 1411
1268 1467
1268 1730
1269 1647
1270 1304
1270 1512
1271 1813
1271 1818
1271 1983
1272 1308
1272 1547
1273 1516
1273 1669
1273 1696
1273 1723
1274 1298
1274 1377
1274 1493
1274 1800
1275 1405
1275 1419
1275 1562
1276 1488
1276 1700
1276 1808
1278 1357
1278 1975
1279 1333
1279 1386
1279 1757
1279 1981
1280 1775
1280 1857
1281 1638
1281 1676
1281 1820
1282 1292
1283 1732
1284 1414
1284 1565
1284 1873
1285 1415
1285 1528
1285 1829
1285 1874
1286 1305
1286 1455
1286 1738
1287 1300
1287 1832
1288 1380
1288 1498
1289 1487
1289 1878
1290 1453
1290 1588
1290 1727
1291 1376
1291 1434
1291 1684
1291 1838
1291 1982
1292 1728
1292 1942
1292 1949
1293 1749
1293 1947
1294 1568
1294 1607
1294 1621
1294 1695
1294 1845
1294 1869
1294 1925
1295 1504
1296 1767
1297 1945
1299 1440
1299 1553
1299 1674
1300 1363
1300 1788
1300 1957
1300 1978
1301 1780
1301 1805
1302 1342
1302 1478
1302 1499
1302 1576
1302 1614
1303 1405
1303 1554
1303 1874
1303 1925
1303 1986
1304 1638
1304 1657
1304 1727
1304 1753
1304 1845
1305 1365
1305 1688
1305 1730
1305 1827
1305 1951
1306 1446
1306 1504
1306 1529
1306 1665
1306 1749
1306 1775
1306 1962
1307 1495
1307 1558
1307 1768
1307 1830
1307 1993
1308 1399
1308 1535
1308 1923
1308 1928
1309 1627
1309 1633
1309 1783
1310 1387
1310 1925
1310 1926
1311 1815
1311 1943
1311 1968
1312 1318
1312 1634
1312 1654
1312 1677
1312 1834
1313 1354
1314 1430
1314 1454
1314 1737
1314 1861
1315 1636
1315 1675
1315 1721
1315 1821
1316 1356
1316 1589
1316 1836
1317 1867
1318 1641
1319 1323
1319 1330
1319 1503
1319 1581
1320 1443
1320 1485
1320 1720
1320 1976
1321 1560
1321 1920
1322 1377
1322 1549
1322 1585
1322 1629
1322 1635
1322 1667
1322 1814
1323 1915
1323 1931
1324 1484
1325 1490
1325 1620
1325 1971
1326 1481
1326 1801
1326 1931
1326 1978
1327 1496
1328 1889
1329 1513
1329 1572
1330 1441
1330 1891
1331 1608
1331 1673
1331 1999
1332 1720
1332 1750
1333 1425
1334 1511
1334 1732
1334 1880
1334 1892
1335 1352
1335 1639
1335 1979
1336 1474
1336 1574
1336 1606
1336 1745
1336 1757
1337 1436
1337 1521
1337 1562
1338 1541
1338 1579
1339 1414
1339 1627
1339 1652
1339 1756
1340 1560
1340 1986
1341 1386
1341 1425
1341 1494
1341 1526
1342 1552
1344 1410
1344 1595
1344 1702
1344 1738
1344 1962
1345 1470
1345 1472
1345 1812
1346 1434
1346 1588
1346 1936
1347 1457
1347 1532
1347 1752
1348 1623
1348 1716
1349 1375
1349 1436
1349 1906
1350 1633
1350 1674
1351 1812
1352 1474
1352 1530
1352 1584
1353 1935
1354 1692
1355 1637
1355 1966
1356 1394
1356 1603
1356 1622
1356 1778
1356 1976
1357 1766
1357 1980
1358 1394
1358 1451
1358 1514
1358 1925
1358 1992
1359 1443
1359 1554
1359 1626
1359 1798
1360 1428
1360 1459
1360 1685
1360 1827
1361 1515
1361 1567
1361 1673
1363 1714
1363 1769
1364 1422
1364 1544
1364 1739
1364 1895
1365 1683
1365 1764
1366 1433
1366 1508
1367 1599
1367 1965
1368 1802
1368 1891
1368 1922
1369 1408
1369 1537
1369 1550
1369 1637
1369 1796
1370 1496
1370 1799
1370 1954
1370 1955
1371 1554
1372 1437
1372 1491
1372 1648
1372 1832
1373 1523
1374 1468
1374 1513
1374 1599
1374 1663
1374 1731
1375 1829
1376 1475
1376 1523
1376 1639
1376 1648
1376 1708
1376 1749
1376 1995
1377 1466
1379 1547
1379 1549
1379 1611
1379 1618
1379 1972
1380 1480
1380 1662
1380 1705
1380 1737
1380 1945
1381 1508
1382 1674
1382 1837
1383 1756
1384 1404
1385 1870
1386 1681
1386 1793
1386 1946
1387 1697
1387 1734
1389 1455
1389 1462
1389 1610
1390 1739
1390 1905
1391 1499
1391 1501
1391 1991
1392 1529
1393 1540
1393 1837
1394 1526
1394 1672
1394 1730
1394 1851
1394 1914
1395 1533
1395 1849
1396 1485
1396 1588
1396 1655
1397 1648
1397 1714
1397 1822
1398 1582
1398 1637
1398 1981
1400 1601
1400 1831
1401 1472
1401 1735
1401 1990
1402 1450
1402 1501
1402 1590
1402 1838
1403 1502
1403 1619
1403 1798
1404 1714
1405 1811
1405 1832
1405 1993
1406 1409
1406 1456
1406 1569
1407 1774
1407 1962
1409 1562
1409 1770
1409 1841
1410 1601
1410 1668
1410 1925
1410 1995
1411 1548
1411 1896
1412 1452
1412 1527
1412 1571
1412 1633
1412 1735
1412 1820
1412 1853
1412 1886
1412 1971
1413 1420
1413 1944
1414 1728
1414 1919
1414 1977
1415 1636
1415 1965
1417 1452
1417 1510
1417 1752
1417 1833
1418 1483
1418 1489
1418 1853
1418 1862
1419 1607
1420 1476
1420 1527
1421 1484
1421 1751
1421 1913
1421 1964
1422 1444
1422 1748
1422 1890
1423 1464
1423 1523
1423 1832
1423 1862
1424 1445
1424 1843
1425 1975
1425 1980
1426 1732
1426 1770
1426 1920
1426 1959
1427 1453
1427 1527
1427 1776
1427 1973
1429 1576
1429 1588
1429 1678
1429 1755
1429 1760
1429 1806
1429 1855
1429 1924
1430 1456
1430 1523
1430 1831
1430 1841
1431 1983
1432 1592
1432 1751
1432 1769
1432 1902
1432 1966
1433 1434
1433 1537
1433 1600
1433 1887
1434 1440
1434 1766
1435 1601
1435 1959
1436 1598
1436 1743
1437 1458
1437 1523
1437 1755
1437 1824
1438 1577
1438 1626
1438 1732
1438 1852
1438 1896
1438 1941
1438 1960
1439 1558
1439 1563
1439 1634
1439 1713
1439 1849
1439 1860
1439 1919
1440 1827
1440 1852
1441 1605
1441 1727
1441 1957
1442 1490
1442 1920
1443 1469
1443 1475
1443 1559
1443 1837
1444 1660
1445 1816
1446 1488
1446 1664
1447 1500
1447 1644
1448 1752
1448 1884
1448 1918
1448 1979
1449 1489
1449 1782
1452 1633
1452 1707
1453 1695
1453 1905
1453 1950
1454 1691
1454 1849
1454 1857
1454 1886
1454 1898
1455 1997
1456 1933
1457 1860
1457 1936
1458 1884
1461 1506
1462 1467
1462 1596
1462 1730
1463 1482
1463 1486
1464 1514
1464 1536
1464 1914
1465 1491
1465 1707
1467 1653
1468 1809
1468 1895
1470 1704
1470 1780
1470 1892
1471 1775
1472 1504
1472 1563
1472 1824
1473 1970
1474 1647
1474 1923
1475 1643
1475 1796
1476 1715
1476 1848
1477 1665
1477 1712
1477 1914
1478 1746
1478 1949
1479 1836
1479 1986
1480 1547
1480 1854
1480 1879
1480 1941
1481 1642
1482 1546
1482 1573
1482 1619
1482 1716
1482 1929
1485 1656
1485 1777
1485 1925
1486 1525
1488 1592
1489 1701
1489 1782
1490 1505
1490 1576
1493 1646
1493 1704
1493 1843
1493 1861
1494 1544
1494 1565
1494 1913
1494 1972
1495 1718
1495 1962
1496 1888
1496 1965
1497 1637
1497 1790
1498 1541
1498 1544
1499 1696
1499 1964
1500 1554
1500 1562
1500 1634
1500 1741
1502 1704
1503 1853
1504 1714
1505 1637
1505 1651
1506 1827
1506 1943
1507 1650
1507 1689
1507 1889
1507 1937
1508 1762
1511 1577
1511 1916
1511 1939
1513 1660
1513 1758
1514 1537
1514 1699
1514 1809
1515 1542
1515 1585
1516 1695
1516 1943
1517 1677
1517 1780
1517 1975
1518 1671
1518 1735
1518 1774
1519 1584
1519 1591
1519 1850
1519 1909
1520 1530
1520 1548
1520 1908
1520 1950
1521 1535
1521 1787
1521 1904
1521 1916
1522 1527
1522 1984
1523 1723
1523 1746
1524 1566
1524 1591
1524 1598
1524 1817
1524 1841
1524 1865
1525 1584
1525 1669
1525 1911
1526 1680
1527 1792
1527 1877
1528 1624
1528 1653
1529 1566
1529 1703
1529 1824
1529 1890
1529 1953
1530 1744
1530 1845
1530 1864
1530 1884
1532 1538
1532 1721
1533 1566
1533 1791
1533 1915
1534 1756
1534 1790
1535 1658
1536 1662
1536 1737
1536 1804
1536 1913
1536 1973
1539 1906
1540 1661
1541 1637
1541 1714
1542 1802
1542 1834
1543 1668
1544 1786
1544 1787
1544 1828
1545 1585
1545 1723
1546 1548
1546 1832
1547 1687
1547 1883
1548 1565
1551 1653
1551 1826
1551 1854
1551 1906
1551 1993
1552 1715
1552 1738
1552 1968
1553 1577
1553 1849
1554 1566
1555 1669
1556 1992
1557 1583
1557 1697
1557 1951
1558 1645
1558 1953
1559 1699
1560 1835
1561 1589
1561 1752
1561 1884
1562 1678
1562 1907
1562 1955
1562 1970
1564 1900
1565 1586
1565 1765
1566 1683
1566 1966
1567 1619
1567 1678
1570 1806
1570 1817
1571 1919
1571 1982
1572 1625
1572 1640
1573 1668
1574 1956
1575 1634
1575 1658
1575 1935
1578 1767
1579 1583
1579 1895
1580 1953
1581 1991
1582 1739
1583 1589
1583 1679
1584 1622
1584 1653
1584 1829
1584 1979
1585 1652
1586 1666
1587 1680
1588 1695
1588 1755
1589 1778
1589 1815
1589 1816
1590 1635
1590 1726
1591 1679
1591 1687
1592 1662
1592 1668
1592 1699
1592 1901
1593 1635
1594 1753
1595 1628
1595 1990
1596 1758
1597 1758
1598 1727
1599 1771
1600 1789
1601 1772
1601 1961
1602 1750
1602 1940
1602 1949
1603 1660
1604 1873
1608 1997
1608 1998
1609 1663
1610 1765
1610 1990
1611 1640
1612 1829
1612 1916
1613 1618
1614 1638
1614 1709
1614 1739
1614 1742
1614 1779
1614 1967
1616 1677
1616 1699
1616 1870
1617 1737
1617 1816
1617 1956
1619 1668
1619 1787
1620 1825
1620 1924
1620 1946
1620 1980
1621 1887
1624 1667
1624 1690
1624 1920
1625 1683
1626 1787
1626 1908
1627 1812
1627 1821
1627 1976
1628 1647
1629 1630
1629 1741
1631 1944
1631 1984
1633 1704
1634 1644
1635 1825
1635 1932
1636 1666
1636 1762
1636 1877
1636 1926
1637 1675
1638 1802
1639 1714
1639 1783
1640 1832
1642 1662
1642 1766
1644 1685
1644 1793
1644 1860
1645 1962
1648 1661
1648 1679
1649 1995
1650 1653
1650 1684
1650 1765
1650 1789
1651 1881
1653 1994
1654 1913
1654 1934
1654 1971
1654 1976
1655 1780
1655 1948
1655 1990
1657 1744
1659 1713
1659 1975
1661 1721
1662 1980
1663 1931
1663 1983
1664 1818
1664 1998
1665 1944
1665 1966
1666 1837
1666 1854
1666 1905
1667 1917
1667 1968
1668 1828
1670 1757
1671 1767
1672 1825
1673 1946
1674 1803
1674 1829
1674 1887
1675 1709
1676 1822
1676 1928
1677 1748
1677 1848
1677 1991
1678 1914
1680 1695
1681 1994
1683 1930
1684 1781
1686 1797
1686 1907
1688 1877
1689 1812
1689 1845
1690 1718
1692 1749
1693 1697
1693 1711
1694 1953
1696 1821
1696 1893
1696 1971
1697 1744
1697 1783
1697 1890
1697 1992
1699 1874
1700 1766
1705 1759
1706 1735
1706 1935
1706 1943
1707 1783
1707 1929
1707 1980
1710 1814
1711 1804
1711 1890
1712 1987
1714 1787
1716 1950
1716 1951
1717 1778
1717 1949
1718 1812
1719 1838
1719 1898
1719 1919
1720 1809
1720 1846
1722 1837
1723 1827
1723 1888
1723 1963
1723 1978
1723 1992
1724 1727
1724 1853
1725 1891
1727 1908
1729 1874
1729 1875
1730 1910
1731 1930
1734 1892
1735 1893
1738 1764
1738 1795
1738 1963
1739 1800
1739 1873
1739 1974
1740 1865
1740 1993
1741 1773
1741 1842
1742 1988
1743 1931
1744 1975
1745 1833
1748 1927
1748 1968
1749 1793
1749 1813
1749 1832
1749 1916
1749 1961
1751 1972
1753 1801
1753 1810
1753 1889
1754 1817
1754 1877
1755 1930
1755 1985
1756 1843
1756 1866
1759 1895
1759 1975
1760 1856
1760 1879
1760 1942
1761 1884
1763 1837
1763 1957
1763 1974
1767 1976
1770 1992
1772 1830
1772 1856
1772 1934
1775 1781
1777 1940
1777 1990
1778 1821
1778 1828
1779 1836
1779 1962
1780 1941
1782 1918
1784 1798
1784 1864
1784 1871
1784 1919
1785 1826
1787 1832
1788 1996
1791 1836
1791 1839
1791 1857
1792 1808
1793 1931
1793 1993
1794 1963
1794 1965
1796 1929
1796 1966
1796 1973
1797 1817
1799 1998
1802 1831
1803 1902
1803 1963
1804 1858
1804 1883
1804 1909
1804 1947
1807 1824
1808 1928
1808 1967
1809 1944
1810 1991
1811 1817
1811 1851
1812 1924
1813 1911
1815 1863
1815 1979
1816 1878
1816 1955
1818 1986
1819 1855
1819 1906
1819 2000
1820 1974
1822 1824
1822 1845
1823 1830
1824 1974
1825 1882
1826 1865
1826 1867
1828 1974
1829 1895
1829 1914
1830 1872
1831 1913
1831 1948
1832 1900
1834 1863
1834 1964
1835 1905
1837 1894
1837 1918
1837 1934
1837 1992
1837 1999
1839 1910
1841 1906
1842 1990
1843 1951
1845 1901
1848 1944
1852 1854
1854 1983
1857 1973
1857 1984
1858 1907
1859 1861
1859 1944
1861 1963
1863 1956
1864 1966
1865 1914
1866 1987
1871 1911
1871 1947
1874 1887
1876 1903
1878 1894
1878 1924
1878 1949
1881 1982
1881 1987
1885 1897
1885 1920
1888 1981
1892 1992
1896 1958
1896 1975
1897 1945
1898 1979
1905 1987
1906 1949
1908 1993
1911 1996
1914 1946
1915 1921
1915 1987
1916 1952
1919 1984
1920 1964
1921 1951
1921 1996
1927 1935
1927 1936
1929 1983
1930 1983
1936 1977
1943 1980
1944 1972
1957 1977
1976 1978
1978 1980