2000
1 24
1 200
1 700
1 769
1 816
1 1031
1 1217
1 1610
1 1710
2 458
2 794
2 826
2 1834
3 329
3 1594
3 1772
3 1924
4 135
4 387
4 651
4 756
4 1003
4 1017
4 1067
4 1148
4 1291
5 669
5 1046
5 1752
5 1864
6 86
6 610
6 1357
6 1378
6 1440
6 1697
7 227
7 586
7 729
7 747
7 812
7 1336
7 1784
8 328
8 1085
8 1234
8 1908
8 1947
8 1973
9 46
9 132
9 284
9 633
9 695
9 842
9 926
9 1351
9 1487
9 1587
10 866
10 1247
10 1718
11 90
11 95
11 450
11 1107
11 1247
11 1660
11 1676
11 1766
11 1864
12 478
12 555
12 1321
12 1852
13 163
13 375
13 822
13 1202
13 1306
13 1354
13 1755
13 1834
13 1835
14 122
14 306
14 884
14 1518
15 178
15 291
15 707
15 741
15 823
15 1634
16 684
16 825
16 1294
16 1472
16 1599
17 500
17 709
17 751
17 977
17 1299
17 1907
18 74
18 98
18 406
18 500
18 701
18 1089
18 1271
18 1806
19 689
19 946
19 969
19 1547
19 1827
19 1831
19 1902
20 348
20 695
20 1010
20 1281
20 1486
20 1926
20 1965
21 336
21 765
21 941
21 1227
21 1575
21 1616
21 1846
22 651
22 1069
22 1233
22 1655
22 1728
22 1850
23 646
23 800
23 1185
23 1466
23 1471
23 1894
23 1919
24 238
24 552
24 593
24 963
24 1226
24 1395
24 1811
24 1942
25 182
25 266
25 566
25 581
25 1001
25 1237
25 1504
25 1768
25 1865
26 471
26 544
26 728
26 804
26 837
26 1365
26 1370
26 1714
27 258
27 1739
27 1806
28 47
28 99
28 154
28 336
28 507
28 826
28 1475
28 1528
28 1708
29 233
29 853
29 1037
29 1328
29 1345
29 1740
30 47
30 427
30 463
30 1377
31 372
31 664
31 1109
31 1310
31 1332
31 1691
31 1748
31 1803
32 436
32 567
32 690
32 922
32 1043
32 1053
32 1277
32 1560
32 1826
32 1913
33 102
33 232
33 429
33 587
33 1048
33 1382
33 1521
33 1781
33 1940
34 92
34 301
34 622
34 864
34 1030
34 1378
34 1486
34 1577
34 1634
34 1690
34 1750
35 711
35 874
35 1137
35 1143
35 1163
35 1585
35 1956
36 571
36 739
36 1125
36 1172
36 1986
37 373
37 474
37 617
37 744
37 757
37 1281
37 1555
37 1692
38 220
38 345
38 405
38 985
38 1511
38 1983
39 89
39 187
39 197
39 210
39 466
39 1269
39 1323
40 62
40 100
40 232
40 1338
40 1551
40 1676
40 1713
41 481
41 724
41 902
41 1368
41 1543
41 1914
42 337
42 419
42 720
42 725
42 968
42 1134
42 1365
42 1520
42 1848
42 1869
43 187
43 485
43 508
43 1178
43 1355
43 1940
44 319
44 744
44 1253
44 1479
44 1540
44 1623
44 1742
45 390
45 1137
45 1356
45 1487
45 1812
45 1975
46 1356
46 1922
47 67
47 299
47 688
47 1225
47 1581
47 1743
48 425
48 575
48 719
48 1483
48 1761
48 1975
49 323
49 555
49 750
49 1110
49 1151
49 1251
49 1598
49 1753
49 1997
50 313
50 355
50 757
51 1147
51 1253
51 1271
51 1814
51 1846
51 1968
52 129
52 142
52 145
52 608
52 1526
53 162
53 163
53 267
53 278
53 1055
53 1429
53 1430
53 1533
53 1717
54 61
54 197
54 354
54 608
54 771
54 822
54 1183
54 1564
54 1619
55 478
55 1289
56 863
56 1213
57 214
57 1129
57 1205
58 157
58 658
58 929
58 1305
58 1319
58 1466
58 1787
59 757
59 1653
59 1775
60 148
60 224
60 466
60 830
60 916
60 1226
60 1667
60 1746
60 1781
61 630
61 859
61 999
61 1114
61 1732
61 1889
62 128
62 383
62 509
62 1305
62 1452
62 1612
62 1617
63 163
63 260
63 580
63 674
63 1699
63 1863
63 1898
63 1934
64 151
64 184
64 344
64 935
64 1043
64 1335
64 1405
64 1881
65 374
65 383
65 727
65 799
65 904
65 1004
65 1022
65 1448
65 1863
65 1949
66 325
66 465
66 930
66 1400
66 1457
67 149
67 288
67 448
67 456
67 625
67 700
67 844
67 1252
67 1845
68 179
68 212
68 394
68 616
68 980
68 1528
68 1870
69 399
69 838
69 1112
69 1896
70 93
70 557
70 662
70 762
70 823
70 894
70 922
70 1027
70 1052
70 1095
70 1319
70 1475
71 766
71 840
71 874
71 960
71 1256
71 1383
71 1516
71 1637
72 828
73 104
73 152
73 367
73 574
73 599
73 735
73 1357
73 1706
73 1715
73 1810
73 1892
73 1958
74 139
74 289
74 714
74 962
74 1037
74 1147
74 1323
75 767
75 993
75 1290
75 1684
75 1951
76 240
76 406
76 631
76 742
76 1029
76 1176
76 1513
76 1723
76 1743
76 1819
76 1863
77 260
77 550
77 1047
77 1210
77 1767
77 1781
78 297
78 617
78 923
78 1292
79 471
79 885
79 1058
79 1751
79 1809
80 544
80 1504
80 1738
81 262
81 423
81 623
81 652
81 1183
81 1465
81 1616
82 126
82 366
82 505
82 750
82 965
82 1082
82 1355
82 1525
82 1557
82 1857
83 226
83 361
83 444
83 674
83 1038
83 1094
83 1609
83 1713
84 416
84 482
84 506
84 1271
84 1475
84 1852
84 1862
85 151
85 356
85 392
85 607
85 1184
85 1233
85 1549
85 1567
85 1785
86 283
86 473
86 1124
86 1134
86 1433
87 453
87 632
87 709
87 738
87 867
87 1077
87 1165
87 1465
88 120
88 243
88 266
88 410
88 585
88 598
88 1370
88 1620
89 469
89 796
89 1148
89 1251
89 1307
89 1575
89 1784
89 1786
89 1837
90 289
90 392
90 818
90 1139
90 1320
90 1452
90 1783
90 1885
91 484
91 580
91 688
91 700
91 1140
91 1142
91 1713
91 1931
92 360
92 931
92 1123
92 1354
92 1862
93 254
93 368
93 477
93 818
93 1164
93 1228
93 1400
94 158
94 543
94 1113
94 1278
94 1373
94 1772
94 1841
95 113
95 492
95 515
95 760
95 805
95 1101
95 1118
95 1145
95 1788
95 1904
96 439
96 871
96 873
96 1457
96 1524
96 1704
96 1717
96 1922
97 1258
97 1667
97 1828
98 609
98 687
98 1099
98 1198
98 1814
99 643
99 908
99 1866
99 1953
100 364
100 430
100 649
100 730
100 888
100 894
100 1071
100 1077
100 1251
100 1296
100 1355
100 1474
100 1563
100 1810
101 749
101 836
101 1176
101 1556
102 112
102 354
102 394
102 669
102 1065
102 1290
102 1301
103 294
103 360
103 1076
104 409
104 957
104 1056
104 1165
104 1183
104 1525
105 136
105 843
105 875
105 1169
105 1230
105 1417
106 171
106 228
106 294
106 738
106 1092
106 1442
106 1739
107 149
107 513
107 676
107 1811
108 418
108 568
108 1003
108 1030
108 1081
108 1625
109 1066
109 1262
109 1587
109 1792
109 1817
110 118
110 229
110 553
110 599
110 707
110 804
110 1072
110 1338
110 1484
110 1519
111 477
111 762
111 788
111 1458
111 1698
112 353
112 475
112 544
112 688
112 849
112 1796
113 451
113 494
113 596
113 615
113 958
113 1192
113 1245
114 896
114 946
114 1107
114 1296
114 1375
114 1476
114 1561
114 1806
115 257
115 497
115 659
115 827
115 1387
115 1694
115 1739
115 1908
116 296
116 389
116 1233
116 1375
116 1478
116 1987
117 203
117 556
117 572
117 1020
117 1059
117 1763
118 744
118 1117
119 313
119 539
119 576
119 1540
120 581
120 643
120 982
120 1548
120 1951
121 287
121 1247
121 1581
121 1884
121 1989
122 386
122 652
122 691
122 924
122 1359
122 1439
122 1501
122 1509
122 1517
122 1608
123 453
123 574
123 984
123 1045
123 1110
123 1457
123 1683
123 1707
123 1827
124 201
124 529
124 812
124 1627
124 1832
125 390
125 857
125 1526
125 1701
125 1853
126 273
126 294
126 488
126 1018
126 1322
126 1648
126 1859
127 689
127 725
127 935
127 977
127 1905
128 202
128 314
128 1152
128 1662
128 1776
128 1898
129 703
129 983
129 1094
129 1258
129 1269
129 1271
129 1385
130 331
130 1086
130 1328
130 1577
130 1912
130 1949
131 1032
131 1336
131 1610
132 221
132 661
132 704
132 984
132 1056
132 1338
132 1790
133 137
133 562
133 791
133 917
133 1104
133 1250
133 1271
133 1334
133 1711
133 1844
133 1993
134 233
134 460
134 773
134 1171
134 1385
134 1561
135 454
135 636
135 710
135 746
135 1094
135 1518
135 1611
136 506
136 839
136 1267
136 1453
137 531
137 782
137 925
137 1386
137 1707
138 343
138 439
138 591
138 839
138 988
138 1501
139 160
139 815
139 912
139 1559
140 678
140 1017
140 1382
140 1458
140 1747
140 1871
141 219
141 541
141 678
141 840
141 1304
141 1320
141 1627
142 333
142 1605
142 1623
142 1724
143 342
143 382
143 625
143 644
143 855
143 1139
143 1353
143 1699
144 262
144 399
144 477
144 693
144 1320
144 1478
144 1509
144 1579
144 1581
144 1718
144 1854
144 1922
145 617
145 875
145 1688
145 1745
145 1816
145 1923
146 354
146 363
146 391
146 677
146 1528
146 1648
147 234
147 1669
147 1798
148 321
148 434
148 1059
148 1212
149 322
149 426
149 482
149 490
149 657
149 1213
149 1245
150 579
150 795
150 1019
150 1193
150 1238
151 166
151 383
151 585
151 654
151 740
151 823
152 260
152 585
152 673
152 895
152 998
152 1018
152 1269
152 1701
152 1816
153 276
153 357
153 988
153 1438
153 1590
153 1617
153 1656
153 1795
153 1918
154 183
154 375
154 651
154 844
154 985
154 1164
154 1311
154 1487
154 1790
154 1858
155 247
155 705
155 1117
155 1132
155 1424
155 1854
155 1859
156 253
156 580
156 819
156 850
156 1257
156 1322
156 1704
157 310
157 338
157 823
157 956
157 1528
157 1630
157 1631
157 1849
157 1918
158 589
158 729
158 1276
158 1355
158 1457
158 1768
158 1812
158 1937
159 294
159 403
159 671
159 1895
160 686
160 697
160 716
160 1041
161 175
161 455
161 676
161 1352
161 1814
162 444
162 620
162 869
162 889
162 1039
162 1334
162 1596
162 1641
162 1697
162 1882
162 1892
163 201
163 282
163 509
163 594
163 682
163 855
163 1277
163 1727
164 439
164 1222
164 1224
164 1704
164 1732
164 1784
164 1897
165 801
165 952
165 982
165 1498
165 1621
165 1649
165 1839
166 570
166 641
166 969
166 1023
166 1844
166 1905
166 1942
167 390
167 1628
167 1732
167 1835
168 335
168 391
168 646
168 804
168 1012
168 1418
168 1575
168 1716
168 1873
169 229
169 376
169 834
169 1202
169 1250
169 1352
169 1644
170 215
170 531
170 707
170 1248
170 1588
170 1598
170 1727
170 1886
170 1981
171 1198
171 1212
171 1428
171 1706
171 1807
171 1872
172 809
172 823
172 946
172 1499
172 1697
173 712
173 1056
173 1236
173 1243
173 1306
173 1388
173 1434
173 1623
173 1650
173 1744
173 1999
174 212
174 280
174 475
174 1201
174 1665
174 1796
174 1954
175 213
175 371
175 395
175 729
175 1221
175 1418
175 1546
175 1986
176 392
176 584
176 1394
176 1589
176 1710
176 1794
176 1906
176 1953
176 1994
177 483
177 754
177 779
177 1118
177 1310
177 1459
177 1487
177 1787
178 181
178 291
178 392
178 430
178 914
178 1008
178 1118
178 1770
178 1932
179 613
179 1040
179 1068
179 1193
179 1680
180 290
180 499
180 792
180 904
180 1073
180 1129
180 1344
180 1536
180 1566
180 1685
180 1861
181 182
181 313
181 417
181 573
181 981
181 1108
181 1616
181 1634
182 1009
182 1079
182 1266
182 1721
183 311
183 363
183 468
183 645
183 719
183 978
183 1221
184 608
184 841
184 1240
184 1365
184 1591
185 431
185 631
185 640
185 700
185 1703
185 1925
186 402
186 852
186 1247
186 1761
187 244
187 352
187 677
187 1790
188 543
188 915
188 1300
188 1799
188 1927
189 673
189 1040
189 1136
189 1168
189 1511
189 1571
189 1790
189 1871
190 836
190 1156
190 1349
190 1621
190 1875
190 1993
191 313
191 448
191 746
191 819
191 997
191 1088
191 1095
191 1358
191 1975
191 1978
192 256
192 350
192 359
192 385
192 840
192 859
192 1147
192 1157
192 1653
192 1709
192 1983
193 1010
193 1099
193 1161
193 1222
193 1450
193 1484
193 1760
194 768
194 1310
195 202
195 554
195 670
195 719
195 1081
195 1184
195 1194
195 1343
195 1543
196 256
196 423
196 591
196 620
196 754
196 768
196 893
196 1929
197 229
197 282
197 348
197 474
197 481
197 867
197 980
197 1100
197 1169
197 1239
197 1373
198 406
198 618
198 1034
198 1743
198 1862
199 530
199 1159
200 249
200 335
200 369
200 450
200 1340
200 1641
200 1803
201 405
201 1125
201 1587
202 605
202 1334
202 1794
202 1855
202 1861
203 300
203 1074
203 1272
203 1389
203 1400
203 1510
203 1555
204 516
204 654
204 666
204 833
204 853
204 1207
204 1311
204 1327
204 1720
204 1751
205 1584
205 1812
205 1854
206 221
206 422
206 943
206 970
206 997
206 1077
206 1284
206 1308
206 1395
206 1767
207 232
207 330
207 443
207 1070
207 1513
207 1792
207 1832
208 272
208 439
208 785
208 1187
208 1317
208 1568
208 1753
208 1913
209 569
209 609
209 620
209 793
209 1088
209 1697
209 1912
210 1134
210 1232
210 1719
210 1922
211 288
211 448
211 498
211 520
211 1404
211 1576
211 1762
211 1935
212 240
212 275
212 575
212 634
212 1116
212 1338
212 1552
213 941
213 964
213 1752
214 250
214 315
214 352
214 425
214 561
214 1450
214 1538
214 1711
214 1966
215 230
215 449
215 661
215 1000
215 1535
215 1640
215 1644
216 997
216 1099
216 1142
216 1386
216 1430
216 1459
216 1483
216 1743
216 1755
216 1867
216 1934
217 489
217 569
217 810
217 1241
217 1350
218 584
218 721
218 1665
218 1675
219 437
219 607
219 745
219 769
219 874
219 1387
219 1526
219 1808
220 331
220 336
220 499
220 1122
220 1688
220 1786
220 1816
221 696
221 751
221 760
221 1028
221 1128
221 1344
221 1413
221 1423
221 1481
221 1523
221 1697
222 594
222 798
222 1172
222 1353
222 1477
222 1487
222 1513
222 1612
222 1664
223 333
223 489
223 683
223 691
223 712
223 1205
223 1519
223 1603
223 1659
223 1669
224 344
224 435
224 608
224 641
224 678
224 836
224 995
224 1100
224 1708
224 1772
224 1966
225 453
225 484
225 738
225 814
225 1729
225 1838
225 1964
226 228
226 957
226 960
226 1019
226 1097
226 1593
226 1684
226 1882
226 1912
227 525
227 581
227 1479
227 1812
228 644
228 740
228 756
228 843
228 1008
228 1398
228 1519
228 1645
228 1726
228 1996
229 699
229 701
229 761
229 977
229 1402
229 1583
230 250
230 434
230 628
230 1340
230 1440
230 1843
231 274
231 401
231 1220
231 1555
231 1602
232 367
232 472
232 1023
232 1194
232 1523
232 1524
232 1592
232 1762
232 1898
233 1383
233 1479
233 1882
234 367
234 371
234 442
234 848
234 941
234 1088
234 1159
234 1269
234 1317
234 1469
234 1647
234 1883
235 286
235 1277
235 1456
235 1508
235 1785
235 1891
236 300
236 1242
236 1430
236 1564
236 1900
237 705
237 1476
237 1601
237 1814
237 1843
238 308
238 525
238 528
238 874
238 1023
238 1041
238 1154
238 1180
238 1325
238 1346
238 1353
238 1488
238 1497
238 1590
239 307
239 892
239 950
239 1078
239 1251
239 1490
239 1770
239 1780
240 291
240 519
240 716
240 721
240 826
240 1033
240 1970
240 1979
241 384
241 1206
241 1238
241 1411
241 1445
242 320
242 347
242 415
242 510
242 580
242 697
242 775
242 1046
242 1632
243 359
243 466
243 483
243 1879
243 1959
244 603
244 610
244 788
244 919
244 980
245 785
245 1313
245 1846
245 1968
246 277
246 787
246 850
246 1445
246 1967
247 744
247 1187
247 1944
248 279
248 524
248 983
248 1043
248 1092
248 1116
248 1553
248 1555
248 1825
248 1896
248 1918
249 349
249 506
249 540
249 584
249 721
249 784
249 1498
249 1697
249 1753
249 1809
250 815
250 1000
250 1134
250 1324
250 1496
250 1698
250 1794
250 1828
250 1833
251 267
251 476
251 494
251 917
251 1246
251 1677
252 574
252 1563
252 1774
253 289
253 432
253 521
253 782
253 943
253 1091
253 1120
253 1632
253 1720
254 333
254 1052
254 1528
254 1793
254 1833
254 1931
255 657
255 739
255 1036
255 1094
255 1389
255 1444
255 1627
256 404
256 414
256 503
256 655
256 896
256 1046
256 1142
256 1543
257 328
257 445
257 672
257 835
257 854
257 1167
257 1806
257 1846
257 1867
258 305
258 577
258 630
258 664
258 1188
258 1451
258 1518
258 1627
258 1784
258 1956
259 290
259 701
259 759
259 1012
259 1029
259 1118
259 1158
259 1173
259 1458
259 1585
259 1668
260 279
260 867
260 1002
260 1915
261 403
261 559
261 599
261 785
261 1098
261 1658
262 712
262 1377
262 1403
262 1405
262 1550
262 1690
262 1775
263 496
263 567
263 708
263 888
263 1075
263 1269
263 1861
264 454
264 893
264 1661
264 1740
265 282
265 338
265 689
265 896
265 959
265 1080
265 1113
265 1171
265 1775
265 1823
265 1988
265 1995
266 502
266 761
266 958
266 1017
266 1025
266 1142
266 1204
266 1233
266 1257
266 1468
267 287
267 327
267 343
267 554
267 1066
267 1222
268 445
268 883
268 999
268 1137
268 1165
268 1420
268 1451
269 384
269 417
269 500
269 688
269 780
269 800
269 860
269 1477
270 556
270 946
270 1089
270 1346
270 1778
270 1798
270 1814
270 1955
271 517
271 844
271 1017
271 1171
271 1719
271 1829
271 1962
272 813
272 997
272 1227
272 1288
272 1816
273 320
273 413
273 533
273 668
273 836
273 1073
273 1533
274 431
274 448
274 666
274 780
274 964
274 1274
274 1411
274 1461
274 1614
274 1721
275 524
275 844
275 876
275 931
275 1153
276 387
276 764
276 785
276 912
276 1329
277 312
277 454
277 476
277 757
277 877
277 1407
277 1540
277 1833
278 315
278 556
278 765
278 1017
278 1110
278 1132
278 1350
278 1532
278 1621
278 1997
279 1323
279 1619
279 1922
280 529
280 609
280 828
280 1104
280 1476
281 612
281 986
281 1041
281 1504
281 1528
281 1533
282 286
282 358
282 1236
282 1274
282 1623
282 1706
282 1806
283 819
283 1141
283 1406
283 1411
283 1659
284 635
284 812
284 909
284 1119
285 804
285 1068
285 1465
285 1591
285 1848
285 1996
286 1495
286 1682
286 1686
287 352
287 446
287 542
287 1026
287 1137
287 1418
288 341
288 353
288 419
288 644
288 840
288 841
288 1030
288 1168
288 1405
288 1650
288 1735
288 1785
288 1872
289 924
289 1081
289 1771
290 356
290 1300
290 1487
290 1596
290 1975
291 533
291 733
291 1517
291 1599
291 1825
291 1981
292 837
292 949
292 1116
292 1121
293 549
293 603
293 611
293 1190
293 1191
293 1745
294 331
294 431
294 796
294 866
294 1246
295 636
295 920
295 1069
295 1248
295 1292
295 1319
295 1651
295 1728
295 1763
295 1872
295 1884
295 1937
296 490
296 1994
297 548
297 592
297 713
297 947
297 1358
297 1480
297 1549
297 1850
298 316
298 404
298 823
298 1046
298 1341
298 1643
298 1965
299 397
299 479
299 1120
299 1272
299 1299
299 1384
299 1657
299 1703
299 1759
299 1776
300 382
300 499
300 503
300 548
300 980
300 1164
300 1204
300 1214
300 1314
301 409
301 1156
301 1235
302 448
302 607
302 914
302 1136
302 1577
302 1904
303 499
303 832
303 895
303 1040
303 1517
304 348
304 406
304 430
304 872
304 1386
304 1434
304 1487
304 1497
304 1517
304 1795
304 1907
305 541
305 860
305 1100
305 1658
305 1692
305 1818
306 332
306 338
306 555
306 1140
306 1520
306 1567
306 1594
306 1598
306 1876
307 624
307 681
307 691
307 1221
307 1606
307 1743
307 1779
308 999
308 1071
308 1126
308 1229
308 1577
309 317
309 590
309 1476
309 1555
309 1876
309 1947
310 859
310 914
310 1016
310 1435
310 1619
310 1721
311 437
311 667
311 672
311 940
311 949
311 1307
311 1344
311 1362
311 1842
312 1502
313 417
313 579
313 975
313 982
313 1000
313 1328
313 1446
313 1948
314 687
314 723
314 1060
314 1117
314 1201
314 1264
314 1318
314 1406
314 1499
314 1666
315 347
315 705
315 735
315 738
315 900
315 908
315 975
315 1031
315 1057
315 1159
315 1222
315 1236
315 1314
315 1347
315 1516
315 1582
315 1741
315 1747
315 1996
316 398
316 491
316 925
316 1033
316 1116
316 1154
316 1285
316 1291
316 1829
317 489
317 512
317 635
317 1351
317 1600
317 1709
317 1718
318 389
318 689
318 1142
318 1175
318 1557
318 1810
318 1944
319 707
319 1706
319 1826
320 374
320 803
320 809
320 1073
320 1354
320 1359
320 1387
320 1640
320 1790
321 331
321 802
321 967
321 1041
321 1121
321 1195
321 1661
321 1993
322 691
322 843
322 851
322 1039
322 1044
322 1203
322 1277
322 1510
322 1832
323 780
323 855
323 923
323 928
323 1011
323 1019
323 1132
323 1222
323 1239
323 1954
324 656
324 690
324 1781
324 1910
325 455
325 492
325 583
325 700
325 861
325 1240
325 1399
325 1497
325 1680
325 1728
325 1856
325 1946
326 418
326 532
326 1038
326 1604
326 1841
326 1957
327 509
327 1348
327 1506
327 1739
327 1791
327 1938
327 1997
328 404
328 483
328 1047
328 1240
328 1810
328 1969
329 349
329 630
329 712
329 1264
329 1681
329 1799
330 443
330 461
330 470
330 487
330 1065
330 1185
330 1269
330 1404
330 1474
330 1581
330 1773
331 773
331 1056
331 1089
331 1162
331 1349
331 1523
331 1547
331 1660
331 1671
331 1741
331 1906
332 432
332 638
332 906
332 957
332 1307
332 1348
332 1405
332 1698
333 366
333 376
333 618
333 804
333 1051
333 1284
333 1518
333 1565
333 1662
333 1871
334 396
334 660
334 990
334 1083
334 1239
334 1454
335 712
335 739
335 907
335 1239
335 1264
335 1307
336 416
336 424
336 494
336 1011
336 1519
336 1719
337 592
337 973
337 1075
337 1353
337 1593
337 1595
337 1861
337 1920
338 655
338 1130
338 1165
338 1173
338 1189
338 1566
339 664
339 865
339 1299
339 1612
340 500
340 991
340 1227
340 1285
340 1635
340 1914
341 551
341 643
341 654
341 677
341 1303
341 1757
341 1800
341 1802
341 1840
342 659
342 804
342 1784
343 759
343 768
343 823
343 903
343 1588
343 1757
343 1973
344 984
344 1088
344 1099
344 1105
344 1276
344 1362
344 1614
344 1798
344 1828
344 1997
345 467
345 534
345 628
345 1010
345 1031
345 1185
345 1440
345 1653
345 1805
346 617
346 863
346 1207
346 1500
346 1576
346 1578
346 1607
346 1979
347 565
347 678
347 1162
347 1283
347 1311
347 1710
348 487
348 853
348 1187
349 540
349 561
349 658
349 695
349 1083
349 1275
349 1591
349 1603
350 454
350 586
350 924
350 1116
351 446
351 630
351 980
351 1742
352 1092
352 1244
352 1354
352 1506
352 1595
352 1845
353 743
353 854
353 1196
354 404
354 406
354 478
354 1050
354 1257
354 1453
355 465
355 793
355 1038
355 1128
355 1534
355 1655
356 481
356 527
356 551
356 663
356 969
356 1225
356 1269
356 1374
356 1476
356 1528
356 1844
357 716
357 802
357 926
357 1282
357 1558
357 1866
358 869
358 1179
358 1454
358 1472
358 1481
358 1541
358 1853
359 1017
359 1120
359 1299
359 1499
359 1990
360 1163
361 450
361 1086
361 1282
361 1523
361 1540
361 1807
361 1868
362 407
362 689
362 748
362 797
362 890
362 961
363 802
363 881
363 912
363 1555
364 530
364 696
364 840
364 1005
364 1628
364 1721
365 401
365 496
365 507
365 937
365 1247
365 1439
365 1769
366 784
366 875
366 1000
366 1013
366 1063
366 1599
366 1936
367 402
367 512
367 526
367 705
367 752
367 1764
368 611
368 741
368 951
368 1644
368 1832
368 1845
369 914
369 947
369 1285
369 1289
369 1323
369 1754
370 511
370 730
370 885
370 1091
370 1642
370 1677
371 912
371 1377
371 1542
371 1569
371 1640
371 1783
372 413
372 418
372 974
372 1341
372 1460
373 435
373 1142
373 1288
373 1459
373 1486
373 1525
373 1761
374 652
374 1122
375 381
375 479
375 561
375 1826
376 614
376 967
376 1929
376 1950
377 479
377 592
377 910
377 923
377 1138
377 1185
377 1640
377 1716
377 1747
378 863
378 1003
378 1396
378 1484
378 1532
379 384
379 516
379 623
379 986
379 1514
379 1564
379 1910
380 766
381 703
381 944
381 1118
381 1641
381 1741
382 572
382 842
382 890
382 1006
382 1168
382 1446
382 1567
382 1694
382 1943
383 1482
383 1821
383 1827
383 1860
384 625
384 840
384 1066
384 1133
384 1336
384 1381
384 1510
384 1640
384 1754
384 1790
384 1917
384 1936
385 418
385 431
385 510
385 630
385 804
385 1048
385 1261
385 1567
385 1572
385 1940
385 1944
385 1973
386 787
386 939
386 1002
386 1102
386 1161
386 1174
386 1344
386 1742
386 1771
387 1594
387 1811
387 1840
387 1950
388 877
388 1148
388 1587
389 772
389 784
389 1153
389 1796
389 1924
390 1798
390 1844
390 1882
391 463
391 476
391 691
391 696
391 925
391 1283
391 1386
391 1883
392 516
392 883
392 1335
392 1818
392 1945
393 513
393 663
393 881
393 894
393 1347
393 1412
393 1811
394 425
394 888
394 910
394 1258
394 1965
395 633
395 950
395 1006
395 1443
395 1537
396 583
396 1286
396 1623
396 1808
396 1908
397 928
397 1103
397 1352
397 1931
397 1976
398 630
398 1080
398 1176
398 1370
398 1701
398 1908
399 538
399 980
399 1051
399 1251
400 415
400 419
400 1073
400 1393
400 1782
401 610
401 714
401 832
401 1371
401 1836
402 740
402 791
402 817
402 1126
402 1154
402 1167
402 1193
402 1338
402 1381
402 1452
403 679
403 1092
403 1654
403 1657
403 1929
404 445
404 567
404 882
404 926
404 1219
404 1906
405 653
405 709
405 1262
406 1920
407 576
407 711
407 843
407 1007
407 1177
407 1284
407 1360
407 1429
407 1748
407 1834
407 1871
408 589
408 1764
409 456
409 912
409 1042
409 1221
409 1267
409 1562
410 588
410 970
410 1882
410 1934
411 446
411 712
411 955
411 1533
411 1732
412 913
412 1143
412 1251
412 1615
413 649
413 1028
413 1108
413 1492
413 1533
413 1644
413 1705
413 1759
413 1880
414 436
414 684
414 868
414 1240
414 1701
415 634
415 644
415 744
415 1110
415 1688
415 1781
415 1818
416 637
416 1310
416 1356
416 1575
416 1576
416 1705
416 1719
417 542
417 623
417 893
417 1312
417 1393
417 1523
418 534
418 540
418 826
418 897
418 927
418 1355
418 1977
419 473
419 498
419 499
419 682
419 1133
419 1207
420 623
420 1256
420 1317
420 1382
420 1436
420 1563
420 1807
421 899
421 1135
421 1238
421 1568
421 1582
421 1606
421 1723
421 1877
421 2000
422 608
422 694
422 719
422 819
422 825
422 994
422 1005
422 1224
423 668
423 1172
423 1199
423 1667
424 465
424 837
424 1171
424 1187
424 1297
424 1320
424 1433
424 1794
425 504
425 612
425 630
425 1146
425 1204
425 1324
425 1464
425 1686
425 1709
425 1890
426 845
426 1241
426 1565
426 1904
427 473
427 722
427 1417
427 1475
427 1791
428 1023
428 1366
428 1409
428 1410
428 1484
428 1536
428 1725
429 469
429 1106
429 1118
429 1194
429 1363
430 1266
430 1635
431 530
431 917
431 1320
431 1647
431 1796
431 1931
432 646
432 1374
432 1973
433 613
433 845
433 1011
434 658
434 894
434 1214
434 1336
434 1487
434 1862
434 1866
435 549
435 1092
435 1155
435 1504
435 1793
435 1910
436 622
436 782
436 800
436 1087
436 1127
436 1176
436 1494
436 1658
436 1889
437 863
437 975
438 603
438 700
438 787
438 1371
438 1467
438 1866
439 542
439 757
439 806
439 1056
439 1111
439 1273
439 1381
439 1512
439 1589
439 1747
439 1946
440 1281
440 1880
441 1596
442 640
442 1406
442 1557
442 1661
442 1675
443 1057
443 1247
443 1274
443 1488
443 1754
443 1931
443 1990
444 649
444 986
444 1148
444 1419
444 1530
444 1702
445 497
445 665
445 1118
445 1177
445 1613
445 1868
446 616
446 1387
446 1451
446 1459
446 1922
446 1947
446 1970
447 634
447 660
447 901
447 930
447 1326
447 1525
447 1620
447 1631
447 1711
447 1862
448 481
448 981
448 1223
448 1292
448 1740
448 1886
449 642
449 762
449 1215
449 1692
449 1699
449 1853
450 593
450 657
450 744
450 762
450 1024
450 1188
450 1624
451 667
451 1052
451 1232
451 1443
451 1454
451 1815
452 575
452 647
452 738
452 776
452 830
452 1126
452 1738
452 1812
452 1879
453 518
453 1189
453 1396
453 1776
454 602
454 974
454 1046
454 1096
454 1116
454 1699
455 548
455 660
455 1004
455 1024
455 1574
455 1647
455 1822
455 1997
456 615
456 696
456 752
456 800
456 847
456 1150
456 1586
457 762
457 785
457 1382
457 1571
457 1614
457 1825
458 804
458 833
458 1040
458 1382
459 910
459 922
459 1338
459 1543
459 1655
460 474
460 618
460 661
460 758
460 1690
461 1138
461 1372
461 1827
462 676
462 1288
462 1308
462 1688
463 1218
463 1242
463 1578
463 1730
464 500
464 1014
464 1049
464 1183
464 1316
464 1628
464 1682
465 557
465 721
465 1215
465 1461
465 1840
465 1852
465 1938
466 554
466 607
466 1248
466 1416
466 1701
467 498
467 740
467 750
467 884
467 925
467 1051
467 1074
467 1444
467 1967
468 623
468 1181
468 1593
468 1913
468 1978
469 499
469 584
469 753
469 1322
469 1464
469 1602
469 1743
469 1754
470 771
470 1345
470 1847
471 553
471 606
471 737
471 1585
472 547
472 613
472 686
472 903
472 1169
473 878
473 1172
473 1327
473 1686
473 1818
473 1841
473 1843
474 561
474 655
474 679
474 918
474 1067
474 1406
475 628
475 721
475 1295
475 1487
475 1624
475 1853
476 532
476 602
476 752
476 1260
476 1361
476 1713
476 1970
477 507
477 629
477 839
477 897
477 935
477 975
477 999
477 1126
477 1128
477 1192
477 1280
477 1935
478 622
478 1027
478 1341
478 1579
478 1661
478 1754
478 1827
479 610
479 761
479 1771
479 1885
480 731
480 927
480 1159
480 1249
480 1876
480 1877
480 1936
481 527
481 1204
481 1616
482 709
482 1168
482 1197
483 777
483 1463
483 1537
483 1563
483 1565
483 1566
483 1595
483 1936
483 1989
484 513
484 639
484 943
484 1106
484 1115
484 1175
485 520
485 663
485 1087
485 1329
485 1573
485 1698
485 1959
486 792
486 1067
486 1686
486 1754
487 672
487 871
487 1899
488 726
488 737
488 1037
488 1062
488 1470
489 1736
490 948
490 1080
490 1121
490 1281
490 1481
490 1689
490 1702
490 1746
491 782
491 999
491 1059
491 1777
492 560
492 994
492 1014
492 1146
492 1192
492 1594
492 1781
493 571
493 616
493 1083
493 1218
493 1243
493 1747
493 1882
493 1950
494 703
494 774
494 982
494 1279
494 1734
494 1859
494 1931
495 781
495 933
495 1097
495 1111
495 1494
496 497
496 700
496 725
496 894
496 910
496 1455
497 520
497 1619
497 1822
497 1982
498 647
498 875
498 1054
498 1130
498 1179
498 1565
498 1902
499 850
499 980
499 1087
499 1683
499 1889
500 910
500 1239
500 1299
500 1561
500 1566
500 1661
501 546
501 1814
502 677
502 1161
502 1272
502 1725
502 1842
503 528
503 967
503 1096
503 1401
503 1644
504 518
504 708
504 1019
504 1649
504 1839
504 1892
505 750
505 1145
505 1526
505 1687
506 561
506 633
506 728
506 890
506 1010
506 1349
506 1461
506 1801
507 528
507 708
507 780
507 1072
507 1093
507 1344
507 1376
507 1396
507 1602
507 1803
508 566
508 584
508 632
508 994
508 1236
508 1392
509 537
509 662
509 1002
509 1024
509 1683
510 520
510 554
510 1405
511 1004
511 1037
511 1438
511 1527
512 590
512 911
512 1861
513 531
513 696
513 905
513 1185
513 1539
513 1571
513 1881
514 626
514 696
514 1261
514 1538
514 1878
515 530
515 1042
515 1074
515 1244
515 1456
515 1506
516 563
516 999
516 1235
516 1480
516 1721
516 1776
516 1802
516 1944
516 1992
517 875
517 1186
517 1860
518 1070
518 1401
518 1839
518 1900
519 924
519 1261
519 1277
520 719
520 1781
521 743
521 873
521 1045
521 1650
521 1890
522 607
522 811
522 1908
523 653
523 1421
523 1634
523 1859
524 1144
524 1162
524 1223
524 1269
524 1362
524 1715
524 1787
524 1831
525 732
525 1112
525 1635
525 1738
525 1955
525 1965
526 631
526 687
527 1086
527 1346
527 1706
528 1220
528 1373
528 1461
528 1724
528 1819
529 939
529 1426
529 1432
529 1594
529 1697
530 639
530 645
530 697
530 742
530 793
530 859
530 979
530 1641
530 1953
531 652
531 658
531 690
531 974
531 1124
531 1428
531 1448
531 1707
531 1763
532 676
532 847
532 863
532 890
532 1074
532 1199
532 1578
532 1983
533 879
533 1276
534 621
534 957
534 1284
534 1325
534 1484
534 1646
534 1898
535 956
535 985
535 1081
535 1472
535 1535
535 1770
536 1109
536 1291
536 1335
536 1381
536 1420
536 1631
536 1772
537 781
537 1035
537 1060
537 1561
537 1568
537 1654
537 1911
538 640
538 769
538 842
538 1551
539 677
539 1384
539 1700
539 1985
540 672
540 782
540 1705
540 1940
540 1974
541 706
541 1051
541 1082
541 1083
541 1213
541 1500
542 1043
542 1516
542 1837
543 1066
543 1076
543 1093
543 1257
543 1310
543 1606
544 587
544 666
545 1519
545 1559
546 575
546 934
546 1017
546 1115
546 1758
546 1806
547 728
547 858
547 1067
547 1590
547 1599
548 646
548 678
548 962
548 1089
548 1155
548 1350
548 1387
548 1435
548 1483
548 1604
548 1630
549 757
549 770
549 821
549 900
549 1062
549 1253
549 1495
550 689
550 1147
550 1632
550 1916
551 651
551 1695
551 1946
551 1980
552 1024
552 1354
552 1561
552 1685
553 556
553 721
553 915
553 928
553 934
553 966
553 1949
554 643
554 739
554 869
554 874
554 1131
554 1199
554 1437
554 1465
554 1570
554 1576
554 1631
554 1834
554 1894
555 590
555 802
555 1272
555 1304
555 1605
556 668
556 976
556 1243
556 1267
556 1295
556 1502
556 1543
556 1546
556 1604
556 1608
556 1637
556 1700
557 1139
557 1231
557 1442
557 1489
557 1607
557 1706
557 1938
558 663
558 1294
558 1391
558 1407
558 1601
559 577
559 636
559 1713
560 869
560 1385
560 1543
560 1554
560 1556
560 1788
560 1918
561 659
561 960
561 1110
562 878
562 1301
562 1349
562 1692
562 1717
562 1741
563 1864
564 643
564 685
564 907
564 1343
564 1429
565 811
565 1048
565 1061
565 1209
565 1440
565 1508
565 1698
565 1737
565 1905
565 1968
566 573
566 1141
566 1612
566 1837
567 609
567 785
567 1391
567 1424
567 1713
567 1986
568 710
568 880
568 1066
568 1297
569 833
569 1097
569 1535
569 1909
570 628
570 1477
570 1495
570 1503
570 1530
571 591
571 900
571 974
571 1387
571 1441
571 1493
571 1648
571 1736
571 1987
572 669
572 823
572 1295
572 1524
572 1784
572 1864
572 1868
573 788
573 888
573 940
573 977
573 1534
574 634
574 699
574 1141
574 1272
574 1356
574 1628
574 1816
575 989
575 1090
575 1474
575 1733
575 1780
575 1787
575 1935
575 1952
576 999
576 1136
576 1146
577 645
577 1218
577 1628
578 733
578 758
578 792
578 1489
578 1507
578 1694
578 1844
578 1968
579 1063
579 1264
580 771
580 1579
580 1656
580 1742
580 1904
581 698
581 1497
582 604
582 780
582 886
582 1532
582 1946
583 1114
583 1315
583 1380
583 1404
583 1780
583 1808
584 693
584 795
584 810
584 1529
584 1669
585 1088
585 1735
586 659
586 788
586 1051
587 712
587 912
587 1084
587 1090
587 1123
588 636
588 879
588 1202
588 1385
589 813
589 1080
589 1395
589 1441
589 1913
590 1328
590 1433
590 1906
591 923
591 942
591 1670
591 1716
591 1838
591 1894
592 902
592 1495
592 1714
592 1914
593 1565
593 1567
593 1621
593 1882
594 968
594 999
594 1108
594 1180
594 1638
594 1887
595 734
595 744
595 814
595 1075
595 1680
595 1714
596 940
596 977
596 994
596 1024
596 1047
596 1358
596 1373
596 1816
597 741
597 933
597 1253
597 1561
597 1709
598 772
598 1078
598 1568
598 1611
598 1910
599 1034
599 1382
599 1401
599 1453
599 1810
599 1912
600 737
600 862
600 942
600 1382
600 1623
600 1626
600 1864
601 711
601 815
601 930
601 1392
602 1111
602 1154
602 1841
603 770
603 952
603 1081
603 1215
603 1586
603 1715
604 673
604 1583
604 1712
604 1857
604 1915
604 1920
605 1915
606 659
606 804
606 808
606 990
606 1545
606 1806
607 675
607 1283
607 1492
607 1613
607 1880
608 710
608 800
608 827
608 1064
608 1148
608 1205
608 1249
608 1646
608 1664
608 1831
609 676
609 855
609 859
609 874
609 879
609 1386
609 1818
610 908
610 1047
610 1387
610 1642
611 835
611 1136
611 1567
612 926
612 1503
612 1558
612 1596
612 1816
613 749
613 751
613 1056
613 1445
613 1498
613 1808
614 721
614 859
614 1365
614 1406
614 1429
615 622
615 999
615 1307
615 1508
615 1628
615 1861
615 1870
615 1983
616 675
616 704
616 1122
616 1166
616 1171
616 1411
616 1718
616 1928
616 1958
617 828
617 900
617 1676
617 1820
617 1917
618 843
619 709
619 868
619 888
620 786
620 1241
620 1397
620 1633
621 864
621 1150
622 750
622 838
622 944
622 1023
622 1102
622 1125
622 1188
622 1339
622 1520
622 1747
622 1971
623 666
623 885
623 1008
623 1329
623 1603
624 684
624 1280
624 1303
624 1898
624 1978
625 667
625 1049
625 1091
625 1241
625 1725
625 1834
626 691
626 890
626 934
626 972
626 1271
626 1522
627 719
627 824
627 1073
627 1465
627 1924
627 1995
628 835
628 1129
628 1254
628 1437
628 1680
628 1697
628 1755
629 1085
629 1217
629 1902
630 1736
631 731
631 1017
631 1320
631 1408
631 1844
632 681
632 701
632 770
632 797
632 1277
633 983
633 1121
633 1165
633 1544
633 1737
633 1921
634 694
634 1516
635 693
635 1139
635 1605
636 1175
636 1347
636 1531
636 1630
636 1682
636 1730
636 1874
637 842
637 852
637 962
637 976
637 1264
637 1273
637 1677
637 1901
638 723
638 978
638 1126
638 1237
638 1435
638 1568
638 1673
638 1748
638 1968
639 752
639 1529
640 1129
640 1293
641 1575
641 1647
642 1181
642 1310
642 1608
642 1761
642 1946
643 661
643 917
643 1108
643 1112
643 1132
643 1819
643 1855
643 1923
643 1971
644 986
644 1052
644 1274
644 1392
644 1444
645 979
645 999
645 1411
645 1546
645 1677
646 702
646 876
646 1255
646 1286
646 1491
646 1655
646 1850
646 1971
647 757
647 863
647 1024
647 1311
647 1381
647 1493
647 1981
648 745
648 1226
649 822
649 935
649 1135
649 1264
649 1528
649 1643
649 1742
650 923
650 1290
650 1536
650 1583
650 1603
650 1762
651 730
651 944
651 1191
651 1255
651 1564
651 1827
652 773
652 889
652 1368
652 1457
652 1585
652 1960
653 1244
653 1832
653 1922
654 790
654 872
654 935
654 1049
654 1180
654 1234
654 1297
654 1344
654 1502
654 1602
654 1759
654 1815
655 813
655 1049
655 1654
655 1905
656 1437
656 1684
656 1736
656 1897
657 713
657 1315
657 1768
658 956
658 1617
658 1796
658 1912
659 1320
659 1708
659 1896
660 779
660 978
661 1360
661 1437
661 1804
661 1878
661 1915
661 1998
662 1102
662 1166
662 1383
662 1690
662 1718
662 1985
663 978
663 1247
663 1323
663 1707
663 1880
663 1959
663 1980
664 833
664 869
664 1178
664 1385
664 1662
664 1830
665 678
665 711
665 798
665 1088
665 1252
665 1417
666 693
666 937
666 1012
666 1338
666 1919
667 799
667 946
667 1737
667 1916
668 690
668 1083
668 1560
668 1696
668 1866
668 1979
669 750
669 798
669 1391
670 942
670 973
670 1427
670 1633
670 1861
670 1916
671 958
671 993
671 1601
671 1658
671 1740
671 1860
672 677
672 695
672 724
672 811
672 1023
672 1988
673 904
673 998
673 1000
673 1420
673 1623
673 1802
674 841
674 880
674 1418
674 1778
675 762
675 902
675 913
675 1053
675 1139
675 1174
675 1249
675 1436
675 1868
675 1978
676 701
676 841
676 1079
676 1239
676 1587
676 1617
676 1849
677 812
677 1166
677 1304
677 1595
677 1634
678 784
678 979
678 1194
678 1402
678 1734
678 1909
679 755
679 835
679 1016
679 1110
679 1817
679 1933
680 1261
680 1329
680 1608
680 1764
680 1801
680 1851
681 1011
681 1141
681 1882
681 1949
682 800
682 1133
682 1287
682 1292
682 1410
682 1593
682 1676
682 1688
682 1952
683 810
683 1387
683 1529
683 1922
684 1028
684 1301
684 1332
684 1683
685 967
685 1110
685 1114
685 1121
685 1219
685 1330
685 1685
685 1846
685 1875
686 1312
686 1383
686 1571
686 1615
687 1034
687 1189
687 1387
687 1603
687 1736
687 1776
687 1908
688 931
688 1560
688 1863
688 1901
688 1919
689 783
689 893
689 1149
689 1181
689 1230
689 1473
689 1575
689 1659
689 1852
690 1595
691 838
691 885
691 1044
691 1139
691 1181
691 1522
691 1589
691 1597
692 979
692 1311
692 1624
692 1783
692 1961
693 866
693 1229
693 1359
693 1648
693 1968
694 759
694 795
694 960
694 1286
694 1490
695 934
695 1514
695 1724
695 1742
695 1835
696 749
696 1408
697 948
697 1094
697 1467
697 1577
697 1689
697 1757
697 1773
698 929
698 1349
698 1460
698 1577
698 1959
699 807
699 810
699 824
699 896
699 1851
699 1980
700 866
700 926
700 1349
701 965
701 1576
701 1627
701 1821
701 1971
702 776
702 1191
702 1411
702 1740
702 1845
703 1306
703 1344
703 1640
704 961
704 978
704 1120
704 1534
705 1042
705 1072
705 1825
705 1942
706 1111
706 1311
706 1374
706 1422
706 1736
706 1999
707 858
707 877
707 1322
707 1625
708 716
708 1869
709 1088
709 1247
709 1495
709 1577
709 1673
709 1963
710 791
710 1353
710 1399
710 1577
710 1952
711 884
711 1026
711 1052
711 1553
711 1576
711 1587
711 1646
711 1749
711 1996
712 1409
713 734
713 976
713 1170
713 1231
714 866
714 1319
714 1447
714 1711
714 1733
714 1964
715 1376
715 1494
715 1825
715 1962
716 1054
716 1226
716 1465
716 1817
717 755
717 891
717 898
717 1057
717 1381
717 1733
717 1796
717 1884
717 1894
717 1904
717 1951
717 1956
718 779
718 868
718 976
718 984
718 1035
718 1361
718 1495
719 755
719 800
719 840
719 1784
720 789
720 1480
720 1500
720 1563
721 741
721 857
721 901
721 1080
721 1605
721 1929
722 855
722 914
722 1123
722 1388
722 1408
722 1655
722 1779
722 1914
722 1970
722 1995
723 1595
724 930
724 1029
724 1390
724 1856
725 916
725 985
725 1242
725 1357
725 1807
726 1300
726 1487
726 1547
726 1712
726 1788
728 1318
729 815
729 855
729 857
729 865
729 1100
729 1172
729 1201
729 1266
729 1279
729 1511
729 1527
729 1591
730 910
730 1353
731 836
731 985
731 1273
731 1421
731 1585
732 771
732 936
732 1454
732 1725
733 762
733 1346
733 1407
733 1517
733 1719
733 1738
734 741
734 954
734 1010
734 1429
734 1701
734 1996
735 1456
735 1690
735 1765
735 1815
735 1846
736 821
736 1585
737 877
737 1533
737 1569
737 1595
737 1807
737 1809
738 750
738 875
738 1047
738 1053
738 1117
738 1640
739 1525
739 1675
739 1894
740 809
740 877
740 886
740 1109
740 1177
740 1472
740 1754
740 1884
741 780
741 836
741 1024
741 1037
741 1149
741 1306
741 1955
741 1957
742 1079
742 1236
742 1294
742 1347
742 1519
742 1891
743 1034
743 1104
743 1240
743 1359
743 1656
743 1755
743 1931
744 1024
744 1025
744 1486
744 1545
744 1562
744 1763
745 966
745 1288
745 1867
746 839
746 847
746 1304
746 1325
746 1848
746 1888
747 801
747 991
747 1138
747 1352
747 1418
747 1743
748 1071
748 1432
748 1851
749 910
749 1488
749 1544
749 1655
750 1034
750 1553
750 1594
750 1624
750 1919
751 758
751 1128
751 1490
751 1546
751 1658
752 1040
752 1726
752 1909
753 1114
753 1202
754 980
754 1189
754 1345
754 1424
755 1604
755 1894
756 1289
756 1813
756 1980
757 1479
757 1608
757 1968
758 795
758 1201
758 1254
758 1882
758 1916
759 1064
759 1482
759 1496
759 1780
759 1832
760 891
760 936
760 1091
760 1340
760 1468
760 1746
760 1983
761 863
761 949
761 1100
761 1780
762 835
762 1179
762 1201
762 1203
762 1344
762 1523
762 1884
763 903
763 995
763 1032
763 1182
763 1598
763 1679
763 1794
764 1164
765 824
765 1173
765 1288
765 1319
765 1410
765 1776
765 1983
766 1271
766 1908
767 1354
767 1408
767 1412
767 1928
768 1188
768 1243
768 1718
768 1879
769 1788
769 1840
769 1892
770 876
770 1145
770 1310
770 1313
770 1375
770 1678
770 1730
770 1970
771 791
771 1746
771 1856
772 1456
772 1566
773 842
773 846
773 1382
773 1510
773 1746
773 1768
774 994
774 1304
774 1447
774 1643
774 1748
774 1854
775 980
775 1215
775 1420
775 1476
775 1648
775 1736
775 1834
775 1852
775 1918
776 1248
776 1343
776 1435
776 1803
776 1832
777 1058
777 1800
777 1984
778 1031
778 1942
779 900
779 932
779 1648
779 1746
779 1802
780 1061
780 1663
781 1366
781 1370
781 1663
781 1863
781 1888
781 1917
781 1982
782 1281
783 1118
783 1400
783 1505
783 1719
783 1974
784 1361
784 1386
784 1495
784 1701
785 1366
786 1270
786 1821
786 1965
787 1117
787 1299
787 1374
787 1603
787 1735
787 1739
787 1878
787 1957
788 1127
788 1131
788 1746
788 1829
789 1336
789 1483
789 1861
790 975
790 1005
790 1330
790 1532
790 1608
790 1716
791 909
791 1442
791 1689
791 1710
792 1126
792 1579
793 1195
793 1199
793 1216
793 1245
793 1435
793 1569
793 1627
794 877
794 923
794 1149
794 1642
794 1742
794 1901
795 796
795 887
795 1068
795 1155
795 1527
795 1570
796 1191
796 1358
796 1558
797 1380
797 1862
798 851
798 917
798 924
798 1015
798 1326
798 1580
799 827
799 864
799 882
799 1672
799 1780
800 925
800 947
800 1026
800 1322
800 1337
800 1818
800 1828
802 861
802 873
802 905
802 981
802 1339
802 1663
803 1129
803 1172
803 1238
803 1711
804 1133
804 1171
804 1219
804 1300
804 1312
804 1368
805 1193
805 1309
806 904
806 920
806 1728
807 989
807 1288
807 1312
807 1525
807 1708
807 1733
807 1812
807 1869
807 1995
808 1026
808 1651
808 1659
808 1768
808 1928
809 1024
809 1149
809 1208
809 1237
809 1382
809 1491
809 1724
809 1932
810 1332
811 1562
811 1981
812 906
812 1699
812 1779
812 1892
813 1711
814 1537
814 1551
814 1874
815 837
815 1233
815 1314
815 1321
815 1504
815 1543
816 1501
816 1592
817 833
817 963
817 1110
817 1256
817 1401
818 1232
818 1685
818 1834
818 1936
819 1551
819 1576
819 1706
819 1899
820 962
820 1204
820 1530
820 1832
820 1988
821 900
821 1197
821 1397
821 1421
822 850
822 873
822 878
822 1852
822 1903
823 898
823 956
823 978
823 1137
823 1211
823 1303
823 1387
823 1402
823 1722
823 1949
824 1368
824 1448
825 1037
825 1262
825 1898
826 1406
826 1887
827 1464
827 1673
827 1880
828 978
828 1374
828 1739
828 1892
828 1927
828 1956
829 967
829 1165
829 1419
829 1448
829 1484
829 1844
830 1349
830 1380
830 1540
830 1734
831 834
831 859
831 882
831 1015
831 1107
831 1223
831 1292
831 1508
831 1856
831 1881
832 1378
832 1556
832 1792
833 1005
833 1423
833 1777
833 1872
834 964
834 1004
834 1147
834 1377
834 1510
834 1564
834 1587
834 1944
834 1951
835 1017
835 1038
835 1162
835 1240
835 1481
835 1704
836 1204
836 1468
836 1517
836 1713
837 946
837 1286
837 1412
838 1666
838 1931
838 1981
839 1179
839 1374
839 1833
839 1862
839 1929
840 921
840 1098
840 1154
840 1206
840 1311
840 1484
841 1114
841 1190
841 1203
841 1873
841 1981
842 942
842 1342
842 1391
842 1527
842 1753
843 1433
843 1970
844 1270
844 1891
845 850
845 1243
845 1320
845 1753
845 1824
846 897
846 1002
846 1439
846 1481
848 1136
848 1550
848 1654
848 1760
848 1888
849 1191
849 1299
849 1548
849 1646
849 1722
849 1948
850 879
850 1018
850 1069
850 1205
850 1228
850 1665
850 1874
851 1217
851 1316
851 1561
851 1889
851 1939
852 1401
852 1442
852 1765
852 1895
853 992
853 1430
853 1624
853 1965
854 1247
854 1313
854 1835
855 946
855 1212
855 1712
855 1731
856 1312
856 1350
856 1393
856 1562
856 1803
857 1356
857 1582
857 1977
858 1229
858 1388
858 1809
858 1846
858 1847
859 880
859 1056
859 1083
859 1250
859 1874
860 951
860 969
860 1939
861 1159
861 1552
862 1164
862 1466
862 1516
862 1656
862 1917
863 1769
863 1826
863 1906
863 1969
864 1153
864 1572
864 1643
864 1700
865 955
865 1178
865 1202
865 1314
866 1153
866 1895
867 1118
867 1391
867 1628
868 1346
868 1367
868 1446
868 1543
869 895
869 939
869 965
869 1029
869 1055
869 1188
869 1320
869 1481
870 1155
870 1233
871 910
871 1047
871 1251
871 1279
871 1446
871 1535
872 932
872 970
872 1073
872 1250
872 1312
872 1844
873 890
873 914
873 967
873 1610
873 1731
873 1986
874 1520
874 1631
874 1771
874 1798
875 962
875 1120
875 1244
875 1503
875 1871
875 1886
876 880
876 1226
876 1394
876 1402
876 1836
876 1928
877 1021
877 1151
877 1455
877 1524
879 959
879 1217
879 1250
879 1630
880 976
880 1030
880 1164
880 1222
880 1380
881 977
881 987
881 1217
881 1253
881 1488
881 1505
881 1550
882 908
882 957
882 1087
882 1246
882 1292
882 1341
882 1391
882 1693
883 1180
883 1551
883 1577
883 1622
884 1163
884 1172
884 1555
885 978
885 1030
885 1382
885 1670
886 955
886 1187
886 1385
886 1559
886 1602
886 1751
886 1851
886 1902
886 1956
887 987
887 1339
887 1830
888 1280
888 1325
888 1575
888 1711
888 1766
889 920
889 1321
889 1746
889 1804
889 1936
890 1670
890 1930
891 1573
891 1883
892 1920
892 1929
893 1152
893 1588
893 1612
893 1956
894 1009
894 1046
894 1633
894 1744
895 983
895 988
895 1414
895 1500
895 1772
895 1785
896 1771
897 917
897 1115
897 1451
897 1753
897 1926
897 1985
898 968
898 1125
898 1742
899 1213
899 1305
899 1359
899 1480
899 1527
900 978
900 995
900 1175
900 1259
900 1714
901 1036
901 1057
901 1389
901 1391
901 1401
901 1610
901 1893
902 1009
902 1261
902 1344
902 1349
902 1412
903 1090
903 1458
903 1679
903 1784
903 1824
903 1850
903 1864
903 1990
904 1329
904 1591
904 1618
904 1684
904 1692
904 1745
904 1768
904 1925
905 919
905 1126
905 1404
905 1433
906 1504
906 1908
907 1226
907 1561
907 1651
907 1805
908 922
908 944
908 961
908 1185
908 1604
909 1118
909 1312
910 1219
910 1424
910 1493
910 1904
911 1063
911 1240
911 1454
911 1471
911 1864
912 964
912 1084
912 1294
912 1389
912 1976
913 960
913 1047
913 1051
913 1079
913 1681
913 1751
913 1956
914 1699
914 1910
915 933
915 973
915 1330
915 1348
916 1037
916 1097
916 1283
916 1317
916 1796
916 1907
917 1299
917 1480
917 1601
917 1804
918 1347
918 1359
918 1703
918 1844
919 1245
919 1678
919 1890
920 964
920 991
920 1184
920 1264
920 1545
920 1571
920 1739
920 1997
921 1099
922 956
922 1245
922 1282
922 1317
922 1575
922 1631
922 1736
923 1059
923 1111
923 1132
923 1581
923 1720
924 932
924 1250
925 1207
926 1094
926 1159
926 1380
926 1391
927 1005
927 1224
927 1999
928 1197
928 1497
928 1964
929 1398
929 1419
929 1565
929 1798
930 996
930 1059
930 1339
930 1450
930 1619
930 1631
930 1642
930 1646
930 1997
931 1036
931 1265
931 1281
931 1654
931 1750
931 1802
932 1391
932 1608
933 1125
933 1584
933 1592
933 1610
934 1107
934 1114
934 1447
934 1531
934 1649
934 1677
934 1823
935 1189
935 1503
935 1781
936 955
936 1349
936 1570
937 1739
937 1869
937 1878
938 1160
938 1755
938 1820
938 1826
939 1065
939 1518
939 1996
940 1602
941 1641
941 1654
941 1961
942 947
942 962
942 1026
942 1390
942 1569
942 1739
943 1454
944 1041
944 1310
944 1962
945 1108
945 1114
945 1164
945 1846
945 1886
945 1980
946 1093
946 1240
946 1267
946 1271
946 1391
946 1965
947 1179
947 1379
947 1380
947 1499
947 1801
948 1110
948 1251
948 1308
948 1673
948 1701
948 1818
949 1287
949 1619
949 1762
949 1848
949 1938
950 1217
950 1331
951 1556
951 1698
951 1875
952 1938
953 1253
953 1454
953 1496
953 1518
953 1954
954 1885
955 1344
955 1362
955 1829
955 1987
956 1213
956 1380
956 1511
956 1610
956 1708
956 1771
956 1849
957 1041
957 1361
957 1396
957 1750
957 1952
958 1192
958 1310
958 1313
958 1738
958 1789
959 999
959 1004
959 1365
960 1076
960 1434
961 966
961 978
961 1408
961 1457
961 1541
961 1740
961 1885
962 968
962 1126
962 1210
962 1258
962 1349
962 1743
962 1763
963 1702
964 1013
964 1194
964 1296
965 1153
965 1240
965 1438
965 1508
965 1860
966 1275
966 1319
966 1584
966 1898
967 1039
967 1138
967 1159
967 1449
967 1792
968 1495
968 1545
968 1817
969 975
969 1303
969 1366
969 1578
969 1835
969 1845
970 1395
970 1732
970 1973
971 1457
971 1575
972 1008
972 1147
972 1181
972 1436
972 1580
972 1795
972 1915
973 1035
973 1665
974 1249
974 1685
975 1608
975 1749
975 1772
975 1799
976 1164
976 1240
976 1287
976 1377
976 1621
977 1039
977 1092
977 1137
977 1194
977 1641
978 1004
978 1321
978 1369
979 1083
979 1743
979 1757
979 1950
979 1981
980 1238
980 1256
980 1539
980 1583
980 1966
981 1151
981 1336
982 1039
982 1134
982 1668
983 1114
983 1698
983 1764
983 1985
984 1854
986 1305
986 1694
987 1445
987 1623
987 1786
988 1861
989 1291
989 1663
989 1844
990 1309
990 1323
990 1672
990 1752
991 1122
991 1226
991 1227
991 1351
991 1385
991 1395
991 1733
992 1921
993 1317
993 1340
993 1369
993 1762
993 1926
993 1935
994 1107
994 1589
994 1816
995 1186
995 1438
995 1556
995 1804
996 1087
996 1194
996 1435
996 1888
996 1980
997 1615
998 1003
998 1568
998 1701
998 1763
998 1906
999 1937
1000 1050
1000 1064
1000 1136
1001 1394
1001 1801
1001 1873
1002 1444
1002 1764
1002 1819
1003 1052
1003 1199
1003 1894
1003 1931
1004 1325
1004 1822
1005 1011
1005 1043
1005 1271
1006 1187
1006 1746
1007 1466
1007 1865
1007 1990
1008 1195
1008 1310
1008 1801
1009 1282
1009 1353
1009 1375
1009 1435
1009 1499
1009 1796
1010 1066
1010 1300
1010 1539
1010 1852
1010 1897
1010 1945
1010 1982
1011 1056
1011 1148
1011 1341
1011 1663
1011 1788
1012 1530
1012 1927
1013 1020
1013 1313
1013 1807
1014 1041
1014 1557
1015 1231
1015 1371
1015 1586
1015 1658
1015 1695
1015 1742
1015 1756
1015 1839
1016 1114
1016 1152
1016 1445
1016 1568
1016 1774
1017 1263
1017 1620
1017 1668
1017 1674
1018 1390
1018 1421
1018 1550
1018 1713
1018 1884
1019 1051
1019 1582
1019 1661
1020 1076
1020 1527
1020 1575
1020 1577
1020 1633
1020 1681
1020 1753
1021 1399
1021 1525
1022 1183
1022 1588
1022 1599
1022 1605
1023 1164
1023 1633
1023 1645
1023 1779
1024 1577
1024 1726
1024 1808
1025 1213
1025 1701
1025 1841
1026 1434
1026 1836
1027 1034
1027 1268
1027 1345
1027 1354
1027 1550
1027 1627
1028 1138
1028 1162
1028 1236
1028 1324
1029 1128
1029 1162
1029 1288
1029 1672
1029 1703
1029 1990
1030 1100
1030 1378
1030 1446
1030 1502
1030 1708
1031 1060
1031 1627
1031 1843
1032 1073
1032 1353
1032 1523
1032 1532
1032 1961
1033 1367
1033 1660
1034 1272
1034 1427
1034 1497
1034 1641
1035 1234
1035 1237
1035 1423
1035 1625
1035 1729
1035 1933
1036 1095
1036 1278
1036 1400
1036 1992
1037 1864
1038 1077
1038 1617
1039 1127
1039 1138
1039 1162
1039 1249
1039 1440
1039 1472
1039 1501
1039 1783
1039 1817
1039 1976
1040 1177
1040 1249
1040 1463
1040 1608
1041 1164
1041 1245
1041 1507
1042 1316
1042 1463
1042 1984
1043 1119
1043 1222
1043 1788
1044 1209
1044 1309
1044 1527
1045 1219
1045 1362
1045 1579
1045 1728
1045 1920
1045 1951
1046 1237
1046 1652
1046 1690
1046 1861
1047 1415
1048 1063
1048 1485
1048 1530
1048 1615
1048 1639
1049 1950
1050 1169
1050 1244
1050 1778
1050 1921
1051 1112
1051 1347
1051 1468
1051 1553
1051 1724
1052 1620
1053 1321
1053 1846
1053 1907
1053 1989
1054 1245
1054 1826
1054 1982
1055 1577
1055 1687
1056 1130
1056 1798
1057 1556
1057 1824
1058 1447
1058 1497
1058 1755
1059 1354
1059 1790
1060 1280
1060 1627
1060 1686
1060 1857
1061 1345
1061 1741
1061 1788
1061 1831
1062 1267
1062 1706
1063 1158
1063 1167
1063 1241
1063 1786
1064 1161
1064 1170
1064 1221
1064 1352
1064 1583
1064 1603
1064 1754
1065 1200
1065 1447
1065 1641
1065 1748
1065 1789
1066 1832
1066 1881
1067 1239
1067 1270
1067 1306
1067 1347
1067 1649
1067 1685
1067 1789
1067 1835
1068 1334
1068 1422
1068 1426
1068 1616
1069 1224
1069 1293
1069 1582
1069 1800
1070 1375
1070 1381
1070 1684
1070 1913
1071 1152
1071 1359
1071 1520
1071 1773
1071 1900
1072 1197
1073 1338
1073 1481
1073 1509
1073 1770
1074 1496
1074 1561
1074 1985
1075 1345
1075 1390
1075 1568
1075 1867
1075 1919
1076 1429
1076 1539
1076 1614
1076 1632
1076 1657
1076 1673
1076 1722
1076 1763
1076 1901
1076 1947
1077 1170
1077 1921
1078 1527
1079 1175
1079 1507
1079 1935
1079 1956
1080 1474
1080 1668
1080 1703
1080 1794
1081 1205
1081 1241
1081 1484
1081 1739
1082 1344
1082 1474
1082 1533
1082 1865
1082 1925
1083 1106
1083 1119
1083 1544
1083 1610
1083 1806
1083 1937
1083 1962
1083 1982
1084 1173
1084 1687
1084 1695
1085 1161
1085 1209
1085 1239
1085 1292
1085 1387
1085 1454
1085 1820
1086 1371
1086 1588
1086 1650
1086 1762
1086 1882
1086 1891
1087 1095
1087 1338
1087 1476
1087 1558
1087 1589
1087 1713
1087 1764
1087 1796
1087 1824
1087 1936
1088 1961
1089 1445
1090 1109
1090 1193
1090 1262
1091 1173
1091 1279
1091 1681
1091 1745
1091 1955
1091 1969
1092 1393
1092 1400
1092 1604
1092 1765
1092 1958
1093 1723
1094 1322
1094 1734
1095 1555
1096 1452
1096 1617
1097 1885
1098 1329
1098 1505
1098 1596
1098 1827
1098 1836
1100 1258
1100 1731
1100 1784
1100 1829
1100 1851
1101 1265
1101 1960
1101 1968
1102 1136
1102 1139
1102 1175
1102 1329
1102 1354
1102 1430
1102 1433
1102 1823
1102 1975
1103 1136
1103 1208
1103 1669
1103 1749
1103 1784
1104 1465
1105 1245
1105 1252
1105 1452
1105 1478
1105 1918
1106 1534
1106 1718
1107 1477
1107 1523
1107 1588
1107 1615
1107 1968
1108 1308
1108 1359
1108 1403
1108 1631
1108 1657
1108 1886
1109 1129
1109 1392
1109 1463
1109 1491
1109 1679
1110 1308
1111 1187
1111 1195
1111 1344
1111 1591
1111 1735
1111 1961
1112 1226
1112 1248
1114 1187
1114 1386
1114 1509
1114 1663
1117 1297
1117 1811
1118 1597
1118 1675
1118 1738
1118 1875
1119 1235
1119 1240
1119 1912
1120 1144
1120 1606
1121 1287
1121 1995
1122 1292
1122 1360
1122 1534
1123 1674
1123 1926
1124 1426
1124 1677
1124 1837
1125 1132
1125 1261
1125 1651
1125 1823
1125 1884
1126 1259
1126 1417
1127 1295
1127 1376
1127 1881
1127 1959
1128 1160
1128 1368
1128 1372
1128 1373
1128 1485
1128 1726
1128 1801
1129 1285
1129 1304
1129 1654
1129 1972
1130 1267
1130 1356
1130 1385
1130 1638
1130 1826
1130 1964
1131 1322
1131 1562
1132 1632
1132 1676
1132 1824
1133 1329
1134 1489
1134 1729
1134 1891
1136 1265
1136 1385
1136 1558
1136 1697
1137 1403
1138 1196
1139 1243
1139 1350
1139 1484
1139 1813
1139 1889
1140 1742
1140 1777
1140 1891
1141 1415
1141 1519
1141 1773
1141 1919
1142 1187
1142 1385
1142 1567
1142 1844
1142 1880
1143 1486
1144 1749
1144 1935
1144 1947
1144 1956
1145 1673
1146 1155
1147 1200
1147 1873
1147 1881
1148 1207
1148 1404
1148 1803
1148 1873
1149 1260
1150 1326
1151 1566
1151 1662
1151 1886
1152 1484
1152 1850
1153 1271
1153 1449
1153 1530
1153 1620
1153 1639
1153 1702
1154 1475
1154 1574
1154 1665
1154 1777
1154 1811
1154 1969
1155 1434
1155 1553
1155 1643
1155 1750
1155 1882
1156 1215
1156 1408
1156 1672
1156 1770
1157 1275
1157 1292
1157 1368
1158 1494
1158 1798
1159 1293
1159 1327
1159 1571
1160 1272
1160 1424
1160 1530
1160 1698
1160 1729
1161 1177
1161 1893
1162 1892
1162 1976
1163 1465
1163 1663
1163 1739
1163 1767
1164 1470
1164 1577
1164 1578
1164 1651
1165 1529
1165 1829
1166 1389
1166 1575
1166 1948
1167 1320
1167 1367
1167 1700
1167 1874
1167 1988
1168 1493
1168 1690
1169 1435
1169 1439
1169 1555
1169 1780
1171 1214
1171 1303
1171 1574
1171 1667
1171 1803
1171 1978
1172 1727
1173 1300
1173 1801
1174 1338
1174 1399
1174 1459
1174 1586
1174 1667
1174 1763
1176 1730
1176 1786
1178 1260
1178 1374
1178 1737
1178 1806
1179 1862
1179 1912
1180 1449
1180 1974
1181 1322
1181 1332
1181 1518
1181 1520
1182 1341
1182 1370
1182 1409
1182 1477
1182 1679
1182 1691
1182 1728
1182 1859
1183 1496
1183 1591
1183 1631
1183 1728
1183 1824
1184 1363
1184 1676
1185 1197
1185 1770
1185 1823
1185 1833
1185 1840
1186 1294
1186 1403
1186 1457
1186 1464
1186 1788
1186 1988
1188 1221
1188 1242
1188 1381
1188 1456
1188 1584
1188 1819
1188 1839
1189 1832
1189 1882
1190 1210
1190 1676
1191 1393
1191 1540
1191 1613
1191 1728
1192 1424
1192 1662
1192 1768
1192 1972
1193 1560
1193 1901
1194 1439
1194 1489
1194 1583
1195 1283
1195 1919
1196 1367
1196 1441
1196 1669
1196 1878
1197 1269
1197 1792
1198 1230
1199 1356
1199 1368
1199 1389
1199 1440
1199 1756
1199 1829
1199 1852
1200 1405
1200 1425
1200 1437
1200 1820
1201 1518
1202 1623
1202 1813
1202 1856
1203 1516
1203 1568
1203 1627
1204 1470
1204 1677
1204 1686
1204 1745
1205 1424
1205 1582
1205 1611
1205 1663
1206 1251
1206 1367
1206 1462
1206 1875
1207 1354
1207 1909
1207 1955
1208 1488
1208 1815
1208 1906
1209 1406
1209 1412
1209 1450
1209 1649
1209 1775
1209 1802
1209 1856
1210 1532
1210 1769
1210 1870
1211 1239
1211 1647
1211 1999
1212 1343
1212 1386
1212 1445
1212 1452
1212 1594
1212 1655
1212 1684
1213 1351
1213 1671
1214 1568
1214 1856
1214 1969
1214 1995
1215 1448
1215 1500
1216 1250
1216 1777
1217 1249
1217 1415
1217 1421
1217 1535
1217 1984
1218 1275
1218 1409
1218 1730
1219 1398
1219 1592
1220 1236
1220 1360
1220 1597
1221 1956
1222 1263
1222 1761
1222 1862
1223 1267
1223 1269
1223 1621
1223 1882
1223 1967
1224 1397
1224 1437
1224 1440
1224 1538
1224 1807
1225 1261
1225 1410
1225 1524
1225 1540
1225 1727
1226 1251
1227 1300
1227 1512
1227 1543
1227 1577
1227 1578
1228 1744
1228 1864
1228 1914
1229 1624
1230 1525
1230 1585
1231 1308
1231 1849
1231 1958
1232 1408
1232 1652
1233 1793
1233 1918
1234 1421
1234 1872
1235 1609
1235 1897
1236 1413
1236 1523
1236 1923
1237 1720
1237 1729
1239 1302
1239 1819
1240 1347
1240 1405
1241 1941
1243 1330
1243 1440
1243 1468
1244 1900
1244 1932
1245 1710
1245 1764
1246 1498
1246 1686
1246 1747
1247 1513
1247 1757
1247 1970
1248 1558
1248 1645
1248 1776
1248 1915
1248 1919
1249 1325
1249 1445
1249 1699
1249 1897
1250 1297
1250 1870
1251 1284
1251 1457
1251 1510
1251 1741
1251 1764
1251 1781
1252 1610
1253 1704
1253 1951
1254 1258
1254 1456
1255 1496
1255 1619
1255 1713
1255 1956
1256 1385
1256 1434
1256 1473
1257 1685
1258 1467
1258 1476
1258 1793
1259 1305
1259 1835
1260 1279
1260 1562
1261 1556
1261 1692
1261 1712
1261 1794
1261 1930
1262 1290
1262 1602
1262 1661
1263 1268
1263 1444
1263 1525
1263 1550
1263 1576
1263 1783
1263 1801
1263 1837
1263 1971
1264 1611
1264 1636
1265 1298
1265 1548
1265 1673
1265 1774
1265 1777
1266 1311
1266 1329
1267 1764
1267 1772
1267 1992
1268 1493
1268 1780
1269 1307
1269 1376
1269 1935
1269 1937
1270 1426
1270 1467
1270 1777
1270 1888
1271 1999
1272 1623
1272 1911
1273 1780
1273 1824
1273 1847
1274 1376
1274 1537
1274 1545
1274 1765
1275 1367
1275 1682
1275 1894
1275 1964
1276 1410
1276 1471
1276 1498
1276 1602
1277 1352
1277 1613
1277 1894
1278 1537
1278 1772
1278 1808
1280 1364
1280 1665
1280 1674
1280 1688
1280 1905
1281 1710
1283 1388
1283 1399
1283 1611
1283 1655
1283 1685
1283 1875
1284 1360
1284 1464
1284 1486
1284 1503
1284 1836
1285 1405
1285 1422
1285 1469
1285 1993
1286 1445
1287 1416
1287 1493
1287 1558
1288 1889
1289 1613
1290 1419
1290 1615
1290 1623
1291 1579
1293 1810
1293 1873
1293 1962
1294 1458
1295 1353
1295 1378
1295 1852
1296 1368
1296 1585
1296 1760
1296 1869
1297 1325
1297 1475
1297 1712
1297 1906
1298 1301
1298 1498
1298 1929
1299 1715
1300 1395
1300 1481
1300 1706
1300 1764
1300 1970
1301 1609
1301 1616
1302 1323
1302 1783
1302 1812
1302 1865
1302 1952
1302 1979
1303 1525
1303 1785
1303 1976
1304 1664
1304 1697
1305 1633
1305 1866
1306 1479
1306 1660
1306 1903
1307 1393
1307 1560
1307 1590
1307 1671
1307 1707
1308 1387
1308 1854
1309 1510
1309 1549
1310 1364
1310 1398
1310 1581
1310 1592
1311 1790
1311 1870
1312 1365
1312 1466
1312 1715
1312 1915
1313 1641
1313 1674
1314 1517
1314 1522
1314 1551
1314 1704
1315 1644
1316 1559
1318 1679
1318 1775
1318 1863
1319 1731
1319 1981
1320 1390
1320 1773
1320 1810
1320 1988
1321 1551
1321 1620
1321 1650
1321 1763
1321 1852
1322 1462
1322 1553
1323 1662
1324 1562
1324 1844
1324 1927
1325 1448
1326 1753
1326 1802
1328 1900
1329 1583
1330 1683
1330 1965
1330 1981
1331 1794
1332 1435
1333 1508
1333 1688
1333 1715
1333 1983
1334 1525
1334 1732
1335 1529
1336 1404
1336 1798
1337 1397
1337 1516
1337 1835
1337 1966
1338 1481
1338 1507
1338 1765
1339 1530
1339 1579
1340 1534
1340 1741
1340 1967
1341 1854
1341 1974
1342 1448
1342 1466
1342 1566
1342 1717
1342 1821
1342 1865
1343 1555
1344 1773
1345 1370
1345 1495
1345 1901
1345 1956
1346 1400
1347 1954
1348 1658
1348 1756
1348 1948
1348 1990
1349 1424
1349 1563
1349 1753
1349 1872
1350 1355
1350 1862
1350 1958
1350 2000
1351 1494
1351 1565
1353 1511
1353 1739
1353 1932
1354 1453
1354 1580
1354 1790
1355 1929
1355 1930
1355 1960
1356 1400
1356 1706
1356 1854
1356 1895
1356 1905
1357 1419
1357 1460
1357 1544
1358 1434
1358 1881
1358 1966
1359 1671
1359 1885
1360 1505
1361 1775
1363 1427
1363 1766
1363 1882
1364 1399
1364 1433
1364 1515
1365 1653
1366 1388
1366 1420
1366 1597
1366 1660
1366 1800
1366 1875
1366 1991
1367 1699
1367 1823
1368 1533
1370 1816
1370 1948
1371 1782
1372 1451
1372 1633
1372 1671
1372 1677
1372 1740
1372 1787
1373 1506
1373 1543
1373 1882
1374 1390
1374 1474
1374 1619
1374 1796
1375 1655
1375 1812
1375 1882
1375 1990
1376 1905
1377 1498
1377 1792
1378 1406
1378 1474
1378 1860
1378 1894
1380 1998
1381 1549
1381 1620
1381 1642
1381 1746
1382 1417
1382 1798
1383 1400
1383 1748
1383 1811
1384 1508
1384 1523
1384 1557
1384 1593
1384 1811
1385 1879
1385 1972
1386 1414
1386 1725
1386 1768
1386 1907
1387 1847
1387 1946
1388 1643
1388 1984
1389 1529
1389 1619
1389 1703
1390 1405
1390 1660
1390 1726
1390 1980
1391 1402
1391 1407
1391 1435
1391 1507
1391 1623
1392 1478
1392 1542
1392 1753
1392 1774
1392 1845
1393 1481
1394 1444
1394 1706
1395 1411
1395 1419
1395 1439
1395 1516
1395 1528
1396 1521
1396 1808
1396 1831
1397 1691
1397 1769
1397 1893
1399 1568
1399 1570
1400 1958
1401 1569
1402 1486
1402 1823
1403 1902
1403 1963
1405 1432
1405 1441
1407 1712
1407 1735
1407 1744
1408 1513
1408 1578
1409 1493
1409 1679
1410 1800
1411 1423
1411 1622
1411 1702
1411 1858
1412 1617
1412 1633
1412 1800
1413 1673
1413 1902
1414 1443
1414 1534
1414 1702
1414 1848
1415 1796
1415 1930
1416 1620
1416 1805
1417 1443
1417 1798
1418 1446
1418 1689
1418 1754
1418 1847
1418 1874
1418 1972
1419 1460
1420 1574
1420 1584
1421 1513
1421 1538
1422 1556
1422 1709
1423 1430
1423 1517
1424 1492
1424 1765
1424 1803
1424 1903
1425 1446
1425 1674
1425 1931
1426 1468
1427 1749
1427 1979
1428 1446
1428 1606
1428 1646
1428 1753
1430 1818
1430 1883
1431 1626
1431 1768
1432 1742
1432 1804
1432 1906
1434 1732
1434 1761
1434 1777
1434 1937
1435 1577
1435 1581
1435 1786
1436 1714
1436 1927
1437 1503
1437 1738
1438 1571
1438 1669
1438 1712
1438 1809
1439 1708
1439 1814
1439 1938
1440 1637
1440 1860
1441 1454
1441 1590
1443 1610
1443 1735
1443 1754
1443 1881
1444 1567
1445 1848
1446 1699
1446 1915
1447 1535
1447 1773
1449 1783
1449 1784
1449 1951
1450 1624
1450 1664
1450 1707
1450 1972
1451 1599
1451 1614
1451 1807
1451 1886
1452 1488
1452 1741
1452 1771
1452 1862
1454 1970
1456 1994
1457 1559
1457 1710
1457 1776
1457 1983
1458 1526
1458 1998
1459 1741
1460 1485
1461 1953
1462 1884
1463 1670
1464 1887
1465 1604
1466 1692
1466 1768
1466 1851
1467 1558
1467 1577
1467 1731
1467 1945
1468 1601
1468 1609
1468 1757
1468 1772
1470 1473
1470 1991
1471 1664
1471 1950
1473 1634
1474 1543
1474 1663
1474 1664
1474 1998
1475 1561
1475 1993
1476 1536
1476 1760
1476 1781
1477 1650
1477 1855
1477 1921
1478 1828
1480 1588
1481 1496
1481 1546
1481 1733
1481 1919
1482 1604
1482 1957
1483 1601
1483 1659
1483 1838
1483 1917
1485 1564
1486 1740
1486 1953
1487 1701
1487 1771
1487 1785
1489 1642
1489 1798
1489 1931
1490 1913
1490 1955
1490 1988
1491 1562
1491 1609
1491 1787
1491 1810
1492 1576
1493 1549
1493 1847
1494 1809
1495 1623
1495 1736
1495 1969
1496 1608
1497 1589
1497 1843
1497 1996
1498 1511
1498 1515
1498 1826
1498 1827
1499 1689
1499 1716
1499 1933
1499 1995
1500 1993
1501 1591
1501 1620
1501 1845
1502 1571
1503 1512
1503 1891
1504 1868
1504 1887
1505 1621
1506 1775
1506 1933
1508 1529
1508 1765
1509 1712
1511 1521
1511 1766
1512 1675
1513 1515
1514 1825
1514 1843
1514 1873
1515 1656
1516 1616
1516 1930
1517 1888
1517 1962
1518 1538
1518 1549
1518 1675
1518 1724
1519 1660
1522 1607
1522 1664
1522 1804
1522 1974
1522 1977
1523 1611
1523 1723
1523 1967
1524 1646
1524 1783
1524 1842
1524 1878
1525 1542
1525 1839
1525 1907
1526 1582
1527 1803
1527 1812
1527 1993
1528 1630
1528 1808
1529 1614
1529 1789
1529 1855
1529 1931
1531 1875
1531 1931
1531 1981
1532 1924
1533 1549
1533 1772
1534 1746
1534 1860
1536 1998
1537 1637
1537 1851
1537 1934
1539 1757
1539 1970
1540 1821
1541 1994
1542 1734
1543 1662
1545 1963
1545 1976
1546 1920
1547 1551
1547 1564
1548 1878
1549 1631
1549 1708
1549 1776
1549 1933
1551 1948
1552 1590
1552 1700
1553 1744
1553 1827
1553 1879
1554 1719
1554 1836
1555 1804
1555 1907
1555 1970
1556 1755
1557 1727
1558 1596
1558 1652
1558 1909
1561 1880
1561 1948
1562 1738
1563 1690
1563 1870
1564 1601
1564 1653
1565 1582
1565 1830
1565 1914
1566 1708
1567 1892
1568 1740
1568 1745
1568 1886
1568 1934
1569 1601
1569 1896
1570 1660
1572 1830
1572 1874
1574 1607
1574 1758
1574 1895
1575 1796
1575 1840
1576 1675
1577 1627
1577 1784
1577 1999
1579 1814
1579 1864
1580 1847
1581 1773
1581 1929
1582 1789
1583 1820
1585 1641
1585 1695
1585 1837
1586 1846
1587 1629
1587 1967
1589 1699
1590 1599
1590 1656
1590 1772
1590 1848
1591 1944
1592 1867
1593 1726
1593 1870
1593 1911
1594 1738
1594 1842
1594 1863
1595 1925
1596 1693
1596 1826
1598 1962
1598 1964
1599 1966
1600 1770
1601 1915
1601 1948
1602 1751
1602 1773
1602 1775
1605 1664
1605 1709
1605 1728
1605 1844
1606 1663
1606 1968
1608 1703
1608 1902
1608 1918
1609 1909
1610 1637
1611 1879
1614 1907
1615 1878
1617 1851
1617 1913
1618 1755
1618 1940
1619 1883
1620 1803
1620 1829
1620 1939
1621 1722
1621 1891
1622 1838
1622 1965
1623 1917
1623 1976
1625 1656
1625 1981
1627 1981
1628 1799
1628 1925
1631 1871
1631 1891
1632 1791
1632 1805
1634 1684
1634 1813
1637 1640
1637 1707
1637 1857
1637 1897
1637 1905
1637 1909
1637 1948
1639 1912
1640 1847
1640 1996
1641 1730
1642 1893
1645 1684
1646 1798
1646 1809
1647 1684
1647 1755
1648 1657
1648 1725
1649 1704
1650 1654
1650 1749
1650 1865
1651 1769
1652 1699
1652 1863
1653 1895
1653 1980
1654 1900
1655 1948
1656 1736
1656 1946
1657 1777
1657 1941
1659 1716
1659 1741
1660 1820
1660 1889
1664 1740
1665 1817
1667 1700
1668 1875
1669 1937
1670 1736
1672 1785
1672 1909
1673 1694
1674 1957
1676 1942
1678 1808
1678 1953
1678 1984
1679 1696
1679 1738
1679 1815
1679 1842
1681 1995
1682 1963
1683 1946
1683 1954
1683 1990
1685 1807
1686 1958
1687 1801
1688 1798
1689 1700
1691 1769
1691 1928
1692 1724
1693 1733
1694 1891
1697 1808
1697 1824
1697 1883
1698 1702
1698 1785
1698 1850
1700 1731
1700 1869
1701 1724
1701 1735
1701 1825
1701 1971
1702 1833
1702 1928
1705 1887
1706 1711
1707 1923
1708 1824
1710 1876
1715 1932
1717 1816
1717 1974
1718 1901
1721 1916
1722 1831
1722 1888
1722 1947
1723 1803
1724 1952
1725 1845
1725 1925
1727 1798
1728 1742
1728 1988
1730 1749
1731 1797
1733 1781
1733 1842
1733 1860
1733 1866
1734 1809
1734 1961
1735 1737
1736 1766
1736 1989
1738 1886
1739 1744
1739 1775
1739 1858
1742 1744
1742 1976
1743 1951
1744 1941
1745 1840
1745 1912
1746 1873
1746 1882
1746 1896
1747 1764
1749 1940
1750 1774
1751 1914
1752 1882
1754 1825
1754 1914
1755 1800
1757 1809
1757 1950
1760 1814
1761 1957
1763 1770
1765 1844
1766 1853
1766 1879
1766 1887
1767 1833
1768 1800
1768 1820
1771 1794
1773 1953
1773 1967
1775 1796
1777 1832
1779 1786
1779 1970
1780 1831
1781 1799
1781 1804
1781 1814
1784 1858
1787 1893
1791 1811
1791 1890
1793 1862
1793 1899
1794 1799
1794 1886
1794 1965
1795 1853
1797 1856
1797 1867
1799 1931
1800 1857
1801 1834
1803 1930
1804 1904
1805 1896
1805 1919
1806 1834
1806 1947
1807 1892
1808 1816
1810 1964
1811 1989
1812 1992
1813 1963
1815 1942
1816 1854
1816 1918
1818 1922
1820 1906
1820 1965
1822 1870
1823 1874
1825 1881
1828 1850
1828 1912
1828 1978
1829 1833
1830 1923
1831 1922
1832 1868
1836 1857
1836 1859
1837 1960
1838 1869
1838 1936
1841 1976
1842 1872
1842 1937
1842 1960
1843 1967
1844 1996
1845 1898
1847 1907
1849 1891
1849 1915
1851 1863
1851 1880
1854 1933
1856 1906
1858 1913
1859 1973
1860 1870
1861 1897
1861 1909
1861 1981
1865 1957
1865 1975
1866 1880
1866 1891
1874 1926
1874 1988
1875 1876
1875 1956
1876 1895
1877 1884
1886 1905
1889 1982
1889 1984
1890 1921
1890 1942
1890 1972
1890 2000
1893 1900
1896 1920
1896 1935
1896 1942
1897 1956
1899 1996
1901 1922
1912 1981
1919 1971
1920 1977
1921 1949
1925 1985
1948 1968
1949 1971
1951 1953
1951 1966
1953 1971
1991 1997