2000
1 147
1 320
1 421
1 484
1 1098
1 1223
1 1490
1 1538
1 1758
1 1784
1 1954
2 297
2 709
2 1478
2 1538
3 214
3 215
3 224
3 272
3 320
3 565
3 937
3 1729
4 11
4 132
4 157
4 443
4 472
4 782
4 1396
4 1975
5 25
5 1074
5 1367
5 1474
6 81
6 336
6 491
6 1140
6 1564
6 1923
7 447
7 548
7 692
7 707
7 787
7 1003
7 1222
7 1247
7 1530
7 1566
8 229
8 328
8 434
8 641
8 872
8 884
8 1053
8 1059
8 1201
8 1854
9 35
9 493
9 828
9 1051
10 939
10 1073
10 1220
11 341
11 379
11 809
11 947
11 1116
11 1271
11 1355
11 1694
11 1887
12 136
12 156
12 305
12 558
12 601
12 925
12 1029
12 1135
12 1389
12 1703
12 1871
12 1989
13 359
13 679
13 680
13 871
13 910
13 943
13 1137
13 1193
13 1214
13 1396
13 1784
13 1971
13 1979
13 1995
14 322
14 1069
14 1296
14 1417
14 1452
14 1730
15 206
15 213
15 535
15 765
15 868
15 900
15 1113
15 1195
15 1558
15 1780
15 1864
16 55
16 541
16 695
16 1269
16 1512
16 1581
17 193
17 384
17 670
17 676
17 876
17 1179
17 1585
18 355
18 423
18 787
18 931
18 984
18 1069
18 1338
18 1502
18 1620
18 1879
19 528
19 571
19 713
19 829
19 1389
19 1537
19 1675
19 1751
20 224
20 429
20 733
20 841
20 1026
20 1108
20 1612
20 1836
20 1924
21 779
21 944
21 953
21 1424
21 1612
22 74
22 133
22 212
22 1259
22 1318
22 1617
22 1910
23 134
23 188
23 331
23 717
23 1428
24 177
24 287
24 420
24 425
24 454
24 555
24 580
24 671
24 942
24 1118
24 1511
24 1526
24 1527
24 1681
24 1689
25 301
25 378
25 565
25 1114
25 1325
25 1412
25 1591
26 275
26 785
26 793
26 1167
26 1372
26 1445
26 1489
26 1755
26 1772
27 215
27 713
27 714
27 928
27 1102
27 1283
27 1417
27 1441
27 1880
28 151
28 342
28 882
28 1123
28 1314
28 1713
28 1789
29 192
29 357
29 629
29 1130
29 1768
29 1843
30 144
30 610
30 912
30 968
30 1502
30 1552
30 1676
30 1940
31 762
31 1417
31 1769
32 428
32 767
32 1425
32 1770
32 1800
33 55
33 162
33 227
33 926
33 1523
33 1552
33 1609
34 43
34 209
34 425
34 800
34 1572
34 1834
35 793
35 1033
35 1241
35 1262
35 1395
35 1535
35 1696
35 1848
36 1225
36 1285
36 1442
36 1447
36 1659
36 1804
36 1920
37 454
37 1246
37 1333
37 1638
38 131
38 168
38 214
38 279
38 909
38 945
38 1049
38 1292
38 1564
38 1615
39 242
39 770
39 805
39 1047
39 1064
39 1174
39 1483
39 1547
39 1783
40 93
40 355
40 526
40 1770
40 1889
41 473
41 809
41 1338
41 1396
41 1493
41 1600
41 1920
41 1999
42 84
42 250
42 293
42 397
42 962
42 1117
42 1306
42 1385
42 1723
42 1834
42 1895
43 67
43 89
43 712
43 797
43 800
43 1190
43 1220
43 1553
43 1702
44 90
44 380
44 717
44 1402
44 1916
45 357
45 550
45 714
45 1181
45 1208
45 1482
46 1457
46 1514
46 1680
46 1723
46 1891
46 2000
47 693
47 928
47 1310
47 1419
47 1712
47 1750
48 526
48 562
48 837
48 1172
48 1404
48 1957
49 368
49 400
49 680
49 846
49 903
49 1135
49 1195
49 1218
49 1317
49 1405
49 1699
49 1767
50 98
50 141
50 289
50 464
50 1181
50 1281
50 1626
51 598
51 1056
51 1164
51 1659
51 1815
52 76
52 651
52 701
52 1066
52 1253
52 1630
52 1664
53 359
53 435
53 728
53 746
53 1411
53 1853
54 463
54 699
54 745
54 1078
54 1140
54 1789
54 1963
55 1091
55 1232
55 1616
55 1827
55 1922
56 1044
56 1313
56 1528
56 1813
57 484
57 614
57 704
57 1056
57 1143
57 1160
57 1646
57 1722
57 1899
58 60
58 332
58 389
58 644
58 769
58 1136
58 1259
59 541
59 648
59 739
59 1525
59 1688
59 1736
59 1785
59 1928
60 995
60 1132
60 1195
60 1683
60 1754
61 446
61 1347
61 1423
62 224
62 964
62 1265
62 1281
62 1825
62 1904
63 128
63 398
63 700
63 709
63 825
63 882
63 1447
63 1505
63 1600
63 1712
63 1729
63 1880
63 1919
64 94
64 101
65 251
65 505
65 844
65 902
65 1156
65 1167
65 1668
65 1907
66 246
66 273
66 338
66 723
66 736
66 756
66 881
66 1197
66 1255
66 1797
67 271
67 594
67 770
67 932
67 1325
67 1715
67 1776
68 187
68 394
68 594
68 796
68 851
68 873
68 1009
68 1050
68 1443
68 1736
68 1911
69 336
69 581
69 745
69 780
69 1263
69 1473
69 1664
69 1736
69 1873
69 1881
70 255
70 469
70 745
70 943
70 970
70 1002
70 1369
70 1716
71 453
71 570
71 660
71 770
71 823
71 1162
71 1756
72 566
72 1068
72 1111
72 1277
72 1822
73 124
73 156
73 471
73 1296
73 1649
74 295
74 304
74 1436
74 1437
74 1477
74 1824
75 218
75 244
75 631
75 727
75 737
75 861
75 1650
76 140
76 890
76 1000
76 1169
76 1332
76 1349
76 1472
76 1567
76 1666
76 1730
76 1732
76 1921
77 116
77 158
77 857
77 1095
77 1266
77 1507
77 1555
78 121
78 534
78 596
78 637
78 1513
78 1924
79 600
79 1033
79 1214
79 1394
79 1775
79 1788
79 1794
80 211
80 250
80 350
80 1117
80 1165
80 1186
80 1264
80 1305
80 1336
80 1360
80 1883
81 155
81 190
81 1257
81 1478
81 1655
81 1815
82 205
82 263
82 900
82 1458
82 1838
83 147
83 406
83 614
83 796
83 916
83 939
83 1196
83 1537
83 1570
83 1620
83 1631
83 1831
83 1969
84 237
84 711
84 973
84 1239
84 1512
84 1727
84 1736
85 112
85 151
85 1613
85 1736
85 1929
86 109
86 172
86 869
86 874
86 966
86 1641
87 233
87 889
87 896
87 956
87 1271
87 1533
87 1651
87 1796
88 287
88 647
88 802
88 1244
88 1370
88 1405
88 1410
88 1850
88 1935
89 130
89 186
89 208
89 390
89 416
89 840
89 939
89 1531
89 1739
89 1893
90 599
90 643
90 1111
90 1147
90 1304
90 1474
90 1719
91 248
91 416
91 573
91 1166
91 1247
91 1695
92 389
92 621
92 782
92 1319
92 1387
92 1836
92 1972
93 283
93 351
93 611
93 742
93 1060
93 1210
93 1709
94 140
94 1311
94 1722
94 1974
95 1088
95 1355
95 1380
95 1549
95 1795
96 539
96 567
96 600
96 696
96 729
96 843
96 874
96 1170
96 1782
96 1869
96 1870
97 121
97 127
97 129
97 1386
97 1892
97 1986
98 106
98 629
98 743
98 1343
98 1591
99 134
99 506
99 881
99 952
99 1081
99 1458
99 1542
100 1123
100 1488
100 1574
101 163
101 231
101 457
101 761
101 1421
101 1875
101 1945
102 176
102 1071
102 1124
102 1561
103 190
103 274
103 646
103 733
103 771
103 926
103 1427
103 1613
103 1694
103 1724
104 462
104 514
104 566
104 955
104 1126
104 1221
104 1383
104 1542
104 1788
104 1831
105 145
105 194
105 469
105 994
105 1084
105 1121
105 1898
105 1961
106 218
106 408
106 433
106 605
106 702
106 1337
106 1779
106 1836
106 1948
107 279
107 399
107 1036
107 1048
107 1435
107 1631
107 1846
108 417
108 612
108 1136
108 1184
108 1450
108 1607
108 1848
108 1895
108 1988
109 148
109 356
109 408
109 545
109 901
109 1149
109 1278
110 1027
110 1123
110 1197
110 1260
110 1455
110 1585
110 1722
110 1728
110 1847
111 286
111 409
111 780
111 1180
111 1945
112 344
112 362
112 854
112 1009
112 1379
112 1480
112 1507
112 1728
112 1906
112 1958
113 450
113 558
113 721
113 766
113 1240
113 1241
113 1679
113 1847
113 1891
114 327
114 484
114 816
114 821
114 875
114 902
114 932
114 1003
114 1178
114 1744
114 1953
115 165
115 548
115 678
115 1070
115 1198
115 1398
115 1462
115 1749
116 338
116 769
116 1439
117 163
117 330
117 394
117 861
117 1191
117 1478
117 1877
118 349
118 377
118 453
118 643
118 799
118 826
118 846
118 898
118 947
118 1370
118 1476
118 1661
118 1788
119 233
119 846
119 889
119 1238
119 1493
119 1529
119 1694
119 1778
120 1410
120 1577
120 1902
121 402
121 612
121 906
121 948
121 1010
121 1550
121 1878
122 391
122 634
122 746
122 1033
122 1095
122 1520
122 1556
122 1911
123 540
123 831
123 961
123 978
123 1085
123 1327
123 1809
123 1887
123 1915
124 492
124 608
124 1140
124 1834
125 157
125 158
125 211
125 263
125 357
125 409
125 419
125 601
125 828
125 833
125 1464
125 1741
125 1986
126 202
126 927
126 1028
126 1046
126 1603
126 1694
126 1850
126 1860
127 458
127 583
127 711
127 789
127 901
127 1183
127 1242
127 1372
127 1408
127 1708
127 1780
128 552
128 1115
129 320
129 563
129 779
129 803
129 906
129 923
129 1099
129 1849
130 235
130 898
130 919
130 1417
130 1503
130 1728
130 1736
130 1833
130 1949
131 915
131 950
131 951
131 1031
131 1081
131 1090
132 924
132 1227
132 1391
132 1470
132 1751
132 1879
133 339
133 440
133 534
133 734
133 823
133 960
133 973
133 1143
133 1414
133 1737
133 1945
134 1258
134 1364
134 1417
135 240
135 1360
135 1448
135 1570
135 1629
136 1002
137 318
137 424
137 1213
137 1234
137 1654
137 1818
138 375
138 449
138 645
138 847
138 848
138 1202
138 1377
138 1430
138 1810
139 276
139 666
139 842
139 968
139 1501
139 1891
140 180
140 311
140 672
140 1299
140 1845
141 410
141 443
141 668
141 1427
141 1595
141 1642
141 1699
142 513
142 912
142 1137
142 1556
142 1996
143 495
143 531
143 696
143 872
143 1294
143 1744
144 237
144 243
144 490
144 532
144 940
144 1378
144 1833
144 1856
145 315
145 491
145 712
145 733
145 769
145 953
145 1284
145 1289
145 1688
145 1731
145 1983
146 281
146 608
146 634
146 904
146 1097
146 1431
146 1537
146 1977
147 274
147 300
147 978
147 988
147 1285
147 1374
147 1421
148 242
148 711
148 993
148 1149
148 1551
148 1589
148 1637
148 1880
149 251
149 361
149 534
149 787
149 1298
149 1351
149 1641
150 319
150 591
150 618
150 761
150 905
150 908
150 1896
151 503
151 719
151 1645
152 266
152 395
152 450
152 594
152 1050
152 1850
153 350
153 433
153 765
153 772
153 1045
153 1087
153 1763
154 356
154 538
154 575
154 798
154 1701
154 1723
155 914
155 1058
155 1430
155 1549
155 1583
155 1715
155 1747
156 774
156 997
156 1138
156 1415
156 1769
157 229
157 955
157 1192
157 1241
157 1281
157 1875
157 1965
158 735
158 1243
158 1312
158 1583
158 1855
159 174
159 762
159 836
159 925
159 1558
159 1635
159 1862
159 1897
159 1898
160 256
160 487
160 630
160 733
160 993
160 1013
160 1174
160 1384
160 1432
160 1485
160 1520
160 1711
161 446
161 505
161 574
161 964
161 1063
161 1322
162 275
162 490
162 708
162 806
162 857
162 884
162 1057
162 1117
162 1263
162 1453
162 1617
163 586
163 840
163 1189
163 1548
163 1656
163 1713
163 1774
164 217
164 451
164 487
164 627
164 869
164 881
164 1218
164 1449
164 1576
165 178
165 266
165 940
165 1530
165 1614
165 1766
166 365
166 549
166 864
166 1290
167 714
167 988
167 1132
167 1245
167 1381
167 1439
167 1816
167 1907
168 510
168 887
168 969
168 1279
168 1580
168 1695
168 1864
169 289
169 569
169 1045
169 1143
169 1165
170 593
170 1815
171 1166
171 1205
171 1294
171 1840
171 1910
172 236
172 333
172 397
172 449
172 839
172 1289
172 1312
172 1386
172 1545
172 1574
172 1775
173 299
173 618
173 1105
173 1239
173 1279
173 1620
174 379
174 471
174 869
174 985
174 1050
174 1258
174 1567
174 1652
174 1875
174 1932
175 236
175 425
175 596
175 1221
175 1304
175 1360
175 1692
175 1980
176 296
176 305
176 526
176 948
176 1186
176 1331
176 1425
176 1822
176 1867
177 683
177 819
177 1219
177 1461
178 186
178 468
178 781
178 962
178 1460
178 1571
178 1623
178 1665
178 1682
178 1872
179 671
179 1335
179 1389
179 1526
179 1557
179 1562
179 1756
180 333
180 970
180 1717
180 1733
180 1986
181 1121
181 1688
182 712
182 940
182 1215
182 1755
183 691
183 763
183 773
183 1031
183 1241
183 1362
183 1520
184 348
184 499
184 553
184 1025
184 1111
184 1598
185 570
185 1207
185 1837
186 993
186 1103
186 1315
186 1342
186 1549
186 1980
187 324
187 334
187 848
187 949
187 1057
187 1366
187 1491
187 1555
187 1886
187 1887
188 224
188 1016
188 1079
188 1392
189 241
189 1056
189 1914
190 227
190 359
190 481
190 1330
190 1550
190 1652
190 1718
190 1719
191 684
191 698
191 1232
192 219
192 297
192 300
192 417
192 434
192 590
192 768
192 851
192 1051
192 1161
192 1324
192 1343
192 1587
192 1608
192 1685
193 729
193 906
193 1278
193 1593
193 1605
193 1826
194 246
194 297
194 460
194 500
194 674
194 931
194 1083
194 1193
194 1246
194 1392
194 1594
194 1830
194 1838
195 418
195 426
195 540
195 692
195 1098
195 1206
195 1272
195 1481
195 1830
195 1894
196 321
196 728
196 1011
196 1047
196 1190
196 1251
196 1827
197 208
197 392
197 521
197 1292
197 1324
197 1657
197 1813
197 1828
197 1907
198 354
198 373
198 830
198 1447
198 1787
198 1941
199 593
199 815
199 1569
199 1948
199 1955
200 823
200 950
200 987
200 1070
200 1096
200 1293
200 1342
200 1448
200 1479
201 734
201 883
201 1114
201 1292
201 1364
201 1666
201 1810
201 1850
201 1865
202 263
202 1014
202 1085
202 1144
202 1276
202 1447
202 1448
202 1925
203 406
203 409
203 571
203 601
203 649
203 652
203 743
203 946
203 1123
203 1152
203 1168
203 1539
203 1649
203 1674
203 1748
204 415
204 761
204 865
204 1203
204 1359
204 1428
205 610
205 644
205 1367
205 1966
206 754
206 778
206 1197
206 1360
206 1460
207 713
207 814
207 1126
207 1290
207 1314
207 1607
207 1699
207 1810
208 256
208 855
208 989
208 1466
208 1543
208 1718
208 1787
208 1868
209 597
209 796
209 995
209 1047
209 1178
209 1224
209 1660
210 429
210 865
210 1065
210 1238
210 1347
210 1462
210 1612
211 384
211 424
211 445
211 640
211 751
211 824
211 1387
211 1914
211 1982
212 556
212 697
212 966
212 979
212 1294
212 1397
212 1920
213 519
213 775
213 808
213 939
213 1008
213 1123
213 1163
213 1419
214 532
214 845
214 899
214 1129
214 1228
214 1304
214 1770
215 427
215 836
215 1037
215 1048
215 1719
216 242
216 334
216 646
216 1019
216 1177
216 1423
216 1721
217 355
217 528
217 813
217 1181
217 1345
217 1427
217 1786
217 1800
217 1854
218 422
218 456
218 613
218 729
218 983
218 1254
218 1698
218 1740
219 274
219 363
219 681
219 982
219 984
219 1010
219 1108
219 1113
219 1182
219 1435
219 1490
219 1855
219 1953
220 509
220 578
220 584
220 629
220 909
220 1224
220 1908
221 286
221 391
221 720
221 1023
221 1615
221 1646
221 1859
222 264
222 269
222 623
222 820
222 919
222 1363
222 1402
222 1650
222 1957
222 1971
223 565
223 995
223 1011
223 1065
223 1067
223 1090
223 1779
224 568
224 772
224 1087
224 1135
224 1428
224 1913
225 742
225 1279
225 1362
225 1717
225 1968
226 269
226 572
226 675
226 1248
226 1541
226 1609
226 1767
227 406
227 817
227 1029
227 1373
227 1592
227 1638
228 274
228 710
228 815
228 1000
228 1467
229 674
229 978
229 1168
229 1570
230 442
230 606
230 630
230 1647
230 1753
231 371
231 672
231 719
231 1585
231 1658
231 1751
231 1760
232 324
232 338
232 605
232 617
232 1179
232 1867
232 1923
233 717
233 1926
234 356
234 465
234 541
234 712
234 789
234 1370
234 1405
234 1874
234 1895
235 581
235 747
235 1029
235 1138
235 1344
235 1700
236 480
236 869
236 973
236 1408
236 1428
236 1561
236 1643
237 259
237 317
237 401
237 524
237 574
237 1068
237 1134
237 1499
237 1591
237 1680
237 1809
237 1877
237 1916
238 572
238 586
238 638
238 658
238 705
238 941
238 1155
238 1401
238 1405
238 1774
238 1876
239 438
239 662
239 715
239 828
239 1081
239 1554
239 1559
239 1700
240 577
240 601
240 697
240 1361
240 1478
240 1656
241 583
241 1595
241 1602
242 1033
242 1113
242 1377
242 1528
242 1748
242 1863
243 450
243 714
243 1359
243 1898
244 420
244 447
244 1054
244 1126
244 1483
244 1509
244 1681
245 263
245 966
245 1074
245 1264
245 1301
245 1501
245 1993
246 813
246 1528
246 1560
246 1696
246 1734
246 1750
247 388
247 617
247 637
247 1354
247 1540
247 1880
248 390
248 908
248 925
249 316
249 321
249 1011
249 1254
249 1277
249 1359
250 530
250 750
250 949
250 1032
250 1964
251 669
251 1997
252 703
252 780
252 787
252 1466
253 498
253 506
253 1065
253 1245
253 1371
253 1418
253 1596
253 1626
253 1938
254 940
254 1056
254 1068
254 1122
254 1858
254 1945
255 719
255 875
255 1019
255 1221
255 1277
255 1324
255 1753
256 759
256 893
256 1454
256 1471
257 323
257 417
257 503
257 698
257 849
257 1383
258 1441
258 1500
258 1793
258 1846
259 320
259 624
259 1040
259 1367
259 1516
259 1898
260 860
260 879
260 1286
260 1374
260 1600
260 1714
260 1827
260 1914
261 367
261 646
261 1717
261 1997
262 507
262 672
262 862
262 951
262 1264
262 1292
262 1649
262 1653
262 1721
263 326
263 527
263 630
264 689
264 726
264 841
264 1211
264 1334
264 1464
265 606
265 1688
265 1939
266 268
266 614
266 620
266 696
266 786
266 794
266 1056
266 1227
266 1459
266 1632
266 1666
266 1670
266 1683
267 572
267 1449
267 1631
267 1644
267 1775
267 1897
267 1974
268 611
268 863
268 1004
268 1029
268 1104
268 1400
268 1517
269 271
269 765
269 785
269 827
269 851
269 1024
269 1250
269 1801
269 1827
269 1864
270 1126
270 1359
270 1565
270 1616
271 366
272 299
272 748
272 856
272 868
272 1141
272 1170
272 1342
273 279
273 408
273 524
273 535
273 637
273 993
273 1068
273 1079
273 1170
273 1352
274 294
274 312
274 390
274 828
274 952
274 998
274 1050
274 1167
275 300
275 1243
275 1370
276 359
276 645
276 888
276 1117
276 1127
276 1203
276 1259
276 1300
276 1566
276 1875
277 1869
277 1872
277 1907
277 1941
278 429
278 538
278 891
278 1712
279 349
279 398
279 443
279 509
279 1054
279 1112
279 1350
279 1356
279 1491
279 1666
279 1787
280 349
280 692
280 1000
280 1179
280 1338
280 1623
280 1749
280 1758
280 1930
280 1977
281 514
281 673
281 1017
281 1249
281 1474
281 1563
281 1796
281 1841
282 438
282 573
282 906
282 1142
282 1279
282 1343
282 1353
282 1546
282 1562
282 1660
282 1914
282 1931
283 346
283 860
283 1479
283 1504
283 1858
283 1865
284 427
284 918
284 1357
284 1408
284 1809
285 339
285 645
285 836
285 988
285 1343
285 1773
286 619
286 875
286 992
286 1268
286 1774
287 572
287 628
287 635
287 1011
287 1086
287 1465
288 320
288 446
288 735
288 978
288 1008
288 1094
288 1311
288 1721
288 1756
289 293
289 464
289 664
289 692
289 1411
289 1980
290 583
290 717
290 840
290 856
290 1044
290 1264
290 1420
290 1425
290 1904
291 664
291 708
291 1000
291 1195
291 1263
291 1289
291 1476
292 501
292 549
292 599
292 849
292 1100
292 1156
292 1176
292 1377
292 1464
292 1784
293 315
293 1198
293 1347
293 1707
293 1871
293 1963
293 1983
294 457
294 512
294 899
294 1053
294 1137
294 1649
294 1732
294 1894
294 1916
294 1960
294 1998
295 360
295 809
295 954
295 973
295 981
295 1111
295 1224
295 1250
295 1573
295 1636
295 1682
295 1708
296 943
296 1522
296 1536
296 1579
296 1699
296 1733
296 1920
296 1981
297 607
297 636
297 1025
297 1537
297 1736
298 1101
298 1166
298 1172
298 1305
298 1482
298 1807
298 1947
299 378
299 379
299 485
299 564
299 699
299 1033
299 1706
299 1839
299 1977
300 598
300 934
300 1286
300 1340
300 1795
300 1804
301 483
301 1463
301 1976
302 356
302 569
302 677
302 782
302 1282
303 322
303 482
303 1211
303 1371
303 1777
304 826
304 1580
304 1605
305 377
305 612
305 755
305 839
305 962
305 1102
305 1219
305 1223
305 1305
305 1728
306 352
306 867
306 1100
306 1514
306 1538
306 1912
307 527
307 834
307 927
307 1570
307 1615
308 673
308 816
308 845
308 846
308 912
308 1154
308 1361
308 1382
309 322
309 348
309 1063
309 1066
309 1568
310 374
310 693
310 721
310 733
310 851
310 1026
310 1330
310 1552
310 1960
311 462
311 1039
311 1404
311 1558
311 1583
311 1799
311 1824
312 521
312 747
312 1530
312 1721
312 1859
312 1907
312 1975
313 390
313 508
313 581
313 625
313 933
313 1058
313 1075
313 1106
313 1108
313 1350
313 1566
314 400
314 471
314 518
314 603
314 666
314 858
314 1203
314 1357
314 1367
314 1656
315 548
315 790
315 859
315 866
315 950
315 1531
315 1607
315 1686
315 1749
315 1887
316 416
316 697
316 815
316 1305
316 1503
317 383
317 405
317 681
317 706
317 1091
317 1129
317 1194
317 1555
317 1629
317 1849
318 581
318 1533
319 557
319 1080
319 1451
319 1775
319 1779
320 408
320 770
320 872
320 1271
320 1666
320 1729
320 1813
320 1897
321 491
321 699
321 896
321 1395
321 1455
321 1831
321 1877
322 854
322 1064
322 1501
322 1622
322 1732
322 1841
323 1100
323 1706
323 1741
323 1823
324 496
324 1382
324 1497
324 1860
325 337
325 349
325 521
325 822
325 866
325 953
325 1181
325 1617
325 1631
325 1653
325 1722
325 1943
326 562
326 1175
327 458
327 609
327 857
327 1079
327 1193
327 1259
328 715
328 1060
328 1184
328 1259
328 1501
328 1531
328 1533
328 1655
328 1692
329 1166
329 1930
330 525
330 639
330 885
330 1177
330 1453
330 1544
330 1645
330 1757
330 1867
331 392
331 413
331 529
331 643
331 746
331 824
331 848
331 1227
331 1691
331 1950
332 677
332 1067
332 1130
332 1186
332 1626
332 1677
332 1921
333 467
333 658
333 936
333 999
333 1044
333 1494
333 1533
333 1780
333 1830
333 1842
333 1973
333 1998
334 537
334 577
334 1104
334 1261
334 1638
335 481
335 598
335 830
335 1133
335 1314
335 1377
335 1550
335 1727
335 1819
336 363
336 1068
336 1210
337 354
337 526
337 1284
337 1402
337 1637
338 391
338 1089
338 1744
339 634
339 1009
339 1307
339 1679
339 1910
340 551
340 562
340 621
340 890
340 1104
340 1146
340 1309
340 1888
341 386
341 570
341 578
341 731
341 787
341 831
341 847
341 897
341 1095
341 1284
341 1573
341 1649
342 368
342 759
342 1091
342 1618
342 1727
343 689
343 1004
343 1113
343 1184
343 1191
343 1260
343 1552
343 1688
343 1765
344 362
344 1078
344 1646
344 1710
344 1834
344 1873
345 430
345 444
345 692
345 762
345 1625
345 1712
346 616
346 995
346 1401
346 1604
346 1650
346 1991
347 924
347 983
347 1329
347 1433
347 1687
347 1807
347 1844
348 363
348 660
348 1008
348 1344
348 1714
348 1756
349 353
349 461
349 629
349 764
349 891
349 894
349 1048
350 659
350 1294
350 1389
350 1567
350 1596
350 1767
350 1796
351 1135
351 1201
351 1636
351 1764
351 1859
352 440
352 545
352 1533
352 1675
352 1701
352 1861
353 486
353 690
353 1247
354 841
354 1111
354 1557
355 888
355 1563
356 562
356 597
356 1448
356 1467
356 1572
356 1711
356 1817
356 1870
357 529
357 1478
357 1485
357 1524
357 1575
357 1699
357 1771
357 1796
358 452
358 855
358 977
358 1238
358 1836
358 1900
358 1934
359 1290
359 1302
359 1490
359 1522
360 471
360 905
360 1150
360 1429
360 1546
361 882
361 1955
362 842
362 1594
363 1328
363 1553
363 1595
364 495
364 582
364 726
364 907
364 922
364 1444
364 1455
364 1461
364 1688
364 1823
364 1851
365 1083
365 1489
365 1924
366 967
367 373
367 548
367 599
367 856
367 1008
367 1040
367 1116
367 1145
367 1972
368 831
368 1609
368 1719
368 1884
368 1980
368 1998
369 406
369 426
369 524
369 629
369 953
369 1278
369 1299
369 1327
369 1834
369 1837
369 1838
370 477
370 655
370 764
370 843
370 1036
370 1048
370 1537
370 1647
370 1916
371 471
371 598
371 875
372 539
372 561
372 656
372 700
372 890
372 922
372 991
372 1395
372 1529
372 1600
372 1622
373 1064
373 1684
373 1801
373 1861
374 430
374 601
374 766
374 1154
374 1554
374 1563
374 1564
374 1608
374 1765
374 1798
375 420
375 981
375 1021
375 1343
375 1911
376 406
376 976
376 1340
376 1352
376 1626
376 1862
377 603
377 1070
377 1239
377 1271
377 1571
377 1579
378 1449
378 1612
378 1751
379 620
379 1136
379 1137
379 1166
379 1184
379 1245
379 1291
379 1506
379 1840
379 1849
380 431
380 885
380 1674
380 1697
380 1821
381 433
381 576
381 669
381 933
381 942
381 1148
381 1343
381 1344
381 1811
381 1859
382 1074
382 1136
382 1444
382 1643
382 1682
382 1742
383 430
383 539
383 878
383 1034
383 1086
383 1091
383 1682
383 1778
384 847
384 962
384 1352
384 1500
385 490
385 562
385 625
385 653
385 811
385 1365
385 1551
385 1647
386 563
386 669
386 885
386 1002
386 1685
387 1016
387 1302
387 1618
387 1636
387 1812
388 396
388 591
388 675
388 737
388 930
388 1056
388 1080
388 1103
388 1235
388 1270
388 1559
388 1602
388 1646
388 1685
388 1689
388 1856
388 1938
388 1970
389 518
389 745
389 958
389 1239
389 1271
389 1312
389 1493
389 1565
389 1853
389 1906
390 568
390 640
390 1027
390 1117
390 1149
391 861
391 870
391 1287
391 1527
391 1528
391 1805
391 1921
392 757
392 832
392 1410
393 437
393 652
393 697
393 841
393 1214
393 1334
393 1724
393 1942
394 752
394 980
394 1014
394 1026
394 1214
394 1445
395 845
395 1382
395 1717
395 1758
396 658
396 673
396 841
396 875
396 894
396 1181
396 1387
396 1400
396 1408
396 1642
397 509
397 572
397 1741
397 1848
397 1891
397 1936
397 1952
398 837
398 1470
398 1835
399 527
399 703
399 907
399 1171
399 1237
399 1627
399 1639
399 1644
399 1880
399 1897
400 942
400 944
400 1348
400 1444
400 1594
400 1879
401 628
401 837
401 1431
401 1540
401 1911
402 692
402 775
402 1207
402 1239
402 1263
402 1389
402 1597
402 1950
403 1813
404 589
404 962
404 1047
404 1078
404 1132
404 1283
404 1734
404 1827
404 1847
404 1908
404 1983
405 409
405 521
405 996
405 1277
405 1975
406 412
406 775
406 1123
406 1656
406 1698
407 525
407 692
407 832
407 875
407 971
407 1052
407 1253
407 1314
407 1390
407 1793
407 1950
407 1966
408 414
408 426
408 494
408 821
408 825
408 958
408 1076
408 1101
408 1542
408 1812
409 429
409 736
409 872
409 920
409 1181
409 1310
409 1490
409 1633
409 1749
409 1853
410 574
410 740
410 781
410 933
410 1104
410 1409
410 1414
410 1437
410 1612
411 660
411 1188
411 1312
411 1595
411 1733
411 1932
412 633
412 672
412 771
412 973
412 1636
413 428
413 447
413 662
413 1162
413 1182
413 1426
413 1614
413 1971
414 568
414 833
414 868
414 1009
414 1077
414 1117
414 1564
415 825
415 956
415 1618
416 540
416 801
416 944
416 1077
416 1262
416 1476
416 1537
416 1546
416 1573
416 1934
417 825
417 1003
417 1036
417 1317
417 1743
417 1868
418 851
418 1246
418 1308
418 1395
418 1647
418 1898
419 1008
419 1382
419 1993
420 1186
420 1465
420 1495
420 1505
420 1596
420 1930
421 467
421 503
421 821
421 1148
421 1392
421 1788
421 1821
422 465
422 653
422 667
422 908
422 1488
422 1663
422 1719
422 1726
423 696
423 733
423 1464
423 1519
424 494
424 1010
424 1210
424 1514
424 1994
425 867
425 1003
425 1097
425 1306
425 1520
425 1987
426 474
426 508
426 632
426 654
426 706
426 747
426 1214
426 1599
427 533
427 727
427 1109
427 1144
427 1260
427 1456
427 1793
427 1922
428 625
428 705
428 1258
428 1423
428 1838
429 491
429 834
429 1121
429 1150
429 1398
429 1648
429 1903
430 553
430 563
430 583
430 624
430 865
430 1020
430 1196
430 1630
431 534
431 553
431 772
431 1001
431 1136
431 1523
431 1829
431 1903
431 1992
432 481
432 682
432 909
432 973
432 1529
432 1811
432 1967
433 594
433 730
433 853
433 970
433 971
433 1125
433 1133
433 1247
433 1470
434 495
434 526
434 626
434 661
434 1795
434 1818
435 577
436 627
436 1039
436 1165
436 1178
436 1420
436 1768
436 1874
436 1877
436 1933
437 1151
437 1162
437 1219
437 1322
437 1502
437 1574
437 1718
437 1765
437 1927
438 780
438 940
438 1014
438 1293
438 1585
438 1692
439 658
439 803
439 1084
439 1565
439 1655
439 1691
440 871
440 1018
440 1118
440 1237
440 1408
440 1619
440 1731
440 1898
441 479
441 543
441 1057
441 1198
441 1522
442 868
442 1114
442 1158
442 1417
442 1718
442 1772
443 968
443 1031
443 1224
443 1992
444 659
444 931
444 947
444 960
444 970
444 1018
444 1019
444 1492
444 1542
444 1702
445 1161
445 1191
445 1243
445 1445
445 1486
445 1736
445 1844
446 928
446 1040
446 1282
446 1305
446 1464
446 1547
446 1681
446 1688
446 1734
446 1856
446 1869
446 1911
447 540
447 720
447 796
447 939
447 1188
447 1422
447 1920
447 1987
448 981
448 1253
448 1927
448 1983
449 846
449 1376
449 1539
449 1803
449 1851
449 2000
450 1321
450 1689
450 1723
450 1744
450 1834
451 811
451 856
451 909
451 1045
451 1428
451 1994
452 797
452 859
452 1694
452 1796
452 1797
452 1807
452 1820
452 1953
453 509
453 650
453 698
453 782
453 850
453 1127
453 1266
453 1431
453 1508
454 1072
454 1262
454 1538
454 1807
454 1996
455 594
455 644
455 717
455 757
455 798
455 1276
455 1316
455 1353
455 1671
455 1720
455 1916
455 1984
456 1049
456 1094
456 1860
456 1962
456 1970
456 1971
456 1996
457 555
457 690
457 694
457 975
457 1580
457 1841
457 1882
458 819
458 1070
458 1331
458 1375
459 538
459 588
459 976
459 1685
459 1780
459 1816
459 1859
460 547
460 613
460 729
460 779
460 1023
460 1372
460 1431
460 1715
460 1773
460 1825
460 1871
460 1980
461 710
461 1411
461 1412
461 1751
462 577
462 756
462 869
462 1055
462 1220
462 1304
462 1411
462 1624
462 1892
462 1970
463 985
463 1441
463 1510
464 710
464 720
464 756
464 1041
464 1351
464 1759
465 556
465 640
465 792
465 960
465 1297
465 1908
466 467
466 603
466 964
466 976
466 1283
466 1372
466 1553
466 1850
466 1860
467 632
467 661
467 709
467 1143
467 1511
467 1824
467 1834
467 1917
468 842
468 974
468 1426
468 1750
468 1800
468 1829
468 1924
468 1933
469 1270
469 1389
469 1440
469 1896
470 865
470 1639
470 1781
471 491
471 537
471 1164
471 1166
471 1260
471 1303
471 1670
471 1856
471 1962
472 712
472 856
472 930
472 1226
472 1410
472 1512
472 1737
472 1978
473 763
473 874
473 1040
473 1151
473 1660
473 1811
474 647
474 1026
474 1126
474 1142
474 1398
474 1431
474 1577
475 769
475 914
475 1053
475 1158
475 1656
475 1676
475 1832
476 713
477 783
477 975
477 1101
477 1212
477 1551
477 1712
477 1800
478 921
478 1072
478 1216
478 1392
478 1431
478 1509
478 1752
478 1928
479 566
479 778
479 1067
479 1400
479 1415
479 1825
479 1830
480 819
480 948
480 1184
480 1321
480 1498
481 855
481 1246
481 1302
481 1455
481 1812
481 1934
482 1587
482 1663
483 538
483 631
483 842
483 915
483 1394
483 1489
483 1607
483 1744
484 547
484 548
484 580
484 671
484 938
484 1718
485 910
485 975
485 1813
486 637
486 807
486 1310
486 1607
487 1011
487 1165
487 1248
487 1340
487 1368
487 1434
487 1629
487 1644
487 1924
488 659
488 741
488 784
488 833
488 1488
488 1810
489 536
489 812
489 1252
489 1531
489 1661
489 1800
490 546
490 579
490 649
490 688
490 812
490 923
491 552
491 556
491 561
491 766
491 927
491 1058
491 1163
491 1228
491 1631
491 1729
492 511
492 525
492 867
492 1108
492 1342
492 1571
492 1850
492 1857
493 998
493 1391
493 1414
493 1692
493 1827
494 896
494 922
494 1118
494 1192
494 1244
494 1584
495 506
495 717
495 1306
495 1419
495 1853
496 780
496 1253
496 1533
497 1028
497 1076
497 1284
498 727
498 776
498 817
498 916
498 1210
498 1369
498 1702
498 1766
498 1839
499 510
499 524
499 788
499 924
499 1296
499 1329
499 1565
499 1650
500 804
500 911
500 1087
500 1396
500 1432
500 1914
501 815
501 960
501 1283
501 1316
502 538
502 942
502 1501
502 1740
502 1899
503 662
503 999
503 1383
503 1424
504 545
504 629
504 670
504 1891
505 876
505 988
505 1338
506 530
506 910
506 1053
506 1503
506 1527
506 1588
506 1988
507 676
507 680
507 744
507 833
507 839
507 846
507 1050
507 1064
507 1251
507 1358
507 1621
507 1715
508 616
508 624
508 674
508 861
508 1008
508 1092
508 1103
508 1343
509 933
509 1322
509 1504
509 1914
510 518
510 684
510 1262
510 1604
510 1752
510 1885
510 1996
511 761
511 855
511 1255
511 1413
511 1712
511 1812
511 1865
512 807
512 1092
512 1242
512 1367
513 564
513 806
513 1052
513 1210
513 1658
513 1751
514 933
514 1724
514 1769
514 1824
515 612
515 899
515 1063
515 1114
515 1378
515 1529
516 949
516 1036
516 1172
516 1226
516 1408
516 1902
517 544
517 597
517 850
517 997
517 1002
517 1197
517 1333
517 1449
517 1642
517 1838
518 901
518 992
518 1388
518 1477
518 1632
518 1708
519 583
519 720
519 855
519 1048
519 1392
519 1428
520 1914
521 901
521 1059
521 1125
521 1566
521 1617
521 1662
521 1859
522 530
522 740
522 998
522 1442
522 1586
522 1669
522 1787
522 1872
523 1361
523 1488
523 1645
523 1928
524 571
524 956
524 1494
524 1668
524 1832
524 1851
525 638
525 672
525 1230
525 1436
525 1441
526 663
526 683
526 884
526 1131
527 573
527 592
527 702
527 835
527 1018
527 1146
527 1225
527 1799
528 872
528 1111
528 1199
528 1615
528 1648
529 547
529 595
529 681
529 757
529 907
529 1205
529 1225
529 1498
529 1533
529 1653
529 1715
529 1779
529 1939
530 668
530 1150
530 1191
530 1633
530 1672
530 1939
530 1953
531 602
531 828
531 1096
531 1490
531 1553
531 1815
531 1957
532 554
532 687
532 691
532 1157
532 1626
532 1664
533 1877
534 716
534 809
534 952
534 1520
534 1586
534 1944
535 594
535 640
535 935
535 1504
536 685
536 951
536 1060
536 1511
536 1652
536 1815
536 1836
536 1978
537 930
537 1145
537 1373
537 1751
537 1860
538 1517
538 1557
538 1634
538 1707
538 1826
538 1970
539 553
539 592
539 670
539 1242
539 1354
539 1583
539 1606
539 1751
540 627
540 1037
540 1325
540 1731
541 601
541 701
541 1141
541 1153
541 1398
541 1491
541 1684
541 1893
542 828
542 839
542 850
542 916
542 1869
543 767
543 815
543 842
543 1151
543 1333
543 1351
543 1733
543 1903
545 868
545 1295
545 1299
545 1819
545 1862
546 799
546 1339
546 1478
546 1538
547 666
547 1121
547 1397
547 1888
547 1974
548 752
548 789
548 1299
548 1332
548 1580
549 573
549 1632
549 1917
550 896
550 1188
550 1243
550 1815
550 1843
550 1942
550 1982
551 553
551 945
551 1047
551 1305
551 1462
551 1802
552 769
552 1004
552 1214
552 1276
552 1415
552 1900
552 1976
552 1978
553 924
553 1505
553 1644
553 1947
554 646
554 905
554 1074
554 1207
554 1235
554 1536
554 1538
554 1877
555 669
555 813
555 1293
555 1384
555 1558
556 795
556 1115
556 1304
556 1406
556 1578
556 1619
556 1631
556 1671
556 1822
557 867
557 989
557 1005
557 1164
557 1244
557 1328
557 1411
557 1773
558 1093
558 1127
558 1186
558 1700
558 1994
559 796
559 1128
559 1669
559 1877
559 1920
560 865
560 976
560 1046
560 1066
560 1429
560 1652
560 1671
560 1983
561 578
561 618
561 742
561 1219
561 1398
562 1007
562 1218
562 1576
563 821
563 939
563 943
563 1396
563 1566
563 1667
563 1713
563 1793
563 1928
564 604
564 902
564 1217
564 1414
564 1470
564 1588
564 1641
564 1667
565 654
565 720
565 1376
565 1379
565 1721
565 1900
566 666
566 794
566 1224
566 1310
566 1362
566 1625
566 1802
566 1836
566 1989
567 621
567 744
567 1014
567 1472
567 1720
567 1996
568 598
568 609
568 883
568 1042
568 1135
568 1201
568 1667
568 1805
569 648
569 775
569 799
569 939
569 940
569 1198
569 1879
570 1091
570 1275
570 1660
571 1255
571 1581
571 1680
571 1955
572 1498
573 740
573 1308
573 1758
573 1860
574 792
574 829
574 1042
574 1099
575 778
575 1018
575 1233
575 1289
575 1637
575 1711
575 1987
576 866
576 959
576 1104
576 1168
576 1183
576 1287
576 1475
576 1649
577 713
577 742
577 1041
577 1516
577 1798
577 1851
578 911
578 1293
578 1548
578 1634
578 1888
579 1039
579 1094
579 1291
579 1311
579 1327
579 1464
580 704
580 876
580 1043
580 1243
580 1319
580 1573
580 1647
580 1742
580 1836
580 1975
581 714
581 853
581 1059
581 1127
581 1164
581 1999
582 1030
582 1257
582 1413
582 1552
582 1648
583 972
583 1083
583 1354
583 1821
583 1873
583 1901
584 1076
584 1559
584 1950
585 894
585 943
585 1173
585 1266
585 1356
586 654
586 692
586 1317
586 1318
586 1436
586 1632
587 729
587 995
587 1011
587 1022
587 1043
587 1391
587 1737
587 1768
588 1095
588 1359
589 686
589 702
589 1414
589 1829
589 1948
590 819
590 850
590 1207
590 1426
590 1507
590 1638
590 1646
590 1667
590 1687
590 1855
590 1996
591 619
591 749
591 783
591 1056
591 1398
591 1434
592 763
592 905
592 1296
592 1394
592 1640
593 605
593 634
593 897
593 976
593 1116
593 1226
593 1404
593 1488
593 1502
594 1047
594 1126
594 1237
594 1277
594 1507
595 781
595 855
595 1265
595 1656
595 1684
596 848
596 924
596 1285
596 1896
597 1448
597 1739
597 1929
598 688
598 831
598 835
598 1214
598 1242
598 1407
598 1635
599 704
599 1340
599 1564
599 1772
600 877
600 1037
600 1085
600 1205
600 1485
600 1865
601 1097
601 1271
601 1430
601 1435
601 1489
601 1886
602 713
602 802
602 887
602 971
602 996
602 1145
602 1334
602 1888
602 1975
603 1058
603 1157
604 757
604 1529
605 818
605 1196
605 1445
605 1485
605 1488
605 1720
605 1879
605 1901
605 1904
606 756
606 1187
606 1292
606 1492
606 1626
606 1711
606 1721
606 1892
606 1952
607 722
607 772
607 989
607 1314
607 1361
607 1409
607 1816
607 1896
607 1931
608 620
608 813
608 1267
608 1616
608 1735
608 1914
609 676
609 814
609 937
609 1082
609 1267
609 1320
609 1422
609 1875
610 748
610 907
610 1410
610 1581
610 1980
611 733
611 1585
612 618
612 665
612 1233
612 1288
612 1610
612 1922
613 1038
613 1239
613 1326
613 1610
613 1877
614 756
614 1130
614 1195
614 1537
614 1903
614 1923
615 635
615 1195
615 1349
615 1402
615 1629
615 1747
616 1209
616 1292
616 1437
616 1734
617 700
617 748
617 878
617 972
617 1035
617 1395
617 1536
617 1734
618 939
618 972
618 998
618 1046
618 1125
618 1588
618 1697
618 1729
619 734
619 945
619 1091
619 1135
619 1511
619 1568
619 1637
619 1738
620 1133
620 1239
620 1310
620 1420
620 1535
621 855
621 1471
621 1847
622 803
622 822
622 908
622 1311
622 1485
622 1527
622 1611
623 786
623 1033
623 1036
623 1106
623 1267
623 1591
624 706
624 934
624 1566
624 1707
624 1842
624 1870
624 1931
625 996
625 1048
625 1307
626 662
626 769
626 1243
626 1292
626 1505
626 1876
627 671
627 1346
627 1938
628 878
628 1121
628 1292
628 1346
628 1432
628 1447
628 1712
629 660
629 701
629 802
629 816
629 830
629 897
629 960
629 1145
629 1228
629 1601
630 752
630 1047
630 1104
630 1141
630 1337
630 1460
630 1585
630 1640
630 1705
631 863
631 896
631 1284
631 1819
632 759
632 1091
632 1139
632 1174
632 1669
633 714
633 716
633 813
633 1012
633 1014
633 1062
634 1250
634 1383
634 1463
634 1492
634 1700
634 1923
634 1983
635 665
635 996
635 1050
635 1083
635 1106
635 1200
635 1500
635 1532
635 1760
636 826
636 1442
636 1746
636 1874
636 1960
637 1942
638 844
638 1879
639 979
639 1010
639 1192
639 1257
640 754
640 905
640 987
640 1340
640 1390
640 1558
640 1583
640 1903
641 728
641 1619
642 778
642 1917
642 1938
643 1833
643 1862
644 882
644 1064
644 1359
644 1375
644 1445
645 692
645 827
645 1369
645 1603
645 1854
646 754
646 1047
646 1266
647 959
647 1056
647 1169
647 1207
647 1325
647 1371
648 805
648 883
648 1053
648 1109
649 923
649 992
649 1285
649 1371
649 1788
650 763
650 923
650 1325
650 1332
650 1469
650 1505
650 1579
650 1713
650 1731
651 1619
651 1693
652 778
652 1525
652 1607
653 796
653 1111
653 1167
653 1474
653 1688
653 1969
654 674
654 1290
654 1843
654 1987
655 830
655 1201
655 1535
656 939
656 1089
656 1266
656 1416
656 1507
656 1884
657 705
657 834
657 980
657 1218
657 1268
657 1381
657 1445
657 1519
657 1552
657 1771
657 1872
658 828
658 831
658 852
658 905
658 924
658 1028
658 1239
658 1477
658 1935
659 1007
659 1009
659 1183
659 1329
659 1829
660 899
660 996
660 1335
660 1749
660 1938
661 664
661 775
661 989
661 1159
662 711
662 738
662 740
662 1347
662 1895
663 791
663 967
663 1173
663 1342
663 1992
664 1969
665 836
665 1018
665 1107
665 1733
665 1990
666 1182
666 1831
667 1930
668 1093
668 1265
668 1303
668 1607
668 1743
668 1766
669 1356
669 1490
669 1608
669 1877
669 1948
670 1602
670 1818
670 1820
670 1985
671 743
671 907
671 1004
671 1005
671 1020
671 1056
671 1314
671 1373
671 1605
672 699
672 1130
672 1185
672 1534
672 1678
672 1730
672 1774
672 1809
672 1826
673 927
673 990
673 1043
673 1124
673 1252
673 1734
673 1806
674 971
674 1874
674 1905
675 1238
675 1419
675 1480
675 1826
676 742
676 909
676 1207
676 1448
676 1774
676 1990
677 1011
677 1266
677 1307
677 1447
677 1535
677 1631
677 1874
677 1992
678 1746
678 1933
679 717
679 860
679 1509
679 1588
680 1131
680 1668
681 1082
681 1139
681 1299
681 1413
681 1422
681 1434
681 1464
681 1644
681 1950
681 1995
682 757
682 870
682 933
682 1565
682 1769
683 772
683 1028
683 1084
683 1416
683 1518
683 1799
684 916
684 1265
684 1301
684 1430
684 1762
684 1840
684 1949
685 1107
686 1203
686 1523
687 929
687 1447
687 1814
687 1894
687 1907
687 1953
688 1384
688 1523
688 1533
688 1648
688 1967
689 885
689 1034
689 1597
689 1800
689 1927
690 777
690 996
690 1522
691 718
691 1130
691 1546
691 1633
691 1673
691 1709
691 1731
691 1784
691 1790
692 693
692 1772
693 1308
693 1342
693 1578
694 1001
694 1057
694 1136
695 785
695 890
695 1270
695 1438
695 1486
695 1893
695 1945
696 1282
696 1349
696 1602
696 1743
696 1876
696 1993
697 1276
697 1289
697 1616
697 1859
697 1998
698 751
698 826
698 949
698 990
698 1146
698 1332
698 1380
698 1717
699 1118
699 1241
699 1449
699 1540
699 1586
699 1775
700 713
700 768
700 1144
700 1276
700 1374
700 1716
700 1963
701 783
701 1306
701 1614
701 1859
702 918
702 1382
702 1477
702 1589
703 748
703 910
703 1103
703 1261
703 1510
703 1772
704 1270
704 1309
704 1363
704 1409
704 1587
705 801
705 1110
705 1241
705 1732
705 1755
705 1791
706 866
706 1038
706 1064
706 1698
707 715
707 831
707 946
708 788
708 1000
708 1271
708 1672
708 1687
708 1900
708 1968
709 754
709 791
709 944
709 962
709 1310
709 1479
709 1668
710 1097
710 1259
710 1747
710 1807
711 807
711 857
711 1549
711 1651
711 1964
712 915
712 1005
712 1747
712 1867
712 1921
713 839
713 864
713 866
713 968
713 1250
713 1457
713 1967
714 720
714 869
714 1843
714 1944
715 805
715 1470
715 1578
715 1683
715 1862
715 1954
716 824
716 1354
716 1673
716 1826
717 846
717 1383
717 1948
718 1519
718 1816
719 878
719 1070
719 1348
719 1475
719 1791
720 941
720 1221
720 1576
720 1603
721 864
721 1007
721 1114
721 1265
721 1481
721 1626
721 1632
722 850
722 976
722 1103
722 1748
722 1759
722 1802
722 1946
723 920
723 1183
723 1259
723 1500
724 830
724 836
724 841
724 1083
724 1150
724 1219
724 1335
724 1420
724 1568
724 1625
724 1675
724 1939
725 795
725 1242
725 1567
725 1673
725 1824
725 1924
726 967
726 1133
726 1664
727 1146
727 1390
727 1679
727 1861
727 1866
727 1944
727 1979
727 1999
728 804
728 1320
729 897
729 1154
729 1918
730 927
730 1219
730 1310
730 1499
730 1903
731 1466
731 1468
731 1786
731 1996
732 1190
732 1360
732 1541
732 1593
733 785
733 1025
733 1053
733 1259
733 1749
733 1810
734 783
734 921
734 1182
734 1264
734 1945
734 1973
735 974
735 1075
735 1095
735 1363
735 1388
735 1498
735 1552
735 1659
736 908
736 1091
736 1874
736 1899
737 875
737 930
737 933
737 1145
737 1187
737 1468
738 1040
738 1261
738 1512
738 1587
738 1699
738 1888
739 953
739 1119
739 1253
739 1427
739 1431
739 1634
740 984
740 1067
740 1189
740 1197
740 1956
741 1762
742 1947
743 1087
743 1328
743 1440
743 1778
744 853
744 1121
744 1200
744 1486
744 1885
745 794
745 810
745 940
745 982
745 1090
745 1158
745 1360
745 1453
745 1489
746 787
746 825
746 827
746 997
746 1860
747 1073
747 1276
747 1395
747 1457
747 1973
748 757
748 788
748 864
748 1437
748 1640
748 1723
748 1910
749 765
749 1069
749 1126
749 1231
749 1281
749 1561
750 1188
750 1477
750 1559
750 1778
750 1889
751 1115
751 1306
751 1332
751 1438
751 1787
751 1947
752 884
752 1062
752 1065
752 1163
752 1246
752 1483
752 1744
752 1787
752 1822
753 781
753 803
753 1219
753 1362
753 1399
753 1514
753 1708
753 1727
753 1894
754 787
754 990
754 1129
754 1387
754 1465
754 1688
755 803
755 970
755 1148
755 1193
755 1229
755 1643
755 1704
757 853
757 1071
757 1183
757 1232
757 1456
757 1533
757 1596
757 1616
757 1703
757 1721
757 1906
758 1543
758 1832
758 1933
759 1240
759 1273
759 1299
759 1696
760 839
760 873
760 1140
761 833
761 1222
761 1321
761 1442
761 1513
761 1630
761 1687
761 1760
761 1892
762 834
762 1112
762 1240
762 1407
763 918
763 1145
763 1328
763 1431
764 831
764 861
764 962
764 986
764 1461
764 1533
764 1735
764 1825
764 1896
764 1926
765 983
765 1393
765 1455
765 1883
765 1899
765 1967
766 1137
766 1188
766 1309
766 1501
767 819
767 1018
767 1181
767 1938
768 1042
768 1423
768 1602
768 1920
769 786
769 1393
769 1741
769 1772
769 1897
769 1958
770 844
770 1363
770 1384
770 1520
770 1649
771 1131
771 1189
771 1217
771 1675
771 1686
771 1719
771 1877
771 1945
771 1961
772 1344
772 1364
772 1929
773 802
773 1350
773 1603
774 954
774 1278
774 1294
774 1448
774 1458
774 1552
774 1754
775 1300
775 1490
775 1605
775 1829
775 1917
776 1251
776 1261
776 1560
776 1868
777 1046
778 867
778 1138
778 1232
778 1803
779 879
779 1259
779 1269
779 1801
780 886
780 1020
780 1469
780 1505
780 1532
780 1597
780 1734
781 1165
781 1287
781 1436
781 1466
782 851
782 1564
782 1583
783 1049
783 1926
784 1078
785 825
785 1134
785 1450
786 1047
786 1112
786 1156
786 1447
787 933
787 1155
787 1173
787 1460
787 1476
787 1495
787 1676
787 1904
788 804
788 1009
788 1104
788 1450
788 1614
788 1869
788 1992
789 864
789 1254
789 1396
789 1450
789 1504
789 1905
789 1929
790 1313
790 1754
790 1933
791 1135
791 1415
791 1453
792 962
792 1150
792 1226
792 1463
792 1595
792 1660
793 1765
794 959
794 979
794 1050
794 1073
795 1087
795 1399
796 919
796 1019
796 1171
796 1356
796 1431
796 1732
797 1080
797 1108
797 1127
797 1164
797 1270
797 1365
797 1374
797 1517
797 1659
797 1833
798 1035
798 1247
798 1322
798 1605
798 1847
799 816
799 990
799 1138
799 1188
799 1310
799 1374
799 1604
799 1901
800 857
800 985
800 1027
800 1052
800 1255
800 1471
800 1490
800 1754
801 1211
801 1648
801 1724
801 1769
802 929
802 939
802 1674
802 1817
802 1864
803 829
803 896
803 1027
803 1140
803 1455
803 1619
803 1647
804 815
804 993
804 1208
804 1222
804 1352
804 1798
804 1814
805 1123
805 1495
805 1580
805 1632
805 1967
806 995
806 1027
806 1072
806 1101
806 1339
806 1379
806 1509
806 1572
806 1733
806 1949
807 1026
807 1169
807 1470
808 1382
808 1517
808 1585
808 1777
809 895
809 968
809 1216
809 1768
809 1889
809 1978
810 915
810 1228
810 1877
810 1907
811 1187
811 1414
811 1447
811 1684
811 1932
812 1233
812 1745
812 1770
812 1773
813 1178
813 1459
813 1898
813 1949
814 1070
814 1235
814 1363
814 1922
815 898
815 1533
815 1604
815 1646
815 1727
816 1298
816 1310
816 1489
816 1605
816 1741
816 1767
816 1999
817 1197
817 1247
817 1478
817 1889
817 1920
817 1930
818 890
818 957
818 971
818 1088
818 1178
818 1214
818 1475
818 1954
819 936
819 1195
819 1287
819 1529
820 821
820 1629
820 1637
820 1788
820 1980
821 1013
821 1298
821 1549
821 1734
821 1822
821 1842
822 936
822 946
822 1623
822 1783
823 925
823 1114
823 1569
823 1615
823 1988
824 1110
824 1370
825 1213
825 1948
826 856
826 951
826 1414
826 1471
826 1484
826 1626
826 1654
827 1061
827 1576
827 1581
827 1836
828 1173
829 872
829 1391
829 1755
829 1927
830 877
830 948
830 1015
830 1117
830 1205
830 1225
830 1255
830 1306
831 917
831 981
831 1814
832 1227
832 1575
832 1586
832 1694
832 1703
832 1942
833 873
833 1272
833 1342
833 1707
834 835
834 879
834 983
834 1349
834 1392
835 1202
836 1089
836 1185
836 1769
837 1342
837 1807
838 1143
838 1283
838 1618
838 1695
838 1986
839 1110
839 1608
839 1929
840 857
841 951
841 1196
841 1331
841 1952
841 1995
842 973
842 1080
842 1542
842 1628
843 1412
843 1502
843 1549
843 1870
844 907
844 1192
844 1484
844 1634
844 1899
844 1982
845 971
845 1110
845 1190
845 1628
845 1814
845 1939
845 1975
846 1333
847 1302
847 1338
847 1497
847 1885
848 883
848 1150
848 1239
848 1277
848 1370
848 1397
849 1193
849 1285
849 1327
849 1981
850 887
850 1012
850 1296
851 889
851 1173
851 1364
851 2000
852 876
852 1132
852 1249
852 1551
852 1566
852 1790
852 1881
853 916
853 973
853 1146
853 1479
853 1962
855 918
855 1354
855 1646
855 1757
856 976
856 1625
856 1905
857 933
857 939
857 984
857 1515
857 1636
858 1690
859 1185
859 1246
859 1495
859 1777
860 1195
861 905
861 1380
861 1458
861 1460
861 1730
861 1927
862 1020
862 1084
862 1192
862 1735
863 1108
863 1135
863 1335
863 1605
863 1609
863 1902
864 1803
865 968
865 1571
865 1676
865 1753
866 914
866 999
866 1065
866 1119
866 1193
866 1278
866 1300
866 1333
866 1744
866 1779
867 975
867 1047
867 1324
867 1366
867 1793
867 1948
868 907
868 1023
868 1319
868 1916
868 1984
869 904
869 910
869 1139
869 1155
869 1393
869 1558
869 1680
869 1982
870 885
870 957
870 1224
870 1298
870 1668
870 1856
871 901
871 920
871 1065
871 1343
871 1945
872 1028
872 1153
872 1163
872 1242
872 1675
872 1698
872 1809
872 1974
873 983
873 1059
873 1182
873 1820
874 1029
874 1391
874 1558
874 1560
874 1662
874 1726
874 1826
874 1880
875 1094
875 1540
875 1666
875 1934
875 1969
876 1700
876 1946
877 1044
877 1587
877 1702
877 1841
878 1118
878 1196
878 1237
878 1459
878 1512
878 1780
879 979
879 1735
880 936
880 1095
880 1758
881 883
881 1936
882 1057
882 1136
882 1139
882 1261
882 1441
882 1561
882 1900
883 1645
883 1768
883 1779
883 1825
884 1422
884 1627
884 1966
885 1074
885 1167
885 1691
886 1094
886 1459
886 1958
886 1994
887 1029
887 1054
887 1082
887 1708
888 1378
888 1692
888 1752
888 1753
888 1910
888 1984
888 1997
889 1320
889 1471
889 1609
889 1744
889 1891
890 1128
890 1419
890 1589
890 1963
891 1104
891 1631
891 1736
891 1772
891 1778
892 1081
892 1820
892 1824
893 1416
894 1149
894 1175
894 1288
894 1415
894 1423
894 1491
894 2000
895 1032
895 1155
896 928
896 973
896 1743
897 1305
897 1625
897 1700
897 1746
897 1790
898 951
898 1509
898 1791
899 902
899 993
899 1032
899 1160
899 1336
899 1793
899 1803
900 929
900 930
900 1098
900 1238
900 1466
900 1968
901 917
901 938
901 1074
901 1132
901 1259
901 1329
902 1157
902 1195
902 1307
902 1568
902 1976
903 1240
903 1255
903 1567
904 1010
904 1286
904 1318
904 1446
904 1510
904 1717
904 1755
904 1811
904 1934
905 968
905 1342
905 1375
905 1909
905 2000
906 917
906 1571
906 1576
906 1601
907 967
907 1128
907 1893
907 1925
908 1092
908 1404
908 1434
908 1469
908 1549
908 1603
908 1632
909 1057
909 1287
909 1294
909 1387
909 1465
910 1852
910 1938
911 1076
911 1246
912 938
912 990
912 1180
912 1338
912 1393
912 1789
912 1822
912 1838
913 1128
913 1264
913 1283
914 1409
914 1414
914 1786
914 1999
915 1037
915 1164
915 1187
915 1823
915 1916
916 987
916 1519
917 1081
917 1097
917 1675
917 1757
918 1192
918 1307
918 1595
918 1667
918 1676
918 1803
918 1930
918 1975
919 1252
919 1348
919 1607
919 1763
919 1871
919 1922
920 1277
920 1319
920 1624
920 1875
921 1305
921 1477
921 1974
922 1658
923 1084
923 1237
923 1334
923 1630
923 1784
924 1301
924 1606
924 1687
924 1845
925 1437
925 1679
925 1774
925 1839
925 1918
926 931
926 1122
926 1458
926 1824
926 1974
927 1219
927 1371
927 1375
927 1942
928 1278
928 1339
928 1353
929 1641
929 1786
929 1859
930 1102
930 1377
930 1531
930 1652
930 1796
930 1965
931 937
931 944
931 1076
931 1131
931 1221
931 1525
931 1574
931 1899
932 948
932 969
932 1460
932 1748
932 1882
933 1226
933 1563
933 1662
933 1741
933 1790
934 1042
934 1090
934 1304
934 1352
934 1362
934 1579
935 1210
935 1755
936 941
936 942
936 1146
936 1618
936 1893
936 1920
937 942
937 1022
937 1036
937 1161
937 1290
937 1355
937 1571
937 1610
937 1699
937 1717
937 1758
938 1065
938 1220
938 1222
938 1960
939 1204
940 1912
941 1010
941 1011
941 1739
942 1260
942 1346
942 1827
942 1841
942 1986
943 1432
944 1173
944 1335
944 1468
944 1613
944 1647
944 1698
945 1058
945 1171
945 1651
946 1144
946 1217
946 1706
947 1023
947 1126
947 1294
947 1386
948 1066
948 1307
948 1751
949 1428
949 1614
949 1814
949 1857
949 1928
950 1353
950 1356
950 1416
950 1470
950 1820
951 1003
951 1290
951 1327
951 1821
951 1881
952 1321
952 1616
952 1663
952 1833
953 967
953 1681
953 1904
954 1123
954 1219
954 1603
954 1685
954 1716
954 1883
954 1937
955 1031
955 1476
955 1787
956 1310
956 1517
956 1720
956 1851
956 1898
956 1906
957 1135
957 1253
957 1733
957 1950
957 1998
958 1107
958 1714
958 1732
959 1414
959 1546
959 1957
960 1495
961 1249
961 1262
961 1621
961 1625
962 1085
962 1756
962 1828
963 996
963 1192
963 1458
963 1502
964 984
964 1156
964 1539
964 1748
965 1004
965 1331
965 1845
966 1034
966 1135
966 1230
966 1301
966 1526
966 1596
966 1657
967 1052
967 1240
967 1489
967 1669
967 1826
967 1915
968 1163
968 1370
968 1736
969 1097
969 1349
970 1037
970 1238
971 1475
971 1998
972 1058
972 1063
972 1156
972 1416
973 1571
973 1778
973 1862
973 1907
974 1145
974 1966
975 1001
975 1160
975 1367
975 1526
976 1067
976 1135
976 1735
976 1968
977 1027
977 1180
977 1226
978 1142
978 1401
978 1675
978 1942
979 1182
979 1209
979 1297
979 1360
979 1537
979 1590
980 1171
980 1849
980 1996
981 1338
981 1456
981 1508
982 1165
983 1205
983 1386
983 1419
983 1629
983 1800
984 1785
984 1862
984 1923
985 1552
985 1736
985 1746
985 1818
986 1181
987 1071
988 1090
988 1462
988 1649
988 1673
989 1463
989 1498
989 1547
989 1568
989 1759
990 991
990 1139
990 1166
990 1238
990 1709
990 1723
990 1969
991 1451
992 1434
992 1614
992 1621
993 1066
993 1145
993 1267
993 1533
993 1544
993 1688
993 1763
994 1118
994 1182
994 1253
995 1881
996 1537
996 1932
997 1152
997 1254
997 1468
998 1120
998 1474
998 1719
998 1958
1000 1075
1000 1835
1001 1370
1001 1533
1001 1731
1002 1562
1002 1953
1003 1354
1003 1457
1003 1595
1003 1610
1003 1993
1004 1274
1005 1312
1005 1402
1005 1492
1005 1518
1005 1672
1006 1474
1006 1816
1007 1424
1007 1454
1007 1622
1007 1637
1007 1762
1007 1778
1007 1872
1007 1900
1008 1082
1008 1478
1009 1291
1009 1518
1009 1535
1009 1618
1009 1704
1009 1928
1009 1970
1010 1108
1010 1233
1010 1477
1010 1778
1011 1061
1011 1259
1011 1501
1011 1705
1011 1783
1011 1796
1012 1110
1012 1262
1013 1201
1013 1447
1013 1691
1013 1733
1014 1018
1014 1326
1014 1401
1014 1422
1014 1426
1014 1753
1014 1884
1015 1034
1015 1154
1015 1253
1015 1272
1015 1514
1016 1480
1018 1659
1018 1889
1019 1191
1019 1209
1019 1328
1019 1856
1019 1934
1019 1954
1020 1137
1020 1165
1020 1616
1020 1636
1020 1746
1021 1279
1021 1298
1021 1345
1021 1647
1021 1964
1021 1968
1022 1300
1022 1362
1022 1600
1022 1735
1023 1131
1023 1797
1024 1068
1024 1754
1024 1956
1025 1450
1025 1735
1026 1350
1026 1389
1026 1801
1026 1956
1027 1096
1027 1578
1028 1361
1028 1475
1028 1886
1028 1977
1029 1162
1029 1266
1029 1568
1029 1771
1029 1809
1029 1963
1030 1517
1030 1980
1031 1231
1031 1310
1031 1385
1031 1648
1031 1883
1032 1179
1032 1503
1032 1871
1033 1515
1033 1559
1033 1688
1034 1773
1034 1880
1034 1928
1035 1563
1035 1773
1035 1921
1035 1979
1036 1096
1036 1364
1037 1368
1037 1617
1037 1952
1037 1984
1038 1234
1038 1776
1038 1910
1039 1233
1039 1336
1039 1402
1039 1628
1039 1831
1039 1936
1040 1299
1040 1368
1040 1603
1040 1623
1041 1098
1041 1198
1041 1612
1042 1476
1042 1755
1042 1796
1043 1169
1043 1235
1043 1336
1043 1360
1043 1361
1044 1152
1044 1263
1044 1349
1044 1433
1044 1697
1045 1609
1045 1997
1046 1328
1046 1499
1046 1510
1047 1299
1047 1310
1047 1346
1047 1353
1047 1405
1047 1662
1048 1334
1048 1633
1048 1810
1048 1823
1048 1840
1048 1920
1048 1954
1049 1143
1049 1180
1049 1796
1049 1995
1050 1139
1050 1181
1050 1410
1050 1582
1050 1586
1050 1596
1051 1106
1051 1108
1051 1259
1051 1315
1051 1574
1051 1844
1052 1079
1052 1353
1052 1629
1052 1699
1052 1713
1053 1186
1053 1208
1053 1761
1054 1399
1054 1742
1055 1177
1055 1341
1055 1511
1055 1578
1055 1861
1055 1965
1055 1984
1056 1085
1056 1330
1057 1207
1057 1314
1058 1184
1058 1848
1059 1068
1059 1159
1059 1221
1059 1592
1059 1642
1060 1203
1061 1078
1061 1610
1062 1813
1062 1925
1062 1990
1063 1126
1063 1237
1064 1225
1064 1355
1064 1535
1064 1550
1065 1284
1065 1447
1065 1616
1065 1856
1065 1994
1066 1510
1066 1575
1066 1781
1066 1790
1066 1800
1066 1954
1067 1115
1067 1630
1067 1992
1068 1629
1068 1973
1069 1237
1069 1420
1069 1578
1070 1297
1070 1391
1070 1572
1070 1823
1071 1282
1071 1911
1071 1982
1072 1367
1072 1405
1072 1455
1072 1620
1072 1739
1073 1092
1073 1249
1073 1571
1073 1683
1073 1724
1073 1821
1073 1870
1074 1182
1074 1362
1074 1710
1074 1796
1074 1904
1075 1406
1075 1638
1075 1895
1076 1285
1076 1329
1076 1729
1076 1819
1077 1292
1077 1413
1077 1751
1077 1974
1078 1159
1078 1303
1078 1324
1078 1518
1078 1567
1078 1605
1078 1749
1078 1989
1079 1418
1079 1502
1079 1527
1079 1581
1080 1167
1080 1211
1080 1864
1080 1869
1080 1948
1081 1259
1081 1581
1081 1727
1081 1772
1081 1958
1082 1327
1082 1461
1082 1486
1082 1633
1082 1840
1082 1938
1082 1999
1083 1360
1083 1383
1083 1803
1083 1857
1084 1130
1084 1626
1084 1680
1084 1713
1084 1939
1085 1159
1085 1291
1085 1818
1086 1269
1086 1287
1086 1333
1086 1836
1087 1097
1087 1903
1087 1976
1088 1179
1088 1257
1088 1881
1089 1168
1090 1482
1090 1613
1090 1739
1090 1999
1091 1109
1091 1165
1091 1194
1091 1282
1091 1298
1091 1674
1091 1718
1091 1725
1091 1783
1092 1157
1092 1168
1092 1203
1092 1252
1092 1685
1092 1803
1093 1139
1093 1433
1093 1634
1094 1107
1094 1348
1094 1647
1094 1663
1094 1683
1095 1610
1095 1642
1096 1656
1096 1814
1096 1860
1097 1229
1097 1459
1097 1484
1097 1663
1097 1722
1098 1190
1098 1545
1098 1643
1098 1987
1099 1530
1099 1940
1099 1984
1100 1117
1100 1197
1100 1997
1101 1220
1101 1385
1101 1794
1101 1879
1102 1171
1102 1312
1102 1401
1102 1413
1103 1254
1103 1544
1104 1735
1104 1864
1105 1132
1105 1159
1105 1205
1105 1421
1105 1424
1105 1476
1105 1769
1105 1814
1105 1942
1105 1960
1106 1403
1106 1770
1106 1774
1106 1781
1106 1798
1106 1804
1106 1808
1106 1958
1107 1182
1107 1446
1107 1904
1108 1144
1108 1224
1109 1299
1109 1342
1109 1403
1109 1841
1109 1953
1110 1319
1110 1866
1110 1889
1110 1981
1110 1995
1111 1778
1111 1782
1111 1874
1111 1909
1111 1921
1112 1699
1112 1740
1113 1771
1114 1358
1114 1422
1115 1285
1115 1379
1115 1599
1115 1720
1116 1152
1116 1240
1116 1409
1117 1377
1117 1703
1117 1778
1117 1862
1117 1915
1118 1306
1118 1329
1118 1706
1118 1837
1118 1909
1118 1920
1119 1654
1120 1190
1120 1309
1120 1359
1120 1824
1120 1843
1120 1878
1121 1451
1121 1611
1121 1846
1121 1922
1121 1946
1122 1242
1122 1325
1122 1397
1122 1444
1122 1961
1123 1265
1123 1628
1123 1667
1123 1670
1124 1448
1124 1468
1125 1388
1125 1590
1125 1751
1125 1789
1126 1344
1126 1462
1126 1504
1127 1162
1127 1208
1127 1448
1128 1828
1128 1857
1129 1416
1129 1567
1130 1595
1130 1800
1130 1826
1130 1977
1131 1299
1131 1480
1131 1590
1131 1878
1132 1142
1132 1163
1132 1800
1133 1229
1133 1495
1133 1578
1133 1750
1133 1774
1133 1911
1134 1239
1134 1304
1134 1365
1134 1449
1134 1773
1134 1849
1134 1948
1135 1375
1135 1457
1135 1555
1135 1695
1136 1978
1137 1198
1137 1291
1137 1441
1137 1716
1138 1170
1138 1182
1138 1292
1138 1386
1138 1480
1139 1776
1140 1176
1140 1423
1141 1182
1141 1240
1141 1337
1141 1566
1141 1670
1141 1675
1142 1176
1142 1478
1142 1523
1142 1813
1143 1164
1143 1794
1144 1310
1144 1498
1144 1752
1145 1267
1145 1457
1146 1389
1146 1503
1146 1669
1147 1414
1147 1423
1147 1590
1147 1591
1148 1288
1148 1295
1148 1384
1148 1459
1148 1909
1148 1979
1149 1225
1149 1341
1149 1546
1149 1583
1149 1638
1150 1280
1151 1227
1151 1370
1151 1782
1151 1985
1152 1604
1152 1693
1152 1725
1152 1782
1154 1277
1154 1380
1154 1598
1154 1790
1154 1872
1155 1333
1155 1374
1155 1418
1155 1714
1155 1870
1156 1312
1156 1369
1156 1655
1156 1715
1157 1848
1157 1889
1158 1245
1158 1592
1158 1628
1159 1683
1160 1182
1160 1196
1160 1252
1160 1318
1160 1334
1160 1335
1160 1560
1160 1773
1161 1508
1161 1771
1161 1815
1162 1190
1162 1605
1162 1782
1164 1353
1164 1451
1164 1644
1165 1181
1165 1864
1166 1389
1166 1446
1166 1465
1166 1473
1166 1890
1167 1696
1167 1783
1167 1897
1168 1820
1168 1875
1169 1191
1169 1754
1169 1976
1170 1240
1170 1388
1170 1621
1170 1692
1172 1295
1172 1582
1172 1599
1172 1904
1172 1943
1173 1367
1173 1415
1173 1895
1174 1227
1174 1392
1174 1431
1174 1859
1175 1189
1175 1344
1175 1512
1175 1578
1175 1858
1176 1329
1176 1693
1176 1824
1176 1829
1177 1192
1177 1291
1177 1825
1178 1328
1178 1410
1178 1771
1179 1255
1179 1317
1179 1574
1179 1810
1179 1825
1179 1896
1180 1191
1180 1407
1180 1423
1180 1474
1180 1583
1181 1686
1182 1317
1182 1422
1182 1495
1183 1259
1183 1406
1183 1907
1184 1601
1184 1864
1184 1881
1185 1530
1185 1704
1185 1809
1186 1312
1186 1329
1186 1419
1186 1476
1186 1480
1186 1570
1186 1653
1186 1671
1186 1738
1186 1916
1187 1264
1187 1490
1187 1756
1188 1598
1188 1697
1189 1346
1189 1555
1189 1711
1190 1332
1190 1397
1190 1421
1190 1707
1190 1867
1190 1883
1191 1717
1191 1836
1192 1802
1193 1206
1194 1594
1195 1362
1195 1740
1195 1782
1196 1251
1196 1364
1196 1367
1196 1804
1197 1224
1197 1344
1198 1436
1198 1926
1198 1938
1198 1984
1200 1497
1200 1893
1201 1268
1201 1614
1201 1645
1201 1853
1201 1977
1202 1460
1202 1620
1202 1866
1203 1293
1203 1348
1203 1388
1203 1389
1203 1982
1204 1395
1204 1559
1205 1217
1205 1496
1205 1950
1206 1697
1206 1746
1207 1238
1207 1484
1207 1621
1208 1235
1208 1676
1208 1999
1209 1662
1209 1818
1209 1831
1210 1313
1210 1531
1210 1830
1210 1958
1211 1670
1212 1919
1212 1990
1213 1385
1213 1423
1213 1475
1213 1478
1213 1479
1213 1570
1213 1784
1213 1925
1214 1445
1214 1577
1215 1982
1216 1512
1217 1461
1217 1701
1217 1963
1217 1970
1218 1442
1219 1230
1220 1983
1220 1986
1221 1344
1221 1444
1221 1955
1222 1324
1222 1329
1222 1406
1222 1526
1222 1579
1222 1602
1222 1604
1222 1689
1222 1967
1223 1248
1223 1405
1223 1918
1223 1948
1224 1317
1224 1793
1225 1394
1225 1484
1225 1819
1226 1604
1226 1626
1227 1250
1227 1501
1227 1530
1227 1621
1227 1746
1227 1821
1228 1573
1228 1649
1228 1682
1228 1903
1229 1392
1229 1576
1229 1599
1229 1797
1229 1806
1229 1973
1230 1517
1230 1692
1230 1848
1231 1432
1231 1588
1231 1893
1231 1900
1232 1287
1232 1507
1232 1666
1232 1913
1233 1351
1233 1623
1233 1891
1234 1645
1234 1703
1235 1555
1236 1886
1237 1385
1237 1414
1237 1459
1237 1545
1237 1797
1237 1996
1238 1288
1238 1489
1238 1531
1238 1626
1238 1877
1238 1998
1239 1610
1239 1896
1240 1442
1241 1375
1241 1540
1241 1754
1241 1760
1241 1886
1242 1428
1242 1639
1243 1439
1243 1834
1243 1990
1244 1271
1244 1291
1244 1973
1245 1473
1245 1843
1246 1403
1246 1435
1246 1758
1246 1837
1246 1893
1247 1374
1247 1524
1247 1836
1248 1445
1248 1496
1248 1595
1249 1573
1249 1709
1250 1336
1250 1662
1250 1845
1250 1911
1251 1518
1251 1778
1251 1814
1251 1934
1251 1937
1251 1951
1252 1680
1253 1516
1253 1529
1253 1837
1253 1902
1253 1998
1254 1293
1254 1322
1254 1547
1255 1261
1255 1309
1257 1600
1258 1805
1258 1882
1258 1905
1259 1392
1259 1573
1259 1717
1260 1313
1261 1274
1261 1469
1261 1521
1261 1644
1261 1770
1261 1959
1262 1604
1263 1409
1263 1582
1263 1685
1263 1737
1263 1990
1264 1334
1264 1435
1264 1876
1264 1886
1265 1332
1265 1356
1265 1485
1265 1559
1267 1616
1267 1702
1267 1746
1267 1864
1267 1944
1268 1359
1268 1586
1268 1750
1269 1790
1269 1963
1270 1730
1271 1800
1272 1546
1272 1964
1272 1971
1274 1319
1275 1287
1277 1280
1277 1312
1277 1375
1277 1489
1277 1519
1278 1707
1279 1391
1279 1751
1279 1994
1280 1282
1280 1320
1280 1481
1280 1558
1280 1828
1280 1924
1281 1444
1281 1636
1281 1986
1282 1420
1283 1514
1283 1588
1283 1831
1283 1895
1284 1451
1284 1911
1285 1950
1285 1986
1286 1472
1286 1673
1286 1736
1286 1874
1287 1562
1287 1960
1288 1340
1288 1483
1288 1521
1288 1558
1288 1707
1288 1865
1288 1914
1288 1928
1289 1413
1289 1515
1289 1536
1289 1657
1289 1711
1290 1605
1290 1820
1291 1649
1291 1729
1291 1955
1292 1500
1292 1517
1292 1564
1292 1658
1293 1374
1293 1423
1294 1618
1294 1664
1294 1847
1295 1332
1295 1897
1295 1922
1295 1997
1296 1461
1296 1479
1296 1684
1296 1860
1296 1894
1297 1360
1297 1671
1298 1500
1298 1733
1298 1835
1299 1315
1299 1385
1299 1427
1300 1408
1300 1426
1300 1936
1301 1318
1301 1333
1301 1475
1301 1994
1302 1313
1302 1615
1302 1643
1302 1694
1302 1787
1302 1891
1303 1450
1303 1754
1304 1313
1304 1788
1304 1803
1304 1875
1304 1981
1305 1599
1306 1682
1307 1391
1307 1969
1308 1640
1309 1401
1309 1615
1309 1733
1309 1743
1310 1505
1310 1573
1310 1843
1311 1367
1311 1560
1311 1575
1311 1988
1312 1476
1312 1823
1312 1934
1313 1315
1313 1590
1313 1659
1314 1404
1314 1703
1314 1912
1315 1355
1315 1464
1315 1510
1315 1551
1315 1560
1315 1935
1316 1428
1316 1727
1316 1730
1316 1769
1317 1375
1317 1453
1317 1606
1317 1767
1318 1865
1319 1725
1319 1919
1321 1431
1321 1816
1322 1674
1323 1995
1324 1414
1324 1557
1324 1685
1325 1460
1325 1644
1325 1965
1325 1977
1326 1516
1326 1712
1327 1525
1327 1696
1327 1948
1328 1515
1328 1732
1328 1936
1329 1351
1329 1463
1329 1465
1329 1784
1330 1968
1331 1443
1331 1510
1331 1654
1331 1977
1332 1971
1333 1542
1333 1659
1333 1879
1334 1972
1335 1461
1335 1759
1335 1813
1336 1348
1336 1775
1337 1505
1337 1858
1338 1623
1338 1752
1338 1932
1339 1891
1340 1780
1340 1806
1340 1907
1341 1485
1341 1609
1341 1693
1341 1821
1341 1887
1341 1893
1342 1437
1342 1691
1342 1986
1344 1961
1345 1361
1345 1644
1346 1462
1347 1505
1347 1802
1347 1935
1348 1551
1349 1598
1349 1851
1350 1399
1350 1480
1350 1609
1350 1732
1350 1904
1351 1377
1351 1844
1352 1514
1352 1634
1353 1770
1354 1891
1355 1364
1355 1407
1355 1444
1355 1534
1356 1867
1356 1896
1357 1386
1357 1474
1357 1743
1357 1813
1357 1975
1358 1572
1358 1709
1359 1449
1359 1486
1359 1701
1359 1831
1360 1721
1360 1892
1361 1474
1362 1726
1362 1931
1363 1515
1363 1726
1363 1740
1363 1793
1363 1850
1365 1446
1366 1525
1366 1589
1367 1471
1367 1521
1367 1578
1367 1665
1367 1779
1367 1936
1368 1428
1368 1675
1368 1868
1369 1386
1369 1686
1369 1955
1370 1745
1370 1770
1370 1811
1370 1894
1371 1700
1371 1848
1372 1710
1372 1885
1373 1380
1373 1882
1374 1459
1374 1562
1375 1424
1375 1697
1376 1509
1377 1439
1377 1629
1377 1806
1377 1980
1378 1603
1378 1770
1378 1840
1378 1868
1379 1394
1379 1553
1379 1825
1379 1999
1380 1564
1380 1862
1381 1601
1381 1642
1382 1394
1382 1416
1382 1697
1382 1789
1382 1872
1383 1417
1383 1448
1383 1547
1384 1824
1385 1574
1386 1569
1386 1747
1387 1658
1387 1984
1388 1404
1388 1731
1388 1904
1388 1932
1388 1937
1389 1542
1389 1685
1389 1861
1389 1886
1390 1557
1390 1764
1390 1910
1390 1914
1390 1943
1391 1439
1391 1520
1391 1821
1391 1970
1392 1421
1392 1885
1392 1948
1393 1762
1394 1494
1394 1909
1394 1923
1395 1444
1395 1492
1395 1895
1395 1915
1396 1600
1396 1883
1397 1601
1397 1836
1397 1845
1397 1913
1398 1505
1398 1651
1398 1841
1398 1970
1398 1982
1399 1527
1399 1652
1399 1680
1399 1712
1400 1467
1400 1808
1403 1699
1403 1939
1404 1521
1406 1980
1407 1878
1407 1997
1408 1544
1408 1577
1408 1890
1408 1949
1409 1601
1410 1650
1410 1670
1410 1722
1411 1615
1411 1865
1412 1647
1412 1688
1412 1936
1413 1460
1414 1695
1415 1567
1417 1833
1417 1873
1418 1768
1418 1961
1420 1504
1420 1794
1420 1836
1421 1461
1421 1606
1421 1712
1421 1880
1422 1664
1422 1862
1423 1689
1423 1876
1425 1447
1425 1701
1426 1460
1426 1584
1426 1791
1426 1845
1428 1659
1428 1922
1428 1998
1429 1571
1430 1632
1430 1916
1431 1433
1431 1584
1432 1594
1432 1859
1432 1908
1432 1927
1433 1528
1434 1475
1434 1489
1434 1512
1434 1813
1434 1937
1435 1600
1435 1648
1435 1727
1435 1737
1435 1801
1437 1575
1437 1834
1437 1938
1438 1714
1439 1696
1439 1717
1439 1894
1439 1970
1441 1686
1444 1677
1444 1829
1445 1568
1445 1874
1446 1482
1446 1592
1446 1840
1446 1958
1447 1791
1447 1824
1447 1977
1448 1469
1448 1572
1449 1746
1449 1754
1449 1830
1449 1834
1449 1955
1450 1607
1451 1586
1451 1891
1452 1644
1453 1486
1453 1494
1453 1603
1453 1649
1453 1735
1453 1831
1454 1618
1455 1745
1455 1838
1456 1476
1456 1759
1456 1937
1457 1531
1457 1558
1457 1645
1457 1722
1457 1766
1457 1783
1457 1966
1457 1985
1458 1666
1459 1468
1459 1832
1459 1903
1460 1564
1461 1478
1461 1526
1462 1470
1462 1918
1463 1671
1463 1829
1463 1988
1464 1476
1464 1654
1464 1697
1465 1788
1465 1902
1466 1497
1466 1714
1466 1719
1466 1845
1467 1505
1467 1599
1467 1614
1467 1668
1467 1671
1467 1919
1467 1929
1468 1588
1468 1603
1469 1481
1469 1646
1470 1587
1470 1612
1470 1833
1471 1506
1471 1751
1471 1788
1471 1806
1472 1505
1472 1742
1473 1712
1474 1518
1474 1630
1475 1762
1476 1700
1476 1853
1477 1767
1477 1834
1478 1558
1479 1484
1479 1561
1479 1603
1479 1734
1479 1869
1481 1598
1481 1695
1481 1967
1482 1483
1482 1936
1483 1486
1483 1577
1483 1728
1483 1892
1484 1938
1485 1557
1485 1686
1485 1981
1486 1721
1486 1780
1486 1885
1487 1630
1488 1765
1488 1779
1488 1800
1488 1957
1489 1794
1489 1845
1489 1918
1489 1979
1490 1563
1490 1661
1490 1987
1491 1975
1492 1532
1492 1779
1493 1643
1494 1957
1495 1504
1495 1703
1495 1707
1496 1868
1497 1882
1497 1991
1498 1671
1498 1733
1500 1550
1501 1543
1501 1670
1501 1680
1501 1746
1502 1852
1503 1783
1504 1724
1504 1785
1505 1805
1506 1593
1506 1622
1507 1588
1508 1560
1508 1915
1509 1594
1509 1649
1509 1916
1510 1560
1510 1607
1510 1737
1511 1745
1511 1768
1511 1910
1512 1723
1512 1890
1512 1976
1513 1605
1513 1645
1515 1766
1515 1921
1516 1684
1517 1631
1517 1823
1518 1738
1518 1788
1518 1934
1519 1801
1519 1861
1519 1930
1520 1725
1521 1764
1521 1800
1522 1574
1522 1715
1522 1965
1522 1998
1523 1633
1523 1664
1523 1804
1523 1885
1524 1631
1524 1908
1524 1931
1525 1631
1525 1714
1525 1838
1525 1840
1526 1882
1528 1792
1528 1901
1529 1676
1529 1976
1530 1586
1531 1753
1531 1770
1531 1980
1532 1835
1533 1704
1533 1724
1533 1998
1535 1975
1536 1662
1536 1668
1536 1681
1537 1637
1537 1675
1537 1740
1538 1565
1538 1840
1538 1842
1539 1829
1540 1863
1541 1638
1541 1726
1541 1946
1542 1581
1542 1719
1542 1768
1544 1727
1544 1819
1545 1719
1546 1636
1546 1694
1547 1746
1550 1876
1550 1879
1550 1961
1551 1781
1551 1918
1552 1609
1552 1766
1552 1805
1553 1724
1553 1841
1553 1964
1555 1560
1555 1837
1557 1776
1558 1649
1558 1665
1558 1847
1559 1791
1559 1859
1559 1943
1560 1646
1561 1587
1564 1565
1564 1938
1565 1850
1565 1898
1566 1860
1567 1674
1568 1829
1569 1573
1569 1759
1569 1849
1570 1629
1570 1685
1572 1574
1572 1863
1574 1610
1574 1656
1574 1723
1575 1690
1575 1799
1576 1629
1577 1636
1577 1639
1577 1887
1578 1684
1578 1686
1578 1784
1579 1664
1579 1913
1580 1966
1580 1987
1581 1642
1581 1677
1581 1731
1581 1905
1583 1760
1583 1838
1584 1928
1585 1943
1587 1733
1587 1864
1587 1901
1588 1713
1588 1745
1588 1874
1589 1992
1590 1844
1591 1728
1593 1711
1595 1762
1595 1835
1596 1612
1596 1683
1596 1965
1596 1967
1597 1678
1597 1813
1597 1831
1597 1952
1598 1677
1598 1725
1599 1694
1600 1840
1600 1955
1602 1696
1602 1721
1603 1699
1603 1786
1604 1657
1604 1839
1604 1992
1605 1698
1605 1811
1605 1888
1606 1843
1606 1898
1606 1948
1606 1959
1607 1895
1608 1845
1609 1757
1609 1934
1609 1964
1610 1770
1610 1803
1610 1834
1610 1952
1611 1635
1611 1727
1612 1773
1613 1738
1615 1964
1615 1975
1615 1985
1616 1750
1617 1627
1619 1966
1620 1820
1621 1845
1622 1680
1623 1677
1623 1678
1623 1764
1625 1634
1625 1641
1625 1667
1625 1869
1625 1877
1626 1683
1626 1997
1629 1746
1629 1808
1630 1638
1630 1652
1630 1703
1631 1742
1632 1734
1632 1754
1632 1902
1632 1927
1633 1684
1633 1799
1634 1900
1634 1905
1635 1673
1635 1771
1636 1650
1636 1800
1637 1741
1638 1702
1640 1772
1640 1942
1641 1887
1642 1717
1643 1760
1644 1878
1644 1987
1646 1982
1647 1661
1648 1854
1649 1710
1649 1846
1649 1937
1650 1884
1651 1741
1651 1742
1651 1794
1652 1661
1652 1954
1652 1977
1653 1839
1653 1849
1654 1662
1654 1716
1654 1808
1654 1861
1655 1875
1656 1988
1656 1996
1657 1744
1658 1778
1658 1914
1660 1800
1660 1882
1661 1728
1662 1806
1663 1714
1664 1912
1667 1749
1668 1744
1671 1751
1671 1928
1671 1945
1673 1687
1674 1757
1674 1784
1674 1990
1675 1972
1676 1880
1677 1743
1677 1810
1677 1956
1678 1916
1678 1997
1680 1751
1681 1782
1681 1894
1683 1764
1683 1911
1684 1912
1685 1940
1685 1943
1685 1948
1686 1798
1688 1795
1689 1917
1690 1834
1690 1886
1691 1899
1691 1993
1692 1888
1693 1788
1696 1955
1697 1880
1697 1899
1699 1767
1702 1960
1703 1890
1704 1888
1705 1800
1705 1874
1705 1926
1707 1778
1707 1983
1708 1930
1709 1779
1709 1790
1709 1831
1709 1841
1709 1855
1713 1807
1714 1892
1714 1953
1715 1834
1716 1726
1719 1897
1719 1903
1720 1779
1721 1751
1723 1746
1725 1785
1725 1902
1725 1924
1726 1757
1726 1803
1726 1820
1727 1811
1728 1748
1728 1763
1729 1770
1729 1855
1729 1867
1730 1843
1730 1847
1730 1977
1732 1824
1733 1746
1734 1863
1735 1876
1735 1985
1737 1860
1737 1978
1738 1923
1739 1760
1739 1939
1739 1954
1739 1985
1741 1833
1741 1882
1744 1891
1744 1956
1747 1999
1749 1993
1750 1784
1752 1900
1752 1906
1752 1972
1752 1988
1753 1834
1753 1884
1754 1908
1754 1998
1755 1787
1755 1847
1757 1834
1758 1904
1762 1871
1763 1841
1763 1936
1764 1971
1765 1903
1766 1775
1767 1862
1767 1961
1770 1893
1770 1994
1771 1949
1773 1988
1777 1927
1777 1977
1778 1920
1779 1827
1779 1838
1781 1792
1782 1922
1785 1887
1786 1843
1787 1789
1787 1831
1788 1835
1788 1962
1789 1820
1790 1914
1793 1862
1796 1801
1799 1836
1799 1971
1799 1987
1800 1945
1801 1829
1801 1944
1804 1861
1805 1852
1813 1834
1814 1899
1814 1964
1817 1857
1817 1930
1818 1874
1820 1904
1822 1948
1823 1918
1830 1970
1832 1987
1833 1892
1836 1960
1843 1890
1843 1915
1843 1977
1845 1997
1846 1947
1848 1936
1851 1988
1854 1972
1855 1961
1859 1886
1859 1958
1861 1985
1869 1954
1872 1924
1874 1906
1878 1924
1883 1951
1885 1951
1886 1941
1894 1907
1896 1923
1905 1981
1924 1941
1925 1946
1930 1999
1932 1964
1935 1956
1936 1945
1939 1985
1940 1953
1946 1996
1951 1976
1954 1972
1964 1968
1986 2000