2000
1 69
1 702
1 1311
1 1558
2 282
2 1604
2 1960
3 358
3 796
3 956
4 30
4 253
4 719
4 931
4 1313
4 1560
5 1834
6 955
6 1125
7 342
7 803
7 1077
7 1176
7 1539
8 371
9 271
9 661
9 915
9 1641
10 1351
10 1857
11 512
11 600
11 681
12 147
12 893
12 1135
12 1356
13 98
13 521
13 1364
14 616
14 780
14 1156
15 417
15 827
15 1163
15 1165
15 1415
16 142
16 377
16 648
16 692
16 853
17 42
17 76
17 222
17 1514
17 1789
18 149
18 565
19 108
19 237
19 298
19 827
19 1556
20 1871
20 1888
21 532
22 1824
23 669
23 1596
23 1742
24 613
25 951
25 1989
26 593
26 1204
27 620
27 911
27 1995
28 76
28 506
28 905
28 910
28 1517
28 1735
28 1916
29 533
29 982
29 1096
30 113
31 215
31 876
32 415
32 1457
32 1894
32 1943
33 996
33 1431
33 1795
34 1093
35 86
35 147
35 1083
35 1103
35 1487
35 1695
36 187
36 1530
37 649
37 672
37 715
37 905
37 1103
37 1848
38 87
38 433
38 768
38 1221
38 1971
40 894
40 900
40 1191
40 1237
41 883
42 695
42 949
42 1203
42 1446
42 1495
43 360
43 783
43 1602
44 336
45 436
45 746
45 784
45 1150
45 1170
45 1414
46 635
47 331
47 574
47 1232
47 1714
47 1717
48 449
48 698
49 315
49 1465
50 56
50 89
50 364
51 639
51 1872
51 1931
52 78
52 1292
52 1367
53 1160
53 1206
53 1338
54 223
54 324
54 1420
55 264
55 709
55 783
55 1339
56 400
56 460
56 539
56 822
57 1517
57 1555
57 1571
57 1616
58 626
58 1308
58 1659
58 1818
59 234
59 332
59 596
59 1646
60 1407
60 1981
61 362
61 1084
61 1635
62 347
62 406
62 978
62 1316
64 294
64 325
64 1372
64 1770
65 703
65 714
65 1025
65 1184
65 1261
65 1946
66 296
66 1043
66 1311
66 1333
66 1623
67 1155
67 1170
68 215
68 839
69 336
69 921
70 244
71 429
71 632
71 753
71 819
71 847
71 1047
71 1081
72 1044
72 1264
73 356
73 1862
74 715
74 892
74 1446
75 1159
75 1289
75 1473
75 1615
76 372
76 653
76 883
76 990
77 145
77 388
77 642
77 805
77 998
77 1118
77 1227
77 1262
77 1427
78 1309
79 500
79 547
79 1095
79 1285
79 1469
79 1915
80 281
80 1476
81 290
81 1664
82 795
82 1200
83 618
83 850
83 1945
84 758
84 778
84 971
84 1381
85 285
85 445
85 565
85 1886
86 421
86 1003
86 1218
86 1255
87 1007
87 1176
87 1451
88 612
88 953
90 1729
91 663
91 1519
92 131
92 1768
94 740
94 1616
94 1992
95 1062
95 1285
95 1774
96 664
96 743
96 1929
97 847
97 1513
98 223
98 792
99 173
99 214
99 238
100 752
100 937
100 967
100 1790
101 909
101 1000
102 839
102 1288
102 1374
103 336
103 1158
103 1528
104 495
104 870
104 1067
104 1842
105 726
105 1420
105 1773
106 904
107 1193
108 396
108 900
108 1737
109 291
109 470
109 1978
110 963
110 1014
111 363
111 1205
112 965
112 1284
112 1619
113 875
113 976
113 1289
114 955
114 1449
115 856
115 970
115 1645
116 411
116 1468
116 1633
117 501
118 1296
118 1298
119 1330
119 1441
120 1016
120 1579
120 1689
121 459
121 471
121 1503
122 899
122 1031
122 1535
123 243
123 1453
124 1129
124 1291
124 1728
125 203
125 698
125 1300
125 1548
126 807
126 1687
127 868
127 875
127 1401
128 140
128 559
128 606
128 635
128 1836
129 349
129 366
129 1071
129 1095
129 1922
130 191
130 761
130 1198
131 1006
131 1462
131 1560
132 404
133 800
133 833
133 1317
133 1434
133 1955
134 909
134 1148
135 427
135 1709
136 198
136 443
136 1970
137 148
137 403
137 1083
137 1983
138 239
138 1299
138 1950
139 858
139 1804
140 724
140 1512
141 223
141 1521
142 993
143 278
143 1427
143 1738
144 789
144 1112
144 1356
145 685
145 741
145 975
147 1035
147 1162
148 467
148 1935
149 1096
149 1899
150 737
151 614
152 622
152 1397
152 1728
152 1848
153 169
153 1012
154 433
154 898
154 1734
155 167
155 358
155 434
155 730
155 793
155 1065
155 1691
155 1864
155 1966
156 1158
156 1752
157 380
157 529
157 942
157 1543
157 1584
158 233
158 269
158 573
158 619
158 1555
158 1837
159 371
159 544
159 963
160 433
160 736
160 935
161 234
162 214
162 515
162 1146
162 1456
162 1639
163 461
163 651
163 1146
163 1206
164 478
164 561
164 1061
164 1712
165 665
165 671
165 772
165 1150
165 1554
166 411
167 600
167 1818
168 1705
168 1719
169 540
169 1100
169 1323
169 1934
170 996
170 1011
171 504
171 1687
171 1722
172 1864
173 322
173 458
173 997
173 1995
174 519
174 1327
174 1388
175 356
175 486
175 955
176 813
177 707
177 1537
177 1544
178 226
178 467
178 990
178 1052
178 1704
179 1565
179 1699
179 1863
180 1788
181 478
182 213
182 1131
182 1855
183 428
183 679
183 868
184 1018
184 1274
184 1326
185 352
185 510
185 1103
186 516
186 849
186 1078
187 196
187 400
188 430
188 1821
188 1847
189 1369
190 543
190 962
190 1404
190 1792
191 336
191 437
191 589
191 818
191 1545
192 584
192 998
192 1154
192 1501
192 1555
192 1673
192 1748
192 1925
193 891
194 209
194 764
194 782
194 1156
195 403
195 709
195 1003
195 1284
196 261
196 658
196 711
197 278
197 932
197 961
197 1079
197 1135
197 1727
197 1977
198 199
198 826
198 1587
198 1826
199 757
200 362
201 567
201 1720
202 272
202 361
202 1853
203 800
203 974
203 1413
204 464
204 568
204 657
204 660
204 1207
204 1401
205 842
205 955
205 1329
205 1458
205 1669
206 317
206 450
206 1028
206 1327
206 1524
207 362
207 699
207 1269
207 1996
208 216
208 240
208 612
208 1136
208 1708
208 1807
209 479
209 490
209 834
209 905
209 1029
209 1264
209 1331
209 1964
210 578
210 751
210 1100
210 1233
211 1185
211 1666
212 470
212 1344
212 1803
212 1991
213 282
213 434
213 913
213 921
213 1283
214 1396
214 1666
214 1966
214 1973
215 437
215 1168
215 1318
215 1534
216 755
217 384
217 667
217 981
217 1299
217 1387
218 642
218 752
218 911
218 1580
219 457
219 559
220 364
220 1556
221 250
221 306
221 366
221 1433
222 384
223 1095
223 1719
224 1770
224 1965
225 1984
227 1020
227 1096
227 1851
227 1931
228 856
228 1491
228 1497
228 1919
229 232
229 344
229 730
229 1047
229 1413
229 1516
229 1771
229 1887
229 1890
229 1978
230 732
231 328
233 748
233 1875
234 394
234 1002
234 1821
235 1274
235 1818
235 1841
236 1009
236 1715
237 856
237 985
237 1023
238 1358
238 1468
238 1511
239 247
239 403
239 405
239 1040
240 822
240 968
241 957
241 1362
243 397
243 861
243 1535
243 1927
244 730
244 1209
245 1138
245 1375
245 1413
246 549
246 973
246 1562
246 1592
246 1721
247 540
247 1132
247 1576
248 719
248 1036
248 1596
248 1762
248 1826
248 1882
249 940
249 1642
249 1888
250 436
250 1541
250 1650
251 749
251 1015
252 677
252 1093
252 1736
253 712
253 1023
253 1034
254 541
254 1753
254 1768
255 447
255 978
255 1459
255 1603
257 322
257 337
257 508
259 948
259 1469
260 689
261 644
261 1101
261 1108
261 1464
262 613
263 591
263 639
263 884
263 1293
264 1514
265 808
265 980
265 1119
265 1530
266 580
266 1464
267 286
267 561
267 1495
268 357
268 474
268 618
268 965
268 1468
269 608
269 1774
270 422
270 589
270 624
270 668
270 701
270 872
270 1439
271 499
272 670
272 1011
272 1154
272 1359
273 941
273 1176
273 1568
273 1858
273 1937
274 724
274 1157
275 386
275 1938
277 345
277 496
277 514
277 631
277 921
277 1833
279 1095
279 1119
279 1177
279 1480
280 356
281 1414
281 1596
281 1696
282 1878
282 1936
283 680
283 943
284 291
284 852
284 890
284 1187
284 1708
285 485
285 1622
285 1954
286 532
286 705
286 1136
287 952
288 341
288 847
288 1574
288 1609
288 1864
289 445
290 381
290 440
290 748
290 904
290 1060
290 1269
290 1276
290 1298
290 1783
291 764
291 1150
291 1168
291 1570
291 1697
292 857
292 1078
292 1088
292 1644
292 1649
292 1715
293 650
293 811
293 1868
294 375
294 705
294 842
294 927
294 1136
294 1723
294 1847
295 1496
295 1615
295 1676
295 1762
295 1860
296 1104
296 1178
296 1432
296 1435
296 1478
296 1725
297 539
297 1125
297 1528
297 1968
298 526
298 1395
298 1489
298 1904
299 310
299 493
299 915
299 1604
299 1878
299 1948
300 1820
301 1019
301 1575
301 1608
301 1894
302 398
302 425
303 709
303 1001
303 1498
303 1522
304 1228
304 1438
304 1620
304 1743
305 438
305 491
305 1093
305 1232
305 1642
307 620
307 1620
308 425
308 484
308 625
308 834
308 1926
308 1948
309 1431
310 599
310 625
310 1101
310 1108
310 1491
310 1692
310 1869
310 1911
311 347
311 745
311 1695
312 538
312 572
313 555
313 598
313 640
313 862
313 1019
313 1636
313 1784
314 930
314 1053
314 1071
314 1687
315 452
315 1893
316 731
316 984
316 1162
317 357
318 520
318 1256
318 1576
319 1427
320 327
320 945
320 1104
320 1609
320 1687
321 1636
322 685
322 1010
322 1446
322 1464
322 1561
322 1779
323 1759
324 718
324 866
324 1117
324 1783
325 1295
325 1307
326 655
326 1051
327 1973
328 582
328 1099
328 1498
329 579
329 851
329 1157
329 1519
329 1765
330 508
330 1522
331 1966
332 1771
333 1353
334 1217
334 1432
334 1555
334 1872
336 519
336 694
336 916
336 1064
337 340
337 510
337 1368
337 1645
338 366
338 402
338 443
338 555
338 747
338 792
338 1225
338 1258
339 712
340 737
340 757
340 1328
341 1173
341 1988
342 1998
343 1100
343 1575
344 590
344 955
344 1618
344 1793
344 1795
345 1040
345 1076
345 1111
345 1757
346 761
346 1373
346 1461
346 1537
346 1553
346 1981
347 1519
347 1712
347 1927
348 531
348 548
348 607
348 925
348 994
349 1221
349 1415
350 506
350 696
350 989
350 1190
350 1491
350 1934
351 1088
351 1489
352 1344
353 546
353 1388
354 384
354 1857
355 584
356 1836
357 494
357 1271
357 1504
357 1880
358 823
358 1796
359 1982
360 965
360 1046
360 1105
360 1257
361 365
361 1463
361 1919
362 489
362 572
362 1354
362 1645
363 420
363 813
364 443
364 932
365 1156
365 1522
366 1185
367 551
367 1118
367 1710
368 1268
370 439
370 1154
370 1465
370 1539
370 1978
371 1376
372 687
372 730
372 1584
373 844
373 1005
373 1923
373 1999
374 460
374 1234
374 1875
375 565
375 1261
376 1859
376 1864
378 873
378 1422
379 939
379 1814
379 1969
380 614
380 1611
381 1304
381 1385
381 1575
382 507
382 693
382 1445
382 1494
382 1861
384 1671
384 1801
385 486
385 1639
385 1665
385 1767
386 1664
386 1793
387 516
387 539
387 1011
387 1080
388 1058
388 1188
388 1535
388 1704
388 1713
389 571
389 782
390 1563
391 1387
391 1476
391 1685
392 433
392 535
392 601
392 785
392 789
392 952
392 1429
392 1641
392 1935
393 887
393 1495
394 1044
394 1128
394 1418
395 442
395 1536
395 1821
397 434
397 971
397 1528
397 1923
398 418
398 1849
399 669
400 629
400 1122
400 1292
401 1474
401 1729
402 479
402 772
402 1033
402 1811
403 1379
404 1665
404 1699
406 508
406 1349
406 1583
407 654
407 1201
407 1259
408 954
408 1092
408 1106
408 1558
408 1578
408 1880
409 1672
410 1902
411 1551
411 1753
412 1851
413 663
413 1836
413 1849
414 1270
414 1398
415 616
415 1187
415 1253
415 1366
416 1184
417 647
418 453
419 423
419 669
419 1045
419 1174
419 1511
420 1008
420 1326
420 1485
421 736
421 1552
421 1971
422 1052
424 1356
425 1378
425 1599
425 1893
427 605
427 1336
428 619
428 1176
429 665
429 972
429 1465
429 1510
430 956
430 1238
431 982
431 1108
432 604
432 1259
432 1343
432 1367
432 1431
433 777
433 933
433 1069
433 1507
434 696
434 1179
434 1442
435 1043
435 1227
436 1452
436 1567
437 943
437 1736
438 709
438 1299
439 1527
439 1612
439 1856
439 1950
440 1736
440 1885
441 483
441 977
441 1221
442 1069
442 1558
442 1819
443 846
443 1066
443 1332
443 1770
444 1738
445 709
445 1526
445 1945
446 511
446 904
447 461
447 1057
447 1660
447 1693
447 1912
447 1926
448 525
448 1120
448 1156
448 1266
448 1857
449 544
449 1255
449 1794
450 1721
450 1884
452 914
452 1199
452 1731
453 553
453 1140
453 1616
454 821
455 766
455 1410
455 1741
456 575
456 1136
456 1683
457 695
457 769
457 1195
457 1773
457 1808
457 1893
458 460
458 509
458 860
458 1326
458 1542
458 1632
458 1911
459 640
459 818
459 1209
459 1681
460 463
460 1222
460 1755
461 642
462 1029
462 1490
462 1534
463 1781
464 482
464 805
464 1210
465 512
465 665
465 1257
466 994
466 1667
467 880
467 1010
467 1572
469 1583
469 1931
470 1017
470 1132
470 1466
471 737
472 638
472 753
473 1601
475 838
475 1148
476 500
476 900
476 1986
477 1427
479 983
479 1258
479 1605
479 1666
479 1907
480 1020
480 1143
481 1873
482 603
482 840
483 551
484 1501
484 1598
485 707
485 849
485 1022
485 1616
485 1911
486 884
486 1358
486 1388
488 555
488 997
488 1259
488 1300
488 1634
489 687
489 1231
490 1028
490 1582
491 971
492 839
492 1029
492 1317
492 1329
492 1681
493 591
493 1338
494 529
494 1023
495 1175
496 1602
497 1768
497 1792
498 664
498 1446
498 1807
499 1381
499 1972
499 1975
500 574
500 1476
500 1568
500 1595
500 1643
501 681
501 922
501 1133
501 1546
501 1560
503 614
503 933
504 863
504 1427
504 1504
504 1814
505 977
505 1060
505 1367
506 718
506 1066
506 1136
506 1209
506 1676
506 1932
507 542
507 1930
508 528
508 1179
509 529
509 975
510 1250
510 1260
510 1377
511 1292
511 1302
512 970
513 1915
513 1923
514 607
514 1665
514 1809
515 1844
515 1977
517 681
517 826
517 1102
517 1602
518 1270
519 656
520 780
521 1064
521 1218
521 1891
521 1913
522 1362
522 1809
523 1197
524 940
524 1079
524 1572
524 1912
525 696
525 1869
526 958
527 1212
527 1971
528 935
528 1061
529 1700
529 1990
530 1458
531 613
532 1152
532 1231
532 1396
533 744
533 891
534 955
534 1077
534 1495
535 630
535 998
535 1657
535 1963
536 548
536 559
538 1035
539 797
539 1636
539 1887
540 599
540 965
540 1542
540 1557
540 1940
541 1169
541 1239
541 1963
542 931
542 964
542 1620
543 1218
543 1798
543 1808
543 1844
544 694
545 966
545 1146
545 1334
545 1667
545 1911
546 614
546 678
546 681
546 719
546 1712
546 1940
547 1089
547 1636
547 1696
548 909
549 934
549 1675
550 1146
550 1331
550 1586
551 935
553 1717
554 1247
554 1259
554 1869
554 1955
555 696
555 1569
555 1572
556 630
556 1630
556 1633
557 765
557 1348
557 1587
558 1243
558 1377
558 1757
559 799
559 806
559 1605
559 1761
560 1422
561 1177
561 1240
561 1749
561 1811
562 590
562 1056
562 1190
562 1258
562 1382
563 1402
563 1871
563 1979
564 596
564 1278
564 1496
565 716
565 757
565 944
566 1385
566 1767
567 848
567 1413
567 1657
567 1743
568 823
569 1351
570 806
570 1101
570 1239
570 1584
572 1294
573 924
574 616
574 1689
574 1990
575 673
575 700
575 886
577 803
577 1899
578 1741
579 596
579 685
579 1746
580 581
580 1222
580 1429
581 648
581 866
582 739
582 1753
582 1934
583 1561
584 1445
584 1684
585 1476
585 1724
585 1739
585 1803
586 1459
586 1541
586 1966
587 757
587 764
587 816
587 964
587 1386
587 1546
590 912
590 985
590 1002
591 871
592 1180
592 1680
592 1818
593 896
593 1626
593 1787
594 1094
594 1742
594 1899
595 1533
595 1660
595 1772
596 919
596 1387
596 1575
596 1979
597 890
597 1076
597 1528
598 1059
598 1130
598 1496
599 1552
600 1159
600 1419
601 915
601 1562
601 1841
602 1981
603 1373
604 809
604 972
604 1146
605 764
605 1264
605 1628
606 731
606 1628
606 1656
606 1812
607 997
607 1401
607 1740
608 1102
608 1121
608 1898
609 909
609 1284
609 1740
610 1169
610 1348
610 1454
610 1576
610 1762
611 857
611 1403
611 1805
611 1813
612 1004
613 866
613 1384
614 1254
614 1887
615 1074
615 1529
616 1372
617 1666
618 1039
618 1377
618 1956
620 1324
620 1411
621 1365
621 1479
621 1755
623 1203
623 1270
624 1331
624 1609
624 1725
626 988
626 1593
626 1773
627 676
627 946
628 828
628 1368
628 1633
630 923
631 1183
631 1758
632 792
632 1089
632 1376
632 1525
635 1237
635 1306
635 1457
636 689
636 717
636 1275
636 1511
636 1530
636 1629
637 1161
638 1252
638 1649
639 877
639 1301
640 679
640 1191
641 969
642 992
642 1482
642 1903
642 1972
643 910
643 1837
644 748
644 817
645 1461
645 1660
645 1989
646 1510
647 881
647 1142
647 1711
647 1913
648 1162
648 1635
648 1907
650 1096
650 1716
651 871
651 1263
651 1381
651 1846
651 1856
652 1005
652 1213
652 1471
653 828
653 1350
654 792
654 998
654 1667
655 1740
656 731
656 883
656 930
656 1737
657 689
657 823
657 1558
658 1700
658 1755
659 843
659 992
659 1055
659 1562
661 1886
662 723
662 1282
662 1919
663 1152
663 1230
664 871
664 1127
664 1286
664 1696
664 1796
664 1862
665 1544
665 1810
667 1146
667 1626
668 1003
668 1202
668 1453
668 1883
668 1930
669 1195
670 808
670 1479
671 1281
671 1457
671 1935
672 814
672 1095
673 983
674 1301
674 1722
674 1993
675 1248
675 1727
676 877
676 947
676 1311
677 1047
677 1646
678 1498
678 1593
679 1027
679 1430
680 912
680 1438
680 1533
681 1323
682 722
682 728
682 1855
683 694
683 892
683 899
683 1281
683 1334
683 1514
685 819
685 1996
686 812
686 1054
686 1182
686 1367
686 1663
687 1023
689 873
689 1752
690 1024
690 1066
691 1011
692 707
692 1688
693 1475
693 1628
694 1292
694 1826
695 753
695 845
695 1472
695 1918
697 1389
697 1417
698 1174
698 1690
698 1763
699 1200
699 1471
699 1700
700 1322
702 1030
703 1329
704 1841
705 749
705 1572
706 1906
707 803
707 1298
708 1039
708 1413
708 1459
709 925
709 1541
709 1649
710 1043
711 715
711 1326
712 1241
712 1507
713 1324
714 1289
714 1716
715 921
715 934
715 1332
717 1066
717 1366
719 840
719 968
720 1286
720 1470
722 838
723 900
723 1106
723 1555
724 858
724 1136
724 1906
725 1191
725 1315
725 1967
727 1126
728 1624
728 1917
728 1925
729 1816
730 1395
730 1886
731 740
731 1228
731 1462
731 1628
731 1825
731 1901
732 1724
733 1084
733 1101
734 1238
734 1316
734 1613
734 1675
734 1861
735 823
735 900
735 1004
735 1110
735 1263
735 1932
736 1035
736 1333
736 1903
737 1302
738 1548
738 1665
739 1115
739 1642
740 1702
740 1791
740 1901
741 1276
741 1402
741 1674
741 1709
742 792
743 1058
743 1541
744 1465
745 1412
746 1143
746 1185
746 1916
747 765
747 1230
747 1420
747 1460
747 1526
747 1759
748 780
748 1052
748 1379
748 1417
748 1572
750 1576
750 1758
750 1968
753 1281
753 1386
753 1698
754 759
754 881
754 1249
754 1392
754 1862
756 979
756 1106
756 1312
756 1850
757 1486
757 1530
758 1752
761 844
761 1236
762 1002
764 1161
765 953
765 1233
765 1363
765 1632
766 1041
767 1092
767 1503
768 1076
768 1477
768 1851
768 1915
771 848
771 1001
772 890
772 1144
773 1382
774 1184
774 1303
775 834
775 1060
776 871
776 1090
776 1633
777 1175
777 1827
777 1898
778 945
778 1353
778 1826
779 1546
780 953
780 1250
781 790
782 1739
784 1115
784 1255
784 1436
785 1590
785 1673
786 1282
786 1631
787 842
787 1150
787 1233
788 961
788 1659
788 1925
789 1479
790 1153
792 826
792 951
792 1590
792 1747
793 1179
793 1630
794 1370
794 1684
795 1418
796 1394
796 1748
797 813
797 879
797 1804
797 1945
798 864
798 892
798 1652
798 1654
799 895
799 1503
799 1967
800 860
801 844
801 1203
801 1351
801 1671
802 1346
802 1479
802 1506
802 1757
803 889
803 1006
803 1408
803 1949
804 960
804 1787
804 1984
805 1107
806 1646
807 1472
807 1820
808 1345
809 877
809 1450
809 1563
809 1705
809 1810
810 1206
810 1670
811 1571
812 1092
812 1565
814 1908
815 905
815 1706
815 1774
815 1852
815 1859
816 878
817 1141
817 1366
817 1870
819 1808
820 1492
821 1413
822 973
822 1776
822 1794
823 848
824 1198
824 1674
824 1915
825 1797
825 1839
825 1980
826 976
827 1732
828 834
828 909
828 1183
829 1191
829 1565
830 882
830 1183
831 1251
831 1260
832 1001
833 1249
833 1353
833 1873
834 1161
835 1337
836 1587
836 1793
837 1487
837 1919
838 1164
839 1268
839 1757
840 899
841 1521
841 1802
841 1814
841 1898
841 1932
841 1986
842 1725
842 1903
844 944
844 1281
845 1176
845 1999
846 1603
846 1756
847 1690
849 1186
849 1256
849 1458
849 1498
849 1550
850 1369
851 1320
851 1558
852 932
852 1890
853 905
854 1310
854 1896
856 1093
856 1936
857 1186
857 1496
857 1738
857 1805
857 1845
857 1979
858 1301
859 1386
859 1870
860 947
860 1042
860 1478
860 1502
860 1575
860 1955
861 1176
861 1540
862 885
862 1279
862 1642
863 1365
863 1779
863 1900
864 1134
864 1640
864 1943
865 1408
866 985
866 993
866 1254
866 1787
868 967
868 1105
868 1307
870 1119
870 1871
870 1887
871 1267
871 1418
871 1455
871 1981
872 993
872 1805
873 883
873 1099
874 1325
874 1994
875 984
875 1475
875 1641
875 1687
875 1910
876 1147
876 1470
876 1738
876 1779
876 1891
877 998
878 1234
878 1272
878 1458
879 1062
879 1412
879 1751
879 1854
880 1237
880 1458
883 920
883 1156
883 1765
884 1069
884 1195
884 1520
885 973
885 1397
885 1635
885 1665
885 1675
886 1979
887 898
887 992
888 931
888 1110
891 930
892 1283
892 1988
894 1665
895 907
895 1502
896 1056
896 1394
896 1668
897 1253
898 965
898 1208
898 1496
898 1517
898 1774
898 1991
899 1111
899 1113
899 1368
899 1768
899 1939
900 1765
901 1567
901 1568
902 1572
903 1051
903 1344
903 1570
904 1349
905 1758
906 1059
908 1234
909 1059
909 1880
910 1435
911 1589
911 1756
911 1782
912 1322
912 1916
912 1996
913 915
913 936
916 1579
917 1208
917 1602
917 1918
919 1199
919 1715
919 1838
919 1951
920 1336
921 1028
921 1976
922 1126
922 1280
923 1384
925 1324
925 1609
926 1314
926 1336
929 1565
929 1655
930 1614
930 1670
930 1819
931 1593
932 1083
932 1102
932 1257
933 1211
933 1320
933 1700
933 1912
934 1774
934 1988
935 1541
935 1712
937 1325
938 1234
938 1855
938 1913
939 980
940 1294
941 1848
943 1081
944 1598
945 967
945 1840
946 1687
947 1249
947 1561
947 1614
948 961
948 1547
948 1845
950 989
951 1148
951 1242
951 1276
951 1925
951 1994
952 1925
953 1028
953 1851
954 1882
957 989
957 1489
959 1069
959 1140
959 1373
962 1555
962 1973
963 1075
963 1845
964 1178
964 1344
964 1776
965 1261
966 1048
966 1554
967 1821
968 1050
968 1839
968 1939
969 1333
969 1658
969 1794
971 1978
972 1525
973 1668
973 1856
975 1166
975 1867
975 1916
977 1354
979 1201
979 1203
981 1443
982 1043
982 1047
982 1351
982 1753
983 1092
983 1555
984 1206
986 1408
987 1106
987 1430
988 1358
988 1887
990 1128
990 1725
990 1875
992 1973
992 1988
994 1005
994 1694
995 1318
997 1141
997 1686
998 1634
998 1975
1000 1665
1001 1733
1002 1242
1003 1319
1004 1115
1004 1654
1004 1839
1004 1908
1005 1459
1005 1703
1006 1251
1008 1855
1009 1185
1009 1235
1009 1277
1009 1683
1010 1969
1011 1159
1011 1293
1011 1445
1012 1449
1012 1643
1012 1797
1013 1035
1013 1258
1013 1457
1014 1854
1015 1562
1015 1745
1016 1223
1017 1832
1018 1143
1018 1538
1018 1902
1019 1563
1019 1902
1019 1929
1020 1124
1020 1634
1021 1604
1021 1823
1022 1182
1022 1219
1022 1644
1022 1997
1023 1293
1023 1454
1023 1903
1024 1200
1024 1572
1024 1855
1025 1348
1025 1388
1025 1924
1026 1559
1026 1703
1027 1054
1027 1429
1027 1627
1027 1902
1028 1477
1029 1521
1029 1549
1031 1325
1032 1362
1033 1533
1033 1772
1034 1075
1034 1974
1036 1797
1040 1119
1041 1160
1041 1328
1041 1467
1041 1712
1042 1453
1044 1805
1045 1581
1045 1849
1046 1217
1048 1056
1049 1473
1049 1701
1050 1595
1050 1838
1051 1572
1053 1312
1053 1334
1054 1315
1054 1361
1055 1299
1055 1616
1056 1173
1056 1413
1056 1770
1057 1623
1057 1747
1058 1521
1059 1980
1060 1165
1060 1778
1060 1958
1063 1288
1063 1600
1064 1270
1064 1563
1064 1671
1065 1787
1065 1999
1066 1707
1066 1857
1068 1822
1071 1082
1071 1510
1072 1663
1073 1336
1074 1231
1074 1479
1074 1845
1074 1974
1075 1359
1075 1877
1076 1190
1076 1994
1077 1729
1078 1119
1079 1111
1080 1212
1081 1344
1081 1684
1081 1724
1082 1213
1082 1638
1085 1118
1085 1309
1086 1418
1086 1518
1087 1280
1088 1207
1088 1944
1092 1606
1093 1932
1094 1261
1094 1714
1095 1648
1095 1685
1095 1829
1096 1201
1096 1553
1097 1585
1098 1153
1098 1839
1099 1599
1099 1806
1100 1486
1100 1509
1100 1987
1101 1458
1101 1947
1104 1583
1104 1659
1104 1844
1106 1255
1106 1805
1107 1644
1108 1829
1109 1623
1109 1910
1110 1136
1110 1246
1110 1425
1112 1740
1113 1287
1113 1861
1113 1948
1115 1346
1116 1780
1118 1621
1119 1291
1119 1450
1119 1770
1119 1825
1119 1923
1120 1186
1120 1607
1121 1388
1121 1544
1124 1241
1125 1241
1125 1783
1127 1387
1128 1616
1128 1894
1129 1683
1130 1853
1131 1597
1131 1854
1132 1233
1133 1243
1134 1283
1135 1155
1135 1177
1135 1440
1135 1912
1136 1148
1136 1707
1137 1139
1137 1823
1137 1896
1138 1571
1139 1533
1139 1917
1140 1383
1140 1980
1141 1604
1142 1797
1142 1852
1143 1148
1143 1514
1143 1632
1143 1937
1147 1689
1147 1695
1147 1840
1147 1867
1147 1920
1148 1518
1148 1939
1149 1273
1149 1635
1150 1977
1151 1943
1151 1946
1152 1485
1154 1203
1154 1597
1154 1798
1155 1500
1156 1405
1156 1898
1156 1955
1157 1294
1157 1436
1158 1204
1158 1291
1160 1397
1161 1405
1161 1968
1162 1783
1162 1910
1163 1169
1164 1569
1164 1882
1165 1828
1166 1394
1166 1551
1167 1495
1167 1733
1167 1910
1168 1361
1168 1705
1170 1556
1171 1392
1171 1809
1172 1351
1172 1462
1172 1693
1173 1352
1173 1487
1174 1328
1175 1749
1175 1827
1176 1377
1176 1416
1176 1507
1178 1325
1179 1885
1182 1503
1182 1887
1183 1232
1183 1363
1183 1566
1184 1682
1185 1195
1185 1408
1185 1747
1186 1373
1186 1560
1186 1882
1187 1647
1188 1810
1189 1899
1189 1952
1190 1909
1191 1256
1191 1732
1194 1639
1194 1858
1194 1983
1195 1561
1195 1677
1195 1924
1196 1886
1197 1795
1198 1257
1198 1657
1200 1680
1201 1364
1202 1457
1202 1876
1205 1410
1205 1495
1207 1605
1208 1352
1208 1429
1208 1614
1208 1951
1212 1560
1213 1657
1216 1218
1217 1434
1217 1710
1218 1379
1218 1551
1218 1772
1219 1494
1220 1658
1221 1833
1222 1397
1224 1461
1224 1622
1225 1462
1226 1308
1226 1395
1226 1500
1226 1569
1227 1489
1229 1497
1232 1371
1232 1852
1233 1670
1234 1303
1234 1334
1234 1614
1237 1508
1238 1855
1239 1338
1239 1404
1239 1530
1240 1299
1240 1539
1241 1401
1242 1767
1243 1561
1244 1272
1245 1443
1246 1315
1248 1306
1249 1961
1250 1421
1250 1941
1251 1479
1253 1544
1253 1607
1254 1518
1254 1604
1255 1371
1255 1520
1257 1443
1260 1638
1261 1333
1261 1923
1263 1641
1265 1563
1266 1272
1266 1524
1266 1787
1269 1528
1271 1908
1272 1288
1272 1866
1274 1448
1274 1746
1274 1764
1274 1828
1276 1322
1279 1384
1279 1503
1279 1769
1280 1618
1280 1818
1281 1831
1282 1440
1282 1497
1285 1823
1286 1355
1286 1441
1286 1585
1286 1610
1287 1441
1289 1533
1291 1682
1292 1459
1293 1453
1293 1995
1296 1723
1298 1391
1299 1791
1299 1947
1301 1709
1302 1582
1302 1740
1303 1509
1303 1891
1305 1555
1305 1558
1305 1784
1306 1363
1306 1647
1306 1657
1306 1692
1307 1542
1307 1753
1308 1438
1308 1508
1308 1553
1308 1854
1309 1562
1311 1333
1311 1379
1311 1643
1311 1860
1312 1502
1313 1340
1316 1635
1317 1397
1319 1372
1320 1339
1320 1785
1322 1836
1323 1395
1323 1735
1324 1624
1327 1704
1327 1851
1327 1905
1330 1359
1330 1508
1332 1499
1332 1913
1333 1883
1334 1468
1335 1487
1336 1729
1337 1377
1337 1923
1339 1442
1343 1865
1345 1488
1345 1620
1345 1902
1345 1977
1346 1352
1346 1617
1347 1522
1350 1386
1350 1547
1350 1609
1351 1576
1351 1729
1351 1797
1351 1874
1352 1381
1354 1721
1355 1360
1358 1383
1358 1760
1358 1889
1359 1458
1359 1462
1361 1552
1362 1404
1362 1551
1365 1821
1366 1909
1367 1371
1367 1568
1367 1794
1367 1891
1368 1553
1369 1677
1373 1889
1373 1935
1375 1538
1377 1629
1377 1813
1377 1923
1378 1543
1379 1402
1379 1896
1380 1893
1381 1568
1381 1729
1382 1485
1382 1924
1384 1865
1385 1475
1385 1693
1386 1621
1386 1742
1389 1556
1389 1738
1390 1732
1391 1397
1392 1799
1393 1483
1393 1729
1394 1708
1395 1551
1395 1687
1395 1812
1395 1925
1395 1976
1397 1821
1401 1816
1403 1440
1405 1444
1406 1599
1406 1898
1407 1426
1407 1583
1408 1462
1415 1799
1416 1494
1416 1500
1416 1672
1417 1839
1418 1583
1419 1674
1419 1732
1420 1492
1423 1543
1424 1548
1425 1450
1425 1729
1427 1459
1428 1517
1428 1720
1428 1820
1430 1600
1431 1756
1431 1761
1431 1942
1433 1536
1434 1682
1436 1460
1436 1686
1439 1566
1440 1701
1442 1978
1443 1729
1444 1746
1447 1987
1448 1589
1448 1689
1450 1552
1452 1734
1452 1803
1453 1566
1454 1457
1454 1759
1455 1920
1457 1607
1457 1881
1457 1984
1458 1939
1459 1548
1459 1601
1459 1767
1460 1711
1462 1655
1462 1662
1462 1839
1463 1986
1467 1669
1470 1602
1470 1685
1473 1835
1473 1867
1474 1630
1474 1737
1475 1609
1475 1951
1480 1507
1480 1732
1481 1505
1481 1648
1482 1653
1482 1800
1483 1957
1485 1673
1486 1867
1487 1750
1488 1790
1488 1816
1488 1821
1489 1887
1491 1760
1492 1615
1493 1906
1495 1847
1496 1678
1496 1862
1500 1765
1501 1923
1506 1688
1507 1652
1508 1817
1508 1980
1509 1855
1510 1783
1511 1900
1513 1888
1513 1985
1517 1589
1518 1629
1518 1945
1519 1969
1521 1639
1522 1940
1523 1760
1524 1907
1525 1850
1526 1612
1530 1677
1533 1624
1533 1705
1535 1662
1535 1905
1536 1913
1538 1854
1538 1894
1539 1839
1541 1782
1542 1573
1543 1758
1546 1949
1547 1593
1548 1713
1549 1846
1551 1713
1551 1791
1555 1661
1556 1574
1556 1626
1557 1756
1560 1765
1561 1891
1562 1828
1563 1939
1569 1644
1570 1730
1570 1853
1572 1689
1575 1770
1576 1694
1579 1972
1580 1855
1585 1710
1585 1900
1586 1897
1587 1865
1588 1840
1588 1919
1589 1998
1590 1699
1593 1697
1595 1936
1596 1872
1598 1610
1599 1887
1602 1634
1604 1879
1605 1692
1606 1745
1608 1793
1608 1938
1611 1758
1615 1656
1616 1632
1616 1708
1616 1717
1617 1881
1618 1862
1619 1775
1628 1688
1628 1968
1631 1907
1636 1873
1637 1796
1637 1947
1637 1957
1637 1967
1644 1702
1644 1733
1644 1836
1647 1839
1648 1684
1656 1672
1658 1767
1659 1791
1661 1714
1663 1807
1664 1738
1666 1691
1667 1846
1668 1871
1677 1698
1678 1740
1681 1945
1683 1897
1683 1904
1686 1980
1688 1936
1690 1972
1691 1942
1692 1826
1696 1708
1696 1872
1697 1960
1707 1819
1707 1864
1708 1831
1709 1770
1709 1815
1709 1984
1715 1813
1716 1846
1718 1884
1720 1908
1722 1794
1723 1897
1724 1796
1725 1761
1725 1845
1730 1929
1730 1981
1732 1946
1739 1847
1739 1936
1740 1792
1747 1830
1749 1827
1749 1883
1750 1934
1751 1752
1754 1789
1755 1951
1756 1824
1762 1876
1764 1785
1768 1945
1769 1821
1770 1845
1773 1799
1777 1958
1778 1864
1787 1938
1798 1847
1806 1891
1807 1836
1813 1987
1826 1961
1834 1845
1834 1912
1837 1974
1841 1863
1848 1971
1851 1934
1853 1889
1857 1936
1864 1899
1866 1999
1868 1913
1870 1929
1871 1888
1878 1950
1882 1967
1883 1989
1884 1890
1885 1995
1897 1917
1906 1964
1912 1984
1914 1927
1927 2000
1947 1970
1950 1982
1975 1995