2000
1 35
1 169
1 332
1 393
1 401
1 681
1 827
1 1081
1 1335
1 1358
2 138
2 301
2 360
2 537
2 612
2 836
2 927
2 1116
2 1352
3 21
3 101
3 127
3 134
3 284
3 462
3 498
3 694
3 885
3 1078
3 1561
3 1781
3 1848
3 1856
3 1919
4 859
4 876
4 1211
4 1322
4 1364
4 1693
5 217
5 253
5 318
5 380
5 381
5 1094
5 1217
5 1376
5 1478
5 1490
5 1499
5 1616
6 276
6 337
6 365
6 830
6 1553
6 1699
7 436
7 579
7 709
7 882
7 1045
7 1377
7 1771
7 1888
8 193
8 375
8 544
8 761
8 986
8 1242
8 1368
8 1618
8 1619
8 1934
9 828
9 893
9 1092
9 1494
9 1911
10 176
10 186
10 441
10 450
10 658
10 722
10 799
10 990
10 1045
10 1546
10 1680
10 1865
11 183
11 467
11 776
11 1018
11 1128
11 1192
12 490
12 626
12 716
12 1071
12 1479
12 1599
12 1966
13 503
13 516
13 809
13 912
13 1446
13 1660
14 59
14 152
14 517
14 1034
14 1246
14 1982
15 267
15 357
15 832
15 1123
15 1473
16 276
16 402
16 632
16 673
16 743
16 1124
16 1508
16 1633
17 113
17 159
17 261
17 328
17 559
17 1054
17 1198
17 1289
17 1299
17 1352
17 1837
17 1896
18 343
18 1002
18 1067
18 1171
19 130
19 510
19 609
19 856
19 1094
19 1121
19 1345
19 1370
19 1563
20 148
20 337
20 622
20 809
20 1037
20 1043
20 1045
20 1446
20 1996
21 539
21 561
21 1243
21 1937
22 165
22 600
22 812
22 947
22 1176
22 1185
22 1230
22 1307
22 1362
22 1398
22 1865
23 459
23 797
23 934
23 1606
23 1718
23 1903
24 144
24 234
24 661
24 732
24 743
24 912
24 988
24 1034
24 1138
25 915
25 1141
25 1275
25 1920
25 1957
26 336
26 418
26 437
26 534
26 1986
27 190
27 433
27 581
27 982
27 1584
27 1899
27 1915
28 177
28 376
28 505
28 1056
28 1268
28 1524
28 1664
28 1910
29 218
29 336
29 370
29 602
29 1565
29 1803
29 1921
29 1963
29 1995
30 476
30 535
30 620
30 840
30 1023
30 1120
30 1257
30 1328
30 1609
31 40
31 137
31 138
31 670
31 677
31 783
31 848
31 1029
31 1402
31 1535
32 84
32 251
32 362
32 630
32 715
32 973
32 996
32 1332
32 1480
32 1567
32 1982
33 197
33 220
33 236
33 328
33 404
33 472
33 523
33 916
33 1070
33 1094
33 1336
33 1398
33 1637
33 1832
34 278
34 951
34 1300
34 1378
34 1419
34 1440
35 86
35 233
35 369
35 421
35 742
35 803
35 1142
35 1326
35 1344
35 1721
35 1748
35 1975
36 888
36 1031
36 1293
36 1649
36 1676
36 1978
37 80
37 90
37 101
37 160
37 169
37 687
37 1675
37 1857
37 1911
37 1913
38 395
38 403
38 605
38 746
38 1039
38 1096
38 1108
38 1314
38 1361
39 81
39 269
39 749
39 1047
40 184
40 293
40 295
40 433
40 664
40 747
40 903
40 907
40 1219
40 1601
40 1885
41 582
41 589
41 606
41 844
41 849
41 1221
41 1602
42 543
42 700
42 755
42 943
42 1106
42 1169
42 1462
43 149
43 628
43 738
43 845
43 863
43 913
43 1020
43 1110
43 1312
43 1533
43 1862
43 1941
44 138
44 276
44 503
44 664
44 693
44 735
44 890
44 947
44 1554
44 1995
45 246
45 1025
45 1308
45 1701
45 1825
46 270
46 326
46 876
46 1870
47 985
47 1616
47 1735
47 1831
47 1963
48 546
48 709
48 1005
48 1125
48 1374
48 1401
48 1519
48 1749
49 209
49 217
49 311
49 560
49 589
49 1074
49 1293
49 1318
49 1324
50 105
50 151
50 442
50 525
50 1007
50 1095
50 1486
50 1843
50 1899
50 1957
51 381
51 869
51 1053
51 1085
51 1086
51 1534
51 1743
51 1829
52 692
52 779
52 790
52 946
52 947
52 1181
53 61
53 100
53 1147
53 1455
53 1480
53 1695
53 1737
53 1810
53 1964
54 519
54 561
54 662
54 894
54 1146
55 456
55 506
55 838
55 857
55 936
55 947
55 1190
55 1345
55 1502
55 1683
56 445
56 605
56 916
56 1071
56 1107
56 1250
56 1486
56 1603
57 92
57 176
57 454
57 1735
57 1998
58 161
58 454
58 760
58 1112
58 1228
58 1246
58 1271
58 1301
58 1321
58 1493
58 1743
58 1876
59 153
59 296
59 301
59 623
59 777
59 816
59 866
59 990
59 1356
59 1949
60 575
60 973
60 1052
60 1070
60 1439
60 1451
60 1599
60 1981
61 446
61 700
61 975
61 1259
61 1270
61 1334
61 1339
61 1480
61 1613
62 76
62 387
62 986
62 1126
62 1151
62 1172
62 1367
62 1694
63 149
63 343
63 943
63 1215
63 1384
63 1529
63 1706
63 1771
63 1849
64 308
64 614
64 1346
64 1755
65 284
65 600
65 621
65 685
65 1156
65 1158
65 1691
65 1804
65 1813
66 285
66 732
66 772
66 887
66 1015
66 1409
66 1452
66 1661
67 82
67 245
67 1088
67 1089
67 1199
67 1477
67 1870
68 597
68 938
68 1093
68 1201
68 1689
68 1711
68 1930
69 123
69 138
69 250
69 286
69 449
69 691
69 878
69 932
69 969
69 1369
69 1550
69 1562
69 1696
69 1717
70 223
70 264
70 939
70 943
70 1061
70 1098
70 1927
71 132
71 456
71 647
71 1098
71 1201
71 1232
71 1589
71 1866
71 1869
71 1917
71 1952
71 2000
72 733
72 737
72 1057
73 1214
73 1361
73 1363
73 1412
73 1706
74 152
74 726
74 748
74 882
74 1001
74 1063
74 1113
74 1230
74 1416
74 1721
74 1884
75 1486
75 1845
76 1154
76 1553
77 658
77 709
78 741
78 1128
78 1363
79 83
79 391
79 640
79 758
79 845
79 1146
79 1354
79 1747
79 1867
79 1976
80 245
80 361
80 560
80 638
80 947
80 1053
80 1513
80 1760
80 1777
80 1784
81 119
81 162
81 327
81 575
81 789
81 807
81 1239
81 1264
81 1319
81 1618
81 1752
81 1912
81 1957
82 115
82 502
82 849
82 1445
82 1590
82 1803
82 1982
83 233
83 422
83 863
83 1054
83 1256
83 1517
83 1644
83 1918
84 487
84 568
84 1034
84 1650
84 1701
85 375
85 381
85 1108
85 1266
85 1328
85 1403
85 1445
85 1593
86 301
86 726
86 775
86 1002
86 1078
86 1148
86 1301
86 1605
86 1824
86 1839
86 1841
87 97
87 144
87 311
87 777
87 1004
87 1006
87 1077
87 1158
87 1294
87 1341
87 1588
87 1831
87 1866
88 258
88 783
88 888
88 993
88 1743
88 1772
88 1916
89 190
89 320
89 468
89 907
89 1074
89 1149
89 1338
89 1353
89 1363
89 1777
89 1888
90 170
90 338
90 602
90 649
90 1003
90 1345
90 1353
90 1475
90 1660
91 110
91 417
91 583
91 983
91 1084
91 1450
91 1625
91 1976
92 249
92 308
92 363
92 709
92 829
92 1426
92 1717
92 1939
93 273
93 492
93 817
93 929
93 1106
93 1176
93 1201
93 1315
93 1643
93 1708
93 1821
93 1836
93 1912
94 121
94 242
94 249
94 290
94 352
94 426
94 542
94 711
94 818
94 837
94 1072
94 1271
94 1684
94 1754
94 1768
94 1996
95 240
95 275
95 406
95 407
95 614
95 1009
95 1371
95 1377
95 1612
95 1846
95 1923
96 109
96 496
96 561
96 625
96 1053
96 1210
96 1896
97 416
97 420
97 529
97 549
97 1009
97 1266
97 1526
97 1842
97 1847
98 183
98 406
98 441
98 493
98 587
98 710
98 1624
98 1837
98 1966
98 1971
99 746
99 911
99 1243
99 1267
99 1411
99 1642
100 584
100 1351
100 1394
100 1444
100 1649
100 1703
100 1864
101 286
101 427
101 446
101 521
101 900
101 1004
101 1033
101 1046
101 1106
101 1203
101 1265
101 1363
101 1752
102 110
102 497
102 505
102 1066
102 1085
102 1749
102 1936
103 422
103 501
103 753
103 976
103 1449
104 136
104 211
104 409
104 1144
104 1781
104 1890
104 1912
105 145
105 271
105 1186
105 1379
105 1383
105 1502
105 1630
105 1960
106 589
106 740
106 786
106 803
106 1367
107 741
107 1233
107 1426
107 1450
108 403
108 459
108 879
108 1335
108 1451
108 1621
108 1748
108 1781
108 1848
109 199
109 328
109 367
109 542
109 1274
109 1284
109 1323
109 1422
109 1655
109 1842
109 1850
110 230
110 307
110 474
110 925
110 1037
110 1972
111 205
111 341
111 525
111 644
111 924
111 1025
111 1384
111 1431
111 1559
111 1693
111 1941
112 387
112 589
112 915
112 942
112 1211
112 1418
112 1572
112 1843
113 315
113 321
113 345
113 1192
113 1211
113 1492
113 1538
114 320
114 321
114 430
114 532
114 777
114 973
114 1255
114 1384
114 1403
114 1455
114 1464
114 1525
114 1564
114 1732
115 156
115 383
115 638
115 1782
116 513
116 515
116 1211
116 1899
116 1933
116 1988
117 1091
117 1171
117 1558
117 1723
117 1993
118 484
118 608
118 774
118 1784
119 282
119 397
119 729
119 813
119 842
119 1164
119 1246
119 1298
119 1687
119 1712
119 1795
120 222
120 965
120 1176
120 1646
121 428
121 470
121 495
121 660
121 1873
122 258
122 262
122 301
122 827
122 846
122 1159
122 1249
122 1584
123 413
123 556
123 578
123 603
123 761
123 850
123 1095
123 1216
124 631
124 778
124 843
124 1121
124 1216
124 1262
124 1409
124 1550
124 1973
125 850
125 893
125 1203
125 1261
125 1941
126 213
126 243
126 618
126 987
126 1062
126 1181
126 1540
126 1611
126 1676
126 1945
127 243
127 621
127 1341
127 1593
127 1988
128 635
128 892
128 1115
128 1399
128 1923
129 199
129 743
129 972
129 1114
129 1470
129 1487
129 1522
129 1938
130 382
130 483
130 854
130 942
130 1195
130 1793
131 401
131 1194
131 1667
132 153
132 166
132 507
132 571
132 1649
132 1824
132 1992
133 488
133 760
133 885
133 894
133 936
133 966
133 1478
133 1544
133 1726
134 247
134 333
134 452
134 781
134 1185
134 1345
134 1439
134 1459
134 1468
134 1764
135 291
135 375
135 1192
135 1792
135 1834
135 1914
136 389
136 1704
136 1983
137 535
137 1118
137 1317
137 1438
137 1575
137 1740
137 1808
137 1860
137 1953
138 496
138 515
138 1331
138 1498
139 151
139 183
139 207
139 492
139 865
139 1603
139 1626
139 1999
140 263
140 532
140 1070
140 1170
140 1175
140 1342
140 1750
140 1810
141 334
141 796
141 801
141 1031
141 1619
141 1773
141 1907
142 695
142 1409
142 1573
142 1711
142 1815
143 486
143 968
143 1086
143 1285
143 1292
143 1469
144 401
144 1886
145 271
145 460
145 529
145 627
145 776
145 1004
145 1154
146 231
146 872
146 961
146 1310
146 1562
147 298
147 349
147 872
147 918
147 1003
147 1214
147 1726
147 1819
148 280
148 305
148 1397
148 1498
148 1551
149 299
149 532
149 536
149 716
149 867
149 983
149 1034
149 1137
149 1604
149 1700
149 1826
149 1830
149 1870
150 230
150 303
150 414
150 722
150 1226
150 1337
150 1459
150 1510
151 444
151 733
151 931
151 1052
151 1151
151 1258
151 1854
152 720
152 772
152 793
152 1339
152 1605
152 1741
153 155
153 531
153 936
153 1405
153 1831
153 1876
154 849
154 1391
154 1487
155 404
155 694
155 717
155 867
155 1033
155 1051
155 1913
156 346
156 387
156 504
156 512
156 996
156 1907
157 428
157 568
157 712
157 1004
157 1042
157 1068
157 1665
157 1824
157 1825
157 1860
158 162
158 676
158 734
158 796
158 1030
158 1141
159 936
159 1043
159 1124
159 1357
159 1635
159 1834
160 251
160 591
160 858
160 1144
160 1159
160 1524
160 1552
160 1737
160 1815
161 245
161 246
161 326
161 522
161 833
161 983
161 1071
161 1306
161 1319
161 1613
161 1616
161 1693
161 1935
162 345
162 379
162 550
162 587
162 819
162 867
162 1281
162 1329
162 1434
162 1584
162 1724
163 410
163 450
163 927
163 1591
163 1923
164 603
164 652
164 1477
164 1669
164 1815
165 201
165 209
165 305
165 453
165 1126
165 1881
166 173
166 175
166 329
166 456
166 457
166 544
166 988
166 1099
166 1191
166 1207
167 203
167 299
167 806
167 1852
167 1899
168 433
168 877
168 1008
168 1122
169 211
169 256
169 287
169 324
169 462
169 569
169 588
169 705
169 1227
169 1520
169 1522
170 220
170 1086
170 1345
170 1405
170 1974
171 275
171 363
171 494
171 925
171 1700
171 1869
171 1872
171 1976
172 208
172 323
172 327
172 423
172 468
172 694
172 888
172 1327
172 1336
172 1462
172 1511
172 1825
173 775
173 838
173 1395
173 1573
173 1593
173 1658
173 1902
173 1930
174 314
174 650
174 888
174 1162
174 1406
174 1618
174 1683
175 371
175 412
175 873
175 880
175 926
175 1631
175 1758
175 1835
175 1937
175 1953
176 183
176 594
176 708
176 836
176 885
176 1099
176 1225
176 1438
176 1592
176 1918
177 251
177 718
177 1463
177 1721
178 351
178 409
178 674
178 711
178 1796
178 1826
178 1899
179 604
179 617
179 718
179 738
179 758
179 1218
179 1223
179 1386
179 1497
179 1540
179 1811
180 193
180 463
180 516
180 710
180 893
180 956
180 1146
180 1577
180 1592
181 319
181 392
181 607
181 627
181 713
181 883
181 895
181 1269
181 1651
181 1792
181 1942
182 202
182 235
182 656
182 690
182 884
182 896
182 1613
182 1805
183 238
183 378
183 1106
183 1304
183 1314
183 1361
183 1555
183 1609
183 1833
184 810
184 865
184 981
184 1011
184 1282
184 1821
184 1960
184 1973
185 526
185 589
185 647
185 812
185 915
185 1312
185 1864
185 1958
185 1983
186 472
186 598
186 914
186 1221
186 1250
186 1528
186 1579
186 1751
186 1825
187 590
187 961
187 1435
187 1767
187 1967
188 237
188 246
188 1243
188 1310
188 1649
188 1811
189 467
189 772
189 935
189 1760
189 1834
189 1923
190 310
190 697
190 879
190 1104
190 1275
190 1473
190 1481
190 1488
190 1515
190 1780
190 1791
191 209
191 268
191 304
191 555
191 714
191 909
191 1096
191 1588
191 1691
191 1736
192 265
192 331
192 404
192 635
192 1012
192 1050
192 1304
192 1305
192 1772
192 1779
193 565
193 646
193 854
193 1242
193 1479
193 1547
193 1652
193 1725
193 1775
194 721
194 728
194 1259
194 1356
194 1856
194 1903
194 1925
194 1992
195 838
195 862
195 1440
195 1981
196 231
196 311
196 312
196 501
196 632
196 663
196 720
196 809
196 1082
196 1373
197 370
197 838
197 947
197 1106
197 1270
197 1479
197 1554
197 1666
197 1738
197 1742
198 239
198 452
198 573
198 820
198 902
198 1092
198 1335
198 1512
198 1522
198 1783
198 1925
199 529
199 1321
199 1768
200 873
200 1270
200 1493
200 1555
200 1780
200 1804
200 1880
200 1909
201 907
201 1009
201 1028
201 1145
201 1201
201 1354
201 1524
201 1579
202 427
202 564
202 683
202 1082
202 1951
203 288
203 414
203 752
203 884
203 1572
203 1981
203 1999
204 406
204 738
204 858
204 1084
204 1324
204 1726
204 1806
204 1840
204 1980
205 318
205 464
205 1059
205 1264
205 1622
205 1692
206 489
206 884
206 1167
206 1285
206 1507
206 1641
206 1712
206 1739
207 695
207 760
207 853
207 1156
207 1186
207 1890
207 1985
208 259
208 405
208 505
208 775
208 943
208 1054
208 1138
208 1339
208 1422
208 1546
208 1573
208 1598
209 594
209 853
209 854
209 1148
209 1315
209 1344
209 1356
209 1865
209 1871
209 1941
210 475
210 515
210 548
210 652
210 822
210 927
210 978
210 1016
210 1514
210 1581
210 1904
211 735
211 761
211 838
211 1334
211 1551
211 1698
212 504
212 1502
212 1565
212 1775
212 1837
212 1900
213 701
213 1143
213 1298
213 1899
214 513
214 792
214 821
214 1009
214 1480
214 1701
215 299
215 348
215 1356
215 1655
215 1697
215 1797
215 1937
216 277
216 388
216 600
216 853
216 1484
216 1549
216 1789
216 1993
217 306
217 437
217 563
217 1045
217 1070
217 1502
217 1849
217 1961
218 420
218 484
218 489
218 541
218 554
218 930
218 969
218 1264
218 1611
218 1717
218 1899
219 328
219 376
219 556
219 859
219 903
219 1058
219 1195
219 1342
219 1629
219 1851
220 240
220 388
220 401
220 1200
220 1679
220 1900
221 232
221 454
221 1699
221 1782
222 537
222 673
222 806
222 946
222 1131
222 1233
222 1259
222 1465
222 1675
222 1740
222 1868
223 284
223 332
223 469
223 482
223 569
223 858
223 921
223 994
223 1090
223 1787
223 1850
223 1922
224 302
224 305
224 490
224 647
224 1019
225 323
225 373
225 784
225 1247
225 1270
225 1304
225 1645
225 1894
226 237
226 677
226 801
226 864
226 965
226 1030
226 1288
226 1409
226 1947
227 243
227 927
227 951
227 963
227 1002
227 1008
227 1198
227 1360
227 1557
227 1740
227 1889
228 341
228 801
228 982
228 987
228 1158
228 1857
229 736
229 1015
229 1159
229 1838
229 1850
230 274
230 359
230 949
230 1283
230 1447
230 1465
230 1526
230 1715
230 1772
230 1862
230 1923
231 652
231 1217
231 1583
231 1910
232 388
232 678
232 761
232 944
232 1367
232 1453
232 1539
232 1993
233 551
233 801
233 1412
233 1752
233 1791
234 274
234 284
234 587
234 811
234 1055
234 1162
234 1456
234 1656
234 1851
235 789
235 1123
235 1397
235 1795
236 808
236 831
236 907
236 1269
236 1525
237 676
237 1685
237 1698
237 1732
237 1832
238 496
238 1037
238 1444
238 1867
239 297
239 680
239 740
239 1076
239 1148
239 1656
239 1891
240 333
240 868
240 1163
240 1467
240 1653
240 1808
240 1899
240 1904
241 533
241 567
241 1171
241 1440
241 1823
241 1850
241 1887
242 262
242 501
242 626
242 870
242 1224
242 1445
242 1829
242 1917
243 857
243 888
243 1095
243 1128
243 1691
243 1739
243 1934
244 322
244 598
244 924
244 994
244 1044
244 1236
244 1388
244 1405
244 1467
244 1473
244 1726
244 1951
245 265
245 311
245 333
245 563
245 777
245 946
245 1160
245 1169
245 1272
245 1596
245 1984
246 718
246 868
246 1110
246 1600
246 1616
246 1871
247 427
247 467
247 559
247 797
247 995
247 1729
247 1791
248 771
248 924
248 1427
248 1485
248 1588
248 1683
249 279
249 294
249 396
249 429
249 627
249 679
249 831
249 1068
249 1117
249 1175
249 1467
249 1818
249 1879
250 455
250 943
250 1061
250 1111
250 1269
250 1499
250 1562
251 674
251 798
251 882
251 1140
251 1419
251 1705
251 1924
251 1951
251 1955
251 1976
252 402
252 593
252 623
252 929
252 1236
252 1254
252 1334
252 1352
252 1717
252 1745
253 331
253 456
253 641
254 457
254 834
254 857
254 1213
254 1357
254 1406
254 1478
254 1809
254 1993
255 702
255 1328
255 1454
255 1549
256 258
256 290
256 770
256 1045
256 1117
256 1182
256 1295
256 1312
256 1728
256 1902
256 1981
257 475
257 621
257 905
257 1617
257 1726
257 1791
257 1821
257 1864
258 1068
258 1326
258 1407
258 1677
259 347
259 719
259 1057
259 1128
259 1302
259 1309
259 1995
260 563
260 1409
260 1653
260 1713
261 788
261 896
261 1032
261 1115
261 1320
261 1503
262 365
262 955
262 1095
262 1542
262 1657
262 1973
263 759
263 785
263 969
263 1362
263 1467
263 1602
264 427
264 715
264 893
264 907
264 1089
264 1479
264 1490
264 1726
264 1961
265 309
265 404
265 560
265 885
265 1060
265 1068
265 1685
266 1387
266 1500
266 1508
266 1544
266 1569
267 476
267 500
267 1012
267 1535
267 1610
267 1838
267 1988
268 607
268 709
268 841
268 1308
268 1614
268 1622
268 1854
268 1896
269 660
269 971
269 1151
269 1572
269 1635
270 877
270 1127
270 1245
271 307
271 574
271 701
271 1513
271 1575
271 1618
271 1911
271 1966
272 408
272 765
272 1310
272 1463
272 1470
272 1670
272 1796
272 1958
273 520
273 862
273 1133
273 1167
273 1238
273 1384
273 1647
273 1925
274 347
274 838
274 1648
274 1825
275 978
275 1014
275 1234
275 1258
275 1467
275 1897
276 1425
277 362
277 474
277 636
277 762
277 925
277 940
277 998
277 1339
277 1342
277 1481
277 1842
278 791
278 817
278 928
278 1163
278 1352
278 1807
278 1858
278 1917
279 403
279 686
279 713
279 827
279 986
279 1158
279 1162
279 1802
280 355
280 1246
280 1344
280 1514
280 1527
280 1824
281 329
281 508
281 608
281 741
281 846
281 877
281 935
281 1164
281 1762
281 1837
281 1941
282 946
283 313
283 550
283 582
283 892
283 1279
284 370
284 420
284 753
284 892
284 1547
285 340
285 609
285 925
285 1543
285 1690
285 1750
285 1933
286 1262
287 522
287 760
287 1059
287 1062
287 1191
287 1240
287 1459
287 1642
288 486
288 745
288 1274
288 1344
288 1871
288 1885
289 542
289 575
289 628
289 1165
289 1360
289 1459
290 514
290 609
290 655
290 795
290 1172
290 1265
290 1317
290 1493
290 1616
290 1688
290 1771
291 423
291 854
291 864
291 918
291 1025
291 1296
291 1460
291 1919
292 364
292 525
292 557
292 821
292 1138
292 1263
292 1571
292 1636
292 1657
293 555
293 558
293 574
293 670
293 727
293 832
293 1113
293 1130
293 1136
293 1535
293 1603
294 341
294 403
294 522
294 871
294 961
294 1206
294 1372
294 1672
294 1708
294 1934
295 306
295 622
295 696
295 844
296 735
296 942
296 989
296 1053
296 1336
296 1669
297 835
297 1013
297 1417
297 1929
298 513
298 747
298 857
298 1210
298 1348
298 1423
298 1427
299 326
299 489
299 936
299 1125
299 1250
299 1568
299 1598
299 1704
299 1795
299 1992
300 306
300 784
300 856
300 987
300 1071
300 1141
300 1351
301 349
301 841
301 1049
301 1141
301 1146
301 1593
301 1612
302 1530
302 1769
303 371
303 372
303 375
303 1297
303 1332
303 1409
303 1726
303 1868
304 473
304 597
304 1036
304 1321
304 1356
304 1553
304 1689
304 1774
305 362
305 503
305 598
305 1206
305 1568
305 1883
306 416
306 606
306 872
306 1154
306 1253
306 1312
306 1375
306 1545
306 1858
306 1949
307 439
307 870
307 1100
307 1192
307 1785
307 1917
308 326
308 329
308 834
308 981
308 1068
308 1135
308 1257
308 1309
308 1514
308 1520
308 1683
308 1741
308 1932
309 358
309 459
309 1253
309 1313
309 1315
309 1646
309 1816
310 317
310 326
310 369
310 396
310 727
310 937
310 1299
310 1311
310 1641
310 1739
310 1774
310 1842
310 1849
310 1873
311 808
311 1043
311 1197
311 1258
311 1392
311 1511
311 1905
312 425
312 820
312 1029
313 1031
313 1159
313 1573
313 1781
313 1795
313 1935
314 371
314 386
314 449
314 539
314 1320
314 1327
314 1357
314 1401
314 1414
315 408
315 1701
316 574
316 741
316 955
316 1445
316 1655
317 388
317 444
317 718
317 822
317 857
317 1226
317 1297
317 1331
317 1454
317 1572
317 1725
317 1924
318 661
318 715
318 790
318 890
318 923
318 1075
318 1475
318 1597
319 541
319 754
320 336
320 364
320 535
320 651
320 907
320 974
320 1178
320 1248
320 1285
320 1725
320 1772
320 1832
320 1843
321 385
321 439
321 449
321 570
321 654
321 760
321 796
321 915
321 999
321 1167
321 1177
321 1212
321 1214
321 1914
321 1951
322 475
322 1011
322 1063
322 1121
322 1227
322 1619
323 977
323 1081
323 1192
323 1371
323 1789
324 620
324 872
324 887
324 958
324 1471
324 1576
324 1619
325 526
325 546
325 1184
325 1546
325 1794
326 341
326 506
326 669
326 1198
326 1327
326 1379
327 526
327 1107
327 1299
327 1441
327 1801
327 1900
327 1949
328 417
328 1034
328 1082
328 1188
328 1307
328 1348
329 518
329 711
329 798
329 807
329 812
329 1652
329 1665
329 1758
330 1352
330 1405
330 1429
330 1596
330 1897
331 619
331 1498
332 360
332 1379
332 1387
332 1896
333 570
333 925
333 1610
333 1630
333 1795
333 1870
334 696
334 711
334 807
334 813
334 1115
334 1182
334 1200
334 1671
334 1761
334 1994
335 430
335 846
335 977
335 1121
335 1252
335 1395
335 1579
335 1793
336 1025
336 1417
336 1676
336 1803
336 1991
337 424
337 578
337 852
337 1591
337 1863
337 1961
338 420
338 506
338 573
338 641
338 702
338 1031
338 1787
338 1941
338 1963
339 484
339 517
339 1059
339 1156
339 1193
339 1360
339 1379
339 1500
339 1696
339 1727
339 1882
339 1888
339 1898
340 344
340 458
340 1073
340 1487
341 368
341 556
341 579
341 727
341 1031
341 1187
341 1527
341 1635
341 1856
342 348
342 917
342 967
342 1185
343 382
343 742
343 1024
343 1068
343 1304
343 1853
344 814
344 1501
345 385
345 391
345 426
345 607
345 759
345 1016
345 1089
345 1149
345 1470
345 1696
345 1799
345 1848
346 700
346 953
346 1155
346 1271
346 1737
346 1837
346 1900
347 873
347 1257
347 1292
347 1853
347 1892
348 473
348 666
348 708
348 746
348 925
348 1160
348 1954
349 505
349 1008
349 1214
349 1403
349 1416
350 391
350 509
350 609
350 712
350 929
350 972
350 1170
350 1176
350 1207
350 1526
350 1567
350 1806
350 1886
351 603
351 693
351 787
351 1253
351 1273
351 1289
351 1560
351 1616
351 1794
351 1816
351 1988
352 383
352 858
352 1150
352 1267
352 1497
352 1547
352 1711
352 1789
352 1980
353 464
353 468
353 605
353 658
353 754
353 808
353 943
353 1128
353 1199
354 401
354 464
354 1021
354 1031
354 1326
354 1843
355 414
355 565
355 763
355 846
355 1351
355 1390
355 1926
355 1945
356 730
356 1311
356 1816
356 1979
357 486
357 495
357 676
357 757
357 790
357 820
357 880
357 883
357 909
357 1887
358 677
358 984
358 994
358 1132
358 1388
358 1594
358 1623
358 1690
359 422
359 1072
359 1104
359 1191
359 1350
360 366
360 674
360 1260
360 1421
361 432
361 559
361 1472
361 1539
361 1545
361 1741
361 1774
362 434
362 446
362 752
362 812
362 1594
362 1738
363 449
363 844
363 1067
363 1307
363 1330
363 1730
363 1942
364 482
364 664
364 827
364 865
364 882
364 1244
364 1480
364 1499
364 1617
364 1721
365 397
365 468
365 953
365 981
365 1119
365 1390
365 1516
365 1989
366 544
366 1278
366 1315
366 1430
366 1854
366 1976
367 437
367 512
367 579
367 744
367 856
367 1952
368 644
368 726
368 764
368 843
368 996
368 1206
368 1290
368 1298
368 1494
368 1833
369 382
369 883
369 917
369 1143
369 1277
369 1327
369 1898
370 480
370 536
370 1273
370 1468
371 396
371 701
371 810
371 889
371 892
371 1586
371 1851
372 731
372 802
372 838
372 958
372 1183
372 1513
372 1560
373 582
373 1014
373 1137
373 1300
373 1312
373 1714
373 1825
373 1833
374 447
374 521
374 589
374 620
374 723
374 830
374 994
374 1090
374 1345
374 1531
374 1591
374 1600
374 1805
374 1902
374 1951
375 440
375 689
375 725
375 769
375 789
375 967
375 1052
375 1128
375 1715
375 1853
376 759
376 1071
376 1213
376 1419
376 1550
377 704
377 1252
377 1296
377 1338
377 1398
377 1750
377 1992
378 745
378 776
378 782
378 1196
378 1554
378 1930
379 742
379 778
379 1112
379 1427
379 1445
379 1812
379 1984
380 384
380 592
380 816
380 914
380 1209
380 1576
380 1754
380 1823
380 1968
381 462
381 506
381 593
381 702
381 787
382 477
382 527
382 1178
382 1270
382 1917
383 490
383 720
383 837
383 853
383 1252
383 1463
383 1582
383 1689
383 1737
383 1881
384 815
384 928
384 998
384 1031
384 1646
384 1940
385 459
385 1129
385 1304
385 1446
385 1548
385 1715
385 1933
386 455
386 819
386 1062
386 1212
386 1608
386 1790
386 1856
386 1884
387 684
387 863
387 1372
387 1587
387 1685
388 456
388 509
388 568
388 1101
388 1202
388 1543
388 1829
389 555
389 950
389 1028
389 1129
389 1137
389 1363
389 1505
389 1889
389 1912
390 659
390 965
390 1160
390 1162
390 1663
390 1781
390 1848
391 491
391 592
391 1003
391 1426
391 1706
391 1818
392 555
392 638
392 913
392 1365
392 1416
392 1694
392 1801
393 620
393 1176
393 1360
393 1375
393 1405
393 1554
393 1648
394 554
394 579
394 718
394 1159
394 1235
394 1342
394 1929
395 529
395 655
395 723
395 1078
395 1174
395 1403
396 508
396 731
396 902
396 1089
396 1201
396 1454
396 1611
396 1989
397 664
397 754
397 903
397 991
397 1775
398 785
398 803
398 1349
398 1555
398 1836
398 1897
399 854
399 928
399 1092
399 1644
399 1757
400 493
400 1113
400 1602
400 1618
401 443
401 461
401 1290
401 1456
401 1504
401 1652
401 1848
401 1945
402 565
402 611
402 733
402 790
402 973
402 1407
403 793
403 1248
403 1372
403 1377
403 1453
403 1710
403 1920
404 661
404 807
404 863
404 1345
404 1746
405 437
405 454
405 510
405 930
405 971
405 1175
405 1254
405 1894
405 1922
406 432
406 767
406 772
406 785
406 1031
406 1321
406 1363
406 1913
406 1919
407 598
407 748
407 1045
407 1398
407 1475
407 1744
407 1983
408 516
408 613
408 1153
408 1199
408 1273
408 1311
408 1662
408 1669
408 1730
409 536
409 541
409 582
409 711
409 1038
409 1411
409 1698
410 434
410 900
410 1098
410 1118
410 1278
410 1314
410 1499
410 1724
410 1743
410 1819
410 1871
411 462
411 788
411 994
411 1473
411 1760
411 1862
411 1868
412 493
412 1013
412 1407
412 1925
413 697
413 894
413 1762
413 1771
413 1806
414 430
414 446
414 642
414 677
414 898
414 1456
414 1595
414 1803
414 1959
415 650
415 809
415 847
415 1207
415 1322
415 1388
415 1410
415 1867
416 582
416 737
416 930
417 555
417 969
417 1542
417 1668
417 1745
417 1929
418 530
418 536
418 577
418 698
418 830
418 1498
418 1593
419 492
419 523
419 841
419 912
419 1847
419 1877
420 679
420 822
420 879
420 1230
420 1422
420 1468
420 1661
420 1845
421 609
421 634
421 669
421 1705
421 1993
422 523
422 816
422 1182
422 1440
422 1655
422 1756
422 1851
422 1930
423 652
423 1173
423 1397
423 1811
424 591
424 642
424 781
424 888
424 1609
424 1848
424 1857
425 1004
425 1287
425 1315
425 1360
425 1799
426 733
426 914
426 989
426 1091
426 1280
426 1360
427 840
427 1106
427 1446
427 1664
427 1917
427 1965
428 696
428 959
428 1075
428 1529
428 1825
428 1999
429 1172
429 1181
429 1495
430 743
430 873
430 941
430 1183
430 1291
430 1518
430 1691
431 1182
431 1206
431 1991
432 1263
432 1434
432 1723
433 468
433 618
433 693
433 726
434 435
434 674
434 946
434 1007
434 1051
434 1590
434 1612
434 1640
435 551
435 626
435 792
435 952
435 1166
435 1498
435 1610
435 1881
436 605
436 718
436 883
436 989
436 1042
436 1289
436 1487
437 508
437 526
437 1324
437 1371
437 1600
437 1674
437 1683
438 455
438 460
438 1604
438 1666
439 534
439 757
439 810
439 1086
439 1346
439 1656
439 1798
439 1961
439 1965
440 639
440 775
440 794
440 1082
441 640
441 717
441 784
441 1240
441 1354
441 1701
441 1997
442 626
442 1585
442 1704
442 1811
442 1963
442 1998
443 806
443 845
443 1287
443 1520
443 1645
444 790
444 957
444 1039
444 1314
444 1381
444 1414
444 1596
444 1765
444 1907
444 1951
445 528
445 698
445 1330
445 1352
445 1932
446 592
446 873
446 1261
446 1286
446 1489
446 1584
446 1963
446 1979
447 688
447 933
447 989
447 1083
447 1305
447 1449
447 1732
447 1764
448 662
448 713
448 917
448 957
448 1099
448 1126
448 1127
448 1130
448 1244
448 1361
448 1493
448 1924
449 505
449 1146
449 1239
449 1396
449 1706
450 454
450 507
450 780
450 953
450 1046
450 1082
450 1453
450 1534
451 658
451 813
451 953
451 1490
451 1535
451 1556
451 1683
451 1741
451 1910
451 1941
452 555
452 609
452 661
452 696
452 943
452 981
452 1148
452 1194
452 1357
452 1671
453 585
453 999
453 1359
453 1695
453 1755
453 1846
453 1883
454 740
454 834
454 938
454 1446
455 609
455 773
455 891
455 923
455 958
455 970
455 1711
456 743
456 814
456 840
456 959
456 1224
456 1267
456 1733
456 1766
456 1873
457 469
457 508
457 727
457 761
457 1017
457 1064
457 1253
457 1369
457 1487
457 1571
457 1909
458 517
458 670
458 1290
458 1850
459 1176
459 1262
459 1400
459 1459
459 1489
459 1741
460 676
460 856
460 929
460 1295
460 1934
461 708
461 1079
461 1319
461 1481
461 1761
462 1161
462 1523
462 1689
462 1767
462 1949
463 721
463 867
463 1133
463 1728
464 754
464 1679
464 1774
464 1988
465 651
465 871
465 1162
465 1395
465 1495
466 544
466 1016
466 1043
467 586
467 692
467 1083
467 1282
467 1300
467 1486
467 1664
467 1742
467 1869
467 1972
468 857
468 1315
468 1428
468 1931
468 1946
469 591
469 668
469 726
469 960
469 1063
469 1407
469 1682
469 1763
469 1989
469 1997
470 506
470 712
470 1012
470 1675
470 1698
470 1925
471 599
471 690
471 713
471 886
471 1122
471 1394
471 1683
471 1690
472 722
472 845
472 1027
472 1096
472 1556
472 1943
473 614
473 648
473 875
473 1029
473 1144
473 1271
473 1341
473 1529
473 1657
474 720
474 724
474 1046
474 1133
474 1859
474 1893
475 522
475 539
475 1216
475 1345
475 1459
476 551
476 637
476 1137
476 1320
476 1452
476 1510
476 1516
477 1234
477 1921
478 638
478 812
478 1016
478 1748
478 1824
479 600
479 704
480 485
480 715
480 731
480 1248
480 1398
480 1486
480 1752
480 1925
481 566
481 578
481 606
481 937
481 1039
481 1419
481 1731
481 1995
482 587
482 923
482 1097
482 1122
482 1913
482 1985
482 1998
483 567
483 725
483 1198
483 1573
483 1719
484 546
484 877
484 893
484 1426
484 1728
485 674
485 746
485 913
485 1239
485 1260
485 1298
485 1413
486 892
486 936
486 1277
486 1337
486 1988
487 896
487 919
487 975
487 1007
487 1155
487 1678
487 1790
488 774
488 1120
488 1981
489 621
489 634
489 782
489 1003
489 1121
490 938
490 1112
490 1402
490 1701
490 1868
490 1999
491 1113
491 1196
491 1311
491 1587
491 1617
491 1700
492 1102
492 1261
492 1779
493 555
493 566
493 847
493 915
493 1184
493 1432
493 1882
494 498
494 676
494 844
494 944
494 1031
494 1512
494 1733
494 1966
495 765
495 868
495 902
495 1026
495 1305
495 1508
496 548
496 572
496 902
496 980
496 1251
496 1353
496 1891
497 522
497 571
497 962
497 1103
497 1112
497 1728
498 513
498 660
498 1172
498 1572
499 898
499 986
499 1115
499 1443
499 1545
499 1557
499 1607
499 1664
499 1894
500 567
500 636
500 943
500 958
500 1581
500 1607
500 1935
501 550
501 555
501 649
501 658
501 932
501 1176
501 1205
501 1570
501 1632
501 1988
502 739
502 772
502 985
502 1850
502 1857
503 636
503 744
503 1001
503 1029
503 1159
503 1390
503 1436
503 1506
503 1683
503 1948
503 1949
504 572
504 593
504 1080
504 1188
505 883
505 968
505 1042
505 1212
505 1413
505 1422
505 1655
506 590
506 1301
506 1311
506 1369
506 1563
506 1641
506 1694
506 1849
506 1915
506 1942
507 678
507 760
507 1496
507 1630
507 1950
508 1440
508 1608
508 1656
509 609
509 638
509 815
509 982
509 1205
509 1321
509 1532
510 857
510 986
510 987
510 1029
510 1266
510 1549
510 1851
511 1492
511 1787
511 1806
512 1036
512 1253
512 1390
512 1485
512 1493
512 1684
512 1795
512 1852
513 518
513 530
513 830
513 965
513 1556
513 1757
513 1847
513 1975
514 585
514 590
514 1019
514 1157
514 1896
515 655
515 1153
515 1347
515 1442
515 1839
515 1882
516 551
516 749
516 1437
516 1708
517 1002
517 1253
517 1393
517 1678
518 935
518 967
518 1010
518 1111
518 1340
518 1534
518 1904
518 1986
519 688
519 803
519 1003
519 1416
519 1514
519 1687
519 1752
520 776
520 901
520 967
520 1013
520 1159
520 1369
520 1445
520 1450
520 1536
520 1555
520 1687
520 1794
521 673
521 717
521 1206
521 1582
521 1734
521 1754
522 630
522 796
522 821
522 997
522 1235
522 1927
522 1962
523 598
523 668
523 1152
523 1292
523 1307
523 1322
523 1353
523 1362
523 1440
523 1554
523 1812
524 584
524 1083
524 1247
524 1355
524 1439
524 1522
524 1861
524 1935
524 1964
524 1989
525 561
525 694
525 972
525 1508
525 1529
525 1622
525 1745
526 550
526 762
526 1033
526 1150
526 1595
526 1723
527 539
527 624
527 668
527 762
527 1396
527 1673
527 1819
528 594
528 949
528 1783
528 1918
528 1960
529 1221
529 1383
529 1824
530 870
530 1084
530 1105
530 1224
530 1419
530 1510
530 1638
530 1649
530 1679
530 1711
530 1759
531 622
531 847
531 935
531 936
531 1222
531 1444
531 1600
531 1891
532 627
532 898
532 1223
532 1531
532 1550
532 1648
533 705
533 847
533 1067
533 1301
533 1642
533 1826
534 776
534 845
534 1403
534 1624
535 577
535 930
535 1358
535 1368
535 1385
535 1562
535 1608
535 1723
535 1755
536 741
536 1105
536 1703
537 592
537 989
537 1360
537 1605
537 1733
538 1020
538 1453
538 1610
538 1620
538 1712
538 1802
539 648
539 655
539 1293
539 1389
539 1511
539 1628
539 1711
539 1966
539 1999
540 702
540 1692
540 1724
540 1951
541 734
541 968
541 1247
541 1274
541 1326
541 1832
542 722
542 1272
542 1274
542 1518
543 667
543 757
543 1024
543 1262
544 863
544 1172
544 1214
544 1238
544 1894
544 1991
545 597
545 647
545 897
545 1007
545 1400
545 1515
545 1674
545 1723
546 602
546 725
546 797
546 838
546 1005
546 1283
546 1338
546 1339
546 1652
547 621
547 704
547 722
547 1411
547 1462
547 1899
548 592
548 1275
548 1787
549 826
549 958
549 1704
549 1943
549 1981
550 763
550 1384
550 1733
550 1747
551 848
551 1121
551 1215
552 921
552 1639
553 568
553 638
553 861
553 1026
553 1268
553 1304
553 1674
554 1471
554 1696
554 1867
554 1972
555 1183
555 1354
555 1515
555 1538
555 1684
555 1837
556 591
556 743
556 848
556 1141
556 1310
556 1318
556 1935
557 935
557 1306
557 1335
557 1401
557 1413
557 1455
557 1968
558 836
558 1173
558 1188
558 1217
558 1576
558 1752
558 1833
559 677
559 683
559 1102
560 648
560 759
560 1139
560 1383
560 1578
560 1722
560 1759
560 1962
561 825
561 850
561 927
561 962
561 1071
561 1112
561 1305
561 1650
561 1764
562 709
562 710
562 985
562 1082
562 1707
562 1759
562 1882
563 752
563 777
563 784
563 919
563 1048
563 1120
563 1293
563 1522
563 1576
563 1640
564 591
564 809
564 1454
564 1468
564 1478
564 1515
564 1776
564 1891
564 1980
565 1171
565 1225
565 1239
565 1385
565 1440
565 1863
566 613
566 899
566 960
566 978
566 1329
566 1341
566 1387
567 591
567 917
567 1030
567 1121
567 1206
567 1411
567 1991
568 954
568 1363
568 1587
569 614
569 1348
569 1652
570 1396
570 1450
571 1182
571 1284
571 1584
571 1778
572 733
572 737
572 1017
572 1175
572 1323
572 1393
572 1514
572 1545
572 1764
572 1787
573 717
573 826
573 935
573 1160
574 621
574 967
574 1634
574 1936
575 844
575 853
575 1034
575 1127
575 1347
575 1583
575 1691
575 1698
576 707
576 825
576 993
576 997
576 1020
576 1431
576 1815
576 1848
577 728
577 746
577 926
577 1182
577 1399
577 1816
577 1844
578 831
578 847
578 891
578 1260
578 1502
578 1537
578 1638
578 1685
578 1914
579 859
579 1565
579 1648
579 1900
579 1908
579 1989
580 729
580 1047
580 1328
580 1551
580 1701
580 1757
581 802
581 977
581 1198
581 1302
581 1323
581 1549
581 1643
581 1838
581 1946
581 1996
582 1113
582 1237
582 1366
582 1930
583 957
583 1773
583 1776
583 1934
583 1999
584 653
584 682
584 737
584 1345
584 1858
585 674
585 873
585 1041
585 1167
585 1322
585 1351
585 1458
585 1811
586 706
586 727
586 794
586 1015
586 1092
586 1347
586 1431
586 1572
586 1719
587 711
587 995
587 1030
587 1299
587 1571
587 1605
587 1943
588 599
588 670
588 784
588 838
588 928
588 1084
588 1441
588 1457
588 1649
588 1801
589 773
589 797
589 836
589 885
589 1043
589 1414
589 1610
589 1682
589 1857
590 1014
590 1032
590 1048
590 1674
590 1758
590 1792
590 1814
590 1877
591 1088
591 1917
591 1924
591 1962
592 1061
592 1631
593 594
593 727
593 839
593 1030
593 1052
593 1127
593 1547
593 1638
593 1946
594 600
594 968
594 1084
594 1278
594 1349
594 1476
594 1745
595 738
595 1124
595 1445
595 1814
595 1913
596 883
596 896
596 1835
597 911
597 1282
597 1370
597 1638
598 806
598 891
598 931
598 1300
598 1558
598 1682
598 1759
598 1760
598 1791
598 1944
599 1002
599 1116
599 1128
599 1461
599 1892
600 1041
600 1349
600 1439
600 1623
601 716
601 955
601 1069
601 1586
602 693
602 1036
602 1338
602 1436
602 1686
602 1993
603 937
603 1236
603 1326
603 1681
603 1692
603 1771
604 691
604 798
604 946
604 1100
604 1169
604 1313
604 1350
604 1855
604 1989
605 1320
605 1587
605 1776
606 1321
606 1380
606 1448
607 649
607 944
607 1146
607 1889
608 1659
609 861
609 1063
609 1419
609 1424
609 1782
609 1866
609 1912
610 792
610 795
610 832
610 1104
610 1326
610 1428
610 1483
610 1494
611 1253
611 1316
611 1618
611 1740
612 807
612 1132
612 1206
612 1631
612 1779
613 966
613 1082
613 1249
613 1480
613 1873
614 649
614 1030
614 1044
614 1047
614 1095
614 1241
614 1266
614 1425
615 649
615 885
615 1070
615 1126
615 1224
615 1545
615 1632
615 1677
615 1870
615 1909
615 1982
616 1274
616 1945
617 717
617 785
617 847
617 1134
617 1210
617 1330
617 1361
617 1563
617 1761
617 1808
617 1811
618 1641
618 1781
619 775
619 1606
619 1843
619 1954
619 1976
619 1998
620 879
620 900
620 963
620 979
620 1006
620 1133
620 1500
621 849
621 1062
621 1214
621 1422
621 1900
621 1976
622 710
622 845
622 1229
622 1540
622 1785
622 1869
622 1872
622 1928
623 736
623 840
623 850
623 1196
624 692
624 843
624 1144
624 1671
624 1708
624 1778
625 662
625 765
625 961
625 967
625 1133
625 1307
625 1793
626 746
626 749
626 1127
626 1238
626 1585
626 1656
626 1667
626 1766
626 1875
626 1949
626 1956
627 1219
627 1367
627 1409
627 1416
627 1692
627 1736
627 1764
627 1810
628 759
628 1151
628 1184
628 1241
628 1816
629 1373
629 1396
630 811
630 838
630 1172
630 1355
631 786
631 1697
632 655
632 681
632 875
632 1271
632 1366
632 1400
632 1920
633 862
633 1495
633 1573
633 1595
633 1788
634 726
634 826
634 1037
634 1231
634 1388
634 1514
634 1549
634 1562
634 1569
634 1624
634 1969
635 730
635 876
635 1340
635 1604
636 859
636 1268
636 1311
636 1342
636 1495
636 1646
637 655
637 796
637 1496
637 1896
638 848
638 855
638 1340
638 1567
639 663
639 1339
639 1808
640 1731
640 1824
641 675
641 786
641 1446
641 1589
642 729
642 817
642 1017
642 1076
642 1687
643 684
643 717
643 1107
643 1236
643 1505
643 1711
643 1750
643 1852
644 951
644 977
644 1791
644 1885
644 1943
646 780
646 813
646 866
646 911
646 1398
646 1503
646 1770
646 1833
647 719
647 731
647 896
647 1262
647 1272
647 1280
647 1672
647 1687
647 1951
648 992
648 1013
648 1280
648 1450
648 1641
648 1671
648 1770
648 1992
649 1423
649 1750
650 1478
650 1596
650 1624
650 1693
650 1719
650 1820
650 1900
651 810
651 949
651 1912
651 1933
652 726
652 1454
652 1725
652 1789
652 1799
653 735
653 950
653 1089
653 1166
653 1218
653 1437
653 1476
653 1639
653 1968
654 1048
654 1067
654 1316
654 1465
654 1469
654 1717
654 1913
654 1914
655 960
655 995
655 1227
655 1246
655 1310
655 1522
656 1021
656 1025
656 1048
656 1397
656 1487
656 1895
657 829
657 1219
657 1220
657 1251
657 1424
657 1592
657 1746
657 1950
658 691
658 1204
658 1278
658 1927
659 710
659 714
659 1104
659 1153
659 1178
659 1179
659 1715
659 1920
659 1969
660 1540
660 1615
660 1864
661 983
661 1317
661 1562
661 1695
661 1800
662 808
662 1235
662 1359
662 1475
663 800
663 833
663 899
663 1126
663 1504
664 789
664 1423
664 1517
664 1619
664 1806
664 1864
665 905
665 956
665 1087
665 1194
666 827
666 970
666 1176
666 1239
666 1321
666 1356
666 1462
666 1585
666 1690
666 1759
666 1777
667 1782
668 1076
668 1557
668 1591
668 1771
669 840
669 973
669 1392
669 1604
670 891
670 903
670 1158
670 1282
670 1348
670 1537
670 1653
670 1810
671 810
671 903
671 904
671 994
671 1045
671 1047
671 1452
672 678
672 1214
672 1231
672 1616
672 1623
672 1983
673 829
673 941
673 1080
674 806
674 1379
674 1485
675 1080
675 1103
675 1219
675 1337
675 1434
675 1497
675 1768
675 1778
675 1857
676 835
676 857
676 964
676 965
676 1223
676 1568
677 940
677 1097
677 1584
677 1720
678 877
678 1687
678 1791
679 754
679 940
679 1165
679 1351
679 1914
680 880
680 1764
680 1896
681 750
681 1167
681 1273
681 1289
681 1915
682 826
682 858
682 865
682 1388
682 1475
682 1869
682 1900
683 787
683 1016
683 1093
683 1300
683 1941
684 699
684 1053
684 1086
684 1139
684 1180
684 1488
684 1917
685 820
685 843
685 1032
685 1102
685 1202
685 1266
685 1288
685 1311
685 1491
685 1571
685 1997
686 866
686 1103
686 1280
686 1616
686 1988
687 1437
687 1580
687 1954
688 868
688 1008
688 1286
688 1650
688 1752
689 793
689 954
689 1300
689 1799
689 1921
689 1956
690 762
690 832
690 907
690 1243
690 1379
690 1498
690 1616
690 1685
690 1719
691 768
691 1084
691 1119
691 1499
691 1738
691 1863
691 1941
692 1105
692 1119
692 1124
692 1192
692 1328
692 1349
692 1733
692 1877
693 718
693 865
693 871
693 964
693 1044
693 1134
693 1241
693 1349
693 1422
693 1458
694 726
694 1088
694 1263
694 1285
694 1365
694 1530
694 1601
694 1625
694 1964
695 1147
695 1181
695 1450
695 1660
695 1716
695 1950
696 1488
696 1583
696 1869
697 1018
697 1307
697 1449
697 1501
697 1604
697 1694
698 709
698 832
698 1196
699 811
699 942
699 1057
699 1151
699 1158
699 1212
699 1388
699 1397
699 1982
700 902
700 1246
700 1516
700 1570
701 1199
701 1360
701 1467
701 1816
701 1964
702 913
702 1014
702 1154
702 1328
702 1384
702 1388
702 1505
702 1541
702 1589
702 1614
702 1665
702 1702
703 872
703 1338
704 948
704 1331
704 1513
704 1793
704 1892
705 725
705 769
705 916
706 877
706 1041
706 1085
706 1266
706 1270
706 1418
706 1439
706 1562
706 1851
708 1080
708 1251
708 1355
708 1827
709 910
709 1020
709 1287
709 1486
709 1919
710 748
710 1061
710 1679
711 829
711 1018
711 1380
711 1445
711 1672
711 1836
712 844
712 1336
712 1518
712 1560
712 1663
713 1006
713 1423
713 1704
713 1740
714 851
714 1400
714 1732
714 1819
715 1473
715 1950
716 942
716 1227
716 1295
716 1751
716 1901
716 1957
717 871
717 1045
717 1380
717 1629
717 1650
717 1849
717 1979
718 727
718 1337
718 1567
718 1616
718 1956
718 1977
719 1064
719 1603
719 1789
719 1919
720 801
720 1080
720 1101
720 1260
720 1432
720 1712
720 1761
720 1804
720 1855
721 811
721 1307
721 1483
721 1502
722 776
722 1106
722 1698
722 1834
722 1884
723 1151
723 1163
723 1196
724 821
724 867
724 908
724 1163
724 1225
724 1332
724 1454
724 1462
724 1512
724 1656
724 1716
725 1486
725 1932
726 815
726 861
726 919
726 1235
726 1463
726 1757
726 1967
726 1973
727 812
727 1607
728 866
728 930
728 994
728 1209
728 1327
728 1575
728 1900
729 1099
729 1736
729 1947
729 1991
730 972
730 1308
730 1704
730 1972
731 907
731 1729
731 1925
731 1963
731 1964
732 1430
732 1668
732 1776
733 1357
733 1572
733 1958
734 880
734 1558
734 1587
735 1858
736 900
736 1176
736 1529
737 1001
737 1045
737 1108
737 1235
737 1249
737 1296
737 1583
737 1811
738 897
738 906
738 1250
738 1433
738 1546
738 1715
738 1727
739 744
739 882
739 1350
739 1710
739 1730
739 1910
740 987
740 1261
740 1286
740 1346
740 1498
740 1585
740 1933
741 1103
741 1245
741 1442
741 1776
741 1850
742 828
742 1135
742 1240
742 1587
742 1741
742 1852
743 984
743 1521
744 848
744 955
744 1089
744 1186
744 1225
744 1306
744 1398
744 1607
744 1634
744 1665
745 1032
745 1650
745 1862
746 933
746 1125
746 1297
746 1565
746 1617
746 1790
746 1953
747 1045
747 1103
747 1265
747 1281
747 1432
747 1974
748 1010
748 1158
748 1215
748 1635
748 1743
748 1807
749 991
749 1553
749 1811
749 1857
749 1866
750 764
750 839
750 1355
750 1774
750 1954
751 753
751 1107
751 1839
751 1990
752 786
752 844
752 1141
752 1214
752 1315
752 1389
752 1432
753 782
753 865
753 958
753 977
753 1026
753 1027
753 1066
753 1104
753 1572
753 1594
753 1599
753 1822
753 1940
753 1974
754 918
754 1074
754 1081
754 1735
754 1924
755 816
755 1278
755 1903
756 785
756 877
756 1129
756 1885
757 1121
757 1123
757 1185
757 1248
758 1130
758 1156
758 1315
758 1363
758 1554
758 1749
759 1575
759 1669
759 1747
759 1890
759 1917
760 948
760 1033
760 1752
761 872
761 984
761 1027
761 1156
761 1315
761 1493
761 1598
761 1692
761 1741
761 1757
762 821
762 1121
762 1570
763 1017
763 1170
763 1179
763 1453
763 1499
763 1704
763 1910
764 1132
764 1496
765 868
765 1149
765 1209
765 1348
765 1694
765 1969
765 2000
766 783
766 809
766 855
766 1052
766 1110
766 1315
766 1892
767 1522
767 1568
768 1513
768 1687
768 1747
768 1814
768 1831
769 948
769 1058
769 1287
769 1454
770 1684
771 1040
771 1434
772 943
772 957
772 1406
772 1431
772 1439
772 1524
772 1829
773 904
773 1196
773 1244
773 1445
773 1940
773 1941
774 962
774 1206
774 1214
774 1484
774 1707
774 1930
774 1988
775 1030
775 1079
775 1212
775 1214
775 1378
775 1651
775 1752
775 1932
776 890
776 1171
776 1217
776 1807
777 936
777 1042
777 1099
777 1577
777 1585
778 807
778 1348
778 1404
778 1626
778 1852
779 826
779 844
779 1410
779 1554
779 1877
780 1068
780 1613
780 1914
781 880
781 1727
782 805
782 1239
782 1972
783 911
783 999
783 1019
783 1204
783 1218
783 1272
783 1404
783 1667
783 1747
783 1893
784 825
784 1032
784 1126
784 1127
784 1136
784 1292
784 1450
784 1586
784 1629
784 1648
784 1928
785 1032
785 1164
785 1246
785 1341
785 1451
785 1636
785 1720
786 1205
786 1911
787 1262
787 1488
787 1514
787 1680
787 1720
787 1862
788 1699
788 1889
789 870
789 1055
789 1165
789 1460
790 1072
790 1354
790 1467
790 1985
791 963
791 1345
791 1475
791 1552
791 1557
791 1588
791 1653
792 1051
792 1125
792 1741
792 1801
792 1868
793 1233
793 1490
793 1624
793 1930
794 925
794 1283
794 1292
794 1505
794 1581
794 1614
794 1740
794 1804
795 1649
795 1682
795 1735
795 1997
796 838
796 1315
796 1649
797 798
797 1041
797 1154
797 1718
798 999
798 1048
798 1085
798 1855
799 1221
799 1335
799 1681
800 1752
800 1970
801 957
801 1167
801 1396
801 1611
801 1728
801 1933
802 1542
802 1584
802 1591
802 1686
802 1870
802 1991
803 1080
803 1197
803 1443
803 1544
803 1948
804 881
804 1047
804 1149
804 1452
805 886
805 1055
805 1102
805 1105
805 1777
806 872
806 923
806 1140
806 1185
806 1208
806 1500
806 1578
806 1592
806 1676
806 1901
807 818
807 861
807 1121
807 1223
807 1351
807 1435
807 1485
807 1652
807 1935
808 1298
808 1486
808 1799
808 1854
808 1976
809 918
809 1049
809 1494
809 1905
810 1351
810 1392
810 1393
810 1767
811 836
811 862
811 981
811 1130
811 1319
811 1551
812 1045
812 1088
812 1860
813 1109
813 1157
813 1405
813 1606
813 1644
814 1130
814 1153
814 1539
814 1872
815 1025
815 1609
815 1745
816 936
816 1350
816 1499
816 1621
817 912
817 1066
817 1171
817 1495
817 1599
817 1734
818 1908
819 936
819 1037
819 1313
819 1418
819 1974
820 1457
820 1665
820 1676
820 1804
820 1805
821 1010
821 1091
821 1348
821 1468
821 1469
821 1536
821 1771
822 829
822 1031
822 1054
822 1056
822 1103
822 1415
822 1575
822 1671
823 1562
823 1950
824 1474
824 1841
824 1935
824 1990
824 1996
825 960
825 1285
825 1854
826 1413
826 1421
826 1553
827 924
827 941
827 1349
827 1734
827 1814
828 925
828 1071
828 1093
828 1337
828 1637
829 1051
829 1342
829 1348
829 1505
830 945
830 1072
830 1624
830 1844
831 1470
831 1679
831 1943
832 1132
832 1365
832 1720
832 1824
832 1918
833 886
833 966
833 1214
833 1476
833 1667
834 1031
834 1611
834 1654
834 1748
835 858
835 1052
835 1195
835 1267
835 1886
836 1642
836 1846
837 1237
837 1273
837 1475
837 1856
838 1082
838 1395
839 1421
839 1532
840 848
840 901
840 1246
841 903
841 1010
841 1014
841 1112
841 1157
841 1480
841 1768
841 1991
842 921
842 1259
843 1291
844 1003
844 1523
844 1676
844 1697
845 916
845 1042
845 1171
846 1099
846 1481
846 1895
846 1919
847 971
847 1005
847 1247
847 1371
847 1453
847 1476
847 1672
847 1699
848 942
848 1436
848 1485
848 1789
848 1819
849 1417
849 1427
849 1429
849 1497
850 858
850 1028
850 1273
850 1287
850 1647
851 973
851 1148
851 1331
851 1919
852 1285
852 1951
853 1099
853 1314
853 1322
853 1329
854 1078
854 1104
854 1843
855 1399
855 1442
855 1456
855 1524
855 1615
855 1668
855 1675
856 861
856 1087
856 1702
857 1005
857 1063
857 1305
857 1364
858 968
858 1018
858 1071
858 1545
858 1923
859 881
859 926
859 937
859 1020
859 1368
859 1672
859 1673
859 1808
859 1890
859 1947
860 868
860 870
860 947
860 1052
860 1061
860 1095
860 1169
860 1414
860 1655
860 1773
860 1789
860 1929
861 1265
861 1347
861 1664
861 1671
861 1707
861 1974
861 1989
862 1110
862 1808
862 1949
863 865
863 955
863 976
863 1009
863 1156
863 1490
863 1695
864 868
864 968
864 1013
864 1197
865 899
865 1118
865 1300
865 1623
865 1640
865 1726
866 1103
866 1450
866 1618
866 1754
866 1831
867 895
867 929
867 1009
867 1097
867 1221
867 1270
867 1989
868 944
868 1013
868 1443
868 1811
868 1866
868 1924
868 1951
869 1449
869 1716
870 1173
870 1504
870 1509
870 1522
870 1627
870 1805
870 1923
871 1285
871 1576
871 1821
872 1336
872 1353
872 1573
872 1589
872 1655
872 1969
873 922
873 987
873 1915
874 1014
874 1352
874 1703
874 1999
875 998
875 1186
875 1617
876 1034
876 1148
876 1208
876 1668
876 1748
877 982
877 1154
877 1637
877 1668
878 1161
878 1164
878 1687
878 1750
879 937
879 938
879 1389
879 1456
879 1586
880 946
880 1548
880 1569
880 1624
880 1651
880 1834
881 913
881 1143
881 1395
881 1494
881 1810
882 954
882 1066
882 1080
882 1083
882 1731
882 1732
883 996
883 1223
883 1273
883 1536
883 1574
883 1594
884 1249
884 1403
884 1460
884 1885
884 1947
885 957
885 1108
885 1368
885 1832
885 1884
885 1933
885 1983
886 934
886 1301
886 1368
886 1437
886 1527
886 1549
886 1577
886 1603
886 1706
887 963
887 1536
887 1675
887 1961
888 1123
889 904
889 1301
889 1377
889 1392
889 1841
890 1196
890 1279
890 1350
890 1502
890 1818
890 1962
891 897
891 1073
891 1175
891 1283
891 1337
892 962
892 1005
892 1367
892 1420
892 1689
892 1757
892 1912
893 899
893 920
893 925
893 1042
893 1129
893 1471
893 1772
894 1069
894 1143
894 1375
894 1451
894 1465
894 1555
895 1888
896 1026
896 1216
896 1747
896 1876
896 1897
896 1980
897 1140
897 1497
897 1597
897 1666
898 908
898 913
898 991
898 1822
898 1879
898 1968
899 1227
899 1305
899 1523
899 1670
900 949
900 1746
900 1965
901 1061
902 1225
902 1481
902 1829
903 1187
903 1404
903 1718
903 1719
903 1726
903 1818
904 1106
904 1129
904 1321
904 1388
904 1795
904 1954
905 1169
905 1202
905 1643
905 1953
905 1957
906 1666
906 1784
907 1051
907 1332
907 1377
907 1456
908 1173
908 1246
908 1364
908 1367
908 1739
908 1776
908 1940
909 1328
909 1526
909 1819
910 999
910 1484
910 1523
910 1940
911 954
911 984
911 1160
911 1396
911 1412
911 1576
912 993
912 1158
912 1200
912 1413
912 1551
913 1041
913 1578
913 1808
913 1848
913 1917
914 1127
914 1458
914 1657
914 1873
914 1985
915 1348
915 1353
915 1843
916 1190
916 1601
916 1921
917 1107
917 1109
917 1115
917 1116
917 1223
917 1267
917 1777
917 1964
918 1087
918 1157
918 1454
918 1590
918 1625
918 1818
919 1336
919 1533
920 1143
920 1249
920 1263
920 1421
921 1679
921 1705
922 973
922 1055
922 1229
922 1418
922 1633
922 1638
922 1714
922 1781
923 1242
923 1573
923 1711
924 1217
924 1448
924 1662
924 1689
924 1951
925 1061
925 1166
925 1190
925 1562
925 1632
925 1661
925 1862
925 1981
926 951
926 1138
927 968
927 1028
927 1134
927 1192
927 1239
927 1508
927 1619
927 1691
927 1767
927 1888
928 1730
928 1883
929 937
929 1056
929 1427
929 1429
930 1447
930 1904
930 1925
931 988
931 1042
931 1803
932 1403
932 1595
932 1774
933 1043
933 1086
933 1404
933 1660
933 1764
934 1273
934 1284
934 1312
934 1343
934 1410
934 1548
934 1573
934 1653
935 942
935 1041
935 1387
935 1780
935 1786
935 1805
936 961
936 1035
936 1174
937 1349
937 1415
937 1599
938 1369
938 1456
938 1562
938 1588
938 1783
938 1808
938 1848
939 964
939 998
939 1340
939 1739
939 1806
940 1695
940 1908
941 949
941 970
941 1528
941 1724
941 1839
941 1920
942 1235
942 1810
942 1838
942 1872
943 1134
943 1403
943 1808
943 1966
944 1054
944 1173
944 1377
945 1300
945 1438
945 1500
945 1575
945 1609
946 1039
946 1374
946 1710
946 1724
946 1775
946 1776
947 979
948 1907
949 1053
949 1659
949 1810
950 1083
950 1128
950 1360
950 1903
951 1194
951 1314
952 1232
952 1286
952 1403
952 1945
953 1107
953 1263
953 1522
953 1625
954 1219
954 1393
954 1409
954 1462
954 1521
954 1785
955 966
955 1152
955 1357
955 1678
955 1832
956 1322
956 1417
956 1423
956 1431
956 1532
956 1567
956 1707
956 1868
957 1191
957 1495
957 1646
957 1991
958 1255
958 1282
958 1356
958 1772
958 1796
958 1810
959 1891
959 1938
960 1047
960 1066
960 1550
960 1629
960 1674
960 1883
962 1615
962 1695
962 1726
962 1878
963 1026
963 1065
963 1632
963 1968
964 984
964 1653
964 1657
964 1678
964 1803
964 1935
965 1061
965 1201
965 1437
965 1522
965 1790
965 1798
967 1027
967 1233
968 978
968 991
968 1044
968 1096
968 1179
968 1260
968 1743
968 1870
968 1953
969 1141
969 1512
970 1514
970 1701
971 1125
971 1278
971 1983
972 1621
972 1963
973 1060
973 1072
973 1164
974 1488
974 1500
974 1607
974 1611
974 1969
975 977
975 1229
975 1944
976 1165
976 1256
976 1742
976 1759
976 1889
977 1605
977 1799
977 1937
977 1968
978 1122
978 1132
978 1526
978 1728
979 1020
979 1201
980 1187
980 1236
980 1321
980 1910
981 1207
981 1300
981 1349
981 1429
981 1441
982 1057
982 1179
982 1717
982 1756
982 1766
982 1835
983 1152
983 1250
983 1291
983 1653
984 1043
984 1393
984 1606
984 1788
985 1280
985 1282
985 1567
986 1182
986 1296
986 1343
986 1886
987 1183
987 1506
987 1753
987 1921
988 1382
989 1195
989 1360
989 1617
989 1719
989 1724
989 1763
989 1775
989 1882
989 1972
990 1028
990 1464
990 1477
990 1490
990 1637
990 1737
990 1768
990 1823
991 1012
991 1132
991 1555
991 1660
991 1670
991 1771
991 1788
991 1844
991 1998
992 1039
992 1848
993 1198
993 1290
993 1367
993 1735
993 1916
993 1941
994 1274
994 1455
994 1731
995 1100
996 1523
996 1653
996 1712
997 1060
997 1229
998 1275
998 1845
998 1883
998 1966
999 1490
999 1491
999 1623
1000 1102
1000 1344
1000 1357
1000 1650
1000 1752
1001 1152
1001 1271
1001 1973
1001 1984
1002 1333
1002 1572
1002 1679
1002 1809
1002 1954
1002 1985
1003 1022
1003 1220
1003 1269
1003 1388
1003 1553
1003 1626
1003 1821
1003 1897
1004 1644
1005 1509
1005 1896
1005 1992
1006 1182
1006 1246
1006 1375
1006 1518
1006 1521
1006 1938
1007 1101
1007 1724
1008 1044
1008 1159
1008 1808
1009 1326
1009 1342
1009 1479
1009 1561
1009 1757
1010 1165
1010 1179
1010 1701
1010 1855
1010 1926
1011 1191
1011 1459
1011 1533
1011 1735
1012 1712
1012 1774
1012 1826
1013 1332
1013 1768
1013 1918
1014 1273
1014 1747
1014 1883
1015 1195
1015 1513
1015 1788
1016 1030
1016 1303
1016 1611
1016 1626
1016 1667
1016 1786
1016 1902
1017 1115
1017 1497
1017 1768
1018 1210
1018 1601
1018 1690
1018 1724
1018 1802
1018 1812
1019 1356
1019 1431
1019 1747
1019 1887
1019 1909
1019 1938
1020 1539
1020 1760
1020 1789
1020 1850
1021 1238
1021 1363
1021 1744
1021 1786
1022 1060
1022 1076
1022 1111
1022 1280
1022 1787
1023 1165
1023 1175
1023 1501
1023 1605
1023 1658
1023 1695
1024 1724
1024 1806
1025 1034
1025 1076
1025 1298
1025 1551
1025 1639
1025 1703
1025 1767
1026 1062
1026 1107
1026 1183
1026 1222
1026 1230
1026 1514
1026 1663
1026 1723
1026 1763
1026 1904
1027 1254
1027 1439
1027 1523
1027 1587
1027 1672
1027 1790
1029 1124
1029 1697
1029 1929
1030 1158
1030 1475
1031 1064
1031 1418
1032 1102
1032 1713
1032 1720
1033 1188
1033 1189
1033 1690
1033 1917
1033 1939
1034 1064
1034 1105
1034 1963
1035 1052
1035 1189
1035 1297
1035 1595
1035 1704
1036 1465
1036 1713
1037 1112
1037 1935
1038 1103
1038 1136
1038 1314
1038 1318
1038 1454
1038 1610
1038 1708
1038 1944
1039 1148
1039 1156
1039 1168
1039 1441
1039 1878
1040 1064
1040 1067
1040 1146
1040 1447
1040 1510
1040 1580
1040 1697
1040 1783
1040 1849
1041 1586
1041 1716
1042 1232
1042 1244
1042 1327
1042 1538
1042 1617
1042 1987
1043 1354
1043 1356
1043 1926
1043 1978
1044 1144
1044 1314
1044 1409
1044 1506
1044 1725
1044 1904
1046 1246
1046 1252
1046 1465
1047 1267
1047 1386
1047 1957
1048 1137
1048 1203
1048 1243
1049 1105
1049 1797
1049 1877
1049 1893
1050 1372
1050 1526
1050 1651
1051 1549
1052 1430
1052 1888
1052 1948
1053 1139
1053 1152
1053 1186
1053 1651
1053 1672
1053 1967
1054 1625
1054 1908
1055 1259
1055 1509
1056 1921
1056 1999
1057 1371
1057 1937
1058 1080
1058 1773
1059 1345
1059 1500
1059 1526
1060 1214
1060 1525
1060 1554
1060 1627
1060 1756
1061 1171
1061 1179
1061 1256
1061 1466
1061 1511
1061 1570
1061 1600
1061 1652
1061 1758
1061 1856
1061 1966
1062 1557
1062 1709
1062 1791
1062 1833
1063 1190
1063 1387
1063 1596
1064 1445
1064 1574
1065 1269
1065 1401
1065 1572
1065 1857
1066 1092
1066 1136
1066 1155
1066 1501
1066 1618
1066 1661
1066 1969
1067 1426
1067 1712
1067 1955
1068 1370
1068 1537
1068 1716
1068 1931
1069 1221
1069 1343
1069 1863
1070 1229
1070 1295
1070 1520
1070 1528
1070 1843
1070 1854
1071 1096
1071 1327
1071 1620
1071 1968
1072 1511
1072 1538
1073 1407
1073 1455
1073 1641
1073 1681
1074 1143
1074 1483
1074 1902
1075 1342
1075 1367
1076 1448
1077 1508
1077 1923
1077 1967
1078 1146
1078 1450
1078 1617
1078 1653
1078 1897
1079 1186
1079 1370
1079 1487
1080 1206
1080 1490
1080 1652
1080 1690
1080 1731
1080 1822
1080 1842
1081 1390
1081 1471
1082 1639
1083 1136
1083 1721
1083 1726
1084 1207
1084 1277
1084 1453
1085 1546
1086 1128
1086 1215
1086 1446
1086 1642
1087 1381
1087 1765
1088 1108
1088 1149
1088 1157
1089 1437
1090 1181
1090 1368
1090 1730
1090 1738
1091 1351
1091 1503
1091 1665
1091 1787
1091 1860
1092 1410
1093 1626
1093 1778
1093 1899
1094 1533
1094 1584
1094 1769
1094 1812
1094 1921
1095 1273
1095 1577
1095 1842
1095 1857
1096 1194
1096 1312
1096 1349
1097 1216
1097 1378
1097 1589
1097 1596
1097 1911
1098 1389
1098 1688
1098 1902
1099 1485
1100 1110
1100 1278
1100 1415
1100 1937
1101 1135
1101 1337
1102 1268
1102 1661
1102 1723
1102 1745
1103 1179
1104 1145
1104 1193
1104 1197
1104 1596
1104 1655
1104 1978
1104 1996
1105 1123
1105 1124
1105 1318
1105 1345
1105 1619
1105 1704
1105 1737
1106 1146
1106 1338
1106 1718
1106 1766
1106 1964
1107 1119
1107 1622
1107 1666
1108 1133
1108 1275
1108 1329
1108 1433
1108 1848
1109 1528
1109 1529
1109 1609
1109 1835
1109 1898
1109 1967
1110 1185
1110 1215
1110 1344
1110 1462
1110 1570
1110 1812
1110 1862
1110 1876
1111 1200
1111 1610
1112 1233
1112 1241
1112 1529
1112 1915
1113 1414
1113 1723
1113 1767
1113 1997
1114 1239
1114 1468
1114 1504
1114 1505
1115 1155
1115 1156
1115 1165
1115 1512
1116 1901
1117 1126
1117 1128
1117 1571
1117 1644
1117 1753
1118 1306
1118 1381
1118 1454
1118 1841
1119 1243
1119 1344
1119 1503
1119 1703
1119 1900
1120 1571
1120 1634
1120 1701
1121 1144
1121 1359
1121 1407
1121 1414
1121 1620
1121 1771
1121 1866
1122 1175
1122 1188
1122 1308
1122 1737
1123 1307
1123 1704
1123 1796
1123 1992
1124 1497
1124 1830
1124 1865
1125 1457
1125 1587
1125 1843
1125 1965
1126 1234
1126 1974
1127 1331
1127 1858
1127 1964
1128 1146
1128 1147
1128 1714
1128 1795
1128 1943
1129 1256
1129 1783
1129 1865
1129 1887
1129 1943
1130 1266
1130 1512
1130 1612
1130 1685
1130 1860
1131 1143
1131 1184
1131 1411
1131 1577
1132 1428
1132 1682
1133 1429
1133 1436
1133 1730
1133 1830
1134 1680
1134 1711
1135 1468
1135 1846
1136 1767
1136 1955
1136 1978
1137 1244
1137 1477
1138 1809
1139 1160
1141 1603
1141 1772
1142 1255
1142 1405
1142 1666
1142 1742
1143 1390
1143 1468
1143 1685
1144 1489
1144 1582
1144 1933
1145 1160
1145 1781
1145 1841
1147 1559
1147 1729
1148 1286
1148 1385
1148 1887
1148 1919
1149 1198
1149 1343
1149 1715
1150 1180
1150 1359
1150 1503
1150 1533
1150 1563
1150 1750
1150 1996
1151 1222
1151 1226
1151 1421
1151 1660
1152 1312
1152 1426
1152 1458
1152 1519
1152 1711
1153 1514
1154 1339
1155 1661
1155 1802
1156 1252
1156 1671
1156 1860
1156 1976
1157 1389
1157 1778
1157 1950
1158 1183
1158 1261
1158 1317
1158 1358
1159 1605
1160 1409
1160 1746
1161 1775
1161 1904
1162 1222
1162 1229
1162 1422
1162 1696
1162 1771
1162 1860
1163 1193
1163 1406
1163 1471
1163 1477
1164 1173
1164 1274
1164 1883
1165 1370
1165 1736
1165 1742
1166 1627
1166 1710
1167 1437
1168 1270
1168 1636
1169 1237
1169 1490
1169 1545
1169 1580
1169 1647
1169 1963
1170 1189
1170 1206
1170 1484
1170 1506
1170 1567
1171 1433
1172 1384
1173 1200
1173 1388
1173 1588
1173 1636
1173 1685
1173 1925
1174 1465
1174 1479
1174 1494
1174 1524
1175 1354
1175 1700
1176 1337
1176 1566
1177 1401
1177 1680
1177 1846
1178 1424
1178 1572
1178 1579
1178 1966
1178 1968
1179 1559
1180 1184
1180 1323
1180 1960
1181 1538
1181 1942
1182 1528
1182 1664
1182 1704
1182 1913
1183 1225
1183 1240
1183 1555
1183 1567
1183 1582
1183 1624
1183 1738
1184 1250
1185 1232
1185 1380
1185 1450
1185 1520
1185 1733
1185 1853
1185 1915
1186 1490
1187 1305
1187 1533
1187 1573
1187 1673
1187 1680
1187 1906
1187 1977
1188 1372
1188 1868
1189 1835
1190 1516
1190 1590
1190 1837
1190 1846
1191 1691
1191 1853
1192 1914
1193 1561
1193 1838
1194 1576
1195 1197
1195 1270
1195 1289
1195 1715
1196 1235
1196 1262
1196 1352
1196 1474
1196 1689
1196 1692
1197 1316
1198 1698
1198 1787
1199 1532
1199 1672
1200 1340
1200 1374
1200 1846
1200 1927
1201 1337
1201 1473
1202 1232
1202 1287
1202 1728
1203 1369
1203 1448
1204 1626
1205 1393
1205 1470
1205 1931
1206 1223
1206 1743
1206 1966
1207 1264
1207 1305
1207 1407
1207 1615
1207 1959
1208 1215
1208 1217
1208 1412
1208 1503
1208 1645
1209 1434
1209 1956
1210 1679
1210 1760
1210 1914
1211 1251
1211 1312
1211 1455
1211 1503
1212 1250
1212 1623
1213 1380
1213 1440
1213 1898
1214 1360
1214 1851
1214 1852
1214 1933
1215 1364
1215 1561
1215 1672
1215 1817
1216 1237
1216 1518
1216 1534
1216 1817
1217 1314
1217 1365
1218 1546
1218 1594
1218 1632
1218 1727
1218 1987
1219 1580
1219 1780
1219 1951
1220 1276
1221 1913
1222 1512
1222 1539
1222 1820
1223 1257
1223 1740
1223 1837
1223 1906
1224 1256
1224 1414
1225 1805
1225 1949
1226 1506
1226 1595
1226 1679
1226 1823
1226 1961
1227 1921
1229 1263
1229 1464
1229 1531
1229 1852
1230 1256
1230 1332
1230 1341
1230 1372
1230 1655
1231 1433
1231 1929
1232 1399
1232 1476
1232 1504
1233 1251
1233 1304
1233 1385
1233 1971
1233 1994
1234 1548
1235 1672
1235 1684
1236 1433
1236 1676
1237 1649
1238 1403
1238 1491
1238 1515
1238 1558
1238 1819
1238 1892
1239 1299
1239 1343
1239 1434
1239 1462
1239 1483
1240 1272
1240 1330
1240 1520
1241 1882
1242 1287
1242 1817
1243 1362
1243 1398
1243 1510
1243 1647
1243 1675
1243 1907
1244 1255
1244 1258
1244 1377
1244 1740
1245 1394
1245 1403
1245 1817
1245 1980
1246 1709
1246 1740
1246 1805
1246 1878
1246 1888
1247 1766
1247 1908
1247 1935
1248 1325
1248 1426
1248 1696
1248 1930
1249 1450
1249 1820
1249 1836
1249 1872
1249 1983
1251 1306
1251 1418
1251 1430
1251 1506
1251 1987
1252 1797
1253 1403
1253 1444
1253 1635
1255 1439
1255 1910
1256 1559
1256 1653
1256 1934
1257 1667
1257 1853
1258 1469
1258 1540
1258 1672
1258 1732
1258 1745
1258 1773
1258 1834
1258 1864
1259 1553
1259 1563
1259 1710
1259 1747
1259 1949
1260 1706
1260 1714
1260 1928
1261 1489
1261 1564
1261 1849
1262 1432
1262 1610
1262 1671
1262 1986
1263 1298
1263 1409
1263 1410
1263 1651
1263 1773
1264 1275
1264 1322
1264 1741
1264 1839
1265 1320
1265 1800
1265 1933
1266 1595
1266 1650
1266 1975
1267 1384
1267 1628
1268 1381
1268 1594
1268 1631
1268 1989
1269 1400
1269 1525
1269 1584
1270 1791
1271 1356
1272 1339
1272 1567
1272 1689
1272 1807
1272 1911
1273 1608
1273 1663
1273 1741
1274 1527
1274 1609
1274 1800
1275 1292
1275 1406
1275 1966
1276 1441
1276 1639
1276 1640
1276 1919
1276 1978
1276 1991
1277 1365
1277 1545
1277 1683
1278 1331
1278 1380
1278 1416
1278 1644
1278 1707
1278 1864
1278 1975
1279 1695
1279 1755
1279 1909
1280 1331
1280 1420
1280 1547
1280 1985
1281 1433
1282 1298
1282 1358
1282 1748
1282 1800
1283 1347
1283 1608
1283 1819
1283 1846
1284 1766
1284 1818
1284 1906
1284 1933
1284 1995
1285 1286
1285 1507
1285 1684
1286 1337
1286 1587
1286 1695
1286 1792
1287 1390
1287 1529
1287 1742
1287 1904
1288 1347
1288 1439
1288 1832
1288 1890
1288 1946
1288 1975
1289 1367
1289 1718
1289 1784
1289 1789
1289 1871
1289 1889
1289 1961
1290 1332
1290 1458
1290 1619
1290 1826
1291 1375
1291 1619
1291 1822
1292 1382
1292 1421
1292 1536
1292 1577
1292 1621
1292 1673
1292 1957
1293 1699
1294 1496
1294 1526
1294 1561
1295 1446
1295 1882
1295 1897
1295 1929
1296 1652
1296 1751
1296 1795
1296 1807
1297 1380
1297 1384
1297 1588
1297 1635
1297 1710
1298 1341
1298 1843
1298 1905
1298 1923
1299 1660
1299 1847
1300 1809
1300 1861
1301 1934
1302 1501
1302 1812
1302 1924
1303 1361
1303 1739
1303 1876
1304 1390
1304 1507
1305 1685
1305 1706
1305 1888
1306 1826
1307 1312
1307 1746
1307 1793
1307 1796
1307 1939
1307 1977
1308 1763
1309 1942
1310 1466
1310 1621
1310 1712
1310 1891
1310 1963
1311 1509
1311 1762
1311 1836
1312 1391
1312 1597
1312 1839
1312 1872
1312 1889
1312 1913
1313 1477
1313 1991
1314 1757
1314 1977
1315 1577
1315 1924
1316 1405
1317 1443
1317 1450
1317 1522
1317 1746
1317 1854
1318 1444
1318 1499
1318 1920
1319 1326
1320 1420
1320 1736
1321 1587
1321 1662
1321 1702
1321 1798
1322 1325
1322 1978
1322 1985
1323 1629
1323 1848
1324 1385
1325 1486
1325 1857
1325 1869
1326 1652
1326 1708
1326 1729
1326 1972
1327 1426
1327 1476
1327 1599
1327 1789
1328 1595
1328 1750
1329 1520
1329 1560
1329 1588
1329 1848
1330 1546
1330 1733
1331 1767
1331 1884
1332 1491
1332 1576
1333 1478
1333 1492
1333 1853
1333 1995
1334 1659
1335 1338
1335 1602
1335 1680
1335 1834
1336 1363
1336 1383
1336 1588
1336 1755
1337 1456
1338 1756
1339 1574
1339 1601
1340 1439
1340 1650
1340 1734
1340 1802
1341 1368
1341 1615
1342 1404
1342 1414
1342 1701
1342 1891
1343 1551
1343 1620
1343 1676
1343 1800
1344 1523
1344 1951
1345 1361
1345 1694
1345 1924
1346 1451
1346 1593
1346 1980
1347 1397
1349 1379
1349 1543
1349 1663
1349 1781
1349 1843
1349 1933
1350 1385
1350 1533
1350 1544
1350 1719
1351 1715
1351 1718
1351 1778
1351 1824
1352 1416
1352 1804
1352 1886
1352 1909
1352 1980
1353 1578
1353 1641
1353 1665
1353 1707
1353 1966
1354 1427
1354 1541
1354 1549
1355 1620
1355 1691
1356 1571
1356 1898
1356 1928
1357 1417
1357 1438
1357 1483
1357 1604
1357 1815
1357 1889
1358 1814
1358 1990
1359 1365
1359 1795
1359 1799
1360 1419
1360 1482
1360 1599
1360 1869
1361 1378
1361 1661
1362 1427
1362 1702
1362 1919
1363 1451
1363 1527
1363 1586
1363 1834
1363 1897
1363 1995
1364 1415
1364 1516
1364 1617
1364 1742
1365 1378
1365 1402
1365 1523
1365 1872
1366 1422
1366 1586
1366 1784
1367 1586
1368 1829
1369 1374
1369 1379
1369 1422
1369 1549
1370 1894
1370 1935
1370 1993
1371 1493
1371 1731
1371 1990
1372 1770
1372 1772
1372 1835
1373 1379
1373 1679
1373 1760
1374 1514
1375 1627
1375 1776
1375 1806
1375 1876
1376 1577
1377 1474
1377 1500
1377 1693
1377 1908
1378 1752
1378 1771
1379 1644
1380 1682
1380 1687
1380 1809
1381 1767
1382 1536
1382 1738
1382 1854
1383 1551
1383 1577
1383 1790
1383 1822
1383 1918
1384 1937
1385 1570
1385 1762
1386 1582
1386 1822
1386 1859
1386 1973
1387 1418
1387 1529
1387 1785
1388 1527
1388 1641
1388 1654
1388 1901
1389 1733
1390 1801
1390 1862
1392 1482
1392 1835
1392 1900
1393 1648
1393 1770
1393 1939
1394 1608
1394 1949
1395 1682
1395 1753
1395 1962
1395 1970
1396 1465
1396 1744
1396 1849
1397 1596
1397 1733
1397 1902
1398 1763
1399 1567
1399 1695
1400 1636
1400 1818
1401 1407
1401 1422
1401 1588
1401 1758
1401 1839
1401 1940
1402 1599
1402 1604
1403 1664
1403 1904
1404 1791
1406 1604
1406 1678
1407 1575
1408 1553
1408 1683
1408 1749
1408 1817
1408 1924
1409 1471
1409 1474
1410 1641
1410 1810
1411 1708
1411 1723
1411 1783
1411 1905
1412 1431
1412 1575
1412 1607
1412 1837
1412 1981
1414 1505
1414 1724
1414 1903
1415 1439
1415 1867
1415 1996
1416 1706
1417 1669
1417 1800
1419 1741
1419 1756
1419 1846
1420 1528
1421 1517
1421 1675
1421 1971
1422 1494
1422 1899
1423 1500
1423 1511
1423 1776
1424 1480
1424 1863
1425 1659
1425 1673
1426 1461
1426 1886
1427 1763
1428 1639
1428 1663
1430 1516
1430 1651
1431 1656
1431 1725
1431 1888
1432 1796
1432 1880
1433 1447
1433 1450
1433 1484
1433 1648
1433 1913
1434 1707
1434 1778
1436 1480
1436 1484
1436 1649
1437 1461
1437 1775
1437 1858
1437 1882
1438 1729
1439 1614
1440 1606
1440 1935
1440 1985
1441 1594
1442 1858
1443 1849
1444 1536
1444 1665
1445 1908
1446 1668
1446 1685
1446 1765
1446 1924
1447 1481
1447 1534
1447 1825
1447 1835
1448 1795
1448 1809
1448 1839
1449 1607
1449 1985
1450 1863
1451 1477
1451 1537
1451 1796
1451 1815
1451 1934
1452 1550
1452 1553
1452 1599
1453 1687
1453 1782
1453 1783
1454 1656
1454 1832
1455 1676
1455 1774
1459 1492
1459 1906
1459 1967
1460 1478
1460 1573
1461 1607
1461 1620
1461 1657
1461 1853
1461 1939
1462 1566
1462 1645
1464 1503
1464 1939
1465 1715
1465 1988
1466 1559
1466 1936
1467 1591
1467 1685
1467 1749
1467 1759
1468 1782
1468 1953
1469 1866
1470 1678
1470 1691
1470 1985
1470 1994
1471 1792
1471 1804
1472 1631
1473 1756
1473 1821
1473 1892
1473 1916
1475 1476
1475 1752
1475 1813
1475 1923
1476 1643
1476 1952
1477 1671
1477 1874
1477 1898
1478 1603
1478 1745
1479 1790
1480 1511
1482 1613
1482 1861
1483 1537
1483 1550
1484 1860
1484 1966
1486 1884
1487 1562
1487 1564
1487 1767
1487 1820
1488 1548
1488 1918
1489 1647
1489 1885
1490 1543
1490 1775
1490 1876
1490 1958
1490 1986
1491 1736
1493 1661
1494 1902
1495 1531
1495 1852
1496 1528
1497 1778
1497 1812
1498 1528
1499 1930
1501 1970
1502 1703
1502 1923
1503 1611
1503 1731
1503 1780
1503 1820
1503 1841
1504 1706
1504 1714
1505 1510
1505 1670
1506 1875
1506 1878
1507 1889
1508 1924
1508 1972
1509 1875
1510 1755
1510 1891
1511 1516
1512 1931
1513 1860
1513 1870
1515 1549
1515 1653
1515 1872
1516 1606
1516 1738
1516 1878
1517 1989
1518 1660
1518 1920
1518 1972
1519 1618
1519 1629
1520 1760
1520 1987
1521 1818
1521 1831
1521 1902
1522 1560
1522 1744
1522 1756
1522 1802
1522 1829
1522 1842
1522 1973
1523 1626
1523 1737
1524 1942
1524 1995
1525 1611
1525 1750
1526 1606
1526 1646
1527 1676
1527 1972
1528 1560
1528 1710
1528 1800
1528 1816
1529 1839
1529 1881
1529 1987
1530 1808
1531 1804
1532 1614
1532 1689
1532 1885
1532 1949
1533 1634
1534 1557
1534 1571
1534 1940
1535 1893
1535 1897
1535 1966
1536 1774
1537 1643
1537 1781
1537 1903
1538 1541
1538 1849
1538 1906
1538 1983
1539 1648
1539 1817
1539 1998
1540 1791
1541 1608
1541 1949
1542 1808
1543 1814
1544 1775
1544 1800
1545 1860
1545 1968
1546 1583
1546 1596
1546 1756
1547 1611
1547 1698
1547 1853
1548 1572
1549 1897
1550 1698
1550 1800
1551 1620
1551 1990
1552 1895
1552 1902
1552 1961
1553 1658
1554 1749
1554 1757
1556 1991
1557 1747
1557 1780
1557 1994
1558 1716
1558 1846
1561 1750
1562 1650
1562 1895
1562 1909
1562 1947
1563 1578
1564 1588
1564 1605
1564 1741
1564 1911
1564 1992
1565 1714
1566 1680
1567 1832
1567 1903
1568 1650
1569 1591
1569 1823
1570 1659
1570 1997
1571 1618
1571 1835
1572 1596
1573 1783
1573 1818
1573 1829
1573 1983
1574 1879
1575 1824
1575 1849
1577 1918
1578 1713
1578 1922
1578 1994
1580 1703
1580 1716
1580 1753
1580 1855
1580 1904
1581 1732
1581 1821
1582 1629
1582 1667
1582 1780
1582 1939
1583 1634
1585 1613
1585 1791
1585 1884
1586 1772
1587 1921
1587 1969
1588 1679
1588 1923
1589 1624
1589 1927
1589 1976
1590 1813
1591 1623
1591 1694
1591 1702
1592 1681
1592 1714
1594 1793
1594 1809
1595 1990
1596 1709
1598 1949
1599 1855
1600 1805
1602 1692
1602 1712
1603 1701
1604 1797
1604 1861
1604 1901
1605 1741
1605 1915
1605 1969
1606 1661
1606 1663
1607 1793
1607 1849
1608 1609
1608 1802
1609 1711
1609 1860
1610 1801
1610 1808
1610 1873
1610 1892
1610 1896
1610 1989
1611 1632
1611 1683
1611 1698
1611 1874
1612 1870
1613 1697
1613 1891
1616 1944
1617 1738
1618 1667
1621 1946
1622 1689
1623 1775
1623 1861
1623 1970
1624 1803
1625 1663
1625 1875
1627 1790
1629 1909
1629 1938
1630 1640
1632 1701
1632 1719
1632 1824
1632 1926
1632 1935
1634 1715
1635 1962
1638 1722
1639 1674
1639 1687
1640 1767
1641 1789
1643 1771
1645 1713
1647 1986
1648 1649
1648 1824
1648 1877
1649 1665
1649 1724
1649 1791
1649 1918
1650 1968
1651 1980
1652 1880
1656 1685
1656 1774
1656 1866
1656 1867
1656 1890
1656 1924
1656 1978
1656 1995
1657 1841
1658 1723
1658 1987
1660 1693
1660 1887
1660 1955
1662 1778
1663 1868
1664 1676
1664 1906
1665 1695
1665 1807
1665 1925
1666 1680
1667 1684
1667 1926
1667 1972
1668 1787
1668 1949
1671 1705
1671 1747
1671 1831
1671 1900
1671 1980
1672 1727
1672 1749
1672 1803
1673 1684
1674 1692
1675 1729
1675 1851
1675 1979
1676 1883
1676 1953
1677 1965
1678 1742
1678 1830
1678 1891
1680 1892
1682 1748
1682 1778
1682 1780
1682 1996
1683 1892
1685 1791
1686 1743
1686 1908
1687 1927
1689 1747
1689 1767
1690 1726
1690 1856
1690 1952
1691 1757
1691 1787
1691 1927
1691 1985
1692 1715
1693 1786
1693 1819
1694 1873
1694 1941
1694 1949
1694 1973
1694 1977
1695 1701
1695 1776
1695 1801
1695 1972
1700 1751
1701 1815
1702 1875
1703 1927
1704 1823
1706 1774
1706 1828
1707 1844
1708 1720
1708 1785
1709 1734
1710 1761
1710 1772
1711 1732
1711 1881
1712 1859
1713 1998
1715 1834
1715 1976
1717 1985
1718 1791
1718 1832
1719 1780
1719 1920
1720 1728
1720 1905
1720 1967
1722 1774
1723 1766
1723 1787
1723 1963
1724 1950
1725 1770
1726 1898
1726 1973
1726 1992
1728 1850
1728 1877
1728 1927
1731 1781
1733 1808
1733 1990
1735 1930
1737 1925
1737 1970
1738 1977
1739 1841
1740 1867
1741 1955
1742 1786
1742 1960
1744 1771
1744 1887
1744 1923
1744 1971
1745 1805
1745 1967
1746 1807
1746 1832
1746 1835
1746 1922
1750 1841
1751 1823
1751 1914
1753 1815
1753 1818
1754 1988
1755 1768
1755 1839
1755 1985
1758 1768
1761 1995
1762 1802
1762 1848
1762 1901
1763 1816
1763 1880
1764 1963
1765 1800
1765 1858
1767 1808
1767 1839
1767 1930
1767 1960
1768 1829
1768 1885
1769 1867
1773 1883
1773 1909
1774 1969
1775 1841
1777 1830
1777 1904
1778 1871
1778 1927
1779 1801
1780 1987
1782 1886
1784 1924
1785 1807
1785 1808
1785 1819
1785 1996
1787 1791
1787 1923
1788 1895
1789 1919
1791 1975
1792 1980
1794 1817
1795 1826
1795 1966
1798 1949
1798 1985
1800 1806
1801 1867
1802 1893
1802 1965
1803 1974
1804 1991
1805 1893
1805 1990
1806 1874
1810 1882
1811 1829
1811 1943
1812 1988
1814 1845
1815 1825
1816 1935
1816 1953
1817 1903
1817 1960
1818 1878
1819 1885
1819 1910
1819 1958
1823 1988
1824 1865
1824 1956
1824 1988
1825 1932
1827 1957
1828 1969
1829 1840
1829 1909
1830 1848
1830 1987
1832 1835
1832 1936
1832 1964
1833 1956
1833 1968
1837 1846
1837 1942
1838 1881
1845 1994
1846 1958
1849 1856
1849 1939
1850 1964
1855 1887
1855 1906
1855 1919
1855 1932
1855 1964
1856 1987
1858 1920
1858 1950
1863 1958
1866 1903
1870 1937
1872 1894
1874 1961
1874 1985
1876 1912
1876 1945
1877 1921
1879 1915
1886 1970
1888 1903
1888 1999
1889 1972
1891 1905
1892 1926
1893 1984
1895 1910
1895 1924
1895 1989
1897 1900
1897 1955
1898 1919
1902 1908
1907 1996
1908 1973
1916 1972
1917 1976
1918 1983
1920 1971
1927 1957
1931 1940
1933 1970
1933 1999
1941 1978
1945 1954
1946 1967
1949 1964
1954 1970
1956 1987
1961 1962
1967 1990
1976 1995
1977 1978