2000
1 9
1 653
1 941
1 1246
1 1562
1 1759
1 1773
2 1009
2 1288
2 1312
2 1480
3 135
3 492
3 1462
3 1981
4 677
4 792
4 1048
4 1136
4 1191
5 403
5 664
5 734
5 962
5 1250
5 1524
5 1566
5 1672
5 1727
5 1900
6 772
6 1380
6 1449
6 1464
6 1817
7 238
7 892
7 1095
7 1244
8 334
8 585
8 1017
8 1731
8 1841
8 1905
9 198
9 989
9 991
9 1355
10 28
10 378
10 506
10 1108
10 1141
10 1774
10 1817
10 1931
11 42
11 160
11 306
11 561
11 653
11 974
11 1227
11 1459
12 594
12 1306
12 1681
12 1685
12 1697
12 1810
13 455
13 1057
13 1189
13 1389
13 1437
13 1974
14 148
14 361
14 595
14 854
14 880
14 954
14 1058
14 1335
14 1469
14 1668
14 1716
15 322
15 738
15 948
15 955
15 1211
15 1512
16 548
16 751
16 1228
16 1269
16 1284
16 1334
16 1797
16 1938
17 61
17 180
17 351
17 514
17 604
17 1057
17 1484
17 1495
17 1693
17 1769
17 1908
18 370
18 605
18 1195
18 1764
18 1849
18 1906
19 698
19 930
19 1272
19 1516
19 1957
19 1977
20 1700
21 123
21 530
21 607
21 630
21 1408
21 1670
22 525
22 685
22 961
22 1201
22 1824
22 1866
23 626
23 1079
23 1279
23 1854
23 1890
24 1790
25 398
25 790
25 988
26 149
26 390
26 648
26 846
26 968
26 1547
26 1555
26 1610
26 1784
27 272
27 415
27 942
27 1136
27 1253
27 1494
28 138
28 190
28 285
28 646
28 954
28 1123
28 1407
28 1509
28 1835
29 46
29 327
29 508
29 1067
29 1601
29 1961
30 442
30 825
30 1105
30 1747
31 221
31 1022
31 1677
31 1839
32 95
32 943
32 1022
32 1135
33 435
33 446
33 454
33 915
33 946
33 1144
33 1558
33 1672
33 1747
34 119
34 1162
34 1373
34 1571
35 73
35 416
35 452
35 1685
35 1888
36 375
36 474
36 563
36 1373
36 1815
37 190
37 296
37 420
37 571
37 1091
37 1520
37 1903
38 365
38 472
38 1268
38 1550
38 1852
39 600
39 980
39 1253
39 1410
39 1908
40 161
40 635
40 927
40 974
40 976
41 365
41 889
41 1870
42 262
42 354
42 471
42 765
42 989
42 1155
42 1192
43 70
43 497
43 554
43 853
43 1293
43 1816
44 208
44 692
44 837
44 1525
44 1996
45 156
45 713
45 1222
45 1338
45 1419
45 1463
46 888
46 1165
47 118
47 237
47 903
47 1009
47 1508
47 1614
47 1870
48 96
48 672
48 861
49 479
49 536
49 575
49 724
49 845
50 500
50 905
50 1781
51 318
51 346
51 372
51 1037
51 1107
51 1233
51 1256
51 1307
51 1683
52 367
52 748
52 993
52 1223
52 1269
52 1864
53 455
53 577
53 733
53 831
53 918
54 119
54 213
54 314
54 530
54 810
54 1961
55 82
55 319
55 1246
55 1976
56 273
56 501
56 690
56 745
56 1169
56 1266
56 1366
56 1873
56 1899
57 348
57 744
57 1274
58 231
58 441
58 704
58 791
58 967
58 1108
58 1466
59 673
59 745
59 1037
59 1114
59 1508
60 166
60 294
60 619
60 664
60 1101
60 1297
60 1859
60 1874
61 84
61 307
61 473
61 570
61 1102
61 1145
61 1521
61 1852
61 1950
62 124
62 940
62 1242
62 1465
62 1870
63 79
63 537
63 549
63 860
63 1232
63 1300
64 247
64 383
64 958
64 1082
64 1152
64 1248
64 1840
64 1860
65 964
65 1028
65 1110
65 1193
65 1348
65 1999
66 222
66 599
66 1047
66 1223
66 1390
66 1870
67 112
67 527
67 1399
68 534
68 709
68 782
68 1186
68 1510
68 1856
69 350
69 617
69 704
69 912
69 958
69 1333
69 1463
70 98
70 902
70 925
70 1150
70 1422
70 1673
71 1287
71 1523
72 114
72 209
72 358
72 497
72 1191
73 283
73 1205
73 1233
73 1838
73 1861
74 629
74 1066
74 1252
74 1490
75 240
75 565
75 760
75 1044
75 1214
75 1287
75 1900
75 1976
76 1122
76 1854
77 222
77 414
77 1593
77 1900
78 385
78 392
78 423
78 1252
79 486
79 1489
79 1602
79 1684
79 1881
80 207
80 833
80 1005
80 1338
80 1472
81 134
81 332
81 783
81 829
81 986
81 1252
81 1711
81 1867
82 701
82 734
82 857
82 1234
82 1328
82 1513
82 1741
83 166
83 641
83 905
83 1216
83 1509
83 1881
84 140
84 291
84 601
84 1404
84 1592
85 448
85 653
85 729
85 1060
86 366
86 383
86 455
86 869
86 1257
86 1566
86 1687
87 395
87 1063
87 1397
87 1568
87 1978
88 1038
88 1606
88 1861
89 166
89 203
89 264
89 909
89 1035
89 1187
89 1239
89 1395
89 1429
89 1584
90 109
90 299
90 320
90 505
90 1523
90 1843
91 224
91 782
91 1749
92 605
92 1706
92 1774
93 276
93 298
93 691
93 989
93 1196
93 1372
93 1509
93 1759
93 1885
94 723
94 802
94 907
94 1342
94 1472
94 1646
94 1660
95 247
95 781
95 1285
95 1551
95 1939
96 125
96 184
96 1327
96 1391
97 232
97 945
98 302
98 323
98 1387
99 131
99 1086
99 1431
99 1492
100 329
100 1194
100 1487
100 1596
100 1865
101 103
101 464
101 688
101 1552
101 1629
101 1821
101 1925
102 258
102 262
102 579
102 715
102 1140
102 1881
103 499
103 1143
103 1318
103 1397
103 1407
103 1643
103 1876
104 433
104 796
104 1160
105 213
105 1962
106 590
106 1255
106 1565
106 1733
106 1885
107 724
107 867
107 1518
108 163
108 193
108 272
108 537
108 710
108 1185
108 1414
108 1681
109 413
109 656
109 669
109 931
109 1152
109 1401
109 1918
110 947
110 977
110 997
110 1650
111 261
111 649
111 1109
111 1341
111 1856
112 423
112 476
112 632
112 857
112 899
112 1429
112 1694
112 1752
112 1979
113 1968
113 1988
114 199
114 612
114 732
114 809
114 1992
115 535
115 650
115 695
115 700
115 751
115 844
115 957
115 1035
116 132
116 135
116 380
116 820
116 1336
116 1669
117 162
117 221
117 343
117 534
117 1165
117 1357
117 1860
117 1915
117 1962
118 256
118 499
118 888
118 1341
118 1543
119 389
119 481
119 982
120 133
120 705
120 1004
120 1096
120 1349
120 1821
121 313
121 529
121 662
121 714
121 1154
121 1431
121 1573
121 1600
121 1688
121 1814
122 447
122 890
122 1005
122 1339
123 434
123 592
123 1453
123 1830
123 1860
123 1963
124 1477
125 689
125 1580
125 1972
125 1996
126 530
126 716
126 868
126 1504
126 1595
126 1604
127 539
127 1033
127 1209
127 1433
128 230
128 274
128 1564
128 1818
129 328
129 336
129 639
129 871
129 1727
129 1989
130 542
130 811
130 906
130 999
130 1031
130 1269
130 1894
131 507
131 609
131 764
131 1850
131 1932
132 237
132 723
132 1099
132 1296
132 1887
133 750
133 918
133 950
133 1107
133 1222
133 1232
133 1350
133 1653
133 1806
134 390
134 526
134 1208
134 1410
134 1483
134 1541
134 2000
135 169
135 399
135 447
135 790
135 883
135 1402
135 1415
136 335
136 608
136 817
136 1272
136 1582
136 1725
137 192
137 218
137 774
137 1114
138 282
138 1557
138 1786
138 1836
138 1867
139 267
139 605
139 625
139 990
140 203
140 282
140 457
140 473
140 588
140 757
140 872
140 1066
140 1103
140 1121
140 1313
140 1898
140 1987
141 196
141 218
141 385
141 565
141 578
141 775
141 1086
141 1099
141 1248
141 1293
141 1569
141 1996
142 747
142 959
142 1638
143 1601
143 1691
143 1991
144 294
144 306
144 502
144 903
144 1169
144 1328
144 1389
144 1635
145 392
145 442
145 759
145 1254
145 1511
145 1622
145 1725
145 1844
146 556
146 820
146 860
146 941
146 1026
146 1112
146 1264
146 1298
146 1346
146 1546
146 1710
146 1802
146 1889
146 1904
147 172
147 747
147 1288
147 1327
147 1329
147 1808
148 790
148 946
148 1262
148 1418
148 1472
148 1762
149 1133
149 1476
149 1558
149 1658
150 806
150 1401
151 298
151 733
151 1080
151 1384
151 1756
151 1757
151 1762
151 1870
152 266
152 588
152 872
152 1562
152 1636
152 1850
153 227
153 523
153 953
153 1374
154 320
154 476
154 691
154 1185
154 1239
154 1296
154 1533
154 1662
154 1897
154 1901
155 298
155 650
155 1400
155 1743
155 1936
156 301
156 629
156 909
156 1239
157 273
157 405
157 635
157 1158
157 1218
157 1313
157 1894
158 207
158 409
158 805
158 849
158 947
158 1903
159 201
159 278
159 775
159 908
159 961
159 1339
159 1481
159 1505
160 1106
160 1121
160 1618
160 1636
161 219
161 1308
162 178
162 1168
162 1483
162 1678
162 1989
163 489
163 581
163 630
163 1158
163 1581
163 1605
163 1979
164 649
164 1235
164 1336
164 1435
164 1444
165 482
165 495
165 655
165 772
165 814
165 1267
165 1285
165 1746
166 567
166 954
166 1732
167 652
167 833
167 1105
167 1300
167 1501
167 1540
167 1661
168 208
168 415
168 672
168 818
168 1032
168 1042
168 1362
168 1546
168 1557
168 1776
169 856
169 1008
169 1333
170 261
170 697
170 929
170 1215
170 1343
170 1499
171 597
171 721
171 1051
171 1060
171 1130
171 1165
171 1298
171 1326
171 1797
171 1845
172 513
172 565
172 658
172 761
172 1609
173 198
173 648
173 1134
173 1238
173 1350
173 1749
174 354
174 1094
174 1812
175 417
175 578
175 1128
175 1129
175 1609
175 1992
176 485
176 732
176 875
176 1010
176 1488
176 1839
177 634
177 650
177 662
177 775
177 1150
177 1475
177 1766
177 1777
178 463
178 803
178 1001
178 1118
178 1520
178 1659
179 355
179 472
179 804
179 805
179 1785
180 897
180 1125
181 757
181 1110
181 1227
182 468
182 612
182 959
182 1221
182 1680
183 416
183 1695
183 1945
184 955
184 1932
185 291
185 322
185 519
185 935
185 1364
186 201
186 203
186 505
186 527
186 536
186 631
186 751
186 972
186 1112
186 1837
187 610
187 805
187 947
187 1011
188 311
188 602
188 1354
188 1412
188 1493
188 1825
189 301
189 729
189 1186
189 1205
189 1245
189 1664
190 448
190 562
190 681
190 706
190 1156
190 1877
191 440
191 604
191 1370
191 1727
191 1834
192 1281
192 1344
192 1483
192 1641
192 1931
193 1112
193 1264
193 1856
194 230
194 289
194 451
194 576
194 1094
194 1476
194 1552
195 297
195 437
195 762
195 1036
195 1280
196 382
196 713
196 1322
196 1712
197 402
197 968
197 1107
197 1868
198 309
198 471
198 634
198 823
198 1297
198 1811
198 1834
198 1983
199 583
199 587
199 624
199 853
199 990
199 994
200 620
200 1436
200 1459
200 1733
200 1846
200 1955
201 563
201 785
201 1408
201 1641
201 1780
201 1887
202 657
202 693
202 756
202 970
202 1329
202 1762
203 327
203 921
203 925
203 1101
204 330
204 787
204 1217
204 1658
204 1978
205 641
205 1269
205 1502
205 1687
206 632
206 1172
206 1337
206 1628
207 886
207 938
207 1412
207 1492
207 1586
207 1748
207 1751
208 298
208 390
208 521
208 583
208 664
208 806
208 1023
208 1244
208 1356
208 1421
208 1730
208 1743
209 564
209 903
209 1016
209 1423
210 589
210 674
210 756
210 997
210 1332
210 1468
210 1502
211 742
211 1127
211 1233
211 1262
211 1311
211 1420
211 1478
211 1546
211 1581
212 333
212 498
212 1051
212 1220
212 1612
213 272
213 654
213 846
213 1280
213 1473
213 1796
213 1848
214 295
214 662
214 796
214 848
214 897
214 1066
214 1286
214 1493
214 1711
215 405
215 411
215 412
215 1031
215 1477
216 725
216 1026
216 1089
216 1098
216 1457
216 1642
216 1799
216 1813
216 1932
216 1963
217 299
217 1309
217 1337
217 1850
218 1060
218 1530
218 1617
218 1875
219 374
219 651
219 1226
219 1654
219 1929
220 229
220 417
220 657
220 789
220 922
220 1054
220 1069
220 1094
220 1169
220 1315
220 1876
220 1887
220 1893
221 711
221 832
221 1535
221 1709
221 1769
221 1796
221 1826
222 283
222 671
222 1011
222 1058
222 1335
222 1699
222 1791
222 1881
223 242
223 290
223 492
223 744
223 803
223 834
223 911
223 1141
223 1199
223 1201
223 1232
223 1388
223 1418
223 1460
223 1511
223 1643
223 1768
224 820
224 878
224 884
224 1109
224 1194
224 1440
224 1452
224 1508
224 1782
224 1842
225 670
225 1145
225 1161
225 1346
225 1964
226 267
226 465
226 776
226 1590
227 296
227 1034
227 1045
227 1569
227 1869
228 363
228 1295
228 1705
228 1955
229 311
229 449
229 912
229 1254
229 1333
229 1334
229 1460
229 1539
229 1984
230 480
230 509
230 537
230 1081
230 1185
231 605
231 1019
231 1045
231 1541
231 1791
232 289
232 887
232 1386
233 330
233 622
233 723
233 778
233 1280
233 1308
233 1671
233 1821
234 267
234 317
234 670
234 1339
234 1492
234 1915
235 824
235 1089
235 1536
235 1568
235 1619
235 1772
235 1805
235 1894
235 1914
236 1602
236 1831
237 837
237 1252
238 372
238 545
238 750
238 1443
238 1492
238 1584
239 444
239 1696
240 423
240 1346
240 1684
241 542
241 758
241 1014
241 1291
241 1622
242 439
242 684
242 747
242 814
242 1289
243 484
243 525
243 897
243 1514
243 1606
244 300
244 318
244 411
244 746
244 942
244 1180
244 1588
244 1785
245 620
245 836
245 1626
245 1869
246 539
246 542
246 805
246 939
246 1132
246 1585
247 334
247 430
247 682
247 878
247 1134
247 1190
247 1879
248 303
248 667
248 902
248 1047
248 1050
248 1994
249 931
249 1041
249 1773
250 478
250 1023
250 1991
251 339
251 502
251 692
251 708
251 1025
251 1110
251 1211
251 1867
251 1927
252 602
252 743
252 880
252 895
252 1412
252 1646
252 1696
253 1821
253 1951
254 394
254 405
254 453
254 492
254 823
254 948
254 1560
254 1633
254 1979
255 1071
255 1814
256 264
256 557
256 627
256 810
256 853
256 1075
256 1282
256 1530
256 1961
257 665
257 1014
257 1294
257 1318
258 738
258 1056
258 1081
258 1650
258 1794
258 1937
259 520
259 788
259 921
259 1065
259 1133
259 1421
259 1897
260 544
260 828
260 1205
260 1248
260 1545
260 1866
260 1898
260 1989
261 384
261 475
261 889
261 946
261 1890
261 1913
262 1084
262 1504
262 1531
262 1996
263 1068
263 1372
263 1794
263 1809
263 1822
264 372
264 686
264 857
264 872
264 1038
264 1057
264 1528
264 1751
265 880
265 1348
265 1560
265 1694
266 408
266 450
266 732
266 960
266 1115
266 1565
266 1615
266 1623
266 1756
266 1867
266 1982
267 426
267 533
267 1584
267 1620
267 1757
268 512
268 608
268 682
268 857
268 1324
269 296
269 451
269 657
269 699
269 1085
269 1378
269 1725
269 1742
269 1745
269 1765
269 1806
269 1992
269 2000
270 453
270 1184
270 1489
270 1613
270 1631
271 491
271 879
271 975
271 1096
271 1240
272 447
272 712
272 1150
272 1718
273 618
273 671
273 1119
273 1259
273 1456
273 1500
273 1781
274 415
274 1329
275 485
275 895
275 1206
275 1408
275 1698
275 1809
275 1871
275 1943
276 671
276 949
276 1020
276 1162
276 1661
276 1739
277 486
277 577
277 791
277 1661
278 901
278 909
278 1026
278 1293
278 1425
278 1444
279 307
279 378
279 646
279 1347
279 1848
279 1863
280 982
280 986
280 1271
280 1591
282 1277
282 1419
282 1690
283 731
283 885
283 1310
284 714
284 1446
284 1567
284 1743
284 1829
284 1911
284 1968
285 391
285 502
285 537
285 575
285 785
285 1252
285 1413
285 1993
286 297
286 568
286 768
286 1130
286 1179
286 1240
286 1261
286 1426
286 1464
286 1726
287 990
287 1571
288 712
288 1516
288 1701
288 1810
289 338
289 747
289 975
289 1403
289 1650
290 364
290 463
290 795
290 859
290 978
290 1111
290 1157
290 1415
290 1449
290 1479
290 1763
290 1764
290 1812
291 1265
291 1606
291 1683
291 1952
292 351
292 802
292 850
292 1001
292 1236
293 431
293 818
293 1285
293 1700
293 1708
293 1974
294 654
294 725
294 1542
294 1706
294 1783
294 1952
295 1089
295 1407
295 1768
295 1968
296 351
296 496
296 519
296 769
296 778
296 1058
296 1877
297 310
297 464
297 483
297 932
297 1207
297 1388
297 1661
298 418
298 592
298 1435
298 1925
299 591
299 618
299 651
299 1113
299 1137
299 1529
300 640
300 1061
300 1211
300 1588
301 1083
301 1086
302 595
302 706
302 892
302 913
302 1097
302 1414
302 1861
303 355
303 539
303 592
303 1367
303 1391
303 1646
304 814
304 975
304 1095
304 1550
305 426
305 481
305 695
305 1073
305 1134
305 1199
305 1205
305 1381
305 1405
305 1548
305 1609
305 1665
305 1843
305 1960
306 334
306 855
306 906
306 1296
306 1338
306 1354
306 1653
306 1726
306 1900
307 1213
307 1829
307 1864
308 595
308 659
308 1182
308 1222
308 1280
308 1346
308 1436
308 1912
309 600
309 1498
309 1756
310 1143
310 1277
310 1684
310 1884
311 896
311 1197
311 1211
311 1240
311 1581
311 1699
311 1932
312 332
312 340
312 1747
313 485
313 944
313 1235
313 1542
313 1616
313 1635
314 485
314 669
314 1241
314 1810
314 1931
315 1166
315 1264
316 1383
316 1519
316 1765
317 965
317 1018
317 1100
317 1209
317 1239
317 1952
318 684
318 788
318 1974
319 1096
319 1569
319 1646
320 658
320 737
320 1129
320 1213
320 1300
320 1614
320 1884
321 559
321 1014
321 1662
321 1883
322 636
322 790
322 1181
322 1434
323 412
323 984
323 1253
323 1760
324 469
324 491
324 848
324 1129
324 1635
324 1762
324 1779
325 733
325 775
325 845
325 1052
325 1058
325 1322
326 453
326 679
326 1240
326 1373
326 1468
327 340
327 756
327 958
327 1048
327 1400
327 1481
327 1656
328 340
328 387
328 857
328 1137
328 1175
328 1844
329 912
329 962
329 1734
330 451
330 853
330 994
330 1124
330 1230
331 1330
331 1385
331 1689
331 1807
332 352
332 453
332 517
332 666
332 671
332 1121
332 1217
332 1494
332 1869
333 454
333 605
333 1311
333 1428
333 1502
333 1917
333 1944
334 818
334 948
334 1701
335 898
335 1401
335 1461
335 1611
336 414
336 418
336 1674
337 1449
338 921
338 1208
338 1808
339 621
339 1099
339 1531
339 1696
339 1773
339 1984
340 516
340 600
340 1199
341 463
341 474
341 574
341 1123
341 1237
341 1371
341 1500
341 1684
341 1686
341 1719
341 1789
342 1267
342 1395
342 1688
343 503
343 964
343 1205
343 1615
344 502
344 632
344 648
344 703
344 963
344 1027
344 1044
344 1262
344 1375
344 1483
344 1839
344 1895
345 372
345 417
345 1942
346 801
346 1402
346 1513
346 1634
346 1649
346 1668
346 1830
347 517
347 554
347 1028
347 1729
347 1765
348 1081
348 1083
348 1206
348 1289
348 1333
349 590
349 1549
349 1825
349 1866
349 1931
350 411
350 779
350 813
350 1160
350 1429
351 749
351 1252
351 1673
351 1881
352 649
352 724
352 832
352 896
352 1824
352 1978
353 478
353 687
353 910
353 1392
353 1593
353 1787
353 1913
353 1968
354 519
354 561
354 579
354 824
354 905
354 928
354 992
354 1256
355 736
355 742
355 833
355 1440
355 1635
356 638
356 1397
357 526
357 683
357 727
357 892
357 966
357 1140
357 1620
358 544
358 935
358 1063
358 1930
359 731
359 870
359 1019
359 1306
359 1535
360 377
360 408
360 1065
360 1247
361 693
361 989
361 1060
361 1290
361 1410
361 1826
361 1984
362 597
362 1833
363 975
363 1475
363 1612
364 707
364 736
364 739
364 834
364 1051
364 1458
365 657
365 1253
366 838
366 1279
366 1443
367 427
367 480
367 1680
367 1767
368 384
368 684
368 1344
368 1528
369 789
370 519
370 581
370 780
370 859
370 907
370 1198
370 1321
370 1834
370 1993
371 589
371 1002
371 1455
371 1706
371 1723
372 954
372 1084
372 1245
372 1293
372 1357
372 1391
372 1856
373 813
373 1272
373 1329
373 1658
373 1877
374 800
374 879
374 965
374 1436
374 1468
375 487
375 560
375 777
376 643
376 887
376 1202
376 1241
376 1458
376 1642
377 460
377 693
377 931
377 998
377 1173
377 1588
377 1995
378 1152
378 1654
378 1673
378 1758
378 1769
379 500
379 751
379 1027
379 1136
379 1292
379 1408
379 1523
379 1798
380 639
380 887
380 1728
381 686
381 1612
382 1050
382 1645
382 1705
383 561
383 803
383 1079
383 1431
383 1651
384 435
384 612
384 1049
384 1162
384 1238
384 1929
384 1972
385 594
385 651
385 842
385 1039
385 1852
386 1286
386 1309
386 1428
386 1654
386 1816
386 1818
387 954
387 1621
387 1874
387 1995
388 1192
388 1278
388 1302
389 398
389 553
389 559
389 614
389 652
389 735
389 1412
389 1681
390 413
390 1495
390 1529
390 1553
390 1642
390 1714
391 664
391 1460
391 1771
392 440
392 1312
392 1365
392 1937
393 556
393 771
393 854
393 1308
393 1363
393 1687
393 1929
393 1949
394 423
394 631
394 768
394 1141
394 1741
394 1784
394 1834
394 1937
395 449
395 1057
395 1160
395 1614
395 1981
396 484
396 525
396 1248
396 1333
396 1481
396 1484
396 1699
397 477
397 552
397 1676
397 1867
398 862
398 963
398 1126
398 1222
398 1518
398 1804
399 596
399 767
399 1042
399 1619
399 1987
400 521
400 720
400 743
400 769
400 1038
400 1243
400 1876
401 1530
402 441
402 859
402 876
403 605
403 1400
403 1424
403 1533
403 1635
403 1684
403 1849
404 805
404 1124
404 1450
404 1824
405 839
405 955
405 1062
405 1256
405 1404
405 1438
405 1637
405 1835
406 789
406 1649
407 697
407 1367
407 1488
407 1592
407 1968
408 521
408 829
408 1764
408 1962
409 672
409 722
409 836
409 851
409 1109
409 1136
409 1162
409 1327
409 1418
409 1586
409 1746
410 952
410 1075
410 1658
410 1659
411 921
411 924
411 1146
411 1450
411 1742
411 1762
411 1841
411 1955
412 428
412 940
412 1180
412 1980
413 607
413 1099
413 1155
413 1746
413 1872
414 999
414 1159
414 1235
414 1282
414 1530
414 1641
415 540
415 702
415 945
416 600
416 1017
416 1075
416 1205
416 1853
417 425
417 431
417 900
417 1516
417 1832
418 770
418 1111
418 1394
418 1634
419 653
419 1214
419 1334
419 1644
419 1808
419 1867
420 1079
420 1227
420 1582
420 1604
421 1056
421 1208
421 1519
422 508
422 1016
422 1272
422 1367
422 1448
422 1539
422 1855
423 871
423 1254
424 457
424 491
424 712
424 746
424 1653
425 859
425 1362
425 1721
425 1889
426 728
426 769
426 901
427 563
427 769
427 1414
427 1557
427 1613
427 1632
427 1954
428 1969
429 460
429 532
429 762
429 1246
429 1561
429 1574
429 1626
429 1702
430 605
430 955
430 990
430 1134
430 1230
430 1951
431 493
431 578
431 686
431 1236
431 1604
431 1859
432 598
432 866
432 1035
432 1037
432 1138
432 1963
433 691
433 859
433 1719
433 1800
434 864
434 971
434 1049
434 1086
434 1441
435 1068
435 1728
435 1993
436 467
436 1444
436 1829
436 1878
436 1899
437 758
437 1507
437 1649
438 558
438 974
438 1008
438 1122
438 1344
438 1474
438 1488
439 988
439 1264
439 1405
440 1776
441 844
441 1158
441 1297
441 1434
442 529
442 711
442 975
442 1084
442 1212
443 460
443 622
443 759
443 1170
443 1619
443 1629
444 513
444 564
444 958
444 1504
444 1972
445 649
445 667
445 1072
445 1221
445 1257
445 1408
445 1974
446 794
446 979
446 1152
446 1633
446 1854
447 568
447 716
447 749
447 1356
447 1677
447 1685
447 1996
448 661
448 864
448 1251
448 1287
448 1390
449 740
449 1353
449 1513
449 1558
449 1853
449 1983
449 1985
450 595
450 819
450 895
450 976
450 1554
450 1633
450 1812
451 950
451 992
451 1022
451 1140
452 485
452 692
452 961
452 1356
452 1364
452 1852
452 1997
453 727
453 855
453 1453
453 1608
453 1616
454 652
454 985
454 1028
454 1259
454 1601
454 1916
454 1952
455 1560
455 1980
456 1713
456 1738
456 1851
457 458
457 854
457 1545
458 592
458 653
458 660
458 916
458 1009
458 1033
458 1085
458 1680
460 710
460 763
460 1193
460 1786
461 789
461 939
461 1842
461 1868
462 1464
462 1557
462 1595
462 1681
462 1882
463 777
463 816
463 846
463 1655
463 1887
464 808
464 1420
465 551
465 697
465 752
465 1008
465 1309
465 1518
465 1735
465 1844
466 631
466 666
466 779
466 1464
466 1587
467 606
467 841
467 1042
467 1105
467 1149
467 1814
468 1023
468 1174
468 1278
468 1364
468 1623
469 1110
469 1407
470 495
470 652
470 668
470 822
470 852
470 1563
470 1576
470 1846
471 826
471 1026
471 1729
471 1744
472 512
472 545
472 587
472 647
472 1055
472 1533
473 1969
474 1537
474 1680
474 1778
475 476
475 791
475 1101
475 1234
475 1569
475 1709
475 1864
475 1898
476 1323
476 1569
476 1639
476 1709
477 666
477 1715
477 1888
478 611
478 932
478 1350
478 1469
478 1490
479 614
479 1103
479 1365
479 1475
479 1616
479 1808
480 898
480 1052
480 1068
480 1809
480 1985
481 1648
481 1811
482 500
482 524
482 535
482 779
482 916
482 976
482 1034
482 1169
482 1238
482 1733
482 1959
483 932
483 1002
483 1606
483 1752
484 1381
484 1442
484 1713
485 619
485 950
485 1220
485 1475
485 1506
485 1520
485 1969
486 1670
486 1739
486 1951
487 541
487 1033
487 1255
488 667
488 1081
488 1167
488 1171
488 1413
488 1536
488 1708
489 524
489 532
489 806
489 1263
489 1350
489 1833
490 840
490 1338
490 1674
490 1815
490 1915
491 498
491 504
491 997
491 1099
491 1296
491 1338
492 949
492 953
492 1071
492 1750
493 1170
493 1638
493 1693
493 1945
494 779
494 1085
494 1239
494 1347
494 1381
494 1536
494 1980
495 911
496 1013
496 1340
496 1859
496 1924
497 1767
497 1816
497 1951
498 518
498 920
499 552
499 742
499 858
499 1335
499 1434
499 1441
499 1525
499 1526
500 716
500 748
500 772
500 835
500 912
500 1162
501 1135
501 1248
501 1353
501 1423
501 1510
501 1692
502 1129
502 1214
502 1488
502 1817
503 508
503 1138
503 1933
504 581
504 1069
504 1175
505 614
505 701
505 840
505 1154
506 1074
506 1094
506 1854
507 1400
507 1557
507 1621
508 880
508 928
508 943
508 1373
508 1504
508 1756
508 1791
509 915
509 1201
510 611
510 674
510 912
510 1154
510 1894
510 1983
511 544
511 842
511 1972
512 631
512 734
512 839
512 922
512 1098
512 1256
512 1294
512 1423
512 1693
513 716
513 1432
513 1624
513 1713
513 1760
513 1834
513 1851
513 1898
514 730
514 909
514 1844
514 1872
515 1263
515 1537
516 569
516 591
516 979
516 1806
517 685
517 1284
517 1369
517 1484
517 1833
518 562
518 906
518 971
518 1196
518 1498
519 550
519 816
519 1199
520 1021
520 1261
520 1632
521 622
521 669
521 743
521 1946
522 982
522 1046
522 1137
522 1249
522 1701
522 1948
523 549
523 953
523 1134
524 929
525 579
525 1066
526 540
526 796
526 799
526 1223
526 1484
526 1510
526 1586
526 1922
527 537
527 940
527 984
527 1181
527 1478
527 1718
528 923
528 1286
528 1423
528 1460
529 541
529 692
529 740
529 1331
529 1637
529 1809
530 1277
530 1513
530 1755
531 676
531 1506
531 1592
531 1706
532 611
532 770
532 1091
532 1245
532 1303
532 1908
533 1170
533 1840
534 989
534 1120
534 1998
535 923
535 1278
535 1442
535 1743
536 598
536 1197
537 1994
538 919
538 944
538 1897
539 1307
540 614
540 887
540 1622
540 1832
541 1225
541 1272
542 948
542 1550
543 867
543 1053
543 1145
543 1334
543 1958
544 670
544 809
544 1161
544 1316
544 1432
544 1684
545 1519
545 1879
545 1965
546 1219
546 1239
547 1099
547 1205
547 1323
547 1882
548 905
548 1564
548 1732
548 1755
549 692
549 1426
549 1796
549 1800
550 855
550 1727
551 735
551 1016
551 1442
551 1445
551 1572
551 1689
551 1934
552 688
552 749
552 1013
552 1296
552 1692
552 1728
553 868
553 1078
553 1103
553 1230
553 1325
553 1370
553 1390
553 1413
554 1125
554 1301
554 1482
554 1536
554 1759
555 790
555 1003
555 1311
555 1454
555 1565
555 1752
556 1299
557 1097
557 1143
557 1277
557 1685
558 1812
559 1278
560 677
560 1058
560 1455
560 1533
560 1535
561 733
561 867
561 1404
562 985
562 1156
562 1175
562 1210
562 1301
562 1433
562 1489
562 1572
562 1589
562 1611
562 1843
562 1906
563 695
563 1527
563 1551
563 1571
563 1891
564 1504
564 1671
565 936
565 1699
565 1950
566 664
566 714
566 722
566 1019
566 1374
567 1214
567 1867
568 581
568 618
568 991
568 1347
568 1509
568 1605
568 1743
569 1643
569 1649
570 769
570 1181
570 1348
570 1523
570 1533
570 1953
571 1429
571 1741
572 604
572 638
572 1004
572 1209
572 1591
572 1742
572 1893
573 697
573 880
573 895
574 1409
574 1486
574 1680
574 1845
575 862
575 1111
575 1203
575 1709
575 1986
575 1995
576 623
576 962
576 1111
576 1480
576 1560
577 990
577 1670
578 1371
579 593
579 1496
579 1697
579 1762
580 593
580 826
580 1238
580 1665
580 1733
580 1824
581 635
581 1009
581 1639
582 827
582 1683
582 1722
582 1745
583 914
584 1195
584 1532
585 956
585 1498
586 1539
586 1607
586 1785
586 1796
586 1882
587 643
587 807
587 877
587 1013
587 1613
588 613
588 1033
588 1195
588 1441
589 720
589 732
589 1744
590 981
590 1543
591 1510
591 1564
592 997
592 1209
592 1354
592 1671
593 633
593 1045
593 1618
593 1716
593 1742
594 883
594 971
594 1279
594 1648
595 609
595 1193
595 1363
595 1628
596 659
596 843
596 1209
596 1711
597 656
597 838
597 899
597 981
597 988
597 1206
597 1408
597 1688
598 797
598 853
598 1534
598 1730
598 1960
599 676
599 724
599 956
599 1573
600 801
600 1438
601 1479
601 1526
601 1601
602 844
602 1710
602 1777
603 852
603 875
603 935
603 1013
603 1532
604 633
604 778
604 883
604 1220
604 1620
604 1817
605 735
605 778
606 1077
607 658
607 1193
607 1206
607 1338
607 1435
607 1519
607 1879
608 730
608 1142
608 1174
608 1564
608 1637
609 1171
609 1501
609 1596
610 1093
610 1762
611 777
612 1021
612 1073
612 1180
612 1235
613 618
613 1998
614 931
614 1623
614 1738
614 1930
614 1935
615 917
615 1883
616 1049
616 1106
616 1384
616 1725
616 1738
617 794
617 1108
617 1136
617 1566
617 1674
618 758
618 1109
618 1118
618 1532
619 1091
619 1179
619 1334
619 1386
619 1698
619 1712
620 1194
620 1253
620 1685
621 1083
621 1263
622 1005
622 1107
622 1322
622 1334
622 1869
623 1223
623 1582
623 1960
624 948
624 1409
624 1631
625 1396
625 1448
625 1507
626 1030
626 1410
626 1529
626 1765
626 1872
627 1080
627 1186
627 1469
627 1595
628 1045
628 1152
628 1373
628 1601
628 1859
628 1895
628 1971
629 708
629 1015
629 1247
629 1388
629 1733
630 1024
630 1505
630 1581
630 1734
630 1830
631 820
631 1177
631 1244
631 1325
631 1408
631 1522
631 1736
631 1908
632 1327
633 929
633 1556
633 1671
633 1855
634 1059
634 1520
634 1637
635 738
635 1618
635 1847
635 1897
636 830
636 963
636 1262
636 1716
637 1141
637 1188
637 1226
637 1281
637 1414
637 1465
637 1883
637 1892
638 735
638 1078
638 1920
640 1222
641 1119
641 1642
641 1852
642 663
642 719
642 873
642 1242
642 1793
642 1901
643 792
643 795
643 959
643 1017
643 1034
643 1295
643 1431
644 661
644 724
644 881
644 1122
644 1253
644 1554
645 738
645 1047
645 1140
645 1264
645 1846
645 1858
645 1986
646 712
646 735
646 772
646 1161
647 773
647 1243
647 1446
647 1448
647 1573
648 826
648 1399
648 1585
649 1092
649 1330
650 1112
650 1189
650 1686
650 1769
650 1926
651 878
651 1135
651 1381
651 1767
652 662
652 744
652 775
652 1989
653 895
653 1337
653 1595
653 1815
653 1896
654 838
654 914
654 1018
654 1452
654 1799
654 1889
655 737
655 1876
656 765
656 860
656 1123
656 1288
656 1318
656 1325
656 1503
656 1821
657 723
657 754
657 886
657 921
657 1351
657 1535
658 685
658 699
658 804
658 1377
658 1794
658 1864
659 678
659 699
659 1147
659 1638
659 1689
660 1069
660 1494
661 849
661 862
661 909
661 923
661 1116
661 1143
661 1507
661 1979
662 723
662 808
662 1326
662 1568
663 734
663 782
663 873
663 946
663 1082
663 1098
663 1279
663 1290
663 1587
664 962
664 1532
664 1599
664 1765
665 687
666 1294
666 1363
666 1875
667 1064
667 1678
667 1901
668 987
668 1717
669 702
669 951
669 1841
670 799
670 1114
670 1164
670 1281
670 1610
671 1028
671 1035
671 1139
671 1202
671 1234
671 1406
672 916
672 920
672 1160
672 1818
672 1966
673 897
673 984
673 1335
673 1342
673 1369
674 828
674 1460
674 1487
674 1643
674 1889
675 1329
675 1415
675 1635
676 1084
676 1492
676 1713
676 1995
677 865
677 1651
678 745
678 1266
678 1517
678 1567
678 1699
678 1842
679 1011
679 1412
679 1971
680 958
680 1414
680 1701
680 1715
681 1155
681 1158
681 1569
682 1371
682 1505
682 1621
682 1891
683 1327
683 1376
683 1544
683 1580
683 1673
683 1750
683 1869
683 1912
684 891
684 1846
685 803
685 1409
686 911
686 1038
686 1779
687 766
687 927
687 959
687 1473
687 1673
687 1834
687 1951
688 1086
688 1717
688 1975
689 984
689 1157
690 1371
690 1781
691 992
691 1384
691 1671
692 730
692 1258
692 1422
692 1779
693 929
693 1119
693 1221
693 1284
693 1381
694 711
694 734
694 1145
694 1294
694 1628
695 840
695 1356
695 1403
696 1884
697 817
697 1756
698 1274
698 1531
698 1943
699 999
699 1018
699 1616
700 824
700 999
700 1336
700 1680
700 1708
700 1765
701 706
701 931
701 991
701 1014
701 1304
701 1481
701 1497
701 1635
702 1277
702 1549
702 1638
702 1684
703 1204
703 1417
703 1812
704 871
704 1057
704 1171
704 1385
704 1428
704 1961
705 807
705 960
705 1563
705 1705
705 1949
706 1021
707 1149
707 1522
708 753
708 977
708 1184
708 1449
709 1129
709 1866
709 1887
710 773
710 1049
710 1067
710 1213
710 1506
710 1584
710 1958
711 757
711 1955
712 1055
712 1229
712 1530
713 743
713 777
713 999
714 1496
714 1561
714 1754
715 815
715 865
715 1003
715 1051
716 1485
716 1726
716 1745
716 1757
717 965
717 1534
717 1812
718 1102
718 1213
718 1373
718 1458
718 1474
718 1553
718 1614
718 1617
719 1619
720 1288
720 1313
720 1588
720 1890
721 1182
721 1238
721 1427
721 1516
722 769
722 1389
723 1340
723 1353
723 1744
723 1914
723 1934
724 843
724 1506
724 1777
724 1961
724 1976
725 823
725 891
725 1047
725 1283
725 1617
725 1678
725 1719
726 914
726 1235
726 1586
726 1835
727 775
727 845
727 1102
727 1297
727 1490
727 1689
727 1970
728 746
728 915
728 1314
728 1405
728 1625
729 910
729 1085
729 1941
730 994
730 1441
730 1459
730 1478
730 1621
730 1728
730 1921
731 788
731 991
731 1078
731 1105
731 1318
732 747
732 920
732 1038
732 1260
733 946
733 955
733 1084
733 1719
734 1041
734 1078
734 1445
734 1558
735 1694
736 1018
736 1047
736 1716
737 832
737 1004
737 1069
737 1189
737 1405
737 1476
737 1720
738 1452
738 1559
738 1579
739 808
739 1061
739 1415
739 1478
739 1484
739 1844
740 806
740 1033
740 1186
740 1239
740 1523
740 1597
741 743
741 965
741 989
741 1671
741 1756
742 979
742 1139
743 890
743 901
743 988
743 1770
743 1824
744 917
744 1861
745 874
745 1058
745 1600
745 1902
746 779
746 1415
746 1512
746 1740
747 804
747 1401
748 1057
748 1088
748 1156
748 1637
748 1978
748 1985
749 832
749 1024
749 1164
749 1386
749 1689
750 809
750 844
750 917
750 999
750 1518
750 1552
751 1120
751 1804
752 1003
752 1048
752 1319
752 1478
752 1509
752 1799
753 1305
753 1782
753 1903
753 1909
755 825
755 1127
755 1241
756 865
756 871
756 1543
756 1913
757 761
757 797
757 1005
757 1141
757 1526
757 1559
757 1850
757 1881
757 1971
758 1412
758 1754
759 980
759 1703
759 1898
760 1165
760 1502
760 1563
760 1588
760 1727
760 1749
761 896
761 1153
761 1607
761 1712
762 768
762 813
762 1094
762 1132
762 1214
763 857
763 889
763 911
763 964
763 966
764 799
764 976
764 1151
764 1376
764 1729
765 930
765 1186
766 1201
766 1334
766 1538
766 1813
766 1872
767 825
767 1269
767 1589
768 874
768 1372
768 1923
769 845
769 962
769 1325
770 839
770 1187
771 779
771 1294
771 1539
771 1934
772 1245
772 1446
772 1512
772 1986
773 865
773 1570
774 1296
774 1415
774 1494
774 1578
775 1450
775 1753
776 1165
776 1909
777 1761
777 1899
778 1162
778 1271
778 1722
778 1909
779 1420
779 1486
779 1920
780 1173
780 1537
780 1991
781 1611
781 1850
782 857
782 1082
782 1145
782 1157
782 1279
782 1342
782 1505
782 1967
783 983
783 1758
784 1419
785 1245
785 1396
785 1926
786 797
786 826
786 842
786 1470
787 1138
787 1726
787 1774
787 1910
788 1344
788 1515
788 1891
789 1651
789 1727
790 832
790 991
790 1305
791 1212
791 1235
791 1451
791 1491
791 1576
791 1717
792 1195
793 1132
793 1145
793 1732
794 1120
794 1244
794 1449
794 1528
794 1630
794 1982
795 1026
795 1084
795 1646
796 1291
796 1302
797 953
797 1496
797 1844
798 1143
798 1328
799 1149
799 1213
800 922
800 1060
800 1301
800 1353
800 1543
800 1656
801 836
801 1131
801 1574
801 1878
802 1171
802 1721
803 1144
803 1356
803 1588
803 1684
803 1891
804 884
804 1134
804 1147
805 974
805 1081
805 1713
805 1828
805 1998
806 918
806 1155
806 1311
806 1573
806 1752
807 946
807 981
807 1690
807 1779
808 1592
808 1954
809 818
809 1354
809 1644
809 1705
809 1712
809 1846
810 1065
810 1518
810 1681
811 1098
812 875
812 1419
812 1725
813 1040
813 1512
814 822
814 880
814 968
814 1547
815 1405
816 1153
816 1596
817 842
817 1228
817 1377
817 1872
817 1895
818 999
818 1168
818 1199
818 1539
818 1660
818 1901
818 1972
819 1093
819 1282
820 909
820 925
820 1333
820 1538
821 868
821 1524
821 1674
821 1954
822 1662
822 1748
823 883
823 948
823 1014
823 1726
823 1855
824 826
824 1157
824 1349
824 1951
825 1024
825 1524
825 1771
825 1971
826 999
826 1276
826 1479
827 1138
827 1146
827 1987
828 1683
828 1742
828 1745
828 1748
828 1767
829 933
829 1257
829 1889
830 1117
830 1344
830 1566
830 1831
830 1924
831 1023
831 1484
831 1585
833 961
833 1341
833 1723
834 1160
834 1728
834 1949
835 887
835 1217
835 1495
835 1668
836 1511
836 1726
836 1797
836 1865
837 1779
838 1165
838 1357
838 1475
838 1642
838 1728
838 1930
839 1182
839 1252
839 1574
839 1640
839 1652
839 1699
840 1080
840 1185
840 1248
840 1397
840 1585
840 1939
841 1285
841 1320
841 1665
842 1223
842 1564
842 1585
842 1738
842 1741
843 1006
843 1243
844 984
844 1218
844 1376
844 1453
844 1682
845 1202
845 1282
846 1678
846 1903
847 855
847 1564
847 1623
848 1073
848 1179
848 1539
848 1586
848 1772
848 1775
848 1869
849 1611
849 1654
849 1674
850 1786
850 1887
851 1364
852 1710
853 1266
853 1507
854 982
854 1107
854 1399
854 1661
854 1809
854 1925
855 1306
855 1375
855 1420
855 1718
855 1884
857 1197
857 1595
858 1259
858 1389
858 1413
858 1585
858 1840
859 1007
859 1652
860 1378
860 1981
861 1043
861 1319
861 1481
862 1115
862 1120
862 1908
863 919
863 1196
863 1326
863 1901
864 1023
864 1386
864 1404
864 1575
864 1896
866 1170
866 1206
866 1584
866 1674
867 934
867 997
867 1183
867 1425
867 1559
867 1947
867 1989
868 1764
869 872
869 939
869 1248
869 1323
869 1930
870 929
871 927
871 978
871 1442
872 1057
872 1119
872 1294
872 1588
872 1676
873 1438
873 1701
873 1944
873 1958
874 1180
874 1863
875 1135
876 894
876 1003
876 1148
876 1157
876 1386
877 971
877 1064
877 1230
877 1931
878 1513
878 1595
878 1830
879 956
879 1124
879 1286
879 1465
879 1712
880 1917
881 1646
881 1909
882 1162
882 1302
882 1398
882 1402
883 1023
884 1611
884 1736
884 1863
885 1236
885 1674
885 1995
886 1539
886 1604
887 931
887 1194
887 1898
888 1069
888 1754
889 980
889 1630
889 1832
890 1165
890 1775
891 935
891 1166
891 1229
891 1572
891 1623
892 1042
892 1356
892 1502
892 1671
892 1825
892 1987
894 963
894 973
894 1050
894 1106
894 1198
894 1215
894 1385
894 1965
895 1327
895 1923
896 1106
896 1520
897 898
897 1259
897 1847
898 907
898 970
898 1225
899 1810
900 1327
900 1545
900 1656
900 1821
900 2000
901 989
901 1186
901 1197
901 1372
901 1698
902 965
902 1043
902 1451
902 1662
902 1733
902 1864
903 1156
903 1278
903 1548
903 1556
903 1962
903 1994
904 927
904 1050
904 1137
904 1209
904 1568
905 1309
905 1985
906 1053
906 1175
907 980
907 1162
907 1256
907 1699
908 1364
908 1668
909 1427
909 1499
909 1774
910 1079
910 1340
910 1525
911 918
911 992
911 1062
911 1580
911 1723
912 956
912 1326
912 1535
913 1146
913 1488
913 1975
914 1006
914 1031
914 1235
914 1278
914 1434
914 1536
915 927
915 1040
915 1437
915 1789
915 1846
916 1016
916 1149
916 1465
916 1580
917 1013
917 1468
917 1555
917 1953
918 1108
918 1732
919 1074
919 1099
919 1815
920 1287
920 1509
921 1556
921 1652
921 1686
922 986
922 1055
922 1219
922 1411
922 1455
922 1596
922 1671
922 1740
922 1751
922 1825
923 936
923 1517
923 1555
924 1036
924 1217
924 1494
924 1662
924 1718
924 1752
924 1805
926 1084
926 1174
926 1479
926 1810
927 1067
927 1189
927 1677
928 1617
928 1816
928 1874
928 1925
929 998
929 1081
929 1121
930 1212
930 1563
930 1930
931 1052
931 1471
931 1696
932 1094
932 1375
932 1897
933 1249
933 1613
934 1175
934 1676
935 1265
935 1485
935 1537
936 1428
937 1209
937 1244
937 1348
938 1602
938 1762
939 1655
940 1516
940 1562
940 1942
941 947
941 949
941 1002
941 1120
941 1245
941 1398
941 1992
942 1410
942 1651
943 997
943 1426
943 1693
944 1058
944 1884
945 1055
945 1056
945 1182
945 1441
946 1451
946 1981
947 1737
948 1237
948 1462
948 1833
948 1839
948 1983
948 1998
949 1728
949 1880
950 969
950 1021
950 1070
950 1139
950 1621
951 1015
951 1983
952 1750
952 1821
952 1983
953 1092
953 1965
954 1671
954 1900
954 1902
955 1039
955 1300
955 1405
955 1486
955 1981
956 1035
956 1555
956 1726
956 1896
957 959
957 1427
958 1013
958 1359
959 1605
960 1415
960 1600
960 1797
961 1229
961 1295
961 1379
961 1962
962 1147
962 1848
963 1040
963 1834
964 1075
964 1174
964 1191
964 1570
965 1382
965 1536
966 1053
966 1522
966 1586
967 1074
967 1297
968 1040
968 1235
968 1924
969 1294
970 1494
970 1641
970 1989
971 1008
971 1016
971 1307
972 1220
972 1296
972 1732
972 1790
972 1939
972 1976
973 1480
973 1540
973 1651
973 1893
974 1332
974 1566
974 1640
975 1242
975 1706
976 1801
976 1808
976 1838
976 1996
977 1117
977 1321
977 1424
977 1437
977 1609
977 1720
977 1749
978 1150
978 1456
978 1822
979 1046
979 1236
979 1973
980 1086
980 1908
981 1066
982 1244
982 1950
983 1229
983 1435
983 1508
984 1088
984 1888
984 1910
985 1050
985 1756
986 1022
986 1234
986 1381
986 1994
988 1277
989 1175
989 1194
989 1695
989 1882
990 1556
990 1596
990 1722
990 1940
990 1991
991 1075
993 1976
993 1978
994 1534
994 1847
995 1013
995 1084
995 1098
995 1635
996 1145
996 1390
996 1538
996 1804
997 1353
997 1390
997 1850
997 1990
998 1439
998 1457
998 1652
998 1787
999 1216
999 1704
1000 1434
1000 1547
1000 1912
1001 1015
1001 1237
1001 1357
1001 1403
1002 1304
1003 1773
1003 1878
1003 1918
1004 1173
1004 1412
1004 1652
1005 1163
1005 1582
1005 1809
1005 1913
1005 1935
1006 1010
1006 1347
1006 1878
1007 1013
1007 1709
1007 1793
1007 1943
1008 1654
1009 1644
1010 1227
1010 1308
1010 1353
1010 1572
1010 1669
1010 1787
1011 1310
1011 1400
1012 1083
1012 1231
1012 1478
1012 1506
1012 1692
1012 1983
1013 1300
1013 1344
1014 1166
1014 1306
1014 1556
1014 1844
1015 1387
1015 1877
1016 1246
1016 1368
1016 1619
1016 1794
1017 1753
1017 1967
1018 1165
1018 1331
1018 1740
1018 1774
1018 1824
1018 1974
1019 1615
1020 1088
1020 1363
1020 1560
1020 1669
1021 1128
1021 1196
1021 1407
1021 1628
1022 1248
1023 1798
1023 1898
1023 1976
1025 1663
1026 1043
1026 1187
1026 1403
1026 1710
1027 1192
1027 1518
1027 1759
1027 1855
1028 1716
1028 1812
1029 1222
1029 1311
1029 1495
1029 1684
1030 1497
1030 1892
1031 1147
1032 1037
1032 1098
1032 1208
1032 1710
1032 1854
1032 1939
1033 1214
1033 1443
1033 1633
1034 1068
1034 1116
1034 1972
1035 1161
1035 1233
1035 1452
1035 1544
1035 1670
1036 1684
1037 1419
1037 1460
1037 1678
1037 1886
1038 1265
1038 1684
1038 1697
1039 1043
1039 1626
1039 1719
1039 1886
1040 1371
1040 1588
1041 1963
1042 1050
1042 1447
1042 1662
1042 1902
1043 1127
1043 1290
1043 1298
1043 1923
1044 1046
1044 1124
1044 1202
1044 1770
1044 1868
1045 1605
1046 1399
1046 1445
1046 1489
1046 1676
1046 1682
1046 1720
1047 1191
1047 1325
1047 1450
1047 1905
1048 1529
1048 1552
1049 1180
1049 1359
1049 1406
1049 1670
1049 1893
1050 1414
1050 1936
1051 1364
1051 1458
1051 1562
1051 1687
1051 1832
1052 1453
1052 1568
1053 1068
1053 1931
1053 1969
1054 1468
1055 1260
1055 1948
1056 1219
1056 1522
1056 1713
1057 1581
1057 1820
1057 1898
1058 1492
1058 1599
1058 1799
1058 1867
1058 1948
1059 1661
1059 1748
1059 1850
1060 1214
1060 1665
1060 1835
1061 1252
1061 1403
1061 1418
1061 1459
1061 1708
1061 1744
1061 1849
1061 1854
1062 1453
1063 1120
1064 1147
1064 1384
1064 1526
1065 1670
1066 1163
1066 1713
1066 1818
1066 1992
1067 1152
1067 1385
1067 1854
1068 1433
1068 1465
1068 1904
1068 1932
1070 1308
1070 1529
1070 1973
1071 1211
1071 1993
1073 1302
1073 1502
1074 1265
1074 1567
1074 1612
1074 1726
1074 2000
1075 1516
1075 1866
1075 1888
1075 1971
1077 1183
1078 1264
1078 1274
1078 1559
1078 1740
1078 1933
1079 1139
1079 1357
1079 1452
1080 1428
1080 1452
1080 1709
1080 1834
1081 1526
1082 1090
1082 1397
1082 1604
1083 1865
1084 1237
1084 1749
1084 1961
1085 1233
1086 1240
1086 1299
1086 1514
1086 1843
1086 1971
1087 1869
1089 1251
1089 1679
1089 1694
1089 1718
1089 1887
1089 1923
1089 1947
1089 1987
1090 1597
1090 1613
1090 1851
1091 1222
1091 1505
1092 1105
1093 1172
1093 1215
1093 1953
1094 1363
1094 1444
1094 1568
1094 1673
1094 1809
1094 1888
1095 1572
1095 1911
1096 1124
1096 1509
1096 1556
1096 1684
1096 1872
1097 1144
1097 1194
1097 1243
1097 1454
1098 1143
1098 1978
1099 1349
1099 1727
1100 1161
1100 1213
1100 1304
1100 1393
1100 1533
1100 1893
1101 1754
1101 1872
1102 1207
1102 1544
1103 1271
1103 1581
1103 1694
1104 1184
1104 1246
1104 1394
1105 1276
1105 1357
1106 1201
1106 1494
1106 1650
1106 1937
1106 1946
1107 1358
1107 1789
1108 1111
1108 1222
1108 1877
1109 1567
1109 1730
1109 1857
1110 1562
1111 1171
1111 1381
1111 1840
1112 1803
1112 1829
1112 1940
1113 1459
1113 1534
1113 1620
1114 1177
1114 1477
1114 1505
1114 1906
1115 1399
1117 1531
1117 1582
1117 1668
1118 1680
1118 1844
1119 1890
1120 1219
1120 1372
1121 1440
1121 1559
1121 1726
1122 1269
1122 1506
1123 1145
1123 1528
1123 1743
1123 1855
1124 1239
1124 1256
1124 1308
1124 1372
1124 1753
1125 1199
1125 1273
1125 1535
1125 1605
1125 1832
1126 1304
1126 1504
1126 1734
1126 1803
1126 1981
1127 1135
1127 1277
1127 1746
1127 1977
1128 1581
1129 1346
1129 1458
1129 1992
1130 1540
1130 1620
1131 1251
1131 1349
1132 1405
1134 1270
1134 1459
1134 1756
1134 1812
1135 1186
1135 1293
1136 1413
1136 1657
1137 1231
1137 1250
1137 1494
1137 1559
1137 1693
1137 1788
1138 1560
1138 1564
1138 1711
1139 1773
1140 1210
1140 1479
1140 1742
1141 1310
1141 1434
1141 1760
1142 1346
1142 1686
1143 1328
1143 1339
1143 1368
1143 1571
1143 1894
1144 1685
1144 1838
1145 1512
1145 1664
1146 1574
1147 1528
1148 1265
1148 1611
1148 1729
1149 1179
1149 1223
1149 1606
1150 1494
1150 1538
1150 1669
1150 1780
1151 1156
1151 1166
1151 1625
1151 1658
1151 1855
1153 1437
1153 1960
1153 1983
1154 1441
1155 1293
1156 1334
1156 1405
1156 1467
1156 1640
1156 1883
1157 1169
1157 1278
1157 1312
1157 1608
1157 1664
1158 1161
1158 1525
1158 1545
1160 1397
1161 1444
1161 1474
1161 1498
1161 1621
1161 1687
1161 1740
1162 1768
1162 1857
1162 1960
1163 1267
1164 1414
1164 1845
1165 1397
1165 1668
1166 1424
1166 1523
1166 1527
1166 1664
1166 1812
1167 1186
1167 1450
1167 1769
1168 1411
1168 1449
1168 1543
1168 1681
1168 1893
1169 1413
1170 1964
1171 1510
1171 1520
1172 1907
1173 1403
1173 1845
1174 1325
1174 1390
1174 1572
1174 1909
1175 1331
1175 1344
1175 1981
1176 1178
1176 1502
1177 1864
1178 1314
1178 1381
1178 1392
1178 1890
1179 1205
1179 1414
1179 1553
1179 1683
1179 1707
1179 1792
1180 1352
1180 1676
1182 1675
1182 1869
1183 1545
1183 1546
1183 1573
1183 1674
1183 1938
1183 2000
1184 1382
1184 1910
1185 1229
1185 1415
1185 1599
1185 1880
1185 1993
1187 1932
1187 1976
1188 1382
1188 1564
1188 1824
1188 1930
1189 1286
1189 1563
1189 1896
1190 1196
1190 1386
1190 1439
1191 1578
1191 1889
1192 1764
1192 1926
1193 1573
1193 1829
1193 1965
1194 1439
1194 1460
1194 1784
1194 1786
1194 1854
1195 1506
1195 1891
1196 1249
1196 1416
1196 1475
1196 1657
1197 1451
1197 1858
1197 1974
1198 1393
1198 1616
1198 1667
1198 1718
1198 1750
1198 1843
1199 1409
1200 1481
1200 1870
1201 1283
1201 1329
1201 1435
1201 1760
1202 1291
1202 1471
1202 1473
1202 1643
1202 1963
1203 1489
1203 1653
1204 1281
1204 1358
1204 1395
1204 1664
1204 1933
1204 1993
1206 1452
1206 1536
1206 1639
1206 1808
1208 1213
1208 1643
1208 1752
1208 1966
1209 1635
1209 1661
1209 1892
1210 1416
1210 1911
1211 1388
1211 1547
1211 1565
1211 1778
1212 1659
1212 1683
1212 1895
1213 1375
1213 1483
1213 1603
1213 1845
1213 1889
1216 1492
1216 1956
1217 1361
1218 1590
1218 1613
1218 1663
1219 1249
1219 1345
1219 1821
1220 1489
1221 1617
1222 1406
1222 1686
1223 1548
1223 1895
1224 1227
1224 1551
1224 1655
1224 1672
1225 1967
1226 1387
1226 1552
1227 1267
1227 1341
1228 1412
1228 1749
1229 1406
1229 1878
1229 1890
1230 1485
1230 1740
1231 1282
1231 1698
1232 1295
1233 1279
1235 1327
1235 1482
1235 1858
1236 1305
1236 1512
1236 1727
1237 1316
1237 1768
1238 1948
1238 1970
1239 1507
1239 1825
1240 1803
1240 1912
1241 1650
1242 1844
1242 1869
1242 1942
1243 1444
1243 1821
1244 1530
1245 1354
1245 1454
1245 1488
1245 1667
1245 1682
1246 1265
1246 1393
1246 1935
1247 1392
1248 1328
1248 1571
1248 1750
1248 1833
1248 1861
1249 1470
1249 1902
1250 1414
1251 1575
1251 1649
1251 1751
1253 1412
1253 1852
1253 1983
1254 1536
1254 1729
1255 1318
1255 1502
1255 1688
1255 1934
1255 1939
1256 1383
1256 1721
1257 1452
1257 1789
1258 1397
1258 1752
1258 1783
1259 1323
1259 1603
1260 1388
1260 1792
1261 1320
1261 1576
1262 1408
1264 1426
1265 1442
1265 1443
1265 1853
1266 1471
1266 1570
1266 1669
1267 1680
1268 1389
1268 1542
1268 1656
1268 1841
1269 1978
1270 1747
1270 1860
1271 1580
1272 1474
1272 1957
1273 1347
1273 1402
1273 1441
1273 1865
1274 1294
1274 1811
1274 1872
1275 1279
1276 1553
1276 1827
1277 1564
1277 1687
1278 1334
1278 1515
1279 1360
1279 1934
1282 1963
1283 1410
1284 1705
1284 1791
1285 1434
1285 1704
1285 1970
1286 1287
1286 1819
1287 1473
1288 1307
1288 1812
1289 1470
1289 1901
1290 1319
1290 1481
1290 1745
1291 1683
1292 1694
1292 1697
1294 1648
1295 1679
1295 1940
1296 1660
1297 1784
1298 1354
1298 1376
1298 1418
1299 1475
1299 1697
1299 1740
1300 1819
1300 1928
1301 1318
1301 1513
1301 1770
1302 1636
1302 1714
1302 1865
1302 1931
1303 1687
1303 1943
1304 1863
1305 1501
1306 1435
1306 1947
1307 1335
1308 1839
1309 1311
1309 1354
1309 1579
1309 1815
1310 1318
1310 1403
1310 1730
1310 1823
1312 1484
1312 1638
1313 1583
1313 1628
1313 1874
1314 1599
1314 1660
1314 1771
1315 1477
1316 1515
1316 1773
1316 1873
1316 1932
1317 1417
1317 1520
1318 1894
1319 1388
1319 1618
1319 1677
1321 1693
1321 1982
1322 1709
1322 1759
1323 1758
1324 1345
1324 1539
1324 1564
1325 1909
1326 1347
1326 1592
1326 1769
1326 1791
1327 1336
1327 1678
1327 1713
1327 1821
1328 1908
1329 1430
1329 1735
1329 1945
1330 1437
1330 1817
1331 1332
1331 1765
1332 1524
1333 1925
1333 1964
1334 1552
1335 1341
1336 1440
1336 1631
1336 1691
1336 1695
1337 1991
1338 1713
1338 1888
1338 1977
1339 1934
1340 1412
1340 1660
1340 1877
1341 1640
1342 1636
1343 1522
1343 1757
1345 1946
1346 1421
1346 1440
1346 1605
1346 1786
1346 1816
1346 1903
1346 1944
1349 1405
1349 1433
1349 1476
1349 1518
1349 1607
1349 1807
1349 1950
1349 1985
1350 1507
1350 1704
1350 1997
1351 1687
1352 1742
1352 1842
1353 1503
1354 1393
1354 1788
1355 1373
1355 1407
1355 1461
1355 1944
1356 1839
1357 1553
1358 1846
1359 1688
1359 1690
1361 1551
1361 1897
1361 1905
1361 1970
1362 1444
1363 1445
1363 1993
1364 1757
1365 1506
1365 1622
1365 1706
1365 1884
1366 1658
1367 1462
1367 1721
1368 1394
1368 1869
1370 1501
1370 1895
1371 1658
1371 1734
1372 1453
1372 1969
1372 1978
1373 1400
1373 1782
1375 1689
1375 1834
1376 1464
1376 1599
1377 1582
1377 1601
1377 1631
1378 1663
1378 1782
1379 1708
1380 1394
1380 1612
1381 1606
1381 1688
1382 1516
1382 1806
1382 1814
1382 1957
1383 1586
1383 1597
1383 1672
1383 1754
1384 1513
1384 1770
1385 1774
1386 1572
1386 1774
1386 1994
1387 1657
1387 1792
1387 1842
1387 1991
1388 1981
1389 1688
1389 1895
1389 1929
1390 1449
1390 1580
1390 1581
1390 1744
1391 1654
1391 1743
1392 1429
1393 1582
1395 1526
1395 1677
1395 1968
1396 1596
1396 1794
1396 1990
1398 1489
1399 1637
1399 1687
1400 1469
1401 1825
1402 1693
1402 1738
1402 1830
1403 1770
1403 1837
1403 1925
1404 1480
1404 1730
1405 1853
1406 1411
1406 1417
1406 1710
1406 1761
1406 1958
1406 1996
1407 1717
1408 1414
1408 1887
1410 1851
1411 1779
1412 1637
1412 1944
1413 1626
1413 1731
1415 1558
1419 1432
1419 1509
1419 1651
1419 1756
1420 1497
1420 1841
1420 1870
1421 1476
1422 1570
1422 1656
1422 1782
1423 1996
1424 1484
1424 1781
1424 1813
1425 1465
1427 1844
1428 1573
1429 1600
1430 1818
1431 1916
1431 1948
1432 1477
1432 1534
1432 1669
1432 1908
1434 1950
1435 1674
1435 1896
1436 1671
1436 1988
1437 1455
1437 1947
1440 1542
1440 1820
1440 1922
1441 1651
1442 1677
1442 1980
1442 1987
1443 1852
1443 1952
1444 1701
1444 1775
1444 1844
1445 1598
1445 1669
1446 1531
1447 1575
1449 1756
1449 1769
1449 1875
1450 1780
1450 1972
1451 1452
1451 1806
1452 1713
1452 1898
1452 1926
1453 1656
1454 1538
1456 1481
1456 1661
1456 1689
1456 1887
1457 1760
1457 1966
1457 1998
1458 1509
1458 1652
1458 1857
1458 1858
1458 1891
1459 1476
1459 1748
1459 1985
1460 1528
1460 1539
1460 1548
1460 1563
1462 1690
1462 1782
1462 1827
1462 1855
1462 1880
1463 1623
1463 1720
1463 1841
1466 1881
1467 1499
1467 1598
1467 1973
1468 1848
1468 1908
1468 1953
1469 1828
1470 1725
1470 1893
1471 1539
1471 1841
1471 1882
1472 1531
1472 1864
1475 1511
1475 1544
1475 1957
1476 1480
1476 1712
1477 1605
1477 1661
1477 1930
1477 1943
1477 1993
1478 1749
1478 1785
1479 1826
1480 1560
1480 1682
1480 1971
1481 1489
1483 1571
1483 1582
1483 1727
1483 1772
1484 1817
1485 1564
1485 1990
1487 1847
1488 1519
1489 1652
1489 1683
1489 1726
1489 1768
1489 1972
1490 1743
1490 1820
1490 1849
1491 1493
1491 1547
1491 1589
1492 1558
1492 1751
1493 1718
1493 1836
1493 1911
1494 1589
1495 1559
1495 1572
1495 2000
1496 1912
1497 1556
1497 1807
1497 1845
1498 1791
1499 1907
1500 1598
1500 1878
1501 1920
1502 1597
1503 1522
1503 1545
1503 1904
1505 1762
1506 1672
1506 1871
1507 1606
1508 1668
1509 1698
1509 1844
1509 1888
1510 1976
1511 1789
1512 1851
1513 1533
1513 1854
1514 1927
1515 1696
1515 1824
1515 1853
1516 1641
1517 1583
1517 1863
1517 1969
1518 1773
1519 1680
1519 1768
1519 1822
1519 1841
1520 1663
1520 1845
1520 1887
1521 1992
1523 1666
1524 1776
1525 1565
1525 1763
1528 1975
1530 1628
1530 1698
1530 1931
1531 1879
1531 1882
1531 1981
1532 1561
1532 1759
1532 1846
1532 1850
1533 1674
1533 1778
1534 1889
1534 1985
1535 1861
1536 1657
1538 1571
1538 1624
1538 1772
1538 1797
1538 1869
1540 1784
1544 1936
1545 1746
1546 1623
1547 1749
1548 1661
1550 1828
1551 1564
1551 1713
1551 1821
1551 1917
1553 1931
1555 1796
1555 1834
1555 1871
1556 1620
1558 1656
1561 1848
1562 1818
1562 1822
1562 1861
1563 1608
1564 1578
1565 1595
1565 1640
1565 1895
1567 1785
1567 1915
1568 1895
1571 1590
1573 1646
1574 1624
1574 1844
1575 1938
1576 1678
1578 1955
1581 1664
1581 1847
1582 1733
1583 1634
1584 1589
1584 1849
1584 1999
1585 1651
1585 1673
1586 1813
1587 1839
1587 1845
1590 1843
1590 1990
1591 1693
1591 1919
1592 1626
1593 1762
1594 1982
1595 1762
1596 1672
1596 1722
1596 1760
1597 1911
1598 1738
1598 1794
1598 1888
1598 1985
1599 1934
1600 1776
1600 1854
1601 1666
1601 1668
1601 1977
1603 1742
1604 1620
1604 1787
1604 1874
1604 1916
1605 1718
1605 1841
1607 1682
1609 1783
1610 1972
1610 2000
1611 1612
1612 1735
1613 1944
1615 1688
1616 1966
1617 1908
1617 1969
1618 1733
1618 1748
1618 1895
1619 1783
1619 1979
1620 1888
1621 1623
1621 1723
1623 1912
1624 1628
1624 1665
1624 1743
1625 1726
1625 1734
1628 1980
1629 1825
1630 1791
1630 1929
1630 1947
1632 1812
1632 1895
1633 1833
1633 1921
1635 1648
1635 1992
1636 1647
1636 1834
1637 1694
1640 1825
1640 1860
1642 1890
1642 1906
1643 1692
1648 1902
1648 1917
1648 1936
1649 1727
1650 1915
1650 1947
1651 1697
1651 1821
1651 1833
1652 1932
1654 1788
1655 1680
1655 1697
1655 1825
1657 1803
1657 1962
1659 1770
1661 1790
1661 1895
1661 1938
1661 1955
1663 1717
1663 1950
1666 1930
1667 1953
1672 1888
1674 1785
1676 1721
1676 1764
1676 1814
1677 1844
1677 1939
1677 1982
1679 1708
1679 1769
1681 1691
1681 1704
1687 1839
1687 1973
1690 1856
1690 1984
1691 1836
1694 1904
1696 1865
1697 1994
1698 1891
1698 1921
1698 1961
1701 1842
1701 1922
1702 1859
1702 1869
1702 1885
1703 1924
1704 1860
1705 1828
1706 1749
1706 1781
1706 1832
1707 1869
1709 1958
1710 1948
1711 1860
1711 1901
1713 1736
1714 1960
1716 1946
1717 1933
1720 1998
1722 1758
1723 1762
1724 1810
1725 1925
1727 1984
1728 1732
1728 1944
1728 1989
1729 1978
1735 1765
1735 1893
1735 1994
1736 1958
1740 1974
1742 1842
1743 1904
1744 1965
1745 1954
1747 1785
1747 1911
1747 1917
1748 1777
1748 1870
1748 1894
1749 1847
1749 1849
1749 1910
1750 1849
1752 1960
1754 1760
1754 1856
1756 1848
1756 1953
1757 1985
1759 1760
1761 1888
1762 1873
1762 1898
1764 1852
1765 1829
1765 1990
1768 1897
1770 1937
1772 1775
1773 1859
1774 1962
1775 1904
1775 1978
1777 1885
1778 1901
1779 1883
1779 1930
1781 1855
1782 1941
1783 1946
1785 1892
1787 1837
1790 1899
1791 1902
1792 1922
1792 1979
1795 1979
1796 1960
1798 1944
1801 1824
1802 1913
1803 1855
1803 1891
1804 1894
1805 1991
1806 1809
1807 1837
1807 1873
1807 1930
1809 1975
1811 1845
1811 1878
1811 1889
1811 1982
1812 1834
1815 1988
1816 1923
1817 1861
1817 1888
1819 1846
1820 1884
1821 1941
1821 1995
1826 1946
1826 1984
1826 1993
1835 1856
1835 1934
1837 1847
1838 1945
1839 1976
1840 1906
1841 1963
1843 1888
1847 1880
1850 1883
1850 1941
1854 1891
1856 1967
1861 1980
1862 1891
1862 1915
1862 1983
1863 1894
1864 1886
1864 1979
1865 1921
1868 1986
1871 1965
1872 1927
1874 1941
1876 1918
1876 1927
1882 1901
1885 1928
1890 1917
1899 1989
1904 1944
1904 1962
1905 1953
1916 2000
1921 1969
1923 1958
1925 1995
1952 1980
1957 1964
1988 1999