2000
3 777
6 189
11 624
11 907
12 246
12 479
13 1270
17 921
27 1833
33 1143
33 1815
49 688
52 392
53 813
54 368
55 166
57 287
60 1411
63 1965
69 1847
69 1923
72 730
73 878
79 1929
87 840
88 111
89 529
91 681
91 985
93 501
94 1926
95 1185
103 1348
104 832
106 1682
108 546
110 851
113 1724
117 596
119 957
123 1540
130 479
130 536
130 1752
133 1999
134 291
141 1707
142 166
148 1591
150 326
150 1880
156 533
157 1748
170 1556
170 1999
174 293
179 377
179 859
179 945
185 1740
187 295
187 420
188 1768
190 1233
197 218
197 697
201 1384
205 1733
207 1486
211 587
212 820
214 868
215 1478
220 293
220 844
221 1112
223 757
225 531
228 1272
231 964
231 1234
232 280
233 1263
234 1352
235 471
238 1914
240 1062
244 1570
246 618
249 1837
253 959
256 1493
261 1334
261 1765
264 383
265 1784
266 1774
267 477
268 512
268 783
270 1994
271 1416
272 901
279 1469
282 1164
284 1350
284 1798
288 383
288 822
289 1153
295 1472
296 671
297 683
298 1608
301 603
302 353
305 1038
307 808
313 1884
314 731
314 1237
325 1812
333 1781
335 846
338 540
345 1755
349 686
353 1621
355 1824
359 1063
362 1426
363 1662
366 1820
372 1179
377 882
381 1141
381 1240
383 1603
384 917
385 1705
386 1035
393 396
399 410
399 886
401 1218
404 1125
408 776
411 627
416 567
416 1038
419 1330
423 787
429 985
432 1273
438 1624
443 1469
448 1662
454 1731
456 655
456 1026
459 1399
459 1543
465 1173
466 1612
470 1171
483 1853
485 906
489 1919
491 1330
495 1238
496 1902
498 836
499 1165
499 1401
511 1616
511 1677
512 1912
514 962
520 594
521 802
526 901
529 1983
530 1336
533 805
536 1549
538 1549
541 1979
543 1342
546 553
551 782
557 1328
558 1431
564 1643
565 1289
571 629
571 1977
572 1291
574 1529
577 1748
577 1897
581 1993
585 1437
588 789
588 1115
597 1743
605 1676
617 1681
617 1839
617 1909
621 1937
629 1535
632 1625
633 1509
635 1502
637 1269
640 1005
645 1103
645 1589
650 921
655 1987
664 1179
666 1555
668 1848
672 1700
674 1704
678 1271
679 1871
682 968
691 817
692 1936
704 1687
706 1524
706 1970
707 1470
708 1793
709 1344
710 1739
717 1975
729 1952
733 1790
738 1892
742 1232
749 961
756 1233
757 1591
771 1154
771 1156
783 1225
783 1488
785 1516
790 1315
795 1208
801 1778
804 960
805 1056
808 924
810 889
812 1538
813 983
818 1931
823 988
825 1578
828 1266
828 1439
833 1648
839 896
840 1295
841 1753
845 1401
845 1730
857 1786
859 1055
861 1447
872 1000
872 1370
880 1796
896 1252
896 1824
906 1012
909 1892
911 1264
911 1433
919 1473
924 1482
932 1083
933 1411
941 1388
944 1070
960 1565
961 995
970 1233
970 1815
971 1890
972 1785
973 1327
979 1847
980 1972
989 1077
991 1562
993 1804
998 1562
1000 1213
1013 1509
1019 1761
1029 1619
1046 1280
1048 1398
1050 1923
1052 1648
1058 1879
1068 1927
1079 1911
1083 1404
1088 1289
1090 1965
1091 1593
1094 1488
1109 1497
1110 1718
1113 1813
1132 1937
1147 1219
1148 1274
1150 1867
1154 1347
1158 1507
1167 1676
1181 1690
1186 1912
1209 1387
1210 1895
1215 1729
1226 1442
1235 1993
1240 1278
1244 1593
1258 1844
1272 1637
1279 1596
1284 1474
1285 1701
1291 1862
1295 1674
1296 1334
1297 1860
1300 1796
1313 1712
1316 1593
1318 1975
1327 1426
1330 1334
1338 1375
1338 1735
1355 1626
1360 1772
1363 1569
1374 1895
1382 1836
1387 1922
1396 1840
1404 1769
1414 1910
1429 1506
1431 1507
1455 1471
1458 1973
1473 1707
1496 1508
1501 1947
1506 1671
1510 1817
1516 1930
1529 1713
1532 1694
1540 1773
1550 1574
1550 1597
1566 1862
1567 1636
1597 1782
1603 1613
1612 1863
1619 1874
1634 1782
1636 1845
1668 1904
1691 1983
1699 1700
1707 1708
1709 1804
1719 1763
1722 1939
1726 1741
1763 1799
1772 1778
1802 1998
1803 1902
1823 1970
1842 1935
1882 1929
1942 1983