2000
1 602
1 926
1 1219
2 427
2 734
2 1010
2 1363
2 1755
3 555
3 815
3 1063
3 1406
3 1800
4 60
4 280
4 970
4 1409
4 1493
4 1801
5 969
5 1932
6 194
6 210
6 1351
7 447
7 727
7 1007
7 1013
7 1028
7 1471
7 1904
7 1911
8 530
8 555
8 1055
8 1749
9 878
9 1280
9 1324
9 1517
9 1679
9 1699
9 1904
9 1978
10 367
10 603
10 1484
11 834
11 1004
11 1561
12 214
12 394
12 722
12 1020
12 1297
12 1920
13 258
13 471
13 937
13 956
13 969
13 1665
14 546
14 1580
14 1836
15 397
15 1379
15 1810
15 2000
16 423
16 797
16 1234
16 1306
16 1887
16 1888
17 730
17 1655
18 565
18 1801
19 149
19 1356
20 839
20 1653
20 1702
21 1292
21 1560
21 1969
22 354
22 389
22 593
23 215
23 364
23 422
23 1029
23 1255
24 420
24 1213
24 1707
25 969
25 1413
25 1490
26 137
26 767
26 782
26 883
26 1291
27 1009
27 1117
28 77
28 1666
29 521
29 1061
29 1797
30 648
30 754
30 855
31 329
31 349
31 919
32 151
32 700
32 1410
33 697
33 807
33 843
33 1598
34 1266
34 1577
34 1711
35 413
35 528
35 1278
35 1450
36 252
36 424
36 1535
36 1629
36 1799
37 88
37 740
37 1377
37 1725
38 1142
38 1376
38 1504
39 379
39 1599
39 1618
40 157
40 741
41 540
41 798
41 1130
41 1185
41 1326
41 1873
42 158
42 201
42 851
42 1246
42 1355
42 1405
42 1636
42 1966
43 1157
43 1506
43 1519
44 271
44 558
44 981
44 1458
44 1485
45 1010
45 1080
45 1112
46 151
46 1153
46 1920
47 1041
48 51
48 336
48 453
48 1959
49 176
49 220
49 568
49 1936
50 252
50 1755
51 721
51 1423
51 1470
52 684
52 772
52 902
52 1156
52 1461
53 1086
53 1641
54 647
54 652
54 1911
55 213
55 467
55 1262
55 1774
56 252
56 317
56 820
56 1325
57 635
57 754
57 758
57 1656
57 1688
58 954
58 1067
59 1025
59 1029
59 1242
59 1250
60 175
60 1026
60 1971
61 314
61 372
61 589
61 1096
62 1373
62 1956
63 894
63 946
63 1060
63 1238
64 812
64 871
64 1551
64 1978
64 1988
65 908
65 1049
66 631
66 970
66 1426
66 1950
67 689
67 1041
67 1159
67 1837
67 1974
68 737
68 887
69 325
69 1357
69 1713
70 886
70 1061
70 1466
70 1572
71 343
71 1108
71 1189
72 961
72 1882
73 126
73 706
73 1705
74 898
74 1464
74 1491
74 1917
75 1070
75 1621
76 293
76 644
76 1794
77 81
77 1520
78 487
78 1002
78 1163
78 1241
79 199
79 1147
79 1412
79 1538
79 1702
80 1818
80 1890
81 876
82 276
82 400
82 1046
83 164
83 182
83 940
83 1927
84 678
84 1005
84 1859
84 1958
85 572
85 685
85 814
85 1100
86 406
86 474
86 1277
87 977
87 1358
88 683
88 749
88 1192
88 1421
89 901
89 1319
90 358
90 367
90 1147
91 436
91 841
92 348
92 1138
92 1478
93 761
93 968
93 1980
94 1450
94 1800
94 1801
94 1919
95 629
95 1440
95 1794
96 258
96 1431
97 257
97 619
99 728
99 1049
99 1152
99 1322
99 1586
99 1902
100 164
100 800
100 1060
100 1273
100 1305
101 1645
102 1168
102 1260
102 1556
102 1718
103 164
103 304
103 620
103 623
103 1794
103 1902
104 453
104 1352
104 1934
105 951
105 1362
106 198
107 1453
108 313
108 551
108 955
109 110
109 833
109 1185
110 847
110 859
110 1036
110 1548
110 1552
111 549
111 754
111 1130
111 1345
111 1558
111 1714
111 1734
112 149
112 730
112 953
112 1192
112 1315
112 1406
112 1953
113 235
113 372
113 1389
113 1688
114 532
114 733
114 1487
114 1985
115 665
115 723
115 901
115 931
115 1017
115 1097
115 1504
115 1738
116 232
116 917
116 1676
116 1760
117 188
117 571
117 661
117 801
117 1522
117 1895
118 142
118 1265
118 1615
118 1876
119 1207
119 1931
120 541
120 600
120 621
120 1371
121 800
121 1236
122 565
122 1491
123 144
123 369
123 1708
123 1788
124 532
124 675
124 924
125 706
125 784
125 939
125 1219
125 1375
125 1581
125 1864
126 1045
126 1153
126 1656
126 1869
127 243
127 815
127 937
127 1250
127 1803
128 293
128 423
128 815
128 1319
128 1591
129 467
129 529
129 1714
129 1770
130 431
130 853
130 877
130 1018
130 1412
130 1596
130 1987
131 176
131 326
131 940
131 954
132 1232
132 1787
133 403
133 625
133 643
133 830
133 1083
133 1390
134 189
134 646
134 861
134 1046
134 1083
134 1170
134 1250
136 734
136 1158
136 1251
136 1723
137 304
137 452
137 1880
138 295
138 1402
138 1732
138 1970
139 163
139 1335
139 1823
140 593
140 643
140 1133
140 1151
142 220
142 1426
142 1510
142 1537
142 1839
143 413
143 731
143 1411
143 1813
143 1824
144 382
144 519
144 1401
145 1373
145 1521
145 1550
146 359
146 441
146 579
146 602
146 675
146 999
146 1124
146 1808
146 1864
147 596
147 1383
147 1435
147 1944
148 1141
149 175
149 196
149 274
149 1103
150 228
150 533
151 315
151 491
151 619
151 693
151 1211
151 1285
151 1730
151 1926
152 181
152 772
152 985
152 1070
152 1105
152 1241
152 1271
152 1600
152 1775
153 870
153 885
153 1742
154 944
154 1239
154 1804
155 455
155 640
155 1002
155 1275
155 1445
155 1772
155 1879
156 511
156 811
156 1028
156 1496
157 680
157 1311
157 1386
157 1858
157 1956
158 1518
158 1603
158 1718
159 610
159 1466
160 460
160 471
160 551
161 547
161 553
161 1852
162 234
162 887
162 1777
163 195
163 206
163 998
163 1522
163 1586
164 492
165 789
165 1790
166 767
166 1816
166 1922
166 1940
167 283
167 1590
168 188
168 904
168 1195
168 1223
169 176
169 1995
170 281
170 456
170 941
170 1120
170 1362
170 1416
170 1461
170 1851
170 1913
171 338
171 1455
171 1897
171 1918
172 448
172 583
173 749
173 1394
173 1589
174 227
174 1871
175 457
175 1061
175 1571
175 1698
176 299
176 1310
177 652
178 1472
178 1999
179 1329
179 1823
180 358
180 646
180 1070
180 1077
180 1382
181 1589
182 436
182 626
182 1497
183 185
183 569
183 1274
183 1374
184 265
184 321
184 593
184 1071
184 1261
184 1375
184 1392
184 1411
185 365
185 1335
185 1396
185 1929
186 276
186 760
186 1376
187 500
187 552
187 588
187 1404
187 1802
188 508
188 617
188 1071
188 1723
188 1912
189 377
189 518
189 844
189 878
189 936
190 451
190 953
190 1330
190 1406
191 549
191 570
191 704
191 1218
191 1284
191 1681
191 1786
191 1799
192 1302
192 1419
193 372
193 970
194 473
194 638
194 1629
195 379
195 422
195 766
195 1033
195 1166
195 1550
195 1746
196 690
196 1057
196 1105
196 1354
196 1778
197 479
197 608
197 1224
198 571
198 1453
198 1461
198 1775
199 1590
200 252
200 406
200 830
200 950
200 1374
200 1386
200 1449
200 1620
201 360
201 543
201 693
201 1028
201 1858
202 507
202 750
202 1067
202 1329
202 1913
203 206
203 289
203 376
203 580
203 739
203 930
203 1116
203 1328
204 809
204 1532
204 1585
204 1815
205 537
205 706
205 854
205 1405
206 333
206 442
206 526
206 533
206 1196
206 1229
206 1918
207 640
207 736
207 832
207 1161
208 269
208 1508
209 652
209 1263
209 1750
210 817
211 367
211 1317
212 616
212 652
212 739
212 932
212 1529
212 1575
213 619
213 666
213 1018
213 1780
213 1865
214 925
214 983
214 1628
215 473
215 650
215 880
215 1446
215 1831
216 1501
216 1989
217 561
217 821
217 833
217 1200
217 1283
217 1654
218 289
218 434
218 613
218 1149
218 1287
218 1883
219 314
219 353
219 790
220 356
220 572
220 1032
220 1434
220 1483
221 1222
221 1229
221 1358
221 1423
222 980
223 250
223 579
223 946
223 1035
223 1485
223 1726
224 834
224 955
224 1424
224 1499
224 1951
225 1007
226 373
226 456
226 856
226 1637
226 1675
226 1956
227 757
228 766
228 1843
228 1977
228 1988
229 567
230 1041
230 1142
230 1981
231 379
231 712
231 1265
231 1429
231 1558
231 1733
232 1764
232 1780
232 1869
233 475
233 555
233 641
233 718
233 932
233 1181
233 1206
233 1327
233 1330
233 1861
234 390
234 745
234 1389
235 368
235 778
235 1231
236 401
236 569
236 1301
236 1452
236 1872
237 417
237 1224
237 1697
238 255
238 421
238 1010
238 1353
238 1977
239 544
239 563
239 616
239 1361
239 1696
240 402
240 886
240 1603
240 1939
241 262
241 527
241 730
241 945
241 1079
241 1867
242 309
242 1745
243 263
243 780
243 788
243 934
243 1045
243 1260
243 1554
244 446
244 732
244 774
244 1368
244 1508
245 533
245 737
246 1006
246 1206
246 1615
247 421
247 1257
247 1456
248 249
248 724
248 1290
248 1537
248 1577
248 1581
249 439
249 523
249 682
249 726
249 1203
249 1337
250 859
250 936
250 937
250 1094
250 1169
250 1213
250 1534
250 1563
250 1604
250 1643
250 1945
251 329
251 651
251 1636
252 928
252 1332
252 1919
253 340
253 519
253 851
253 1243
253 1308
253 1664
254 346
254 746
254 834
254 866
254 976
255 832
255 917
255 919
255 1862
256 660
256 904
256 967
256 1260
256 1360
256 1474
256 1821
257 421
257 861
257 878
257 1245
257 1599
257 1651
258 483
258 800
258 1119
258 1204
258 1340
259 799
259 1255
259 1504
259 1602
259 1659
259 1769
260 731
260 795
261 883
261 963
261 1936
262 1128
262 1432
262 1669
262 1737
263 340
263 743
263 845
263 1688
263 1706
264 979
264 1610
264 1695
264 1846
265 943
265 1154
265 1370
266 281
266 561
266 754
266 1110
266 1128
266 1479
267 391
267 480
267 840
267 1361
267 1707
268 1466
268 1610
268 1730
268 1850
269 299
269 628
269 1002
269 1462
269 1525
270 514
270 665
270 1256
270 1550
271 617
271 746
271 850
271 1604
272 1781
273 275
273 1332
273 1673
273 1945
274 500
275 1103
275 1452
276 368
276 677
276 1083
276 1887
277 773
277 1803
278 625
278 879
278 1235
278 1512
278 1992
279 1304
279 1490
279 1855
280 556
280 664
280 1087
280 1301
280 1371
280 1584
280 1943
281 686
281 1615
281 1638
282 321
282 336
282 559
283 850
283 1449
283 1717
283 1781
283 1984
284 1240
284 1449
286 409
286 1017
286 1137
286 1144
286 1333
286 1569
287 688
288 493
288 664
289 334
289 534
289 1084
289 1196
289 1898
290 479
290 1091
290 1826
292 912
292 1441
292 1808
293 1161
293 1368
293 1498
293 1953
293 1968
294 403
294 497
294 508
294 1149
294 1753
294 1918
295 518
295 685
295 1772
296 1198
296 1694
297 640
297 1057
297 1618
298 673
298 691
298 1440
298 1614
298 1708
299 920
299 942
299 1677
299 1757
299 1903
300 498
300 654
300 1009
300 1412
300 1981
301 564
301 1085
301 1501
301 1987
302 550
302 888
302 984
302 1573
302 1625
303 902
303 1999
304 436
304 442
304 631
304 1049
304 1831
305 733
305 932
305 1073
305 1272
305 1740
305 1749
307 1060
307 1591
308 583
308 1139
308 1409
309 493
309 854
309 1334
309 1909
309 1924
310 487
310 1037
310 1365
310 1893
310 1906
311 458
311 985
312 509
312 798
312 1174
312 1293
312 1822
314 398
314 415
314 1820
314 1841
315 606
315 895
315 1123
317 370
317 504
317 569
317 613
317 1089
317 1392
317 1704
317 1912
318 513
318 1567
318 1791
318 1924
319 509
319 1395
319 1662
319 1739
320 611
320 637
320 1425
321 407
321 604
321 645
321 1364
322 899
322 1759
323 415
323 1067
323 1166
323 1742
324 606
324 784
324 853
324 1050
324 1155
324 1564
324 1574
324 1662
325 1896
326 724
326 838
326 1173
326 1767
327 1114
327 1224
327 1237
327 1320
327 1606
327 1659
327 1795
327 1976
328 491
328 506
328 1037
328 1472
328 1970
329 726
329 1018
329 1759
330 636
330 642
330 1057
330 1261
330 1277
331 545
331 571
331 603
331 799
331 1645
331 1885
333 800
333 806
333 929
334 734
334 1502
334 1762
335 1101
336 455
336 544
336 785
336 1879
337 1564
337 1642
337 1650
338 1469
340 398
341 1778
342 1100
342 1449
342 1459
342 1532
342 1582
342 1729
343 784
343 860
343 1020
343 1761
343 1998
344 372
344 609
344 838
344 1141
344 1492
345 1277
345 1501
345 1818
346 917
346 1161
346 1673
347 1485
347 1769
348 451
348 681
348 960
348 1100
348 1346
348 1726
348 1763
349 1699
350 1389
350 1677
351 1362
352 1099
353 1093
353 1332
353 1414
353 1469
353 1952
353 1971
354 393
354 491
354 670
354 1025
354 1270
354 1741
354 1742
355 433
355 462
355 593
355 759
355 1643
356 538
356 950
356 1701
356 1719
356 1929
357 502
357 1658
357 1914
358 371
358 1043
358 1052
358 1197
359 1091
359 1798
360 389
360 496
360 729
360 1092
360 1283
360 1515
360 1865
361 689
361 1194
361 1295
362 415
362 457
362 1289
363 649
363 1025
363 1068
363 1342
363 1453
364 1616
364 1969
365 507
365 1183
365 1269
366 434
366 448
366 507
366 1143
366 1325
366 1962
367 1132
368 701
369 733
369 865
370 624
370 1294
371 879
371 1773
371 1815
371 1967
372 1049
372 1205
372 1403
373 1409
373 1853
373 1869
374 1200
374 1230
374 1309
374 1389
374 1797
375 658
375 666
375 874
375 1134
375 1690
376 539
376 1235
377 1252
377 1583
378 564
379 872
379 1018
379 1366
380 509
380 703
380 938
380 1084
380 1287
380 1604
380 1745
381 757
381 873
381 1774
381 1811
381 1954
382 541
382 1601
383 625
383 750
383 921
383 1028
383 1094
383 1249
383 1702
384 875
385 1054
385 1262
385 1961
386 1384
388 746
388 924
388 1079
388 1162
388 1744
388 1861
388 1907
389 706
389 1250
389 1545
390 1548
390 1672
390 1909
391 417
391 1463
391 1469
391 1613
392 597
392 1541
393 1234
394 702
394 1046
395 1181
395 1409
395 1858
396 692
396 1069
396 1103
396 1546
396 1858
398 782
398 1019
398 1055
399 920
399 1101
399 1512
399 1925
400 411
400 590
400 1003
401 495
401 1066
401 1522
402 526
402 740
402 1180
402 1579
402 1703
402 1729
403 521
403 1152
403 1402
403 1558
404 1742
404 1748
404 1938
405 703
405 848
405 1388
405 1392
405 1490
405 1798
406 496
406 1815
406 1833
407 437
407 440
407 936
408 495
408 506
408 843
408 996
408 1471
408 1658
408 1872
408 1966
409 779
409 913
410 791
410 1303
410 1397
410 1766
411 843
411 1221
411 1343
411 1355
411 1487
412 772
412 1111
412 1334
413 631
413 949
413 1141
413 1692
414 734
414 1405
414 1769
414 1985
415 852
415 1182
416 711
416 1480
417 682
417 832
417 998
417 1124
417 1710
418 775
418 839
418 977
418 1473
418 1597
419 651
419 992
419 1364
419 1867
420 1901
421 991
421 1369
421 1768
422 856
423 772
423 1321
423 1686
423 1722
424 1056
425 571
425 1558
425 1920
426 1093
426 1898
427 923
427 1206
427 1708
427 1718
427 1916
428 1073
428 1879
429 646
430 441
430 462
430 856
430 904
430 1262
430 1855
430 1882
431 520
431 735
431 846
431 953
431 1395
431 1502
431 1605
431 1793
432 689
432 856
432 901
433 449
433 710
433 1269
433 1463
434 1329
434 1562
435 497
436 763
436 1494
436 1835
437 1080
438 722
438 745
438 1255
438 1324
439 853
439 881
439 1199
439 1481
439 1571
440 549
440 998
440 1805
442 625
442 715
443 910
443 1133
443 1711
443 1730
443 1949
445 587
445 746
445 1202
445 1530
446 1654
447 1273
447 1274
447 1571
447 1872
448 1471
448 1569
448 1952
449 791
449 1158
449 1526
449 1865
449 1994
450 573
450 640
450 861
450 1262
450 1505
451 666
451 1533
451 1855
452 1761
453 534
453 788
453 1344
453 1947
454 532
454 535
454 1432
455 1577
456 677
456 1516
456 1900
457 616
457 714
458 884
458 1054
458 1105
458 1547
458 1617
458 1954
459 830
459 1628
459 1641
459 1864
460 984
460 1553
460 1721
461 466
461 476
462 1170
462 1263
463 1166
463 1186
463 1587
463 1871
464 891
464 1388
465 1470
465 1573
466 644
466 1870
467 494
467 947
467 1125
467 1323
468 646
468 1019
468 1127
468 1231
468 1946
469 841
469 1053
469 1422
469 1856
469 1947
470 520
470 709
470 1247
471 546
471 1735
471 1786
472 856
472 1405
473 1109
473 1451
474 1125
474 1536
474 1725
475 736
475 980
475 1153
475 1437
475 1831
475 1851
476 734
476 1519
476 1725
477 1032
478 1254
478 1379
478 1889
480 554
481 1431
481 1599
481 1861
482 687
482 1419
483 1017
483 1363
483 1686
483 1888
484 622
485 814
485 848
485 1020
485 1815
486 593
486 1558
486 1584
486 1961
486 1967
487 833
488 660
488 771
488 871
488 1222
488 1630
488 1958
489 743
489 1511
490 807
490 1268
491 748
491 1479
491 1979
492 760
492 1773
493 952
493 1231
493 1248
493 1458
494 1443
495 525
495 1295
495 1572
496 899
496 1988
497 1153
497 1568
498 863
498 1162
498 1461
498 1706
499 1209
499 1228
499 1272
500 894
500 1134
500 1270
500 1998
501 1471
502 758
502 905
502 1112
502 1203
502 1891
503 533
503 1185
503 1738
503 1848
504 822
504 1016
504 1186
504 1603
505 1145
505 1584
506 533
506 1674
506 1679
507 531
507 591
507 1253
507 1839
508 581
508 1032
509 1489
509 1522
510 1255
510 1415
510 1625
510 1666
511 1494
511 1980
512 608
512 723
512 887
512 1487
512 1977
513 1597
513 1741
514 1249
515 518
515 1132
515 1814
516 1835
517 534
517 909
517 1413
517 1436
518 1325
518 1343
518 1499
518 1592
519 614
519 771
519 1148
519 1647
519 1802
519 1959
520 1028
521 602
521 941
521 1710
523 771
523 1586
523 1671
524 634
524 1623
524 1760
524 1976
525 1557
526 1042
526 1231
526 1448
527 653
527 878
527 1298
527 1912
528 820
528 1178
528 1436
528 1545
528 1648
528 1727
528 1774
529 1902
530 996
530 1371
530 1837
531 1069
531 1507
531 1699
531 1880
532 534
532 1931
533 552
533 690
533 1795
534 606
534 917
534 1896
535 909
535 916
535 1183
536 583
536 1396
537 1169
538 737
538 1161
538 1183
538 1228
538 1704
539 680
539 1932
540 826
540 1238
540 1378
540 1607
541 646
541 835
541 979
541 1971
542 675
542 1261
543 579
543 720
543 1063
543 1080
543 1420
543 1520
543 1618
545 856
545 1012
545 1122
545 1533
545 1626
546 881
546 890
546 1069
546 1080
547 1011
550 1315
550 1470
550 1684
551 914
551 1093
551 1455
552 982
552 995
552 1113
552 1180
552 1325
553 759
553 1064
553 1768
553 1931
554 741
554 783
554 1317
554 1584
554 1588
554 1779
554 1996
555 1777
556 1026
556 1184
556 1186
556 1717
557 564
557 956
558 656
558 1163
558 1269
558 1943
559 602
559 705
559 735
559 1100
559 1646
560 1028
560 1048
560 1608
561 814
561 1822
562 1628
563 838
563 1509
564 941
564 1084
565 902
565 1247
566 857
566 1299
566 1775
567 1360
567 1639
568 1260
568 1325
568 1815
569 1120
569 1652
569 1841
570 1363
570 1651
571 587
571 721
572 947
572 982
572 1008
572 1146
573 845
573 1854
573 1892
575 944
575 1358
575 1636
575 1916
576 989
576 1182
577 1092
578 1942
579 755
579 1475
580 1530
580 1939
581 960
581 1017
581 1178
581 1328
581 1364
581 1586
582 923
583 708
583 983
583 1200
583 1283
583 1466
584 1227
584 1727
584 1829
584 1846
585 1055
585 1602
586 1137
586 1263
586 1778
586 1880
587 1237
587 1490
588 1024
588 1053
589 712
589 1328
590 761
590 1592
590 1626
591 772
591 1004
591 1884
592 829
592 1727
593 1723
593 1875
594 1410
594 1448
595 974
595 1367
595 1719
595 1980
596 1477
596 1881
597 619
597 839
597 1583
598 1081
599 819
599 1542
599 1729
599 1989
600 1434
601 1783
601 1929
602 744
602 1067
602 1125
602 1516
602 1625
603 1004
603 1374
603 1731
604 749
604 1096
605 655
605 1411
605 1443
605 1544
605 1582
605 1790
606 1210
606 1712
607 908
608 956
608 1090
608 1142
608 1499
609 1075
609 1362
610 1713
610 1730
611 976
611 1380
611 1964
612 1320
613 1499
613 1726
615 1021
615 1441
616 635
616 710
616 1316
617 1124
617 1855
618 795
618 1169
618 1619
618 1690
618 1968
619 625
619 894
619 1175
620 1936
621 827
621 1162
622 1423
623 823
623 1051
623 1839
623 1871
624 1114
624 1411
625 1016
625 1098
625 1222
625 1634
625 1920
625 1991
625 1992
626 1204
627 836
627 860
627 1113
627 1289
627 1995
628 747
628 952
628 1160
628 1168
628 1274
628 1349
629 850
629 958
629 1252
629 1263
629 1616
629 1884
629 1891
630 649
630 1137
630 1138
630 1264
630 1292
630 1577
631 931
631 1887
632 729
633 1035
634 689
634 1668
634 1747
634 1878
635 1565
635 1764
636 659
636 1650
636 1821
637 820
637 833
637 1043
638 1343
639 1270
639 1484
639 1987
641 783
641 834
641 1131
641 1407
641 1573
641 1586
641 1765
642 702
642 1020
642 1026
642 1338
642 1350
642 1653
642 1677
642 1847
643 740
643 961
643 1377
645 784
645 952
645 1009
646 1423
646 1565
646 1692
646 1783
646 1843
647 882
647 1238
647 1548
647 1568
647 1643
648 819
648 970
648 1636
648 1682
648 1769
649 883
649 1850
649 1872
650 738
650 1105
650 1254
650 1348
650 1495
651 770
651 1583
652 741
652 945
652 1323
652 1578
653 1147
653 1505
654 905
654 1198
654 1840
654 1857
655 681
655 701
655 1023
655 1250
655 1912
657 1768
658 779
658 949
658 1253
658 1365
658 1846
659 1664
660 736
660 1288
660 1310
661 749
661 1131
662 1034
662 1579
662 1703
663 835
663 942
663 1076
663 1190
663 1846
664 1011
664 1917
664 1975
665 1005
665 1142
665 1807
666 909
666 1483
666 1893
667 823
667 1382
667 1748
667 1907
669 877
670 1428
670 1442
670 1638
671 992
671 1075
671 1299
672 778
672 1139
674 703
674 846
674 907
674 1357
674 1628
674 1649
674 1889
674 1899
675 1010
675 1031
675 1332
675 1706
676 989
676 1020
676 1901
677 744
677 875
678 896
678 1337
678 1432
679 1280
679 1578
680 822
680 1250
680 1431
681 861
682 1472
682 1725
682 1773
683 1012
683 1032
683 1170
684 1622
684 1882
685 1372
685 1529
685 1774
685 1810
686 1300
686 1429
686 1458
687 917
687 1771
687 1772
687 1863
687 1937
688 848
688 1023
689 755
689 1028
690 810
691 864
691 1158
691 1338
691 1992
692 718
692 1980
693 750
693 1761
695 813
695 1148
695 1246
695 1997
696 1347
696 1542
696 1925
697 1108
697 1806
698 1312
698 1498
698 1787
699 935
699 1477
699 1686
700 1738
700 1877
701 1731
702 717
702 941
702 1104
702 1940
704 751
704 881
705 785
705 912
705 1963
707 801
707 872
707 1071
707 1157
707 1494
708 791
708 1639
708 1907
709 1150
709 1364
709 1520
710 714
711 1371
711 1924
711 1942
712 809
714 1281
714 1605
714 1653
714 1751
714 1984
715 781
715 837
715 883
715 891
715 1219
715 1859
716 933
716 1213
717 999
717 1435
717 1540
717 1799
718 722
718 974
718 1230
718 1618
719 774
719 834
719 986
719 1184
720 1001
720 1632
720 1749
721 1076
721 1521
721 1642
721 1742
722 1281
722 1322
722 1939
722 1945
723 1277
724 975
724 1023
724 1753
724 1837
725 929
725 1293
725 1721
726 851
726 1553
727 902
727 909
727 1186
728 1341
729 946
729 952
729 1415
730 949
730 1627
730 1858
731 1479
731 1919
732 853
732 1274
732 1298
732 1998
733 1958
735 836
736 832
736 1254
736 1418
737 1006
737 1978
738 1390
738 1497
738 1868
739 997
739 1070
739 1126
739 1176
740 1227
740 1583
740 1743
741 1578
741 1939
742 829
742 1273
742 1650
743 761
743 1677
744 1870
747 1358
747 1390
747 1780
747 1813
747 1838
748 886
748 1167
748 1514
749 779
749 950
749 1483
749 1729
750 819
750 841
750 1311
750 1619
750 1629
750 1790
751 934
752 1145
752 1263
752 1629
754 1104
754 1428
754 1491
754 1608
754 1789
754 1950
754 1958
754 1989
755 1682
755 1752
756 1553
756 1712
756 1903
757 1836
757 1974
758 1103
758 1326
759 1348
759 1858
760 1005
760 1656
760 1778
762 1208
763 925
763 952
763 1040
763 1175
763 1853
764 1071
764 1169
764 1433
764 1850
765 1315
765 1341
765 1449
765 1842
766 771
766 1165
768 771
769 879
769 1098
769 1345
769 1444
770 864
770 1394
770 1413
770 1944
771 983
771 985
771 1910
771 1982
773 1344
773 1721
773 1912
774 871
776 1944
777 1352
778 933
778 1114
778 1627
779 817
779 1110
779 1183
779 1482
780 1187
781 1235
781 1730
782 1255
782 1319
783 1537
783 1661
783 1800
785 864
785 982
785 1264
785 1873
786 1291
786 1917
788 1141
788 1465
788 1640
789 1060
789 1135
789 1450
789 1580
789 1830
790 1599
790 1752
791 896
791 1814
792 947
792 1079
792 1198
792 1270
792 1763
793 1079
793 1848
793 1878
794 1300
795 914
795 1126
795 1439
795 1462
796 1092
796 1900
797 1343
797 1531
797 1784
798 857
798 1369
799 1402
800 1374
800 1501
800 1708
801 1303
802 1077
802 1460
802 1466
803 925
803 1788
803 1817
804 1165
805 979
806 879
806 933
806 1820
807 1003
807 1218
807 1938
808 1178
808 1830
808 1908
809 1083
809 1321
810 1875
811 1283
812 1344
813 1158
813 1413
813 1892
814 1491
814 1843
815 1733
816 909
816 971
816 1050
817 867
817 1237
817 1437
817 1672
818 1676
818 1728
819 1493
820 998
820 1558
820 1583
820 1854
821 894
821 1166
821 1311
821 1416
821 1421
822 1346
822 1380
822 1515
822 1731
823 1853
824 1218
825 1399
825 2000
826 863
826 869
826 1119
826 1255
826 1369
826 1721
827 1285
827 1701
828 1155
828 1167
828 1388
828 1417
829 896
829 1211
829 1596
829 1756
829 1850
830 1422
830 1447
830 1847
831 1104
831 1151
833 1238
833 1252
833 1950
834 1148
835 969
835 1341
835 1443
836 1051
836 1105
836 1393
836 1568
836 1911
837 1156
837 1884
837 1907
838 1358
838 1367
838 1545
838 1771
839 1023
840 1397
841 1374
841 1615
841 1917
842 1114
843 970
843 1414
843 1527
844 895
844 1332
844 1980
846 1413
846 1901
847 1073
847 1074
847 1625
847 1868
848 1543
848 1642
848 1732
849 1048
849 1421
849 1912
850 1164
850 1511
850 1649
850 1883
851 1117
851 1728
852 1565
854 1264
854 1915
854 1948
855 1123
855 1640
855 1755
855 1794
856 1245
856 1535
856 1647
857 1280
857 1525
859 1232
859 1570
860 949
861 1231
861 1354
861 1879
862 989
862 1138
862 1882
863 887
863 1896
863 1987
864 986
864 998
864 1162
864 1446
864 1667
865 926
865 1354
866 1269
867 1235
867 1400
867 1621
867 1754
868 1294
871 965
871 1150
872 886
872 1319
872 1703
873 1391
873 1664
873 1784
875 1181
875 1185
876 1494
876 1782
878 1070
878 1276
879 1709
880 907
880 1066
880 1498
882 1558
883 1309
883 1486
884 1372
885 1472
885 1540
886 1525
886 1711
887 1309
887 1635
888 1258
888 1262
888 1751
888 1925
890 1329
891 1208
891 1373
891 1732
891 1912
892 1935
893 964
893 1019
893 1251
895 1289
895 1778
896 1413
896 1758
896 1939
897 1046
897 1692
898 1081
899 933
900 1965
901 1019
901 1158
901 1863
901 1899
902 1457
903 953
903 1432
903 1617
904 996
904 1466
905 1059
905 1171
907 1130
907 1815
908 1720
908 1835
910 1461
911 916
911 969
911 1398
911 1485
911 1584
912 1570
912 1593
912 1863
913 994
913 1697
913 1944
915 1142
915 1482
915 1775
916 1235
916 1296
916 1754
916 1924
917 1871
918 1088
918 1439
919 1494
920 1039
920 1320
921 1048
921 1252
921 1914
921 1984
922 983
922 1674
922 1724
922 1982
923 1235
923 1316
923 1894
924 1688
924 1784
925 1134
925 1616
925 1667
925 1828
926 1217
926 1807
927 1512
927 1554
927 1622
927 1736
928 1375
929 1022
929 1891
930 1060
930 1223
930 1870
931 1067
931 1629
932 1903
933 1119
933 1325
933 1343
935 1076
936 1219
936 1397
936 1464
936 1580
937 1112
937 1126
937 1255
937 1743
937 1996
938 1641
938 1982
939 1155
940 1530
940 1700
941 1188
941 1759
942 1071
942 1319
943 1309
944 1122
944 1768
944 1782
945 1606
945 1917
946 956
946 1395
947 1209
947 1549
947 1912
948 985
948 1556
948 1703
949 1096
949 1375
950 1354
950 1537
950 1718
950 1727
951 1192
951 1548
951 1563
951 1659
952 1042
953 1033
953 1228
954 1197
954 1215
955 1252
956 1836
958 985
958 1130
958 1672
958 1932
959 1177
959 1242
959 1244
959 1671
959 1909
960 1181
960 1247
960 1477
960 1615
961 1187
961 1349
961 1352
962 1486
962 1980
963 1792
963 1804
964 996
964 1071
964 1081
964 1448
964 1908
964 1939
966 971
966 1108
966 1335
966 1834
967 1400
967 1643
967 1777
967 1976
968 1476
968 1600
968 1691
970 1041
971 1135
971 1168
972 1275
972 1430
973 1236
975 1150
976 1106
977 1871
978 1516
979 1030
980 1083
980 1542
981 1149
981 1192
981 1277
981 1643
982 1043
982 1800
982 1883
983 1229
983 1475
984 1659
984 1699
984 1772
984 1922
985 1763
986 1573
987 1327
987 1435
987 1691
987 1782
987 1885
988 1269
988 1317
988 1892
990 1034
990 1851
990 1911
991 1120
992 1788
993 1080
993 1344
993 1599
993 1868
994 1471
994 1746
994 1855
995 1864
996 1070
996 1155
996 1489
996 1926
997 1027
997 1029
997 1266
997 1429
998 1197
998 1301
998 1482
998 1840
999 1090
999 1173
999 1461
999 1803
1000 1025
1000 1033
1000 1201
1000 1571
1001 1777
1001 1825
1001 1940
1002 1186
1002 1641
1002 1647
1002 1754
1003 1019
1003 1280
1004 1067
1004 1147
1004 1171
1004 1194
1004 1819
1005 1480
1006 1845
1006 1907
1007 1406
1007 1511
1007 1615
1007 1662
1007 1840
1007 1935
1008 1691
1009 1280
1009 1445
1009 1738
1010 1065
1010 1360
1010 1761
1011 1244
1011 1680
1012 1675
1013 1166
1013 1255
1013 1451
1013 1632
1013 1864
1014 1248
1014 1294
1014 1318
1014 1605
1014 1780
1014 1864
1015 1033
1015 1059
1015 1208
1015 1356
1015 2000
1016 1881
1017 1468
1017 1509
1017 1845
1019 1123
1019 1215
1019 1516
1019 1876
1020 1241
1021 1037
1022 1172
1022 1666
1022 1842
1023 1522
1024 1119
1024 1389
1024 1902
1025 1279
1025 1445
1026 1043
1026 1094
1026 1342
1027 1148
1027 1203
1027 1481
1027 1754
1028 1137
1028 1456
1028 1633
1028 1930
1029 1141
1029 1541
1029 1846
1031 1324
1031 1598
1032 1066
1032 1679
1034 1123
1034 1352
1034 1497
1034 1543
1036 1361
1036 1502
1036 1704
1037 1188
1037 1316
1037 1622
1038 1805
1039 1548
1039 1791
1039 1966
1040 1146
1040 1834
1041 1229
1041 1272
1042 1697
1042 1928
1042 1990
1043 1472
1043 1791
1043 1922
1044 1288
1044 1369
1044 1619
1044 1937
1045 1187
1045 1323
1045 1716
1047 1326
1047 1713
1048 1243
1048 1886
1048 1993
1049 1476
1049 1861
1050 1420
1050 1779
1051 1293
1051 1297
1051 1380
1052 1721
1053 1806
1055 1954
1056 1128
1056 1483
1057 1169
1058 1677
1058 1914
1059 1994
1060 1565
1060 1605
1060 1711
1060 1737
1060 1990
1065 1873
1066 1461
1067 1300
1067 1347
1067 1974
1068 1178
1068 1334
1068 1657
1069 1123
1069 1500
1071 1379
1074 1547
1074 1895
1075 1547
1075 1799
1077 1372
1077 1517
1078 1839
1079 1113
1079 1188
1079 1777
1081 1282
1081 1509
1082 1619
1082 1749
1082 1919
1082 1932
1083 1255
1083 1265
1083 1762
1083 1894
1085 1581
1085 1693
1085 1868
1086 1736
1087 1633
1088 1220
1088 1892
1090 1095
1090 1173
1090 1332
1090 1653
1091 1224
1091 1577
1091 1891
1091 1920
1091 1963
1092 1958
1093 1526
1094 1141
1094 1331
1094 1674
1095 1107
1095 1227
1095 1531
1095 1701
1095 1792
1096 1113
1096 1583
1096 1926
1097 1144
1097 1360
1098 1543
1100 1117
1100 1340
1100 1467
1101 1443
1101 1952
1102 1653
1102 1669
1102 1916
1102 1970
1103 1950
1104 1123
1104 1388
1104 1657
1105 1201
1105 1419
1105 1483
1105 1511
1105 1711
1105 1780
1105 1937
1106 1441
1107 1186
1107 1220
1108 1239
1109 1154
1109 1605
1109 1796
1109 1833
1110 1337
1111 1423
1111 1797
1111 1805
1112 1590
1113 1586
1113 1872
1116 1508
1116 1531
1116 1686
1118 1166
1119 1952
1120 1399
1120 1452
1120 1562
1120 1846
1121 1290
1121 1568
1121 1754
1121 1822
1122 1253
1122 1586
1123 1209
1123 1263
1123 1447
1125 1183
1125 1448
1126 1209
1126 1253
1126 1390
1126 1425
1126 1745
1126 1847
1126 1987
1127 1359
1127 1373
1127 1403
1128 1425
1128 1450
1128 1586
1128 1827
1129 1182
1129 1230
1129 1400
1130 1208
1130 1288
1130 1969
1131 1635
1131 1650
1132 1756
1133 1234
1133 1290
1133 1407
1133 1837
1134 1394
1134 1826
1135 1187
1135 1498
1136 1511
1136 1630
1136 1652
1136 1659
1138 1264
1138 1561
1139 1154
1139 1395
1139 1685
1140 1956
1142 1410
1143 1572
1143 1662
1144 1833
1145 1820
1145 1838
1146 1663
1146 1763
1147 1744
1149 1600
1149 1601
1150 1592
1150 1882
1152 1361
1152 1684
1154 1298
1154 1517
1154 1596
1154 1597
1154 1815
1156 1671
1157 1952
1158 1207
1158 1279
1158 1355
1158 1361
1158 1699
1159 1232
1159 1346
1159 1487
1163 1604
1163 1705
1163 1899
1164 1229
1164 1245
1165 1314
1165 1366
1165 1982
1167 1231
1167 1333
1167 1980
1168 1383
1168 1455
1168 1667
1168 1915
1169 1777
1170 1461
1170 1974
1171 1389
1172 1201
1172 1608
1172 1874
1173 1418
1173 1611
1175 1739
1176 1437
1176 1677
1176 1892
1179 1258
1179 1461
1179 1547
1180 1403
1180 1818
1181 1399
1181 1412
1181 1654
1181 1960
1182 1419
1182 1615
1182 1959
1183 1400
1183 1517
1183 1520
1183 1982
1184 1192
1184 1427
1184 1499
1186 1717
1188 1628
1188 1849
1190 1346
1190 1417
1190 1532
1190 1788
1191 1564
1191 1680
1192 1264
1192 1611
1193 1570
1195 1693
1196 1603
1196 1730
1196 1969
1197 1654
1198 1522
1199 1653
1199 1706
1201 1405
1201 1575
1202 1913
1203 1573
1203 1898
1204 1664
1204 1758
1207 1260
1209 1249
1209 1274
1209 1806
1210 1741
1210 1947
1211 1465
1211 1830
1212 1855
1212 1913
1213 1428
1215 1779
1217 1569
1217 1675
1218 1636
1218 1804
1219 1348
1220 1252
1220 1694
1223 1759
1224 1305
1225 1498
1225 1846
1226 1409
1226 1580
1227 1516
1227 1791
1228 1350
1229 1401
1229 1653
1230 1523
1230 1722
1232 1364
1232 1731
1234 1244
1235 1899
1236 1461
1237 1345
1238 1966
1239 1762
1240 1369
1240 1477
1241 1362
1241 1679
1241 1816
1242 1614
1243 1297
1243 1514
1244 1644
1245 1437
1245 1920
1246 1283
1246 1617
1247 1440
1247 1517
1247 1825
1248 1553
1248 1965
1249 1389
1249 1471
1250 1298
1250 1746
1251 1417
1251 1644
1252 1259
1253 1690
1254 1497
1256 1511
1257 1507
1257 1665
1258 1306
1258 1325
1259 1784
1260 1323
1261 1298
1261 1402
1261 1767
1261 1899
1261 1982
1262 1396
1262 1467
1262 1553
1263 1578
1263 1675
1264 1823
1265 1274
1265 1474
1265 1686
1267 1354
1267 1829
1268 1752
1271 1950
1272 1784
1273 1857
1274 1812
1275 1320
1275 1673
1276 1757
1277 1822
1278 1877
1279 1677
1280 1478
1280 1586
1281 1367
1282 1597
1282 1693
1282 1894
1283 1813
1284 1634
1284 1696
1284 1883
1285 1616
1285 1843
1286 1464
1286 1566
1286 1919
1287 1990
1288 1547
1288 1714
1289 1360
1289 1981
1290 1426
1290 1844
1291 1824
1293 1436
1293 1799
1295 1335
1295 1504
1295 1854
1296 1311
1296 1884
1297 1554
1297 1718
1297 1886
1297 1966
1299 1380
1299 1399
1299 1433
1299 1660
1299 1783
1302 1572
1303 1750
1305 1704
1305 1966
1306 1354
1306 1624
1306 1933
1306 1958
1308 1312
1309 1996
1310 1666
1313 1350
1313 1739
1313 1748
1315 1879
1316 1694
1317 1359
1317 1594
1318 1623
1322 1472
1323 1481
1325 1519
1325 1570
1325 1680
1325 1914
1326 1461
1327 1619
1327 1925
1328 1628
1328 1775
1328 1874
1328 1997
1329 1431
1329 1827
1330 1703
1331 1386
1331 1489
1331 1528
1331 1926
1333 1492
1333 1611
1337 1413
1337 1443
1337 1682
1338 1537
1338 1723
1338 1899
1339 1403
1339 1412
1339 1531
1341 1480
1341 1965
1342 1591
1342 1861
1342 1959
1343 1421
1343 1433
1343 1530
1343 1704
1344 1509
1345 1696
1345 1794
1345 1980
1346 1470
1347 1530
1347 1623
1347 1678
1347 1703
1347 1895
1347 1955
1347 1980
1348 1353
1348 1533
1348 1548
1348 1783
1348 1944
1349 1398
1349 1555
1349 1573
1349 1726
1349 1774
1349 1809
1351 1363
1351 1474
1352 1602
1352 1772
1353 1578
1354 1528
1357 1360
1357 1633
1358 1444
1359 1421
1359 1932
1360 1743
1361 1467
1361 1710
1361 1946
1363 1425
1363 1946
1364 1861
1365 1560
1366 1648
1368 1538
1369 1432
1369 1888
1370 1504
1371 1795
1371 1860
1371 1866
1372 1649
1374 1573
1374 1851
1375 1407
1376 1787
1376 1895
1377 1713
1378 1515
1379 1583
1380 1739
1381 1730
1383 1565
1383 1683
1383 1822
1384 1428
1384 1474
1386 1404
1386 1616
1386 1765
1387 1856
1387 1944
1388 1516
1388 1729
1390 1616
1390 1696
1391 1713
1395 1613
1396 1575
1396 1801
1396 1852
1398 1579
1399 1695
1400 1450
1400 1611
1400 1691
1401 1497
1401 1709
1401 1867
1402 1419
1403 1534
1404 1423
1405 1763
1405 1926
1406 1463
1406 1577
1409 1422
1409 1514
1409 1979
1410 1676
1411 1413
1411 1574
1411 1829
1412 1606
1412 1612
1416 1449
1416 1884
1418 1835
1421 1959
1424 1568
1424 1665
1425 1694
1426 1902
1429 1782
1429 1794
1430 1505
1430 1733
1431 1834
1432 1543
1432 1977
1433 1436
1433 1452
1434 1631
1434 1806
1435 1495
1436 1942
1437 1461
1437 1464
1437 1514
1437 1759
1439 1444
1440 1546
1441 1953
1442 1731
1443 1923
1444 1571
1444 1657
1444 1702
1444 1964
1446 1481
1446 1486
1449 1653
1450 1678
1451 1476
1451 1979
1452 1497
1452 1579
1453 1461
1455 1642
1456 1878
1458 1779
1459 1618
1461 1651
1461 1832
1461 1842
1461 1987
1462 1545
1462 1680
1462 1798
1462 1933
1464 1976
1467 1489
1468 1673
1468 1819
1468 1842
1468 1876
1470 1674
1470 1751
1470 1769
1470 1826
1471 1738
1473 1507
1473 1787
1474 1578
1475 1577
1476 1684
1478 1620
1478 1744
1479 1737
1479 1783
1479 1830
1479 1938
1480 1900
1481 1672
1482 1774
1482 1839
1483 1985
1485 1543
1485 1570
1486 1721
1487 1802
1488 1626
1489 1579
1491 1783
1491 1954
1492 1606
1492 1918
1493 1535
1493 1797
1494 1904
1496 1555
1496 1579
1497 1608
1498 1694
1498 1819
1498 1958
1499 1624
1499 1809
1499 1960
1501 1687
1501 1746
1502 1542
1504 1546
1505 1623
1505 1980
1509 1594
1509 1648
1510 1588
1510 1686
1512 1993
1514 1620
1514 1676
1516 1724
1517 1520
1517 1633
1517 1782
1518 1691
1522 1727
1523 1734
1524 1830
1524 1996
1525 1579
1528 1641
1528 1668
1528 1715
1528 1923
1529 1837
1531 1897
1532 1948
1533 1814
1535 1780
1536 1582
1536 1702
1536 1784
1536 1881
1537 1657
1537 1992
1542 1877
1543 1742
1544 1569
1544 1920
1546 1672
1547 1905
1548 1739
1548 1746
1549 1660
1550 1881
1550 1973
1555 1929
1557 1658
1557 1664
1560 1862
1563 1865
1566 1579
1567 1650
1567 1687
1568 1673
1568 1943
1570 1620
1570 1933
1572 1851
1573 1700
1574 1876
1576 1936
1577 1582
1577 1720
1577 1876
1578 1687
1578 1912
1581 1618
1581 1948
1581 2000
1583 1674
1586 1754
1586 1879
1586 1960
1589 1650
1590 1692
1590 1789
1590 1805
1592 1887
1593 1815
1593 1928
1594 1690
1595 1770
1598 1668
1598 1964
1599 1780
1599 1800
1599 1878
1600 1671
1602 1959
1603 1859
1608 1683
1608 1753
1609 1664
1609 1999
1610 1680
1611 1625
1611 1693
1612 1619
1613 1636
1616 1694
1616 1747
1617 1714
1618 1879
1618 1887
1619 1820
1619 1931
1620 1950
1623 1929
1623 1954
1624 1654
1625 1785
1626 1694
1628 1941
1630 1679
1632 1647
1632 1693
1634 1970
1634 1989
1636 1935
1641 1716
1643 1919
1644 1876
1647 1702
1648 1689
1651 1682
1651 1751
1653 1701
1655 1721
1657 1681
1657 1873
1658 1759
1659 1970
1664 1793
1664 1809
1669 1681
1671 1688
1676 1715
1678 1686
1678 1841
1681 1933
1682 1690
1682 1841
1685 1735
1685 1867
1688 1750
1688 1919
1690 1857
1690 1887
1693 1944
1695 1762
1696 1866
1696 1991
1703 1939
1704 1939
1706 1795
1707 1932
1708 1835
1709 1775
1709 1899
1713 1834
1713 1977
1713 1988
1714 1803
1714 1958
1715 1811
1716 1934
1717 1728
1720 1768
1721 1924
1724 1859
1725 1812
1725 1951
1726 1847
1727 1944
1729 1771
1730 1995
1733 1846
1736 1979
1737 1802
1738 1782
1741 1974
1743 1934
1746 1989
1748 1827
1752 1762
1756 1875
1758 1976
1761 1939
1764 1800
1765 1809
1766 1884
1766 1892
1772 1812
1774 1944
1779 1805
1779 1969
1783 1850
1787 1918
1789 1796
1794 1806
1796 1903
1800 1920
1805 1989
1810 1933
1815 1830
1816 1912
1816 1960
1817 1929
1826 1851
1841 1993
1844 1917
1852 1995
1854 1987
1856 1959
1863 1876
1865 1936
1867 1917
1872 1881
1873 1988
1875 1938
1876 1941
1880 1994
1886 1957
1890 1897
1890 1906
1891 1956
1891 1976
1901 1929
1907 1948
1910 1925
1911 1930
1914 1975
1925 1984
1945 1992
1966 1993