2000
1 206
1 276
1 364
1 537
1 1236
1 1277
1 1832
2 778
2 1599
3 1129
3 1799
4 137
4 531
4 724
4 1308
4 1829
5 20
5 1091
5 1176
5 1660
5 1998
6 264
6 391
6 488
6 550
6 856
6 1553
6 1641
7 279
7 550
7 808
7 822
8 619
8 694
8 764
8 782
8 1691
9 1547
9 1602
9 1657
10 1022
10 1143
10 1461
10 1620
10 1636
11 542
11 1689
11 1987
12 561
12 905
12 1283
12 1519
12 1540
13 131
13 902
13 919
13 1072
13 1434
14 210
14 531
14 1518
14 1713
15 347
15 642
15 670
15 1045
15 1275
16 578
16 688
16 935
16 1155
16 1206
16 1632
16 1995
17 500
17 584
17 1654
17 1783
18 77
18 392
18 781
18 1185
18 1289
18 1439
18 1622
19 792
19 1058
19 1070
19 1141
19 1292
19 1459
19 1471
19 1675
19 1731
20 506
20 821
20 836
20 888
20 1318
20 1428
20 1636
20 1704
21 313
21 331
21 1267
21 1273
21 1809
22 165
22 531
22 587
22 745
22 842
22 850
22 1594
22 1668
22 1781
23 50
23 1759
24 400
24 421
24 773
24 1572
25 196
25 436
25 643
25 693
25 777
25 1191
25 1322
26 130
26 397
26 1079
26 1277
26 1324
26 1426
27 622
27 1026
27 1168
27 1572
27 1830
28 370
28 858
28 1383
28 1803
29 218
29 805
30 1347
30 1402
30 1923
32 449
32 618
32 670
33 318
33 351
33 1260
34 188
34 554
34 620
34 1022
34 1097
34 1144
34 1169
35 436
35 534
35 688
35 696
35 762
35 1487
36 484
36 890
36 1047
36 1220
36 1305
36 1589
36 1730
36 1782
37 674
37 1004
37 1020
37 1284
37 1626
37 1675
37 1764
38 320
38 493
38 498
38 1442
38 1780
39 113
39 270
39 705
39 837
39 1473
39 1577
39 1857
40 256
40 1097
40 1729
40 1893
40 1935
41 481
41 511
41 622
41 1144
41 1236
41 1443
41 1587
42 320
42 383
42 1255
42 1726
42 1749
42 1959
43 344
43 430
43 479
43 496
43 658
43 815
43 959
43 1006
43 1036
43 1838
44 192
44 613
44 682
44 711
44 812
44 1287
44 1412
44 1691
45 356
45 896
45 1091
46 54
46 164
46 768
46 1887
47 1298
47 1309
47 1578
47 1975
48 180
48 446
48 1525
49 314
49 703
49 1705
50 131
50 378
50 748
51 657
51 1002
51 1938
52 315
52 469
52 807
52 1404
52 1691
52 1807
52 1837
52 1880
53 244
53 833
53 1010
53 1696
53 1709
54 298
54 440
54 507
54 638
54 1315
54 1703
54 1885
55 597
55 894
56 109
56 1544
57 882
57 1722
58 644
58 926
58 1464
58 1683
58 1707
58 1715
58 1788
59 293
59 310
59 1275
60 1348
61 599
61 1052
61 1165
61 1545
62 251
62 303
62 431
62 477
62 489
62 751
62 1100
62 1178
63 188
63 414
63 471
63 556
63 893
64 218
64 653
64 686
64 849
64 1369
65 152
65 457
65 535
65 991
65 1566
65 1712
65 1814
65 1823
65 1983
66 278
66 682
66 924
66 1378
66 1483
66 1521
66 1635
67 228
67 1578
68 1109
68 1205
68 1386
68 1846
68 1963
69 329
69 529
69 759
69 1503
69 1611
69 1760
69 1786
70 77
70 514
70 1022
71 265
71 1309
71 1353
72 203
72 1144
72 1220
72 1341
72 1824
73 193
73 241
73 462
73 1347
73 1529
73 1643
73 1981
74 132
74 158
74 888
74 1422
74 1739
75 191
75 279
75 287
75 554
75 668
75 736
75 841
75 1031
75 1560
76 615
76 1620
76 1625
77 111
77 809
77 1316
77 1412
77 1546
77 1568
77 1612
77 1742
78 90
78 792
78 1404
78 1458
78 1917
79 1090
79 1278
79 1357
79 1457
79 1563
80 1191
81 91
81 411
81 905
81 1677
82 817
82 1310
82 1843
83 394
83 1278
83 1320
84 419
84 477
84 478
84 623
84 1491
85 184
85 368
85 1724
85 1745
85 1859
85 1890
86 616
86 654
86 1275
86 1675
87 910
87 1346
87 1538
88 194
88 264
88 764
88 1411
88 1733
89 197
89 291
89 367
89 1112
89 1249
89 1358
90 174
90 926
90 998
90 1310
90 1441
91 167
91 218
91 686
91 1092
91 1172
91 1272
91 1601
92 809
92 1044
93 477
93 806
93 833
93 1120
94 224
94 445
94 792
94 1344
94 1678
94 1868
95 245
95 252
95 281
95 479
95 734
95 1698
95 1743
95 1756
96 108
96 109
96 652
96 1321
96 1490
96 1923
97 201
97 452
97 1610
97 1640
97 1681
97 1884
98 1276
98 1340
98 1737
98 1758
99 992
99 1459
99 1959
100 810
100 1243
101 546
101 1055
101 1262
101 1367
101 1406
101 1442
101 1547
102 215
102 315
102 402
102 757
102 867
103 262
103 480
103 1032
103 1863
104 370
104 591
104 734
104 1219
104 1263
104 1786
104 1882
104 1984
105 935
105 1005
105 1324
105 1340
105 1851
106 919
106 1104
106 1243
106 1607
106 1959
106 1971
107 764
107 1577
107 1659
108 1065
108 1244
108 1954
109 122
109 422
109 917
109 968
109 1206
109 1361
109 1487
109 1732
109 1889
109 1936
110 236
110 412
110 896
110 1139
110 1179
110 1250
111 332
111 444
111 787
111 1341
111 1387
111 1514
111 1710
112 376
112 383
112 731
112 1059
112 1126
112 1450
112 1558
113 571
113 996
113 1505
113 1673
113 1994
113 1997
114 539
114 1439
114 1462
114 1849
115 532
115 666
115 872
115 1185
116 260
116 710
116 1495
117 276
117 767
118 710
118 1637
118 1918
119 284
119 431
119 596
119 636
119 728
119 1189
119 1199
119 1494
119 1539
119 1764
120 379
120 434
120 1596
120 1894
120 1912
121 372
121 464
121 786
121 793
121 857
121 1849
122 784
122 1223
122 1230
122 1295
123 218
123 559
123 574
123 1053
123 1099
123 1423
123 1781
123 1859
123 1950
124 887
124 1099
124 1705
125 279
125 577
125 822
125 1158
125 1999
126 691
126 1324
126 1527
126 1548
126 1653
126 1855
126 1969
127 529
127 611
127 642
127 658
127 673
127 1231
127 1530
127 1588
128 396
128 578
128 1010
128 1935
129 447
130 293
130 561
130 800
130 918
130 1295
131 427
131 1565
132 149
132 1210
132 1546
132 1619
133 250
133 259
133 314
133 525
133 798
133 906
133 974
133 1493
134 138
134 529
134 1586
134 1668
134 1910
134 1982
135 698
135 707
135 998
135 1214
135 1383
135 1524
135 1558
136 570
136 959
136 1243
136 1258
136 1418
137 959
137 1879
138 283
138 439
138 534
138 570
138 814
138 971
138 1228
138 1454
138 1502
138 1834
139 429
140 872
140 876
140 1328
140 1653
141 224
141 621
141 744
141 1943
142 240
142 663
142 718
142 923
142 1272
142 1385
142 1649
143 1430
144 557
144 777
144 1261
144 1364
144 1380
145 1405
145 1703
146 243
146 325
146 820
146 1633
147 750
147 876
147 1307
147 1450
147 1898
148 250
148 571
148 605
148 1151
148 1551
149 182
149 1265
149 1769
150 508
150 731
150 936
150 1405
150 1544
150 1806
151 211
151 313
151 1038
151 1190
151 1901
151 1960
152 208
152 413
152 880
152 891
152 1089
152 1349
152 1521
152 1910
153 1225
154 516
154 1165
154 1291
154 1437
154 1956
155 432
155 837
156 1730
157 501
157 769
157 1289
157 1317
157 1609
157 1777
158 291
158 638
158 755
158 771
158 935
158 1222
158 1878
158 1944
159 479
159 622
159 675
159 687
159 748
160 442
160 568
160 1287
161 864
161 1022
161 1787
162 524
162 1675
162 1760
162 1845
163 748
163 879
163 1149
163 1334
163 1398
163 1399
163 1741
163 1767
164 702
164 740
164 924
165 650
165 882
165 905
165 1214
165 1400
165 1469
165 1567
165 1627
165 1680
166 742
166 812
166 1043
166 1214
166 1275
166 1997
167 973
167 1818
167 1935
168 1127
168 1749
168 1797
168 1967
169 336
169 515
169 808
169 1189
169 1602
169 1673
170 423
170 494
170 1037
170 1290
170 1495
170 1758
171 266
171 292
171 376
171 433
171 1726
171 1978
172 481
172 766
172 1969
173 478
173 520
173 1398
173 1617
173 1906
173 1940
174 264
174 473
174 783
174 826
174 979
174 1151
174 1674
175 304
175 510
175 859
175 1079
175 1322
175 1960
176 841
176 1404
176 1477
177 310
177 1060
177 1335
177 1590
177 1637
177 1724
177 1875
178 231
178 911
178 1056
178 1082
178 1139
178 1388
178 1403
178 1848
178 1994
179 197
179 643
179 1043
179 1105
179 1163
179 1248
179 1407
179 1427
180 375
180 745
180 1253
180 1281
181 324
181 565
181 1327
181 1609
181 1626
182 386
183 542
183 665
183 1467
183 1563
183 1778
183 1806
184 663
184 675
184 742
184 916
184 927
184 1054
184 1064
184 1440
184 1470
184 1698
184 1813
184 1819
184 1841
185 597
185 972
185 1128
185 1153
185 1574
185 1788
186 569
186 1689
187 269
187 280
187 1192
187 1674
187 1751
187 1937
188 192
188 1305
188 1347
188 1365
188 1623
188 1637
188 1658
188 1677
189 444
189 714
189 831
189 1065
189 1449
190 363
190 569
190 983
190 1069
190 1526
190 1736
190 1925
191 1580
191 1868
191 1983
191 1987
192 394
192 534
192 675
192 694
192 873
192 1191
192 1586
193 615
193 771
193 1219
193 1434
193 1958
194 307
194 992
194 1133
194 1824
195 439
195 467
195 651
195 673
195 1308
196 666
196 699
196 966
197 292
197 932
197 993
197 1161
197 1446
197 1482
197 1491
197 1717
197 1839
197 1873
198 219
198 362
198 520
198 1121
198 1668
198 1853
199 293
199 957
200 721
200 777
200 874
200 1137
200 1218
200 1364
200 1456
200 1590
201 246
201 533
201 837
201 1029
201 1183
201 1965
202 819
202 941
202 1169
202 1689
203 585
203 630
203 643
203 903
203 1748
204 327
204 328
204 1240
204 1409
204 1926
205 1865
206 586
206 718
206 737
206 1017
206 1312
206 1495
206 1518
206 1807
206 1957
207 219
207 906
207 1384
207 1854
207 1942
208 241
208 616
208 1307
208 1393
208 1668
209 1116
209 1136
209 1592
209 1838
209 1960
210 627
210 1423
210 1691
210 1801
211 226
211 530
211 1315
211 1607
211 1723
211 1739
211 1822
212 469
212 661
212 849
212 1473
212 1774
213 294
213 933
213 1022
213 1642
214 218
214 332
214 360
214 611
214 698
214 1110
214 1716
215 742
215 1046
215 1367
215 1713
215 1745
216 756
216 836
216 841
216 941
216 1059
216 1571
217 321
217 733
217 996
217 1271
217 1296
217 1487
217 1642
218 633
218 876
219 554
219 786
219 1072
219 1243
219 1438
219 1903
220 281
220 363
220 415
220 553
220 873
220 1606
220 1651
220 1838
220 1934
221 286
221 500
221 1237
221 1254
221 1645
221 1662
221 1688
222 325
222 359
222 1239
222 1468
222 1832
223 535
223 1009
223 1314
223 1365
224 322
225 440
225 446
225 1225
226 283
226 328
226 659
226 811
226 1203
226 1399
226 1467
226 1605
226 1700
227 772
227 1908
228 622
228 694
228 1030
228 1153
228 1282
228 1431
228 1643
229 1263
230 260
230 569
230 736
230 876
230 1597
231 885
231 913
231 929
232 427
232 621
232 1241
232 1411
233 654
233 748
233 846
233 993
233 994
233 1010
233 1101
233 1218
233 1471
233 1976
234 500
234 606
234 936
234 1342
235 367
235 623
235 1225
235 1288
235 1292
235 1606
236 568
236 897
236 1430
236 1783
236 1986
237 1022
237 1169
237 1872
238 266
238 783
238 1378
238 1419
238 1617
238 1689
239 573
239 812
240 939
240 1090
240 1115
240 1356
240 1867
241 681
241 1026
241 1867
241 1989
242 642
242 727
242 876
242 1215
243 289
243 1346
243 1448
244 393
244 670
244 1015
244 1216
244 1228
245 708
245 951
245 987
245 1128
245 1129
245 1715
245 1886
247 288
247 1079
247 1292
248 851
248 1818
248 1988
249 622
249 755
249 802
249 1498
250 368
250 430
250 444
250 1228
250 1587
250 1893
250 1939
251 865
251 1682
252 435
252 966
252 1195
252 1345
252 1737
252 1845
253 814
253 1427
253 1602
253 1626
254 364
254 696
254 886
254 1282
254 1290
254 1736
254 1906
255 1431
255 1603
255 1820
256 692
256 1376
256 1467
256 1481
256 1788
256 1870
257 492
257 1368
257 1651
257 1836
258 644
258 797
258 1151
258 1222
258 1296
258 1379
258 1543
259 289
259 509
259 914
259 1029
259 1998
260 1081
260 1241
260 1647
261 1019
261 1311
262 514
262 992
263 451
263 847
263 887
263 1325
263 1972
264 1071
265 290
265 1267
265 1672
266 638
266 1224
267 349
267 739
267 816
267 841
267 1330
267 1641
267 1889
268 803
268 917
268 1017
268 1999
269 526
269 1682
270 776
270 848
270 1545
270 1571
270 1646
270 1739
270 1776
271 562
271 1231
271 1301
271 1588
272 630
272 1000
272 1477
272 1502
272 1783
273 372
273 375
273 1015
273 1062
273 1307
274 467
274 1181
274 1377
274 1603
275 684
275 792
276 1612
276 1616
277 467
277 551
277 616
277 1776
278 551
278 677
278 843
278 894
278 934
278 1930
279 962
279 1094
280 855
280 920
280 1645
280 1862
281 1503
281 1587
282 1105
282 1540
282 1682
282 1700
282 1875
283 1239
283 1677
284 401
284 880
284 1747
284 1759
284 1803
284 1839
284 1869
284 1897
284 1934
285 407
285 532
285 947
285 1058
286 323
286 697
286 748
286 828
286 1151
287 1972
288 1107
288 1482
289 532
289 715
289 932
289 1033
290 360
290 786
290 1461
291 929
291 1142
291 1223
291 1224
291 1888
292 1010
292 1661
292 1713
293 751
293 800
293 937
293 1383
293 1797
294 1143
294 1321
294 1425
294 1572
296 298
296 1104
296 1467
296 1678
296 1877
296 1887
297 365
297 410
297 478
297 651
297 999
297 1727
298 404
298 665
298 765
298 1066
298 1393
298 1497
298 1857
299 318
299 1271
299 1829
300 311
300 728
300 834
300 1238
301 888
301 1528
301 1570
301 1898
301 1926
302 471
302 563
302 641
302 1111
302 1398
302 1413
302 1681
303 1329
303 1986
304 482
304 711
304 1395
304 1591
305 346
305 733
305 861
305 877
305 1196
305 1595
305 1762
305 1914
305 1960
306 446
306 1355
306 1449
306 1585
307 472
307 558
307 595
307 780
307 1096
307 1521
308 1917
309 863
309 1128
309 1143
309 1195
309 1248
310 980
311 701
311 914
311 1122
311 1571
311 1834
311 1871
311 1928
312 515
312 932
312 979
312 1620
312 1714
312 1945
313 579
313 890
313 1404
313 1661
313 1698
314 563
314 701
314 943
314 1592
314 1841
314 1918
315 718
315 918
315 1338
315 1582
316 1824
316 1894
317 828
317 856
317 1207
317 1467
317 1683
317 1883
318 761
318 931
318 1765
319 467
319 1207
319 1445
319 1532
319 1794
320 466
320 1378
320 1421
320 1806
321 378
321 765
321 937
321 1022
321 1052
321 1359
321 1745
322 1093
322 1209
322 1269
322 1523
322 1886
323 463
323 706
323 849
323 877
323 1035
324 773
324 850
324 1576
324 1959
325 1596
325 1953
326 691
326 1259
327 679
328 974
328 1389
329 404
329 889
329 1083
329 1175
329 1865
330 1000
330 1025
330 1273
330 1539
330 1895
331 474
331 672
331 697
331 1010
331 1419
332 608
332 1529
332 1938
332 1959
333 689
333 939
333 1030
333 1102
333 1179
333 1216
333 1302
333 1555
333 1806
333 1942
333 1972
334 625
334 630
334 1128
335 830
335 939
335 1363
336 1165
336 1697
336 1744
337 403
337 1002
337 1098
337 1588
337 1618
338 366
338 1135
339 522
339 564
339 1368
339 1552
339 1889
340 343
340 509
340 1978
341 576
341 909
341 1354
341 1711
342 1201
342 1480
342 1503
342 1848
342 1998
343 572
343 584
343 914
343 1117
343 1857
344 354
344 1020
344 1048
344 1107
344 1218
344 1609
344 1764
345 1102
345 1175
346 1966
347 586
347 956
347 1233
347 1502
347 1862
348 975
348 1070
348 1164
348 1686
348 1955
349 1119
349 1144
349 1293
350 1032
350 1331
350 1598
351 937
351 1126
351 1936
352 864
352 1206
352 1418
352 1835
353 693
353 779
353 836
353 1003
354 1074
354 1629
354 1734
354 1745
354 1851
354 1974
355 392
355 892
355 1091
355 1138
355 1150
355 1267
355 1829
356 1236
356 1280
356 1705
357 1251
358 1659
358 1877
358 1978
359 495
359 1420
359 1767
360 811
360 1129
360 1173
360 1848
361 1228
361 1680
361 1877
361 1924
362 410
362 641
362 1071
362 1105
362 1917
363 627
363 673
363 785
363 1489
363 1609
363 1833
364 781
364 1430
364 1910
365 1456
365 1482
365 1624
366 534
366 565
366 789
366 1135
366 1184
366 1248
366 1263
366 1985
367 499
367 944
367 1282
367 1605
367 1945
368 508
368 667
368 681
368 977
368 1507
368 1695
368 1843
368 1932
369 791
369 1580
369 1823
370 1385
370 1932
371 1080
371 1416
371 1535
371 1554
371 1620
371 1791
371 1961
372 1031
372 1267
373 916
373 1753
373 1808
373 1865
374 619
374 1034
374 1160
374 1978
375 1051
375 1090
375 1330
375 1384
375 1474
375 1637
376 787
376 1375
376 1709
376 1820
376 1908
377 398
377 917
377 1055
377 1310
378 559
378 1241
378 1828
379 503
379 1104
379 1765
379 1823
380 754
380 1007
380 1131
380 1840
380 1841
380 1930
381 582
381 740
381 844
381 944
381 1395
382 1077
382 1341
382 1654
383 803
383 1260
383 1604
384 734
384 940
384 1205
385 1132
385 1521
386 772
386 1635
386 1807
386 1925
387 1321
387 1734
388 402
388 579
388 992
388 1178
388 1657
388 1681
389 572
389 1841
389 1954
390 550
390 1563
390 1923
391 464
391 1773
392 623
392 729
392 1531
393 827
393 1135
393 1167
393 1244
393 1283
393 1309
393 1662
393 1746
393 1986
394 443
394 528
394 1330
394 1985
395 597
395 773
395 1608
395 1943
396 1423
396 1991
397 405
397 758
397 1641
398 895
398 1317
398 1403
398 1439
398 1547
398 1650
399 735
399 897
399 1025
399 1075
399 1225
399 1324
399 1484
399 1718
400 1120
400 1441
401 599
401 854
401 1130
401 1157
401 1166
402 470
402 847
402 1271
402 1615
403 486
403 606
403 629
403 666
403 955
403 1706
404 1110
405 1200
405 1230
405 1259
405 1460
405 1990
405 1992
406 425
406 634
406 1023
406 1349
406 1681
407 552
407 1142
407 1778
408 551
408 1215
408 1944
409 449
409 547
409 996
409 1174
409 1418
409 1505
410 1107
410 1321
410 1386
410 1529
410 1844
411 707
411 726
411 788
411 1189
411 1222
411 1491
411 1664
412 904
412 1128
412 1569
412 1854
413 459
413 923
413 1126
413 1536
413 1685
414 785
414 1286
414 1581
414 1682
414 1898
415 792
415 870
415 1159
415 1563
415 1574
415 1706
415 1911
416 498
416 522
416 602
416 1045
416 1076
416 1789
417 474
417 586
417 700
417 1036
417 1343
417 1827
418 928
418 1086
419 533
419 545
419 1033
420 727
420 1202
420 1203
420 1327
420 1373
420 1874
420 1936
421 526
421 571
421 775
421 823
421 912
421 1990
422 433
422 913
422 1057
422 1366
422 1441
423 435
424 709
424 720
424 735
424 846
424 1159
424 1776
424 1994
425 509
425 776
425 810
426 896
426 1096
426 1438
427 473
427 1872
427 1945
428 538
428 848
428 1217
428 1793
429 528
429 1007
429 1015
429 1174
429 1357
429 1892
430 598
430 977
430 1181
430 1393
430 1431
430 1760
430 1894
431 783
431 1060
431 1116
431 1294
431 1365
431 1493
431 1496
431 1613
431 1796
432 627
432 1605
432 1633
432 1814
432 1929
433 455
433 720
433 1234
433 1285
433 1870
433 1880
434 711
434 941
434 1133
434 1542
434 1555
434 1871
435 1358
435 1432
435 1734
436 1212
436 1893
437 665
437 779
437 1966
438 548
438 1541
438 1548
438 1549
439 716
439 1124
439 1131
439 1236
439 1403
439 1516
439 1998
440 1157
440 1279
440 1443
441 599
441 1436
441 1552
441 1553
441 1673
441 1811
442 521
442 1118
442 1126
442 1728
443 909
443 1263
443 1790
444 741
444 967
444 1839
445 573
445 1016
445 1326
446 939
446 1314
446 1662
447 1467
448 566
448 934
448 954
448 1845
449 492
449 946
449 1191
450 1285
450 1624
450 1642
451 1178
451 1251
451 1271
451 1581
451 1650
451 1822
452 1395
452 1632
452 1645
452 1827
453 522
453 733
453 1125
453 1873
454 689
454 1036
454 1521
455 1583
455 1832
456 1010
456 1214
456 1233
456 1764
457 1749
458 831
458 975
458 1200
458 1522
458 1825
459 767
459 1294
459 1509
459 1639
459 1941
460 780
460 1017
460 1274
460 1372
460 1726
460 1952
461 759
461 1048
462 679
462 789
462 1183
462 1661
462 1843
463 1146
463 1399
463 1456
463 1825
464 470
464 505
464 1354
464 1955
465 606
465 1521
465 1628
465 1639
465 1903
466 607
466 1179
466 1228
466 1373
466 1714
467 1039
467 1534
467 1764
468 1110
468 1385
469 616
469 866
469 1422
469 1502
469 1530
469 1743
469 1798
469 1949
470 735
470 757
470 823
470 923
470 1419
470 1502
470 1721
471 1100
472 656
472 880
473 1365
473 1572
473 1608
473 1891
474 502
474 508
474 638
474 925
474 1031
474 1315
474 1942
475 1026
475 1207
475 1824
475 1894
476 992
476 1061
477 1527
478 938
479 1450
479 1494
479 1742
480 497
480 1632
481 673
481 1215
481 1246
481 1649
481 1967
482 887
482 1105
483 1117
483 1146
483 1206
483 1593
483 1981
484 499
484 691
484 1228
484 1549
484 1702
484 1732
485 542
485 863
485 917
485 1176
485 1765
486 520
486 530
486 1180
486 1830
486 1916
487 545
487 1722
487 1985
488 1266
488 1416
488 1443
488 1713
489 1158
489 1829
490 733
490 1958
491 1234
491 1397
491 1874
492 1653
492 1678
492 1874
493 543
493 662
493 1165
493 1512
494 553
494 1450
494 1991
495 540
495 1066
495 1108
495 1551
495 1588
495 1669
495 1682
496 600
496 988
496 1555
496 1598
496 1664
497 1157
497 1249
497 1743
497 1747
497 1830
497 1932
498 802
498 939
498 1518
498 1564
498 1637
499 616
499 1840
500 659
500 788
500 893
500 1495
500 1502
501 933
501 1105
502 1016
502 1235
504 773
504 1323
504 1456
504 1543
504 1926
505 1580
505 1932
506 774
506 1556
506 1839
506 1954
507 678
507 1531
507 1956
508 622
508 979
508 1577
508 1859
509 759
509 1775
509 1868
510 648
510 1488
511 769
511 1030
512 1197
512 1438
512 1722
513 515
513 1010
513 1382
513 1715
515 530
515 813
515 1426
516 1003
516 1453
516 1649
516 1859
517 797
517 1377
517 1770
518 1951
519 597
519 642
519 1011
519 1244
520 1140
520 1275
520 1826
520 1866
521 906
521 1364
521 1611
521 1986
522 669
522 720
522 893
522 1297
522 1918
523 842
523 1439
523 1903
524 1258
524 1549
524 1551
524 1812
524 1872
525 683
525 800
525 891
525 936
525 1052
525 1159
525 1172
526 539
526 581
526 1083
526 2000
527 682
527 732
527 955
527 1129
527 1272
527 1544
527 1898
528 847
528 984
528 1000
528 1300
528 1513
528 1661
529 599
529 639
529 1195
529 1214
530 1736
530 1862
531 1437
531 1691
531 1798
532 790
532 1204
532 1415
532 1508
532 1886
532 1900
533 667
533 1318
534 825
534 843
534 1673
534 1753
535 554
535 694
535 823
535 1618
536 1971
537 676
537 1259
538 1120
538 1491
538 1545
539 583
539 698
539 798
539 997
539 1651
539 1883
540 584
540 1700
542 605
542 1005
542 1339
542 1774
543 1869
543 1971
544 649
544 756
544 1315
544 1345
544 1366
546 1046
546 1257
546 1422
546 1770
547 834
547 1867
548 688
548 1177
548 1327
548 1567
549 783
550 632
550 999
550 1161
550 1656
550 1679
550 1778
551 681
551 1388
551 1624
551 1687
552 1050
552 1951
552 1987
552 1997
553 857
553 1206
553 1683
554 560
554 1142
554 1314
554 1334
554 1360
554 1685
555 713
555 963
555 1276
555 1394
556 1116
556 1426
556 1442
557 1640
558 667
558 727
558 1323
558 1509
559 612
559 1136
560 1126
560 1714
560 1783
560 1924
561 773
561 1268
561 1402
561 1874
563 754
563 1106
563 1765
564 705
564 886
564 1371
564 1385
565 669
565 723
565 759
566 903
566 1625
566 1661
566 1903
567 832
567 1500
567 1888
568 925
569 806
569 1227
569 1305
570 574
570 740
571 817
571 973
571 1331
571 1421
571 1726
571 1925
572 661
572 913
572 1765
573 662
573 1420
573 1541
573 1596
574 865
574 1285
574 1288
574 1660
574 1797
575 937
575 1175
575 1273
576 1100
577 680
577 692
577 1377
577 1407
577 1573
577 1684
578 1104
578 1262
578 1764
578 1867
578 1960
580 745
580 761
580 779
580 1187
581 754
581 1070
581 1345
581 1387
581 1479
581 1583
582 620
582 1208
582 1601
583 622
583 748
583 775
583 797
583 954
583 1688
584 1716
585 661
585 666
586 1330
586 1591
586 1707
586 1961
587 812
587 1163
587 1208
587 1307
588 1517
588 1522
589 600
589 844
589 858
589 1751
590 859
590 1720
590 1789
590 1943
591 824
591 1389
591 1508
591 1795
592 909
592 1295
592 1885
593 710
593 1327
594 1025
594 1286
594 1472
594 1516
594 1699
595 1037
595 1615
595 1679
596 863
596 953
596 1351
596 1361
596 1409
596 1955
597 813
597 827
597 1341
597 1675
597 1682
598 613
598 1246
598 1318
598 1430
598 1662
598 1892
599 651
599 893
599 1063
599 1446
600 770
601 1241
601 1265
601 1397
601 1801
602 673
602 1301
602 1840
603 807
603 904
603 956
603 1114
603 1248
603 1262
603 1488
603 1743
604 1947
605 872
605 1805
606 1152
606 1257
607 1245
607 1732
608 1805
609 1398
609 1615
609 1675
610 1843
610 1854
611 678
611 726
611 1113
612 624
612 1065
612 1233
612 1315
613 635
613 1257
613 1550
613 1863
614 1311
614 1804
615 843
615 1305
615 1896
616 811
617 1062
617 1462
618 761
618 933
618 1110
618 1213
618 1336
618 1373
618 1498
619 781
619 1068
619 1473
619 1482
619 1879
620 636
620 806
620 1266
620 1363
620 1895
621 837
622 1373
622 1598
623 1361
623 1663
624 639
624 1644
624 1958
625 955
625 986
625 1072
625 1084
625 1257
625 1629
626 773
626 1082
626 1288
626 1505
627 836
627 1493
627 1613
627 1920
628 1608
628 1636
628 1688
629 1182
630 874
630 890
630 1259
630 1700
631 755
631 1526
631 1995
632 651
632 868
632 1035
632 1064
632 1528
632 1683
633 937
633 1755
635 1092
636 895
636 903
636 1268
636 1306
636 1641
637 1331
637 1374
637 1588
638 793
638 1121
638 1291
638 1542
638 1901
639 1026
639 1211
639 1661
640 1534
640 1556
640 1595
641 797
641 948
641 1004
641 1658
642 1051
642 1250
642 1484
643 1028
643 1512
643 1805
644 871
644 1422
645 1060
645 1982
646 1528
646 1568
648 1393
649 855
649 964
650 866
650 1290
650 1300
650 1819
651 672
651 989
651 1156
652 936
652 1548
653 710
653 835
653 1449
654 855
654 1081
654 1277
655 1440
655 1846
656 722
656 962
656 1503
656 1619
656 1622
656 1786
656 1787
656 1795
657 953
657 1959
658 1114
658 1122
658 1252
658 1438
658 1698
659 1212
659 1745
659 1747
660 718
660 1100
660 1709
661 1805
662 1665
663 715
663 1487
663 1699
663 1707
663 1742
664 695
664 1279
664 1485
664 1688
665 834
665 990
665 1084
665 1187
665 1444
665 1761
666 695
666 1095
666 1195
666 1536
667 732
667 1449
667 1510
667 1625
668 734
668 797
668 1751
668 1764
669 1126
670 953
670 1696
671 674
671 895
671 915
671 1468
671 1492
671 1788
671 1914
672 977
672 1073
672 1143
672 1377
672 1614
672 1683
672 1706
673 793
673 1864
674 859
674 882
674 1875
675 1078
675 1122
675 1555
675 1556
675 1769
677 1165
677 1468
677 1738
677 1903
677 1910
677 1943
678 929
678 1509
678 1534
678 1835
678 1949
679 790
679 1736
679 1807
680 996
680 1544
681 1071
681 1274
682 852
682 891
682 1007
683 710
683 846
683 1040
683 1396
683 1620
683 1882
684 1141
684 1231
684 1279
685 1093
685 1334
685 1837
686 998
686 1209
686 1311
687 1595
687 1978
688 1489
688 1609
689 1669
689 1781
690 1095
690 1270
690 1358
690 1400
690 1472
690 1548
690 1909
691 1154
691 1735
691 1796
691 1896
691 1916
692 1003
692 1678
693 1203
693 1627
693 1654
693 1715
694 815
695 1281
696 1626
696 1879
698 867
698 1378
698 1862
698 1917
699 1104
699 1998
700 1266
700 1706
700 1718
701 977
701 1638
702 1017
702 1292
702 1856
703 707
703 889
703 1017
704 782
704 890
704 1276
704 1311
704 1407
704 1986
705 1159
705 1310
705 1626
705 1953
706 851
706 1459
706 1908
707 1237
707 1344
707 1668
707 1827
707 1888
708 1135
708 1157
708 1664
708 1893
709 1799
709 1852
710 1286
711 1287
711 1500
711 1516
712 805
712 822
713 733
714 1039
714 1088
714 1285
714 1528
714 1821
714 1996
715 1047
715 1165
715 1223
715 1744
716 1123
716 1249
716 1306
716 1823
717 873
717 1841
718 1189
718 1599
719 953
719 1212
719 1376
719 1479
719 1558
720 776
720 817
720 1211
720 1225
720 1228
720 1464
720 1651
720 1734
720 1815
721 973
721 1045
722 1080
722 1313
722 1383
722 1678
722 1724
722 1974
723 1071
723 1430
723 1815
723 1892
724 1520
725 911
725 1049
725 1189
725 1805
726 1624
727 1196
727 1436
727 1578
728 892
728 1832
729 949
730 1063
730 1087
730 1290
730 1352
730 1771
731 961
731 965
731 999
731 1306
731 1645
732 1120
733 877
733 1278
733 1310
734 874
734 1667
735 807
735 1438
735 1496
735 1502
735 1530
736 914
736 1720
736 1826
736 1855
737 1331
737 1933
739 876
739 1366
739 1466
739 1751
740 977
740 1155
740 1212
740 1888
741 764
741 1188
741 1338
741 1980
742 950
742 1014
742 1214
742 1785
743 1092
743 1475
743 1653
744 892
744 1395
744 1643
745 1010
745 1323
745 1372
745 1460
745 1941
746 846
746 864
746 1648
747 929
747 1409
747 1612
748 1032
748 1266
749 758
749 1578
749 1818
750 1035
750 1215
750 1275
751 1240
751 1630
752 1061
752 1066
752 1541
752 1676
754 784
754 869
754 1008
754 1778
754 1798
754 1941
755 977
756 832
756 1080
756 1270
756 1468
756 1689
756 1860
757 868
757 1374
757 1646
757 1732
757 1842
758 1817
758 1964
759 890
759 989
759 1142
759 1262
760 1085
760 1981
760 1986
761 921
761 1937
761 1976
762 1375
762 1927
763 900
763 1134
763 1147
763 1177
764 1336
764 1486
765 1198
765 1597
765 1654
765 1700
765 1816
766 892
766 937
766 1830
767 891
767 1221
767 1290
767 1896
768 906
768 924
768 1179
769 1042
769 1322
769 1389
769 1807
770 784
770 1119
770 1515
770 1658
771 1132
771 1603
772 1277
773 922
773 1151
773 1353
773 1764
774 983
774 1086
774 1115
774 1784
774 1967
775 816
775 1030
775 1117
775 1126
776 992
776 1063
776 1397
776 1431
776 1676
776 1877
776 1953
777 877
777 1793
777 1812
777 1873
778 796
778 871
778 1392
778 1439
779 932
779 1814
779 1915
780 1250
780 1818
780 1971
781 1193
781 1528
781 1583
781 1747
782 1086
782 1299
782 1613
782 1977
783 909
783 1252
783 1259
783 1418
783 1855
783 1899
783 1944
784 1375
784 1513
784 1515
784 1667
784 1752
785 804
785 868
786 1367
786 1385
786 1386
787 925
788 1271
788 1676
788 1738
788 1865
789 1807
790 1333
790 1483
790 1603
790 1884
791 1213
791 1464
791 1604
791 1688
791 1922
791 1935
792 845
792 849
792 906
792 932
792 1247
792 1261
792 1396
793 1492
793 1755
793 1770
793 1789
793 1809
794 819
795 1598
795 1625
795 1806
796 1109
796 1214
796 1572
796 1629
796 1720
796 1991
797 806
797 998
797 1430
797 1457
797 1708
797 1846
798 1237
798 1588
798 1880
799 978
799 1246
799 1360
799 1375
799 1382
799 1819
800 972
800 1817
801 1115
801 1221
801 1540
801 1589
802 958
802 1076
802 1101
802 1170
802 1456
802 1810
803 936
803 1076
803 1479
804 1099
804 1358
804 1566
804 1638
804 1738
804 1961
805 812
805 1129
805 1439
805 1642
805 1809
806 992
806 1281
806 1465
806 1657
807 853
807 1121
807 1132
807 1730
808 1044
808 1190
808 1286
808 1589
809 1031
809 1504
809 1581
809 1599
810 1757
810 1898
811 1209
811 1371
811 1701
812 1668
812 1920
813 1488
814 973
814 1607
816 1310
816 1569
816 1718
816 1987
817 1221
817 1224
817 1894
817 1935
819 1336
819 1559
819 1778
821 850
821 864
821 946
821 1350
821 1635
821 1734
821 1787
821 1826
822 1062
823 1029
823 1496
824 986
824 1106
824 1334
824 1733
825 1089
825 1126
825 1972
825 1996
826 1057
826 1270
826 1818
827 1072
827 1148
827 1572
827 1707
827 1772
828 1058
828 1527
828 1573
828 1841
828 1843
829 868
829 1341
829 1445
830 1474
831 1118
831 1122
831 1303
831 1379
831 1660
831 1843
832 1237
832 1631
833 1004
835 1023
835 1719
835 1731
835 1859
837 1065
837 1508
837 1590
837 1615
837 1625
838 1245
838 1656
838 1988
839 1146
839 1527
839 1930
840 1831
840 1951
841 918
841 1260
842 1312
843 1265
843 1376
843 1480
843 1845
844 964
844 1127
844 1529
844 1703
845 1274
846 1335
846 1478
847 1024
847 1779
848 860
848 870
848 1452
848 1987
850 1061
850 1484
850 1967
851 1232
851 1249
851 1291
852 902
852 1094
852 1414
853 1400
854 1352
854 1480
855 1114
855 1732
856 1457
856 1551
857 1320
858 1742
859 1205
860 1202
860 1267
860 1430
860 1841
861 1310
861 1714
862 1795
863 1111
863 1830
863 1985
864 1109
864 1270
864 1566
865 993
865 1327
865 1804
866 896
866 952
866 1063
866 1089
866 1163
866 1448
866 1607
866 1849
867 900
867 1723
868 1304
869 912
869 1972
870 1872
871 958
871 963
871 1132
871 1241
871 1274
871 1632
871 1810
872 898
872 1203
872 1962
873 1151
873 1259
873 1597
873 1760
874 1301
874 1434
874 1565
874 1714
874 1739
875 1843
877 1239
877 1581
878 952
878 994
878 1577
879 1780
879 1811
880 1836
880 1926
880 1939
882 1078
882 1210
882 1609
882 1634
883 1209
883 1543
884 1179
885 1030
885 1058
885 1264
885 1378
885 1843
885 1901
887 1842
887 1899
887 1955
888 1029
888 1290
888 1305
888 1820
889 1146
889 1458
889 1842
890 1060
890 1739
890 1862
891 921
891 1502
892 1205
892 1397
893 1452
894 1529
895 1335
895 1663
895 1814
895 1989
896 1184
897 1074
897 1437
898 1333
899 1428
899 1926
900 1954
901 1131
901 1966
902 1018
902 1218
902 1695
902 1872
903 1245
903 1553
903 1631
903 1952
904 945
904 1368
905 1040
905 1170
905 1191
905 1226
905 1510
905 1622
905 1770
906 1270
906 1622
906 1764
907 1024
908 1700
910 968
910 1265
910 1424
910 1471
911 1135
911 1609
911 1705
911 1734
912 1007
912 1108
912 1222
912 1879
912 1926
912 1960
913 983
913 1306
914 1419
914 1636
915 966
915 1401
915 1474
916 1201
916 1938
917 1856
918 1848
919 1771
919 1921
920 946
920 1053
920 1476
921 1480
922 997
922 1010
922 1135
922 1306
924 1356
924 1656
924 1828
924 1916
925 1139
925 1884
926 1013
926 1203
926 1243
926 1663
926 1699
927 1169
927 1467
927 1749
927 1753
928 970
928 1091
928 1203
928 1485
928 1565
928 1671
928 1732
929 1590
929 1870
930 943
930 1171
930 1984
931 1890
933 949
933 1222
933 1359
933 1496
933 1670
933 1884
934 1118
934 1243
934 1267
934 1691
934 1878
934 1888
935 1292
935 1643
936 1431
936 1445
937 1197
937 1549
937 1943
938 1313
938 1845
938 1864
939 1146
939 1605
939 1739
939 1782
939 1929
940 1136
940 1273
940 1376
940 1481
940 1604
940 1829
941 1389
941 1462
941 1604
941 1707
942 1022
942 1275
943 1101
943 1197
943 1606
944 1149
944 1521
944 1723
944 1727
945 1303
946 1781
947 968
947 1315
947 1929
948 1193
948 1263
948 1949
949 1620
949 1824
950 1113
950 1366
950 1432
951 979
951 1511
951 1808
952 965
952 1088
953 1431
953 1707
953 1820
955 1001
955 1501
955 1802
956 1042
956 1216
956 1637
958 1188
959 1374
959 1673
959 1743
960 1809
962 1065
962 1583
963 1443
964 1468
964 1683
964 1881
965 1395
965 1702
966 1986
967 1392
967 1472
967 1945
968 987
968 1990
969 1412
969 1631
971 1043
971 1162
971 1290
971 1716
971 1993
972 1570
972 1798
973 982
973 1108
973 1510
973 1851
974 1738
975 1035
975 1334
975 1972
976 1550
977 1248
977 1749
978 1682
979 1514
979 1558
979 1758
980 1313
980 1907
980 1989
981 1950
982 1169
982 1213
982 1441
982 1716
982 1809
982 1960
983 1091
983 1150
983 1190
983 1413
983 1607
983 1619
984 1049
984 1626
984 1777
984 1869
984 1985
985 1515
985 1595
986 1030
986 1508
986 1653
986 1989
987 1650
987 1715
988 1214
988 1377
988 1948
989 1351
989 1643
989 1957
990 1039
991 1627
991 1799
992 1541
993 1406
993 1573
993 1940
993 1986
994 1044
994 1064
994 1963
995 1053
995 1886
996 1260
996 1973
997 1616
997 1706
998 1458
998 1464
998 1591
999 1559
999 1622
1000 1186
1000 1694
1001 1794
1002 1561
1002 1803
1003 1407
1003 1445
1003 1967
1004 1548
1004 1861
1004 1959
1005 1088
1005 1191
1005 1592
1005 1726
1005 1856
1006 1388
1006 1532
1006 1624
1006 1682
1006 1850
1007 1120
1007 1563
1007 1620
1007 1688
1007 1792
1007 1820
1008 1044
1008 1052
1008 1139
1008 1663
1009 1735
1009 1755
1009 1904
1010 1415
1011 1227
1011 1341
1011 1342
1011 1594
1012 1932
1013 1531
1014 1251
1014 1909
1016 1560
1016 1648
1016 1663
1017 1293
1017 1906
1018 1853
1019 1132
1019 1143
1020 1507
1020 1807
1022 1031
1022 1405
1022 1762
1022 1889
1023 1115
1023 1593
1024 1594
1024 1752
1024 1792
1025 1192
1025 1741
1025 1764
1025 1985
1026 1162
1027 1880
1028 1606
1028 1918
1029 1406
1029 1494
1029 1740
1030 1105
1030 1382
1030 1641
1031 1669
1031 1991
1032 1258
1032 1349
1032 1454
1032 1585
1032 1877
1033 1077
1033 1132
1033 1162
1033 1677
1034 1648
1035 1865
1036 1691
1036 1750
1037 1209
1037 1811
1038 1181
1038 1395
1038 1686
1039 1520
1039 1774
1040 1828
1041 1066
1041 1130
1041 1225
1041 1412
1041 1909
1041 1947
1042 1551
1042 1818
1042 1914
1042 1929
1043 1120
1043 1787
1043 1921
1044 1572
1045 1242
1045 1249
1045 1296
1045 1717
1046 1140
1046 1222
1046 1465
1047 1524
1047 1712
1048 1089
1048 1112
1048 1187
1048 1366
1048 1504
1048 1543
1048 1562
1049 1244
1049 1268
1050 1281
1050 1372
1050 1622
1050 1920
1051 1951
1052 1101
1052 1725
1053 1221
1053 1441
1053 1568
1054 1056
1054 1415
1054 1746
1055 1156
1055 1174
1055 1259
1055 1589
1056 1232
1056 1630
1056 1636
1056 1687
1056 1774
1057 1435
1057 1912
1058 1243
1058 1316
1059 1065
1059 1310
1059 1329
1059 1851
1060 1362
1060 1506
1060 1643
1060 1992
1061 1160
1061 1508
1061 1515
1061 1702
1062 1171
1062 1634
1062 1637
1062 1908
1062 1977
1062 1999
1063 1291
1063 1643
1064 1828
1064 1972
1065 1538
1065 1771
1067 1868
1068 1203
1068 1910
1069 1254
1069 1272
1069 1413
1069 1551
1069 1607
1069 1628
1070 1422
1070 1477
1070 1770
1070 1995
1071 1636
1072 1074
1073 1659
1073 1671
1074 1495
1074 1743
1075 1983
1076 1775
1077 1257
1077 1267
1077 1743
1078 1633
1078 1873
1079 1092
1079 1443
1079 1530
1079 1766
1080 1263
1080 1445
1080 1534
1080 1862
1081 1136
1082 1184
1082 1284
1082 1967
1083 1164
1083 1518
1083 1621
1084 1901
1086 1252
1086 1919
1087 1232
1087 1388
1087 1751
1087 1754
1087 1861
1088 1615
1090 1385
1090 1582
1091 1099
1091 1526
1091 1794
1091 1927
1092 1234
1092 1468
1092 1580
1092 1812
1094 1501
1094 1550
1094 1551
1094 1936
1094 1938
1096 1285
1096 1295
1096 1599
1096 1733
1096 1899
1097 1148
1097 1255
1097 1478
1097 1657
1097 1916
1097 1923
1098 1307
1099 1393
1099 1626
1099 1665
1099 1837
1099 1941
1099 1971
1100 1804
1100 1842
1100 1905
1100 1931
1101 1638
1101 1753
1103 1872
1104 1273
1104 1408
1104 1469
1104 1884
1104 1896
1104 1898
1104 1998
1105 1815
1105 1853
1106 1108
1106 1158
1106 1172
1106 1587
1106 1965
1107 1112
1107 1289
1107 1744
1107 1974
1108 1514
1108 1550
1108 1920
1109 1264
1109 1597
1109 1749
1109 1806
1110 1490
1110 1638
1112 1146
1113 1567
1113 1699
1113 1919
1115 1617
1115 1662
1116 1426
1116 1500
1116 1989
1117 1295
1117 1488
1117 1929
1119 1758
1119 1789
1120 1336
1120 1541
1120 1731
1121 1339
1121 1378
1123 1524
1124 1302
1124 1458
1124 1975
1125 1369
1125 1567
1125 1633
1125 1849
1127 1631
1128 1535
1128 1593
1129 1369
1131 1315
1131 1739
1132 1654
1132 1780
1132 1852
1134 1197
1134 1279
1134 1533
1135 1854
1136 1442
1136 1634
1136 1781
1136 1786
1136 1841
1136 1866
1137 1835
1138 1323
1138 1774
1139 1347
1139 1820
1139 1821
1139 1886
1139 1894
1140 1858
1140 1965
1141 1161
1141 1538
1143 1532
1143 1708
1144 1716
1144 1910
1145 1386
1145 1827
1147 1251
1147 1502
1147 1549
1148 1193
1148 1359
1148 1395
1148 1474
1148 1565
1148 1701
1150 1208
1151 1260
1151 1541
1152 1207
1153 1235
1153 1546
1153 1772
1153 1776
1154 1347
1154 1793
1155 1275
1155 1365
1155 1848
1155 1961
1155 1972
1156 1725
1157 1350
1157 1651
1157 1793
1157 1976
1158 1321
1158 1805
1159 1859
1160 1169
1160 1395
1160 1640
1161 1323
1161 1435
1161 1731
1161 1755
1161 1955
1162 1484
1162 1551
1162 1820
1164 1388
1164 1547
1164 1972
1165 1289
1165 1555
1165 1724
1165 1936
1166 1520
1166 1541
1167 1205
1167 1961
1168 1281
1168 1500
1169 1961
1170 1923
1171 1757
1172 1417
1173 1282
1173 1811
1173 1827
1174 1357
1174 1603
1174 1926
1176 1621
1176 1888
1178 1225
1178 1350
1179 1267
1179 1973
1181 1219
1181 1274
1181 1892
1181 1941
1182 1540
1182 1636
1182 1762
1183 1533
1183 1826
1183 1960
1184 1388
1184 1582
1184 1874
1185 1217
1185 1349
1185 1763
1186 1223
1186 1304
1187 1658
1187 1697
1189 1260
1190 1204
1190 1344
1190 1549
1190 1931
1191 1802
1192 1367
1193 1704
1193 1813
1194 1262
1194 1492
1194 1672
1195 1978
1196 1506
1196 1756
1197 1229
1197 1660
1197 1746
1198 1627
1198 1704
1198 1734
1198 1846
1198 1916
1199 1291
1199 1805
1199 1970
1200 1519
1200 1848
1201 1345
1201 1396
1201 1740
1203 1222
1203 1335
1203 1992
1204 1239
1205 1684
1205 1686
1205 1942
1206 1439
1206 1475
1206 1598
1206 1626
1206 1728
1206 1998
1207 1466
1207 1902
1208 1472
1209 1258
1209 1494
1210 1225
1210 1587
1210 1929
1211 1219
1211 1254
1211 1970
1212 1578
1212 1930
1213 1371
1213 1956
1214 1299
1214 1758
1214 1983
1217 1259
1218 1280
1218 1614
1218 1662
1218 1733
1219 1293
1219 1547
1219 1802
1219 1976
1220 1654
1220 1725
1220 1801
1221 1758
1221 1779
1222 1673
1222 1674
1222 1730
1223 1343
1223 1441
1224 1927
1225 1588
1226 1323
1227 1480
1227 1955
1228 1270
1228 1469
1228 1590
1228 1996
1229 1610
1229 1848
1230 1286
1230 1598
1230 1713
1230 1961
1231 1479
1231 1572
1232 1624
1232 1664
1232 1754
1233 1913
1234 1262
1234 1525
1234 1527
1234 1572
1234 1741
1234 1773
1235 1261
1235 1850
1235 1914
1235 1926
1236 1864
1237 1367
1237 1412
1237 1832
1238 1954
1238 1959
1239 1744
1239 1757
1240 1349
1240 1543
1240 1818
1242 1289
1242 1383
1242 1683
1245 1247
1245 1535
1245 1611
1245 1861
1246 1510
1247 1529
1250 1735
1250 1749
1250 1769
1252 1519
1252 1883
1253 1900
1256 1510
1256 1543
1256 1842
1257 1370
1258 1415
1258 1735
1258 1879
1259 1619
1260 1480
1260 1607
1260 1989
1261 1343
1261 1553
1261 1706
1261 1730
1262 1381
1262 1683
1263 1397
1263 1405
1263 1490
1263 1732
1263 1989
1264 1445
1264 1587
1264 1669
1265 1737
1265 1844
1265 1873
1266 1370
1266 1497
1266 1785
1266 1793
1267 1756
1267 1896
1268 1274
1268 1867
1268 1898
1269 1500
1270 1671
1271 1345
1271 1524
1271 1989
1272 1348
1273 1367
1273 1698
1273 1747
1273 1888
1274 1784
1274 1988
1275 1847
1276 1372
1276 1585
1276 1761
1277 1346
1278 1471
1278 1665
1279 1429
1279 1653
1279 1927
1280 1306
1280 1756
1280 1892
1281 1370
1282 1881
1283 1387
1283 1654
1284 1938
1287 1465
1287 1595
1287 1752
1287 1844
1288 1299
1289 1481
1289 1536
1289 1580
1290 1857
1292 1764
1294 1606
1295 1601
1296 1692
1297 1589
1297 1615
1298 1437
1298 1452
1299 1512
1299 1580
1299 1788
1301 1569
1302 1933
1303 1752
1304 1310
1304 1376
1304 1501
1304 1918
1305 1471
1305 1510
1306 1542
1306 1985
1307 1472
1308 1664
1308 1806
1310 1493
1310 1899
1310 1980
1311 1359
1311 1364
1311 1615
1311 1747
1313 1665
1313 1933
1315 1594
1315 1952
1316 1616
1316 1663
1316 1835
1316 1951
1317 1676
1318 1601
1318 1811
1319 1345
1319 1358
1319 1443
1319 1455
1319 1728
1320 1629
1320 1651
1320 1742
1320 1849
1321 1332
1321 1370
1321 1562
1321 1609
1322 1795
1324 1736
1325 1360
1325 1539
1325 1711
1325 1762
1326 1871
1327 1982
1328 1748
1330 1517
1330 1870
1332 1823
1333 1411
1333 1765
1334 1455
1334 1533
1334 1665
1335 1665
1336 1900
1337 1528
1338 1374
1338 1923
1339 1881
1339 1947
1340 1418
1340 1635
1340 1956
1341 1642
1343 1513
1343 1774
1343 1929
1344 1767
1345 1705
1345 1886
1346 1667
1346 1717
1346 1765
1347 1352
1347 1501
1347 1679
1348 1510
1348 1781
1348 1928
1349 1797
1350 1658
1351 1784
1352 1464
1352 1702
1352 1774
1352 1905
1354 1429
1355 1902
1356 1405
1356 1483
1356 1705
1356 1928
1361 1371
1361 1563
1362 1990
1364 1389
1364 1443
1364 1575
1364 1654
1364 1960
1365 1567
1366 1668
1368 1446
1368 1797
1369 1717
1370 1520
1371 1575
1371 1751
1371 1847
1371 1937
1372 1395
1372 1500
1372 1502
1373 1424
1373 1706
1373 1723
1375 1422
1375 1465
1376 1436
1376 1609
1376 1680
1377 1407
1377 1468
1377 1508
1377 1893
1378 1423
1378 1968
1379 1498
1380 1429
1381 1797
1382 1861
1383 1535
1383 1947
1384 1762
1385 1998
1387 1599
1388 1425
1388 1817
1390 1478
1390 1571
1391 1403
1393 1478
1393 1527
1393 1915
1394 1730
1395 1639
1395 1750
1397 1784
1398 1587
1398 1881
1399 1691
1400 1619
1400 1702
1401 1541
1402 1592
1403 1687
1404 1418
1408 1717
1408 1859
1408 1949
1409 1788
1411 1467
1412 1531
1414 1437
1414 1683
1414 1729
1414 1869
1415 1643
1416 1556
1416 1896
1417 1420
1417 1476
1417 1598
1417 1599
1418 1488
1420 1565
1422 1534
1423 1431
1424 1658
1424 1726
1428 1578
1429 1857
1429 1909
1429 1999
1430 1828
1432 1535
1432 1539
1433 1496
1434 1599
1434 1784
1436 1869
1437 1482
1438 1821
1439 1904
1439 1915
1440 1784
1441 1598
1441 1764
1442 1567
1443 1968
1445 1859
1445 1929
1447 1681
1447 1720
1448 1580
1448 1705
1451 1883
1453 1764
1454 1586
1454 1685
1454 1745
1454 1805
1454 1965
1455 1750
1455 1833
1456 1807
1457 1698
1457 1831
1458 1881
1459 1868
1459 1901
1459 1953
1460 1582
1460 1968
1461 1800
1461 1802
1463 1521
1463 1679
1463 1882
1463 1983
1464 1585
1465 2000
1466 1843
1467 1563
1467 1921
1468 1804
1469 1615
1469 1657
1469 1883
1470 1877
1471 1614
1472 1852
1472 1938
1473 1527
1473 1674
1473 1953
1476 1792
1477 1925
1478 1548
1478 1667
1478 1747
1479 1611
1479 1656
1480 1583
1480 1991
1482 1629
1483 1729
1483 1968
1483 1994
1484 1578
1484 1926
1484 1994
1487 1794
1487 1927
1488 1684
1489 1596
1489 1699
1489 1849
1490 1612
1493 1967
1494 1528
1494 1561
1494 1633
1495 1727
1495 1865
1495 1929
1496 1923
1496 1990
1498 1621
1499 1508
1499 1547
1499 1679
1500 1666
1502 1990
1503 1807
1504 1961
1505 1799
1505 1902
1505 1947
1506 1532
1507 1932
1508 1552
1508 1556
1509 1733
1512 1989
1513 1651
1513 1905
1515 1576
1515 1791
1515 1933
1516 1575
1517 1582
1517 1859
1518 1595
1518 1656
1519 1684
1521 1590
1521 1761
1522 1723
1522 1757
1522 1894
1522 1939
1523 1963
1523 1986
1524 1640
1524 1699
1525 1664
1525 1848
1526 1817
1527 1544
1527 1730
1527 1940
1528 1616
1530 1958
1531 1640
1531 1750
1531 1781
1531 1799
1534 1579
1534 1710
1535 1665
1535 1995
1536 1562
1536 1747
1536 1793
1537 1853
1537 1884
1539 1628
1539 1686
1539 1970
1540 1672
1541 1633
1541 1822
1542 1581
1542 1593
1542 1605
1543 1841
1545 1799
1547 1682
1547 1896
1548 1690
1548 1748
1548 1853
1550 1749
1551 1833
1551 1895
1552 1995
1553 1808
1553 1855
1554 1735
1555 1705
1556 1762
1557 1790
1558 1704
1559 1735
1561 1760
1562 1885
1564 1958
1565 1671
1566 1710
1567 1699
1569 1781
1570 1876
1573 1852
1575 1851
1576 1731
1577 1781
1578 1807
1580 1764
1581 1890
1582 1651
1582 1973
1583 1825
1583 1900
1584 1593
1584 1609
1586 1781
1588 1705
1589 1965
1591 1989
1594 1669
1594 1825
1595 1743
1596 1879
1597 1605
1597 1954
1598 1883
1598 1911
1599 1996
1600 1824
1600 1876
1605 1681
1606 1808
1607 1693
1607 1717
1610 1620
1610 1859
1612 1728
1613 1625
1613 1728
1613 1746
1614 1816
1615 1770
1615 1840
1615 1954
1616 1770
1617 1661
1617 1871
1617 1971
1619 1705
1619 1984
1620 1700
1622 1846
1622 1915
1624 1712
1625 1629
1625 1766
1627 1950
1628 1822
1631 1787
1633 1760
1633 1821
1633 1976
1634 1655
1634 1891
1635 1829
1635 1844
1638 1700
1638 1737
1639 1757
1639 1809
1639 1941
1640 1799
1641 1908
1642 1759
1642 1974
1643 1818
1645 1663
1645 1798
1646 1700
1649 1728
1649 1757
1650 1651
1650 1867
1652 1690
1652 1780
1654 1892
1656 1850
1657 1992
1659 1795
1661 1706
1664 1940
1665 1770
1666 1863
1667 1918
1668 1788
1669 1992
1672 1787
1672 1947
1676 1757
1676 1833
1680 1738
1680 1741
1681 1941
1682 1802
1683 1752
1683 1787
1685 1837
1685 1864
1686 1724
1686 1850
1687 1921
1687 1954
1689 1916
1690 1841
1691 1737
1691 1797
1692 1708
1692 1950
1693 1707
1694 1885
1695 1848
1697 1762
1698 1888
1699 1873
1699 1928
1699 1998
1700 1748
1702 1711
1703 1847
1703 1898
1709 1827
1711 1945
1713 1861
1713 1961
1715 1766
1715 1840
1716 1944
1720 1727
1720 1896
1723 1738
1723 1777
1726 1894
1731 1929
1737 1953
1738 1780
1738 1952
1745 1943
1745 1975
1746 1938
1746 1984
1747 1964
1750 1876
1751 1756
1755 1834
1756 1847
1757 1853
1757 1969
1760 1890
1762 1903
1764 1848
1765 1845
1766 1800
1770 1937
1771 1957
1772 1955
1774 1797
1774 1873
1775 1858
1776 1876
1776 1998
1778 1808
1781 1807
1783 1837
1783 1938
1784 1877
1784 1960
1784 1991
1787 1859
1788 1878
1790 1868
1791 1814
1792 1834
1794 1963
1795 1817
1796 1871
1799 1896
1801 1894
1802 1865
1804 1942
1809 1838
1810 1854
1811 1971
1813 1974
1814 1891
1821 1836
1822 1914
1823 1847
1825 1935
1826 1840
1826 1922
1826 1935
1826 1978
1826 1984
1828 1888
1829 1952
1829 1965
1833 1883
1837 1863
1840 1971
1844 1858
1846 1937
1850 1851
1850 1973
1850 1993
1852 1880
1855 1923
1861 1920
1861 1924
1862 1945
1864 1897
1865 1922
1865 1929
1869 1979
1870 1915
1877 1956
1877 1998
1881 1893
1882 1997
1884 1969
1887 1937
1893 1982
1893 1990
1894 1912
1896 1972
1899 1937
1900 1955
1901 1975
1903 1990
1907 1911
1911 1949
1914 1925
1921 1922
1922 1940
1932 1961
1938 1958
1941 1957
1942 1970
1947 1983
1960 1987
1964 1981
1967 1976
1969 1975
1989 1993