2000
1 87
1 166
1 394
1 432
1 879
1 932
1 1406
2 219
2 618
2 775
2 909
2 985
2 1130
2 1278
2 1442
2 1710
3 58
3 80
3 385
3 541
3 795
3 1057
3 1076
3 1132
3 1658
3 1662
3 1936
4 189
4 1653
5 179
5 964
5 1184
5 1494
5 1966
6 324
6 349
6 397
6 1072
6 1082
6 1710
6 1889
7 188
7 327
7 342
7 1517
7 1594
7 1859
8 239
8 707
8 750
8 753
8 832
8 940
8 1112
9 116
9 620
9 676
9 803
9 861
9 927
9 979
9 1295
9 1327
10 117
10 199
10 721
10 1357
10 1848
10 1956
11 65
11 162
11 193
11 780
11 1268
12 233
12 738
12 1073
12 1557
13 222
13 689
13 785
13 1036
13 1097
13 1390
13 1604
13 1899
13 1911
14 371
14 511
14 1702
14 1850
14 1876
15 466
15 616
15 873
15 1923
16 111
16 232
16 328
16 1410
16 1451
16 1539
16 1679
17 984
17 1108
17 1706
18 363
18 494
18 923
18 1273
18 1424
18 1434
18 1994
19 805
19 1142
19 1174
19 1372
19 1562
19 1792
20 338
20 419
20 434
20 652
20 663
20 859
20 1195
20 1565
20 1673
21 159
21 1101
21 1110
21 1321
21 1586
21 1824
22 166
22 230
22 365
22 1246
22 1340
23 1306
23 1667
23 1687
24 969
24 1017
24 1315
24 1468
24 1548
24 1709
25 285
25 420
25 583
25 1654
25 1987
26 51
26 70
26 708
26 1275
26 1327
26 1372
26 1444
26 1519
26 1621
26 1788
27 424
27 768
27 844
27 1253
27 1654
27 1742
28 183
28 397
28 598
28 730
28 732
28 774
28 996
28 1425
28 1527
28 1791
29 140
29 1087
29 1151
29 1414
29 1881
29 1940
30 335
30 601
30 745
30 1638
30 1720
30 1813
30 1880
31 645
31 690
31 892
31 1144
31 1348
31 1508
31 1639
31 1654
31 1796
31 1993
32 487
32 515
32 667
32 1687
32 1893
32 1899
33 176
33 435
33 554
33 772
33 875
33 977
33 1268
34 102
34 196
34 709
34 764
34 978
34 1226
34 1285
34 1488
34 1516
35 45
35 52
35 79
35 748
35 1273
35 1615
36 366
36 573
36 717
36 782
36 884
36 1535
36 1937
37 58
37 328
37 372
37 494
37 597
37 1054
37 1783
37 1985
38 456
38 770
38 1094
38 1110
38 1544
39 61
39 330
39 734
39 773
39 811
39 829
39 1055
39 1814
40 357
40 397
40 550
40 675
40 799
40 1018
40 1213
40 1308
41 261
41 672
41 755
41 766
41 1752
42 57
42 195
42 378
42 1153
43 355
43 374
43 535
43 537
43 663
43 704
43 713
43 875
43 965
43 1424
43 1734
43 1765
43 1814
43 1924
44 68
44 654
44 843
44 913
44 1655
44 1847
45 170
45 310
45 449
45 1473
45 1691
45 1749
46 62
46 212
46 901
47 278
47 446
47 470
47 529
47 576
47 905
47 1047
47 1070
47 1618
48 207
48 613
48 628
48 1085
48 1342
48 1435
48 1731
48 1821
48 1857
49 631
49 984
49 1908
49 1916
50 316
50 399
50 411
50 515
50 542
50 1001
50 1081
50 1578
50 1799
50 1870
51 118
51 621
51 925
51 1384
51 1473
51 1506
51 1769
52 232
52 324
52 387
52 819
52 1072
52 1203
52 1239
52 1517
52 1815
53 525
53 574
53 627
53 1852
53 1985
54 390
54 1063
54 1139
54 1575
54 1894
54 1922
55 955
55 1036
55 1515
55 1578
55 1919
56 586
56 740
56 898
56 1597
56 1646
56 1831
56 1933
57 272
57 321
57 361
57 392
57 603
57 707
57 725
57 944
57 1135
57 1476
57 1707
57 1726
57 1740
58 163
58 285
58 1160
59 314
59 478
59 1985
60 321
60 329
60 428
60 550
60 646
60 994
60 1347
61 156
61 256
61 257
61 263
61 364
61 671
61 858
61 907
61 1181
61 1507
61 1576
61 1589
61 1593
62 260
62 641
62 1033
62 1175
62 1331
62 1492
62 1882
62 1939
63 184
63 488
63 550
63 848
63 1885
64 584
64 594
64 683
64 757
64 803
64 1713
64 1819
65 256
65 935
65 1208
66 1105
66 1302
66 1411
66 1520
66 1604
66 1788
66 1886
66 1954
66 1955
67 352
67 932
67 1042
67 1354
67 1626
67 1722
68 238
68 638
68 1263
68 1343
68 1492
68 1661
69 1015
69 1691
69 1692
70 92
70 229
70 1098
70 1417
70 1936
71 391
71 408
71 486
71 493
71 1148
71 1151
71 1405
71 1434
71 1715
72 86
72 198
72 468
72 1056
72 1188
72 1308
73 665
73 823
73 966
73 1124
73 1459
73 1655
73 1889
73 1910
74 471
74 888
74 1141
74 1588
74 1798
74 1928
75 249
75 658
75 705
75 1092
75 1312
75 1875
76 297
76 437
76 839
76 1253
76 1796
77 165
77 387
77 565
77 907
77 1419
77 1433
77 1480
77 1724
78 171
78 195
78 322
78 391
78 562
78 1118
78 1299
78 1383
78 1577
78 1927
78 1930
78 1951
79 648
79 961
79 985
79 1240
79 1317
79 1973
80 192
80 294
80 487
80 507
80 522
80 652
80 806
80 862
80 1001
80 1327
80 1564
80 1889
81 258
81 699
81 893
81 1015
81 1267
81 1866
81 1869
82 482
82 823
82 1064
82 1752
83 630
83 654
83 1615
83 1749
83 1894
84 873
84 1029
84 1102
84 1189
84 1285
84 1304
84 1510
84 1937
85 418
85 511
85 1360
85 1596
85 1935
85 1978
86 351
86 458
86 1475
87 194
87 304
87 355
87 630
87 840
87 945
87 1311
87 1849
87 1916
88 495
88 775
88 885
88 937
88 1250
88 1350
88 1495
88 1703
89 311
89 347
89 386
89 534
89 578
89 1325
89 1515
90 121
90 1642
91 176
91 277
91 607
91 1665
92 197
92 415
92 476
92 769
92 1062
92 1253
92 1388
92 1750
92 1908
93 294
93 1031
93 1094
93 1160
93 1759
93 1965
94 401
94 962
94 1714
94 1882
95 250
95 325
95 422
95 901
95 1093
95 1970
96 520
96 527
96 827
96 930
96 1616
96 1926
97 110
97 234
97 1227
97 1270
97 1320
98 226
98 277
98 305
98 412
98 440
98 640
98 1150
98 1421
99 320
99 616
99 773
99 861
99 1024
99 1060
99 1250
99 1721
99 1856
100 228
100 1146
100 1259
100 1385
100 1711
100 1782
100 1991
101 228
101 454
101 1450
102 216
102 487
102 862
102 1690
102 1984
103 112
103 303
103 639
103 1096
103 1714
103 1744
103 1768
104 849
104 1311
104 1366
104 1677
105 150
105 770
105 875
105 1486
105 1689
106 156
106 379
106 746
106 991
106 1387
106 1660
107 663
107 846
107 1582
107 1731
107 1783
107 1839
107 1900
108 371
108 452
108 1017
108 1392
108 1594
108 1972
109 946
109 1026
109 1113
109 1461
110 135
110 298
110 488
110 758
110 1829
111 898
111 1449
111 1566
111 1702
111 1821
112 190
112 1306
112 1385
112 1807
112 1949
112 1986
113 799
113 998
113 1533
113 1690
114 405
114 450
114 748
114 1273
114 1378
114 1650
115 355
115 412
115 493
115 928
115 1144
115 1700
115 1774
115 1840
116 575
116 1140
116 1311
116 1610
116 1756
117 254
117 740
117 1186
117 1323
117 1388
117 1498
117 1508
117 1673
117 1954
118 1121
118 1443
118 1920
119 1367
119 1694
119 1735
119 1766
119 1769
120 555
120 704
120 725
120 1041
120 1863
121 213
121 512
121 651
121 1205
121 1437
121 1509
121 1595
121 1762
121 1878
121 1924
122 1052
122 1147
122 1309
122 1315
122 1382
122 1768
122 1837
123 167
123 548
123 611
123 741
123 811
123 1131
124 219
124 263
124 338
124 1079
124 1164
125 404
125 971
125 1235
125 1610
125 1865
125 1944
126 655
126 705
126 1301
126 1408
126 1690
126 1815
126 1817
127 258
127 497
127 730
127 915
127 1048
127 1752
127 2000
128 168
128 242
128 264
128 880
128 920
128 1455
128 1700
128 1786
129 164
129 839
129 1063
129 1561
129 1833
130 804
130 1041
130 1124
130 1628
130 1775
130 1961
131 471
131 525
131 650
131 945
131 1027
131 1667
131 1941
132 137
132 537
132 602
132 811
132 1114
132 1247
132 1464
132 1744
132 1844
133 254
133 512
133 514
133 640
133 748
133 1136
133 1315
133 1615
133 1622
134 440
134 1045
134 1062
134 1286
134 1455
134 1714
135 924
135 1239
135 1442
135 1616
136 564
136 933
136 1164
136 1426
136 1948
136 1972
137 267
137 667
137 680
137 693
137 743
137 803
137 843
137 1519
137 1586
137 1785
138 609
138 681
138 786
138 1305
138 1518
138 1582
138 1611
138 1791
138 1924
139 396
139 702
139 730
139 1953
140 193
140 763
140 1363
140 1600
140 1705
140 1809
141 1524
142 350
142 840
142 1415
142 1716
143 369
143 672
143 871
143 1825
144 279
144 559
144 774
144 1843
145 198
145 408
145 1102
145 1114
145 1664
145 1866
145 1921
146 237
146 687
146 698
146 972
146 1151
146 1400
146 1710
147 347
147 465
147 1020
147 1152
147 1190
147 1623
147 1863
148 772
148 1255
149 560
149 776
149 882
149 893
149 965
149 1159
149 1201
149 1370
149 1494
149 1933
150 211
150 344
150 1005
150 1358
151 320
151 602
151 1514
151 1749
152 205
152 493
152 519
152 650
152 1403
152 1549
153 404
153 1155
153 1545
153 1732
153 1806
153 1834
153 1846
154 181
154 531
154 760
154 762
154 858
154 1231
154 1259
155 363
155 426
155 731
155 798
155 1497
155 1691
155 1996
156 323
156 907
156 950
156 1235
156 1307
156 1610
156 1614
156 1879
156 1982
156 1985
157 160
157 369
157 668
157 830
157 846
157 854
157 1051
157 1418
157 1615
157 1896
157 1900
157 1942
158 176
158 607
158 614
158 1127
158 1341
158 1701
158 1704
158 1864
159 1167
159 1565
160 661
160 668
160 872
160 1408
161 286
161 1369
161 1596
161 1677
162 250
162 528
162 922
162 1021
162 1711
162 1933
163 705
163 748
163 1046
163 1251
163 1538
163 1697
164 289
164 524
164 940
164 1301
164 1392
164 1660
165 182
165 351
165 687
165 698
165 738
165 754
165 832
165 1036
165 1138
165 1353
165 1996
165 1997
166 963
166 1107
166 1379
166 1493
166 1544
166 1647
167 448
167 672
167 733
167 1273
167 1541
167 1603
167 1943
168 199
168 998
168 1114
168 1118
168 1531
168 1607
169 279
169 820
169 1152
169 1443
169 1496
169 1651
169 1890
170 431
170 552
170 644
170 722
170 855
170 881
170 978
170 1087
171 371
171 517
171 1165
171 1410
172 549
172 622
172 816
172 1107
172 1125
172 1395
173 796
173 1218
173 1392
173 1698
174 187
174 235
174 284
174 496
174 763
174 1022
174 1038
174 1482
174 1784
174 1823
175 187
175 1049
175 1271
175 1391
176 605
176 1098
176 1563
176 1940
177 578
177 1113
177 1240
177 1640
177 1691
177 1801
178 281
178 379
178 439
178 643
178 742
178 1168
178 1276
178 1419
178 1634
179 195
179 372
179 808
179 1199
179 1367
179 1407
179 1658
179 1971
180 276
180 277
180 503
180 584
180 934
180 978
180 1113
180 1321
180 1511
180 1753
181 446
181 763
181 848
181 879
181 1376
181 1650
182 680
182 796
182 917
182 1346
182 1909
183 567
183 745
183 893
183 911
183 932
183 1392
183 1436
183 1982
184 311
184 880
184 1045
184 1192
184 1584
185 307
185 621
185 627
185 836
185 950
185 956
185 1416
185 1636
185 1900
186 221
186 361
186 380
186 547
186 586
186 696
186 742
186 852
186 868
186 1128
186 1252
186 1270
186 1521
186 1565
186 1651
187 826
187 1028
187 1327
187 1406
187 1408
187 1464
187 1906
187 1917
188 257
188 673
188 1036
188 1255
188 1801
188 1914
189 253
189 495
189 531
190 264
190 786
190 1369
191 296
191 833
191 836
191 841
191 1207
191 1377
191 1387
191 1417
191 1435
191 1473
191 1751
191 1988
192 739
192 745
192 818
192 897
192 1059
192 1094
192 1300
193 269
193 303
193 371
193 935
193 1104
193 1151
193 1162
193 1569
193 1845
194 408
194 752
194 871
194 931
194 1130
194 1590
194 1860
195 303
195 560
195 771
195 897
195 1138
195 1425
195 1512
195 1658
195 1824
195 1899
196 249
196 395
196 740
196 888
196 1151
196 1228
196 1273
196 1777
197 301
197 368
197 408
197 949
197 1291
197 1758
198 257
198 593
198 888
198 924
198 1390
198 1788
199 595
199 728
199 754
199 956
199 1537
199 1801
199 1988
200 251
200 413
200 705
200 719
200 941
200 1352
200 1816
200 1825
201 1125
201 1476
202 203
202 376
202 489
202 542
203 785
203 921
203 1113
203 1173
203 1349
204 314
204 680
204 693
204 795
204 810
204 1081
204 1113
204 1346
204 1481
205 217
205 602
205 957
205 1730
205 1980
206 305
206 366
207 1078
207 1102
207 1177
207 1356
207 1640
207 1680
208 283
208 594
208 1004
208 1638
208 1654
208 1770
209 398
209 1028
209 1273
209 1521
209 1726
210 242
210 271
210 924
210 1406
210 1597
210 1633
211 731
211 1507
212 229
212 501
212 720
212 1372
213 351
213 467
213 531
213 838
213 1057
213 1114
213 1233
213 1264
213 1275
213 1495
214 462
214 509
214 1510
214 1578
214 1884
215 401
215 682
215 885
215 954
215 1382
215 1539
215 1702
215 1760
215 1941
216 399
216 903
216 1260
216 1308
217 474
217 671
217 1117
217 1198
217 1385
217 1464
217 1631
217 1871
217 1877
218 1671
218 1886
219 328
219 386
219 666
219 736
219 774
219 958
219 1033
219 1039
219 1985
220 232
220 456
220 516
220 763
220 1289
220 1531
220 1824
220 1878
221 421
221 453
221 595
221 833
221 1476
221 1695
221 1890
222 253
222 879
222 1245
222 1399
222 1594
222 1779
223 478
223 649
223 987
223 1116
223 1385
224 784
224 884
224 885
224 1005
224 1412
224 1602
224 1653
225 725
225 1415
225 1777
225 1876
226 430
226 980
226 1198
226 1411
226 1734
226 1749
226 1995
227 289
227 340
227 641
227 1249
227 1395
227 1702
227 1720
228 1035
228 1181
228 1286
228 1492
228 1660
229 1059
229 1554
229 1585
229 1911
229 1968
230 484
230 486
230 1113
230 1879
230 1913
231 489
231 499
231 582
231 981
231 1411
231 1755
231 1781
232 368
232 492
232 791
232 823
232 1415
232 1474
232 1731
232 1898
232 1923
233 347
233 929
233 1111
233 1346
233 1411
233 1951
234 506
234 1218
234 1960
235 254
235 396
235 1602
235 1606
235 1643
235 1649
236 426
236 965
236 1106
236 1509
236 1694
237 466
237 508
237 1363
237 1930
238 336
238 1080
238 1149
238 1182
238 1196
238 1710
238 1834
239 592
239 827
239 1457
239 1492
239 1554
239 1571
239 1755
239 1898
240 323
240 390
240 563
240 875
240 1926
241 1132
241 1260
241 1315
241 1448
241 1454
241 1695
241 1909
241 1993
242 364
242 593
242 1258
242 1678
242 1964
243 530
243 621
243 693
243 705
243 842
243 1310
243 1494
243 1815
243 1851
244 263
244 331
244 415
244 779
244 930
244 1165
244 1622
245 841
245 1717
245 1768
246 445
246 538
246 965
246 1516
246 1688
246 1709
247 356
247 980
247 1173
247 1489
247 1520
247 1668
248 1292
248 1556
248 1837
248 1839
248 1967
249 531
249 543
249 549
249 911
249 1082
249 1477
249 1825
249 1940
250 537
250 1173
250 1200
250 1294
250 1551
250 1879
250 1978
251 332
251 746
251 876
251 1077
251 1101
251 1135
251 1585
251 1709
251 1788
251 1810
252 501
252 1102
253 326
253 338
253 1257
253 1274
253 1301
253 1421
253 1543
253 1608
253 1775
253 1800
253 1819
253 1936
254 621
254 955
254 962
254 971
254 1042
254 1222
254 1225
254 1502
254 1512
255 454
255 708
255 875
255 1585
255 1992
256 325
256 353
256 456
256 1044
256 1209
256 1350
256 1729
256 1946
256 1983
257 516
257 1576
257 1718
257 1792
257 1891
257 1925
257 1999
258 456
258 592
258 1078
258 1400
258 1571
258 1596
258 1783
259 536
259 623
259 783
259 1000
259 1137
259 1152
260 262
260 458
260 878
260 983
260 1252
260 1501
260 1648
261 415
261 449
261 674
261 813
261 903
261 1101
261 1183
262 854
262 972
262 1203
262 1556
262 1560
262 1655
262 1730
262 1797
262 1877
262 1985
263 719
263 774
263 807
263 1522
263 1572
263 1602
264 1006
264 1155
264 1353
264 1379
264 1624
264 1920
265 1038
265 1317
265 1710
265 1792
266 521
266 584
266 594
266 766
266 1271
266 1391
266 1531
266 1726
267 292
267 558
267 604
267 1151
267 1393
267 1834
268 269
268 390
268 486
268 630
268 1333
268 1595
268 1856
269 765
269 870
269 958
269 1377
269 1769
269 1808
270 600
270 903
270 1173
270 1301
270 1393
270 1758
270 1817
270 1928
270 1984
271 321
271 528
271 565
271 775
271 783
271 807
271 942
271 1056
271 1383
271 1657
271 1845
272 567
272 575
272 1824
272 1875
273 1145
273 1209
273 1213
273 1296
273 1641
273 1806
274 583
274 600
274 836
275 357
275 671
275 914
275 967
275 1182
275 1413
275 1721
275 1725
275 1981
276 501
276 665
276 931
276 1305
276 1503
276 1541
277 302
277 658
277 890
277 1289
277 1956
278 849
278 1556
278 1622
279 318
279 345
279 594
279 940
279 1238
279 1477
279 1600
279 1826
279 1909
279 1984
279 1987
280 318
280 330
280 502
280 691
280 929
280 1363
281 415
281 1062
281 1297
281 1577
282 807
282 937
282 1014
282 1419
282 1852
283 820
283 1358
283 1496
284 850
284 905
284 1497
284 1706
284 1745
285 326
285 728
285 938
285 948
285 1186
285 1241
285 1558
285 1651
285 1923
285 1924
285 1998
286 805
286 1004
286 1118
286 1318
286 1417
286 1439
286 1693
287 682
287 724
287 837
287 1112
287 1151
287 1370
287 1376
287 1998
288 488
288 774
288 1166
288 1371
288 1375
288 1644
289 338
289 432
289 535
289 633
289 1289
289 1480
289 1544
289 1709
290 333
290 535
290 818
290 1111
290 1147
290 1590
290 1626
290 1638
291 471
291 959
291 994
291 1067
292 336
292 429
292 797
292 1192
292 1362
292 1417
292 1645
293 1217
293 1442
293 1764
293 1843
294 364
294 411
294 530
294 1142
294 1458
294 1817
294 1921
294 1978
295 412
295 609
295 1082
295 1745
296 993
296 1633
296 1777
296 1861
296 1972
297 515
297 607
297 693
297 775
297 791
297 1120
297 1414
297 1449
297 1456
297 1886
297 1954
298 349
298 573
298 1412
298 1463
299 641
299 732
299 929
299 1245
299 1613
299 1798
300 688
300 1650
300 1987
301 392
301 532
301 754
301 1077
301 1109
301 1161
301 1256
301 1538
301 1986
302 343
302 990
302 1406
302 1577
302 1731
302 1903
303 468
303 473
303 905
303 1201
303 1470
303 1521
304 584
304 630
304 1124
304 1581
305 444
305 768
305 841
305 1790
305 1847
305 1911
306 327
306 1077
306 1997
307 356
307 1202
307 1509
307 1840
307 1861
307 1949
308 1009
308 1540
308 1744
309 387
309 647
309 779
309 1241
309 1252
309 1328
309 1595
309 1596
309 1685
309 1703
309 1750
310 905
310 960
310 972
310 1265
310 1367
310 1646
311 342
311 884
311 941
311 1269
311 1758
312 348
312 416
312 713
312 818
312 1472
312 1905
313 592
313 1576
314 1265
314 1615
314 1778
315 462
315 541
315 628
315 732
315 846
315 863
315 1103
315 1539
315 1591
315 1606
315 1959
316 487
316 611
316 953
316 998
316 1521
316 1625
316 1831
317 1227
317 1512
317 1837
318 973
318 1315
318 1536
318 1785
318 1943
319 367
319 369
319 503
319 912
319 1166
319 1168
319 1341
319 1771
320 519
320 651
320 1022
320 1148
320 1154
320 1507
320 2000
321 700
321 803
321 1099
321 1615
321 1839
322 325
322 400
322 418
322 707
322 808
322 1101
322 1211
322 1786
323 1794
323 1874
324 411
324 489
324 788
324 1671
324 1697
324 1990
325 617
325 905
325 1639
325 1686
326 362
326 562
326 972
326 1109
326 1302
326 1657
326 1730
326 1829
327 810
327 947
327 1460
327 1907
328 1001
328 1006
328 1021
328 1135
328 1142
328 1952
329 934
329 1001
329 1023
329 1142
329 1186
329 1306
329 1565
329 1863
329 1885
330 1326
330 1373
330 1710
330 1722
330 1848
331 757
331 781
331 945
331 990
331 1182
331 1762
331 1910
332 564
332 935
332 1226
332 1375
333 354
333 513
333 1328
333 1597
333 1798
333 1863
333 1947
334 875
334 1159
334 1222
334 1243
334 1277
334 1594
334 1864
335 386
335 803
335 1090
335 1156
335 1205
335 1475
335 1662
335 1737
336 440
336 1589
336 1763
337 420
337 474
337 538
338 521
338 530
338 1499
338 1517
338 1629
338 1886
339 419
339 1286
339 1597
340 371
340 1202
340 1573
341 473
341 493
341 538
341 1139
341 1365
341 1625
341 1671
341 1737
342 534
342 558
342 769
342 1067
342 1079
342 1678
343 680
343 775
343 1311
343 1724
343 1851
343 1964
344 576
344 804
344 978
344 1712
344 1879
345 486
345 1038
345 1278
345 1609
345 1713
346 669
346 907
346 1041
346 1178
346 1232
346 1342
346 1427
346 1543
346 1557
346 1641
346 1662
346 1982
347 550
347 815
347 914
347 1043
347 1105
347 1135
348 433
348 537
348 746
348 1110
348 1272
348 1414
348 1925
348 1965
349 996
349 1678
349 1829
349 1902
349 1958
350 769
350 773
350 1245
350 1520
351 473
351 978
351 1354
351 1929
351 1953
352 1025
353 473
353 813
353 942
353 1053
353 1470
353 1644
353 1752
354 358
354 843
354 1486
354 1877
355 795
355 885
355 1088
355 1181
355 1805
355 1807
355 1949
355 1973
356 494
356 1387
356 1751
357 741
357 795
357 921
357 1249
357 1498
357 1803
358 609
358 692
358 770
358 988
358 1198
358 1207
358 1231
358 1493
358 1638
358 1792
358 1888
358 1896
359 1051
359 1521
359 1603
359 1675
359 1719
359 1753
360 1477
360 1542
360 1900
361 424
361 482
361 572
361 654
361 886
361 1034
361 1819
361 1826
361 1834
361 1959
361 1961
362 520
362 592
362 629
362 758
362 801
362 829
362 1310
362 1384
363 528
363 1318
364 725
364 955
364 1235
364 1908
365 613
365 655
365 1385
366 1100
366 1144
366 1354
366 1530
366 1531
366 1780
366 2000
367 505
367 790
367 1311
367 1465
368 492
368 890
368 1001
368 1373
368 1649
368 1718
368 1780
368 1785
368 1947
369 552
369 675
369 732
369 897
369 975
369 1086
369 1095
369 1171
369 1525
369 1641
369 1709
369 1762
369 1867
369 1968
369 1998
370 387
370 507
370 825
370 841
370 1020
370 1120
370 1142
370 1344
370 1354
370 1525
370 1568
370 1780
370 1999
371 947
371 1223
371 1789
372 451
372 919
373 388
373 604
373 811
373 888
373 958
373 999
373 1000
373 1437
373 1491
374 640
374 829
374 1054
374 1088
374 1144
374 1506
375 500
375 704
375 982
375 1122
375 1767
375 1803
375 1817
376 529
376 565
376 655
376 738
376 935
376 1215
376 1605
376 1614
377 584
377 646
377 676
377 706
377 846
377 1407
377 1704
377 1880
377 1951
378 383
378 634
378 1059
378 1411
378 1908
378 1937
379 419
379 730
379 1431
379 1526
379 1843
379 1942
380 441
380 590
380 825
380 1064
380 1084
380 1121
380 1356
380 1516
380 1521
380 1738
381 628
381 702
382 488
382 787
382 1228
382 1254
382 1320
382 1344
382 1350
382 1587
382 1777
383 419
383 619
383 843
383 1221
383 1585
383 1748
383 1853
384 732
384 1068
384 1745
384 1945
385 834
385 876
385 1283
385 1479
385 1584
385 1955
386 510
386 527
386 1223
386 1735
386 1830
386 1909
387 622
387 827
387 850
387 1114
387 1134
387 1250
387 1438
388 586
388 1366
388 1821
388 1843
389 499
389 784
389 1019
389 1361
389 1801
389 1870
390 721
390 849
390 919
390 1058
390 1562
390 1596
390 1751
391 508
391 589
391 676
391 1299
391 1419
391 1549
391 1556
392 783
392 1304
392 1506
393 572
393 1182
393 1341
393 1443
393 1445
393 1455
393 1533
393 1611
393 1767
393 1936
394 1240
394 1687
394 1746
394 1757
394 1785
395 604
395 684
395 885
395 1217
395 1439
395 1953
396 486
396 838
396 1617
396 1853
397 579
397 1152
397 1286
397 1645
398 402
398 658
398 855
398 881
398 979
398 1192
398 1364
398 1472
398 1534
398 1650
398 1691
398 1886
399 613
400 542
400 689
400 725
400 1907
401 1857
402 654
402 674
402 796
402 1211
402 1861
402 1955
403 657
403 689
403 727
403 1391
404 654
404 1396
404 1780
405 444
405 715
405 726
405 767
405 860
405 920
405 1389
405 1831
406 487
406 677
406 678
406 1555
407 666
407 948
407 1135
407 1235
407 1630
407 1703
407 1788
408 758
408 1145
408 1347
409 928
409 1798
411 1290
412 695
412 1405
412 1826
412 1970
413 529
413 634
413 701
413 784
413 1017
413 1399
413 1986
414 634
414 653
414 1145
414 1264
414 1395
414 1420
414 1450
414 1512
414 1792
415 638
415 722
415 1245
415 1249
416 517
416 838
416 1586
416 1775
417 425
417 455
417 720
417 1535
417 1827
418 491
418 591
418 802
418 864
418 1068
418 1181
418 1455
418 1743
419 611
419 739
419 757
419 801
419 1097
419 1204
419 1413
419 1715
420 1181
420 1451
420 1911
421 899
421 1353
421 1616
422 481
422 491
422 692
422 806
422 813
422 1400
422 1472
422 1475
422 1767
422 1825
422 1853
423 958
423 1113
423 1179
423 1836
423 1853
424 840
424 1658
424 1697
424 1926
424 1937
425 659
425 1002
425 1224
426 1066
426 1256
426 1359
426 1501
426 1579
426 1633
426 1639
426 1658
427 682
427 929
427 1096
427 1228
427 1451
427 1578
428 721
428 1591
428 1703
428 1916
429 800
429 1224
429 1310
429 1449
429 1747
429 1978
430 625
430 742
430 768
430 1047
430 1627
430 1853
430 1871
431 458
431 507
431 657
431 667
431 1037
431 1420
431 1528
431 1755
432 1060
432 1131
432 1133
432 1359
432 1500
432 1539
432 1952
433 815
433 926
433 1163
433 1314
433 1907
434 701
434 1194
434 1541
435 756
435 822
435 938
435 1406
435 1869
436 454
436 463
436 1024
436 1408
437 804
437 1051
437 1187
437 1511
437 1830
438 658
438 968
438 1402
438 1748
438 1922
439 450
439 827
439 1328
439 1415
439 1699
439 1877
440 540
440 896
440 1000
440 1141
440 1745
441 502
441 1823
442 675
442 1034
442 1098
442 1321
442 1462
443 695
443 1061
444 920
444 986
444 1634
444 1880
444 1976
445 617
445 852
445 928
445 1431
445 1923
446 842
446 1623
446 1660
446 1895
447 578
447 787
447 859
447 866
447 1227
447 1356
447 1357
448 464
448 837
448 1653
448 1782
449 906
449 1038
449 1493
449 1626
449 1805
450 600
450 1057
450 1111
450 1287
450 1918
451 684
451 1934
452 503
452 626
452 1039
453 668
453 690
453 1478
453 1595
454 563
454 960
454 968
454 1650
454 1732
454 1875
455 541
455 1676
456 566
456 603
456 1530
456 1605
456 1722
456 1776
457 553
457 839
457 1369
457 1414
458 694
458 790
458 986
458 1128
458 1234
459 518
459 520
459 587
459 881
459 1099
459 1145
459 1353
459 1526
459 1760
459 1880
459 1902
459 1968
460 484
460 654
460 668
460 855
460 887
460 1064
460 1438
460 1486
460 1623
460 1712
461 640
461 747
461 1073
461 1137
461 1358
461 1711
461 1812
462 538
462 937
462 1100
462 1612
463 540
463 669
463 1946
464 1622
464 1861
464 1895
465 1137
465 1306
465 1380
465 1721
466 492
467 590
467 608
467 1557
467 1917
467 1949
468 511
468 697
468 1139
468 1843
468 1956
468 1983
469 882
470 478
470 500
470 511
470 572
470 829
470 1323
471 981
471 984
472 613
472 698
472 1258
472 1627
473 797
473 1726
473 1832
474 838
474 921
474 992
474 1000
474 1014
474 1049
474 1276
474 1516
474 1534
474 1822
474 1970
475 585
475 861
475 1167
475 1217
475 1312
475 1599
475 1680
475 1893
476 519
476 686
476 1302
476 1319
477 782
477 845
477 969
477 1213
477 1214
477 1670
477 1809
478 788
478 807
478 1009
478 1012
478 1080
478 1352
478 1389
478 1418
478 1790
479 1113
479 1211
479 1474
479 1648
479 1817
479 1912
480 1153
480 1318
481 663
481 994
481 1625
481 1680
481 1769
481 1872
482 747
482 1121
482 1251
482 1306
482 1412
482 1948
482 1971
483 771
483 1279
483 1340
483 1599
483 1618
483 1960
484 1483
484 1976
485 1421
485 1650
485 1760
486 487
486 774
486 846
486 982
486 1535
487 543
487 588
487 700
487 774
487 1008
487 1381
487 1672
487 1892
488 917
488 1297
488 1441
488 1692
489 1269
489 1350
489 1535
489 1569
489 1663
489 1852
490 908
490 1324
490 1845
491 565
491 588
491 692
491 1204
491 1312
491 1457
491 1816
491 1911
491 1992
492 604
492 1707
492 1725
493 521
493 939
493 966
493 1011
493 1183
493 1972
494 659
494 1295
494 1818
494 1997
495 581
495 1057
495 1075
495 1317
495 1451
495 1567
495 1852
495 1973
496 812
496 894
496 1018
496 1054
496 1193
496 1236
496 1255
496 1502
496 1710
497 768
497 884
497 1075
497 1122
497 1124
497 1274
497 1542
498 563
498 671
498 1276
498 1339
498 1406
499 850
499 1485
499 1621
499 1878
500 1013
500 1052
500 1383
500 1653
500 1911
500 1952
501 797
501 937
501 1045
501 1593
501 1654
501 1741
502 591
502 613
502 695
502 840
503 526
503 595
503 860
503 1434
504 535
504 578
504 1036
504 1160
504 1498
504 1503
504 1664
504 1969
505 785
505 796
505 951
505 974
505 1055
505 1230
505 1391
505 1413
505 1668
505 1932
506 545
506 1436
506 1689
507 683
507 845
507 880
507 1394
507 1476
508 1051
508 1140
508 1288
508 1604
508 1798
509 929
509 1080
509 1156
509 1294
509 1364
509 2000
510 639
510 922
510 1345
510 1764
511 554
511 946
511 1275
511 1814
511 1873
512 701
512 1224
512 1794
512 1952
513 808
513 950
513 1149
513 1419
513 1492
513 1885
514 841
515 881
515 986
515 1056
515 1257
515 1416
516 1268
516 1357
516 1899
517 1048
517 1186
517 1321
517 1566
517 1654
518 775
518 1298
518 1563
518 1790
518 1947
519 568
519 729
519 933
519 938
519 1318
519 1325
519 1380
519 1578
519 1666
519 1794
519 1890
520 1403
520 1452
520 1665
521 739
521 1247
521 1275
521 1288
521 1393
521 1464
522 841
522 1652
523 536
523 776
523 1032
523 1184
523 1627
523 1747
523 1985
524 833
524 842
524 881
525 1067
525 1443
525 1541
526 1260
526 1589
526 1629
526 1994
527 597
527 771
527 819
527 907
527 929
527 1184
527 1511
527 1810
527 1822
527 1943
528 918
528 1208
528 1255
528 1261
528 1998
529 802
529 1373
529 1414
529 1681
529 1773
530 608
530 1922
530 1996
531 685
531 844
531 897
531 1160
531 1268
531 1542
531 1734
531 1763
532 840
532 1911
533 813
533 982
533 985
533 1101
533 1213
533 1270
533 1279
533 1280
533 1414
533 1802
533 1899
533 1950
534 711
534 738
534 765
534 789
534 831
534 894
534 926
534 946
534 1410
534 1514
534 1528
534 1578
535 643
535 650
535 1237
535 1283
535 1631
535 1954
536 779
536 817
536 1247
536 1307
536 1770
536 1900
537 559
537 1118
537 1384
537 1400
537 1713
537 1723
538 541
538 743
538 778
538 1247
538 1250
538 1437
538 1565
539 634
539 686
539 807
539 945
539 1167
539 1396
539 1474
539 1533
539 1671
540 765
540 980
540 999
540 1021
540 1055
540 1059
540 1139
540 1821
540 1923
540 1934
541 1737
542 548
542 654
542 998
542 1385
542 1671
542 1859
543 727
543 805
543 934
543 963
543 1370
543 1742
544 953
544 1214
545 732
545 753
545 842
545 1132
545 1763
545 1858
546 1498
546 1810
546 1941
547 557
547 635
547 905
547 1097
547 1250
547 1277
547 1669
548 760
548 1515
548 1898
548 1975
549 881
549 986
549 1443
549 1562
550 637
550 1628
550 1753
550 1889
551 968
551 1497
551 1662
551 1708
551 1892
551 1950
551 1980
551 1994
552 953
552 1316
552 1357
552 1478
552 1580
553 565
553 1152
554 828
554 1312
554 1362
554 1371
555 798
555 1283
555 1452
555 1641
555 1793
556 612
556 1013
556 1211
556 1647
556 1962
557 1039
557 1127
557 1199
557 1428
557 1849
558 878
558 1048
558 1741
558 1832
559 704
559 810
559 1422
560 588
560 1241
560 1900
561 585
561 859
561 877
561 1123
561 1260
561 1290
561 1436
562 680
562 717
562 840
562 1099
562 1125
562 1340
562 1561
562 1736
563 610
563 731
563 836
563 1075
563 1201
563 1294
563 1699
563 1899
564 871
564 1322
564 1407
564 1770
564 1866
565 702
565 1513
565 1671
566 1197
566 1308
568 697
568 734
568 939
568 1698
568 1749
568 1858
568 1872
569 905
569 1396
569 1597
569 1816
570 887
570 888
570 923
570 1044
570 1462
570 1472
570 1490
570 1735
571 1015
571 1168
571 1202
571 1363
571 1978
572 681
572 825
572 842
572 980
572 1114
573 749
573 815
573 1227
573 1377
573 1895
573 1956
574 600
574 1065
574 1134
574 1432
574 1554
574 1621
574 1925
575 636
575 1035
575 1431
575 1694
575 1728
575 1905
576 677
576 794
576 924
576 1180
576 1428
576 1460
577 818
577 970
577 1424
577 1476
577 1738
578 1222
578 1311
578 1326
578 1477
578 1585
578 1899
579 709
579 802
579 914
579 1011
579 1869
580 1049
581 714
581 874
581 1899
581 1959
581 1961
582 663
582 1094
582 1242
582 1247
582 1541
582 1552
582 1994
583 717
583 1105
583 1367
583 1538
583 1617
583 1835
583 1980
584 863
584 1000
584 1268
584 1346
584 1638
584 1677
584 1933
584 1993
585 734
585 868
585 1294
586 788
586 927
586 1155
586 1462
587 649
587 862
587 867
587 1124
587 1393
587 1617
587 1659
588 755
588 1280
588 1659
588 1709
588 1791
588 1870
588 1943
589 606
589 784
589 1040
589 1317
589 1451
589 1961
590 645
590 1043
590 1613
590 1878
590 1879
591 595
591 746
591 800
591 836
591 968
591 1259
591 1446
591 1850
592 1119
592 1187
592 1564
592 1625
592 1764
593 710
593 1135
593 1570
594 778
594 1876
595 935
595 958
595 1329
595 1684
596 1332
596 1664
597 637
597 989
597 1296
597 1328
597 1658
597 1671
597 1981
598 628
598 910
598 1499
598 1751
599 959
599 1124
599 1147
599 1207
599 1648
599 1689
599 1788
600 632
600 723
600 1131
600 1150
600 1805
600 1911
601 945
601 1610
602 633
602 782
602 1162
602 1167
602 1347
602 1499
602 1697
603 666
603 692
603 742
603 791
603 1093
603 1558
603 1586
603 1614
604 771
604 960
604 1274
604 1690
605 1083
605 1101
605 1160
605 1857
606 1318
606 1634
606 1719
606 1987
607 836
607 898
607 936
607 1548
607 1919
608 1430
608 1541
608 1619
608 1723
608 1752
609 1299
609 1676
609 1879
609 1951
610 1019
610 1551
610 1715
610 1725
611 883
611 1171
611 1201
611 1904
612 658
612 1047
612 1078
612 1384
612 1445
612 1567
612 1750
612 1913
613 1266
613 1964
613 1972
613 1982
614 824
614 851
614 1345
614 1985
615 1048
615 1088
615 1198
615 1564
615 1737
615 1903
616 625
616 1026
616 1251
616 1430
616 1486
617 841
617 1005
617 1039
617 1379
617 1782
617 1842
617 1895
617 1931
617 1995
618 737
618 920
618 1122
618 1840
618 1938
619 977
619 1436
619 1463
619 1965
620 845
620 998
620 1186
620 1515
620 1562
620 1725
620 1937
621 735
621 884
621 1282
622 1715
623 793
623 980
623 1088
623 1398
623 1497
624 639
624 752
624 1376
624 1491
624 1603
624 1611
624 1768
624 1818
624 1955
625 826
625 850
625 1203
625 1526
626 1483
626 1654
626 1879
626 1916
627 846
627 1202
627 1259
627 1337
627 1602
627 1938
628 1130
628 1295
628 1416
628 1502
628 1506
628 1660
629 884
630 1698
631 710
631 1278
631 1957
632 1306
632 1461
632 1795
632 1837
633 952
633 971
633 986
633 1351
633 1401
633 1454
633 1878
633 1985
634 1097
634 1308
634 1972
635 701
635 704
635 882
635 1222
635 1229
635 1339
635 1838
636 752
636 999
636 1506
636 1619
636 1899
637 830
637 966
637 1315
637 1404
637 1578
637 1954
638 786
638 1240
638 1316
638 1358
638 1542
639 644
639 819
639 931
639 1603
639 1692
639 1980
640 1139
640 1229
640 1539
640 1724
642 740
642 1397
642 1654
642 1726
643 879
643 1205
643 1741
644 681
644 1157
644 1441
644 1478
644 1496
644 1575
644 1722
644 1874
644 1903
644 1919
645 704
645 726
645 1446
645 1666
645 1756
646 840
646 859
646 931
646 1779
646 1876
647 997
647 1358
648 1010
648 1468
648 1698
648 1945
649 1320
649 1427
649 1783
649 1905
650 1997
651 792
651 872
651 984
651 1046
651 1785
651 1954
652 990
652 1155
652 1214
652 1444
652 1615
652 1759
652 1921
653 987
653 1718
654 953
654 1097
654 1495
654 1731
654 1870
655 686
655 1361
655 1569
655 1572
655 1627
655 1672
655 1926
655 1943
656 1344
656 1691
656 1899
656 1943
657 1393
657 1418
657 1427
657 1717
658 665
658 768
658 1723
659 860
659 1212
659 1677
659 1873
659 1913
659 1949
660 759
660 1155
660 1272
660 1496
660 1601
660 1810
661 1107
661 1396
661 1560
661 1768
662 1218
662 1387
662 1737
662 1952
663 666
663 827
663 1246
663 1320
663 1561
664 680
664 824
664 840
664 1713
665 1039
665 1517
665 1646
665 1701
665 1928
666 746
666 975
666 1352
666 1683
667 1420
667 1535
667 1686
667 1950
668 1485
668 1584
668 1614
668 1626
668 1648
668 1959
668 1970
669 858
669 1291
669 1423
669 1927
670 1337
670 1338
670 1693
670 1911
671 854
671 963
671 965
671 1416
671 1594
671 1623
671 1768
672 680
672 697
672 1050
672 1149
672 1175
672 1949
673 911
673 1163
673 1220
673 1916
673 1925
674 1069
674 1758
675 1172
675 1255
675 1545
675 1627
675 1662
676 959
676 1375
676 1395
677 725
677 1157
677 1168
677 1183
677 1459
677 1971
678 865
678 1147
678 1222
678 1340
678 1998
679 995
679 1131
679 1338
679 1751
680 1371
680 1955
681 1337
681 1996
682 683
682 1339
682 1738
682 1763
683 1139
683 1593
683 1715
683 1735
683 1768
684 912
684 1322
684 1937
685 776
685 938
685 1280
685 1281
685 1322
685 1547
685 1578
685 1738
685 1925
686 1159
686 1310
686 1352
686 1873
687 696
687 1633
688 1647
688 1919
689 895
689 916
689 1189
689 1473
689 1650
689 1734
689 1806
689 1829
690 1277
690 1417
690 1632
690 1653
691 977
691 1001
691 1449
692 743
692 764
692 810
692 1898
692 1991
693 882
693 1467
694 1563
694 1731
695 1487
695 1620
696 882
696 944
696 1373
696 1625
696 1696
696 1771
697 821
697 1042
697 1251
697 1338
697 1704
697 1740
697 1917
698 1182
698 1474
699 824
699 1083
699 1169
699 1424
699 1539
699 1934
700 882
700 1229
700 1275
700 1561
701 732
701 1150
702 978
702 1240
702 1322
702 1324
703 764
703 870
703 1001
703 1046
703 1202
703 1465
703 1495
703 1667
703 1913
703 1921
704 994
704 1757
704 1946
705 966
705 1415
705 1858
706 862
706 951
706 968
706 1141
706 1146
706 1458
706 1650
707 752
707 784
707 1107
707 1191
707 1267
707 1537
707 1712
707 1739
707 1948
708 930
708 1303
708 1617
708 1787
708 1953
709 743
709 788
709 1125
709 1420
709 1737
710 1848
711 993
711 1143
711 1207
711 1242
711 1452
711 1657
712 726
712 961
712 1023
712 1206
712 1318
712 1394
712 1504
712 1837
713 755
713 859
713 931
713 1137
713 1391
713 1777
713 1902
714 1037
714 1040
714 1079
714 1408
714 1422
714 1439
714 1485
715 1018
715 1400
715 1589
715 1636
716 1823
717 1371
718 910
718 1138
718 1402
718 1515
718 1623
719 780
719 1073
719 1465
719 1672
720 1136
720 1156
720 1384
720 1603
720 1647
720 1699
721 1978
722 744
722 775
722 1343
722 1428
722 1597
722 1757
723 962
723 1594
723 1968
724 746
724 1078
724 1085
724 1133
724 1150
724 1194
724 1297
724 1797
724 1965
725 856
725 931
725 989
725 1208
725 1516
725 1658
725 1740
726 913
726 914
726 1040
726 1113
726 1630
726 1684
727 763
727 831
727 902
727 904
727 1737
727 1745
727 1949
728 1014
728 1069
728 1129
728 1215
728 1321
728 1344
728 1911
729 1411
729 1829
730 846
731 904
731 1521
731 1582
731 1687
731 1878
732 1056
732 1701
733 1311
733 1887
734 1381
735 803
735 1076
735 1143
735 1247
735 1544
736 844
736 897
736 1255
736 1282
736 1676
736 1877
736 1888
737 1371
737 1484
737 1623
737 1633
738 818
738 998
738 1129
738 1938
739 1083
739 1092
739 1147
739 1207
739 1374
739 1847
740 790
740 1297
740 1326
740 1598
740 1717
741 779
741 869
741 921
741 961
741 1754
741 1957
742 807
742 1393
742 1846
743 1090
743 1098
743 1343
743 1370
743 1724
743 1934
744 750
744 786
744 918
744 1251
744 1612
745 982
746 765
746 1021
746 1036
746 1044
746 1255
746 1456
746 1508
746 1625
746 1713
747 816
747 884
747 1024
747 1281
747 1383
747 1583
748 888
748 909
748 1627
748 1667
748 1750
748 1794
748 1795
749 907
749 1016
749 1032
749 1139
749 1323
749 1552
749 1567
750 1102
750 1109
750 1718
750 1878
751 956
751 963
751 1185
751 1438
751 1632
751 1792
752 1024
752 1424
752 1636
753 1351
753 1373
753 1462
753 1744
753 1888
754 1140
754 1180
755 1010
756 1432
756 1597
756 1672
757 839
757 907
757 939
757 965
757 1331
758 851
758 1211
758 1340
758 1889
759 805
759 1003
759 1276
759 1760
760 1630
760 1635
760 1853
761 977
761 978
761 1356
762 1738
762 1935
763 880
763 963
763 1182
763 1184
763 1193
763 1448
763 1566
763 1941
764 804
764 854
764 910
764 1359
764 1689
765 801
765 845
765 913
765 1287
765 1711
766 1095
767 934
767 1137
767 1623
767 1719
767 1864
767 1868
768 837
768 934
768 945
768 1789
769 905
769 934
769 1463
769 1582
769 1711
770 920
770 1069
770 1257
770 1277
770 1297
770 1482
770 1507
770 1519
770 1549
770 1819
770 1868
770 1902
772 1284
772 1699
773 839
773 861
773 940
773 1145
773 1379
773 1489
774 1413
774 1668
774 1686
775 1922
776 1758
776 1846
776 1859
777 1171
777 1483
777 1722
777 2000
778 790
778 948
778 1432
778 1784
778 1966
779 867
779 1530
779 1919
780 1008
780 1034
780 1471
780 1747
781 944
781 1156
781 1171
781 1346
781 1682
781 1863
781 1880
781 1960
781 1974
782 972
782 1052
782 1503
782 1598
782 1890
783 835
783 1552
783 1566
784 1195
784 1664
785 797
785 913
785 1137
785 1748
785 1875
785 1962
786 903
786 1028
786 1187
786 1805
788 818
788 950
788 1019
788 1030
788 1036
788 1343
788 1483
788 1895
789 1034
789 1087
789 1638
789 1794
789 1919
789 1930
789 1969
790 1171
790 1329
790 1588
790 1705
790 1707
791 884
791 1077
791 1227
791 1745
792 955
792 966
792 1803
793 1678
793 1686
793 1784
793 1854
794 818
794 1142
794 1171
794 1437
794 1666
794 1926
795 950
795 1229
795 1259
796 1056
796 1878
796 1911
797 1836
798 824
798 967
798 1021
798 1078
798 1270
799 1566
799 1574
800 1154
800 1334
800 1413
800 1457
800 1791
801 1124
801 1271
801 1621
801 1875
801 1886
802 998
802 1650
803 1036
803 1084
803 1751
803 1912
804 1037
804 1358
804 1716
804 1782
805 818
805 918
805 1145
805 1581
805 1919
806 1261
806 1298
806 1431
807 1606
807 1737
807 1950
807 1989
808 1296
808 1320
808 1509
808 1658
808 1886
809 1107
809 1277
809 1434
810 1074
810 1239
810 1294
810 1371
810 1559
810 1814
810 1904
810 1905
811 1433
811 1715
812 1151
812 1326
812 1469
812 1668
812 1762
812 1854
813 1265
813 1420
813 1575
813 1630
814 906
814 1516
814 1533
814 1542
815 881
815 1325
816 859
816 1054
816 1068
816 1096
816 1151
816 1525
816 1567
816 1680
816 1832
817 931
817 1101
817 1184
817 1249
817 1456
818 1000
818 1201
818 1590
818 1607
818 1924
819 1196
819 1252
819 1274
819 1600
819 1674
820 1090
820 1425
820 1479
820 1700
820 1885
821 910
821 974
821 1099
821 1326
821 1352
821 1354
821 1591
821 1725
822 1567
822 1636
823 980
823 1188
823 1504
823 1727
823 1761
823 1926
824 893
824 1087
824 1580
825 1104
825 1192
825 1565
825 1592
825 1604
825 1678
825 1934
825 1967
826 842
826 1494
826 1540
826 1593
827 1103
827 1279
827 1430
827 1458
827 1862
828 1599
828 1861
828 1941
828 1947
829 898
829 928
829 1799
830 1001
830 1139
830 1287
830 1640
830 1694
830 1892
830 1958
831 907
831 1045
831 1359
831 1715
831 1946
832 1825
832 1860
834 983
834 1386
834 1497
834 1603
834 1804
835 899
835 1341
835 1470
835 1877
835 1898
836 1267
836 1359
836 1705
837 895
837 1039
837 1140
837 1244
837 1604
838 1413
838 1788
839 1071
839 1310
839 1442
839 1845
839 1988
840 1013
840 1195
840 1214
840 1506
841 929
841 1274
841 1878
842 1076
842 1486
842 1681
843 1155
843 1289
843 1444
843 1558
843 1760
844 1411
844 1493
845 1515
845 1875
846 966
846 978
847 1048
847 1135
847 1412
847 1626
847 1825
848 1441
848 1994
849 1173
849 1343
849 1749
849 1916
850 1029
850 1264
850 1273
850 1279
850 1985
851 866
851 1583
851 1751
851 1827
852 917
852 930
852 1067
852 1366
852 1459
852 1496
852 1607
852 1827
853 920
853 1295
853 1653
853 1781
853 1812
854 1413
854 1536
854 1779
855 1575
855 1630
855 1704
855 1835
856 1271
856 1273
856 1467
856 1538
856 1751
857 922
857 951
857 1522
857 1791
857 1820
858 1025
858 1201
858 1400
858 1973
859 997
859 1248
859 1742
859 1980
860 1112
860 1341
860 1423
860 1557
861 1269
861 1496
862 863
862 1274
862 1483
862 1788
863 876
863 1030
863 1134
863 1153
863 1743
863 1934
864 916
864 1185
864 1344
864 1509
864 1780
864 1960
865 965
865 1004
865 1057
865 1075
865 1333
865 1918
866 915
866 1199
866 1540
866 1660
866 1708
866 1823
866 1852
867 1556
867 1698
868 871
868 1032
868 1108
868 1435
868 1575
868 1757
868 1951
869 958
869 1578
869 1658
869 1662
869 1893
869 1952
870 1104
870 1130
870 1503
870 1607
870 1689
870 1801
870 1876
870 1897
871 1335
871 1720
871 1772
871 1882
872 1032
872 1312
872 1361
873 972
873 1259
873 1594
873 1878
874 1047
874 1548
874 1941
874 1974
875 1236
875 1305
875 1408
875 1718
876 1253
876 1498
876 1556
876 1822
876 1842
876 1872
877 1457
877 1521
877 1537
877 1746
878 1291
878 1958
879 929
879 1538
880 991
880 1005
880 1050
880 1257
880 1270
880 1498
880 1802
881 1142
881 1272
881 1638
881 1854
881 1906
881 1971
882 1102
882 1118
882 1151
882 1783
882 1941
883 1507
883 1602
883 1608
883 1742
883 1763
883 1916
883 1971
884 1049
884 1180
884 1462
884 1701
884 1874
884 1979
885 1256
885 1336
885 1746
886 1061
886 1987
887 980
887 1099
887 1748
887 1813
888 970
888 1023
888 1209
888 1454
888 1550
888 1605
888 1813
888 1857
889 898
889 973
889 1006
889 1088
889 1226
890 1080
890 1108
890 1392
890 1524
890 1733
890 1911
890 1962
891 983
891 1207
891 1846
893 1013
893 1409
893 1617
893 1779
894 1470
894 1907
894 1989
895 933
895 940
896 981
896 1299
896 1444
896 1761
897 1102
897 1177
897 1301
897 1459
897 1675
897 1786
897 1802
897 1825
897 1898
898 933
898 1131
898 1149
898 1716
898 1725
898 1748
898 1749
899 1283
899 1462
900 1479
900 1844
900 1883
901 1359
901 1443
901 1471
901 1474
901 1587
901 1812
901 1894
901 1992
902 1096
902 1137
902 1247
902 1302
903 1083
903 1104
903 1281
903 1843
904 918
904 938
904 955
904 1274
904 1483
904 1929
904 1986
905 1462
905 1596
906 989
906 1028
906 1287
906 1447
906 1458
906 1542
906 1544
906 1645
906 1859
907 1211
907 1226
907 1305
907 1361
907 1861
907 1871
908 1055
908 1347
908 1367
909 920
909 1185
909 1474
909 1563
909 1661
909 1673
909 1949
910 1278
910 1648
910 1839
911 918
911 1716
911 1760
912 1476
912 1598
913 1693
914 1179
914 1486
914 1820
915 1537
915 1806
916 1338
916 1399
916 1583
916 1656
916 1699
916 1706
917 957
917 1081
917 1432
917 1678
917 1686
918 1194
918 1233
918 1472
918 1658
919 978
919 1149
919 1586
919 1849
919 1900
920 1563
921 1045
921 1172
921 1464
921 1604
922 1137
922 1229
922 1699
923 1495
923 1753
924 1248
924 1293
924 1317
924 1323
924 1866
925 967
925 1236
925 1595
925 1692
926 1196
926 1538
926 1746
926 1920
927 1137
927 1217
927 1437
927 1768
927 1802
928 950
928 1532
928 1798
928 1999
929 1117
929 1375
929 1376
929 1938
930 974
930 1330
930 1340
930 1560
930 1770
930 1976
931 1083
931 1457
931 1689
931 1793
931 1891
932 1141
932 1462
932 1468
932 1470
932 1501
932 1626
933 1230
933 1424
933 1915
934 1067
934 1345
934 1757
934 1795
935 1138
935 1261
935 1376
936 1065
936 1129
936 1480
936 1492
936 1689
936 1712
936 1776
937 962
937 1068
937 1641
937 1656
937 1750
937 1785
938 1124
938 1260
938 1336
939 1030
939 1084
939 1443
939 1468
939 1770
940 1183
940 1374
940 1935
941 1089
941 1387
941 1671
942 972
942 983
942 1165
942 1206
942 1355
942 1364
942 1678
942 1816
943 1291
943 1603
944 1323
944 1483
944 1614
944 1817
944 1878
945 1083
945 1330
946 1127
946 1216
946 1337
947 1717
947 1720
948 990
948 1541
948 1588
948 1885
948 1945
948 1958
948 1970
948 1995
949 1102
949 1205
949 1441
949 1490
950 1469
950 1889
950 1987
951 1937
952 1044
952 1080
952 1140
952 1839
952 1922
953 1254
954 1108
954 1434
954 1811
955 1084
955 1332
956 1037
956 1076
956 1187
956 1371
956 1611
956 1630
957 1561
957 1595
957 1811
957 1982
958 1181
958 1281
958 1332
958 1518
958 1708
958 1856
958 1879
958 1926
959 963
959 1317
959 1500
959 1912
960 1813
961 1111
961 1259
961 1292
961 1704
961 1790
962 1369
962 1677
963 1481
963 1512
963 1642
963 1737
963 1827
963 1959
964 986
964 1283
964 1576
964 1608
964 1994
965 1310
966 1266
966 1475
966 1732
967 1202
967 1248
967 1276
967 1758
967 1766
968 1247
968 1670
968 1858
968 1959
969 1209
969 1542
970 1424
971 997
971 1581
971 1804
972 1291
972 1360
972 1744
972 1968
973 1202
973 1268
973 1585
974 1167
974 1614
974 1616
974 1848
974 1864
975 1258
975 1383
975 1552
975 1938
975 1994
975 1999
976 1192
976 1796
976 1941
978 1289
978 1496
978 1629
978 1765
978 1940
979 1095
979 1230
979 1509
980 1473
980 1856
981 1186
981 1255
981 1572
982 1048
982 1724
982 1875
982 1954
983 1153
983 1405
983 1425
983 1617
983 1631
984 1089
984 1426
984 1435
984 1482
984 1502
984 1718
984 1825
984 1963
985 1125
985 1213
985 1215
985 1575
985 1662
985 1731
986 1159
986 1176
986 1412
987 1101
987 1215
987 1933
988 1100
988 1306
988 1813
988 1898
989 1076
989 1133
989 1459
989 1498
989 1746
989 1845
990 1100
990 1267
990 1342
991 1065
991 1375
991 1695
991 1701
992 1089
992 1381
992 1549
992 1666
992 1958
993 1133
993 1248
993 1535
993 1604
993 1780
993 1887
994 1366
994 1568
995 1278
996 1076
996 1608
996 1685
996 1862
997 1645
997 1666
997 1805
998 1014
998 1331
998 1441
998 1679
998 1995
999 1011
999 1154
999 1594
1000 1163
1000 1613
1000 1703
1001 1046
1001 1575
1001 1764
1002 1298
1002 1303
1002 1946
1003 1083
1004 1016
1004 1109
1005 1246
1005 1372
1005 1588
1005 1668
1006 1476
1006 1528
1006 1566
1006 1601
1006 1757
1006 1945
1007 1051
1007 1137
1007 1587
1007 1614
1007 1776
1007 1923
1008 1201
1008 1338
1008 1911
1009 1413
1009 1437
1009 1486
1009 1711
1010 1028
1010 1641
1010 1703
1011 1352
1012 1042
1012 1208
1012 1264
1012 1613
1012 1802
1013 1554
1013 1660
1013 1717
1014 1226
1014 1274
1014 1343
1014 1872
1015 1552
1015 1847
1015 1982
1015 1986
1016 1366
1016 1828
1016 1887
1017 1181
1018 1183
1018 1205
1018 1214
1018 1487
1018 1778
1019 1135
1019 1175
1019 1302
1019 1341
1019 1514
1019 1655
1020 1160
1020 1383
1020 1449
1020 1736
1020 1834
1021 1339
1021 1397
1021 1714
1022 1071
1022 1181
1022 1980
1023 1030
1023 1267
1023 1879
1024 1382
1024 1448
1024 1580
1025 1039
1025 1820
1026 1273
1026 1424
1027 1100
1027 1434
1027 1470
1027 1964
1028 1984
1029 1055
1029 1890
1029 1943
1030 1142
1030 1297
1030 1499
1030 1657
1030 1839
1031 1299
1031 1333
1031 1511
1031 1653
1032 1069
1032 1385
1032 1460
1032 1660
1033 1409
1033 1492
1033 1628
1033 1660
1034 1083
1034 1855
1034 1899
1035 1132
1036 1948
1037 1325
1037 1987
1038 1081
1038 1562
1038 1621
1039 1722
1040 1322
1040 1725
1041 1335
1041 1419
1041 1749
1041 1899
1042 1130
1042 1143
1042 1637
1042 1752
1042 1853
1042 1939
1043 1060
1043 1187
1043 1212
1043 1507
1044 1055
1044 1749
1044 1754
1045 1266
1045 1279
1045 1576
1045 1741
1046 1268
1047 1166
1047 1573
1047 1627
1047 1881
1047 1966
1048 1098
1048 1419
1049 1107
1049 1766
1050 1159
1050 1546
1051 1252
1051 1716
1052 1096
1052 1160
1052 1505
1052 1595
1052 1924
1053 1584
1053 1806
1053 1967
1054 1145
1054 1845
1054 1863
1055 1405
1055 1721
1055 1913
1056 1440
1056 1693
1056 1733
1056 1872
1057 1199
1057 1582
1057 1640
1057 1861
1057 1997
1057 1999
1058 1280
1058 1398
1058 1795
1059 1259
1059 1308
1059 1323
1060 1592
1060 1688
1060 1801
1060 1813
1060 1931
1061 1232
1061 1614
1061 1706
1063 1193
1063 1277
1063 1284
1063 1477
1064 1560
1064 1620
1064 1771
1066 1349
1066 1628
1066 1819
1066 1897
1066 1957
1067 1520
1067 1585
1067 1809
1067 1847
1067 1872
1068 1738
1068 1865
1069 1204
1069 1356
1069 1360
1069 1482
1069 1514
1069 1606
1069 1749
1070 1581
1070 1855
1071 1167
1071 1409
1071 1426
1071 1427
1071 1534
1071 1809
1071 1947
1072 1073
1072 1245
1072 1638
1073 1172
1073 1684
1073 1738
1074 1150
1074 1304
1074 1783
1074 1879
1074 1937
1074 1980
1075 1721
1076 1251
1076 1371
1076 1626
1076 1638
1076 1681
1076 1834
1076 1841
1076 1881
1076 1890
1077 1090
1077 1166
1077 1167
1077 1250
1077 1487
1077 1550
1077 1598
1078 1751
1079 1122
1079 1349
1079 1423
1079 1879
1080 1632
1080 1635
1081 1246
1081 1404
1081 1680
1081 1802
1082 1274
1082 1279
1082 1358
1082 1398
1082 1443
1082 1717
1083 1165
1083 1381
1083 1400
1083 1489
1083 1589
1083 1735
1083 1812
1083 1954
1084 1360
1084 1454
1084 1606
1084 1620
1084 1650
1084 1665
1085 1182
1085 1222
1085 1395
1085 1541
1085 1895
1086 1088
1086 1788
1086 1865
1086 1988
1087 1248
1087 1325
1087 1509
1087 1532
1087 1778
1088 1145
1088 1274
1088 1549
1088 1726
1088 1895
1088 1954
1088 1984
1090 1602
1091 1117
1092 1167
1092 1192
1092 1774
1093 1450
1093 1790
1093 1858
1094 1425
1094 1510
1094 1623
1096 1287
1096 1780
1096 1902
1096 1956
1097 1283
1097 1649
1097 1830
1097 1890
1097 1979
1098 1178
1098 1187
1098 1494
1099 1202
1099 1219
1099 1699
1099 1751
1099 1853
1099 1925
1100 1862
1101 1470
1101 1863
1102 1438
1102 1442
1102 1884
1103 1359
1103 1378
1103 1424
1103 1770
1103 1988
1104 1374
1105 1268
1105 1309
1105 1513
1105 1682
1105 1996
1106 1658
1106 1664
1108 1153
1108 1386
1108 1388
1108 1654
1108 1936
1108 1999
1109 1110
1109 1326
1109 1423
1109 1435
1109 1725
1110 1649
1111 1538
1113 1698
1114 1129
1114 1252
1114 1301
1115 1158
1115 1239
1115 1592
1115 1639
1115 1692
1115 1879
1115 1931
1116 1169
1116 1593
1116 1622
1116 1670
1116 1948
1118 1260
1118 1510
1118 1744
1119 1597
1119 1786
1119 1917
1120 1135
1120 1316
1120 1514
1120 1660
1121 1263
1121 1435
1121 1624
1121 1658
1121 1732
1122 1447
1123 1264
1123 1359
1124 1598
1124 1860
1124 1986
1125 1173
1125 1454
1125 1861
1126 1155
1126 1315
1127 1128
1127 1174
1127 1709
1127 1888
1128 1947
1129 1929
1130 1412
1130 1612
1131 1216
1131 1298
1131 1376
1131 1502
1131 1588
1131 1811
1133 1568
1133 1913
1134 1242
1134 1527
1134 1710
1134 1774
1134 1925
1135 1521
1135 1781
1135 1811
1135 1902
1136 1354
1136 1701
1137 1143
1137 1194
1137 1347
1137 1715
1137 1834
1138 1552
1138 1892
1139 1234
1139 1443
1139 1607
1139 1961
1140 1498
1141 1218
1141 1502
1141 1815
1141 1845
1141 1961
1142 1485
1142 1666
1143 1155
1143 1258
1144 1713
1145 1541
1145 1634
1145 1958
1146 1301
1146 1423
1146 1455
1146 1758
1146 1964
1147 1369
1147 1380
1147 1554
1147 1943
1148 1178
1148 1368
1148 1530
1148 1596
1148 1748
1148 1810
1149 1208
1149 1288
1149 1566
1149 1845
1149 1914
1150 1382
1150 1965
1151 1243
1151 1489
1152 1621
1153 1193
1153 1575
1154 1530
1154 1681
1154 1750
1155 1587
1155 1927
1156 1377
1156 1899
1157 1180
1157 1221
1157 1485
1157 1561
1157 1599
1157 1826
1157 1877
1158 1450
1158 1538
1159 1660
1159 1967
1160 1250
1160 1453
1160 1673
1160 1677
1160 1732
1160 1919
1161 1601
1162 1455
1162 1551
1163 1288
1163 1602
1163 1934
1164 1356
1164 1979
1165 1415
1165 1792
1166 1458
1166 1851
1167 1559
1168 1582
1168 1932
1169 1289
1169 1315
1169 1610
1170 1365
1170 1648
1171 1346
1171 1678
1172 1260
1173 1553
1173 1625
1173 1749
1174 1664
1174 1708
1174 1759
1175 1480
1175 1685
1175 1716
1176 1199
1176 1245
1176 1259
1177 1192
1177 1346
1177 1419
1178 1377
1178 1782
1178 1839
1180 1700
1180 1896
1180 1932
1181 1190
1181 1878
1181 1933
1182 1280
1182 1770
1182 1845
1183 1216
1183 1228
1183 1467
1183 1693
1183 1767
1184 1198
1184 1433
1184 1796
1185 1729
1185 1919
1186 1564
1187 1811
1187 1889
1188 1246
1188 1394
1188 1940
1189 1371
1189 1811
1189 1835
1190 1485
1190 1500
1190 1634
1191 1982
1192 1341
1192 1959
1193 1558
1194 1300
1194 1411
1194 1471
1194 1476
1194 1627
1194 1881
1195 1454
1195 1511
1195 1514
1195 1533
1195 1681
1196 1334
1196 1363
1196 1461
1196 1665
1196 1681
1196 1688
1196 1802
1197 1429
1197 1908
1198 1809
1199 1312
1199 1359
1199 1654
1199 1989
1200 1413
1200 1489
1200 1682
1200 1810
1201 1316
1202 1669
1202 1814
1202 1913
1203 1495
1203 1604
1203 1667
1204 1938
1205 1350
1205 1773
1205 1969
1206 1416
1207 1439
1207 1744
1208 1554
1209 1309
1209 1674
1210 1383
1210 1881
1210 1888
1210 1949
1211 1314
1211 1413
1211 1494
1212 1320
1212 1699
1212 1888
1212 1932
1212 1952
1213 1801
1214 1820
1215 1221
1215 1343
1215 1372
1215 1392
1215 1472
1215 1599
1215 1709
1215 1799
1216 1292
1216 1645
1217 1284
1217 1331
1217 1460
1217 1865
1218 1291
1218 1681
1219 1721
1220 1677
1220 1719
1221 1390
1221 1472
1221 1634
1221 1874
1222 1495
1222 1581
1222 1698
1222 1831
1222 1882
1222 1982
1223 1451
1223 1909
1223 1916
1223 1962
1224 1704
1224 1871
1224 1957
1225 1691
1225 1959
1226 1487
1226 1619
1227 1696
1228 1254
1228 1382
1228 1576
1228 1625
1228 1733
1229 1583
1230 1523
1230 1583
1230 1773
1231 1254
1231 1391
1231 1821
1231 1865
1232 1795
1233 1650
1234 1762
1234 1776
1235 1369
1235 1560
1235 1894
1237 1647
1237 2000
1238 1438
1238 1929
1239 1558
1239 1560
1239 1649
1239 1662
1239 1840
1240 1245
1240 1387
1240 1549
1240 1731
1240 1889
1240 1906
1241 1364
1241 1634
1241 1682
1241 1735
1242 1285
1242 1859
1243 1361
1243 1464
1243 1588
1243 1646
1243 1720
1245 1299
1245 1301
1245 1538
1246 1522
1246 1667
1246 1910
1246 1958
1247 1265
1247 1958
1249 1705
1250 1501
1251 1666
1251 1866
1251 1995
1252 1359
1252 1394
1252 1417
1252 1602
1252 1794
1252 1809
1253 1331
1254 1273
1254 1409
1254 1445
1254 1555
1255 1374
1256 1353
1257 1262
1257 1681
1258 1961
1259 1385
1259 1657
1259 1677
1260 1499
1260 1527
1260 1636
1260 1795
1261 1369
1261 1426
1261 1737
1262 1326
1262 1825
1264 1583
1265 1606
1265 1934
1266 1298
1266 1680
1266 1739
1267 1503
1268 1357
1268 1746
1268 1784
1269 1454
1270 1469
1270 1777
1271 1951
1272 1275
1272 1456
1272 1786
1274 1453
1274 1663
1275 1438
1275 1619
1275 1926
1276 1547
1276 1648
1276 1974
1277 1487
1277 1607
1277 1918
1278 1422
1279 1659
1280 1625
1280 1808
1281 1673
1282 1341
1282 1629
1282 1939
1283 1565
1283 1689
1283 1692
1283 1835
1283 1991
1284 1375
1284 1656
1284 1931
1285 1654
1285 1701
1285 1821
1285 1853
1286 1572
1286 1790
1287 1636
1287 1984
1288 1341
1288 1472
1288 1536
1288 1576
1289 1359
1289 1870
1290 1387
1290 1663
1290 1677
1290 1749
1291 1366
1291 1496
1291 1961
1292 1315
1292 1550
1293 1433
1293 1462
1293 1483
1293 1608
1293 1689
1293 1935
1294 1586
1294 1776
1294 1850
1295 1403
1295 1740
1295 1840
1295 1927
1296 1315
1296 1375
1296 1727
1296 1877
1297 1344
1297 1509
1298 1422
1298 1485
1298 1888
1299 1540
1299 1627
1299 1916
1300 1855
1301 1591
1301 1638
1301 1948
1301 1984
1302 1427
1302 1542
1302 1908
1303 1623
1303 1678
1303 1787
1303 1830
1304 1974
1304 1994
1305 1374
1305 1469
1305 1586
1306 1488
1306 1697
1306 1737
1306 1958
1306 1998
1307 1551
1307 1944
1308 1356
1308 1536
1308 1895
1308 1983
1309 1614
1309 1942
1310 1518
1310 1521
1310 1529
1310 1535
1310 1539
1310 1614
1311 1331
1311 1689
1311 1934
1313 1504
1313 1530
1313 1559
1315 1397
1315 1638
1316 1670
1316 1788
1316 1988
1317 1689
1317 1745
1318 1391
1318 1652
1318 1764
1319 1556
1319 1672
1319 1898
1320 1562
1320 1773
1320 1823
1320 1946
1321 1971
1322 1518
1322 1835
1322 1840
1324 1449
1324 1537
1324 1931
1324 1939
1325 1841
1325 1869
1326 1467
1326 1537
1326 1578
1326 1749
1326 1793
1326 1807
1327 1501
1327 1531
1327 1586
1327 1807
1327 1816
1328 1719
1328 1830
1329 1907
1330 1543
1330 1552
1332 1525
1333 1452
1333 1457
1333 1991
1333 1999
1334 1587
1335 1350
1335 1645
1336 1475
1337 1599
1337 1691
1337 1996
1338 1344
1338 1398
1338 1855
1339 1415
1339 1598
1339 1879
1340 1463
1340 1731
1340 1791
1341 1614
1341 1781
1342 1416
1342 1461
1342 1465
1342 1887
1343 1633
1344 1394
1344 1433
1344 1796
1344 1874
1344 1908
1345 1486
1345 1792
1346 1517
1346 1589
1346 1613
1347 1687
1347 1790
1348 1362
1348 1579
1348 1688
1348 1736
1348 2000
1349 1796
1349 1879
1350 1536
1350 1608
1350 1891
1351 1374
1351 1810
1352 1366
1352 1368
1352 1459
1352 1760
1353 1797
1354 1508
1354 1722
1355 1631
1355 1682
1355 1839
1357 1726
1357 1994
1358 1452
1358 1498
1358 1699
1359 1965
1360 1649
1360 1691
1361 1941
1362 1483
1362 1710
1362 1803
1362 1935
1363 1939
1364 1479
1364 1612
1364 1961
1365 1560
1365 1791
1366 1614
1366 1668
1366 1934
1367 1953
1368 1624
1369 1886
1370 1884
1371 1397
1371 1909
1372 1475
1372 1528
1373 1890
1374 1642
1374 1797
1374 1829
1375 1556
1375 1809
1375 1897
1376 1527
1376 1777
1376 1832
1376 1939
1376 1954
1376 1970
1377 1522
1377 1766
1378 1653
1378 1758
1378 1892
1378 1933
1379 1892
1379 1919
1380 1508
1380 1913
1382 1847
1382 1999
1383 1588
1383 1606
1383 1962
1384 1529
1384 1570
1384 1946
1384 1947
1385 1941
1386 1561
1386 1620
1386 1654
1386 1668
1386 1806
1387 1541
1387 1908
1388 1626
1388 1650
1388 1771
1389 1566
1389 1591
1389 1855
1389 1915
1390 1644
1390 1670
1390 1748
1391 1467
1391 1894
1392 1414
1394 1533
1394 1728
1395 1404
1395 1686
1395 1711
1396 1480
1396 1570
1396 1619
1396 1888
1396 1968
1398 1515
1398 1533
1398 1965
1399 1918
1399 1974
1400 1714
1400 1905
1401 1566
1401 1703
1401 1760
1401 1867
1402 1432
1402 1437
1402 1534
1402 1847
1402 1943
1403 1907
1404 1623
1405 1868
1405 1998
1406 1923
1407 1521
1407 1611
1407 1652
1407 1817
1409 1830
1409 1984
1410 1452
1410 1499
1410 1742
1410 1744
1411 1992
1412 1656
1413 1622
1413 1744
1414 1854
1414 1919
1415 1824
1415 1849
1416 1861
1417 1469
1417 1536
1417 1687
1418 1447
1418 1569
1418 1594
1418 1894
1418 1942
1419 1491
1419 1650
1419 1705
1419 1906
1419 1967
1420 1556
1420 1798
1420 1848
1420 1998
1421 1615
1421 1619
1421 1697
1421 1706
1421 1933
1422 1861
1424 1628
1425 1663
1426 1464
1426 1830
1427 1711
1429 1803
1429 1897
1430 1964
1431 1486
1432 1437
1432 1839
1433 1493
1434 1520
1434 1564
1434 1666
1434 1734
1434 1994
1435 1700
1435 1952
1436 1611
1437 1536
1437 1538
1437 1847
1437 1866
1438 1462
1438 1558
1438 1577
1438 1674
1438 1677
1439 1797
1439 1833
1439 1899
1440 1759
1440 1793
1440 1864
1442 1884
1443 1558
1444 1901
1445 1739
1445 1773
1446 1479
1446 1507
1446 1866
1447 1756
1447 1869
1448 1826
1448 1852
1449 1467
1450 1564
1450 1592
1450 1733
1450 1929
1451 1770
1451 1820
1451 1964
1451 1971
1451 1984
1452 1471
1452 1531
1452 1743
1453 1764
1454 1899
1455 1510
1455 1788
1455 1901
1457 1611
1457 1803
1458 1568
1458 1697
1458 1790
1458 1876
1459 1482
1459 1645
1459 1940
1459 1974
1460 1749
1460 1886
1460 1888
1461 1780
1462 1661
1462 1689
1462 1848
1463 1634
1464 1859
1466 1991
1468 1729
1468 1779
1468 1813
1469 1639
1470 1543
1470 1613
1470 1794
1470 1883
1471 1524
1471 1651
1471 1743
1471 1941
1473 1621
1473 1720
1473 1843
1474 1654
1475 1527
1475 1872
1476 1661
1476 1832
1476 1876
1476 1906
1477 1663
1477 1923
1478 1566
1478 1985
1479 1484
1479 1569
1479 1751
1483 1956
1485 1506
1485 1616
1485 1933
1486 1921
1487 1672
1487 1780
1488 1766
1489 1509
1490 1650
1490 1768
1491 1966
1492 1540
1492 1609
1492 1802
1493 1508
1493 1714
1494 1565
1494 1612
1495 1844
1495 1865
1495 1871
1496 1527
1496 1910
1496 1971
1499 1676
1500 1934
1501 1728
1501 1826
1501 1862
1502 1846
1502 1869
1502 1903
1502 1986
1502 1989
1503 1568
1503 1698
1504 1658
1504 1724
1504 1828
1505 1533
1505 1800
1506 1518
1506 1955
1507 1530
1507 1552
1507 1597
1507 1819
1507 1901
1508 1696
1508 1752
1508 1961
1509 1897
1511 1919
1512 1630
1512 1823
1512 1995
1515 1755
1515 1920
1516 1539
1516 1884
1517 1665
1517 1954
1518 1585
1519 1696
1519 1935
1519 1941
1520 1727
1521 1523
1521 1529
1522 1753
1525 1633
1525 1664
1525 1821
1525 1900
1525 1923
1526 1686
1526 1860
1526 1936
1527 1555
1529 1723
1529 1893
1529 1898
1531 1877
1532 1657
1532 1748
1534 1686
1535 1610
1536 1649
1536 1796
1537 1819
1539 1692
1540 1565
1543 1990
1545 1645
1545 1996
1546 1848
1547 1749
1547 1965
1548 1600
1548 1704
1548 1817
1549 1589
1549 1668
1551 1930
1554 1655
1554 1867
1555 1715
1555 1831
1555 1871
1556 1830
1557 1916
1559 1574
1559 1907
1560 1911
1561 1594
1562 1919
1566 1695
1569 1751
1570 1776
1570 1802
1570 1881
1571 1704
1571 1877
1571 1897
1571 1927
1571 1986
1572 1654
1572 1954
1572 1966
1573 1785
1573 1858
1574 1671
1574 1900
1575 1698
1575 1735
1575 1746
1576 1758
1576 1869
1579 1940
1581 1628
1581 1711
1581 1863
1583 1779
1583 1860
1584 1775
1585 1907
1586 1848
1587 1593
1587 1649
1587 1669
1587 1690
1587 1902
1589 1828
1590 1738
1590 1754
1590 1778
1590 1822
1591 1592
1592 1965
1593 1661
1593 1808
1593 1840
1593 1985
1594 1864
1594 1898
1595 1761
1595 1821
1597 1859
1598 1713
1598 1949
1599 1848
1600 1603
1600 1818
1601 1669
1602 1779
1602 1788
1603 1711
1605 1698
1605 1753
1605 1820
1607 1723
1607 1757
1608 1912
1609 1686
1610 1629
1611 1898
1611 1975
1613 1856
1614 1661
1616 1986
1617 1667
1618 1760
1618 1799
1619 1814
1621 1835
1622 1835
1623 1725
1625 1781
1625 1864
1625 1963
1629 1857
1629 1867
1632 1788
1632 1828
1634 1865
1634 1881
1634 1933
1634 1958
1635 1731
1636 1697
1637 1640
1639 1841
1643 1973
1644 1747
1644 1764
1644 1937
1644 1943
1645 1735
1646 1666
1646 1996
1647 1829
1649 1861
1649 1922
1649 1955
1650 1755
1653 1818
1655 1747
1655 1863
1656 1722
1656 1834
1658 1757
1658 1807
1658 1840
1659 1752
1659 1784
1660 1840
1660 1935
1661 1694
1663 1702
1663 1876
1664 1743
1664 1826
1665 1983
1669 1748
1670 1701
1670 1721
1672 1848
1675 1789
1677 1744
1679 1697
1679 1732
1679 1966
1681 1861
1683 1751
1683 1832
1684 1905
1685 1738
1685 1980
1686 1800
1687 1912
1689 1720
1690 1910
1690 1939
1691 1980
1692 1783
1694 1696
1694 1799
1695 1854
1697 1985
1697 1998
1698 1901
1699 1804
1699 1820
1699 1890
1701 1784
1702 1975
1703 1774
1703 1790
1705 1913
1706 1935
1707 1908
1708 1877
1709 1822
1709 1844
1710 1871
1711 1917
1712 1715
1712 1905
1713 1911
1713 1912
1715 1728
1716 1748
1718 1808
1718 1958
1722 1796
1722 1949
1722 1952
1723 1858
1723 1915
1724 1988
1727 1756
1727 1875
1728 1743
1728 1768
1729 1983
1730 1916
1731 1826
1731 1904
1735 1914
1736 1994
1738 1915
1738 1941
1739 1774
1739 1919
1742 1896
1742 1992
1743 1980
1743 1993
1744 1840
1745 1790
1745 1939
1746 1783
1750 1767
1752 1823
1752 1915
1752 1941
1752 1962
1754 1827
1754 1839
1754 1873
1756 1777
1756 1922
1757 1968
1759 1795
1759 1846
1762 1791
1762 1940
1763 1925
1766 1825
1767 1794
1767 1945
1768 1827
1770 1868
1772 1792
1774 1896
1776 1801
1776 1812
1776 1965
1778 1818
1782 1975
1786 1854
1787 1840
1787 1988
1790 1951
1790 1985
1792 1833
1792 1908
1795 1838
1795 1950
1798 1892
1801 1963
1805 1988
1806 1809
1806 1876
1810 1976
1810 1978
1811 1824
1813 1995
1816 1845
1817 1977
1819 1879
1819 1955
1820 1923
1820 1966
1821 1886
1821 1917
1822 1840
1822 1967
1824 1875
1824 1997
1826 1848
1826 1864
1826 1893
1827 1874
1828 1987
1832 1844
1832 1934
1833 1846
1834 1946
1838 1972
1838 1992
1841 1910
1844 1856
1845 1944
1849 1872
1849 1942
1849 1946
1854 1983
1857 1926
1861 1941
1861 1971
1861 1990
1863 1939
1863 1965
1865 1940
1869 1872
1870 1915
1871 1970
1871 1976
1874 1918
1874 1953
1876 1977
1877 1878
1879 1923
1883 1909
1884 1939
1884 1973
1890 1927
1893 1948
1896 1976
1898 1965
1903 1975
1906 1911
1924 1973
1925 1997
1930 1973
1945 1989
1946 1949
1947 1982
1954 1977
1959 1993
1963 1979
1968 1982
1972 1988
1973 1984