2000
1 711
1 827
2 314
2 1157
3 275
3 304
3 493
3 1996
4 354
4 692
4 1606
4 1792
4 1965
5 497
5 1548
5 1996
6 115
6 1732
7 116
7 1373
8 244
8 824
8 980
8 1176
8 1742
8 1854
10 556
10 663
10 1084
10 1116
10 1445
10 1952
11 119
12 699
12 1008
13 1798
14 1855
14 1910
15 246
15 408
15 528
15 727
15 775
15 894
15 1278
16 1491
16 1505
16 1759
17 71
17 990
17 1430
17 1464
18 109
18 593
18 908
18 1098
18 1595
18 1838
18 1839
19 413
19 519
19 862
20 176
20 203
20 392
20 611
20 959
20 1897
21 1136
21 1299
21 1370
21 1819
22 544
22 737
22 1017
22 1131
22 1140
23 721
23 773
23 1453
23 1953
24 1127
24 1542
25 731
25 1681
26 122
26 249
26 349
26 455
26 807
27 111
27 243
27 668
27 1152
28 309
28 1604
28 1853
28 1922
29 759
30 68
30 562
30 1540
30 1721
31 239
31 525
31 534
32 969
32 1050
32 1428
32 1452
32 1546
33 310
33 451
33 1520
33 1724
34 397
34 575
34 893
34 1949
35 401
35 1563
35 1819
35 1946
36 460
36 949
36 1284
37 461
37 1520
38 710
38 1141
38 1280
38 1408
38 1940
39 1390
39 1808
39 1896
40 483
40 721
40 896
40 1209
40 1897
41 118
41 633
41 732
41 1084
42 524
42 1387
43 391
43 836
43 840
43 900
43 1022
43 1733
44 1099
44 1297
45 431
45 763
45 1165
45 1206
45 1557
45 1685
46 350
46 501
46 735
46 802
46 995
47 952
48 1119
49 825
49 1244
50 568
50 1523
51 411
51 861
51 1178
51 1230
51 1361
51 1423
51 1616
52 877
52 995
52 1284
52 1958
53 779
53 1073
53 1794
54 636
54 1090
54 1366
54 1620
55 838
55 1436
56 96
56 353
56 464
56 659
56 748
56 1256
56 1332
57 1073
57 1131
57 1733
58 951
58 1423
58 1800
58 1837
59 1554
60 1103
60 1942
61 706
61 783
61 1252
62 248
62 1456
62 1903
63 391
63 820
63 1138
63 1564
64 92
64 881
65 241
65 386
65 1515
65 1725
65 1872
66 221
66 770
66 986
66 1146
66 1159
66 1322
66 1351
66 1443
66 1445
67 345
67 1248
67 1701
68 977
68 1752
69 326
69 1052
69 1353
71 161
71 369
71 683
71 958
71 1070
72 206
72 742
72 1178
72 1263
72 1949
73 183
73 1951
74 639
74 779
74 1162
74 1421
74 1624
74 1626
74 1935
75 400
75 1141
75 1855
76 1000
76 1380
76 1581
76 1866
77 650
77 1033
78 80
78 469
78 777
79 104
79 523
79 1247
80 1115
81 651
81 1359
81 1833
82 731
82 1014
82 1712
82 1968
83 1713
84 1407
86 153
86 657
86 703
86 852
86 1081
86 1559
87 1090
87 1182
87 1194
87 1455
87 1661
87 1720
87 1749
87 1791
87 1992
88 137
88 335
88 906
88 1525
89 246
89 716
89 1555
90 1893
91 350
91 906
91 996
92 732
92 778
92 834
92 989
92 1230
92 1905
93 883
93 1491
94 536
94 608
94 755
94 1752
95 321
95 548
95 637
95 1157
95 1555
96 1822
97 1401
97 1428
97 1861
98 214
98 1891
99 188
99 233
99 486
99 646
99 1011
99 1447
100 330
100 1334
101 456
101 584
101 924
101 947
101 996
101 1066
101 1168
101 1302
102 362
102 884
102 1014
102 1131
103 841
104 329
104 521
104 1565
104 1860
104 1968
106 285
106 613
106 1112
106 1392
106 1442
107 339
107 625
107 648
107 686
107 1033
107 1207
107 1705
108 577
108 721
108 1055
109 539
110 1213
110 1479
111 1077
112 169
112 721
112 1059
112 1341
112 1493
113 438
113 469
113 1474
113 1550
113 1630
115 1217
115 1257
115 1585
116 733
116 1404
116 1408
117 1497
118 488
118 844
118 1628
118 1869
119 834
119 1085
119 1765
120 262
120 1284
121 334
121 924
121 1234
122 1369
123 944
124 434
124 1614
124 1745
125 196
125 232
125 1173
125 1246
125 1646
126 375
126 527
126 1134
127 291
127 1029
127 1741
128 267
128 308
128 767
128 1081
128 1453
129 384
129 467
129 1042
130 1966
131 1156
131 1251
131 1291
131 1962
132 617
132 875
132 1907
133 201
133 242
133 1587
133 1774
134 455
134 1417
134 1728
135 590
135 1841
136 365
136 566
136 869
136 1450
136 1555
136 1672
137 906
138 545
138 735
138 1059
138 1495
138 1769
139 769
139 1467
140 269
140 535
140 1377
140 1872
141 656
142 463
142 988
142 1015
142 1482
143 1652
143 1910
143 1942
144 228
144 411
144 562
144 756
144 1328
144 1347
144 1588
144 1995
145 1697
146 248
146 1048
146 1140
146 1205
146 1848
146 1861
146 1886
147 663
147 847
147 1497
148 493
148 756
149 371
149 1062
149 1128
150 536
150 955
150 1781
151 418
151 756
152 361
152 417
152 449
152 560
152 835
152 1069
153 433
153 722
153 1306
154 333
154 698
154 1833
155 518
155 658
156 239
156 402
156 586
156 658
156 1132
156 1339
157 649
157 968
157 1838
158 1382
158 1646
159 273
159 623
159 1441
160 362
160 742
160 788
160 1008
160 1402
160 1440
160 1731
161 171
161 811
161 973
161 1591
162 1126
162 1755
163 444
163 1669
164 267
164 908
164 1212
165 1321
165 1644
166 372
166 485
166 567
166 850
166 901
167 615
167 1190
168 278
168 848
168 1018
169 741
169 1163
170 516
170 671
170 1007
170 1456
170 1527
170 1667
171 641
171 708
171 987
171 1162
172 305
172 382
172 486
172 741
172 1802
173 725
174 282
174 311
174 1485
174 1897
175 702
175 762
175 863
175 1403
176 450
176 699
176 937
176 1849
177 644
177 822
177 1793
178 251
178 308
178 1250
178 1414
178 1422
179 416
179 528
179 705
179 997
179 1123
179 1658
179 1786
179 1944
180 508
180 939
180 1515
180 1543
181 239
181 1168
181 1422
181 1552
181 1772
181 1845
182 229
182 1357
182 1608
183 692
183 1192
183 1582
184 253
184 359
184 1191
185 821
185 1042
185 1060
185 1397
185 1729
186 234
186 420
186 1081
186 1788
187 752
187 1083
187 1199
187 1322
187 1671
187 1674
188 292
188 721
188 733
188 902
189 413
189 605
189 619
189 1042
189 1616
189 1628
190 344
190 372
190 771
190 1023
190 1742
191 451
191 1347
192 1054
192 1410
192 1951
193 914
193 1794
193 1807
194 408
194 779
194 1519
194 1545
195 258
195 1296
195 1472
195 1801
196 1069
196 1197
196 1460
196 1537
196 1869
196 1952
197 1336
197 1699
198 236
198 264
198 369
198 372
198 465
198 746
198 817
198 1492
198 1527
198 1947
199 240
199 383
199 1161
200 299
200 576
200 729
200 908
200 1574
201 1102
201 1846
202 854
202 930
202 1110
202 1443
203 734
203 1729
203 1937
204 1664
204 1697
206 413
206 626
206 755
207 1170
207 1180
208 980
209 1429
209 1586
210 251
210 936
210 950
210 969
210 1019
210 1078
210 1338
211 731
211 916
212 828
212 1415
214 334
214 1446
215 484
215 839
215 1012
216 565
217 426
217 1787
218 349
218 1098
218 1818
219 592
219 1424
219 1716
220 1205
222 792
222 1080
222 1509
222 1643
222 1714
223 674
223 1889
224 250
224 881
224 1268
224 1839
225 1261
225 1635
226 1210
226 1427
226 1612
226 1788
226 1891
227 521
227 534
227 539
227 1169
227 1220
227 1361
228 641
228 1356
228 1395
228 1811
229 906
229 1306
230 1265
230 1566
230 1706
231 284
231 392
231 431
231 536
231 675
231 945
231 1023
231 1685
232 359
233 519
233 1884
235 421
235 637
235 804
236 322
236 463
236 512
236 840
236 1611
237 879
237 1963
238 1320
238 1816
240 261
240 495
240 828
242 915
242 1042
242 1704
243 292
243 1205
243 1484
243 1605
243 1817
244 1130
244 1205
245 400
245 618
245 682
245 1932
247 673
247 878
247 1301
247 1358
247 1588
248 804
248 1226
248 1400
248 1646
249 368
249 701
249 1710
249 1789
250 314
250 1579
251 399
251 686
251 777
252 1278
252 1412
252 1698
253 1190
253 1647
253 1992
254 995
254 1434
254 1619
255 1226
255 1902
256 355
256 673
256 1092
256 1469
257 1295
258 1111
258 1897
259 618
259 765
259 900
259 1053
259 1512
260 500
260 1259
260 1382
260 1739
260 1853
261 793
261 1094
261 1293
261 1461
261 1690
262 523
262 794
262 1635
262 1975
263 304
263 1268
263 1691
264 354
264 1002
264 1316
264 1483
264 1511
265 370
265 454
265 514
265 757
266 406
266 605
266 1434
267 550
267 706
267 979
267 1084
268 670
268 673
269 613
269 689
269 1548
269 1791
270 438
270 1114
270 1131
270 1427
271 1092
272 429
272 813
273 389
273 1158
273 1638
273 1661
273 1773
274 610
274 1440
274 1796
275 372
276 830
276 1655
276 1788
277 723
277 1880
278 386
278 582
278 1497
278 1538
278 1851
279 1083
279 1568
279 1851
281 1697
282 920
282 1023
282 1695
283 844
284 451
284 540
284 621
284 914
284 932
284 1498
285 708
285 1214
285 1435
285 1847
287 532
288 1309
288 1683
288 1882
289 939
289 1305
289 1977
290 439
290 1019
290 1035
291 802
291 821
291 1158
291 1552
292 933
292 1925
293 696
293 858
293 1856
294 389
294 976
294 1936
295 381
295 575
295 607
296 325
296 502
296 1316
296 1474
296 1624
296 1963
297 938
297 957
297 1138
297 1385
297 1621
298 523
298 986
298 1133
298 1605
298 1644
298 1724
299 620
299 1827
300 400
300 1498
300 1921
301 510
301 893
301 1396
301 1628
301 1833
302 441
302 1797
303 1357
303 1485
304 592
305 553
305 1374
305 1429
305 1922
306 705
306 1894
306 1936
307 748
307 1477
308 1830
309 1227
310 770
310 855
310 1360
311 337
311 1353
311 1578
311 1878
312 1369
312 1431
313 572
313 1503
313 1731
313 1764
314 1178
314 1339
314 1501
315 331
315 537
315 768
315 1173
315 1234
315 1571
315 1635
315 1922
316 546
316 1588
317 1854
317 1892
318 1230
318 1305
318 1405
319 545
319 1766
320 581
321 1380
323 609
323 646
323 649
323 1084
324 378
325 704
326 811
326 1047
326 1220
327 1409
328 767
328 1229
328 1534
328 1621
329 938
329 1000
329 1041
329 1815
330 436
330 500
330 1200
330 1677
331 397
331 1655
332 810
332 976
332 1072
333 463
333 596
333 1751
334 1626
335 1036
335 1636
336 1159
337 1101
337 1654
338 962
338 1233
338 1492
338 1765
339 1327
340 992
340 1124
340 1341
340 1612
340 1978
341 465
341 1124
341 1435
341 1637
342 1400
342 1831
342 1984
343 1412
343 1505
344 531
344 1262
344 1587
344 1838
345 578
345 1908
346 1056
346 1480
347 1535
347 1939
348 1868
349 816
350 541
350 613
350 752
350 800
350 1058
350 1967
351 698
351 1021
351 1884
353 1088
353 1438
353 1897
354 579
354 1556
355 763
355 1306
355 1970
356 1073
356 1674
356 1697
357 981
357 1672
357 1816
358 1035
358 1265
358 1441
358 1460
358 1641
358 1833
358 1971
359 1141
359 1662
360 1666
360 1752
360 1823
361 679
361 885
361 1019
362 913
362 1170
363 1600
363 1867
364 520
364 625
364 1044
364 1424
364 1441
365 1345
365 1519
368 576
368 1336
369 1501
369 1570
369 1758
370 849
370 1687
370 1869
371 499
371 1150
371 1340
371 1461
372 1595
372 1833
373 925
373 1662
373 1716
373 1717
374 580
374 680
374 767
374 1016
374 1745
376 422
376 844
376 848
376 1422
377 1446
378 467
378 767
378 1009
378 1775
380 1507
380 1682
381 903
381 1294
381 1601
382 507
382 768
382 1007
382 1588
382 1839
383 647
383 712
383 955
383 1104
383 1451
383 1848
383 1909
385 1461
386 458
386 1913
386 1991
387 1492
388 443
388 1354
388 1906
389 663
389 1215
389 1708
390 1389
390 1855
391 1004
393 785
393 824
393 936
394 620
394 1522
394 1610
394 1656
394 1771
394 1837
395 443
395 1656
396 708
397 545
397 1346
397 1665
398 1804
399 1616
399 1872
399 1993
400 583
400 1220
400 1408
400 1929
402 420
402 1117
402 1666
403 625
403 1178
403 1563
404 1539
404 1840
405 1124
405 1485
406 528
406 732
407 521
407 1135
408 547
408 1718
408 1803
409 1048
409 1508
409 1687
409 1798
410 1248
410 1599
410 1660
411 1253
412 468
412 493
412 680
412 1103
412 1578
412 1627
413 985
413 1699
414 1052
414 1513
414 1665
415 1280
417 1119
418 1119
418 1764
419 746
419 1091
419 1248
419 1302
420 638
420 665
420 935
420 1519
421 913
423 555
423 887
423 1174
424 546
424 1314
425 702
425 1838
427 1511
427 1657
427 1953
428 474
428 1076
428 1499
429 1535
429 1860
430 1367
431 823
431 957
431 1247
432 474
432 628
432 730
432 755
432 950
432 1075
432 1307
432 1397
432 1625
433 1105
433 1614
434 1233
435 1206
436 487
436 709
436 1011
436 1187
437 835
438 749
438 1173
438 1315
438 1635
438 1647
438 1814
439 1838
440 1356
440 1905
441 827
441 1444
442 703
442 1034
442 1048
442 1377
442 1943
443 737
443 1111
443 1735
444 963
444 1497
444 1987
445 739
445 846
445 1445
445 1640
445 1857
445 1888
446 1181
447 783
447 1019
448 894
448 953
448 1099
448 1901
449 1718
450 568
450 729
450 737
450 1507
451 747
451 1242
451 1810
452 1166
452 1401
452 1882
453 816
453 915
453 1864
453 1926
454 954
455 617
455 621
455 1513
457 1355
457 1537
457 1905
458 470
458 577
458 865
458 930
458 969
458 1083
458 1776
459 934
460 667
461 680
461 1021
462 1928
463 657
463 791
464 1253
465 735
465 1002
465 1364
465 1466
465 1667
466 963
467 1452
467 1677
467 1873
468 516
468 915
468 1106
468 1350
468 1491
469 553
469 715
469 1249
469 1784
469 1802
470 801
470 1328
470 1558
470 1833
472 1376
472 1727
473 1193
474 896
474 1066
474 1137
474 1272
475 537
475 1681
476 789
476 1290
476 1644
476 1729
477 955
477 1518
477 1532
477 1936
479 600
479 1261
479 1314
479 1373
479 1616
479 1692
479 1948
480 1712
480 1960
481 743
481 1287
481 1719
482 1627
483 562
483 583
483 636
483 1032
483 1263
484 1701
484 1724
485 546
485 1480
486 500
486 837
486 1313
486 1489
486 1669
487 702
487 1152
487 1971
488 661
489 1406
489 1593
489 1705
489 1872
490 1276
490 1692
491 691
491 791
491 1699
491 1764
491 1910
492 786
492 1170
492 1265
492 1930
493 1024
493 1266
493 1867
493 1926
494 1508
494 1541
494 1702
495 677
495 936
495 1056
495 1211
495 1767
495 1902
496 1449
496 1786
497 699
497 739
497 795
497 884
497 1072
497 1099
497 1110
497 1856
498 1257
498 1398
499 1024
499 1322
499 1483
499 1738
499 1855
500 603
500 1846
501 809
501 878
502 1490
502 1537
502 1640
503 816
503 851
503 1335
503 1863
504 563
504 1618
505 610
505 1149
505 1242
506 881
506 1098
506 1937
507 902
507 1954
508 1616
509 661
509 934
510 1074
510 1298
510 1909
511 1444
511 1964
512 1646
514 618
514 796
514 1237
514 1250
514 1966
515 637
515 1031
516 644
516 1041
516 1064
516 1628
516 1719
517 581
517 772
517 1334
518 1159
519 1232
519 1840
520 795
520 1774
520 1888
521 795
521 991
521 1885
522 1907
522 1967
523 703
524 572
524 653
525 606
525 752
525 1703
526 608
526 771
526 1111
526 1163
527 724
527 836
527 996
527 1381
527 1765
529 691
529 1070
529 1594
529 1654
530 585
530 1525
530 1820
530 1975
531 804
531 1450
532 1287
532 1363
534 745
534 1027
534 1285
534 1982
535 1377
536 895
536 896
537 705
537 1085
537 1730
537 1900
538 1357
538 1825
538 1937
538 1964
539 608
539 962
539 1363
539 1848
540 1815
541 738
541 1196
541 1336
541 1733
542 1748
542 1951
543 564
543 1380
543 1517
544 1776
545 763
545 881
546 1157
548 565
548 1213
548 1642
549 758
549 1022
550 1326
550 1621
550 1678
550 1986
551 626
551 721
551 978
551 1099
551 1389
552 1166
552 1681
553 1183
553 1275
553 1341
554 1088
555 1422
556 1930
557 760
557 809
558 1326
559 1230
559 1695
560 748
560 942
560 1027
560 1577
560 1945
560 1969
561 1036
562 825
562 858
562 1367
563 1346
563 1627
564 824
564 1211
565 1613
566 1127
566 1577
567 611
567 835
567 843
568 1590
569 1654
569 1739
569 1933
570 1130
570 1308
570 1406
570 1560
570 1784
570 1963
571 1344
571 1710
572 1115
572 1503
573 587
573 712
573 874
574 1282
575 678
575 1316
576 1604
577 994
577 1143
577 1494
578 902
578 1127
578 1602
578 1812
579 669
580 1050
581 932
581 1841
582 667
582 768
582 865
583 922
583 976
583 1118
583 1521
584 1135
584 1345
584 1525
584 1890
584 1981
585 1562
586 1643
586 1674
587 886
587 1070
587 1176
587 1538
587 1669
588 1121
588 1139
589 767
590 718
590 842
590 1020
591 1145
591 1421
591 1768
592 651
592 734
592 893
592 1020
592 1877
593 1635
594 689
594 762
594 775
594 831
594 1135
595 787
595 1526
595 1895
596 843
596 1011
596 1079
596 1330
596 1611
597 618
597 1185
597 1570
597 1642
598 874
598 1618
599 1081
599 1093
599 1124
599 1318
600 907
600 1448
601 1185
602 607
602 1499
602 1524
602 1724
603 1475
603 1927
604 753
606 1228
606 1440
607 849
607 945
607 966
607 1598
607 1699
608 1361
608 1745
609 1347
609 1927
610 817
610 1344
610 1874
610 1909
610 1926
611 1170
611 1558
612 642
613 1439
614 850
614 1780
614 1887
615 833
616 701
616 1137
616 1283
616 1312
616 1347
617 666
618 631
618 1017
618 1326
618 1618
619 717
619 1189
619 1208
620 1551
620 1747
621 672
621 1071
621 1326
623 941
623 1023
623 1639
624 909
624 1255
624 1516
624 1904
625 691
625 708
625 1351
625 1445
625 1878
625 1890
626 891
626 1314
626 1344
626 1757
626 1827
626 1983
627 1713
627 1790
627 1821
628 638
628 650
628 870
628 895
628 1334
629 1721
629 1790
630 635
630 1234
630 1262
630 1416
630 1900
632 678
632 712
632 718
632 1585
633 740
633 925
633 1058
633 1205
633 1412
633 1704
633 1730
633 1746
633 1901
634 792
634 1344
634 1516
635 704
636 805
637 748
637 1741
638 765
638 1849
639 1300
639 1736
639 1861
640 1861
641 1899
642 716
642 939
642 1358
642 1635
643 775
643 782
643 1387
644 675
644 1571
644 1661
645 686
647 1246
647 1259
648 936
649 1504
649 1921
650 813
650 851
650 1398
650 1940
651 1183
652 1215
653 1055
653 1841
653 1916
654 655
654 786
655 768
655 948
655 1363
655 1539
655 1698
656 840
656 1942
657 711
657 946
657 1144
657 1190
657 1393
657 1990
658 1806
659 1186
659 1267
659 1723
659 1817
661 1105
661 1925
662 1617
663 762
663 887
663 1235
663 1683
663 1876
664 1678
664 1899
665 678
665 965
665 1885
666 1951
667 1139
667 1225
668 699
668 873
668 921
668 1498
668 1671
668 1725
669 702
669 1723
670 1023
670 1823
671 1213
672 1646
673 1266
675 1440
676 813
676 1560
677 1602
677 1688
678 1111
678 1761
679 1544
679 1582
679 1626
680 1284
680 1779
681 1081
681 1113
681 1116
682 1348
682 1673
682 1819
683 1419
684 701
684 714
684 926
684 1257
684 1315
684 1447
685 901
685 987
685 1234
685 1537
685 1752
685 1916
687 1199
687 1619
689 824
689 1029
689 1307
689 1622
689 1785
690 777
690 926
690 1639
691 1135
691 1621
692 1067
692 1403
692 1794
693 905
693 1088
693 1882
694 1031
694 1702
694 1813
694 1943
694 1980
695 862
695 943
696 730
696 934
696 971
697 1716
698 1144
698 1342
700 988
700 1276
700 1663
701 710
701 965
701 1014
701 1585
701 1824
702 994
702 1351
703 1160
704 1252
705 1555
706 1586
706 1608
706 1988
707 828
707 1215
707 1273
707 1653
707 1750
708 1396
708 1952
709 721
709 916
709 1026
710 1885
711 1265
711 1512
711 1821
711 1956
712 1217
712 1803
713 1159
713 1465
714 1681
716 1735
716 1888
716 1964
717 1542
718 840
718 844
718 855
718 892
718 974
718 1505
718 1838
720 724
720 1029
720 1502
720 1721
720 1921
721 837
721 1682
722 1278
722 1659
725 726
725 1602
725 1728
725 1825
726 1579
727 918
727 1328
728 1479
730 1716
731 1031
731 1551
732 786
732 911
732 1441
732 1639
733 1596
733 1657
735 755
735 1303
735 1534
735 1606
735 1691
736 1613
736 1871
737 1450
737 1463
737 1915
738 891
738 1087
738 1816
740 1621
740 1626
740 1716
741 1099
742 919
743 849
744 1323
744 1479
745 1095
745 1979
746 965
746 1417
747 779
747 1103
748 1086
748 1191
748 1705
748 1900
748 1978
749 1469
749 1481
749 1840
750 1478
750 1634
752 1585
753 1562
754 761
754 1008
754 1605
755 1771
756 1795
757 1002
757 1746
757 1911
758 1144
758 1510
759 1115
759 1177
759 1441
760 1847
760 1988
762 1166
763 864
763 1728
763 1885
765 1065
765 1081
765 1801
765 1839
766 833
766 1326
767 901
767 960
767 1355
767 1552
767 1654
767 1814
767 1942
768 1553
768 1837
768 1909
769 1360
769 1945
771 1523
771 1582
771 1970
772 1057
773 1096
774 1212
774 1498
776 1222
776 1529
778 1455
779 1054
779 1237
779 1397
779 1613
779 1834
780 1258
781 1215
781 1436
783 1035
784 883
784 1322
784 1536
785 1625
785 1765
785 1992
786 982
786 986
787 1141
787 1942
788 1580
789 1685
791 1155
791 1339
791 1537
792 1022
792 1053
792 1162
793 1128
793 1441
794 1093
794 1325
794 1865
794 1930
794 1956
794 1988
795 1555
796 1491
796 1529
796 1809
798 881
798 1406
798 1582
799 1033
800 1965
801 952
801 1716
804 1223
805 1340
805 1699
805 1991
807 1081
807 1227
807 1899
808 1616
808 1640
808 1998
810 1319
810 1344
811 1177
811 1854
812 1893
813 892
813 1545
813 1691
814 824
814 876
814 901
814 1240
814 1800
815 1903
816 952
816 973
816 1941
818 1291
818 1933
819 941
819 1455
820 1240
820 1541
821 1307
821 1606
822 1672
822 1930
823 1669
824 861
824 1717
824 1754
825 1352
825 1934
825 1981
826 1721
827 866
827 1108
827 1851
828 1174
828 1278
828 1494
828 1770
828 1799
829 985
829 1548
831 1790
832 893
832 1048
832 1771
832 1868
833 1324
834 1502
835 1906
838 858
838 1532
839 885
839 1429
839 1622
840 1430
841 1011
841 1148
841 1890
842 1059
842 1877
842 1880
842 1944
843 1045
843 1796
844 935
844 1428
844 1573
844 1876
845 1265
845 1413
845 1758
845 1948
846 1295
846 1332
846 1375
846 1389
846 1416
846 1594
846 1697
846 1904
846 1918
847 919
847 1091
848 1791
849 1652
850 1023
850 1154
850 1403
851 1212
851 1733
853 1050
853 1211
853 1319
853 1332
854 1494
854 1637
855 1345
855 1448
856 975
856 1435
856 1604
856 1663
858 1083
859 1106
859 1446
860 1324
860 1638
860 1935
861 1541
861 1647
863 910
863 918
863 1377
863 1565
864 1648
865 1667
865 1670
865 1731
866 897
866 1098
866 1360
866 1612
868 870
868 1265
868 1305
868 1439
869 1656
869 1763
870 1039
871 1961
872 1102
873 1499
874 1120
874 1354
875 1016
875 1127
875 1164
875 1278
875 1874
876 1832
877 1154
877 1811
878 1615
879 1199
879 1539
881 1511
881 1981
883 1043
885 1023
886 1401
887 1385
888 1807
891 1593
892 1454
893 1269
893 1338
893 1589
893 1701
894 1883
895 1104
895 1531
896 935
896 1851
897 921
897 1585
898 999
898 1178
899 1388
900 992
900 1001
901 1408
901 1988
903 1915
904 1187
905 1349
905 1749
906 1627
907 963
907 982
908 986
908 1916
909 1328
910 1111
910 1575
910 1586
910 1828
910 1980
914 1418
915 1020
915 1183
916 1308
918 1186
918 1223
918 1603
918 1715
918 1827
918 1870
919 1335
919 1556
919 1624
919 1706
919 1843
920 1024
920 1089
920 1997
921 1169
921 1296
921 1377
922 1394
922 1627
922 1749
922 1964
924 1330
924 1518
924 1545
926 1101
928 1512
928 1889
929 1303
930 1658
931 1274
931 1687
932 1206
933 1043
934 999
934 1037
934 1144
934 1571
935 938
935 1564
935 1587
935 1728
936 961
936 1219
936 1593
936 1702
936 1729
936 1770
937 1174
937 1865
938 948
938 1781
939 1073
939 1801
940 1176
940 1335
940 1990
941 1292
941 1356
942 1150
942 1151
942 1184
942 1517
942 1550
944 1932
946 1833
947 976
947 1409
947 1461
948 1103
948 1974
949 1648
950 1006
950 1494
951 1539
951 1737
952 1729
953 1298
953 1368
953 1771
954 1957
955 1464
958 959
958 1493
958 1832
960 1631
961 1609
961 1746
962 1410
962 1486
963 1012
963 1509
963 1636
964 1151
964 1405
966 1433
967 1026
967 1088
967 1782
968 1584
968 1718
969 1647
971 1496
971 1815
972 1201
972 1554
972 1616
972 1818
973 1610
974 1869
975 1643
976 1153
976 1487
977 1720
977 1837
977 1843
978 1032
979 1319
980 1628
981 1285
981 1966
982 1015
982 1149
982 1431
983 1189
984 1225
984 1389
984 1719
984 1810
986 1822
987 1242
987 1389
988 1280
988 1833
989 1288
989 1631
989 1810
990 1144
990 1509
990 1998
992 1098
993 1141
993 1943
994 1285
994 1921
994 1973
996 1003
996 1239
996 1346
996 1807
997 1216
997 1756
998 1347
999 1145
999 1779
999 1968
1001 1050
1001 1544
1001 1964
1002 1224
1003 1647
1004 1110
1004 1264
1004 1456
1005 1330
1005 1446
1006 1085
1006 1473
1006 1511
1006 1686
1006 1899
1007 1935
1008 1855
1010 1212
1010 1705
1011 1935
1012 1013
1012 1130
1012 1181
1012 1449
1013 1483
1014 1907
1016 1187
1016 1390
1016 1530
1016 1857
1017 1424
1017 1551
1017 1717
1019 1378
1019 1554
1019 1804
1019 1993
1020 1717
1020 1814
1021 1802
1022 1897
1023 1124
1024 1044
1024 1295
1024 1497
1024 1872
1025 1082
1025 1587
1026 1672
1027 1325
1027 1714
1028 1500
1029 1059
1029 1511
1030 1759
1032 1146
1032 1396
1034 1883
1035 1043
1035 1749
1036 1243
1036 1285
1037 1356
1037 1411
1038 1238
1040 1749
1042 1045
1042 1303
1043 1147
1043 1260
1043 1361
1043 1582
1044 1170
1044 1582
1044 1659
1045 1062
1045 1743
1046 1632
1047 1337
1047 1460
1047 1703
1047 1731
1048 1195
1048 1198
1048 1582
1049 1576
1049 1885
1050 1078
1050 1166
1050 1224
1050 1345
1050 1709
1051 1055
1051 1812
1051 1872
1052 1178
1053 1187
1053 1417
1053 1602
1053 1785
1053 1959
1055 1814
1055 1959
1058 1989
1059 1094
1059 1305
1060 1710
1060 1969
1061 1992
1063 1097
1063 1619
1064 1323
1064 1671
1064 1902
1065 1595
1065 1616
1065 1630
1066 1344
1066 1458
1066 1591
1067 1691
1067 1892
1069 1233
1069 1521
1069 1778
1070 1426
1070 1754
1071 1371
1072 1274
1074 1277
1075 1906
1076 1162
1078 1735
1079 1164
1079 1940
1081 1653
1083 1638
1085 1458
1085 1554
1085 1804
1089 1396
1089 1416
1089 1614
1090 1693
1090 1730
1090 1821
1090 1860
1091 1784
1091 1908
1092 1119
1093 1536
1094 1401
1096 1826
1098 1427
1098 1433
1098 1490
1098 1492
1098 1632
1098 1984
1099 1491
1100 1216
1101 1194
1102 1249
1102 1482
1102 1836
1102 1903
1103 1190
1103 1562
1103 1730
1104 1235
1104 1472
1105 1167
1105 1253
1105 1524
1105 1576
1105 1593
1106 1347
1106 1813
1107 1249
1108 1270
1108 1485
1108 1586
1108 1768
1109 1243
1109 1869
1110 1236
1110 1542
1111 1890
1112 1870
1113 1639
1114 1417
1114 1603
1114 1817
1115 1900
1117 1605
1118 1589
1118 1667
1119 1310
1121 1260
1122 1477
1123 1202
1124 1420
1124 1796
1127 1552
1127 1813
1127 1816
1128 1549
1128 1749
1129 1162
1129 1385
1129 1720
1130 1294
1130 1824
1131 1757
1131 1973
1132 1868
1133 1471
1135 1201
1135 1576
1137 1707
1138 1368
1138 1448
1138 1875
1139 1210
1139 1314
1139 1385
1139 1468
1139 1503
1139 1591
1139 1854
1140 1451
1142 1306
1143 1448
1143 1671
1145 1386
1145 1661
1147 1492
1147 1635
1147 1665
1147 1843
1149 1769
1150 1406
1150 1670
1150 1954
1151 1200
1151 1566
1154 1306
1156 1239
1156 1327
1156 1337
1156 1919
1158 1344
1158 1711
1160 1258
1160 1701
1160 1847
1163 1173
1163 1478
1163 1777
1163 1887
1164 1224
1164 1548
1165 1664
1165 1698
1166 1612
1166 1695
1166 1916
1167 1684
1167 1872
1168 1570
1171 1980
1172 1544
1172 1747
1175 1512
1175 1578
1175 1815
1175 1948
1177 1489
1177 1585
1177 1802
1178 1939
1179 1766
1179 1917
1180 1469
1180 1507
1180 1679
1180 1779
1180 1951
1181 1223
1181 1839
1182 1453
1183 1528
1183 1541
1183 1697
1185 1482
1185 1803
1186 1741
1187 1243
1187 1408
1187 1504
1187 1702
1187 1706
1188 1552
1188 1943
1189 1556
1190 1523
1190 1775
1190 1813
1193 1631
1194 1382
1194 1513
1195 1997
1197 1527
1198 1307
1198 1544
1200 1780
1200 1798
1201 1267
1201 1443
1201 1925
1202 1348
1202 1500
1206 1209
1207 1795
1210 1452
1210 1582
1210 1942
1211 1268
1212 1695
1212 1885
1213 1724
1214 1442
1214 1651
1214 1691
1216 1339
1216 1638
1216 1829
1216 1834
1217 1483
1217 1826
1217 1947
1218 1464
1218 1655
1220 1966
1221 1231
1222 1314
1222 1656
1222 1961
1223 1625
1224 1377
1224 1439
1224 1617
1224 1789
1226 1869
1226 1901
1227 1368
1227 1747
1229 1361
1229 1853
1230 1555
1231 1509
1232 1843
1233 1482
1234 1547
1235 1773
1236 1504
1237 1534
1238 1314
1238 1645
1239 1281
1239 1503
1239 1531
1240 1336
1240 1405
1241 1302
1242 1354
1242 1761
1242 1860
1242 1998
1245 1683
1245 1707
1246 1474
1248 1728
1249 1516
1250 1348
1251 1431
1251 1464
1253 1254
1253 1374
1254 1486
1255 1400
1256 1507
1258 1449
1260 1672
1261 1357
1261 1427
1261 1643
1261 1688
1262 1362
1262 1563
1262 1845
1263 1453
1263 1714
1263 1835
1264 1663
1264 1669
1265 1605
1265 1867
1265 1988
1266 1495
1267 1753
1267 1829
1267 1895
1269 1344
1269 1403
1269 1676
1270 1532
1271 1868
1272 1343
1272 1869
1275 1332
1275 1511
1275 1674
1276 1277
1276 1450
1276 1478
1278 1971
1281 1639
1281 1778
1282 1495
1283 1757
1283 1774
1284 1587
1285 1670
1285 1718
1285 1875
1286 1800
1288 1623
1289 1490
1289 1756
1290 1809
1291 1955
1292 1482
1292 1706
1292 1847
1295 1461
1296 1364
1296 1436
1297 1349
1297 1885
1298 1407
1298 1510
1298 1812
1298 1814
1300 1633
1301 1347
1301 1628
1301 1789
1303 1739
1304 1346
1306 1721
1311 1408
1311 1409
1311 1506
1311 1594
1312 1563
1313 1461
1313 1467
1314 1383
1314 1898
1315 1773
1316 1456
1316 1565
1316 1919
1317 1529
1317 1630
1318 1842
1319 1476
1319 1491
1320 1820
1320 1967
1322 1882
1323 1737
1325 1647
1325 1948
1326 1711
1329 1857
1330 1414
1330 1742
1330 1897
1331 1611
1331 1934
1332 1786
1332 1971
1335 1528
1335 1829
1335 1985
1336 1705
1337 1338
1338 1385
1338 1392
1338 1796
1339 1677
1341 1843
1342 1429
1342 1876
1343 1450
1343 1610
1343 1692
1344 1459
1344 1907
1345 1714
1347 1943
1349 1626
1350 1409
1351 1384
1351 1745
1352 1448
1352 1471
1352 1474
1352 1644
1353 1609
1355 1933
1356 1736
1357 1519
1359 1592
1359 1984
1360 1543
1360 1747
1361 1380
1361 1548
1361 1755
1361 1915
1362 1555
1362 1827
1365 1488
1366 1441
1368 1953
1369 1754
1370 1568
1370 1579
1370 1701
1370 1962
1371 1972
1372 1767
1373 1784
1374 1486
1374 1557
1374 1850
1374 1873
1375 1625
1375 1646
1375 1767
1376 1565
1376 1809
1377 1379
1377 1835
1377 1896
1378 1576
1379 1725
1380 1523
1380 1551
1381 1858
1382 1451
1382 1947
1383 1421
1385 1631
1387 1422
1387 1493
1388 1653
1388 1882
1390 1416
1392 1489
1393 1429
1393 1978
1394 1598
1397 1422
1397 1986
1398 1409
1399 1696
1400 1568
1400 1849
1405 1531
1405 1627
1405 1711
1405 1929
1406 1954
1407 1846
1408 1945
1409 1666
1410 1472
1410 1932
1410 1996
1411 1607
1411 1664
1413 1705
1413 1751
1415 1882
1416 1948
1417 1909
1417 1957
1418 1537
1418 1602
1418 1666
1418 1807
1419 1895
1421 1480
1422 1870
1423 1630
1424 1675
1424 1844
1425 1456
1425 1766
1427 1802
1428 1633
1428 1715
1431 1773
1434 1666
1434 1770
1435 1652
1435 1681
1435 1957
1436 1513
1436 1672
1437 1688
1438 1492
1438 1797
1439 1918
1441 1444
1441 1450
1448 1758
1448 1873
1449 1711
1450 1877
1452 1674
1452 1877
1453 1765
1455 1605
1455 1773
1456 1469
1457 1476
1457 1645
1458 1773
1458 1991
1459 1965
1460 1638
1463 1617
1464 1775
1465 1819
1465 1949
1466 1725
1467 1643
1469 1596
1469 1751
1472 1484
1473 1587
1473 1611
1473 1753
1475 1809
1478 1751
1478 1876
1482 1714
1483 1863
1484 1748
1485 1586
1487 1529
1488 1668
1488 1732
1489 1749
1490 1827
1493 1795
1493 1834
1494 1581
1495 1854
1496 1698
1496 1781
1499 1696
1501 1962
1501 1982
1502 1905
1503 1809
1503 1989
1505 1519
1505 1541
1508 1995
1509 1648
1510 1714
1511 1531
1512 1587
1512 1687
1514 1838
1515 1632
1517 1809
1518 1669
1518 1941
1519 1597
1522 1896
1522 1918
1524 1728
1524 1757
1526 1794
1527 1895
1528 1533
1528 1610
1528 1732
1529 1915
1531 1933
1533 1603
1533 1914
1535 1576
1537 1556
1538 1808
1539 1899
1541 1923
1544 1605
1544 1658
1545 1982
1547 1962
1550 1873
1550 1966
1554 1684
1559 1939
1560 1796
1561 1624
1562 1847
1563 1703
1564 1658
1566 1585
1566 1593
1566 1858
1568 1924
1570 1679
1572 1886
1573 1662
1576 1696
1576 1811
1580 1729
1581 1881
1584 1604
1586 1958
1586 1968
1588 1831
1589 1606
1590 1655
1590 1722
1591 1793
1591 1806
1596 1771
1596 1978
1597 1707
1598 1674
1600 1753
1600 1984
1603 1783
1603 1980
1606 1683
1608 1866
1610 1643
1610 1686
1610 1812
1612 1691
1613 1839
1614 1668
1614 1692
1615 1783
1616 1940
1617 1775
1617 1914
1618 1697
1618 1967
1619 1890
1623 1630
1623 1874
1623 1875
1623 1891
1624 1878
1624 1949
1630 1712
1635 1870
1636 1853
1636 1967
1636 1983
1637 1851
1637 1926
1639 1988
1641 1823
1647 1698
1649 1680
1652 1766
1652 1930
1654 1930
1659 1697
1659 1711
1662 1858
1666 1700
1667 1798
1668 1893
1670 1932
1679 1879
1680 1957
1681 1821
1682 1821
1683 1757
1683 1998
1684 1741
1685 1815
1685 1888
1687 1876
1687 1924
1691 1711
1691 1896
1701 1819
1703 1805
1706 1895
1709 1758
1709 1851
1710 1798
1713 1905
1714 1850
1716 1876
1717 1921
1719 1723
1719 1870
1722 1785
1725 1834
1725 1910
1728 2000
1731 1834
1731 1999
1736 1909
1737 1886
1737 1918
1741 1810
1743 1884
1746 1852
1748 1931
1753 1853
1760 1946
1766 1870
1771 1808
1778 1883
1781 1872
1789 1828
1797 1818
1798 1860
1799 1931
1803 1935
1804 1825
1805 1863
1807 1991
1811 1909
1819 1924
1826 1857
1827 1914
1839 1967
1848 1884
1850 1966
1851 1980
1852 1857
1853 1887
1854 1888
1854 1928
1861 1867
1862 1952
1866 2000
1871 1939
1876 1900
1878 1968
1885 1985
1887 1962
1889 1970
1893 1969
1896 1928
1902 1906
1907 1957
1918 1932
1924 1970
1925 1927
1948 1961
1956 1969
1959 1982
1970 1978