2000
1 825
1 1195
1 1271
1 1705
1 1959
2 498
2 1089
2 1517
3 123
3 671
3 722
4 244
4 773
4 1896
5 416
5 884
6 57
6 1318
6 1449
6 1729
7 91
7 659
7 728
7 828
7 1815
8 65
8 416
8 970
8 1221
8 1320
9 607
10 1629
10 1773
10 1812
10 1867
10 1989
11 148
11 156
11 513
11 718
11 1898
12 80
12 252
12 298
12 1160
13 844
13 1117
13 1509
14 840
14 1834
15 1416
16 1287
17 1023
17 1208
17 1650
18 494
18 656
18 927
18 929
19 445
19 606
20 1047
20 1694
21 1157
21 1308
21 1446
22 153
22 278
22 587
22 614
22 958
22 1892
23 753
24 183
25 1947
26 32
26 1900
27 486
27 1718
28 1882
29 734
29 994
29 1376
29 1898
30 1160
30 1463
30 1870
31 1111
32 314
32 353
32 846
32 1285
32 1519
32 1564
32 1896
33 493
33 855
33 1099
33 1727
34 1550
35 657
35 1817
36 301
36 498
36 1125
36 1585
36 1600
37 1151
37 1259
37 1441
38 1249
38 1769
38 1862
39 231
39 527
39 1158
40 249
41 211
41 411
41 420
41 667
41 1017
41 1743
42 53
42 396
42 886
42 1088
42 1904
43 161
43 572
43 1035
43 1088
43 1843
43 1939
44 440
44 540
44 821
44 1143
44 1307
44 1510
44 1522
44 1778
45 1136
45 1702
46 1122
47 157
47 810
47 1524
47 1716
48 841
48 1060
48 1960
49 265
49 302
49 530
49 991
50 1228
50 1980
51 88
51 228
51 1026
52 794
52 1829
53 1493
53 1719
54 1395
54 1879
55 184
55 752
55 1100
55 1103
55 1984
56 173
56 391
56 1745
57 1576
58 165
58 546
58 1285
58 1617
59 60
59 479
59 1210
60 286
60 1429
60 1448
61 162
61 401
61 502
62 554
62 755
62 919
62 1360
62 1589
62 1994
63 1502
63 1691
63 1840
64 742
64 882
64 953
64 1660
64 1861
65 433
65 1944
66 447
67 193
69 423
70 910
70 1081
70 1869
71 190
71 591
71 1461
72 1005
73 173
73 1357
73 1364
73 1785
74 589
74 739
74 1566
74 1855
75 795
75 912
76 1569
77 128
77 212
78 132
78 1233
78 1484
78 1756
79 181
79 507
79 622
79 847
79 1930
79 1947
80 955
80 1179
80 1279
80 1399
80 1603
81 531
82 1481
82 1611
82 1869
83 1156
83 1824
84 179
84 315
84 923
84 1436
86 748
86 911
86 1280
86 1715
86 1840
87 224
87 336
87 544
87 753
87 1036
88 515
88 1331
88 1642
88 1812
89 1077
89 1356
89 1799
90 273
90 925
90 1274
90 1422
90 1427
91 977
91 1453
91 1647
92 211
92 302
92 761
92 790
92 850
92 1713
93 713
93 1189
93 1551
94 174
95 290
95 408
95 475
95 1799
96 799
96 920
96 1567
96 1576
97 581
97 1051
97 1638
97 1848
98 115
98 1608
99 233
99 397
99 1810
99 1928
100 772
100 1024
100 1486
101 1234
101 1423
101 1476
103 337
104 709
104 791
104 1364
105 167
105 325
105 594
105 1798
105 1998
106 687
106 1872
107 364
107 619
107 1016
107 1736
107 1837
108 570
109 1613
110 505
110 598
110 1251
110 1279
110 1755
111 1399
112 533
112 723
112 821
112 1202
113 1305
113 1446
113 1659
113 1866
114 641
114 1386
114 1462
114 1707
115 602
115 1035
115 1225
115 1330
115 1386
116 337
116 1396
116 1884
117 501
117 1417
117 1480
118 1230
118 1783
118 1898
119 127
119 870
119 1379
119 1997
120 1351
121 1979
123 1483
123 1505
123 1552
123 1645
125 1169
125 1572
126 1691
127 309
127 1045
127 1485
127 1556
128 500
128 994
129 747
129 1733
129 1800
130 276
130 525
131 205
131 540
131 1674
132 1158
133 154
133 826
133 859
133 982
133 995
133 1364
133 1708
133 1949
133 1998
134 1243
134 1895
135 871
135 1352
136 192
136 1168
136 1238
136 1468
137 916
137 1960
138 141
138 197
138 554
138 577
138 722
138 1197
139 1354
140 202
140 960
140 1849
140 1924
141 1166
141 1727
141 1760
141 1882
143 1728
144 1189
144 1581
145 594
145 621
145 785
145 1916
146 923
147 357
147 499
147 585
147 792
148 201
148 857
148 1166
148 1539
148 1877
149 1176
149 1532
150 341
150 526
150 1084
151 156
151 910
151 1844
152 504
152 507
152 816
152 1093
153 529
153 1109
153 1748
154 1077
154 1305
155 1726
156 284
156 611
156 720
157 728
157 1283
157 1340
157 1504
158 1736
158 1941
159 1975
160 324
160 741
160 1275
160 1569
161 327
161 1004
161 1221
161 1323
162 1048
162 1730
162 1817
163 808
163 921
163 1380
164 658
164 1382
164 1922
165 992
165 1251
165 1557
165 1587
165 1766
166 1014
166 1208
166 1337
167 271
167 648
167 1239
167 1370
168 180
169 754
170 338
170 659
170 821
170 1697
171 238
171 687
171 1653
172 1367
172 1582
172 1898
173 941
173 1703
174 311
174 608
174 1303
174 1355
174 1385
176 213
176 219
176 465
176 942
176 1283
177 496
177 1681
177 1966
179 641
179 647
179 1973
180 357
180 1202
180 1248
180 1329
180 1805
181 212
181 590
181 778
182 926
182 1030
182 1387
183 1301
183 1747
183 1889
184 206
185 419
185 1026
185 1090
185 1393
185 1706
187 1017
187 1680
187 1927
188 346
188 1303
188 1609
189 1237
189 1429
189 1518
190 1225
191 591
191 1696
191 1699
192 631
192 1403
192 1643
193 339
193 1928
194 428
194 468
194 1816
196 648
196 1662
197 227
198 1420
199 1493
199 1866
200 1149
200 1603
200 1626
201 854
201 1879
202 505
202 1156
203 356
203 953
203 1601
203 1978
204 1206
204 1975
205 1123
205 1252
206 1143
206 1769
208 1393
208 1474
209 399
209 870
209 905
210 731
210 1117
210 1584
210 1920
211 426
211 467
211 1674
212 1821
213 1015
213 1708
214 700
214 1032
215 239
215 436
215 548
215 884
216 433
216 603
216 1501
216 1531
217 491
217 1010
217 1761
218 347
218 1455
218 1698
218 1820
220 1103
220 1451
220 1878
221 554
221 1650
222 1026
222 1182
223 680
223 1801
223 1917
224 948
224 1040
224 1962
225 1072
225 1467
225 1544
225 1618
225 1946
226 259
226 292
226 776
227 1832
228 1149
228 1385
231 607
232 448
232 587
232 1077
233 1369
233 1723
234 348
234 1048
234 1399
234 1688
234 1882
235 1031
235 1281
235 1330
235 1919
236 388
236 485
237 1135
237 1367
237 1908
238 772
239 282
239 668
239 1450
239 1909
240 1624
241 656
241 838
241 1128
241 1229
241 1549
242 832
242 984
242 1617
242 1627
242 1823
242 1953
243 692
244 1463
245 1551
245 1600
246 395
246 430
246 1432
246 1673
247 581
247 1912
248 1515
248 1631
249 549
249 700
249 1170
249 1295
249 1607
250 695
250 1097
250 1131
250 1952
251 806
251 944
251 1023
252 1212
252 1634
253 1548
255 468
255 941
255 1087
256 749
257 675
257 799
257 894
257 1174
257 1359
258 1226
258 1822
259 615
259 1195
259 1259
259 1603
259 1790
259 1840
260 947
260 1290
260 1798
261 1378
261 1533
261 1918
262 1801
263 924
264 1325
264 1628
264 1772
265 1456
266 435
267 1733
268 1245
268 1902
269 609
269 629
269 1241
271 1085
271 1444
272 285
272 704
272 760
272 1326
273 1001
273 1008
273 1157
273 1405
274 1245
274 1433
275 853
275 1829
278 317
278 577
279 1097
279 1542
279 1598
279 1946
280 465
280 693
280 1915
281 421
281 484
281 834
281 844
281 1076
281 1407
281 1422
282 1305
283 755
283 775
283 1330
283 1534
283 1750
285 357
285 390
285 680
286 407
286 479
286 723
286 904
287 345
287 643
287 812
288 1238
289 312
289 661
289 1596
289 1724
290 354
290 714
291 1354
291 1491
291 1643
292 815
292 902
292 959
292 1605
293 327
293 352
294 1536
295 486
295 1127
295 1997
296 579
296 1001
296 1063
296 1583
296 1685
296 1727
297 703
297 948
300 417
300 463
300 1548
300 1691
301 1111
301 1525
301 1603
302 873
302 907
302 1411
303 580
303 710
303 1450
303 1737
304 1298
304 1863
305 737
305 768
305 814
305 1569
305 1704
305 1904
306 340
306 759
306 975
306 1000
306 1966
307 1908
308 781
308 1258
308 1490
309 530
310 795
311 476
311 664
311 989
311 1532
311 1627
312 319
312 621
312 1558
312 1938
313 1106
313 1171
313 1217
313 1254
313 1449
313 1879
313 1903
314 532
314 1191
315 662
315 1511
316 600
316 904
316 1560
316 1640
316 1745
318 862
318 1064
318 1390
319 1512
319 1605
319 1954
320 1348
320 1842
320 1866
320 1917
321 1329
321 1599
321 1699
322 1936
323 1118
324 558
324 678
325 1548
326 670
326 699
326 886
326 1525
326 1570
326 1795
328 632
328 1166
328 1685
329 443
329 1187
330 1384
330 1759
333 452
333 632
334 1995
335 935
335 1373
336 494
337 1279
337 1394
339 1279
339 1605
340 372
340 989
340 1044
340 1804
341 714
341 1114
341 1459
342 1338
342 1718
344 665
344 1327
344 1615
344 1665
345 1306
346 513
346 1255
346 1308
346 1814
347 370
349 662
350 414
350 510
350 1337
350 1764
351 975
351 1313
352 813
352 1121
352 1629
353 520
353 1381
353 1761
354 482
354 1111
354 1672
354 1801
356 1671
357 763
357 997
358 1569
358 1912
358 1997
359 641
359 1641
359 1811
360 586
360 635
360 941
360 1370
360 1527
360 1839
360 1971
361 484
361 908
362 1343
362 1788
363 645
363 798
364 1876
365 429
365 840
365 1042
365 1137
365 1395
365 1544
366 1472
368 482
368 642
368 1714
369 1340
369 1979
370 1434
370 1773
371 437
372 387
372 506
372 720
373 767
373 1223
373 1453
373 1779
374 682
374 1583
375 1669
376 1704
377 402
377 1059
377 1691
378 913
378 986
378 1985
379 1930
380 1195
380 1499
380 1862
381 1474
381 1730
381 1887
382 619
382 671
382 721
382 770
383 1129
384 448
384 717
384 1223
384 1684
386 496
386 730
386 799
386 1129
386 1956
389 1640
389 1670
390 676
391 727
391 1153
391 1283
391 1830
394 1449
394 1972
395 604
395 827
395 952
395 1487
396 544
396 1201
397 777
397 828
397 1680
397 1814
398 1315
399 426
399 1421
399 1798
400 513
400 1320
400 1782
401 567
401 572
401 1275
401 1903
402 741
402 1691
402 1892
403 564
403 690
403 797
403 1119
403 1537
404 883
404 1417
404 1923
405 701
405 1196
405 1230
405 1723
406 480
407 730
407 1583
407 1742
408 599
408 1115
408 1737
409 1019
409 1317
409 1620
410 567
410 724
410 832
410 952
410 1035
410 1497
410 1972
411 1200
413 501
413 725
413 1778
414 458
415 600
415 1303
416 535
416 1021
416 1438
417 566
417 1587
417 1832
418 1205
418 1872
419 919
419 1265
419 1349
419 1435
420 926
420 1251
420 1679
420 1682
421 832
421 1536
422 1708
422 1842
423 1001
423 1271
424 559
424 628
424 678
424 1109
425 816
425 1018
425 1455
425 1701
427 1403
428 452
428 474
428 1208
429 531
429 1584
430 721
430 747
430 787
430 1162
430 1310
430 1635
430 1637
431 1763
431 1844
433 797
433 997
433 1053
433 1161
434 1152
435 515
435 1041
435 1245
435 1784
436 1138
437 1682
437 1845
437 1856
437 1989
438 770
438 884
438 1784
438 1829
439 596
439 1668
440 802
440 1123
440 1532
443 625
443 1434
444 1474
445 651
446 633
446 895
446 1705
447 566
447 1032
447 1334
447 1742
447 1858
448 487
448 1561
449 1243
449 1572
449 1764
450 674
450 735
450 808
450 919
450 1810
451 461
451 1261
451 1650
453 1609
453 1965
454 947
454 1050
454 1163
455 697
455 896
455 1090
455 1236
455 1557
456 745
456 1024
456 1199
456 1463
457 922
457 1003
457 1045
457 1188
457 1641
458 686
458 790
458 1280
458 1863
459 829
459 1247
460 1621
461 504
461 1955
462 797
462 911
462 1057
462 1445
463 978
463 1353
463 1578
464 507
464 1664
465 467
465 896
465 1293
465 1858
466 904
467 1424
468 1130
468 1963
469 471
469 549
469 778
469 1106
469 1148
469 1419
470 1185
471 816
471 870
471 1756
472 608
472 976
472 1173
472 1239
472 1299
472 1631
473 583
473 923
473 1530
473 1979
474 527
474 1170
474 1513
474 1533
475 518
475 852
475 1108
475 1279
475 1397
477 1301
477 1658
477 1898
478 532
478 822
478 1439
479 1792
479 1908
480 851
480 1280
480 1336
480 1851
480 1945
481 1055
482 1848
483 837
483 1590
483 1795
484 912
484 1415
487 1063
489 772
490 532
490 687
490 880
490 951
490 1179
490 1374
490 1674
491 857
491 1856
492 598
492 766
492 1159
492 1298
492 1407
493 878
494 1648
494 1710
495 1362
495 1453
496 941
496 1070
497 1241
497 1853
498 1627
498 1811
499 1075
499 1131
499 1464
502 1139
502 1834
503 1368
504 535
504 945
504 1563
505 1405
505 1475
506 1397
506 1541
506 1848
507 1685
507 1819
508 694
509 538
509 1794
509 1845
510 1288
510 1824
511 567
512 609
512 1762
513 861
513 1045
514 521
514 1303
515 1152
515 1802
515 1983
516 731
516 838
516 875
516 1244
517 1005
517 1357
517 1752
519 1583
520 1811
521 948
521 1735
522 1099
523 615
524 641
524 751
524 830
524 991
524 1584
524 1677
525 931
525 1495
525 1524
525 1873
526 645
526 1190
527 561
527 687
527 1125
527 1693
528 721
528 1340
528 1700
529 1305
530 617
530 1700
531 1830
531 2000
532 550
532 771
532 1401
533 1255
534 1361
534 1718
534 1870
535 936
535 1229
535 1434
535 1806
535 1978
535 1993
537 821
537 893
537 1019
537 1271
538 700
538 1801
538 1848
539 1663
539 1929
539 1973
540 1419
540 1602
541 580
541 828
543 1029
543 1094
544 1611
544 1736
544 1749
545 692
545 1675
546 762
546 1709
547 962
548 676
548 1699
548 1860
548 1887
549 1398
550 1065
550 1129
551 924
551 1243
551 1388
551 1698
551 1911
553 962
553 1562
554 1014
554 1156
554 1217
554 1781
554 1897
555 1568
555 1892
556 642
556 1489
557 643
557 690
557 853
557 1200
557 1419
558 1473
559 775
559 1863
559 1884
560 1271
560 1309
560 1404
560 1810
560 1819
560 1917
561 1125
561 1513
561 1645
562 1736
563 1120
563 1827
564 764
564 1101
564 1264
564 1937
565 1044
565 1088
565 1787
566 859
566 1221
566 1749
567 1294
568 1729
568 1964
569 1787
570 832
570 1314
571 1782
572 749
572 1928
573 654
573 832
573 1864
574 866
574 984
574 1694
574 1724
577 1017
577 1082
578 1700
579 1393
580 942
582 781
583 1114
583 1989
584 876
584 1638
584 1706
585 1421
585 1442
585 1857
585 1987
586 1908
588 878
588 1102
588 1424
588 1493
589 1097
589 1137
589 1655
590 861
590 1325
590 1583
591 1518
592 800
592 1545
592 1633
592 1714
592 1722
593 628
593 1883
594 1141
594 1370
595 681
595 912
596 652
596 1422
596 1623
597 681
598 683
600 1267
600 1303
600 1332
600 1708
600 1760
601 1861
602 687
603 940
603 1512
604 813
604 1243
604 1768
605 722
605 996
605 1372
606 1115
607 922
607 1202
607 1931
608 1069
608 1381
609 1961
610 1333
610 1884
611 933
611 1027
612 1162
612 1357
612 1779
612 1882
613 849
614 1339
614 1792
615 947
615 1541
615 1917
616 1180
617 801
617 1338
618 1235
619 1568
619 1693
619 1751
620 1668
621 657
622 1218
622 1236
622 1444
622 1452
622 1773
623 1022
623 1343
626 712
626 881
626 1509
626 1510
627 943
627 973
627 1217
628 1121
628 1217
629 1314
629 1571
630 1062
630 1296
630 1531
631 1004
631 1033
631 1137
631 1143
631 1381
631 1818
633 965
633 1032
633 1138
633 1699
634 1593
634 1931
635 933
635 1062
635 1214
635 1837
636 928
636 1843
637 761
637 1113
637 1195
637 1313
637 1327
637 1566
638 1969
639 827
639 923
639 1124
639 1802
640 653
640 1356
640 1530
641 1269
642 1010
642 1254
643 1565
644 714
644 1033
644 1804
645 814
645 1829
646 1455
646 1498
647 1603
647 1677
648 1061
648 1732
650 1395
650 1869
652 780
652 1052
652 1154
653 1042
653 1608
653 1636
654 1578
654 1733
655 1193
655 1220
655 1334
655 1435
655 1950
655 1985
655 1990
656 1202
657 1266
658 866
659 974
659 985
659 1340
660 936
661 1246
661 1675
662 676
662 1668
663 809
663 1192
665 1118
666 738
667 696
667 932
668 811
668 820
669 687
669 777
670 680
670 1727
671 1435
671 1525
672 1469
673 992
673 1074
674 945
674 1372
675 1723
676 1288
676 1456
676 1765
677 1390
678 1184
679 760
679 1239
679 1402
680 1786
681 720
681 786
681 1225
681 1505
681 1747
682 754
682 1927
683 1009
683 1604
683 1772
684 687
684 822
685 1039
685 1716
685 1939
686 871
686 1227
686 1326
687 838
687 1253
688 876
688 1261
688 1603
690 1203
690 1372
690 1991
691 728
691 767
691 958
691 1112
691 1695
692 1248
693 1238
693 1376
693 1775
693 1851
694 828
694 875
694 1472
695 1211
696 1056
696 1181
697 929
697 1801
698 858
698 1193
698 1441
698 1916
699 1416
699 1537
699 1673
699 1937
700 1920
701 1074
701 1832
702 846
702 1667
702 1951
703 1331
703 1384
703 1416
703 1604
704 881
704 1660
705 1500
706 889
706 1145
706 1766
707 1615
707 1845
709 1581
711 1576
711 1735
712 812
712 992
712 1348
712 1654
713 1034
713 1171
713 1851
714 1968
715 1419
715 1758
716 842
717 1449
718 1029
718 1385
718 1748
718 1967
719 1780
719 1855
720 1005
720 1098
722 827
722 976
722 1336
723 1717
724 1507
724 1538
724 1574
724 1929
725 857
725 1536
725 1943
726 1620
727 841
728 785
729 1045
729 1219
729 1874
730 911
730 1343
731 939
731 1004
731 1136
731 1191
731 1626
732 768
733 1994
734 1119
734 1362
734 1968
735 1921
736 884
736 972
736 1283
736 1877
736 1902
737 1669
738 1162
738 1872
739 768
739 913
739 1470
740 1013
741 908
741 1824
742 1788
743 1782
744 1308
744 1670
744 1878
745 902
745 985
746 1007
746 1093
746 1794
748 1476
750 752
750 1055
750 1477
750 1564
750 1660
750 1965
751 1368
751 1578
752 914
752 1716
753 1258
753 1438
754 1539
755 1653
755 1841
756 1074
757 784
757 1476
757 1642
757 1998
758 868
758 1924
759 1676
760 1616
760 1822
761 973
761 983
761 1400
762 1367
763 1189
763 1266
763 1524
763 1776
764 1209
764 1753
765 1687
766 1544
767 1348
767 1651
767 1787
768 1280
768 1480
769 989
769 1024
770 854
771 1771
772 1305
772 1847
774 1163
774 1361
774 1407
774 1791
775 1493
775 1528
775 1704
777 1317
777 1481
777 1887
779 892
779 1519
781 1548
782 924
782 1091
782 1788
782 1939
783 1304
783 1756
784 1423
786 1406
787 1741
788 875
788 1041
788 1748
788 1910
790 1288
791 1066
791 1398
792 844
792 1163
793 1735
794 1274
794 1829
795 1703
795 1833
795 1954
796 1142
796 1505
797 817
797 1594
797 1937
797 1998
799 1610
799 1701
799 1886
800 1303
800 1440
800 1563
800 1905
801 1406
802 829
802 1692
803 1064
803 1228
803 1599
803 1610
803 1617
804 1015
804 1412
804 1889
805 1053
806 1452
806 1507
806 1550
806 1935
807 1243
808 957
808 1682
810 881
810 1500
810 1587
812 868
812 1715
812 1940
813 1155
813 1624
814 1162
814 1163
815 958
816 976
816 1712
817 1926
819 1575
820 1140
821 829
821 1111
821 1317
822 973
822 1416
822 1450
822 1484
822 1703
822 1914
824 1231
824 1746
825 912
825 949
826 1658
826 1678
827 1425
827 1981
828 870
828 1298
828 1335
828 1612
828 1685
829 1533
830 1617
830 1965
832 1908
835 851
836 1816
837 1016
838 1091
841 920
841 1238
842 1570
843 921
843 1437
844 1762
845 856
846 871
846 1110
846 1514
846 1995
847 906
847 1077
847 1880
848 984
848 1505
849 1965
849 1974
850 874
850 1205
850 1433
850 1748
851 974
851 1471
852 1474
852 1659
853 1556
855 1981
856 1579
857 1945
860 1741
860 1993
861 1414
861 1729
861 1837
862 1304
862 1635
863 1156
863 1444
864 1236
864 1249
864 1495
867 1712
868 1093
868 1166
868 1769
868 1905
869 1528
869 1593
870 1308
871 908
871 947
873 1803
875 1470
875 1583
875 1813
876 960
877 1043
877 1364
877 1635
878 1424
878 1494
879 1038
879 1089
880 1003
880 1396
882 1020
882 1131
882 1326
882 1386
882 1388
882 1883
883 1316
883 1416
884 891
885 958
887 1009
887 1140
887 1327
889 1371
890 1674
890 1880
891 945
892 894
892 1837
892 1857
893 968
893 1179
896 1408
897 1295
897 1441
897 1918
898 1649
899 970
900 1743
901 942
901 1715
902 1239
902 1493
903 1203
903 1290
903 1464
903 1561
903 1741
904 1039
904 1496
904 1899
905 945
905 1437
905 1716
907 1125
907 1510
908 922
908 963
908 1150
908 1371
908 1656
908 1670
908 1861
909 1594
910 1336
910 1387
912 1215
912 1269
912 1814
913 1207
913 1648
913 1961
914 1084
915 1193
915 1490
916 1192
916 1434
917 1130
917 1844
918 987
918 1703
919 1757
920 1069
920 1219
921 1468
922 1156
922 1237
922 1518
923 1416
923 1743
924 1161
924 1219
924 1563
925 997
925 1271
925 1480
925 1630
926 1185
926 1233
926 1389
926 1450
926 1827
926 1847
928 1074
928 1185
928 1742
930 1623
930 1657
933 1149
933 1821
934 1301
935 1356
935 1883
936 955
936 1044
936 1791
936 1984
937 1281
937 1702
938 1260
938 1283
939 1118
939 1620
939 1979
940 1450
940 1659
941 1119
942 1249
942 1620
943 1420
943 1984
944 1077
944 1718
945 1344
945 1350
946 1301
946 1936
947 1665
948 1564
949 1217
949 1570
950 1426
950 1824
951 1374
951 1772
952 1071
952 1993
955 1573
956 1450
956 1483
958 1010
958 1074
958 1156
958 1213
958 1306
959 1014
959 1034
959 1456
961 1546
961 1811
962 1067
962 1173
963 1098
964 1023
964 1140
964 1731
965 1067
965 1393
965 1584
965 1833
965 1941
966 1242
966 1937
967 1131
967 1240
967 1630
967 1952
968 1146
969 1139
969 1595
969 1712
970 1236
970 1661
970 1774
971 1654
974 1364
975 1688
976 1785
978 1523
979 1191
981 1358
982 1644
982 1839
984 1764
984 1958
985 1431
986 1610
987 1103
987 1343
988 1000
988 1164
988 1312
989 1250
991 1249
991 1590
991 1711
992 1752
992 1885
993 1006
993 1435
994 1063
995 1151
995 1245
996 1062
996 1482
997 1631
997 1706
998 1391
998 1426
1000 1969
1001 1034
1001 2000
1003 1198
1003 1829
1004 1475
1006 1472
1006 1483
1007 1017
1007 1453
1008 1116
1008 1849
1009 1593
1010 1375
1010 1996
1011 1228
1012 1054
1012 1262
1013 1933
1014 1051
1014 1133
1014 1645
1014 1804
1015 1502
1017 1536
1018 1636
1020 1671
1021 1149
1021 1192
1021 1463
1022 1095
1022 1401
1022 1774
1022 1958
1023 1100
1023 1875
1023 1978
1024 1073
1024 1163
1024 1417
1024 1557
1024 1713
1026 1467
1026 1525
1027 1089
1027 1452
1027 1753
1029 1181
1029 1282
1029 1288
1030 1358
1031 1342
1031 1523
1032 1544
1033 1064
1033 1639
1034 1177
1034 1248
1034 1512
1035 1096
1035 1328
1035 1563
1036 1337
1036 1389
1036 1540
1036 1559
1036 1917
1037 1329
1037 1470
1037 1494
1038 1511
1038 1799
1039 1552
1039 1897
1040 1740
1041 1146
1041 1692
1041 1823
1042 1536
1042 1698
1043 1207
1043 1438
1045 1221
1045 1238
1045 1270
1046 1638
1047 1783
1047 1912
1048 1757
1049 1351
1049 1884
1051 1564
1051 1788
1052 1982
1053 1748
1054 1783
1055 1110
1055 1596
1055 1806
1055 1841
1057 1092
1057 1391
1058 1157
1058 1235
1058 1905
1059 1640
1059 1654
1059 1922
1060 1608
1060 1636
1060 1660
1061 1478
1061 1887
1062 1522
1064 1150
1064 1715
1065 1850
1066 1359
1066 1784
1067 1077
1067 1809
1067 1909
1068 1410
1068 1698
1068 1726
1069 1345
1070 1500
1070 1756
1073 1406
1074 1467
1075 1408
1075 1524
1075 1819
1076 1828
1077 1912
1078 1572
1078 1824
1079 1833
1081 1084
1081 1288
1081 1671
1081 1879
1081 1942
1082 1932
1083 1445
1084 1104
1084 1372
1085 1226
1085 1254
1085 1649
1086 1309
1086 1907
1086 1931
1088 1739
1088 1822
1088 1964
1090 1648
1091 1519
1092 1471
1092 1634
1093 1225
1093 1821
1094 1841
1095 1555
1096 1869
1098 1559
1098 1916
1100 1131
1100 1243
1101 1531
1101 1991
1102 1176
1102 1611
1103 1552
1104 1792
1104 1934
1105 1299
1105 1608
1106 1473
1107 1138
1108 1888
1110 1534
1110 1678
1111 1538
1112 1169
1112 1473
1115 1502
1115 1876
1116 1254
1116 1639
1118 1275
1118 1858
1124 1396
1124 1956
1125 1126
1125 1412
1125 1779
1127 1283
1129 1702
1130 1155
1133 1204
1134 1396
1140 1548
1141 1849
1142 1952
1143 1864
1145 1623
1145 1734
1146 1874
1147 1485
1148 1329
1148 1414
1148 1618
1149 1180
1149 1247
1149 1892
1151 1880
1152 1414
1153 1343
1153 1603
1153 1756
1154 1282
1154 1931
1154 1984
1155 1730
1156 1575
1156 1802
1158 1806
1162 1334
1163 1516
1163 1717
1163 1816
1165 1233
1165 1995
1167 1282
1168 1189
1168 1375
1171 1794
1172 1237
1173 1958
1174 1520
1175 1484
1175 1493
1175 1649
1177 1205
1177 1582
1178 1698
1178 1805
1179 1796
1179 1860
1179 1936
1180 1749
1180 1754
1181 1273
1181 1693
1182 1438
1182 1542
1182 1881
1182 1911
1184 1398
1184 1481
1186 1439
1186 1488
1187 1220
1187 1377
1187 1742
1187 1800
1189 1776
1190 1212
1191 1556
1193 1621
1194 1254
1195 1215
1195 1502
1195 1762
1197 1230
1197 1871
1198 1270
1198 1523
1199 1244
1199 1556
1200 1219
1200 1990
1201 1276
1201 1567
1202 1397
1202 1551
1202 1658
1203 1865
1203 1935
1204 1914
1205 1285
1205 1801
1212 1652
1212 1654
1212 1681
1213 1451
1213 1966
1214 1452
1215 1264
1216 1936
1218 1348
1219 1323
1221 1870
1222 1482
1222 1879
1224 1463
1225 1669
1225 1839
1225 1841
1226 1426
1226 1669
1227 1773
1227 1907
1228 1742
1233 1993
1234 1736
1234 1892
1235 1393
1237 1363
1238 1251
1238 1285
1239 1660
1242 1550
1242 1820
1243 1929
1244 1793
1244 1847
1245 1831
1247 1841
1250 1848
1251 1312
1251 1345
1251 1421
1251 1507
1251 1866
1252 1661
1253 1401
1253 1515
1253 1538
1253 1803
1254 1738
1256 1280
1258 1427
1258 1454
1259 1854
1260 1317
1260 1445
1261 1402
1262 1577
1262 1746
1262 1803
1263 1481
1263 1623
1263 1807
1264 1766
1264 1783
1267 1282
1269 1657
1270 1535
1272 1626
1272 1628
1273 1475
1273 1753
1273 1807
1274 1968
1276 1679
1276 1979
1278 1795
1278 1955
1279 1424
1282 1652
1282 1752
1282 1781
1282 1919
1284 1771
1284 1948
1284 1959
1284 1968
1285 1761
1286 1609
1286 1684
1287 1749
1288 1582
1288 1791
1289 1477
1291 1925
1292 1600
1295 1362
1295 1868
1298 1901
1299 1511
1300 1700
1301 1420
1302 1390
1302 1619
1303 1766
1306 1483
1306 1957
1307 1501
1307 1711
1308 1331
1308 1374
1308 1486
1309 1359
1310 1777
1311 1468
1311 1476
1311 1713
1312 1459
1313 1958
1314 1421
1316 1338
1316 1974
1317 1667
1318 1702
1318 1903
1323 1669
1325 1498
1325 1815
1326 1578
1328 1618
1328 1954
1330 1577
1331 1871
1333 1988
1337 1954
1338 1350
1339 1486
1341 1554
1341 1705
1343 1785
1344 1750
1345 1474
1346 1465
1346 1806
1346 1872
1347 1445
1348 1637
1348 1808
1351 1723
1353 1400
1354 1594
1356 1405
1356 1860
1357 1596
1357 1960
1358 1426
1358 1827
1358 1888
1359 1613
1359 1719
1359 1944
1360 1791
1362 1700
1364 1413
1365 1455
1368 1441
1369 1515
1370 1575
1371 1853
1373 1478
1374 1545
1375 1964
1378 1824
1379 1654
1382 1447
1383 1401
1383 1900
1384 1844
1385 1578
1391 1459
1392 1911
1393 1688
1397 1479
1397 1787
1400 1543
1404 1577
1406 1420
1407 1709
1408 1761
1408 1930
1409 1836
1412 1611
1412 1837
1414 1694
1414 1924
1419 1458
1423 1504
1425 1608
1426 1960
1428 1457
1428 1639
1428 1838
1428 1977
1433 1898
1433 1910
1435 1770
1437 1701
1438 1832
1439 1905
1442 1569
1443 1834
1443 1883
1444 1901
1445 1558
1446 1793
1447 1559
1448 1909
1449 1464
1449 1882
1449 1924
1450 1538
1450 1752
1450 1911
1451 1489
1451 1935
1452 1720
1452 1794
1453 1953
1458 1705
1460 1926
1462 1708
1463 1718
1464 1758
1465 1652
1467 1587
1467 1655
1468 1905
1469 1485
1471 1768
1471 1841
1472 1963
1473 1871
1474 1922
1475 1541
1475 1925
1480 1876
1480 1964
1481 1988
1482 1538
1483 1853
1484 1723
1486 1860
1488 1594
1491 1856
1492 1588
1493 1506
1494 1682
1495 1720
1495 1817
1497 1579
1498 1830
1500 1552
1502 1741
1504 1719
1506 1515
1506 1708
1506 1993
1508 1610
1509 1522
1509 1553
1509 1912
1511 1637
1512 1634
1512 1935
1513 1673
1513 1689
1515 1787
1516 1683
1517 1731
1518 1714
1518 1956
1520 1529
1520 1763
1521 1640
1521 1788
1522 1769
1523 1641
1523 1854
1525 1779
1526 1866
1527 1695
1527 1944
1528 1581
1529 1937
1530 1595
1530 1605
1532 1621
1532 1869
1533 1607
1533 1936
1536 1619
1537 1816
1539 1933
1543 1621
1543 1947
1544 1735
1549 1597
1551 1800
1551 1810
1557 1750
1559 1973
1560 1587
1561 1714
1566 1795
1567 1771
1568 1726
1568 1875
1569 1846
1569 1924
1569 1950
1571 1772
1571 1858
1573 1936
1574 1830
1575 1691
1582 1873
1584 1591
1584 1817
1584 1839
1585 1771
1590 1626
1592 1598
1592 1616
1592 1804
1595 1925
1596 1707
1597 1871
1598 1616
1599 1671
1602 1922
1607 1633
1607 1731
1609 1687
1610 1773
1612 1614
1614 1854
1615 1669
1615 1794
1615 1914
1616 1912
1617 1750
1621 1777
1622 1701
1624 1925
1624 1971
1624 1996
1626 1918
1627 1952
1630 1961
1632 1668
1632 1970
1642 1827
1645 1776
1652 1824
1653 1666
1654 1804
1656 1803
1658 1837
1659 1850
1663 1707
1664 1878
1674 1903
1675 1863
1678 1838
1678 1969
1679 1756
1680 1691
1684 1738
1685 1831
1687 1778
1690 1999
1696 1790
1697 1882
1699 1871
1699 1939
1702 1797
1703 1872
1704 1962
1711 1843
1715 1788
1720 1915
1721 1859
1721 1914
1723 1760
1725 1954
1735 1973
1736 1823
1738 1830
1740 1801
1742 1995
1744 1963
1750 1942
1755 1854
1761 1883
1765 1893
1775 1780
1780 1784
1786 1867
1795 2000
1809 1843
1813 1840
1813 1999
1814 1880
1814 1922
1816 1854
1846 1943
1854 1978
1855 1944
1855 1953
1861 1913
1862 1960
1863 1980
1864 1873
1866 1932
1870 1983
1880 1892
1881 1973
1883 1944
1884 1954
1888 1945
1898 1922
1900 1989
1901 1962
1903 1947
1909 1952
1923 1991
1928 1966
1930 1970
1936 1955
1939 1959
1964 1996