2000
1 1437
2 1063
2 1387
3 256
3 1293
3 1533
3 1628
4 289
4 1386
5 1067
8 1454
9 346
9 1586
10 1202
11 182
13 184
13 830
14 375
14 419
15 1102
17 1137
18 309
18 669
18 1188
18 1931
19 85
19 1140
19 1149
19 1248
19 1326
19 1502
21 896
21 1283
22 338
23 1017
23 1953
24 717
24 892
25 214
25 955
26 1647
27 1043
29 421
29 644
29 1059
31 1531
31 1798
33 429
33 1086
34 426
35 1463
36 423
36 1453
37 306
37 1114
38 271
38 1042
38 1487
39 113
39 136
39 1146
39 1312
41 1012
41 1441
41 1965
42 504
43 492
44 1148
46 426
46 793
46 1929
47 1131
49 1089
49 1492
49 1785
52 171
53 1087
53 1690
54 627
54 1366
54 1813
55 680
55 1229
55 1907
56 1152
56 1942
57 1301
57 1379
58 1315
58 1876
60 273
60 968
60 1862
60 1892
61 1279
62 220
62 237
62 1082
62 1280
63 1318
63 1441
64 311
65 1201
66 1286
67 71
67 778
68 79
68 293
69 96
69 435
70 1726
71 206
71 560
72 553
72 656
72 876
73 1131
73 1517
74 1169
74 1228
74 1640
74 1793
75 514
75 1324
76 1073
77 973
77 984
77 1945
79 381
80 1901
82 630
82 1703
84 1705
86 1276
87 361
88 274
88 377
88 644
88 1316
88 1503
89 1916
90 946
90 1567
91 811
91 1510
91 1868
92 127
92 1264
93 917
94 615
94 733
95 1904
96 815
96 1269
96 1299
97 829
97 1557
97 1610
97 1889
98 982
100 302
100 740
101 961
101 984
101 1927
102 944
103 715
103 717
103 791
104 418
104 977
104 1312
104 1760
106 165
106 939
107 166
107 1034
108 871
108 1916
109 1089
109 1777
112 825
112 952
112 1630
114 1185
115 782
116 1482
120 1058
121 1427
122 1218
122 1904
123 1747
124 188
125 1105
125 1150
126 811
128 688
129 542
129 1370
130 691
130 1873
130 1989
131 1180
132 1796
133 218
133 955
133 1941
134 1864
136 908
136 1081
136 1421
138 493
138 938
138 1340
140 1061
140 1875
141 1033
142 674
143 382
143 906
144 1069
144 1337
145 636
146 327
146 799
146 991
147 335
147 793
147 1091
147 1247
147 1829
149 229
150 1553
150 1939
151 267
152 304
152 911
152 1128
152 1268
153 1556
154 1164
154 1439
155 1693
155 1736
156 668
157 1520
158 635
160 289
160 662
161 282
162 1268
162 1823
163 736
163 1820
166 407
166 500
167 1335
167 1625
167 1714
168 472
168 1136
168 1201
168 1546
168 1632
170 522
170 1470
171 629
171 879
171 1415
172 235
172 277
172 1350
172 1361
174 1452
175 707
175 998
175 1150
175 1380
175 1620
177 1698
178 265
178 1340
181 451
181 987
181 1972
182 653
182 1901
183 193
183 565
183 625
184 1763
185 1627
186 956
186 1544
187 940
187 1195
187 1565
188 557
192 220
195 472
195 964
196 216
196 281
196 555
197 660
197 1613
198 531
198 1441
198 1929
199 1119
200 1946
201 547
203 1995
205 1478
206 949
208 453
209 368
209 1982
211 473
211 1183
211 1515
211 1864
213 516
213 1143
214 602
214 1892
215 983
216 391
216 539
217 1146
217 1658
219 410
219 1201
220 1768
221 525
221 710
221 1498
223 1187
225 1422
226 1437
227 1759
228 831
228 1834
229 295
229 1231
229 1429
229 1599
230 897
230 983
230 1465
231 986
231 1971
233 694
234 893
235 423
235 1455
236 1308
237 821
237 928
238 1331
238 1427
238 1749
239 1623
240 708
240 1607
240 1867
241 431
242 579
242 1946
243 784
243 1820
245 567
246 1262
246 1558
248 623
248 652
248 1264
249 429
249 1626
250 614
250 1405
250 1858
252 809
252 1256
252 1820
253 739
253 1646
254 985
255 916
256 1261
259 438
260 316
260 642
260 832
260 1282
260 1476
263 392
265 729
265 837
266 1332
267 1170
268 943
269 554
270 406
271 1356
271 1702
272 1095
272 1921
274 531
274 695
274 1269
275 1935
276 1479
276 1893
277 780
278 1270
279 585
279 933
280 1025
280 1633
281 508
281 1268
281 1344
282 738
282 1439
283 648
284 781
284 1242
285 977
286 458
286 1766
287 429
287 1008
287 1920
288 824
288 1665
289 626
291 824
291 1091
291 1898
292 963
294 1376
296 328
296 817
296 1688
297 1117
297 1770
298 382
298 484
298 1271
299 1569
299 1651
301 685
302 1450
303 918
303 1277
303 1349
304 351
305 864
305 1081
305 1717
306 889
306 1780
308 1090
308 1523
309 311
310 1376
311 574
311 1833
314 831
314 1237
315 1460
315 1563
315 1804
316 708
316 782
317 1446
317 1859
318 1280
318 1426
320 716
320 1676
321 1034
321 1052
321 1838
322 923
324 1954
325 994
326 527
326 599
326 1100
326 1134
326 1170
326 1218
326 1445
326 1872
329 1140
329 1582
330 1650
331 595
331 680
331 806
331 1183
332 720
332 1154
332 1317
333 397
333 418
333 474
333 1128
335 1703
336 1571
337 718
337 1265
341 1874
343 1086
343 1143
344 626
344 636
344 1033
345 1779
345 1786
346 826
346 1065
346 1382
346 1603
348 435
348 629
348 1340
352 1305
354 1000
355 1510
357 1118
358 774
362 1934
363 1043
363 1251
363 1772
364 1653
365 754
365 1697
367 787
368 1280
369 450
370 1401
371 1979
373 1319
374 393
374 938
374 1259
375 674
375 1210
376 1518
376 1672
376 1820
377 1326
377 1401
377 1499
377 1558
377 1580
377 1951
378 667
379 1035
379 1179
380 1949
381 536
382 452
383 1682
384 928
384 1360
384 1631
385 852
388 1634
389 569
390 691
390 1944
392 782
392 918
392 1502
394 395
394 1308
394 1374
394 1439
395 1916
396 490
396 1109
397 1483
398 459
398 618
400 918
400 1014
401 487
401 972
401 986
405 488
405 825
406 1390
406 1709
407 605
408 1213
408 1550
409 775
409 797
409 886
409 1121
411 521
411 1517
411 1724
412 1152
412 1659
413 604
415 1807
416 1172
416 1453
416 1548
418 879
419 684
420 673
421 1117
426 1003
427 542
427 766
427 1083
428 998
429 628
429 1639
429 1813
430 519
430 579
431 449
431 1781
432 1115
433 1133
436 1157
438 1019
439 1069
439 1144
440 736
440 1929
440 1998
442 519
442 765
443 1864
444 1493
446 782
446 899
446 1831
446 1834
447 1477
447 1496
447 1982
448 1456
450 1175
450 1432
452 999
453 1230
454 619
454 1021
454 1979
455 547
455 1596
456 822
457 543
457 728
457 1508
458 1990
460 1020
460 1876
461 1219
461 1922
461 1932
462 1595
463 956
463 1522
463 1559
464 856
466 1254
467 705
467 1302
467 1600
469 1349
470 597
470 1366
471 1745
472 1614
472 1716
475 533
475 1398
475 1451
476 1301
476 1695
477 735
480 1754
482 665
483 1043
483 1233
483 1492
486 691
487 642
489 701
489 1677
489 1991
494 805
495 551
495 1189
496 850
496 1912
497 1901
498 908
498 1108
498 1751
499 1420
500 1447
503 790
503 991
503 1190
503 1350
504 962
505 1200
506 729
506 731
507 864
507 950
508 1454
509 1015
509 1549
510 1481
510 1835
511 573
513 978
513 1166
515 1279
516 518
516 1562
516 1954
517 1020
517 1126
517 1346
518 1288
518 1805
521 1283
521 1363
521 1601
522 733
524 989
524 1173
524 1908
525 717
525 1635
526 890
527 1115
527 1699
529 1307
531 645
531 1202
533 1807
534 796
534 1367
534 1604
535 1329
536 1916
540 1041
541 881
545 1443
547 954
547 1230
547 1567
547 1612
548 1001
548 1052
549 642
550 899
550 970
551 672
551 1598
552 1906
553 919
553 1024
553 1821
554 1103
555 1930
555 1934
556 1542
556 1598
557 1929
559 1597
560 1145
561 611
563 1165
563 1298
563 1611
564 764
564 1441
566 590
568 1807
572 799
572 1535
573 1420
573 1429
573 1643
574 1787
579 660
579 822
579 1054
579 1623
580 1127
580 1230
581 1088
582 1888
584 905
585 1571
587 892
590 1095
591 903
592 742
592 1329
593 1242
595 671
595 1195
596 1892
598 1019
598 1461
598 1708
599 1673
599 1793
600 722
601 1603
602 1965
603 1524
604 1398
605 638
605 1832
606 1760
608 1173
608 1846
609 1180
609 1786
609 1803
609 1884
609 1918
610 1138
610 1260
610 1431
611 1492
612 860
612 1619
613 1661
613 1928
616 656
616 1499
617 1749
620 652
620 1317
621 1098
621 1530
622 665
622 1224
626 1833
626 1874
627 1629
630 1837
633 1403
633 1920
634 879
634 1126
635 868
635 874
636 752
636 1864
637 1124
639 760
639 1502
641 1845
642 1038
643 1170
644 1789
645 1470
646 1601
646 1835
647 1177
648 729
650 1173
650 1971
651 1002
651 1951
652 877
652 1453
652 1814
653 679
653 1376
653 1779
654 937
656 1359
657 1563
658 1916
661 1093
661 1173
662 756
662 1777
662 1886
663 944
663 1971
664 674
665 1340
666 1241
667 1327
667 1484
669 1489
672 1005
672 1690
673 1038
674 1227
675 1378
675 1391
676 1220
677 703
681 1199
681 1997
682 1166
683 874
683 929
683 1330
683 1389
684 1208
685 1541
686 1695
687 858
688 1775
688 1797
689 1760
690 758
691 785
693 1508
695 1198
696 849
696 1226
697 729
697 1514
697 1544
697 1902
698 1357
699 1114
699 1763
700 1355
702 809
703 1486
704 1862
706 1474
709 1566
710 1558
711 1597
715 1234
715 1328
716 1435
719 770
719 1816
719 1944
722 1524
722 1937
723 880
723 1532
723 1586
724 1806
726 1494
726 1955
727 1721
727 1851
727 1948
729 1533
730 795
733 1589
734 1894
736 770
740 1419
741 841
741 1980
743 1814
744 1105
744 1957
745 1060
747 864
748 1533
749 1777
750 1380
755 818
755 1021
756 784
756 1173
758 1378
758 1829
765 956
765 1372
766 1547
766 1959
768 868
768 985
768 1752
769 1127
770 1375
771 902
776 1034
776 1283
777 1184
777 1658
779 1788
779 1914
781 1812
782 987
782 1603
784 802
786 1095
786 1676
787 1207
787 1732
788 1023
788 1032
788 1556
791 1276
791 1586
791 1654
792 1571
794 853
795 1052
795 1171
795 1786
796 928
797 1010
797 1244
797 1535
798 1083
799 880
801 1280
802 967
802 1397
802 1575
803 1025
803 1928
804 1952
805 1796
806 1742
806 1973
807 1178
808 1833
809 1168
812 848
814 1366
815 1515
816 1208
816 1449
816 1879
817 831
818 1331
818 1530
820 978
820 1293
820 1988
821 1454
823 871
824 1006
824 1703
825 1482
826 876
826 891
827 868
829 897
830 1101
833 835
833 1114
833 1442
834 945
834 1543
836 1116
838 1223
839 1820
839 1853
839 1944
839 1971
840 860
840 1003
840 1146
840 1322
840 1573
841 1057
842 1534
844 1362
846 1882
846 1974
846 1981
849 1240
849 1490
849 1931
850 982
850 1477
851 1761
851 1762
852 1095
852 1975
854 1043
856 1925
857 1341
857 1729
859 1081
860 1296
860 1724
861 952
862 1699
863 1091
863 1447
863 1820
865 960
867 1135
867 1271
867 1580
868 920
868 1574
868 1678
871 880
872 1906
877 1139
877 1895
878 1914
879 1574
881 1069
882 1240
882 1739
883 1118
883 1496
883 1829
885 1533
885 1603
890 1214
890 1234
890 1526
890 1527
891 1791
895 1057
895 1205
895 1583
896 1673
897 1647
898 1184
899 1283
900 922
900 1678
901 1076
902 1207
903 1152
904 1182
905 913
905 1691
909 1331
910 1318
911 1464
912 1123
913 1555
914 1124
915 1759
915 1996
916 1221
916 1265
916 1305
918 1988
919 1349
920 1318
921 1470
921 1734
922 1397
922 1677
923 1481
923 1865
924 1412
925 1501
925 1898
926 955
926 1016
926 1416
933 1323
933 1604
933 1706
934 936
934 1452
935 1561
936 1952
937 1867
937 1878
939 1653
942 1855
945 987
949 1601
950 996
950 1909
951 1113
951 1143
951 1397
951 1784
952 1363
952 1502
952 1735
955 1196
958 1462
959 1052
959 1074
959 1887
963 1559
965 1203
965 1408
965 1610
965 1922
967 1510
967 1701
970 1624
971 1999
972 1181
973 1109
973 1623
974 1516
975 1336
977 1486
979 1441
980 1262
981 1466
985 1641
986 1502
987 2000
989 1323
991 1225
992 1315
992 1538
996 1333
997 1635
999 1098
999 1533
999 1654
1002 1022
1005 1845
1006 1530
1011 1956
1017 1629
1017 1886
1018 1135
1019 1546
1019 1964
1020 1141
1020 1737
1021 1303
1023 1164
1023 1280
1023 1340
1023 1700
1027 1189
1027 1484
1028 1057
1028 1297
1029 1583
1029 1907
1030 1775
1031 1898
1034 1200
1034 1741
1035 1409
1035 1553
1039 1362
1040 1109
1040 1535
1040 1651
1040 1905
1043 1114
1043 1626
1044 1189
1045 1945
1049 1802
1050 1822
1052 1211
1052 1215
1056 1136
1056 1251
1058 1172
1059 1835
1059 1895
1062 1301
1064 1343
1066 1563
1067 1201
1067 1371
1069 1383
1069 1539
1071 1803
1072 1662
1073 1112
1076 1183
1077 1714
1078 1209
1078 1987
1079 1154
1079 1323
1082 1907
1083 1629
1085 1757
1086 1337
1089 1518
1089 1544
1091 1676
1092 1361
1092 1755
1092 1828
1092 1931
1093 1637
1094 1986
1095 1105
1095 1245
1095 1735
1097 1689
1098 1211
1101 1542
1102 1871
1106 1363
1106 1840
1107 1574
1115 1608
1115 1640
1115 1990
1117 1814
1118 1684
1122 1143
1122 1720
1124 1310
1124 1952
1125 1472
1127 1499
1129 1171
1129 1270
1130 1586
1131 1565
1131 1789
1134 1283
1138 1216
1138 1525
1140 1768
1145 1474
1147 1771
1148 1734
1151 1890
1154 1435
1157 1303
1158 1470
1160 1626
1162 1679
1162 1726
1163 1451
1163 1515
1163 1887
1165 1702
1166 1320
1166 1399
1167 1532
1168 1681
1169 1175
1170 1900
1172 1335
1175 1352
1178 1506
1179 1697
1181 1690
1186 1390
1186 1798
1187 1230
1187 1914
1193 1951
1194 1431
1197 1673
1202 1813
1204 1341
1208 1288
1212 1552
1215 1362
1215 1445
1217 1679
1218 1886
1219 1765
1220 1876
1224 1553
1225 1620
1226 1411
1226 1796
1226 1961
1227 1399
1230 1528
1231 1352
1231 1489
1233 1363
1234 1671
1234 1753
1235 1320
1235 1797
1235 1820
1238 1473
1241 1430
1243 1738
1244 1535
1244 1577
1247 1840
1250 1620
1251 1619
1252 1857
1254 1761
1254 1799
1256 1328
1257 1342
1259 1377
1265 1572
1265 1998
1266 1909
1267 1529
1268 1473
1270 1314
1270 1376
1270 1715
1270 1946
1271 1971
1273 1338
1276 1322
1276 1393
1280 1308
1283 1379
1283 1472
1287 1937
1288 1845
1299 1687
1305 1792
1305 1926
1306 1337
1308 1391
1308 1854
1311 1775
1315 1435
1315 1516
1316 1934
1319 1614
1320 1731
1321 1614
1324 1461
1331 1650
1332 1808
1332 1897
1333 1349
1333 1979
1337 1642
1337 1769
1343 1753
1344 1400
1346 1946
1348 1974
1351 1794
1351 1890
1351 1927
1352 1990
1353 1471
1353 1582
1357 1362
1358 1601
1366 1823
1368 1897
1370 1383
1370 1430
1371 1430
1371 1834
1371 1900
1372 1726
1373 1993
1375 1747
1376 1844
1380 1642
1388 1513
1388 1670
1388 1897
1390 1609
1390 1915
1391 1836
1392 1404
1393 1849
1394 1995
1395 1592
1395 1772
1396 1708
1398 1633
1400 1575
1408 1422
1408 1941
1409 1547
1409 1686
1412 1782
1415 1468
1415 1681
1417 1787
1422 1658
1423 1928
1425 1839
1428 1567
1429 1764
1431 1869
1432 1772
1443 1948
1444 1968
1449 1864
1456 1462
1458 1932
1460 1501
1466 1609
1470 1768
1477 1932
1480 1920
1484 1522
1486 1682
1488 1572
1492 1757
1492 1991
1496 1889
1503 1676
1504 1579
1505 1994
1512 1612
1517 1776
1517 1888
1519 1796
1520 1685
1525 1569
1527 1867
1527 1922
1528 1600
1530 1620
1530 1749
1531 1634
1531 1861
1531 1927
1536 1806
1537 1845
1538 1657
1539 1584
1541 1686
1543 1987
1546 1789
1547 1935
1549 1888
1551 1695
1551 1831
1552 1565
1552 1680
1553 1574
1554 1776
1554 1993
1561 1675
1564 1893
1565 1680
1565 1913
1566 1939
1575 1873
1576 1691
1578 1760
1583 1713
1585 1868
1587 1734
1587 1917
1588 1999
1588 2000
1591 1659
1596 1952
1604 1656
1617 1837
1618 1834
1619 1791
1619 1856
1621 1758
1629 1753
1631 1844
1635 1962
1639 1683
1642 1950
1642 1999
1643 1739
1646 1710
1647 1651
1647 1721
1647 1870
1654 1905
1655 1750
1656 1736
1657 1786
1659 1689
1660 1888
1662 1970
1663 1735
1663 1881
1668 1904
1671 1697
1686 1951
1693 1778
1695 1744
1696 1807
1698 1840
1701 1799
1701 1914
1712 1778
1715 1990
1717 1938
1730 1989
1740 1937
1746 1816
1751 1766
1754 1925
1756 1876
1758 1893
1760 1945
1765 1922
1768 1783
1773 1833
1795 1826
1798 1851
1801 1942
1815 1973
1822 1957
1829 1957
1840 1961
1845 1856
1850 1861
1853 1980
1859 1871
1863 1996
1867 1990
1868 1910
1902 1965
1919 1952
1930 1984
1932 1971
1937 2000
1942 2000