2000
1 25
1 58
1 593
1 1190
2 35
2 185
2 835
2 1092
2 1115
2 1397
2 1415
2 1479
2 1537
2 1807
3 596
3 635
3 1189
3 1377
3 1385
3 1818
4 12
4 595
4 631
4 1131
4 1359
4 1918
5 152
5 750
5 1617
5 1721
6 213
6 269
6 376
6 607
6 825
6 1300
6 1364
6 1403
6 1904
6 1945
7 23
7 44
7 187
7 302
7 412
7 544
7 552
7 702
7 744
7 1033
7 1118
7 1119
7 1614
7 1911
8 102
8 143
8 263
8 445
8 458
8 667
8 1098
8 1363
8 1366
8 1456
8 1466
9 109
9 455
9 486
9 882
9 908
9 919
9 1050
9 1178
9 1199
9 1304
9 1425
10 57
10 141
10 1019
10 1058
10 1155
10 1829
10 1931
11 358
11 440
11 487
11 880
11 1936
12 114
12 440
12 555
12 1857
12 1879
12 1925
13 33
13 136
13 728
13 1287
13 1803
14 301
14 434
14 619
14 886
14 1027
14 1122
14 1130
14 1314
14 1703
14 1781
14 1848
15 309
15 417
15 459
15 643
15 1481
15 1750
15 1999
16 244
16 535
16 552
16 573
16 722
16 1026
16 1794
16 1844
17 163
17 240
17 483
17 715
17 772
17 1374
17 1494
17 1641
18 226
18 407
18 567
18 689
18 979
18 1088
19 1025
19 1299
19 1747
19 1988
20 184
20 195
20 716
20 964
20 1675
20 1677
20 1874
21 208
21 227
21 538
21 844
21 948
21 965
21 1639
21 1676
21 1843
22 1051
22 1539
22 1542
22 1604
22 1738
22 1879
22 1955
22 1976
23 480
23 629
23 690
23 1003
23 1163
23 1179
23 1475
23 1564
23 1844
24 418
24 682
24 710
24 822
24 1329
24 1514
24 1846
24 1945
24 1965
24 1987
25 44
25 116
25 604
25 945
25 986
25 1525
26 63
26 262
26 690
26 1074
26 1226
26 1348
26 1441
27 144
27 255
27 295
27 479
27 751
27 906
27 1679
27 1777
28 196
28 231
28 447
28 769
28 777
28 891
28 1161
28 1269
28 1445
28 1499
28 1520
28 1584
28 1625
28 1637
28 1742
28 1879
28 1917
29 815
29 1109
29 1369
29 1549
30 99
30 119
30 559
30 921
30 1036
30 1162
30 1535
30 1603
30 1930
31 353
31 452
31 475
31 727
31 767
31 927
31 1193
31 1199
32 345
32 451
32 520
32 725
32 733
32 909
32 1043
32 1493
32 1650
32 1895
33 331
33 419
33 967
33 971
33 975
33 1857
34 343
34 407
34 453
34 535
34 554
34 826
34 842
34 864
34 885
34 894
34 1053
34 1101
34 1944
35 149
35 750
35 864
35 1797
35 1992
36 68
36 319
36 399
36 556
36 694
36 738
36 1100
36 1139
36 1214
36 1218
36 1478
36 1551
36 1693
37 480
37 532
37 814
37 946
37 1329
37 1612
37 1727
37 1930
38 61
38 294
38 631
38 833
38 864
38 1135
38 1212
38 1620
39 364
39 782
39 923
39 1441
40 194
40 740
40 1038
40 1208
40 1520
40 1681
41 435
41 451
41 726
41 1141
41 1274
41 1314
41 1346
41 1364
41 1770
41 1919
42 282
42 474
42 826
42 1243
42 1418
42 1542
42 1745
42 1972
43 143
43 623
43 1546
43 1753
43 1943
44 411
44 444
44 556
44 569
44 707
44 1233
45 198
45 777
45 866
45 1356
45 1376
45 1608
45 1792
45 1883
45 1941
46 442
46 539
46 750
46 780
46 1059
46 1096
46 1189
46 1519
46 1554
46 1923
47 371
47 413
47 811
47 980
47 1229
47 1321
47 1346
47 1561
47 1688
48 212
48 261
48 452
48 603
48 1283
48 1396
48 1420
48 1506
48 1567
49 703
49 828
49 918
49 1011
49 1082
49 1095
49 1592
50 183
50 883
50 1140
50 1153
50 1340
50 1666
51 268
51 728
51 785
51 1109
51 1110
51 1265
51 1499
51 1890
52 106
52 262
52 345
52 922
52 989
52 1075
52 1086
52 1348
52 1537
52 1654
52 1687
53 432
53 845
53 954
53 1604
53 1648
53 1867
54 247
54 1027
54 1223
54 1225
54 1329
54 1709
55 193
55 544
55 571
55 966
55 1349
55 1947
56 114
56 448
56 566
56 739
56 1258
56 1923
57 88
57 490
57 661
57 708
57 828
57 1137
57 1966
58 300
58 494
58 611
58 923
58 973
58 1062
58 1223
58 1421
58 1628
59 710
59 1858
60 606
60 831
60 1021
60 1067
60 1521
60 1912
61 95
61 903
61 1681
61 1827
61 1891
62 725
62 909
62 1504
63 368
63 685
63 738
63 774
63 793
63 897
63 1149
63 1398
63 1405
64 932
64 1238
64 1482
65 157
65 203
65 554
65 578
65 978
65 1824
65 1845
65 1941
65 1943
66 69
66 1562
67 75
67 348
67 432
67 1032
68 187
68 484
68 1972
69 370
69 435
69 487
69 571
69 703
69 1290
69 1424
69 1443
69 1901
70 288
70 419
70 696
70 1172
70 1275
70 1319
70 1346
71 308
71 756
71 921
71 1009
71 1293
71 1785
72 77
72 469
72 670
72 1250
72 1296
72 1399
72 1658
73 850
73 870
73 1112
73 1180
73 1355
74 116
74 484
74 1349
74 1848
74 1919
75 291
75 580
75 726
75 890
75 1020
75 1212
75 1522
75 1677
75 1878
75 1885
76 338
76 371
76 456
76 629
76 702
76 765
76 822
76 903
76 1054
76 1586
76 1658
77 122
77 234
77 588
77 1085
77 1311
77 1443
77 1544
77 1946
78 122
78 476
78 545
78 607
78 609
78 756
78 1083
78 1511
79 426
79 957
79 1138
79 1170
79 1329
79 1404
79 1858
80 1145
80 1263
80 1426
80 1869
81 1045
81 1682
81 1924
81 1928
82 436
82 886
82 1193
82 1513
83 416
83 1001
83 1206
83 1226
83 1628
83 1644
83 1686
83 1770
83 1902
84 302
84 473
84 696
84 786
84 817
84 929
84 952
84 1057
84 1244
84 1410
84 1449
84 1591
85 139
85 147
85 187
85 215
85 372
85 423
85 1143
85 1221
85 1308
86 439
86 612
86 756
86 978
86 1228
86 1284
86 1424
86 1454
86 1502
87 208
87 240
87 552
87 645
87 997
88 167
88 297
88 437
88 568
88 636
88 691
88 788
88 892
88 903
88 1205
88 1212
88 1760
88 1873
89 187
89 328
89 968
89 1164
89 1404
90 736
90 925
90 1002
90 1561
90 1961
91 387
91 463
91 658
91 908
91 1252
91 1521
91 1541
91 1631
91 1899
91 1942
91 1984
92 272
92 343
92 713
92 984
92 1390
92 1630
92 1842
92 1989
93 475
93 935
93 1028
93 1190
93 1299
93 1470
93 1525
94 754
94 955
94 1152
94 1269
94 1388
94 1575
94 1998
95 104
95 321
95 1007
95 1225
95 1587
95 1730
96 729
96 793
96 1193
96 1398
96 1608
96 1690
97 1260
97 1418
97 1887
98 399
98 633
98 1292
98 1403
98 1509
99 482
99 685
99 807
99 1122
100 178
100 352
100 665
100 981
100 1238
100 1764
100 1929
101 260
101 571
101 884
101 1129
101 1210
101 1287
101 1634
101 1836
102 240
102 393
102 405
102 743
102 1241
102 1925
103 935
103 1007
103 1192
103 1312
103 1427
104 381
104 403
104 520
104 585
104 652
104 1588
104 1762
105 108
105 338
105 496
105 809
105 848
105 1038
105 1287
105 1413
105 1672
105 1944
106 436
106 505
106 519
106 681
106 806
106 931
106 955
106 1155
106 1710
106 1998
107 216
107 458
107 525
107 575
107 761
107 878
107 1030
107 1139
107 1254
107 1724
107 1778
107 1898
108 475
108 641
108 831
108 1084
108 1486
108 1709
108 1884
109 729
109 1074
110 347
110 1371
110 1849
111 280
111 550
111 1205
111 1350
111 1604
111 1808
111 1949
112 165
112 222
112 274
112 599
112 1166
112 1990
113 229
113 820
113 1183
113 1885
113 1996
114 702
114 969
114 1190
114 1356
114 1547
115 245
115 668
115 844
115 926
115 934
115 1022
115 1047
115 1090
115 1125
115 1147
115 1297
115 1863
116 367
116 1278
116 1454
116 1836
117 793
117 1125
117 1210
117 1548
117 1647
117 1973
118 212
118 880
118 1117
118 1171
118 1658
118 1784
118 1816
119 122
119 254
119 589
119 637
119 1102
119 1268
119 1501
119 1664
119 1736
119 1882
120 248
120 388
120 485
120 644
120 729
120 1427
120 1935
121 470
121 505
121 927
121 999
121 1042
122 530
122 675
122 701
122 827
122 1091
122 1446
123 255
123 331
123 844
123 1770
124 544
124 608
124 673
124 1150
124 1153
124 1938
125 877
125 1285
125 1931
126 217
126 232
126 803
126 1160
126 1204
126 1418
126 1702
126 1707
127 302
127 742
127 785
127 921
127 1590
127 1805
127 1859
127 1918
127 1996
128 237
128 395
128 1917
129 647
129 670
129 891
129 1004
129 1006
129 1502
130 194
130 1499
130 1812
131 203
131 241
131 261
131 273
131 277
131 530
131 718
131 1180
131 1626
131 1970
132 805
132 1040
132 1448
132 1931
133 199
133 252
133 281
133 655
133 671
133 689
133 779
133 836
133 1339
133 1470
133 1625
133 1691
134 393
134 523
134 610
134 765
134 900
134 933
134 1842
135 202
135 318
135 391
135 1413
135 1551
135 1781
135 1795
135 1945
136 567
136 669
136 757
136 913
136 1350
137 354
137 874
137 1111
137 1151
137 1158
137 1412
137 1893
137 1968
138 933
138 1605
138 1793
139 1075
139 1347
139 1358
139 1606
139 1931
140 184
140 751
140 1912
141 234
141 368
141 409
141 449
141 602
141 904
141 1019
141 1095
141 1311
141 1661
141 1838
142 690
142 811
142 958
142 1094
142 1223
142 1358
142 1547
142 1981
143 270
143 274
143 297
143 367
143 391
143 419
143 490
143 608
143 658
143 1008
143 1126
143 1356
143 1798
144 399
144 428
144 844
144 1862
144 1908
145 369
145 418
145 932
145 1322
145 1469
145 1529
145 1846
145 1909
146 178
146 211
146 349
146 360
146 374
146 539
146 625
147 398
147 455
147 805
147 1035
147 1781
148 193
148 349
148 665
148 1067
148 1874
149 691
149 836
149 846
149 867
149 1396
149 1628
150 422
150 790
150 1334
150 1338
150 1440
151 186
151 477
151 749
151 1023
151 1046
151 1381
151 1609
151 1808
151 1975
152 223
152 258
152 1421
153 316
153 420
153 531
153 630
153 1027
153 1668
153 1683
154 674
154 866
154 1422
154 1785
154 1815
154 1820
154 1930
155 222
155 594
155 902
155 1411
155 1417
155 1470
156 306
156 417
156 817
156 931
156 950
156 1037
156 1042
156 1529
157 481
157 843
157 934
157 963
157 1164
157 1263
157 1441
157 1490
158 317
158 1983
159 472
159 546
159 782
159 998
159 1032
159 1672
159 1759
159 1803
159 1912
160 401
160 405
160 1154
160 1220
160 1272
160 1629
160 1891
161 189
161 648
162 197
162 214
162 287
162 649
162 1709
162 1731
162 1765
162 1950
163 172
163 281
163 585
163 752
163 860
163 897
163 918
163 923
163 1149
163 1394
163 1645
163 1969
164 167
164 472
164 485
164 590
164 1207
164 1560
165 281
165 441
165 448
165 705
165 836
165 1455
165 1974
166 211
166 246
166 353
166 401
166 527
166 674
166 746
166 957
166 1007
166 1020
166 1143
166 1216
167 273
167 530
167 546
167 633
167 953
168 313
168 672
168 888
168 1064
168 1488
168 1494
168 1500
169 683
169 1148
170 243
170 397
170 613
170 752
170 1112
170 1139
170 1435
170 1500
171 443
171 784
171 866
171 1037
171 1101
171 1192
171 1233
171 1960
172 273
172 657
172 721
172 813
172 1382
173 175
173 904
173 996
173 1193
174 718
174 900
174 1945
175 510
175 613
175 880
175 1223
175 1669
176 409
176 723
176 798
176 1353
176 1637
176 1755
176 1880
177 335
177 1123
177 1283
177 1604
177 1732
178 509
178 782
178 908
178 934
178 1262
178 1403
178 1674
178 1895
179 902
179 966
179 1230
180 470
180 553
180 880
180 898
180 976
180 989
180 1445
180 1671
181 486
181 572
181 845
181 1485
181 1612
181 1733
181 1978
182 227
182 843
182 949
182 1181
182 1342
182 1670
183 763
183 1278
183 1954
184 349
184 886
184 1507
184 1732
184 1796
184 1951
185 1212
185 1611
186 360
186 557
186 582
186 863
186 934
186 1844
186 1917
186 1967
186 1969
187 1227
187 1371
187 1466
187 1497
187 1736
187 1761
187 1913
188 227
188 339
188 412
188 1343
188 1442
188 1806
189 840
189 1293
189 1397
190 291
190 1002
190 1124
190 1196
190 1444
190 1479
190 1972
191 322
191 1270
191 1587
191 1613
191 1742
192 374
192 609
192 907
192 1017
192 1169
192 1364
192 1426
192 1758
192 1864
192 1930
193 835
193 1306
193 1738
193 1750
193 1813
193 1920
194 340
194 738
194 1098
194 1102
194 1255
194 1408
194 1509
194 1734
195 585
195 594
195 678
195 1809
195 1929
196 832
196 879
196 997
196 1318
196 1441
196 1826
197 291
197 1193
197 1691
197 1764
198 661
198 683
198 759
198 931
198 1336
198 1352
199 205
199 217
199 668
199 706
199 1162
199 1291
199 1538
199 1596
199 1684
199 1742
199 1869
199 1939
200 241
200 434
200 589
200 633
200 1047
200 1074
200 1239
200 1249
200 1439
200 1617
200 1816
200 1818
201 422
201 693
201 750
201 1342
201 1597
202 824
202 1092
202 1351
202 1463
202 1573
203 355
203 499
203 680
204 330
204 505
204 664
204 1378
205 253
205 431
205 524
205 758
205 791
205 1496
205 1564
205 1727
206 230
206 1048
206 1265
206 1802
206 1921
207 347
207 602
207 656
207 1623
207 1918
207 1928
207 1929
207 1948
208 487
208 1197
208 1369
208 1534
209 325
209 618
209 737
209 1872
209 1995
210 366
210 396
210 398
210 431
210 521
210 765
210 909
210 961
210 1369
210 1509
210 1772
210 1849
211 413
211 555
211 662
211 735
211 1227
211 1258
211 1266
211 1494
211 1575
211 1578
211 1707
211 1841
212 1034
212 1180
212 1305
212 1603
212 1699
212 1718
212 1797
212 1910
212 1981
213 304
213 478
213 570
213 847
213 1367
213 1524
213 1614
213 1970
213 1993
214 586
214 647
214 1217
214 1458
215 462
215 982
215 1102
215 1924
216 1068
216 1146
216 1509
216 1545
216 1856
217 289
217 393
217 434
217 436
217 578
217 683
217 881
217 1000
217 1376
217 1378
217 1711
217 1745
218 300
218 404
218 466
218 1044
218 1182
218 1287
218 1304
218 1467
218 1688
218 1692
219 234
219 912
219 1566
220 650
220 1288
220 1439
221 818
221 1154
221 1345
221 1914
222 485
222 726
222 856
222 906
222 1539
223 224
223 315
223 354
223 606
223 762
223 1354
223 1805
224 231
224 358
224 649
224 988
224 1109
224 1578
224 1623
224 1730
224 1740
224 1787
224 1849
225 263
225 884
225 901
225 1626
225 1770
225 1984
226 325
226 365
226 708
226 1071
226 1309
226 1983
227 299
227 306
227 698
227 998
227 1400
227 1720
227 1947
228 307
228 319
228 525
228 1080
228 1578
228 1893
228 1949
229 696
229 955
229 1279
229 1389
229 1719
229 1781
230 361
230 430
230 945
230 1060
230 1325
230 1522
230 1662
230 1888
230 1921
231 436
231 1454
231 1556
231 1701
232 914
232 938
232 1073
232 1994
233 1644
233 1666
234 291
234 617
234 987
234 1189
234 1274
234 1625
235 433
235 627
236 304
236 498
236 616
236 941
236 1069
236 1395
236 1439
236 1513
237 270
237 727
237 816
237 817
237 1696
238 283
238 918
238 1216
238 1222
238 1372
238 1517
238 1561
238 1646
238 1673
238 1802
239 457
239 529
239 577
239 886
239 1028
239 1194
239 1815
239 1844
240 731
240 901
240 1063
240 1174
240 1198
240 1213
240 1215
240 1282
240 1296
240 1485
240 1888
241 317
241 491
241 1835
241 1878
242 522
242 587
242 1470
242 1495
242 1643
242 1820
243 287
243 1492
243 1917
244 274
244 366
244 406
244 815
244 1204
244 1249
244 1417
244 1858
245 778
245 811
245 849
245 1122
245 1138
245 1726
246 569
246 769
246 969
246 1073
246 1328
246 1944
247 952
247 1033
247 1805
248 594
248 955
249 272
249 311
249 337
249 408
249 641
249 1023
249 1689
249 1841
250 330
250 380
250 565
250 1318
250 1512
250 1558
251 253
251 352
251 476
251 992
251 1203
251 1332
251 1378
251 1655
251 1769
251 1790
251 1914
252 890
252 1328
252 1359
252 1766
253 637
253 808
253 1062
253 1403
254 473
254 495
254 885
254 928
254 983
254 1547
254 1717
254 1859
254 1890
255 520
255 763
255 790
255 1140
255 1869
255 1955
256 534
256 856
256 1929
256 1993
256 2000
257 464
257 779
257 895
257 898
257 924
257 935
257 1149
257 1225
257 1860
258 439
258 642
258 955
258 961
258 1209
258 1404
258 1416
258 1990
259 515
259 588
259 621
259 772
259 861
259 1014
259 1865
260 326
260 332
260 1320
260 1718
261 733
261 1042
261 1129
261 1239
261 1338
261 1409
261 1822
261 1885
261 1963
261 1978
262 430
262 434
262 530
262 938
262 947
262 1156
262 1888
263 1681
264 444
264 477
264 832
264 1884
265 359
265 1555
265 1840
265 1985
266 355
266 368
266 725
266 945
266 1252
266 1794
267 279
267 357
267 413
267 468
267 719
267 1096
267 1128
267 1449
267 1479
267 1792
267 1984
268 447
268 1037
268 1428
268 1462
268 1572
268 1771
269 403
269 647
269 701
269 932
269 1085
269 1098
269 1482
269 1723
269 1948
270 478
270 577
270 656
270 1114
270 1131
270 1186
270 1412
270 1653
270 1743
270 1968
271 391
271 495
271 557
271 828
271 884
271 1342
272 576
272 971
272 1982
273 482
273 1053
273 1122
273 1349
273 1460
273 1701
273 1781
274 306
274 729
274 741
274 1350
274 1406
274 1453
275 508
275 514
275 600
275 629
275 967
275 971
275 1048
275 1853
276 443
276 553
276 676
276 1259
277 327
277 928
277 1092
277 1253
277 1308
277 1317
277 1323
277 1434
277 1884
278 553
278 627
278 808
278 890
278 1104
278 1169
278 1434
278 1585
278 1603
278 1635
278 1853
278 1892
278 1941
279 790
279 1099
279 1114
279 1527
279 1635
279 1793
279 1828
279 1884
280 906
280 953
280 959
280 1230
280 1268
280 1604
280 1822
281 347
281 432
281 1217
281 1564
281 1880
282 794
282 875
282 1109
282 1128
282 1164
282 1235
282 1325
282 1508
282 1619
282 1636
282 1719
282 1879
283 1123
283 1469
283 1527
283 1694
284 782
284 1454
285 313
285 506
285 878
285 899
285 1142
285 1415
285 1465
285 1605
285 1767
286 328
286 335
286 1061
286 1086
286 1468
286 1683
287 337
287 414
287 473
287 1185
288 396
288 577
288 700
288 974
288 1213
288 1586
288 1765
289 705
289 882
289 922
289 1053
289 1457
289 1806
289 1892
290 319
290 1219
290 1222
290 1522
291 426
291 731
291 779
291 1300
291 1695
292 1208
292 1424
292 1459
292 1748
293 371
293 626
293 703
293 937
293 1146
293 1262
293 1599
293 1651
293 1706
293 1869
294 422
294 480
294 726
294 1090
294 1696
294 1842
295 380
295 854
295 925
295 974
295 1007
295 1028
295 1075
295 1166
295 1436
295 1967
296 566
296 720
297 431
297 971
297 1125
297 1424
297 1824
298 475
298 605
298 939
298 1205
298 1551
298 1660
298 1961
299 310
299 387
299 1163
299 1398
299 1657
299 1786
299 1903
299 1919
299 1957
300 312
300 329
300 979
300 1220
300 1401
300 1726
301 930
301 1820
301 1835
302 464
302 482
302 484
302 755
302 810
302 954
302 1049
302 1467
302 1978
303 403
303 429
303 967
303 1902
303 1935
304 778
304 972
304 1125
304 1235
304 1407
304 1551
304 1601
304 1660
304 1690
304 1951
305 499
305 1042
305 1048
305 1140
305 1225
306 567
306 620
306 940
306 1003
306 1254
306 1541
306 1861
307 622
307 726
307 867
308 368
308 484
308 637
308 718
308 879
308 1528
309 727
309 1233
309 1975
310 1047
310 1060
310 1802
311 594
311 1008
311 1022
311 1063
311 1071
311 1188
311 1236
312 569
312 573
312 754
312 1526
312 1762
312 1893
313 384
313 826
313 1096
314 846
314 1268
314 1307
314 1596
315 1070
315 1348
315 1459
316 671
316 701
316 979
316 1118
316 1387
316 1947
317 410
317 833
317 1274
317 1465
317 1935
318 456
318 719
318 722
318 1157
318 1318
318 1627
318 1749
318 1849
318 1929
318 1951
319 897
319 1207
319 1308
319 1374
319 1758
319 1944
320 348
320 525
320 587
320 727
320 865
320 934
320 955
320 1188
320 1621
321 454
321 1224
321 1282
321 1298
321 1330
321 1355
321 1386
321 1645
321 1884
321 1889
321 1944
322 340
322 525
322 1631
322 1946
323 380
323 636
323 768
323 999
323 1214
323 1251
323 1481
323 1613
324 381
324 429
324 1464
324 1596
324 1623
325 1858
326 520
326 763
326 863
326 865
326 993
326 1149
326 1274
326 1384
326 1513
326 1798
326 1807
327 946
327 1032
327 1115
327 1124
327 1134
327 1662
327 1859
328 567
328 783
328 937
328 1077
328 1786
328 1809
329 461
329 862
329 1385
329 1390
329 1392
329 1671
329 1822
329 1858
330 676
330 715
330 925
330 1137
331 379
331 381
331 1157
331 1587
331 1694
331 1851
332 357
332 560
332 718
332 871
332 960
332 1220
332 1566
332 1766
333 810
333 1250
333 1467
333 1985
334 833
334 1060
334 1409
334 1665
335 1842
335 1907
336 515
336 577
336 656
336 661
336 885
336 1160
336 1274
336 1828
337 857
337 1313
337 1399
337 1509
337 1852
338 481
338 1193
338 1410
338 1415
338 1749
339 422
339 725
339 837
339 890
339 1276
339 1301
339 1431
339 1434
339 1442
339 1691
339 1850
340 611
340 1185
340 1490
340 1506
340 1730
340 1917
341 589
341 1078
341 1246
341 1290
341 1327
341 1673
341 1831
341 1964
342 354
342 1470
343 558
343 1006
343 1281
343 1334
343 1352
343 1537
343 1593
344 540
344 657
344 932
344 1458
345 574
345 611
345 653
345 1093
345 1400
345 1521
345 1799
346 428
346 520
346 803
346 1210
346 1240
346 1654
346 1890
346 1985
347 572
347 938
347 993
347 1075
347 1853
348 362
348 660
348 1956
349 930
349 942
349 1048
349 1749
349 1878
349 1881
349 1950
350 1531
350 1653
351 954
352 401
352 1061
352 1154
352 1195
352 1398
353 584
353 697
353 956
353 1255
353 1561
353 1621
354 520
354 882
354 1124
354 1519
354 1592
354 1930
355 868
355 1313
355 1724
355 1743
355 1760
356 653
356 828
356 1938
357 629
357 670
357 723
357 1372
357 1668
357 1710
358 1083
358 1089
358 1173
358 1270
358 1628
358 1676
359 943
359 1045
360 374
360 1017
360 1195
360 1255
360 1920
360 1935
360 1998
361 1671
361 1764
361 1866
361 1926
361 1931
361 1981
362 519
362 635
362 753
362 875
362 904
362 1235
362 1312
362 1339
362 1537
363 367
363 697
363 804
363 1482
364 466
364 698
364 1077
364 1364
364 1902
365 450
365 1235
365 1692
365 1699
365 1998
366 666
366 888
366 928
366 1354
366 1753
366 1812
366 1830
366 1939
367 1026
367 1533
367 1864
368 765
368 1221
368 1470
369 777
369 1041
369 1226
369 1529
370 395
370 645
370 663
371 459
371 482
371 997
371 1049
371 1388
371 1499
371 1930
372 515
372 752
372 1116
372 1117
372 1201
373 377
373 1510
373 1707
373 1986
374 412
374 636
374 779
374 848
374 1285
374 1554
374 1637
374 1935
375 1204
375 1300
375 1942
376 377
376 452
376 617
376 1127
377 429
377 678
378 712
378 795
378 1080
378 1128
378 1217
378 1377
378 1514
379 545
379 703
379 704
379 915
379 1321
379 1915
379 1965
379 1987
380 430
380 575
380 703
380 776
380 957
380 1806
380 1840
381 455
381 1011
381 1662
381 1931
382 647
382 690
382 856
382 944
383 831
383 1387
383 1544
383 1649
383 1666
383 1857
384 447
384 449
384 665
384 757
384 919
384 1218
384 1273
384 1364
384 1586
385 663
385 691
385 789
385 863
385 938
385 1218
385 1426
385 1430
385 1966
386 446
386 699
386 705
386 804
386 1183
386 1390
386 1661
387 730
387 910
387 1122
387 1707
387 1804
388 447
388 502
388 627
388 660
388 745
388 854
388 1002
388 1363
388 1858
389 540
389 564
389 868
389 1157
389 1393
390 552
390 765
390 1009
390 1013
390 1229
390 1232
390 1274
390 1758
391 703
391 1368
391 1723
391 1773
391 1939
391 1962
392 850
392 858
392 1163
392 1830
393 675
393 1268
393 1621
393 1924
394 609
394 978
394 1936
395 557
395 881
395 1099
395 1150
395 1639
395 1960
396 531
396 1151
397 618
397 829
397 962
397 965
397 1073
397 1700
397 1779
397 1902
398 566
398 715
398 1088
398 1226
398 1617
398 1936
399 1044
399 1160
399 1693
399 1783
400 502
400 644
400 692
400 723
400 797
400 897
400 1297
400 1682
400 1885
401 598
401 844
401 1138
401 1272
401 1321
401 1874
402 706
402 870
402 998
402 1040
402 1045
402 1602
403 531
403 967
403 1677
403 1906
404 812
404 1408
404 1727
405 1730
405 1787
406 1056
406 1215
406 1909
407 433
407 1000
407 1045
407 1953
408 655
408 726
408 1038
408 1141
408 1616
408 1667
409 816
409 1078
409 1244
409 1486
409 1773
410 567
410 723
410 750
410 862
410 1093
410 1358
410 1455
410 1663
410 1822
411 427
411 526
411 716
411 1182
412 1106
412 1202
412 1379
412 1543
412 1601
412 1680
413 470
413 623
413 1310
413 1378
413 1463
413 1466
413 1654
413 1671
414 853
414 871
414 1119
414 1308
414 1530
414 1821
414 1928
415 824
415 944
415 1798
415 1820
416 658
416 706
416 864
416 1917
416 1983
417 718
417 794
417 802
417 900
417 1014
417 1055
417 1322
417 1344
417 1879
418 608
418 1253
418 1358
418 1848
418 1883
418 1931
419 577
419 1049
419 1217
419 1433
419 1938
420 601
420 907
420 915
420 998
420 1308
420 1534
420 1856
420 1950
420 1998
421 1112
421 1218
421 1439
421 1641
422 444
422 528
422 1282
422 1872
422 1918
423 629
423 799
423 905
423 1076
423 1213
423 1901
423 1945
424 640
424 929
424 1194
424 1245
424 1320
424 1365
424 1551
425 524
425 563
425 638
425 1476
425 1521
425 1682
425 1709
425 1821
425 1942
426 612
426 829
426 896
426 1187
426 1452
426 1793
427 431
427 570
427 862
427 1003
427 1054
427 1304
427 1348
427 1684
427 1839
428 1006
428 1598
428 1660
428 1894
428 1971
429 547
429 1110
429 1516
429 1525
430 444
430 752
430 945
430 1264
430 1396
431 820
431 1087
431 1453
431 1467
431 1914
432 466
432 537
432 810
432 900
432 1177
432 1313
432 1354
432 1386
432 1792
432 1914
433 467
433 494
433 1172
433 1487
433 1631
433 1814
434 513
434 594
434 652
434 1265
434 1273
434 1746
434 1977
435 1112
435 1118
435 1443
436 1006
436 1441
436 1604
437 724
437 990
437 1040
437 1226
437 1366
437 1492
437 1556
437 1591
437 1954
438 497
438 516
438 711
438 851
438 1328
438 1342
438 1672
438 1677
439 1243
439 1511
439 1797
440 991
440 1031
440 1088
440 1153
440 1159
440 1322
441 555
441 697
441 725
441 883
441 1342
441 1416
441 1883
442 484
442 515
442 688
442 982
442 1969
443 515
443 754
443 1104
443 1365
443 1627
443 1765
444 480
444 701
444 750
444 836
444 1004
444 1097
444 1511
444 1712
445 510
445 1867
446 1021
446 1471
447 1335
447 1538
447 1698
448 471
448 615
448 813
448 851
448 1533
448 1749
449 460
449 803
449 894
449 1012
449 1041
449 1163
449 1442
449 1760
450 554
450 651
450 673
450 682
450 1355
450 1394
450 1814
450 1903
451 452
451 470
451 850
451 1010
451 1018
451 1101
451 1263
451 1336
451 1436
451 1650
452 480
452 1410
452 1468
452 1860
452 1982
453 464
453 852
453 956
453 1056
453 1370
453 1522
453 1849
454 815
454 988
454 1081
454 1588
454 1866
455 1118
455 1410
455 1568
455 1631
455 1886
455 1905
456 701
457 907
457 1575
458 604
458 1275
458 1317
458 1373
458 1400
458 1830
459 480
459 622
459 819
460 644
460 701
460 752
460 1139
460 1309
460 1410
460 1600
460 1815
460 1857
461 744
461 1442
461 1498
462 737
462 778
462 1432
462 1727
463 790
463 905
463 1129
463 1242
463 1244
463 1386
463 1641
464 493
464 941
464 1059
464 1106
464 1130
464 1223
464 1325
465 585
465 682
465 916
465 1027
465 1663
465 1817
465 1888
465 1917
466 523
466 1293
466 1375
466 1386
466 1470
466 1631
466 1687
467 730
467 900
468 945
468 990
468 992
468 1181
468 1256
468 1749
468 1962
468 1976
469 591
469 613
469 832
469 866
469 943
469 1079
469 1242
469 1330
469 1483
469 1861
470 1164
470 1331
471 646
471 1316
471 1901
472 725
472 773
472 1110
472 1114
472 1152
472 1298
472 1453
472 1901
472 1928
473 725
473 1923
474 507
474 1436
474 1640
474 1937
475 613
475 1089
475 1153
475 1661
475 1827
475 1910
476 653
476 1230
476 1421
476 1802
476 1863
477 926
477 1409
477 1662
477 1780
477 1970
478 1340
478 1414
478 1800
479 496
479 599
479 603
479 739
479 749
479 794
479 1168
479 1314
479 1656
479 1671
479 1717
479 1760
479 1862
480 1280
481 747
481 808
481 878
481 1131
481 1699
481 1800
482 496
482 1381
482 1689
482 1949
483 637
483 1014
483 1119
483 1262
483 1308
483 1312
483 1365
483 1635
483 1845
483 1851
484 654
484 714
484 1357
484 1545
485 607
485 1134
485 1230
485 1529
485 1931
486 549
486 1163
486 1657
486 1852
486 1871
487 1625
488 795
488 1059
488 1300
488 1397
488 1616
488 1684
488 1716
489 522
489 1177
489 1204
489 1668
490 617
490 1551
491 756
491 781
491 928
491 954
491 1187
491 1373
491 1438
492 769
492 887
492 1153
492 1316
492 1408
492 1598
492 1812
493 754
493 827
493 916
493 1763
494 609
494 854
494 1413
494 1774
494 1896
495 822
495 1184
495 1250
495 1402
495 1547
495 1594
496 727
496 884
496 996
496 1300
496 1448
496 1885
497 609
497 971
497 1003
497 1396
497 1777
498 593
498 772
498 1067
498 1134
498 1549
498 1694
498 1797
498 1940
499 952
499 1018
499 1769
499 1915
499 1989
500 549
500 1572
500 1917
501 600
501 1644
501 1726
501 1872
502 869
502 997
502 1032
502 1117
502 1448
502 1750
502 1996
503 1825
503 1838
503 1998
504 605
504 885
504 1525
504 1895
505 568
505 651
505 710
505 1204
505 1444
505 1939
506 680
506 698
506 798
506 1573
506 1619
507 652
507 889
507 1003
507 1239
507 1578
507 1697
507 1711
508 564
508 1219
508 1660
508 1911
509 576
509 744
509 1043
509 1121
509 1196
509 1412
509 1595
509 1640
509 1937
510 638
510 856
510 1253
510 1276
510 1289
510 1389
510 1442
510 1510
510 1987
511 605
511 1280
511 1388
511 1414
511 1429
511 1483
511 1673
511 1860
511 1919
511 1923
512 598
512 986
512 1838
512 1909
512 1976
513 1458
513 1504
513 1555
513 1686
513 1917
514 1553
515 652
515 855
515 1938
516 531
516 839
516 1116
516 1697
516 1886
516 1983
517 555
517 868
517 1219
517 1302
517 1654
518 525
518 603
518 765
518 1313
518 1544
518 1890
518 1899
519 639
519 891
519 895
519 1272
520 613
520 1329
520 1364
520 1507
520 1518
521 583
521 792
521 1553
521 1596
521 1738
522 620
522 962
522 1151
522 1437
522 1491
522 1517
523 613
523 1097
523 1279
523 1379
523 1547
524 1761
524 1792
524 1812
525 672
525 826
525 880
525 1439
525 1605
525 1941
526 748
526 1487
527 549
527 932
527 985
527 1216
527 1408
527 1816
528 581
528 752
528 875
528 1193
528 1391
528 1468
528 1534
528 1574
529 1008
529 1080
529 1242
529 1422
529 1429
529 1824
529 1923
529 1959
530 771
530 1373
530 1504
530 1840
531 646
531 860
531 1782
532 1442
532 1475
532 1660
533 578
533 586
533 700
533 1446
533 1487
533 1565
533 1610
533 1726
533 1799
533 1887
534 539
534 550
534 762
534 1834
534 1941
535 583
535 636
535 1029
535 1469
536 565
536 948
536 1010
536 1120
536 1842
537 563
537 1135
537 1238
537 1555
537 1884
538 763
538 871
538 915
538 1165
538 1285
538 1743
538 1796
538 1947
539 789
539 1516
540 834
540 1412
540 1477
540 1521
540 1541
540 1929
540 1934
541 1128
541 1287
541 1296
541 1638
541 1780
541 1816
542 1107
542 1221
542 1405
542 1682
543 595
543 1429
543 1542
543 1588
543 1917
544 748
544 1721
544 1793
544 1843
544 1850
544 1962
545 605
545 782
545 792
545 1419
545 1435
545 1548
546 890
546 1060
546 1236
546 1366
546 1630
546 1717
547 647
547 1035
547 1299
547 1443
547 1541
547 1764
547 1838
548 852
548 902
548 945
548 1030
548 1157
548 1245
548 1478
548 1891
549 658
549 808
549 822
549 1252
549 1445
550 588
550 913
550 1129
550 1174
550 1452
551 913
551 937
551 1007
551 1181
551 1703
551 1941
552 1174
552 1526
552 1910
553 719
553 875
553 1425
553 1639
554 635
554 986
554 1754
555 714
555 728
555 852
555 1000
555 1304
555 1479
555 1591
556 1118
556 1611
556 1663
556 1785
556 1827
557 1215
558 741
558 901
558 938
558 1117
558 1159
558 1480
558 1628
559 663
559 763
559 926
559 1852
559 1970
560 812
560 874
560 1321
560 1340
561 646
561 723
561 963
561 1049
561 1075
561 1284
561 1401
561 1428
561 1687
561 1873
562 624
562 708
562 1559
562 1865
563 807
563 1258
563 1856
564 818
564 1449
564 1510
564 1521
564 1588
565 611
565 790
565 818
565 1092
565 1144
565 1427
565 1662
566 1541
566 1556
566 1587
566 1910
567 670
567 685
567 835
567 963
567 1519
567 1744
567 1873
568 727
568 833
568 989
568 1028
569 605
569 910
569 927
569 1205
570 1002
570 1040
570 1220
570 1270
570 1357
570 1639
571 612
571 839
571 915
571 1847
572 1642
572 1649
572 1794
572 1805
572 1917
573 760
573 1381
573 1945
574 1020
574 1419
574 1742
574 1811
575 1227
575 1403
575 1500
575 1695
575 1854
576 735
576 1050
576 1292
576 1553
576 1982
577 621
577 710
577 763
577 791
577 804
577 1933
577 1995
578 835
578 1158
578 1439
578 1988
579 761
579 776
579 781
579 1596
579 1760
579 1837
580 820
580 1227
580 1378
580 1417
580 1516
580 1874
581 603
581 1000
581 1136
581 1437
581 1554
581 1848
581 1915
582 1836
583 1029
583 1065
583 1248
583 1346
583 1519
583 1565
583 1751
583 1791
584 627
584 726
584 821
584 974
584 1265
584 1357
584 1967
585 708
585 873
585 1409
585 1704
586 805
586 1296
586 1483
586 1765
587 644
587 758
587 838
587 984
587 1269
587 1365
587 1428
587 1443
587 1661
587 1774
587 1776
588 601
588 892
588 1011
588 1300
588 1383
588 1509
588 1669
589 648
589 813
589 1180
589 1191
589 1307
589 1608
589 1896
590 704
590 1392
590 1541
591 673
591 1241
592 654
592 782
592 1155
592 1342
592 1614
592 1804
592 1805
592 1843
593 971
593 985
593 1057
593 1586
593 1669
594 597
594 709
594 813
594 1383
594 1790
594 1824
594 1901
594 1930
595 818
595 1411
595 1488
596 880
596 1366
596 1531
596 1652
596 1887
597 612
597 660
597 904
597 961
597 1626
597 1865
598 1557
598 1607
598 1672
598 1865
598 1938
599 731
599 750
599 1058
599 1113
599 1630
599 1715
599 1808
600 795
600 1177
600 1517
600 1664
601 949
601 1135
601 1400
601 1860
601 1987
602 810
602 1331
602 1574
602 1581
602 1823
603 1125
603 1462
603 1466
603 1614
603 1836
603 1858
603 1949
603 2000
604 640
605 673
605 844
605 896
605 1982
606 609
606 731
606 972
606 1018
606 1565
606 1566
606 1786
607 994
607 1241
607 1891
608 970
608 999
608 1283
608 1760
608 1789
609 667
609 836
609 1284
609 1348
609 1430
609 1521
609 1892
610 725
610 1013
610 1045
610 1977
610 1984
611 1017
611 1790
611 1904
612 1092
612 1305
612 1487
612 1560
612 1953
613 639
613 645
613 1029
613 1261
613 1308
613 1565
613 1592
614 932
614 940
614 1078
614 1141
614 1197
614 1518
614 1899
614 1991
615 637
615 1285
615 1595
615 1641
615 1863
615 1990
616 782
616 813
616 859
616 958
616 1120
616 1408
616 1675
616 1896
617 655
617 1237
617 1400
617 1624
618 1969
619 985
619 1196
619 1441
619 1722
619 1810
619 1812
619 1870
620 793
620 1426
620 1524
621 1151
621 1189
621 1427
621 1968
622 687
622 1923
622 1993
623 1586
624 975
624 1118
624 1443
624 1657
624 1768
624 1933
625 1179
625 1298
625 1303
625 1781
625 1898
626 802
626 1086
626 1277
626 1495
626 1523
626 1650
627 630
627 770
627 1223
628 681
628 885
628 960
628 1025
628 1778
629 1333
629 1519
629 1598
630 762
630 947
630 1480
630 1552
631 847
631 1305
631 1543
631 1641
631 1779
631 1855
632 809
632 948
632 1088
632 1133
632 1197
632 1460
633 1339
633 1565
633 1642
634 1155
634 1726
634 1821
635 1122
635 1308
635 1544
635 1665
635 1692
635 1863
636 749
636 986
636 1282
636 1703
637 638
637 679
637 699
637 1315
637 1952
638 833
638 1564
638 1615
638 1780
638 1797
638 1824
639 1099
639 1678
639 1759
639 1788
640 753
640 916
640 1237
640 1267
640 1491
640 1679
641 842
641 1017
641 1283
641 1859
641 1941
642 1616
642 1681
642 1840
643 954
643 1000
643 1787
644 733
644 947
644 997
644 1055
644 1239
644 1564
644 1744
644 1880
645 1125
645 1153
645 1278
645 1606
645 1940
646 817
646 823
646 1254
646 1474
647 662
647 872
647 1076
647 1393
647 1442
648 782
648 1258
648 1305
648 1334
648 1458
648 1778
648 1941
648 1972
649 753
649 758
649 1182
649 1870
649 1985
650 751
650 832
650 1832
651 913
651 1675
651 1951
652 744
652 1035
652 1318
652 1505
652 1848
652 1906
653 748
653 778
653 858
653 1326
653 1750
654 693
654 966
654 971
654 1479
654 1573
654 1698
654 1880
655 1034
655 1482
655 1630
655 1854
656 754
656 827
656 842
656 894
656 1076
657 1047
657 1301
657 1434
657 1456
657 1597
657 1820
657 1923
659 1300
659 1744
660 1765
660 1889
661 999
661 1261
661 1528
662 937
662 987
662 1498
662 1536
662 1724
662 1732
662 1877
662 1927
663 1211
664 1081
664 1241
664 1636
664 1991
665 814
665 1509
665 1749
666 1148
666 1158
666 1426
666 1685
666 1688
667 746
667 1527
668 683
668 913
668 1400
668 1620
668 1810
668 1869
668 1883
669 812
669 1047
669 1264
669 1402
670 981
670 1007
670 1394
670 1411
670 1538
670 1627
670 1788
671 689
671 1181
671 1758
672 863
672 879
672 1518
672 1542
673 705
674 936
674 952
674 1911
675 808
675 993
675 1009
675 1180
675 1252
675 1495
675 1672
676 953
676 1783
676 1828
676 1895
676 1926
677 1002
677 1277
677 1396
678 730
678 787
678 1475
678 1867
679 793
679 851
679 910
679 1078
679 1090
679 1772
680 1121
681 730
681 818
681 956
681 1142
681 1244
681 1423
681 1926
682 993
682 1081
682 1225
682 1245
682 1529
682 1841
683 737
683 1485
683 1630
683 1651
683 1820
683 1860
684 1290
684 1438
684 1872
684 1983
685 812
685 949
685 1316
685 1518
685 1576
686 691
686 847
686 1206
686 1620
687 1048
687 1211
687 1230
687 1712
688 1128
688 1181
688 1358
689 872
689 1090
689 1116
689 1212
689 1625
690 916
690 1051
690 1223
690 1247
690 1660
691 1372
691 1893
692 1294
692 1308
693 1141
693 1163
693 1289
693 1371
693 1395
693 1656
694 961
694 1562
694 1707
694 1783
694 1855
694 1954
695 792
695 894
695 1181
695 1325
695 1331
695 1483
696 821
696 1400
696 1679
697 820
697 1139
697 1215
697 1357
697 1616
697 1709
697 1850
698 750
698 885
698 904
698 1353
698 1630
699 1017
699 1238
699 1463
699 1479
699 1493
699 1947
700 1198
700 1515
701 1063
701 1117
701 1147
701 1210
702 1002
702 1202
702 1226
702 1382
702 1615
702 1655
702 1684
702 1685
703 1264
703 1835
703 1908
704 871
704 914
704 1425
704 1649
704 1918
705 1091
705 1512
705 1713
705 1901
706 771
706 871
706 1048
706 1272
706 1314
706 1818
707 1124
707 1204
707 1437
707 1447
707 1605
708 711
708 964
708 1078
708 1151
708 1246
709 836
709 1023
709 1037
709 1082
709 1237
709 1696
709 1869
709 1891
710 979
710 1025
710 1705
711 854
711 927
711 947
711 1031
711 1122
711 1357
711 1637
711 1838
712 826
712 957
712 1448
712 1621
712 1763
712 1979
713 816
713 952
713 1019
713 1144
713 1385
713 1619
713 1634
713 1913
714 974
714 1267
714 1427
715 745
715 867
715 921
715 939
715 1616
715 1644
715 1758
715 1987
716 756
716 1302
716 1434
716 1821
716 1952
717 1090
717 1195
717 1894
718 847
718 992
718 1168
718 1289
718 1399
718 1467
718 1828
719 988
719 1244
719 1410
719 1502
719 1727
720 766
720 941
720 949
720 952
720 1868
720 1878
721 1112
721 1114
721 1195
721 1467
721 1955
721 1970
722 1010
722 1775
723 952
723 1234
723 1419
724 1068
724 1369
724 1618
724 1893
725 1499
725 1679
725 1766
726 816
726 1184
727 805
727 1566
727 1666
727 1837
728 768
728 1147
728 1177
728 1410
729 1089
729 1523
729 1929
730 880
730 1191
730 1277
730 1341
730 1395
730 1585
730 1677
730 1936
730 1970
731 1002
731 1980
732 1583
732 1722
733 798
733 1306
733 1338
733 1734
734 849
734 948
734 1087
734 1211
734 1286
734 1707
735 754
735 802
735 1736
735 1810
736 808
736 871
736 1209
736 1748
736 1814
737 831
737 935
737 1323
737 1468
738 816
738 1077
738 1281
738 1707
738 1817
738 1929
739 949
739 978
739 1250
739 1361
739 1651
739 1827
739 1923
739 1924
740 977
740 1817
740 1984
741 797
742 1081
743 1543
743 1962
744 1005
744 1193
744 1449
744 1514
744 1759
744 1846
744 1860
745 866
745 1445
745 1568
746 781
746 825
746 916
746 957
746 1555
746 1865
746 1914
747 1423
748 862
748 934
748 1055
748 1070
748 1091
748 1429
748 1915
748 1988
749 956
749 1197
749 1220
749 1453
750 988
750 1079
750 1095
750 1365
751 885
751 1491
751 1705
751 1923
752 771
752 903
752 1061
752 1354
752 1698
752 1784
752 1835
752 1997
753 968
753 1249
753 1481
753 1485
754 941
754 1524
755 1060
755 1741
755 1757
755 1962
756 1034
756 1418
756 1589
756 1719
757 796
757 1316
757 1341
757 1549
757 1552
757 1843
758 987
758 1644
758 1762
759 922
759 980
759 1191
759 1198
759 1495
759 1510
759 1617
759 1725
759 1822
760 967
760 1263
760 1316
760 1407
761 1355
761 1452
761 1864
762 1113
762 1693
762 1885
763 1148
764 902
764 977
764 1042
764 1113
764 1331
764 1730
764 1836
765 1137
765 1403
766 1264
766 1427
766 1822
766 1990
767 853
767 1077
767 1440
767 1706
767 1906
767 1917
767 1991
768 814
768 898
768 1228
768 1636
769 817
769 1097
769 1155
769 1364
769 1433
769 1903
770 1584
771 1229
772 939
772 996
772 1321
772 1994
773 809
773 890
773 1438
773 1664
773 1687
774 1318
774 1412
775 918
775 1120
775 1219
775 1932
776 865
776 1139
776 1259
776 1263
776 1553
777 795
777 1592
777 1631
778 960
778 1163
778 1528
779 1655
779 1711
779 1968
780 1239
780 1442
781 1237
781 1464
781 1573
781 1951
782 914
782 1626
782 1672
782 1678
783 1574
783 1607
783 1731
783 1897
784 1192
784 1224
784 1482
784 1937
785 1492
785 1651
785 1781
786 1072
786 1268
786 1371
786 1499
786 1529
786 1612
787 957
787 1133
787 1781
788 792
788 797
788 1125
788 1695
789 836
789 865
789 893
789 1171
789 1274
789 1548
789 1614
789 1645
789 1855
790 1097
790 1253
790 1399
790 1844
790 1852
791 808
791 850
791 964
791 987
791 1768
792 965
792 1158
792 1366
792 1430
792 1455
792 1530
792 1746
792 1799
793 802
793 1533
793 1546
793 1705
793 1943
794 1016
794 1130
794 1134
794 1192
794 1370
794 1848
795 900
795 1098
795 1371
795 1792
796 1166
796 1171
797 1441
797 1537
797 1546
797 1824
797 1863
798 1223
798 1503
798 1651
798 1836
799 964
799 1634
799 1652
799 1811
800 1170
800 1853
800 1953
800 1975
801 806
801 1080
801 1467
802 824
802 1312
802 1377
802 1444
802 1473
802 1609
802 1750
802 1860
802 1960
803 901
803 1346
803 1681
803 1879
804 964
804 976
804 1140
804 1262
804 1404
804 1604
804 1863
804 1925
805 899
805 1135
805 1138
805 1808
806 959
806 1061
806 1396
806 1432
807 981
807 1512
807 1987
808 910
808 1114
808 1471
808 1491
808 1562
808 1898
808 1986
809 1196
809 1286
809 1659
809 1993
810 863
810 1164
810 1286
810 1805
811 980
811 1396
811 1577
811 1947
811 1966
812 971
812 1022
812 1726
813 852
813 1588
813 1646
814 1215
814 1882
814 1912
814 1945
815 969
815 1193
815 1200
816 1034
816 1128
816 1138
816 1290
816 1569
816 1895
817 962
817 1512
817 1581
817 1721
818 1153
818 1392
818 1592
818 1784
819 906
819 1008
819 1301
819 1570
819 1703
820 928
820 1194
820 1273
820 1390
820 1694
821 1444
821 1573
821 1708
822 836
822 891
822 1599
823 1006
823 1317
823 1325
823 1362
823 1927
823 2000
824 846
824 1479
824 1631
824 1818
824 1979
825 992
825 1092
825 1602
826 867
826 1476
826 1521
827 1029
827 1039
827 1421
827 1805
827 1881
827 1959
827 1992
828 1418
828 1606
828 1979
829 924
829 1685
830 1211
830 1244
830 1337
830 1699
830 1956
831 1109
831 1231
832 1003
832 1009
832 1147
832 1334
833 1342
833 1397
833 1512
833 1674
834 1766
835 896
835 1378
835 1451
835 1555
835 1634
835 1995
836 893
836 1027
836 1631
836 1811
837 1504
837 1525
837 1721
837 1817
838 858
838 1435
838 1579
838 1613
838 1780
838 1902
839 969
839 1062
839 1160
839 1519
839 1568
839 1663
840 1258
840 1718
840 1935
841 1119
841 1387
841 1787
842 966
842 1755
842 1889
842 1921
842 1966
843 869
843 1140
843 1342
843 1868
843 1962
844 1003
844 1014
844 1589
844 1617
844 1746
845 973
845 1147
845 1209
845 1748
846 902
846 1204
846 1211
846 1325
846 1635
846 1661
846 1701
847 851
847 925
847 975
847 1243
847 1271
847 1288
847 1487
847 1536
847 1556
848 862
848 953
848 1095
848 1145
848 1819
850 939
850 1055
850 1700
850 1862
850 1902
850 1966
850 1984
851 917
851 1194
851 1268
851 1654
851 1831
851 1832
852 951
852 1228
852 1385
852 1684
852 1693
852 1718
852 1936
853 1051
853 1300
853 1303
853 1553
853 1606
854 1162
854 1391
854 1437
854 1478
854 1551
854 1664
855 917
855 1001
855 1131
855 1316
856 891
856 1128
856 1399
856 1453
856 1540
856 1766
857 988
857 1100
857 1426
857 1680
858 1922
859 1564
860 1662
860 1845
860 1847
861 1092
861 1318
862 901
862 1697
862 1787
863 916
863 1020
863 1070
863 1154
863 1272
863 1290
863 1638
863 1933
864 1009
864 1376
864 1388
864 1406
864 1606
864 1768
864 1959
864 1995
865 1202
865 1311
866 877
866 964
866 1102
866 1786
867 1219
867 1325
867 1631
867 1859
868 888
868 1040
869 1058
869 1104
869 1230
869 1244
869 1578
870 1079
870 1129
870 1241
870 1927
871 1131
871 1494
871 1529
871 1539
872 1266
872 1327
872 1619
872 1688
873 1178
873 1611
873 1780
873 1906
874 1420
874 1679
874 1965
875 1630
876 1438
876 1485
876 1728
876 1878
877 974
877 1473
877 1886
878 966
878 1167
878 1493
879 1083
879 1388
879 1641
879 1857
879 1875
880 943
880 1191
880 1237
880 1758
880 1790
881 907
881 983
881 1071
881 1707
881 1812
882 1310
882 1399
882 1440
882 1641
883 1048
883 1067
883 1387
883 1436
884 1270
884 1321
884 1553
884 1928
885 1217
885 1390
885 1531
885 1577
885 1674
886 1009
886 1322
886 1616
887 1000
887 1077
887 1100
887 1440
888 1105
888 1219
888 1493
888 1625
889 1346
890 1219
890 1338
890 1475
891 1047
891 1268
891 1683
891 1977
892 1196
892 1742
892 1933
893 1323
893 1628
893 1664
893 1736
894 1011
895 944
895 1276
895 1671
895 1986
896 1077
896 1188
896 1265
896 1405
896 1416
897 942
897 1686
898 906
898 1396
898 1739
898 1825
899 1063
899 1499
899 1658
899 1925
900 1300
900 1444
900 1599
900 1653
900 1839
900 1941
901 981
901 1033
902 1032
902 1292
902 1401
902 1456
902 1543
902 1544
902 1846
902 1867
903 1381
903 1768
903 1856
903 1943
904 988
904 1045
904 1166
904 1457
904 1872
904 1934
905 1339
905 1522
905 1530
905 1654
905 1663
906 1188
906 1239
907 1114
907 1330
908 1132
908 1184
908 1458
908 1593
908 1846
909 1589
909 1592
909 1605
910 926
910 1251
910 1350
910 1611
910 1908
911 1769
912 1199
912 1322
912 1514
912 1678
912 1873
913 1072
913 1913
913 1943
914 927
914 1213
914 1572
914 1692
915 1000
915 1604
916 994
916 1031
916 1146
916 1156
916 1373
916 1705
916 1734
916 1738
917 1041
917 1200
917 1218
917 1341
917 1511
917 1912
917 1961
918 994
918 1043
918 1160
918 1295
918 1694
919 1428
920 935
920 987
920 1199
920 1598
920 1738
920 1832
920 1921
921 983
921 1186
922 984
922 1485
922 1678
924 984
925 1013
925 1114
925 1597
925 1849
926 967
926 1117
926 1221
926 1495
926 1635
927 989
927 1132
927 1606
927 1923
928 984
928 1193
928 1241
928 1787
928 1872
929 1214
929 1223
929 1842
929 1866
930 934
930 1124
930 1417
930 1612
930 1692
930 1756
931 939
931 1196
931 1273
931 1423
932 1713
933 1022
933 1357
933 1660
933 1785
934 1155
934 1672
934 1889
934 1894
934 1968
935 989
935 1117
935 1261
935 1282
935 1403
935 1751
935 1919
936 1692
937 1149
937 1241
937 1392
937 1550
937 1906
938 964
938 1190
938 1438
938 1966
939 1018
939 1099
939 1228
939 1392
939 1566
939 1778
940 1287
940 1998
941 977
941 1739
942 1434
942 1685
942 1737
942 1740
942 1860
943 1430
943 1453
944 1728
944 1777
944 1876
944 1963
945 1299
945 1433
945 1754
945 1906
945 1908
946 998
946 1127
946 1730
946 1796
947 1194
947 1553
947 1581
948 1109
948 1613
948 1615
948 1919
949 1392
949 1575
949 1800
950 1002
950 1361
950 1787
951 1098
951 1115
951 1147
951 1336
951 1378
951 1404
951 1607
951 1922
952 1320
952 1332
952 1438
952 1461
952 1515
952 1559
953 967
953 1288
953 1303
953 1681
954 1188
954 1570
954 1596
954 1753
955 1099
955 1625
955 1834
956 1514
956 1771
956 1824
957 1103
957 1658
957 1760
958 1398
958 1427
958 1552
958 1784
958 1863
959 1239
959 1607
959 1661
960 1524
960 1727
960 1900
961 994
961 1977
962 1288
962 1465
962 1657
963 1197
963 1341
963 1401
963 1510
963 1936
964 1709
965 1028
965 1151
965 1307
966 1023
966 1040
966 1803
967 1288
967 1292
967 1584
968 1684
968 1722
969 1061
969 1553
970 1169
971 1048
971 1631
971 1662
971 1994
972 1049
972 1638
972 1742
972 1949
973 1258
973 1415
973 1457
973 1659
973 1935
974 1094
974 1758
974 1864
975 1000
975 1054
975 1689
975 1714
976 1656
976 1713
976 1899
976 1922
977 1008
977 1420
977 1782
978 1178
978 1569
978 1703
980 1553
980 1803
981 1001
981 1156
981 1789
982 1042
982 1492
982 1531
982 1625
982 1633
982 1736
982 1854
982 1995
983 1089
983 1279
983 1406
983 1432
984 1113
984 1967
985 1331
985 1552
986 1539
986 1571
986 1898
986 1973
986 1985
987 1214
987 1263
987 1883
988 1063
988 1937
989 1076
989 1312
990 1645
991 1728
991 1895
991 1968
992 1045
992 1221
992 1280
992 1607
992 1694
993 1211
993 1318
993 1715
994 1025
994 1078
994 1259
994 1553
994 1833
995 1576
995 1814
995 1989
996 1046
996 1205
996 1645
996 1705
997 1101
997 1565
997 1620
997 1658
997 1707
997 1959
998 1169
998 1237
998 1348
998 1350
998 1404
999 1104
1000 1091
1000 1282
1000 1399
1000 1508
1000 1729
1000 1917
1001 1096
1001 1888
1001 1969
1001 1980
1002 1363
1002 1588
1003 1353
1003 1656
1004 1460
1004 1670
1004 1849
1005 1321
1005 1433
1005 1447
1005 1716
1005 1853
1005 1923
1007 1402
1007 1715
1007 1911
1008 1354
1008 1500
1008 1582
1008 1964
1009 1290
1009 1489
1009 1760
1009 1875
1009 1911
1010 1348
1010 1729
1010 1747
1010 1979
1011 1142
1011 1227
1011 1387
1011 1804
1012 1375
1012 1945
1013 1180
1013 1349
1013 1529
1013 1961
1014 1380
1014 1389
1014 1445
1014 1753
1014 1840
1015 1444
1015 1674
1015 1678
1015 1767
1016 1560
1016 1852
1017 1336
1018 1027
1018 1373
1018 1517
1018 1690
1019 1572
1019 1660
1019 1886
1019 1922
1019 1944
1020 1249
1020 1289
1020 1292
1020 1897
1021 1140
1021 1964
1022 1198
1022 1331
1022 1413
1022 1654
1022 1711
1022 1730
1023 1155
1023 1674
1023 1816
1024 1164
1024 1571
1024 1943
1024 1970
1025 1202
1025 1693
1026 1037
1026 1211
1026 1292
1026 1351
1026 1415
1027 1374
1028 1289
1028 1416
1028 1640
1029 1572
1029 1719
1029 1765
1030 1077
1030 1129
1030 1345
1030 1617
1030 1994
1031 1223
1031 1266
1031 1482
1031 1705
1031 1710
1032 1217
1033 1044
1033 1137
1033 1142
1033 1194
1033 1382
1033 1985
1034 1219
1034 1221
1034 1514
1034 1537
1034 1829
1034 1893
1034 1898
1034 1978
1035 1357
1035 1387
1035 1400
1035 1664
1035 1823
1036 1127
1036 1152
1036 1353
1036 1393
1036 1437
1036 1473
1036 1625
1036 1668
1037 1712
1037 1895
1038 1161
1038 1385
1038 1807
1039 1046
1039 1129
1039 1300
1040 1337
1040 1428
1040 1661
1040 1740
1040 1848
1040 1891
1041 1233
1041 1453
1041 1467
1041 1601
1041 1959
1042 1071
1042 1700
1042 1919
1042 1953
1043 1890
1043 1905
1044 1255
1044 1522
1044 1608
1044 1905
1045 1147
1045 1430
1046 1088
1046 1238
1046 1683
1046 1919
1046 1946
1046 1961
1047 1763
1047 1991
1048 1334
1048 1522
1048 1963
1049 1670
1049 1773
1049 1888
1049 1950
1050 1362
1050 1566
1050 1671
1050 1966
1051 1161
1051 1177
1051 1207
1051 1325
1052 1230
1052 1376
1052 1480
1052 1713
1053 1478
1053 1741
1054 1972
1055 1084
1055 1090
1055 1133
1055 1217
1056 1198
1056 1862
1056 1959
1056 1966
1057 1169
1057 1259
1057 1418
1057 1446
1057 1804
1057 1825
1058 1070
1058 1529
1058 1531
1058 1827
1058 1974
1059 1082
1060 1740
1060 1920
1060 1923
1061 1165
1062 1707
1062 1850
1063 1311
1063 1970
1064 1828
1064 1880
1064 1937
1065 1074
1065 1476
1065 1516
1065 1845
1066 1495
1066 1605
1066 1760
1067 1264
1067 1330
1067 1713
1067 1962
1068 1203
1068 1628
1068 1726
1068 1794
1068 1940
1068 1950
1069 1362
1069 1505
1069 1671
1069 1832
1069 1958
1070 1093
1070 1293
1070 1929
1071 1232
1071 1629
1071 1665
1071 1812
1072 1137
1073 1306
1073 1348
1073 1873
1074 1690
1075 1445
1075 1709
1075 1733
1076 1371
1076 1976
1077 1262
1077 1526
1078 1599
1078 1651
1079 1355
1079 1737
1079 1791
1081 1559
1081 1976
1082 1230
1082 1281
1082 1385
1082 1477
1082 1638
1082 1804
1083 1518
1084 1298
1084 1404
1084 1465
1084 1720
1084 1780
1085 1113
1085 1234
1085 1461
1085 1469
1085 1491
1085 1508
1085 1514
1086 1654
1086 1670
1086 1755
1087 1422
1087 1530
1087 1773
1087 1943
1088 1413
1089 1736
1090 1643
1091 1093
1091 1309
1091 1400
1091 1616
1092 1404
1092 1576
1093 1096
1093 1116
1093 1119
1093 1136
1093 1326
1093 1565
1094 1271
1094 1422
1094 1540
1094 1590
1095 1101
1095 1335
1095 1535
1096 1103
1096 1116
1096 1413
1097 1252
1097 1259
1097 1437
1097 1869
1098 1182
1098 1470
1098 1593
1098 1815
1099 1547
1099 1875
1101 1592
1102 1408
1102 1494
1102 1546
1102 1782
1103 1406
1103 1440
1103 1726
1104 1519
1104 1781
1104 1866
1105 1171
1105 1722
1105 1741
1106 1188
1106 1372
1106 1553
1106 1833
1107 1318
1107 1338
1108 1473
1108 1486
1108 1611
1108 1665
1108 1879
1109 1604
1110 1881
1110 1976
1112 1342
1112 1407
1112 1622
1112 1696
1112 1819
1113 1463
1113 1643
1113 1726
1113 1859
1113 1989
1114 1117
1114 1181
1114 1695
1114 1893
1115 1230
1115 1274
1115 1538
1115 1568
1115 1751
1116 1350
1116 1751
1116 1957
1117 1499
1117 1923
1118 1682
1119 1147
1119 1513
1119 1550
1119 1571
1119 1649
1119 1730
1119 1896
1120 1231
1121 1224
1122 1549
1122 1650
1122 1752
1123 1186
1123 1541
1123 1698
1124 1199
1124 1329
1124 1419
1125 1401
1126 1224
1126 1614
1126 1743
1126 1921
1126 1934
1127 1272
1127 1664
1127 1693
1128 1411
1129 1377
1129 1803
1129 1829
1129 1916
1130 1706
1131 1422
1131 1530
1131 1989
1132 1369
1132 1570
1132 1801
1133 1411
1133 1799
1133 1908
1134 1232
1134 1355
1134 1466
1134 1622
1134 1901
1134 1941
1135 1227
1135 1576
1135 1816
1136 1275
1136 1776
1137 1630
1137 1669
1137 1791
1137 1881
1137 1883
1137 1898
1137 1935
1138 1446
1138 1463
1138 1481
1139 1362
1139 1962
1140 1225
1140 1309
1140 1978
1141 1275
1141 1313
1141 1342
1142 1318
1142 1528
1142 1679
1142 1771
1142 1795
1142 1952
1143 1196
1143 1201
1143 1210
1143 1406
1143 1451
1143 1923
1144 1145
1144 1206
1144 1231
1144 1510
1144 1531
1144 1536
1144 1541
1144 1899
1144 1913
1144 1924
1145 1384
1145 1504
1145 1684
1146 1264
1146 1419
1146 1420
1146 1432
1146 1482
1146 1599
1146 1965
1147 1205
1147 1240
1147 1488
1147 1915
1148 1678
1148 1933
1149 1359
1149 1419
1149 1974
1149 1994
1150 1314
1150 1411
1150 1680
1151 1187
1151 1441
1151 1514
1151 1821
1151 1864
1152 1298
1152 1322
1152 1648
1152 1755
1152 1855
1152 1904
1153 1171
1153 1297
1153 1308
1153 1388
1153 1403
1154 1187
1154 1420
1154 1438
1155 1463
1155 1617
1155 1861
1156 1158
1156 1164
1156 1699
1156 1728
1156 1779
1157 1438
1157 1816
1157 1834
1158 1415
1158 1556
1158 1620
1158 1799
1159 1188
1159 1490
1159 1598
1159 1750
1160 1402
1160 1840
1163 1200
1163 1214
1163 1335
1163 1794
1163 1985
1164 1259
1164 1869
1165 1451
1166 1427
1166 1574
1167 1505
1168 1738
1168 1931
1169 1221
1169 1610
1170 1643
1170 1998
1171 1381
1171 1419
1171 1899
1171 1996
1172 1704
1172 1730
1172 1867
1173 1256
1173 1389
1173 1456
1173 1560
1173 1597
1173 1649
1173 1663
1174 1401
1174 1488
1174 1717
1174 1847
1174 1899
1174 1956
1175 1376
1175 1565
1175 1571
1175 1850
1176 1233
1176 1843
1177 1275
1177 1455
1177 1754
1178 1339
1179 1450
1179 1848
1179 1917
1179 1970
1180 1330
1180 1538
1180 1762
1180 1868
1180 1959
1180 1980
1181 1290
1181 1484
1181 1553
1182 1183
1182 1203
1182 1620
1182 1656
1182 1733
1183 1543
1183 1625
1183 1840
1184 1427
1184 1440
1184 1829
1184 1914
1185 1739
1185 1807
1185 1858
1185 1936
1185 2000
1186 1438
1186 1553
1186 1562
1186 1940
1187 1526
1187 1715
1187 1761
1187 1795
1188 1189
1188 1319
1188 1465
1188 1561
1189 1466
1189 1569
1189 1651
1189 1901
1190 1643
1191 1327
1191 1341
1191 1634
1191 1911
1192 1505
1192 1699
1192 1769
1192 1933
1193 1822
1193 1945
1194 1494
1194 1560
1194 1901
1195 1275
1195 1419
1195 1818
1196 1375
1196 1404
1196 1771
1196 1781
1196 1895
1197 1260
1197 1283
1197 1774
1198 1754
1199 1774
1199 1929
1200 1257
1200 1457
1200 1533
1201 1227
1201 1458
1201 1549
1201 1913
1201 1937
1201 1971
1202 1260
1202 1423
1202 1923
1203 1368
1204 1477
1204 1962
1205 1392
1205 1568
1205 1617
1206 1259
1206 1396
1206 1916
1207 1342
1207 1500
1207 1713
1208 1732
1208 1856
1208 1918
1209 1392
1209 1612
1209 1627
1210 1399
1210 1497
1210 1582
1211 1993
1212 1256
1212 1321
1212 1387
1212 1397
1212 1560
1212 1768
1213 1486
1213 1709
1214 1365
1215 1264
1215 1362
1215 1795
1215 1978
1216 1412
1216 1433
1217 1293
1217 1885
1217 1917
1218 1252
1218 1566
1218 1835
1218 1933
1218 1970
1219 1867
1220 1334
1220 1889
1220 1918
1221 1718
1221 1737
1221 1749
1222 1307
1222 1889
1223 1376
1226 1406
1226 1436
1226 1438
1226 1500
1226 1897
1227 1287
1227 1469
1228 1574
1228 1608
1228 1686
1228 1778
1228 1859
1228 1968
1230 1259
1230 1350
1230 1386
1230 1510
1230 1582
1231 1507
1231 1647
1232 1630
1232 1636
1232 1906
1233 1913
1233 1932
1234 1830
1235 1615
1235 1704
1235 1738
1236 1554
1237 1433
1237 1524
1237 1661
1237 1695
1237 1787
1237 1831
1238 1266
1238 1592
1238 1692
1239 1607
1241 1255
1241 1300
1241 1568
1241 1574
1241 1602
1241 1865
1241 1952
1242 1260
1242 1662
1243 1266
1243 1648
1243 1673
1244 1824
1244 1897
1244 1983
1245 1528
1245 1795
1245 1978
1246 1423
1246 1913
1246 1996
1247 1359
1247 1375
1247 1710
1247 1846
1248 1271
1248 1485
1249 1527
1249 1607
1249 1682
1250 1422
1250 1525
1250 1544
1250 1838
1251 1519
1251 1644
1251 1690
1251 1732
1251 1765
1251 1889
1252 1442
1252 1487
1252 1515
1252 1912
1253 1281
1253 1439
1253 1468
1253 1686
1253 1865
1253 1925
1253 1944
1254 1880
1255 1303
1255 1357
1255 1474
1255 1853
1256 1341
1256 1428
1257 1269
1257 1598
1258 1508
1259 1436
1259 1601
1259 1890
1260 1617
1261 1708
1262 1451
1262 1461
1262 1601
1262 1858
1262 1867
1263 1360
1263 1437
1263 1629
1263 1854
1264 1272
1264 1340
1264 1631
1264 1694
1265 1499
1267 1726
1268 1617
1268 1624
1268 1939
1269 1716
1269 1904
1270 1320
1270 1717
1270 1791
1270 1958
1271 1684
1271 1960
1272 1523
1272 1975
1273 1481
1273 1588
1273 1984
1275 1351
1276 1292
1276 1359
1276 1368
1276 1446
1276 1620
1276 1923
1277 1301
1277 1724
1278 1686
1278 1702
1278 1723
1279 1421
1279 1426
1280 1495
1280 1809
1281 1477
1281 1711
1282 1395
1282 1594
1283 1290
1283 1433
1283 1537
1283 1860
1284 1758
1284 1993
1285 1729
1285 1806
1286 1605
1286 1709
1287 1299
1287 1594
1287 1954
1288 1440
1288 1443
1288 1801
1289 1502
1289 1581
1289 1794
1289 1887
1290 1541
1290 1627
1290 1809
1290 1853
1292 1544
1293 1773
1293 1831
1294 1524
1294 1911
1295 1924
1296 1505
1296 1510
1296 1828
1297 1314
1297 1698
1299 1416
1299 1469
1299 1536
1299 1583
1299 1759
1299 1998
1300 1714
1300 1794
1301 1515
1301 1673
1301 1923
1301 1958
1302 1312
1302 1328
1302 1582
1303 1371
1303 1843
1304 1532
1305 1419
1305 1580
1305 1680
1305 1891
1306 1362
1306 1508
1306 1547
1306 1714
1306 1850
1307 1392
1307 1926
1308 1324
1308 1522
1308 1793
1308 1868
1310 1667
1311 1450
1311 1902
1312 1320
1312 1453
1312 1539
1312 1558
1313 1343
1313 1785
1314 1646
1314 1969
1315 1404
1316 1383
1316 1408
1317 1340
1317 1531
1317 1977
1318 1610
1318 1859
1319 1515
1319 1732
1319 1776
1320 1535
1320 1895
1320 1995
1321 1587
1321 1824
1321 1879
1321 1953
1321 1959
1322 1696
1322 1757
1323 1327
1323 1388
1324 1386
1324 1494
1325 1804
1325 1933
1326 1559
1326 1921
1327 1344
1327 1510
1327 1598
1327 1902
1328 1665
1328 1726
1328 1970
1329 1331
1329 1409
1330 1441
1330 1522
1330 1637
1330 1662
1330 1687
1331 1970
1333 1723
1333 1980
1334 1497
1335 1374
1335 1822
1335 1863
1337 1442
1338 1390
1338 1417
1338 1449
1339 1646
1339 1759
1340 1919
1341 1752
1341 1861
1342 1508
1343 1431
1343 1945
1344 1434
1344 1568
1344 1841
1344 1944
1345 1629
1346 1538
1346 1539
1346 1774
1346 1917
1347 1664
1347 1724
1348 1510
1348 1585
1348 1803
1349 1838
1350 1509
1350 1533
1351 1770
1352 1501
1352 1508
1353 1503
1353 1636
1354 1370
1354 1607
1354 1874
1355 1686
1355 1704
1356 1668
1356 1777
1356 1884
1357 1586
1358 1752
1358 1841
1359 1416
1360 1433
1360 1954
1361 1448
1361 1549
1361 1706
1362 1804
1363 1454
1363 1500
1363 1515
1363 1786
1364 1607
1364 1622
1364 1811
1364 1823
1365 1723
1365 1886
1366 1486
1366 1633
1366 1904
1367 1534
1367 1578
1367 1614
1367 1965
1368 1889
1368 1962
1369 1439
1369 1902
1370 1506
1370 1842
1371 1646
1372 1955
1373 1437
1374 1810
1375 1556
1375 1654
1375 1906
1375 1985
1376 1581
1376 1589
1376 1912
1376 1918
1377 1386
1378 1441
1378 1463
1378 1465
1378 1905
1379 1455
1379 1700
1379 1853
1380 1561
1380 1783
1380 1973
1381 1484
1381 1763
1382 1570
1382 1798
1382 1881
1384 1406
1384 1777
1384 1821
1386 1416
1386 1855
1386 1876
1387 1698
1387 1770
1387 1960
1388 1542
1389 1461
1389 1660
1389 1674
1389 1718
1389 1795
1390 1494
1390 1660
1390 1793
1391 1470
1391 1683
1393 1501
1393 1621
1393 1939
1394 1628
1394 1663
1394 1804
1394 1816
1395 1460
1395 1861
1395 1901
1396 1641
1396 1822
1397 1485
1397 1518
1397 1731
1397 1745
1397 1804
1398 1636
1398 1761
1401 1484
1401 1557
1401 1719
1402 1841
1402 1846
1403 1738
1404 1459
1404 1556
1404 1758
1404 1765
1407 1433
1407 1525
1407 1754
1409 1859
1410 1542
1410 1686
1411 1631
1411 1799
1412 1650
1412 1710
1415 1501
1415 1957
1416 1424
1416 1698
1417 1860
1417 1933
1418 1817
1419 1501
1419 1620
1419 1651
1419 1737
1421 1607
1422 1663
1422 1946
1424 1676
1424 1813
1425 1456
1425 1579
1425 1614
1426 1737
1426 1835
1427 1447
1427 1710
1428 1522
1429 1804
1429 1806
1429 1976
1430 1442
1430 1751
1430 1939
1431 1826
1432 1491
1432 1703
1433 1555
1433 1776
1434 1905
1435 1686
1435 1704
1435 1894
1435 1914
1436 1602
1436 1680
1436 1987
1437 1679
1437 1902
1438 1752
1439 1773
1440 1736
1440 1859
1441 1587
1441 1918
1442 1647
1443 1538
1443 1561
1444 1883
1444 1937
1444 1960
1445 1577
1445 1660
1445 1680
1445 1774
1445 1924
1446 1518
1446 1555
1447 1951
1447 1996
1448 1709
1448 1918
1448 1970
1449 1772
1449 1924
1449 1932
1450 1453
1450 1691
1450 1779
1450 1888
1451 1468
1451 1670
1451 1714
1451 1834
1451 1844
1452 1592
1452 1699
1452 1765
1452 1881
1452 1924
1452 1947
1452 2000
1453 1696
1453 1768
1453 1895
1453 1909
1454 1493
1454 1572
1455 1464
1457 1656
1457 1864
1458 1810
1458 1857
1459 1739
1460 1464
1460 1945
1461 1660
1462 1517
1463 1899
1463 1933
1464 1531
1464 1621
1464 1843
1465 1820
1465 1848
1466 1809
1467 1701
1469 1568
1469 1677
1469 1741
1469 1803
1469 1856
1470 1518
1470 1611
1470 1942
1471 1522
1471 1844
1472 1645
1472 1683
1472 1771
1472 1825
1472 1902
1473 1559
1473 1601
1473 1795
1473 1803
1475 1574
1477 1516
1477 1562
1477 1882
1478 1556
1479 1606
1479 1738
1479 1793
1479 1941
1480 1769
1480 1850
1480 1989
1481 1657
1481 1795
1482 1557
1482 1746
1482 1936
1482 1994
1483 1626
1484 1548
1484 1681
1484 1749
1485 1803
1486 1644
1487 1533
1487 1658
1487 1693
1487 1959
1488 1951
1490 1569
1490 1744
1492 1645
1493 1550
1493 1732
1493 1846
1493 1882
1493 1953
1494 1624
1494 1973
1495 1514
1495 1601
1496 1633
1496 1655
1496 1700
1497 1694
1498 1499
1498 1540
1498 1629
1498 1945
1499 1959
1499 1972
1503 1905
1504 1968
1505 1620
1506 1542
1506 1873
1506 1876
1506 1950
1507 1598
1507 1614
1507 1800
1508 1592
1508 1640
1508 1821
1509 1821
1509 1880
1509 1897
1511 1549
1511 1848
1511 1920
1512 1764
1512 1840
1513 1720
1514 1962
1515 1533
1515 1558
1515 1980
1516 1633
1516 1998
1519 1676
1519 1679
1519 1729
1521 1897
1522 1671
1523 1527
1523 1567
1524 1653
1524 1687
1524 1957
1525 1895
1526 1715
1527 1663
1529 1571
1530 1606
1530 1922
1530 1953
1531 1626
1531 1754
1533 1613
1534 1685
1534 1750
1534 1931
1536 1584
1536 1925
1537 1744
1538 1756
1541 1576
1541 1899
1543 1757
1543 1761
1543 1906
1544 1867
1544 1983
1545 1948
1546 1646
1547 1738
1547 1994
1549 1615
1551 1562
1551 1750
1552 1889
1553 1839
1554 1630
1554 1784
1555 1631
1555 1742
1556 1613
1557 1902
1557 1977
1558 1771
1558 1873
1559 1932
1559 1974
1560 1688
1560 1792
1562 1670
1563 1611
1563 1774
1563 1869
1565 1683
1565 1693
1565 1801
1566 1608
1566 1940
1567 1578
1567 1713
1568 1688
1568 1881
1568 1885
1568 1891
1569 1884
1570 1640
1571 1772
1571 1857
1571 1917
1572 1637
1572 1801
1572 1809
1574 1794
1574 1932
1576 1759
1578 1797
1580 1725
1581 1804
1581 1817
1582 1613
1583 1643
1584 1726
1584 1999
1585 1908
1588 1946
1589 1625
1589 1740
1590 1661
1591 1639
1591 1661
1593 1609
1593 1660
1593 1853
1593 1926
1595 1602
1595 1617
1595 1842
1596 1771
1597 1635
1597 1881
1597 1901
1598 1648
1599 1931
1600 1910
1601 1899
1602 1881
1605 1870
1606 1758
1606 1773
1606 1943
1606 1954
1607 1922
1608 1932
1608 1973
1609 1636
1609 1727
1609 1909
1610 1844
1614 1781
1614 1865
1615 1712
1615 1760
1616 1724
1617 1882
1618 1642
1618 1860
1619 1748
1619 1847
1621 1737
1621 1863
1622 1762
1622 1802
1622 1916
1623 1668
1624 1702
1624 1942
1626 1765
1627 1642
1628 1666
1628 1939
1630 1663
1630 1676
1630 1928
1631 1798
1632 1689
1632 1831
1632 1998
1633 1679
1633 1853
1634 1637
1634 1769
1635 1718
1636 1643
1636 1648
1636 1748
1638 1752
1638 1801
1639 1859
1639 1998
1640 1699
1641 1647
1641 1649
1641 1698
1641 1923
1642 1706
1642 1897
1642 1904
1643 1788
1644 1743
1645 1813
1646 1720
1646 1732
1646 1827
1646 1944
1647 1960
1648 1774
1648 1940
1651 1908
1651 1917
1651 1984
1651 1991
1652 1938
1653 1682
1653 1768
1653 1861
1653 1917
1653 1918
1654 1757
1654 1793
1655 1881
1656 1791
1656 1959
1658 1802
1658 1856
1659 1717
1659 1883
1659 1914
1659 1944
1660 1733
1661 1704
1661 1729
1662 1745
1662 1754
1662 1759
1664 1670
1664 1913
1665 1965
1666 1807
1669 1700
1669 1998
1670 1676
1670 1813
1670 1948
1671 1995
1672 1788
1672 1837
1673 1740
1674 1700
1674 1856
1675 1688
1675 1795
1676 1682
1678 1933
1679 1788
1679 1970
1680 1794
1680 1811
1681 1903
1682 1774
1684 1852
1684 1893
1685 1687
1685 1980
1688 1875
1689 1729
1689 1749
1693 1855
1693 1894
1694 1799
1695 1803
1695 1860
1695 1921
1697 1780
1697 1999
1698 1759
1698 1922
1699 1779
1702 1714
1702 1814
1702 1817
1703 1790
1703 1820
1706 1923
1708 1932
1708 1993
1709 1740
1709 1767
1711 1836
1711 1983
1713 1721
1713 1862
1713 1988
1715 1764
1715 1843
1716 1941
1717 1857
1718 1768
1718 1798
1719 1833
1719 1844
1720 1843
1721 1943
1721 1952
1723 1954
1724 1921
1725 1743
1727 1728
1727 1799
1728 1732
1728 1806
1728 1987
1728 1999
1729 1854
1731 1836
1732 1952
1733 1740
1733 1854
1734 1869
1735 1980
1736 1950
1737 1978
1737 1985
1738 1822
1738 1828
1739 1855
1740 1855
1740 1998
1741 1928
1744 1883
1745 1855
1747 1858
1748 1782
1748 1977
1749 1751
1749 1930
1750 1931
1754 1864
1756 1816
1761 1784
1763 1929
1764 1863
1767 1773
1767 1883
1769 1933
1772 1866
1775 1848
1776 1925
1778 1861
1778 1920
1780 1882
1780 1950
1784 1944
1785 1788
1785 1868
1785 1929
1787 1855
1788 1829
1788 1914
1790 1905
1790 1925
1791 1940
1795 1813
1796 1843
1796 1862
1797 1942
1799 1897
1802 1809
1805 1908
1806 1893
1807 1839
1809 1997
1810 1898
1816 1951
1817 1938
1820 1852
1821 1959
1824 1899
1826 1954
1827 1886
1829 1973
1830 1913
1831 1875
1832 1866
1833 1849
1835 1855
1837 1989
1840 1883
1842 1866
1843 1965
1845 1966
1846 1887
1847 1976
1848 1871
1850 1962
1851 1895
1852 1908
1852 1956
1854 1935
1854 1939
1854 1981
1856 1903
1859 1980
1862 1911
1869 1970
1871 1895
1871 1976
1875 1926
1879 1964
1880 1998
1881 1895
1886 1964
1887 1895
1887 1917
1888 1984
1889 1896
1890 1915
1890 1961
1890 1983
1891 1896
1893 1966
1898 1959
1900 1979
1901 1905
1901 1928
1901 1941
1901 1994
1903 1996
1913 1970
1923 1985
1924 1963
1929 1963
1935 1962
1964 1987
1968 1993
1972 1985
1980 1985
1981 1999