2000
1 704
1 943
1 1634
1 1713
2 61
4 1829
5 829
5 861
6 128
6 346
6 590
6 1166
6 1340
7 1952
8 565
8 1138
8 1731
9 961
9 1363
12 1412
13 258
13 391
13 1182
13 1269
13 1302
13 1568
13 1618
13 1809
14 114
14 334
14 1120
14 1316
14 1612
14 1952
16 478
16 569
16 1126
17 791
17 1181
18 267
18 373
18 439
18 745
19 159
19 1034
20 52
20 769
20 983
20 1184
20 1567
20 1643
20 1653
21 476
21 1019
22 143
22 599
22 1453
22 1595
22 1672
24 376
24 651
24 781
24 787
24 1037
24 1401
24 1419
25 525
25 829
25 1886
25 1988
26 1441
26 1756
27 161
27 1222
27 1563
28 856
29 994
29 1216
30 314
30 709
30 1139
31 1854
31 1939
32 1399
33 336
33 435
33 1389
34 756
34 949
34 1430
34 1559
35 259
35 881
35 1287
36 65
36 104
37 915
37 1136
37 1922
38 509
38 1332
38 1977
39 1399
40 1465
40 1741
41 1201
41 1357
42 657
42 772
42 899
42 961
42 1467
43 361
43 705
43 952
43 1005
43 1520
43 1756
44 206
44 1871
45 377
46 1484
46 1868
47 632
47 1195
48 146
48 558
48 1411
49 673
50 923
50 1061
50 1430
51 117
51 1510
51 1866
52 317
52 343
52 349
52 644
52 1637
52 1950
53 1613
54 1233
54 1612
55 1183
56 361
56 728
56 1447
56 1861
57 821
57 930
57 1131
58 366
58 437
58 508
60 569
60 1140
61 398
61 803
62 1081
62 1703
63 1920
63 1922
64 371
64 1836
65 1903
66 536
66 1354
67 221
67 269
67 1184
68 904
68 1049
69 332
71 121
71 226
71 523
71 1218
71 1332
72 267
72 274
72 1670
72 1857
73 382
73 1970
74 1897
75 259
75 979
76 775
77 1099
77 1374
77 1409
78 1838
80 156
80 553
80 1769
81 1706
81 1870
81 1898
82 1774
82 1861
84 548
84 1785
85 141
85 389
85 904
85 1843
85 1986
86 825
86 1127
86 1577
87 1269
87 1371
88 94
88 1391
89 408
89 1005
89 1609
89 1661
89 1796
90 235
90 1035
90 1893
90 1960
91 590
92 511
92 877
92 1678
93 434
93 1314
93 1757
93 1861
94 141
94 668
95 1099
95 1657
96 1225
96 1738
97 420
97 603
97 892
97 1529
98 486
99 176
99 589
99 896
100 1034
100 1280
101 348
101 489
101 822
103 522
103 1958
104 267
104 1441
105 594
105 716
105 1542
106 696
106 830
106 892
106 988
106 992
107 1005
107 1811
108 613
108 1011
109 469
109 1037
109 1802
111 912
111 1016
111 1413
111 1808
111 1905
112 483
113 118
113 341
114 229
114 886
114 1707
115 178
115 724
115 750
116 244
116 399
116 652
116 1893
117 993
117 1765
118 435
118 597
118 1354
118 1750
119 418
119 1170
119 1285
120 566
120 1196
120 1438
121 639
121 667
121 993
121 1826
122 986
123 481
123 1222
124 667
124 1366
124 1542
124 1567
125 1240
125 1338
126 1355
127 578
127 1491
127 1505
127 1776
128 349
128 494
128 760
129 726
129 1139
130 495
130 973
132 1117
133 200
133 1921
134 202
134 379
134 695
134 1034
134 1807
134 1879
136 812
138 369
138 563
138 1414
138 1855
139 325
139 495
139 798
139 1188
140 423
140 425
140 1137
140 1613
141 929
142 696
143 914
143 1243
144 681
146 1338
147 418
147 625
147 1429
148 409
148 993
149 935
149 1409
150 491
150 879
150 919
150 1381
152 589
152 1197
152 1376
152 1439
152 1566
152 1865
153 1110
153 1492
154 195
155 364
155 1674
155 1815
156 747
158 271
158 945
158 1126
158 1164
159 829
159 1030
159 1270
159 1907
159 1943
160 230
160 1021
160 1036
160 1436
160 1490
160 1638
160 1956
162 530
163 1464
163 1552
164 438
164 455
164 1067
166 1152
166 1200
166 1439
166 1571
167 712
167 1900
168 292
168 1963
169 207
169 545
169 1044
169 1338
169 1987
170 456
170 1331
170 1418
171 668
171 1354
173 181
173 372
173 447
174 768
174 1000
174 1509
175 681
175 1901
175 1912
176 1618
177 1205
177 1908
178 933
178 1332
180 287
180 536
180 726
180 1353
180 1691
181 301
181 726
181 927
181 1560
181 1692
182 223
182 421
182 1593
182 1600
183 269
183 388
183 714
183 1077
184 528
184 1759
184 1818
184 1884
185 1017
186 399
186 1017
186 1549
187 1065
188 1060
188 1480
191 309
191 318
191 1585
192 1970
193 918
193 1166
195 401
195 931
195 1199
195 1561
196 724
196 1573
198 815
198 1214
198 1354
198 1542
199 248
199 315
199 1761
200 291
200 511
201 380
201 931
201 1884
202 1064
202 1255
203 729
204 354
204 772
205 1964
206 704
206 998
206 1011
206 1163
207 1901
208 373
208 415
208 680
208 791
208 966
208 1024
209 796
209 1457
209 1849
210 1688
210 1809
212 1810
213 529
214 555
214 808
214 1075
214 1269
215 275
215 635
216 305
216 727
216 1416
217 348
217 1858
218 791
219 832
219 1336
220 1023
220 1031
221 307
221 386
221 1641
221 1924
222 1684
222 1888
222 1949
223 538
223 580
223 974
224 229
224 288
224 1454
225 311
225 681
225 1091
225 1398
225 1509
225 1919
226 660
226 882
226 1421
227 253
227 694
227 1207
227 1372
227 1766
228 257
228 1284
228 1463
229 1312
229 1812
230 503
230 647
230 800
230 1217
230 1451
230 1733
230 1961
231 1055
232 1005
233 529
233 1572
233 1715
234 449
234 750
234 1123
234 1440
234 1647
235 1501
235 1826
236 681
236 1557
237 1127
237 1188
237 1335
237 1444
237 1870
237 1964
239 1171
239 1775
239 1955
239 1985
240 996
240 1197
240 1411
241 909
241 939
241 983
241 1723
242 786
242 1518
242 1554
242 1621
242 1636
242 1644
242 1914
243 533
243 1160
243 1260
243 1490
244 345
244 1140
244 1768
244 1884
245 451
245 1231
245 1870
246 1519
246 1600
246 1992
247 356
247 1235
248 937
248 1100
248 1436
249 942
249 1304
250 474
250 749
250 1759
251 1484
252 739
252 1435
252 1519
252 1827
253 742
254 855
254 1872
255 890
255 1022
256 477
256 1176
257 450
257 724
259 1998
260 336
260 605
260 1914
261 1960
262 1327
262 1560
263 689
263 827
263 1364
263 1873
264 608
264 1212
264 1624
264 1875
265 577
265 1726
265 1896
266 1226
267 597
267 771
267 1015
267 1171
268 725
269 1097
269 1877
271 1115
272 856
272 1053
272 1706
272 1778
273 1617
274 430
274 723
274 1034
274 1341
275 420
275 1234
275 1751
277 1049
279 1190
279 1416
280 752
280 1482
280 1599
280 1744
281 410
281 1601
281 1927
283 607
283 960
284 422
285 837
285 1536
286 944
286 1210
286 1608
287 1292
288 854
288 1089
289 334
289 417
289 489
289 1105
289 1685
290 1064
290 1787
291 474
291 839
291 1952
292 1052
292 1549
292 1718
293 1434
293 1977
294 1648
295 814
295 1789
296 401
296 411
296 1972
298 1366
298 1522
299 914
299 1723
301 331
301 945
302 673
302 1586
303 368
303 673
303 1516
304 798
304 1588
304 1612
304 1632
304 1697
304 1743
305 994
305 995
305 1946
305 1962
306 783
306 803
306 908
307 771
307 898
308 1568
308 1764
308 1956
309 435
309 1206
309 1709
310 1430
310 1964
312 362
312 497
312 726
312 970
312 1412
312 1819
313 500
313 801
313 1630
314 340
314 1541
314 1722
316 1052
317 1072
317 1084
318 1715
319 764
319 1927
320 543
320 1871
321 1065
321 1600
322 1043
322 1262
323 1612
324 424
324 723
324 850
324 1562
324 1843
325 1115
325 1471
326 449
326 766
326 1031
327 839
327 1442
327 1915
329 678
329 1402
329 1608
330 626
330 726
331 1009
332 648
332 1553
332 1698
333 730
333 803
333 1059
334 1957
335 447
336 975
336 1177
336 1545
336 1944
337 973
337 1396
337 1625
338 1182
339 785
339 1339
339 1799
341 1573
342 604
342 762
342 1096
342 1871
343 503
343 1181
343 1352
343 1586
343 1883
343 1901
344 1467
344 1613
344 1961
345 809
345 1575
347 1530
347 1531
348 459
348 1817
349 396
349 670
349 1387
350 1049
350 1263
350 1699
351 435
351 995
351 1803
353 1889
354 430
354 1839
356 426
356 1297
357 1878
359 1282
361 944
361 1254
362 1670
362 1871
363 377
363 610
363 942
363 1502
365 1002
366 659
368 492
368 1094
369 467
369 1819
370 415
370 901
370 1037
370 1922
371 582
371 1410
372 378
372 1359
372 1732
373 1107
373 1516
373 1554
373 1608
374 1640
374 1654
375 1239
375 1635
376 1364
376 1481
376 1568
377 1108
378 836
378 1371
379 1368
382 1016
382 1440
384 1146
385 1404
386 1208
386 1438
386 1954
387 1409
387 1514
387 1824
388 1451
391 500
391 1877
391 1987
392 1323
393 1071
393 1145
393 1571
393 1666
394 1744
395 756
395 1247
395 1595
395 1954
396 595
396 675
396 1163
396 1181
396 1266
397 1616
398 1724
398 1732
399 634
400 1057
400 1388
402 1830
403 849
404 556
404 618
404 1099
405 1314
405 1384
405 1746
406 433
406 1016
406 1779
406 1811
407 815
407 1525
408 540
408 1305
408 1326
409 1119
410 796
410 1237
410 1348
411 1647
412 415
412 904
412 1175
413 1205
413 1550
414 450
414 565
415 911
415 1083
416 910
416 993
417 1240
417 1716
417 1847
418 718
419 777
419 1308
419 1496
419 1707
420 498
420 930
421 1022
421 1418
421 1559
422 651
422 865
422 1534
422 1691
423 428
423 1472
424 846
424 974
424 1575
425 970
425 1348
427 462
428 876
429 476
429 726
430 1116
430 1308
430 1768
431 1633
431 1938
431 1991
432 700
432 1236
432 1250
432 1660
433 477
433 668
433 945
433 1534
433 1941
434 808
435 903
435 1936
435 1960
436 580
438 576
438 1415
438 1703
438 1836
439 1121
439 1165
439 1559
440 658
440 1965
441 941
441 1675
441 1794
442 475
442 1333
442 1453
442 1480
442 1780
443 1867
443 1895
443 1983
444 851
444 1076
444 1397
444 1713
445 1107
445 1152
445 1187
445 1722
446 1830
446 1835
447 795
447 925
447 1981
451 1913
452 491
452 1149
452 1258
453 880
453 1340
455 690
456 1872
457 1753
458 1918
459 1279
459 1584
460 520
460 868
460 1022
460 1884
461 467
461 637
461 795
461 1152
462 505
462 577
462 614
462 1531
463 1203
463 1428
465 752
465 1022
465 1038
465 1554
466 836
466 1720
466 1745
467 713
467 1200
467 1836
468 833
468 1154
468 1964
469 1452
469 1932
470 532
471 525
471 1214
471 1919
472 635
472 1120
473 478
473 1110
473 1360
474 923
474 1132
475 824
475 1264
476 678
477 1443
477 1582
477 1721
478 558
478 1180
478 1614
478 1943
479 1746
481 1521
482 1981
483 1413
483 1746
484 588
484 1201
484 1572
485 1350
485 1397
486 1042
487 754
489 744
489 1586
489 1801
490 1711
491 1191
491 1349
491 1517
492 961
492 1146
493 1159
493 1801
494 1259
494 1895
495 703
495 1668
495 1707
495 1918
496 843
496 1816
498 506
498 778
498 998
498 1029
498 1565
498 1627
499 1040
500 625
500 1009
501 1697
502 1146
502 1267
503 688
504 533
504 1249
504 1302
504 1818
505 796
505 1250
505 1892
506 1178
506 1268
506 1424
506 1695
507 640
507 651
507 955
507 1962
508 979
508 1230
508 1858
508 1883
509 924
509 1914
510 1890
511 527
511 1595
511 1776
511 1997
512 722
512 1366
512 1942
513 823
513 1339
513 1359
513 1620
514 658
514 1215
514 1320
514 1545
514 1670
514 1800
514 1872
514 1922
515 1889
515 1947
515 1965
518 1651
519 741
519 1189
519 1693
520 1103
520 1489
521 864
521 1226
522 718
522 1006
522 1310
523 1892
524 1646
525 945
525 1567
526 1551
527 1528
527 1675
528 830
528 1895
529 678
529 1732
529 1977
530 597
530 1105
530 1184
531 574
531 1002
532 609
532 1345
532 1732
534 1160
534 1711
535 1363
535 1548
535 1845
538 875
538 1420
538 1902
540 552
540 911
541 743
541 824
541 1237
541 1673
542 1650
543 747
543 920
544 1034
544 1463
544 1471
544 1572
544 1706
544 1801
545 904
545 1774
547 873
547 890
547 1057
547 1202
547 1464
548 891
549 594
550 1700
551 861
551 1187
552 1055
552 1268
552 1300
552 1672
552 1817
554 1602
554 1781
555 661
555 719
555 829
555 1696
556 1610
556 1967
558 612
558 894
558 1085
558 1974
560 1358
560 1607
561 1609
562 1888
563 1026
564 1612
565 682
565 801
565 1086
566 619
566 1126
566 1205
566 1732
567 1108
567 1841
567 1927
568 1876
568 1903
569 1412
569 1520
571 1130
571 1164
571 1218
574 1678
575 1431
575 1656
576 785
577 664
577 837
578 1100
578 1550
578 1645
579 1021
579 1220
579 1309
579 1660
581 1413
583 1259
583 1948
584 591
584 1951
585 1481
585 1864
585 1979
586 1033
586 1170
586 1178
586 1443
586 1985
587 812
587 1085
587 1195
587 1661
588 845
588 1569
589 702
590 666
590 1083
591 1263
591 1637
592 1380
593 1127
594 1969
595 642
595 1577
595 1638
595 1892
596 1993
597 960
597 1227
597 1772
598 1035
598 1151
598 1944
600 898
600 1049
600 1718
600 1772
601 1061
601 1879
602 1535
603 1519
604 850
604 1663
604 1922
605 680
605 922
605 1741
606 840
606 1261
607 769
608 838
608 1588
608 1853
609 743
609 947
609 1465
611 1149
611 1941
612 1007
612 1304
612 1690
613 1899
616 726
616 1152
616 1709
617 803
617 831
617 1498
619 836
619 944
619 1223
619 1573
619 1584
620 1359
620 1917
621 1110
621 1405
622 1047
622 1404
623 650
623 795
625 1124
625 1738
626 1622
627 1015
627 1052
627 1439
627 1759
627 1988
628 1596
628 1662
629 772
629 847
629 1861
630 1230
630 1510
630 1669
631 1369
631 1451
633 925
633 1368
634 843
634 1156
634 1908
636 688
636 1605
637 702
637 855
638 888
639 986
639 1594
639 1697
641 1539
643 1791
644 1303
644 1634
645 823
646 1232
648 669
648 1844
649 748
649 1787
650 1025
650 1895
650 1910
651 872
652 983
653 1312
655 762
656 1303
657 1202
657 1541
657 1784
658 1356
660 1268
660 1444
663 884
663 1366
663 1428
664 1325
665 1136
665 1589
666 1607
667 735
667 1438
668 949
668 1003
668 1443
669 1793
669 1837
669 1988
670 671
670 1964
671 1230
671 1338
671 1535
671 1629
672 811
672 830
672 1799
673 1733
673 1827
673 1873
675 1038
675 1571
675 1903
676 1005
676 1621
677 1091
678 1060
679 1112
679 1330
679 1680
680 1620
681 694
682 1592
682 1701
684 747
685 1592
685 1655
686 831
686 1265
686 1907
687 1074
688 796
688 1016
688 1852
689 1537
689 1844
691 1707
692 1342
692 1403
692 1946
693 696
693 1002
694 1143
694 1798
694 1839
695 1557
697 1053
697 1893
698 1147
698 1366
698 1704
698 1714
698 1748
699 1389
699 1537
700 1815
702 1173
702 1468
702 1749
705 1148
705 1718
705 1797
706 736
706 1800
707 1372
707 1406
708 836
708 1317
708 1513
708 1739
710 712
710 737
710 873
710 1070
711 1427
712 1542
713 1087
713 1518
713 1840
713 1912
714 1423
714 1996
715 1255
715 1730
716 836
716 1165
717 1456
717 1668
718 731
718 1255
719 887
719 1219
719 1350
719 1711
719 1733
720 1718
720 1893
721 1832
723 912
723 1785
725 1184
725 1880
726 1759
727 1849
728 995
728 1099
729 948
729 1263
730 1222
731 1303
731 1838
732 1186
732 1590
732 1962
733 980
733 1653
734 811
735 1440
735 1544
735 1790
736 856
736 903
736 1876
737 1748
738 917
738 1263
738 1700
739 963
739 1852
740 821
740 842
741 1180
741 1220
743 1298
743 1310
743 1373
744 750
744 780
744 1052
745 1649
745 1965
748 753
748 887
748 1140
749 1721
750 881
750 1445
751 1297
752 755
752 1362
753 1762
754 989
754 1048
755 1390
756 1994
757 914
757 1772
758 908
759 807
760 1156
761 1363
761 1764
765 1102
765 1506
766 816
766 1275
767 1654
769 1058
769 1564
770 1568
771 994
771 1034
771 1858
772 905
773 1079
773 1356
773 1745
774 1122
775 1789
776 1158
776 1267
776 1490
777 918
778 1860
779 834
779 861
779 1499
779 1788
779 1998
780 1274
780 1674
781 927
781 1201
782 911
782 1281
782 1599
784 1437
785 844
787 967
788 1888
790 867
793 857
793 1176
794 1002
795 1269
796 1275
796 1306
796 1686
796 1838
797 1857
798 1580
798 1825
799 858
799 1927
800 1402
801 853
801 887
801 1164
801 1598
801 1843
801 1911
804 982
804 1648
805 1257
805 1746
806 1057
809 898
809 1431
809 1814
812 1843
813 964
813 1244
813 1261
814 1594
815 1656
816 1318
817 1270
817 1692
817 1715
818 1262
819 1725
820 916
820 1022
821 1001
821 1186
821 1235
821 1315
821 1335
821 1841
822 1382
822 1677
824 1083
825 841
825 1761
826 1026
826 1817
827 998
828 1991
829 1078
829 1171
830 1205
830 1294
830 1633
831 1348
831 1542
832 1177
833 1051
833 1754
834 1166
834 1678
835 1770
837 1310
837 1667
837 1748
837 1806
837 1995
838 1063
839 1241
839 1726
840 890
843 1729
843 1806
844 1014
844 1057
844 1680
846 1447
846 1578
847 1287
849 1806
850 1517
850 1876
851 979
852 1490
852 1651
853 899
853 1078
853 1488
853 1954
856 937
856 1994
857 1784
858 1010
859 973
860 862
860 1270
861 1049
862 1296
862 1354
862 1558
862 1606
863 1505
866 1264
866 1407
866 1854
867 1056
868 1478
868 1688
870 1354
871 878
871 1245
871 1328
872 1191
872 1736
873 1268
874 1477
874 1704
875 1251
876 1244
876 1602
877 1116
879 1238
881 950
881 1216
882 1992
884 1046
884 1597
884 1899
885 916
885 1873
886 1058
886 1937
887 1755
888 1554
888 1897
889 1120
889 1524
890 1010
891 923
891 1719
892 1303
892 1837
893 1256
896 1597
897 1174
897 1841
898 1195
898 1446
899 921
899 1267
901 1223
901 1531
902 1756
902 1829
903 1908
904 1011
904 1163
906 1308
907 1958
909 1734
910 968
910 994
910 1574
911 1344
911 1528
912 1042
913 962
913 1074
914 1019
914 1383
915 1757
916 1056
917 1108
918 1874
919 1337
920 1488
920 1655
920 1859
921 1180
921 1353
921 1907
922 1528
922 1743
923 1514
923 1626
925 1434
927 1121
927 1152
927 1917
929 1922
932 1090
932 1706
933 1713
933 1941
935 1206
935 1277
935 1293
935 1527
938 1089
938 1490
939 1042
939 1214
939 1580
942 1149
942 1595
942 1876
943 1070
943 1476
945 1593
947 1644
948 1377
949 1944
950 990
950 1424
950 1504
951 1343
951 1552
951 1829
953 1125
954 1193
955 1209
956 1553
956 1606
957 1121
957 1420
958 1182
958 1221
958 1514
958 1974
959 1120
960 1418
960 1999
961 1775
963 1327
963 1917
964 1566
965 1402
966 1869
967 1801
970 1152
970 1567
970 1740
971 1710
972 1011
972 1179
973 1058
973 1100
973 1507
974 1579
975 987
975 1013
975 1057
975 1551
977 1717
977 1731
977 1757
979 1788
980 1209
982 1592
982 1601
984 1149
984 1467
984 1526
985 1563
985 1779
986 1503
991 1108
992 1438
993 1709
993 1988
994 1049
995 1202
995 1775
996 1010
996 1424
996 1536
998 1276
998 1620
1000 1110
1000 1404
1000 1997
1000 1998
1001 1039
1001 1286
1002 1480
1004 1256
1005 1472
1005 1516
1006 1104
1007 1716
1010 1354
1010 1772
1012 1321
1012 1613
1012 1731
1013 1243
1013 1474
1013 1616
1015 1381
1016 1350
1018 1688
1019 1481
1020 1890
1021 1337
1023 1683
1024 1977
1025 1889
1025 1895
1028 1431
1028 1710
1029 1839
1031 1716
1032 1036
1032 1585
1034 1971
1035 1495
1035 1802
1037 1720
1038 1253
1039 1110
1040 1157
1040 1439
1041 1764
1042 1333
1042 1621
1045 1252
1048 1405
1048 1555
1048 1887
1049 1492
1050 1251
1051 1309
1051 1623
1052 1515
1054 1226
1054 1861
1056 1658
1057 1655
1057 1798
1058 1084
1058 1477
1058 1850
1062 1216
1062 1519
1062 1986
1063 1508
1063 1936
1064 1818
1065 1798
1066 1663
1067 1872
1069 1820
1072 1280
1072 1736
1073 1536
1074 1364
1074 1994
1076 1379
1077 1083
1077 1994
1078 1860
1079 1691
1079 1974
1080 1257
1080 1990
1081 1222
1083 1209
1084 1483
1085 1280
1085 1900
1086 1630
1086 1943
1088 1491
1088 1552
1088 1783
1089 1787
1091 1819
1092 1313
1093 1698
1094 1719
1095 1768
1096 1977
1097 1376
1097 1800
1098 1405
1099 1485
1100 1130
1101 1467
1103 1207
1104 1228
1105 1287
1106 1236
1106 1291
1107 1139
1107 1347
1108 1421
1108 1433
1108 1567
1108 1769
1110 1449
1111 1778
1111 1826
1111 1873
1112 1839
1113 1248
1115 1449
1115 1541
1115 1663
1116 1513
1116 1623
1116 1950
1120 1478
1120 1529
1120 1812
1122 1621
1124 1793
1124 1993
1125 1549
1126 1290
1126 1573
1127 1331
1127 1762
1128 1264
1128 1581
1129 1494
1130 1552
1131 1994
1134 1521
1135 1632
1135 1705
1136 1713
1138 1921
1139 1426
1142 1317
1142 1340
1142 1591
1143 1751
1143 1754
1145 1877
1146 1619
1146 1917
1149 1339
1149 1662
1150 1834
1152 1825
1153 1245
1153 1986
1157 1292
1159 1527
1161 1213
1161 1338
1161 1552
1161 1576
1162 1926
1164 1480
1165 1938
1166 1823
1172 1362
1172 1379
1172 1544
1173 1435
1174 1971
1175 1867
1175 1949
1176 1591
1180 1387
1180 1606
1180 1869
1180 1887
1181 1188
1182 1313
1183 1250
1184 1332
1185 1889
1186 1491
1187 1702
1188 1328
1188 1551
1189 1440
1190 1328
1190 1540
1191 1596
1191 1843
1192 1974
1193 1602
1193 1768
1193 1999
1194 1493
1194 1892
1195 1232
1196 1332
1196 1740
1197 1632
1197 1712
1198 1905
1199 1449
1199 1606
1200 1316
1200 1819
1200 1934
1202 1294
1202 1528
1203 1367
1203 1432
1203 1531
1203 1994
1205 1206
1206 1798
1207 1385
1209 1392
1210 1659
1210 1815
1211 1366
1211 1546
1214 1568
1216 1365
1216 1436
1216 1709
1216 1748
1217 1457
1217 1668
1217 1893
1220 1838
1221 1940
1223 1384
1223 1584
1224 1908
1225 1319
1226 1913
1228 1496
1230 1639
1231 1749
1232 1847
1233 1501
1233 1996
1234 1732
1235 1394
1235 1569
1235 1752
1235 1766
1236 1792
1237 1505
1237 1742
1239 1490
1239 1520
1239 1774
1240 1526
1240 1930
1241 1972
1242 1944
1243 1301
1244 1689
1245 1536
1245 1963
1246 1508
1249 1933
1250 1643
1250 1665
1251 1693
1251 1766
1253 1823
1253 1926
1256 1878
1256 1937
1259 1433
1259 1623
1260 1383
1260 1587
1262 1605
1262 1712
1263 1506
1265 1841
1266 1807
1268 1423
1268 1991
1269 1399
1270 1869
1271 1570
1271 1613
1271 1850
1272 1755
1276 1485
1276 1706
1277 1773
1278 1421
1279 1366
1279 1719
1281 1971
1283 1335
1284 1368
1285 1334
1285 1794
1286 1732
1286 1835
1287 1466
1288 1362
1291 1408
1292 1776
1298 1313
1298 1557
1299 1396
1300 1666
1301 1556
1302 1992
1303 1633
1303 1811
1305 1324
1306 1510
1309 1621
1310 1500
1310 1826
1310 1847
1310 1880
1311 1870
1312 1475
1314 1494
1314 1571
1314 1625
1315 1766
1318 1412
1320 1921
1321 1468
1321 1675
1322 1468
1323 1430
1324 1701
1328 1528
1328 1825
1329 1446
1330 1603
1332 1400
1332 1749
1333 1757
1335 1564
1335 1650
1335 1933
1336 1840
1337 1681
1338 1760
1340 1908
1340 1940
1341 1901
1342 1844
1343 1670
1345 1685
1350 1864
1350 1900
1351 1576
1354 1424
1354 1736
1355 1864
1355 1871
1356 1483
1356 1546
1357 1363
1361 1737
1361 1778
1363 1576
1364 1974
1365 1786
1368 1948
1370 1723
1371 1540
1371 1774
1371 1777
1372 1987
1373 1662
1375 1686
1378 1574
1379 1818
1382 1635
1384 1622
1384 1849
1385 1610
1386 1713
1389 1486
1390 1405
1391 1591
1392 1467
1392 1649
1392 1758
1392 1954
1393 1817
1394 1813
1394 1879
1394 1882
1402 1425
1402 1783
1402 1981
1405 1758
1407 1940
1408 1419
1408 1901
1410 1615
1411 1602
1413 1823
1414 1929
1415 1480
1415 1544
1415 1739
1415 1784
1416 1430
1416 1786
1416 1973
1417 1436
1417 1652
1425 1630
1426 1621
1428 1441
1430 1711
1430 1740
1430 1879
1431 1799
1432 1708
1432 1754
1432 1928
1432 1994
1435 1745
1436 1466
1437 1873
1438 1680
1440 1500
1440 1612
1445 1718
1445 1813
1449 1901
1451 1804
1454 1554
1455 1536
1456 1781
1458 1465
1458 1516
1458 1984
1461 1627
1462 1840
1465 1581
1465 1593
1466 1852
1467 1590
1467 1709
1472 1595
1473 1615
1473 1903
1474 1768
1475 1967
1478 1977
1483 1887
1483 1988
1484 1673
1484 1818
1485 1496
1485 1595
1485 1884
1485 1920
1486 1739
1488 1543
1489 1630
1489 1896
1489 1918
1491 1738
1491 1746
1493 1698
1494 1558
1496 1600
1498 1633
1499 1550
1502 1634
1502 1676
1502 1811
1503 1815
1506 1724
1508 1664
1508 1802
1511 1523
1513 1558
1513 1889
1514 1537
1514 1569
1517 1677
1522 1962
1524 1979
1526 1633
1531 1859
1532 1784
1537 1944
1538 1649
1542 1779
1542 1901
1543 1731
1546 1701
1547 1675
1548 1704
1548 1773
1548 1850
1556 1687
1556 1782
1559 1705
1561 1605
1561 1733
1564 1903
1565 1684
1566 1768
1567 1912
1573 1654
1573 1841
1574 1972
1575 1640
1577 1669
1578 1798
1579 1704
1579 1996
1582 1663
1582 1803
1583 1731
1585 1972
1590 1958
1591 1776
1591 1786
1591 1947
1594 1933
1598 1771
1598 1851
1600 1657
1604 1609
1605 1680
1609 1957
1616 1777
1617 1927
1620 1774
1620 1810
1621 1928
1626 1879
1626 1953
1632 1727
1636 1918
1638 1753
1642 1827
1643 1814
1645 1891
1649 1953
1650 1925
1652 1760
1655 1954
1656 1804
1658 1754
1659 1804
1659 1896
1659 1926
1659 1979
1660 1901
1661 1726
1664 1690
1664 1935
1665 1930
1667 1697
1671 1762
1673 1929
1675 1901
1677 1778
1682 1808
1682 1838
1684 1832
1686 1787
1688 1835
1690 1968
1691 1738
1691 1751
1700 1864
1701 1889
1705 1760
1707 1708
1708 1782
1708 1852
1709 1866
1710 1744
1711 1875
1713 1737
1719 1857
1727 1899
1727 1967
1734 1935
1741 1811
1744 1766
1744 1917
1747 1844
1756 1771
1756 1855
1756 1856
1760 1820
1764 1996
1766 1868
1773 1854
1781 1954
1783 1815
1787 1935
1788 1953
1789 1930
1794 1899
1794 1943
1801 1954
1802 1871
1805 1949
1813 1930
1820 1899
1820 1990
1823 1964
1832 1921
1837 1844
1852 1915
1866 1951
1875 1903
1882 1966
1888 1906
1888 1913
1894 1995
1901 1937
1910 1915
1927 1944