2000
1 793
1 1768
1 1910
2 134
2 381
2 1571
2 1730
4 985
4 1170
4 1346
8 1115
9 763
9 1760
10 1166
10 1299
10 1319
12 744
12 1477
12 1556
14 21
14 1939
15 1880
16 576
16 1559
18 980
19 1081
20 82
20 942
20 1937
21 1003
22 1701
23 1321
24 151
24 229
24 1078
24 1716
25 916
25 1475
26 976
26 1454
27 711
28 526
28 1227
30 725
30 1559
31 1425
31 1475
32 1263
32 1539
33 245
33 962
33 1026
34 165
34 684
35 127
35 495
35 906
35 949
35 997
35 1797
36 596
36 1943
38 965
38 1535
39 214
39 1591
40 178
40 343
40 1068
41 186
41 1724
42 100
42 918
42 1443
43 163
44 311
44 1678
45 872
46 1731
46 1976
47 463
47 1400
48 919
48 1306
48 1431
50 1174
50 1507
50 1898
51 317
52 383
52 606
52 1078
52 1605
52 1647
52 1779
53 1601
55 651
56 519
57 568
57 889
57 1978
59 350
59 800
61 375
61 1728
62 397
62 785
63 98
64 1155
65 333
65 1939
66 1174
66 1558
67 157
68 271
68 314
68 416
68 951
69 1951
70 94
71 1428
71 1448
72 399
72 913
72 1100
73 322
74 242
74 254
75 1254
75 1642
76 353
76 687
76 1589
77 606
77 794
77 1706
78 1123
78 1241
80 196
80 533
80 739
80 1697
82 455
82 1500
83 1532
83 1883
85 110
86 1179
86 1576
87 964
87 1412
88 1899
90 722
90 1890
92 895
93 531
93 1727
94 1614
95 697
96 1176
97 652
97 748
97 1021
97 1398
99 1466
100 934
100 1387
100 1664
103 174
104 296
104 1768
105 534
105 598
105 677
107 711
107 1928
109 450
109 455
109 683
109 1009
111 1245
112 1368
112 1793
113 149
114 987
114 1888
115 1579
116 1500
118 984
119 1464
120 1247
120 1538
121 883
121 1794
123 504
123 607
125 1242
125 1376
125 1901
126 1060
127 207
128 848
129 1338
129 1566
130 553
133 850
133 1198
133 1657
134 142
134 1175
135 775
135 1947
137 173
137 526
137 1688
138 290
139 1462
139 1602
140 788
141 1485
142 379
142 1420
142 1758
143 1955
144 1309
146 440
147 1039
148 924
149 919
149 1499
150 383
150 1841
151 405
151 1603
152 747
152 1058
153 1627
154 1452
154 1946
155 1877
156 165
157 1769
159 382
160 1416
161 1467
161 1490
163 377
163 1448
165 423
165 1929
167 737
168 643
168 729
168 1120
169 775
169 1780
171 231
171 613
171 1924
172 1642
173 1900
174 807
176 465
177 887
177 1499
177 1824
178 704
179 1544
181 1133
182 1794
183 1206
184 206
184 395
185 1564
187 300
187 1705
188 1995
189 499
189 1359
192 990
193 398
193 1059
193 1306
193 1308
193 1946
195 490
195 1860
196 687
196 712
196 1351
197 624
197 807
197 1398
197 1783
198 234
198 756
198 1602
199 1013
199 1219
199 1446
199 1519
200 1913
202 564
202 1101
203 216
203 622
204 239
204 394
204 1293
206 583
206 800
206 1149
206 1497
209 453
210 519
210 860
210 1655
213 222
213 496
213 708
215 570
215 1082
216 1805
218 604
218 1439
220 478
221 1140
223 1367
223 1909
224 534
224 1271
226 1326
227 617
227 1365
228 442
228 608
232 997
233 469
236 500
236 790
237 1333
237 1515
239 832
240 886
240 911
240 1610
240 1905
241 635
241 1612
241 1854
242 709
243 479
244 1903
248 595
248 963
250 520
250 573
251 1443
252 902
253 1150
254 502
255 546
255 1237
255 1271
255 1596
255 1696
256 1046
256 1343
259 1761
261 1683
265 266
266 1609
266 1678
267 892
267 1112
269 1797
269 1939
273 556
273 1552
273 1565
274 1106
276 650
278 1906
282 1426
282 1804
283 364
283 1194
283 1357
285 1220
286 364
286 717
287 1018
287 1040
288 608
289 1093
292 659
292 1958
294 615
294 1231
296 1307
297 1345
298 543
298 1047
299 369
299 1131
299 1297
299 1465
300 929
300 1137
300 1365
301 323
301 1425
301 1618
301 1994
302 1727
302 1775
303 697
303 1639
304 820
304 1082
305 984
306 954
307 1243
307 1607
307 1652
308 1104
310 390
310 1930
311 616
311 1200
311 1718
311 1773
312 457
312 1098
313 598
313 1919
314 1441
315 1182
315 1609
315 1867
316 405
316 1536
317 860
317 1188
317 1287
317 1419
319 840
320 1032
320 1808
321 578
321 1708
322 332
324 1241
324 1839
325 1126
325 1568
326 1781
327 985
328 1885
331 1761
331 1813
331 1892
332 1380
332 1396
333 416
334 1092
334 1556
336 1057
336 1835
339 381
339 1458
340 386
340 407
340 958
340 1643
341 1194
342 1523
342 1772
343 554
343 590
343 1036
345 1516
346 705
346 1711
347 513
347 554
347 561
348 483
348 1449
349 1009
349 1109
349 1872
350 1519
351 1293
352 747
352 1883
355 419
355 734
356 385
356 976
357 1895
360 690
362 1048
363 429
364 1389
364 1409
365 545
366 909
366 1702
367 574
367 822
367 861
367 1299
370 1258
370 1268
371 476
371 785
371 985
372 1540
373 885
374 528
374 614
374 1556
375 537
375 1030
376 1752
377 1646
378 1246
378 1408
379 720
379 889
380 1115
380 1707
381 824
381 1289
383 828
383 1267
383 1321
384 515
384 906
385 629
385 1499
386 1103
386 1615
386 1934
387 815
388 705
388 1652
388 1790
388 1909
389 1713
389 1773
390 1538
391 869
391 940
391 1820
393 1596
394 949
394 1664
394 1885
396 670
396 779
396 1324
397 1593
397 1967
397 1968
398 1078
399 843
399 1271
399 1325
400 1145
400 1198
400 1601
401 465
401 1925
403 610
403 977
404 712
405 903
406 506
408 624
408 864
408 917
408 1406
410 505
410 978
410 1191
411 1799
413 832
413 834
415 977
415 1427
417 1647
418 979
418 1886
419 705
419 1812
420 1664
421 1573
422 1847
424 683
424 785
424 1377
425 1707
427 1476
427 1523
428 700
428 953
428 1125
428 1785
431 664
431 1474
432 1349
432 1736
433 808
434 752
434 939
434 1472
437 702
437 1113
438 1908
438 1915
440 622
442 946
442 1243
444 1462
445 456
445 613
445 977
445 1063
445 1945
446 708
446 1468
446 1996
447 1203
447 1662
449 1272
449 1370
449 1824
450 454
450 929
451 940
451 1134
452 1382
455 1575
456 1689
457 770
457 1933
458 574
458 714
459 1110
459 1773
460 1670
461 1109
462 1536
463 630
463 1692
464 1485
466 1218
467 1794
468 1161
469 529
471 1377
472 753
474 1286
478 650
479 1133
479 1649
479 1971
480 619
480 1254
480 1367
481 1128
481 1163
481 1338
481 1741
482 1026
482 1479
483 568
483 1614
484 894
484 1444
485 1728
487 693
487 1316
487 1730
487 1925
488 538
488 641
488 1200
489 1019
489 1855
492 511
494 1282
494 1661
496 1635
497 800
499 1339
500 814
500 970
501 650
502 636
502 1841
503 1519
504 506
504 1814
505 715
506 533
506 694
506 1978
507 832
507 1224
507 1256
509 925
511 1681
511 1899
512 533
512 1558
514 870
514 1364
515 1086
515 1320
516 744
517 627
518 1059
519 1010
520 866
521 1489
522 795
522 1153
522 1974
523 697
524 1827
525 1059
525 1069
526 1684
528 710
529 1248
530 1882
532 773
532 802
532 1601
533 1073
533 1301
533 1558
534 684
534 795
535 1786
536 1575
537 1632
538 1498
540 701
540 751
540 1651
542 1248
543 917
543 966
545 566
545 1633
546 612
547 1408
547 1571
547 1951
548 552
548 783
549 776
549 1912
550 1983
551 805
551 1035
551 1053
551 1390
553 1256
553 1443
553 1468
553 1649
554 1037
554 1142
554 1599
555 644
555 1142
555 1977
557 1234
558 1946
559 1320
559 1464
564 1418
566 1014
566 1538
567 978
568 1695
568 1948
571 764
571 1074
571 1831
572 1216
575 1449
576 932
576 1826
577 844
578 702
578 1665
579 989
579 1275
580 844
581 1373
581 1713
583 1268
586 1134
586 1452
589 733
590 955
590 1092
590 1572
592 1630
593 1662
594 638
595 960
595 1611
595 1725
596 701
598 1018
598 1032
598 1874
600 685
600 899
600 901
602 690
602 1382
602 1945
603 1906
604 1410
604 1540
607 715
610 789
610 1884
610 1918
611 823
611 1589
612 752
612 800
613 1936
614 785
615 1242
615 1696
616 1363
617 1480
618 1313
618 1386
618 1432
619 1747
622 681
622 1119
623 1895
624 852
624 1772
627 987
627 1702
628 1093
629 763
629 1985
630 702
630 1397
634 1629
635 663
635 1647
636 1266
636 1529
637 970
638 1399
638 1601
640 1100
640 1384
642 1544
642 1833
642 1992
644 1698
644 1738
649 1029
651 1308
652 1710
653 665
654 796
656 1127
656 1684
658 1626
659 1980
661 1487
662 1814
664 674
664 1118
664 1122
664 1917
665 1090
666 1460
667 1879
668 1044
668 1671
670 1110
671 1788
672 1753
674 1338
676 835
676 951
676 1274
676 1967
677 1464
679 1420
679 1739
681 1001
681 1731
683 960
684 1775
685 1760
688 1434
690 1151
690 1242
691 1675
691 1703
691 1943
692 1224
693 1378
693 1400
693 1869
694 1692
694 1724
697 1411
697 1865
700 976
701 1091
701 1226
702 1090
702 1499
702 1517
702 1937
704 1469
705 1460
706 878
708 1241
708 1459
710 719
711 1477
712 769
712 1711
714 1886
715 1989
716 1454
717 1013
717 1096
718 1691
721 1006
721 1677
722 906
722 1976
723 899
723 1287
724 1764
725 1801
726 1571
726 1877
727 1632
728 812
730 1075
730 1198
732 1054
732 1343
732 1544
733 1446
734 914
736 1290
737 1889
738 849
738 1335
739 1312
742 793
742 1235
743 1294
744 1081
745 1808
746 820
746 1113
748 1579
750 1170
751 788
753 1373
754 1211
754 1483
755 800
756 1100
757 1224
757 1456
758 1040
758 1114
758 1968
759 955
760 801
760 1469
761 939
761 1224
761 1727
762 831
763 1624
763 1762
764 1751
765 886
766 1479
766 1499
766 1614
767 1467
769 1578
770 1503
783 1501
783 1817
786 1851
787 1399
788 913
788 1315
789 995
790 1113
790 1315
790 1954
792 944
793 826
793 978
793 1053
793 1706
794 1255
797 1752
798 1325
803 1116
804 1566
805 845
805 898
806 1077
806 1436
806 1919
807 1384
809 1247
810 1564
810 1822
811 1983
815 875
815 1483
815 1803
816 1585
816 1882
817 1755
819 1577
820 1074
821 1764
821 1906
823 1962
826 1974
827 1942
828 1117
829 1254
832 1134
832 1355
833 1393
833 1631
834 1113
834 1214
835 1713
835 1946
837 879
837 1789
838 1893
839 1224
840 1295
841 1114
841 1337
843 1088
843 1144
843 1299
843 1614
844 1098
844 1144
847 1185
847 1245
847 1807
847 1982
848 905
848 1907
852 1280
852 1360
854 1718
854 1998
855 1859
857 1028
860 1201
860 1226
860 1478
860 1998
861 1352
864 1273
864 1620
866 1825
868 1409
869 942
869 1443
870 923
872 1538
875 1212
875 1365
875 1374
877 929
877 1188
879 1286
879 1396
880 1129
881 980
882 1632
883 1525
883 1991
887 1675
889 1311
889 1572
891 1245
892 1323
892 1843
894 1506
895 1383
895 1605
895 1737
897 907
898 1580
898 1899
899 1571
902 1602
904 982
906 1022
906 1352
907 1589
908 1474
908 1672
910 1897
914 1168
914 1237
917 1141
917 1543
918 1681
918 1688
919 1055
920 1578
920 1811
921 1528
925 1734
926 1611
926 1767
928 1969
931 948
932 1647
933 1214
934 1811
936 1609
939 970
939 1427
939 1638
940 1728
940 1958
941 1979
944 1911
945 1158
946 1186
949 1946
951 1947
952 1364
953 992
956 1356
956 1527
957 1165
959 1620
959 1815
962 1568
963 1468
964 1023
964 1034
966 1816
967 1010
968 1813
968 1912
972 1870
973 1333
973 1603
973 1734
974 1130
976 1391
976 1498
978 1508
980 1723
980 1819
982 1827
983 1399
984 1857
985 1434
987 1363
988 1009
989 1807
990 1462
991 1807
993 1073
994 1935
995 1061
995 1800
996 1362
1000 1588
1002 1326
1003 1049
1004 1138
1004 1759
1009 1205
1010 1398
1010 1638
1010 1910
1011 1584
1014 1802
1020 1961
1021 1877
1023 1042
1023 1844
1025 1346
1025 1651
1026 1639
1026 1743
1028 1638
1028 1811
1029 1505
1030 1521
1031 1166
1031 1850
1032 1932
1033 1204
1033 1772
1036 1670
1036 1901
1037 1380
1037 1660
1038 1666
1038 1796
1040 1054
1040 1581
1043 1392
1044 1340
1044 1955
1048 1144
1048 1745
1048 1824
1049 1584
1049 1598
1049 1819
1050 1138
1053 1636
1053 1793
1054 1253
1054 1748
1056 1452
1057 1424
1059 1931
1061 1602
1061 1693
1063 1394
1063 1573
1064 1274
1064 1650
1065 1966
1066 1744
1069 1701
1069 1751
1071 1973
1072 1655
1073 1814
1074 1894
1075 1565
1077 1453
1081 1747
1082 1840
1085 1461
1087 1117
1089 1810
1092 1749
1092 1793
1093 1955
1093 1975
1094 1528
1095 1416
1095 1486
1095 1847
1096 1896
1099 1955
1102 1778
1103 1282
1105 1141
1108 1539
1108 1575
1111 1213
1114 1358
1114 1402
1115 1193
1122 1764
1123 1213
1125 1481
1127 1259
1127 1603
1128 1860
1129 1220
1130 1503
1130 1550
1132 1272
1133 1322
1133 1385
1134 1629
1134 1873
1134 1938
1135 1683
1138 1162
1138 1455
1140 1619
1141 1874
1143 1983
1145 1855
1146 1557
1148 1531
1150 1160
1150 1307
1151 1338
1151 1436
1151 1955
1152 1395
1155 1934
1157 1168
1158 1365
1160 1223
1161 1520
1165 1349
1165 1521
1167 1843
1169 1178
1172 1990
1173 1894
1178 1899
1182 1694
1183 1465
1183 1789
1183 1826
1189 1251
1192 1578
1192 1833
1192 1928
1198 1816
1198 1940
1199 1398
1199 1744
1200 1644
1202 1799
1202 1844
1204 1876
1206 1826
1208 1514
1209 1516
1212 1736
1216 1661
1218 1518
1219 1839
1224 1247
1226 1567
1227 1607
1227 1782
1229 1872
1230 1419
1230 1794
1231 1363
1232 1279
1232 1359
1232 1719
1233 1476
1233 1830
1234 1416
1234 1575
1236 1362
1237 1725
1239 1241
1239 1464
1239 1892
1242 1285
1246 1864
1246 1903
1247 1970
1248 1335
1252 1270
1254 1842
1262 1290
1262 1895
1263 1768
1263 1916
1264 1699
1267 1828
1271 1422
1271 1521
1271 1802
1274 1473
1277 1385
1278 1454
1281 1692
1284 1854
1286 1325
1288 1395
1288 1896
1289 1780
1292 1754
1292 1877
1292 1977
1293 1936
1296 1793
1299 1731
1300 1468
1303 1898
1305 1679
1305 1702
1308 1322
1308 1808
1308 2000
1310 1484
1313 1874
1318 1806
1321 1817
1322 1933
1323 1363
1326 1375
1326 1386
1326 1527
1327 1624
1331 1569
1333 1574
1334 1772
1336 1748
1336 1929
1337 1432
1338 1757
1340 1448
1341 1641
1342 1917
1343 1982
1344 1820
1346 1804
1352 1541
1352 1958
1356 1610
1356 1963
1358 1947
1363 1371
1366 1611
1367 1787
1372 1890
1382 1450
1382 1850
1384 1935
1386 1820
1390 1923
1392 1571
1392 1767
1393 1753
1394 1566
1395 1739
1396 1751
1402 1426
1402 1517
1404 1758
1407 1840
1407 1958
1410 1723
1413 1435
1413 1511
1420 1553
1422 1501
1422 1636
1423 1503
1424 1428
1424 1686
1431 1459
1433 1542
1433 1551
1434 1678
1434 1762
1434 1931
1435 1553
1435 1583
1435 1678
1438 1729
1439 1696
1440 1458
1442 1584
1446 1592
1447 1461
1447 1996
1450 1908
1452 1822
1453 1474
1454 1822
1456 1885
1457 1703
1458 1742
1459 1982
1461 1563
1466 1585
1471 1894
1475 1711
1476 1574
1479 1510
1483 1643
1485 1954
1486 1877
1491 1989
1495 1752
1496 1971
1497 1661
1498 1621
1502 1703
1503 1696
1504 1940
1505 1556
1506 1728
1511 1942
1513 1550
1513 1866
1515 1941
1519 1705
1519 1933
1521 1644
1525 1646
1525 1971
1525 1997
1526 1940
1529 1877
1530 1815
1531 1993
1541 1686
1545 1927
1549 1880
1550 1610
1552 1898
1555 1841
1555 1975
1560 1981
1564 1724
1565 1848
1568 1737
1571 1579
1571 1715
1572 1892
1573 1657
1574 1875
1577 1734
1577 1740
1581 1770
1582 1738
1584 1629
1585 1737
1597 1833
1600 1811
1601 1904
1606 1716
1609 1687
1611 1922
1617 1782
1619 1710
1619 1745
1623 1641
1626 1810
1629 1747
1629 1932
1635 1874
1639 1831
1648 1812
1649 1896
1651 1883
1667 1675
1671 1907
1673 1943
1675 1885
1686 1725
1692 1753
1692 1859
1705 1860
1707 1794
1710 1936
1715 1980
1716 1970
1724 1781
1726 1809
1726 1860
1727 1881
1739 1792
1740 1872
1743 1994
1757 1936
1762 1887
1763 1952
1764 1899
1766 1997
1774 1969
1778 1881
1781 1806
1781 1814
1783 1828
1805 1838
1807 1970
1817 1949
1818 1845
1834 1932
1841 1893
1847 1969
1856 1902
1858 1936
1884 1920
1888 1976
1894 1937
1899 1982
1910 1927
1919 1982
1926 1940
1933 1940
1957 1975