2000
1 887
1 1210
1 1706
2 16
2 70
2 100
2 199
2 385
2 717
2 842
2 1169
2 1713
2 1728
2 1934
3 99
3 380
3 526
3 928
3 988
3 1038
3 1388
3 1504
3 1745
4 69
4 205
4 463
4 464
4 467
4 543
4 578
4 603
4 936
4 1216
4 1311
4 1543
5 144
5 408
5 643
5 888
5 1509
6 83
6 219
6 810
6 947
6 987
6 1035
7 127
7 561
7 663
7 826
7 1209
7 1244
7 1262
7 1287
7 1941
8 484
8 605
8 794
8 833
8 1052
8 1844
9 218
9 227
9 262
9 492
9 1531
9 1757
10 75
10 1007
10 1502
10 1664
10 1927
11 228
11 461
11 764
11 1137
12 565
12 689
12 1129
12 1286
12 1542
13 101
13 360
13 776
13 1106
13 1937
14 450
14 584
14 1075
14 1078
14 1777
15 554
15 654
15 1672
15 1753
16 1019
16 1640
16 1655
17 558
17 993
17 1580
17 1802
18 1129
18 1646
18 1952
19 38
19 1809
20 416
20 834
20 1187
20 1437
20 1816
21 664
21 1019
21 1088
21 1353
21 1492
21 1808
21 1914
22 404
22 618
22 1220
22 1926
23 551
23 888
23 1181
23 1327
24 591
24 1805
24 1899
24 1989
25 666
25 1160
25 1374
26 203
26 833
26 1407
27 927
27 1050
27 1841
28 517
28 619
28 1081
28 1273
28 1925
29 60
29 167
29 261
29 993
29 1206
29 1617
30 38
30 256
30 504
30 1928
31 55
31 682
31 721
31 1268
31 1285
31 1488
31 1855
31 1921
32 139
32 159
32 351
32 664
32 851
32 1282
32 1747
32 1900
33 93
33 566
33 902
33 1025
33 1781
33 1945
34 183
34 582
34 793
34 872
34 1550
35 136
35 549
35 679
35 788
35 1234
35 1346
35 1843
36 444
36 473
36 503
36 951
36 1175
36 1274
36 1594
36 1939
37 670
37 771
37 1061
37 1423
37 1590
37 1688
37 1701
37 1731
38 283
38 507
38 1445
38 1713
38 1897
39 435
39 1020
39 1472
40 345
40 973
40 1146
40 1461
40 1818
41 706
41 845
41 978
41 1672
41 1938
42 173
42 370
42 1042
42 1538
42 1587
43 464
43 756
44 47
44 199
44 1839
44 1905
44 1994
45 278
45 360
45 527
45 659
45 769
45 1062
46 979
46 1579
46 1720
47 308
47 871
47 889
47 1053
47 1727
47 1954
47 1983
48 165
48 523
48 557
48 1024
48 1383
49 198
49 479
49 1788
49 1985
50 56
50 253
50 520
50 785
50 1515
50 1539
50 1715
50 1717
50 1831
51 984
51 1088
51 1611
52 159
52 726
52 838
52 1438
53 441
53 527
53 1239
54 76
54 355
54 593
54 1057
54 1683
54 1720
55 287
55 424
55 614
55 902
55 978
55 984
55 1087
55 1799
55 1844
55 1966
56 746
56 1446
57 600
57 698
57 939
57 1045
57 1077
57 1228
57 1565
57 1661
57 1862
58 433
58 503
58 874
58 1230
58 1633
58 1726
59 486
59 652
59 1602
59 1674
60 225
60 1390
60 1436
60 1756
60 1818
60 1958
61 348
61 587
61 762
61 840
61 1052
61 1107
61 1309
61 1831
62 258
62 570
62 717
62 795
62 1720
63 195
63 473
63 673
63 1089
63 1319
64 504
64 582
64 729
64 1204
64 1487
64 1704
65 674
65 1431
65 1581
65 1751
66 1331
67 188
67 967
67 1336
67 1574
67 1594
67 1612
67 1862
68 1016
68 1339
68 1595
69 97
69 192
69 594
69 836
69 1282
69 1345
69 1466
69 1898
70 709
70 869
70 1554
70 1664
70 1689
70 1796
70 1972
71 254
71 469
71 1082
71 1303
71 1487
72 697
72 827
72 951
72 989
72 995
72 1026
72 1143
72 1228
72 1298
72 1640
72 1932
72 1941
73 446
73 767
73 1925
74 105
74 307
74 376
74 529
74 1203
74 1731
74 1970
75 529
75 1058
75 1922
76 189
76 1304
76 1414
76 1697
77 882
77 913
77 1198
78 503
78 1193
78 1746
78 1869
79 696
79 1123
80 241
80 300
80 572
80 1094
80 1148
80 1312
80 1376
80 1471
81 276
81 998
81 1292
81 1439
81 1620
81 1677
81 1773
82 127
82 356
82 501
82 532
82 797
82 1399
82 1546
82 1961
83 364
83 742
83 1075
83 1374
83 1462
84 423
84 798
84 1118
84 1438
84 1739
84 1746
85 437
85 491
85 1575
86 424
86 498
86 544
86 710
86 825
86 856
86 882
86 1134
86 1931
87 937
87 1142
87 1251
87 1259
87 1605
88 107
88 474
88 744
88 942
89 130
89 902
89 1119
89 1158
89 1339
89 1347
90 256
90 280
90 414
90 507
90 991
90 1706
90 1747
91 160
91 262
91 264
91 530
91 1694
91 1767
91 1803
91 1840
91 1941
92 215
92 1111
92 1219
92 1458
93 167
93 200
93 299
93 602
93 1165
93 1784
94 968
94 1357
94 1596
95 964
95 1420
96 108
96 817
96 1225
96 1361
96 1702
96 1744
96 1915
97 236
97 625
97 770
97 1756
97 1869
98 335
98 867
98 952
98 987
98 1271
98 1792
99 371
99 565
99 1041
99 1948
100 147
100 211
100 423
100 649
100 724
100 851
100 863
100 1111
100 1156
100 1510
102 447
102 824
102 884
102 920
102 1003
102 1127
102 1585
102 1591
102 1620
103 418
103 597
103 599
103 628
103 1173
104 196
104 539
104 695
104 798
104 1441
105 935
105 999
105 1961
106 1094
106 1201
106 1357
106 1554
106 1815
106 1879
107 114
107 130
107 609
107 756
107 1604
107 1628
107 1653
108 237
108 722
108 1262
108 1629
108 1708
108 1828
109 494
109 1379
109 1872
110 257
110 272
110 300
110 342
110 539
110 938
110 1162
111 292
111 785
111 1124
111 1227
111 1239
111 1450
112 131
112 1173
112 1380
112 1449
112 1906
113 315
113 432
113 533
113 624
113 759
113 1250
113 1512
113 1855
114 251
114 276
114 495
114 843
114 1169
114 1240
114 1510
114 1704
114 1742
115 330
115 420
115 602
115 632
115 966
115 1786
115 1858
116 129
116 1095
116 1169
116 1369
116 1371
116 1572
116 1697
116 1726
116 1789
117 1035
117 1093
117 1257
117 1687
117 1730
117 1853
118 145
118 147
118 261
118 903
118 1120
118 1505
118 1513
119 418
119 831
119 988
119 1070
119 1305
120 442
120 556
120 661
120 1406
120 1577
120 1642
120 1901
120 1952
121 604
121 776
121 1103
121 1229
121 1266
121 1659
121 1667
121 1903
122 133
122 550
122 644
122 786
122 849
122 1072
122 1242
122 1244
122 1724
122 1836
123 218
123 304
123 539
123 1226
123 1376
123 1462
123 1794
123 1854
123 1976
124 952
124 961
124 1541
124 1621
124 1657
124 1857
125 1034
125 1303
125 1999
126 1066
126 1072
126 1309
127 776
127 1210
127 1973
128 522
128 540
128 1068
128 1246
128 1276
129 475
129 708
129 742
129 898
129 1136
129 1736
129 1879
129 1937
130 298
130 316
130 1265
130 1332
130 1638
130 1865
130 1895
131 142
131 318
131 350
131 639
131 1232
131 1449
131 1640
131 1758
132 403
132 514
132 591
132 885
132 949
132 1161
132 1502
133 136
133 188
133 695
133 747
133 1927
133 1989
134 174
134 369
135 1791
136 504
136 986
136 1052
136 1550
136 1919
137 385
137 578
137 738
137 792
137 1850
138 347
138 389
138 616
138 730
138 1459
138 1493
138 1746
139 182
139 230
139 244
139 263
139 841
139 1926
140 653
140 848
140 1283
140 1454
140 1721
141 640
141 952
141 1102
142 601
142 1083
142 1240
142 1379
142 1779
143 250
143 731
143 766
143 1632
143 1765
143 1798
144 501
144 526
144 612
144 637
144 710
144 768
145 274
145 1029
145 1189
145 1384
145 1422
145 1659
146 175
146 493
146 582
146 900
146 954
146 1054
146 1429
146 1603
146 1722
146 1813
147 429
148 316
148 1206
148 1441
148 1827
148 1871
149 290
149 420
149 1322
150 375
150 473
150 775
150 1049
150 1386
150 1449
150 1476
150 1758
151 1036
151 1303
151 1642
151 1654
151 1689
151 1859
152 1368
152 1412
152 1796
152 1879
153 700
153 803
153 1017
153 1086
153 1271
153 1470
153 1691
154 1128
154 1423
154 1591
155 217
155 413
155 483
155 592
155 917
155 1061
156 1679
157 659
157 1258
157 1741
158 390
158 531
158 754
158 798
158 897
158 1187
158 1569
158 1644
158 1733
159 1018
159 1047
159 1059
159 1154
159 1373
159 1616
160 404
160 509
160 635
160 900
160 1000
160 1129
160 1186
160 1359
160 1443
161 255
161 324
161 397
161 437
161 1186
161 1388
161 1721
161 1834
162 186
162 1067
162 1265
162 1735
163 1179
163 1701
163 1835
164 244
164 1192
164 1431
164 1754
164 1825
164 1896
164 1944
165 297
165 953
165 1013
165 1122
165 1775
165 1998
166 856
166 907
166 934
166 1174
166 1510
166 1805
167 198
167 359
167 586
167 669
167 717
167 818
167 1119
167 1796
167 1906
168 197
168 663
168 692
168 766
168 1674
168 1713
169 898
169 1180
169 1182
169 1288
169 1413
170 191
170 664
170 1383
170 1493
170 1684
171 559
171 1790
172 927
172 1521
172 1598
172 1637
172 1723
172 1828
172 1948
173 723
173 879
174 824
174 1236
175 179
175 355
175 525
175 1153
175 1543
175 1687
176 336
176 427
176 565
176 608
176 757
176 846
176 1287
176 1782
176 1849
176 1914
176 1959
177 659
177 788
177 808
177 1262
177 1288
177 1434
178 371
178 939
178 1500
178 1608
178 1629
178 1645
179 341
179 455
179 457
179 626
179 754
179 985
179 1390
179 1559
179 1773
180 279
180 345
180 1010
180 1184
180 1351
180 1907
181 917
181 945
181 1077
181 1318
181 1490
181 1764
181 1834
182 627
182 824
182 943
182 1658
182 1710
182 1873
182 1912
182 1922
183 254
183 263
183 323
183 413
183 999
183 1219
183 1450
183 1908
183 1999
184 351
184 616
184 836
184 1525
184 1875
185 227
185 735
185 1864
186 202
186 518
186 628
186 664
186 880
186 1102
186 1467
186 1523
186 1629
186 1884
186 1915
187 544
187 624
187 725
187 1831
187 1912
188 839
188 1018
188 1547
188 1570
188 1862
189 1010
190 577
190 606
190 997
190 1158
190 1268
190 1653
191 462
191 609
191 1122
191 1173
191 1183
191 1419
191 1610
192 381
192 577
192 992
192 1331
192 1555
192 1561
192 1597
192 1724
192 1743
192 1949
193 1455
193 1975
194 379
194 635
194 902
194 1805
195 483
195 484
195 568
195 1696
195 1716
195 1742
196 642
196 1385
196 1955
197 895
197 985
197 1891
198 598
198 732
198 957
198 980
198 1116
198 1415
198 1670
199 1683
199 1866
200 534
200 558
200 645
200 690
200 840
200 866
200 1125
201 364
201 614
201 637
201 738
201 1018
201 1488
202 289
202 345
202 1194
202 1500
203 717
203 1782
204 690
204 1220
204 1532
204 1744
205 281
205 973
205 1080
205 1732
206 224
206 1617
207 450
207 502
207 994
207 1204
208 645
208 659
208 881
209 605
209 1109
209 1885
210 442
210 672
210 736
210 1259
210 1718
210 1965
211 728
211 1497
212 254
212 378
212 412
212 796
212 1204
212 1919
212 1927
213 352
213 724
214 522
214 1955
215 1348
215 1738
215 1851
216 391
216 581
216 1330
216 1624
216 1693
216 1728
217 260
217 320
217 403
217 977
217 1195
217 1592
218 264
218 333
218 368
218 1373
218 1416
218 1728
218 1966
219 577
219 912
219 1576
219 1673
219 1871
219 1944
220 607
220 683
220 1537
220 1884
221 502
221 1057
221 1721
222 401
222 476
222 1000
222 1002
222 1656
223 481
223 1446
224 323
224 432
224 611
224 970
224 993
224 1169
224 1521
224 1869
225 337
225 453
225 520
225 1148
225 1704
226 302
226 368
226 479
226 486
226 573
226 1117
226 1484
226 1730
226 1907
227 442
227 1012
227 1485
227 1789
227 1826
228 680
228 1107
228 1158
228 1642
228 1730
229 494
229 795
229 1519
230 903
230 1161
230 1387
230 1809
231 345
231 797
231 1418
231 1437
231 1585
231 1664
232 286
232 859
232 1288
232 1442
232 1560
232 1894
232 1930
232 1969
233 604
233 681
233 855
233 914
233 1714
233 1816
233 1904
234 264
234 507
234 520
234 1438
235 505
235 991
235 1248
235 1550
235 1573
235 1614
235 1818
235 1959
236 278
236 713
236 820
236 884
236 1127
236 1709
236 1877
237 466
237 933
237 945
237 1665
238 523
238 604
238 648
238 745
238 752
238 1011
238 1124
238 1165
238 1255
238 1296
238 1543
238 1621
239 543
239 594
239 1538
240 606
241 320
241 848
241 969
241 1660
241 1690
242 526
242 672
242 692
242 1388
242 1589
242 1644
242 1711
243 523
243 835
243 900
243 1163
243 1409
243 1786
244 1166
244 1551
245 428
245 469
245 742
245 789
245 822
245 1153
245 1453
245 1607
245 1672
245 1741
245 1851
246 656
246 904
246 1476
246 1749
246 1946
247 541
247 727
247 870
247 921
247 1185
247 1405
247 1994
248 448
249 1648
249 1938
250 532
250 1481
250 1846
251 291
251 355
251 737
251 1481
251 1547
251 1675
252 1200
252 1797
253 947
253 1151
253 1645
254 352
254 587
254 589
254 1256
254 1541
254 1628
254 1760
254 1838
255 288
255 350
255 549
255 746
255 1089
255 1305
255 1348
255 1365
255 1506
255 1607
255 1684
256 860
256 985
256 1330
256 1848
256 1972
257 669
257 1032
257 1290
257 1397
257 1523
258 331
258 444
258 702
258 832
258 1938
259 850
260 760
260 767
260 831
260 939
260 1066
260 1661
260 1915
260 1933
260 1934
261 588
261 790
261 1032
261 1180
261 1587
262 416
262 440
262 818
262 1052
262 1576
262 1999
263 1009
263 1081
263 1218
263 1314
263 1601
263 1921
264 1001
264 1260
264 1769
265 560
265 821
265 1452
265 1518
265 1987
266 690
266 1200
266 1284
266 1433
266 1450
267 1434
268 408
268 960
268 1324
269 491
269 1282
269 1408
269 1585
269 1742
269 1879
269 1921
269 1934
269 1940
270 374
270 534
270 1243
270 1321
270 1405
270 1895
271 1019
271 1339
272 821
272 1214
272 1663
272 1908
273 815
273 886
273 1028
273 1267
273 1408
273 1458
273 1678
274 588
274 653
274 1068
274 1182
274 1314
274 1661
274 1668
274 1729
274 1887
275 657
275 1151
275 1356
275 1896
276 753
276 810
276 1520
276 1574
276 1744
277 313
277 577
277 629
277 835
277 876
277 1345
277 1662
278 534
278 1264
278 1622
279 540
279 1589
279 1598
279 1670
279 1816
279 1997
280 315
280 999
280 1086
280 1457
280 1828
280 1870
281 404
281 632
281 1351
281 1710
282 482
282 784
282 865
282 1024
282 1375
282 1404
282 1831
282 1921
283 498
283 597
283 1248
283 1797
283 1973
284 835
284 938
284 955
284 1392
284 1629
284 1856
285 414
285 543
285 1249
285 1528
285 1830
286 1405
286 1725
286 1781
287 300
287 1683
287 1908
288 734
288 762
288 1042
288 1309
288 1323
288 1386
288 1402
288 1470
288 1586
288 1765
289 446
289 504
289 859
289 1332
289 1482
289 1561
289 1846
289 1909
290 1185
290 1504
290 1758
291 807
291 1137
291 1276
291 1637
291 1800
292 801
292 862
292 1393
292 1504
292 1564
292 1776
292 1973
293 355
293 1225
293 1236
293 1284
293 1610
294 495
294 613
294 807
294 1110
294 1768
294 1813
295 345
295 666
295 901
295 974
295 1418
296 379
296 581
296 744
296 1210
296 1377
296 1895
297 411
297 686
297 952
297 1827
298 468
298 611
298 833
298 835
298 1492
298 1498
298 1648
298 1947
299 408
299 640
299 955
299 1157
299 1177
299 1283
299 1417
299 1872
300 643
300 1276
300 1374
300 1379
301 588
301 1617
301 1788
302 631
302 1155
302 1237
302 1481
302 1542
302 1791
303 1021
303 1712
303 1951
303 1986
304 495
304 850
304 959
304 1069
304 1263
304 1281
304 1755
304 1879
304 1885
305 514
305 1652
305 1700
305 1842
305 1899
305 1909
306 998
306 1071
307 316
307 540
307 698
307 903
307 1285
307 1535
307 1583
307 1634
308 341
308 389
308 655
308 738
308 794
308 941
308 1471
308 1534
308 1749
308 1941
309 683
309 974
309 1258
309 1427
309 1693
309 1746
309 1782
309 1957
310 783
310 1276
310 1392
310 1788
310 1807
310 1879
311 571
311 581
311 1014
311 1527
312 360
312 523
312 717
312 960
312 1184
312 1275
312 1815
313 414
313 864
313 1389
313 1533
313 1599
313 1891
313 1930
314 488
314 1024
314 1565
315 444
315 524
315 780
315 865
315 866
315 1170
315 1703
315 1774
315 1886
315 1922
316 524
316 580
316 659
316 1423
316 1542
317 329
317 592
317 739
317 1350
317 1414
317 1459
318 1856
319 412
319 687
319 734
319 948
319 1258
319 1267
319 1275
319 1368
319 1429
320 346
320 800
320 1168
320 1325
320 1578
321 525
321 731
321 832
321 1127
321 1621
321 1729
321 1755
322 840
322 1371
322 1445
322 1657
322 1869
322 1898
322 1998
323 466
323 518
324 412
324 848
324 1164
324 1490
325 705
325 949
325 1341
325 1481
325 1757
325 1914
325 1971
326 906
326 981
326 1712
326 1906
327 409
327 693
327 803
327 881
327 960
327 1043
328 761
328 859
328 1679
328 1772
329 574
329 668
329 918
329 1328
329 1756
330 408
330 1109
330 1155
330 1174
330 1200
330 1325
330 1525
331 856
331 1332
331 1342
331 1444
332 651
332 722
332 1476
332 1571
332 1767
333 674
333 1010
333 1207
333 1404
333 1497
333 1517
333 1543
333 1648
333 1727
333 1978
334 749
334 1066
334 1612
334 1728
335 727
335 867
335 1413
335 1457
336 556
336 1249
336 1668
336 1791
337 405
337 608
337 758
337 883
337 898
337 1007
337 1681
338 1305
338 1988
339 714
339 884
339 912
339 1382
340 391
340 406
340 568
340 1378
341 392
341 1035
341 1353
341 1490
342 637
342 643
342 675
342 840
342 1105
342 1296
342 1330
343 788
343 1359
343 1534
343 1538
343 1604
344 498
344 593
344 756
344 817
344 1165
345 1491
345 1576
346 910
346 1357
346 1402
346 1460
346 1650
346 1985
347 490
347 519
347 590
347 1044
348 557
348 791
348 1158
348 1701
348 1739
349 510
349 545
349 556
349 740
349 965
349 1105
349 1781
350 461
350 1604
350 1937
351 483
351 609
351 1209
351 1894
352 370
352 517
352 540
352 947
352 1232
352 1967
353 410
353 463
353 897
353 926
353 1429
353 1528
353 1846
354 396
354 661
354 929
354 1030
354 1104
354 1286
355 546
355 993
355 1102
355 1591
356 563
356 730
356 924
356 1061
356 1378
356 1983
357 385
357 560
357 1035
357 1815
357 2000
358 1065
358 1569
358 1662
358 1894
358 1991
359 520
359 1155
359 1376
359 1389
359 1524
359 1560
359 1607
359 1686
360 1004
360 1076
360 1502
360 1525
361 409
361 991
361 1266
361 1545
361 1717
361 1856
362 643
362 654
362 1803
363 376
363 870
363 1537
363 1631
364 653
364 822
364 1196
364 1224
364 1344
364 1558
364 1889
365 799
365 806
365 1894
366 549
366 626
366 796
366 987
366 1031
366 1780
366 1983
367 1069
367 1086
367 1486
368 751
368 777
368 1003
368 1807
369 668
369 738
369 961
369 1030
369 1196
369 1225
369 1630
369 1974
370 459
370 531
370 688
370 1156
370 1321
370 1411
370 1976
371 455
371 589
371 1382
372 548
372 575
372 675
372 851
372 1394
372 1797
372 1984
373 979
373 1794
373 1852
374 922
374 1482
374 1791
375 649
375 835
375 942
375 955
375 1871
376 486
376 858
376 1813
377 685
377 820
377 890
377 1156
377 1822
377 1881
378 386
378 396
378 634
378 912
378 1975
379 483
379 1135
379 1654
380 397
380 454
380 526
380 1859
381 487
381 619
381 767
381 877
381 993
381 1187
381 1826
382 542
382 612
382 679
382 940
382 1772
383 951
383 1258
383 1504
383 1660
383 1746
384 864
384 1067
384 1136
384 1358
384 1497
384 1961
385 552
385 680
385 788
385 801
385 863
385 1214
385 1894
386 1477
386 1612
387 750
387 764
387 1342
388 726
388 1383
388 1435
388 1907
389 525
389 560
389 923
389 1270
389 1335
389 1349
390 985
390 1011
390 1131
390 1841
390 1957
391 432
391 457
391 670
391 725
391 988
391 1006
391 1053
391 1082
391 1779
391 1901
392 540
392 1613
393 399
393 403
393 452
393 939
393 1367
393 1757
393 1769
393 1812
394 489
394 993
395 555
395 602
395 1010
395 1566
395 1585
396 1378
396 1465
397 1320
398 993
398 1341
398 1584
398 1845
398 1855
399 743
399 760
399 1012
399 1520
400 666
400 1153
400 1155
400 1163
400 1430
401 548
401 1060
401 1326
402 533
402 834
402 1102
402 1132
402 1170
402 1376
402 1539
403 646
403 898
403 1222
403 1285
403 1712
404 470
404 674
404 789
404 860
405 804
405 935
405 1392
405 1421
406 479
406 826
406 1206
406 1431
406 1774
407 997
407 1657
407 1832
407 1897
408 424
408 1068
408 1167
408 1249
408 1748
408 1792
408 1842
408 1899
409 1433
409 1786
410 669
410 1238
410 1639
410 1678
410 1855
411 1018
411 1381
411 1654
411 1716
411 1931
412 464
412 481
412 617
412 1134
412 1240
412 1370
412 1458
413 536
413 772
413 832
413 1109
413 1175
413 1520
414 459
414 950
414 1724
414 1866
415 514
415 819
415 931
415 939
415 980
415 1157
415 1524
415 1710
416 1553
416 1572
416 1584
416 1827
417 513
417 532
417 562
417 603
417 1413
417 1577
417 1930
417 1933
417 1986
418 422
418 640
418 745
418 996
418 1029
418 1040
418 1498
418 1716
418 1945
419 1278
419 1413
419 1789
420 503
420 604
420 718
420 821
420 1598
420 1818
421 726
421 988
421 1267
421 1603
421 1750
421 1980
422 616
422 1224
422 1576
422 1625
422 1816
423 457
423 544
423 759
423 1760
423 1786
424 436
424 516
424 556
424 819
424 957
424 1023
424 1297
425 599
425 687
425 735
425 792
425 1066
425 1387
426 887
426 935
426 1195
426 1465
426 1535
426 1981
427 558
427 1375
428 592
428 652
428 824
428 1341
428 1369
428 1399
428 1618
428 1677
429 693
429 976
429 1204
429 1720
429 1780
430 786
430 1134
430 1228
430 1309
430 1310
430 1438
430 1762
431 446
431 921
431 1484
432 720
432 761
432 1535
432 1549
432 1886
433 1207
433 1323
433 1473
434 1041
434 1743
434 1806
434 1970
434 1985
435 486
435 793
435 1228
435 1325
436 460
436 1751
436 1771
436 1815
437 722
437 840
437 1555
437 1569
438 737
438 870
438 1120
438 1350
438 1485
438 1812
439 577
439 993
439 1679
440 505
440 511
440 736
440 884
440 1066
440 1446
440 1510
441 532
441 596
441 1087
441 1452
442 781
442 1260
442 1300
442 1764
442 1827
442 1858
442 1918
443 580
443 1119
443 1377
443 1987
444 864
444 935
444 1256
444 1391
444 1582
444 1708
444 1780
445 1997
446 680
446 737
446 1201
446 1944
447 510
447 577
447 652
447 713
447 721
447 738
447 739
447 904
447 1087
447 1817
447 1938
448 1685
449 568
449 650
449 1139
449 1163
449 1283
449 1892
449 1979
450 657
450 1289
451 729
451 1041
451 1363
451 1435
451 1960
452 1104
453 1373
454 658
454 799
454 942
454 1432
454 1709
454 1719
455 674
455 780
455 859
455 876
455 1012
455 1269
455 1403
455 1526
456 1274
456 1352
456 1549
457 1599
457 1738
457 1885
457 1976
458 1140
458 1395
459 650
459 784
459 804
459 888
459 943
459 1071
459 1147
459 1580
459 1583
459 1638
460 679
460 1083
461 674
461 868
461 1060
461 1450
461 1730
461 1956
462 464
462 895
462 1153
462 1280
462 1938
463 1144
463 1180
463 1542
463 1603
463 1645
463 1784
463 1825
463 1907
464 678
464 793
464 1015
464 1353
465 730
466 479
466 705
466 811
466 911
466 1090
466 1278
466 1522
466 1560
466 1689
466 1723
467 642
467 1210
467 1295
467 1458
467 1585
467 1684
467 1731
467 1934
468 500
468 795
468 898
468 1413
468 1500
469 616
469 1081
469 1381
469 1542
469 1623
469 1629
469 1663
469 1928
470 1410
470 1689
470 1704
470 1827
470 1966
471 475
471 586
471 683
471 1029
471 1137
471 1548
471 1636
471 1643
471 1726
472 683
472 967
472 968
472 1051
472 1194
472 1220
472 1297
472 1520
473 633
473 1133
473 1953
474 515
474 690
474 697
474 777
474 1472
475 553
475 636
475 923
475 1027
475 1244
475 1353
476 760
476 763
476 967
476 1526
476 1900
477 1423
477 1742
477 1861
478 772
478 889
478 1554
478 1821
478 1946
479 1153
479 1269
479 1859
480 545
480 919
480 1046
480 1177
480 1578
480 1645
481 1998
482 557
482 638
482 656
482 682
482 1396
482 1443
482 1596
482 1605
483 1091
483 1592
483 1760
483 1962
484 522
484 669
484 1012
484 1321
484 1503
485 704
485 737
485 1250
485 1409
485 1414
486 599
486 781
486 1019
486 1688
486 1794
486 1833
487 531
487 1092
487 1503
487 1605
487 1903
488 1056
488 1111
488 1535
488 1697
488 1936
489 667
489 826
489 1894
490 1148
490 1347
490 1450
490 1636
490 1652
490 1755
491 1061
491 1430
491 1510
491 1766
491 1789
491 1821
492 575
492 619
492 1031
492 1700
492 1763
492 1888
493 859
493 1012
493 1461
493 1471
493 1701
493 1999
494 1177
494 1564
494 1794
494 1981
494 1993
495 1027
495 1152
495 1392
496 599
496 759
496 807
496 1803
497 545
497 552
497 1162
497 1271
497 1305
497 1433
497 1835
497 1900
497 1951
498 780
498 975
498 1089
498 1104
498 1106
499 1198
499 1757
500 739
500 912
500 1386
500 1815
500 1831
501 790
502 543
502 1004
502 1007
502 1455
502 1485
502 1803
502 1870
502 1910
503 1572
503 1714
503 1927
504 516
504 689
504 1353
504 1563
504 1795
505 779
505 812
505 983
506 800
506 945
506 1906
507 519
507 942
507 1419
507 1495
507 1500
507 1550
507 1995
508 521
508 1369
508 1621
508 1626
509 562
509 664
509 666
509 844
510 736
510 1432
510 1553
510 1560
510 1779
510 1957
511 1830
512 637
512 1189
513 567
513 1103
513 1132
513 1614
513 1662
513 1744
514 747
514 959
514 989
514 1049
514 1080
514 1125
514 1644
514 1776
515 709
515 876
515 1051
515 1265
515 1582
516 742
516 918
516 923
516 1116
516 1410
516 1475
517 1096
517 1797
517 1883
518 585
518 586
518 588
518 953
518 1014
518 1020
518 1223
518 1368
518 1506
519 763
519 1137
519 1348
519 1934
520 681
520 1057
520 1651
521 738
521 868
521 952
521 1080
522 844
522 1709
523 1162
523 1169
523 1189
523 1378
523 1547
524 744
524 1114
524 1195
524 1555
525 625
525 713
525 753
525 1330
525 1657
525 1663
525 1689
526 976
526 1712
527 736
527 903
527 1629
528 990
528 1562
529 1213
529 1486
530 689
530 958
530 1147
530 1248
530 1652
531 1191
531 1489
531 1875
532 1308
532 1595
532 1955
533 878
534 644
534 1015
534 1431
534 1443
534 1643
534 1696
535 758
535 874
535 1133
535 1359
535 1862
536 1200
536 1264
537 556
537 653
537 719
537 1105
537 1251
537 1594
537 1969
537 1984
538 966
538 1126
538 1779
538 1858
538 1923
539 1755
540 922
540 1007
540 1479
540 1565
540 1574
540 1649
540 1735
540 1838
540 1871
540 1908
541 965
541 1037
541 1605
541 1737
541 1983
542 1112
543 600
543 1396
543 1558
543 1893
544 780
544 1566
544 1695
545 671
545 890
545 1067
545 1195
545 1370
546 1702
547 1042
547 1150
547 1365
547 1591
547 1719
547 1894
547 1908
548 936
548 1544
548 1687
549 674
549 877
549 989
549 1330
549 1431
550 1062
551 1745
551 1912
551 1938
552 681
552 877
552 1064
552 1152
553 1056
553 1221
553 1440
553 1459
554 1483
554 1579
554 1757
555 1249
555 1592
555 1643
555 1936
556 630
556 852
556 923
556 992
556 1256
556 1338
556 1431
557 783
557 840
557 899
557 1083
558 809
558 870
558 1430
558 1436
559 580
559 582
559 1046
559 1339
559 1468
559 1619
560 925
560 1217
560 1951
560 1961
561 1154
561 1718
561 1776
562 1990
563 1072
563 1098
563 1636
564 1153
564 1193
564 1464
564 1773
565 898
565 1807
566 727
566 1326
567 629
567 1066
567 1201
567 1596
567 1875
567 1941
568 1340
568 1342
568 1803
568 1996
569 986
569 1276
569 1295
569 1529
569 1589
570 973
570 1118
570 1203
570 1360
570 1751
570 1785
571 727
571 1416
571 1461
571 1798
572 670
572 748
572 793
572 1049
572 1269
572 1917
573 998
573 1068
573 1205
573 1826
574 868
574 930
574 935
574 966
574 997
574 1671
575 758
575 1007
575 1433
575 1526
575 1731
576 608
576 777
576 1069
576 1268
576 1369
577 1292
577 1335
577 1360
577 1487
577 1536
578 633
578 721
578 774
578 929
578 999
578 1260
578 1590
579 596
579 858
579 1292
579 1363
579 1565
580 1681
580 1739
580 1750
580 1850
581 620
581 646
581 681
581 1567
581 1623
581 1669
581 1793
581 1927
582 1028
582 1923
583 798
583 962
583 1082
583 1193
583 1280
583 1586
583 1687
583 1754
583 1893
584 813
584 1658
584 1667
584 1767
584 1860
584 1869
584 1972
585 823
585 1098
585 1312
585 1334
585 1613
585 1821
586 636
586 1450
586 1616
587 1024
587 1760
587 1811
587 1988
588 653
588 1423
588 1502
588 1798
589 799
589 870
589 1260
589 1526
590 639
590 1185
591 797
591 819
591 1087
591 1644
591 1836
592 1130
592 1396
592 1613
592 1861
593 643
593 1377
593 1442
593 1874
594 785
594 1149
594 1557
595 1041
595 1083
596 703
596 1338
597 1423
598 783
598 784
598 801
598 1895
598 1913
599 932
599 1883
600 720
601 635
601 871
601 1304
601 1652
601 1897
601 1898
602 1369
602 1477
602 1806
603 1167
603 1224
603 1931
604 697
604 1178
605 1591
605 1836
605 1923
606 607
606 1140
606 1732
606 1750
606 1783
606 1892
607 791
607 965
607 1599
607 1663
607 1691
607 1775
608 881
608 1802
608 1910
609 863
609 919
609 1010
609 1252
609 1323
609 1730
610 762
610 1038
610 1100
610 1318
610 1657
611 695
611 1599
612 1743
612 1842
613 1380
614 1159
614 1318
614 1721
614 1751
614 1810
615 845
615 1284
615 1661
615 1734
615 1813
616 740
616 875
616 1045
616 1840
617 1175
617 1292
617 1419
617 1889
617 1968
618 659
618 1027
618 1090
618 1300
619 716
619 1008
619 1660
619 1822
620 857
620 1053
620 1226
620 1256
621 669
621 687
621 869
621 1065
621 1095
621 1229
621 1263
621 1686
621 1751
621 1758
622 783
622 1707
623 883
623 1290
623 1701
623 1829
623 1947
624 1130
624 1160
624 1197
624 1278
624 1411
624 1969
624 1992
625 701
625 1356
625 1615
625 1757
626 946
626 1608
627 1091
627 1197
627 1215
627 1451
627 1676
628 802
628 937
628 1846
629 750
629 823
629 897
629 1329
629 1603
630 839
630 1771
631 1136
631 1394
631 1688
632 829
632 881
632 1071
632 1174
632 1219
632 1497
632 1546
632 1637
632 1779
633 930
633 1388
633 1501
633 1548
633 1565
633 1617
633 1719
633 1799
633 1818
634 652
634 1009
634 1070
634 1356
634 1575
634 1999
635 1159
635 1260
636 1162
636 1386
637 1453
637 1551
637 1790
638 1232
638 1342
639 731
639 770
639 843
639 853
639 1390
639 1540
639 1639
640 690
640 810
640 1370
640 1564
640 1723
641 1017
641 1055
641 1142
641 1198
641 1320
641 1875
642 703
642 969
642 1391
643 1295
643 1686
643 1930
643 1944
644 690
644 1212
644 1354
644 1479
644 1919
645 688
645 711
645 850
645 868
645 890
645 922
645 1564
645 1789
647 958
647 1000
647 1528
647 1745
647 1747
648 753
648 864
648 894
648 1548
648 1722
649 991
649 1312
649 1707
649 1848
650 1219
650 1310
650 1555
650 1563
651 1128
651 1217
651 1422
651 1878
652 743
652 941
652 1124
652 1383
652 1720
653 1362
653 1383
653 1423
654 914
654 1071
654 1671
654 1849
655 700
655 890
655 1619
655 1724
655 1821
656 726
656 1344
656 1364
656 1763
657 925
657 976
657 1036
657 1052
657 1752
657 1774
657 1949
658 982
658 1094
658 1505
658 1910
659 1164
659 1237
660 801
660 1437
660 1536
661 993
661 1240
661 1772
661 1792
662 1149
662 1231
662 1559
662 1742
663 1010
663 1862
664 700
664 866
664 944
664 1384
664 1704
665 678
665 903
665 1127
665 1314
665 1996
666 1164
666 1496
666 1723
667 763
667 1099
667 1360
667 1680
667 1942
668 808
668 1230
668 1462
668 1600
669 701
669 795
669 799
669 984
670 735
670 1087
670 1157
670 1433
671 1082
671 1126
671 1165
671 1343
671 1989
672 865
672 1009
672 1049
672 1055
672 1194
672 1321
672 1369
672 1483
672 1611
672 1838
673 919
673 935
673 1083
673 1255
673 1853
674 1462
674 1868
675 1028
675 1201
675 1473
676 723
676 1190
676 1598
676 1672
676 1866
677 832
677 1683
677 1966
678 1514
678 1671
678 1822
679 807
679 1105
679 1353
679 1705
679 1978
680 1001
680 1698
680 1929
680 1937
681 1191
681 1201
681 1368
682 765
682 805
682 1685
683 993
683 1248
683 1508
684 695
684 1963
684 1984
685 1229
686 1137
686 1270
686 1327
687 717
687 862
687 965
687 1255
687 1531
687 1609
687 1698
687 1817
687 1969
688 937
688 1761
688 1944
689 885
689 960
689 1106
689 1423
689 1564
689 1724
690 944
690 1818
691 707
691 717
691 1059
691 1245
691 1954
692 1031
692 1557
692 1946
693 805
693 1218
693 1861
694 958
694 1068
694 1386
695 1371
695 1749
695 1993
696 936
696 1118
696 1173
696 1364
697 1290
698 818
698 1054
699 1629
700 755
700 1297
701 955
701 1434
702 944
702 1712
703 1041
703 1120
703 1437
703 1647
704 852
704 883
704 937
705 823
706 778
706 805
706 1781
707 725
707 877
707 968
707 1097
707 1637
708 746
708 950
708 1021
708 1253
708 1556
708 1743
708 1866
709 759
709 834
709 859
709 954
709 992
709 1202
709 1431
709 1828
710 808
710 828
710 1230
711 1239
711 1525
711 1668
711 1681
711 1820
711 1892
711 1943
712 1321
712 1668
713 750
713 1142
713 1817
714 798
714 1625
714 1918
715 934
715 1156
715 1924
716 724
716 1493
716 1507
717 819
717 1252
717 1664
717 1711
718 814
718 823
718 884
718 966
718 1537
718 1547
718 1570
718 1751
719 763
719 1064
719 1708
719 1797
719 1821
720 854
720 918
720 1161
720 1610
720 1656
720 1741
720 1909
721 1232
721 1804
722 1005
722 1078
722 1297
722 1518
723 1377
723 1603
723 1843
724 750
724 1303
725 816
725 818
725 859
725 1376
725 1544
726 740
726 1504
727 1028
727 1550
728 1346
729 747
729 894
729 1211
729 1483
729 1985
730 830
730 836
730 1137
730 1169
730 1274
730 1470
730 1499
731 1369
731 1775
732 945
732 1221
732 1332
732 1368
732 1379
732 1552
732 1978
733 1183
733 1374
733 1428
733 1468
733 1930
733 1991
734 1652
734 1901
734 1968
735 1043
735 1186
735 1556
736 1111
737 928
737 1159
737 1414
737 1768
738 815
738 1079
738 1128
738 1456
738 1727
738 1901
738 1926
739 1598
739 1943
740 814
740 1833
741 908
741 1253
741 1607
742 1033
742 1058
742 1064
742 1314
742 1720
742 1878
743 1100
743 1208
743 1985
744 858
744 1371
744 1428
744 1773
744 1868
745 1136
745 1341
745 1498
745 1551
745 1560
746 1601
746 1658
746 1937
747 1073
747 1113
747 1185
747 1749
748 1267
749 860
749 1110
749 1304
749 1527
750 1330
750 1649
750 1705
750 1791
750 1997
751 796
751 935
751 1208
751 1436
751 1715
752 1094
752 1304
752 1395
752 1886
753 886
753 1253
753 1560
753 1894
753 1910
754 1087
754 1969
755 893
755 1138
755 1153
755 1179
755 1208
755 1779
756 1042
756 1600
756 1932
757 1367
757 1593
758 815
758 868
758 1341
758 1549
758 1822
758 1910
759 852
759 1347
759 1529
759 1572
759 1993
760 1059
760 1543
761 1404
761 1512
762 1916
763 766
763 1225
763 1245
763 1306
763 1392
764 911
764 958
764 1245
764 1838
764 1945
765 856
765 940
765 1260
765 1861
765 1975
766 830
766 836
766 1117
766 1528
766 1769
766 1896
766 1909
767 817
767 1073
767 1094
767 1615
767 1765
767 1818
768 876
768 977
768 1772
769 790
769 869
769 1132
769 1168
769 1209
769 1623
770 1029
770 1546
770 1915
770 1943
770 1954
771 1003
771 1057
771 1130
771 1623
771 1843
772 1467
772 1646
772 1910
772 1989
773 823
773 943
773 1197
773 1241
773 1303
774 816
774 839
774 898
774 1245
774 1506
774 1706
774 1958
775 1667
777 1048
777 1337
777 1340
777 1351
777 1404
777 1533
778 1204
778 1578
778 1877
778 1882
778 1967
779 786
779 1235
780 1163
780 1378
780 1558
781 1205
781 1207
782 832
782 1004
782 1193
782 1287
783 828
783 1293
783 1434
783 1775
784 918
784 1153
784 1184
784 1960
785 1668
785 1766
785 1806
785 1912
785 1958
786 897
786 1026
786 1725
786 1936
787 814
788 1806
788 1823
789 794
789 1132
789 1503
789 1587
789 1898
790 1225
790 1485
790 1799
791 1529
791 1689
791 1855
792 1368
792 1558
792 1763
792 1853
792 1923
793 999
793 1223
793 1703
794 846
794 1351
794 1657
795 1628
795 1917
796 1096
796 1324
796 1898
797 1372
797 1792
797 1981
798 858
798 923
798 964
798 1001
798 1185
798 1466
798 1488
798 1595
799 1076
799 1110
799 1500
800 1653
800 1695
801 1068
801 1261
801 1267
801 1687
801 1916
802 1110
802 1213
802 1704
802 1989
802 1991
803 920
803 1349
804 1075
804 1277
804 1296
804 1419
804 1465
804 1926
805 1402
806 824
806 1831
807 865
807 894
807 1047
808 1547
808 1780
808 1919
809 850
809 1000
809 1001
809 1505
809 1687
809 1775
809 1801
809 1966
810 824
810 1557
810 1997
811 1007
811 1105
811 1442
811 1553
811 1599
811 1622
811 1629
811 1747
812 1161
812 1465
812 1475
812 1846
813 819
813 1062
813 1419
813 1731
813 1998
814 960
814 1116
815 1144
815 1273
815 1611
815 1755
817 993
817 1076
817 1273
817 1904
817 1927
818 1295
818 1397
819 980
819 1556
819 1759
819 1945
820 1108
821 1503
821 1961
822 1444
823 842
823 960
823 981
823 1438
823 1455
823 1656
824 999
824 1375
824 1468
824 1501
824 1503
825 867
825 1031
825 1319
825 1625
826 1678
826 1708
827 1527
827 1672
827 1691
827 1805
828 1331
828 1976
829 928
829 1580
830 1199
830 1531
831 856
832 1202
832 1269
832 1343
832 1404
832 1554
833 1197
833 1215
833 1281
833 1634
833 1729
833 1814
834 1388
834 1500
834 1595
834 1742
835 864
835 932
835 1131
835 1576
836 1061
836 1418
836 1834
836 1954
837 1454
837 1518
837 1631
837 1949
838 1274
838 1483
839 1940
839 1992
841 932
841 1236
841 1808
841 1838
842 1193
843 911
843 1654
843 1923
844 1479
844 1562
845 1747
846 942
846 1825
847 984
847 1011
847 1182
848 1033
848 1255
848 1644
849 1372
850 1118
850 1277
850 1577
851 855
851 911
851 1241
851 1716
851 1783
851 1923
852 973
852 1493
852 1572
852 1669
852 1813
853 1126
853 1444
853 1678
853 1892
853 1972
854 948
854 967
854 1627
854 1808
855 984
855 1765
856 1042
856 1609
857 1759
857 1809
857 1998
858 1487
858 1573
858 1586
858 1793
858 1953
859 887
859 931
859 1160
859 1218
859 1349
859 1623
859 1869
860 1047
860 1847
861 1022
861 1240
861 1265
861 1267
861 1278
861 1724
861 1838
861 1892
862 1262
862 1456
863 975
863 1051
863 1053
863 1159
863 1267
863 1433
864 1341
865 926
865 1149
865 1349
865 1372
865 1433
865 1596
865 1967
866 1539
866 1713
866 1736
867 869
867 1856
869 1169
870 1351
870 1493
870 1613
870 1938
871 1562
871 1749
872 1107
873 1307
873 1626
873 1776
873 1786
874 1346
874 1406
875 1233
875 1345
875 1406
875 1533
876 1254
876 1334
876 1520
876 1738
876 1866
877 1433
877 1487
877 1661
877 1945
878 1501
879 1094
879 1420
879 1655
879 1730
880 1118
880 1520
880 1736
881 935
881 1217
881 1520
881 1663
881 1892
882 1073
882 1241
882 1277
882 1799
882 1896
883 1015
883 1383
883 1670
884 1073
884 1931
885 917
885 1374
886 1360
886 1410
886 1913
887 1125
887 1167
887 1845
888 958
888 1072
888 1285
888 1321
888 1383
888 1982
888 1984
889 1442
889 1490
889 1889
890 1014
890 1386
890 1571
890 1925
890 1972
891 1112
891 1257
891 1534
891 1554
891 1794
892 1524
892 1541
892 1694
892 2000
893 1277
893 1735
894 1292
894 1455
894 1643
894 1739
896 1551
896 1764
897 1334
897 1585
897 1714
898 1125
898 1347
898 1374
898 1403
898 1858
898 1919
899 1358
899 1387
899 1480
899 1666
900 1232
900 1829
901 1002
901 1077
901 1189
901 1277
901 1625
901 1760
901 1804
902 1121
902 1735
903 1209
903 1233
903 1555
903 1710
903 1930
904 915
904 1047
904 1231
904 1740
905 1418
905 1473
906 1011
906 1147
906 1242
906 1332
906 1428
907 1457
907 1475
907 1572
907 1759
907 1925
908 1575
908 1779
908 1801
908 1882
909 1154
909 1362
910 1294
910 1402
910 1876
910 1955
911 1165
911 1536
911 1558
912 1006
912 1116
912 1344
912 1508
913 1086
913 1111
913 1652
914 1464
915 1008
916 928
916 954
916 983
916 1235
916 1327
916 1442
917 1176
917 1467
917 1606
917 1706
918 1201
918 1733
918 1805
919 1446
919 1842
919 1859
920 947
920 1995
921 1629
921 1887
922 1856
922 1905
923 1467
924 943
924 1372
924 1399
924 1534
924 1871
925 1558
925 1664
925 1819
926 1041
926 1377
926 1603
926 1684
926 1807
927 969
927 1118
927 1181
927 1210
927 1550
927 1618
928 1272
928 1277
928 1634
928 1901
929 938
929 1581
929 1605
929 1711
929 1727
929 1769
929 1926
930 976
930 1194
930 1371
930 1689
930 1781
930 1803
930 1872
930 1891
931 1015
931 1254
931 1610
931 1614
931 1904
932 1179
933 1278
933 1564
934 1135
934 1158
934 1808
935 1050
935 1127
935 1380
935 1691
936 1057
936 1232
936 1721
936 1830
937 1854
938 1130
938 1491
938 1962
939 1339
939 1350
939 1765
939 1856
940 1193
940 1316
941 1159
941 1474
941 1567
941 1829
941 1861
943 1576
943 1671
943 1891
944 987
945 1467
945 1568
945 1632
946 1158
946 1199
946 1307
946 1474
946 1480
947 1040
947 1277
947 1545
948 1205
949 1124
950 988
951 1199
951 1669
951 1677
952 1213
952 1637
953 955
953 962
953 1070
953 1203
953 1637
953 1788
954 1051
954 1113
954 1136
954 1252
954 1323
954 1484
954 1638
954 1850
955 1028
955 1285
955 1302
955 1535
955 1638
955 1728
955 1951
956 1308
956 1766
956 1836
956 1926
957 1534
957 1977
958 1623
958 1763
958 1779
958 1919
959 1426
959 1784
962 1540
962 1577
962 1703
963 1033
963 1500
963 1971
965 971
965 1340
965 1585
965 1592
965 1813
966 985
967 1155
968 1409
968 1599
969 1021
969 1504
969 1633
969 1768
970 1200
970 1236
970 1851
971 1299
971 1669
971 1885
971 1903
973 1433
973 1561
973 1581
973 1871
974 1018
974 1038
975 1202
975 1241
975 1368
975 1388
976 1132
976 1255
976 1660
977 1491
977 1633
977 1638
978 1134
978 1299
978 1579
979 1520
979 1881
979 1952
980 1347
980 1829
980 1961
981 1267
981 1349
982 1026
982 1036
982 1265
982 1403
982 1634
982 1951
982 1974
983 1011
983 1027
983 1072
983 1154
983 1509
984 1523
984 1588
984 1661
984 1839
985 1477
985 1530
985 1559
985 1709
986 1096
986 1151
986 1293
986 1910
987 1179
987 1389
987 1619
987 1902
988 1039
988 1058
988 1139
988 1369
988 1618
988 1852
989 1045
989 1127
989 1137
989 1896
989 1999
991 1343
992 1096
992 1511
992 1649
992 1789
993 1058
993 1206
993 1415
993 1817
994 1266
996 1217
996 1220
996 1641
997 1011
998 1183
998 1560
998 1673
999 1009
999 1043
999 1107
999 1941
1000 1124
1000 1220
1000 1224
1000 1284
1000 1459
1000 1550
1000 1569
1000 1730
1000 1755
1001 1367
1001 1848
1001 1851
1002 1065
1002 1700
1003 1608
1003 1777
1003 1919
1004 1364
1006 1115
1006 1304
1006 1420
1006 1484
1006 1814
1007 1419
1007 1710
1007 1965
1008 1215
1009 1349
1009 1402
1009 1461
1009 1629
1009 1645
1010 1690
1011 1150
1011 1523
1011 1648
1011 1674
1012 1259
1012 1660
1013 1820
1014 1016
1014 1155
1014 1659
1015 1302
1015 1726
1015 1763
1016 1218
1016 1886
1016 1890
1016 1896
1017 1288
1017 1869
1018 1281
1018 1347
1018 1370
1018 1490
1018 1974
1019 1239
1019 1485
1019 1510
1019 1575
1019 1611
1020 1164
1020 1632
1020 1761
1021 1228
1021 1246
1021 1607
1022 1083
1022 1516
1022 1892
1022 1934
1023 1053
1023 1180
1023 1333
1023 1503
1023 1773
1023 1798
1024 1053
1024 1174
1024 1277
1024 1343
1024 1492
1024 1638
1024 1852
1025 1233
1025 1857
1026 1553
1026 1739
1027 1812
1027 1840
1027 1867
1028 1153
1028 1179
1028 1304
1028 1678
1029 1053
1030 1646
1030 1793
1031 1442
1031 1771
1031 1948
1032 1313
1032 1333
1032 1523
1032 1694
1032 1739
1032 1792
1033 1046
1033 1561
1033 1750
1034 1397
1034 1515
1034 1594
1034 1699
1034 1829
1034 1950
1035 1219
1035 1699
1036 1337
1036 1931
1036 1936
1037 1080
1037 1146
1037 1503
1038 1702
1039 1173
1039 1857
1040 1389
1040 1868
1041 1839
1042 1347
1042 1788
1043 1861
1043 1955
1044 1929
1045 1185
1045 1394
1045 1432
1045 1444
1045 1512
1045 1627
1046 1323
1046 1602
1046 1640
1046 1787
1047 1092
1047 1335
1047 1822
1047 1954
1048 1187
1048 1213
1049 1056
1049 1340
1049 1347
1049 1739
1050 1454
1051 1467
1051 1734
1051 1972
1052 1334
1052 1960
1053 1137
1054 1362
1054 1555
1054 1882
1055 1822
1056 1268
1056 1538
1056 1918
1057 1222
1057 1430
1057 1810
1058 1471
1058 1671
1058 1699
1058 1814
1058 1822
1059 1276
1059 1345
1059 1538
1060 1741
1061 1216
1061 1572
1061 1915
1062 1080
1062 1151
1062 1414
1062 1800
1062 1838
1063 1163
1064 1444
1064 1521
1064 1656
1064 1670
1065 1270
1065 1390
1065 1420
1065 1434
1066 1999
1067 1102
1067 1115
1067 1390
1067 1618
1067 1675
1068 1100
1068 1507
1068 1760
1069 1284
1069 1297
1069 1860
1070 1800
1070 1994
1071 1102
1071 1556
1072 1144
1072 1448
1072 1909
1073 1117
1073 1657
1073 1901
1074 1826
1074 1976
1075 1314
1076 1139
1076 1323
1076 1597
1076 1691
1077 1131
1077 1322
1077 1631
1077 1777
1077 1904
1077 1998
1078 1329
1078 1441
1078 1608
1079 1587
1080 1292
1080 1317
1080 1332
1080 1489
1080 1760
1080 1969
1081 1236
1081 1241
1081 1304
1081 1336
1081 1515
1082 1134
1082 1764
1082 1832
1082 1837
1083 1490
1083 1801
1084 1584
1084 1956
1085 1155
1085 1158
1085 1190
1085 1456
1085 1809
1086 1135
1086 1257
1086 1395
1086 1923
1087 1151
1087 1587
1087 1736
1088 1089
1088 1587
1088 1597
1088 1669
1088 1864
1088 1963
1089 1494
1089 1642
1089 1733
1089 1860
1089 1863
1090 1948
1091 1100
1091 1612
1093 1154
1093 1274
1093 1511
1094 1111
1094 1621
1094 1916
1095 1181
1095 1252
1095 1433
1095 1650
1095 1881
1097 1294
1097 1751
1098 1587
1098 1640
1098 1702
1099 1222
1100 1241
1101 1212
1102 1459
1102 1461
1102 1493
1103 1128
1103 1215
1103 1396
1103 1749
1104 1116
1104 1781
1105 1128
1105 1689
1106 1409
1106 1455
1107 1140
1107 1228
1107 1336
1107 1678
1107 1720
1107 1858
1108 1208
1108 1309
1109 1209
1109 1341
1109 1390
1109 1438
1109 1885
1110 1266
1110 1598
1110 1736
1111 1122
1111 1366
1111 1718
1111 1893
1112 1254
1112 1357
1112 1400
1112 1904
1113 1305
1114 1427
1114 1462
1114 1557
1114 1576
1115 1168
1116 1168
1116 1335
1116 1687
1116 1737
1116 1856
1117 1886
1118 1171
1118 1266
1118 1617
1118 1751
1119 1256
1119 1375
1119 1468
1119 1690
1120 1149
1121 1295
1121 1312
1121 1566
1121 1849
1122 1196
1123 1206
1123 1391
1123 1756
1123 1869
1124 1179
1124 1709
1125 1146
1125 1409
1125 1886
1127 1494
1128 1330
1130 1304
1130 1489
1130 1616
1131 1511
1131 1741
1132 1673
1133 1135
1133 1511
1134 1662
1135 1250
1135 1364
1135 1930
1136 1513
1136 1741
1136 1865
1137 1527
1137 1531
1137 1961
1138 1200
1138 1674
1138 1682
1138 1852
1139 1552
1139 1595
1140 1848
1140 1976
1140 1991
1141 1429
1141 1604
1142 1589
1142 1799
1142 1870
1144 1222
1144 1458
1145 1594
1145 1798
1145 1812
1145 1901
1145 1914
1147 1453
1147 1520
1147 1763
1147 1814
1148 1430
1148 1482
1148 1495
1149 1353
1150 1424
1150 1993
1151 1571
1152 1182
1153 1606
1153 1765
1154 1196
1154 1541
1155 1420
1155 1564
1155 1672
1155 1921
1155 1946
1156 1189
1156 1388
1157 1793
1157 1945
1158 1404
1158 1721
1158 1735
1158 1934
1158 1948
1158 1969
1159 1441
1159 1648
1159 1790
1159 1959
1160 1163
1160 1382
1160 1582
1161 1763
1161 1974
1162 1254
1162 1272
1162 1724
1163 1682
1164 1356
1164 1572
1164 1755
1164 1776
1164 1936
1165 1752
1165 1782
1166 1470
1166 1553
1167 1451
1169 1699
1169 1739
1169 1843
1170 1222
1170 1730
1171 1347
1171 1351
1171 1586
1172 1173
1172 1673
1173 1493
1173 1650
1173 1735
1174 1345
1174 1674
1174 1696
1174 1783
1175 1505
1175 1973
1176 1296
1176 1438
1176 1893
1177 1210
1177 1545
1177 1688
1177 1725
1178 1399
1178 1642
1178 1668
1178 1856
1178 1970
1179 1757
1180 1278
1180 1317
1180 1939
1181 1289
1181 1648
1182 1587
1183 1300
1183 1460
1183 1548
1183 1602
1183 1608
1184 1598
1184 1718
1185 1301
1185 1636
1185 1783
1186 1436
1187 1839
1188 1259
1190 1621
1190 1670
1191 1634
1192 1208
1192 1942
1192 1982
1194 1231
1194 1232
1194 1242
1194 1308
1194 1420
1195 1277
1195 1672
1195 1932
1196 1429
1197 1401
1197 1538
1197 1576
1197 1592
1197 1850
1197 1884
1198 1578
1199 1314
1199 1544
1199 1897
1199 1987
1200 1234
1200 1373
1200 1458
1200 1987
1201 1317
1201 1957
1202 1238
1202 1459
1202 1492
1202 1827
1203 1624
1204 1386
1204 1735
1206 1295
1206 1360
1206 1664
1206 1939
1207 1222
1207 1315
1207 1346
1207 1731
1207 1794
1208 1640
1208 1825
1210 1522
1210 1870
1210 1942
1211 1466
1211 1477
1211 1564
1212 1278
1212 1835
1212 1901
1213 1497
1213 1915
1214 1811
1215 1700
1216 1386
1216 1861
1216 1968
1217 1228
1217 1459
1217 1565
1217 1782
1218 1713
1219 1272
1219 1320
1220 1234
1220 1253
1220 1326
1220 1340
1220 1451
1221 1645
1221 1696
1222 1344
1222 1542
1223 1474
1223 1566
1223 1682
1223 1911
1224 1546
1225 1301
1225 1555
1226 1349
1226 1683
1226 1712
1226 1854
1227 1310
1227 1502
1227 1630
1228 1558
1228 1626
1229 1316
1229 1942
1230 1612
1230 1658
1232 1247
1232 1471
1232 1635
1232 1794
1235 1687
1236 1419
1236 1610
1237 1703
1237 1814
1237 1899
1237 1985
1238 1431
1238 1668
1238 1911
1239 1606
1239 1878
1240 1433
1240 1833
1241 1577
1241 1790
1243 1957
1244 1302
1244 1316
1244 1447
1244 1627
1244 1817
1245 1389
1245 1561
1246 1533
1246 1590
1247 1460
1247 1794
1247 1884
1250 1440
1250 1774
1251 1272
1251 1365
1252 1521
1252 1849
1253 1677
1253 1856
1254 1261
1254 1460
1254 1793
1256 1483
1256 1734
1256 1876
1257 1388
1257 1595
1258 1765
1258 1857
1259 2000
1260 1919
1262 1759
1263 1437
1263 1786
1264 1357
1264 1485
1264 1688
1264 1713
1264 1717
1264 1957
1265 1394
1266 1289
1266 1505
1266 1644
1266 1686
1266 1942
1267 1581
1267 1812
1268 1993
1269 1305
1269 1545
1269 1611
1269 1814
1270 1825
1271 1956
1272 1695
1272 1746
1272 1860
1273 1353
1274 1377
1274 1597
1274 1999
1275 1388
1275 1743
1276 1845
1276 1852
1277 1287
1277 1557
1278 1522
1278 1694
1279 1619
1279 1620
1279 1774
1279 1996
1280 1615
1280 1666
1280 1685
1280 1866
1280 1993
1281 1733
1281 1969
1283 1482
1283 1682
1284 1563
1284 1663
1284 1982
1285 1401
1285 1690
1285 1866
1286 1355
1286 1688
1287 1535
1288 1396
1288 1466
1288 1496
1288 1539
1289 1328
1289 1649
1290 1301
1291 1415
1292 1777
1293 1486
1294 1725
1294 1804
1295 1578
1295 1603
1296 1502
1296 1616
1297 1644
1297 1771
1298 1600
1298 1884
1300 1563
1301 1343
1301 1630
1301 1790
1302 1680
1302 1999
1303 1313
1303 1678
1304 1593
1304 1743
1305 1736
1305 1797
1305 1810
1306 1348
1306 1389
1306 1408
1306 1842
1307 1308
1307 1371
1307 1511
1307 1907
1308 1808
1308 1912
1308 1978
1309 1588
1310 1360
1310 1416
1310 1636
1310 1959
1311 1473
1311 1691
1312 1381
1312 1487
1312 1743
1312 1797
1313 1779
1313 1798
1314 1587
1314 1804
1315 1510
1315 1537
1315 1620
1315 1930
1316 1592
1316 1727
1318 1521
1320 1501
1320 1733
1321 1829
1322 1398
1323 1413
1323 1441
1323 1657
1323 1807
1323 1954
1324 1413
1324 1815
1324 1884
1325 1491
1325 1761
1326 1470
1326 1499
1326 1884
1327 1477
1327 1782
1328 1859
1329 1860
1329 1971
1330 1663
1330 1732
1330 1962
1331 1658
1331 1889
1332 1874
1332 1911
1333 1921
1333 1953
1335 1631
1335 1658
1335 1844
1335 1919
1335 1942
1336 1355
1336 1360
1336 1634
1336 1998
1338 1853
1338 1872
1339 1844
1340 1479
1340 1550
1340 1931
1340 1937
1340 1957
1340 1964
1341 1503
1341 1507
1341 1766
1342 1451
1342 1644
1342 1743
1343 1388
1343 1498
1344 1587
1345 1640
1346 1469
1346 1611
1346 1864
1347 1407
1347 1690
1347 1920
1347 1938
1347 1944
1348 1519
1348 1843
1348 1878
1348 1885
1349 1777
1349 1801
1351 1636
1351 1655
1351 1734
1351 1805
1351 1816
1352 1733
1352 1924
1353 1878
1354 1383
1354 1418
1355 1573
1356 1508
1357 1771
1357 1905
1357 1916
1358 1659
1359 1689
1360 1362
1360 1418
1360 1513
1360 1532
1361 1367
1361 1413
1362 1657
1362 1788
1363 1607
1363 1740
1364 1414
1364 1662
1364 1719
1364 1938
1365 1820
1366 1412
1366 1651
1366 1788
1366 1960
1367 1460
1367 1541
1367 1585
1368 1990
1369 1453
1369 1483
1369 1642
1369 1657
1369 1710
1369 1944
1370 1461
1370 1622
1370 1738
1372 1517
1372 1698
1372 1818
1373 1490
1373 1704
1373 1750
1373 1781
1373 1836
1376 1549
1376 1982
1377 1451
1377 1902
1378 1560
1378 1600
1379 1549
1380 1382
1380 1545
1380 1716
1381 1962
1383 1859
1384 1479
1384 1529
1384 1948
1385 1466
1385 1714
1386 1395
1386 1773
1386 1973
1387 1727
1388 1520
1388 1548
1388 1764
1388 1932
1389 1828
1390 1847
1390 1849
1390 1891
1392 1428
1392 1631
1392 1710
1392 1762
1393 1402
1393 1610
1393 1624
1395 1669
1395 1938
1396 1739
1396 1904
1396 1988
1397 1424
1397 1441
1397 1754
1398 1559
1399 1569
1399 1630
1400 1405
1400 1762
1401 1403
1401 1537
1401 1851
1402 1843
1403 1588
1403 1728
1405 1886
1406 1850
1407 1793
1407 1902
1407 1928
1408 1602
1408 1860
1408 1864
1409 1555
1410 1602
1410 1746
1410 1793
1412 1732
1412 1826
1413 1458
1413 1809
1414 1452
1414 1454
1414 1531
1414 1880
1414 1942
1416 1640
1417 1500
1417 1582
1417 1752
1418 1714
1418 1740
1418 1800
1422 1599
1422 1797
1422 1876
1422 1937
1423 1437
1424 1731
1425 1601
1425 1686
1426 1584
1426 1590
1426 1942
1427 1620
1427 1948
1428 1497
1429 1432
1429 1435
1429 1500
1429 1899
1432 1444
1432 1551
1432 1989
1433 1580
1433 1722
1433 1848
1433 1902
1434 1493
1435 1662
1436 1544
1436 1576
1436 1646
1437 1693
1437 1961
1438 1812
1439 1539
1440 1546
1440 1697
1441 1894
1442 1465
1442 1554
1444 1718
1445 1494
1445 1714
1446 1471
1446 1606
1446 1946
1447 1584
1447 1648
1448 1539
1448 1832
1449 1479
1449 1654
1449 1807
1449 1879
1450 1491
1450 1934
1450 1992
1451 1574
1454 1764
1454 1934
1455 1994
1456 1749
1456 1871
1457 1476
1457 1738
1457 1984
1458 1806
1458 1863
1461 1604
1464 1470
1464 1661
1465 1598
1465 1656
1465 1904
1466 1920
1466 1991
1467 1535
1467 1704
1468 1507
1468 1925
1470 1980
1471 1680
1472 1773
1472 1779
1473 1915
1474 1615
1474 1689
1475 1502
1475 1643
1475 1944
1476 1520
1476 1744
1476 1803
1476 1892
1477 1742
1477 1774
1478 1574
1479 1494
1479 1547
1479 1860
1479 1866
1479 1882
1479 1893
1479 1902
1480 1566
1480 1621
1481 1691
1481 1935
1482 1585
1482 1702
1482 1738
1484 1852
1484 1903
1486 1702
1486 1756
1486 1811
1486 1839
1488 1540
1488 1822
1488 1897
1489 1616
1489 1679
1489 1700
1490 1707
1490 1752
1491 1958
1492 1527
1492 1898
1493 1570
1493 1749
1494 1789
1494 1880
1495 1713
1496 1616
1497 1533
1497 1980
1498 1510
1500 1775
1501 1641
1503 1741
1503 1756
1503 1803
1503 1883
1504 1525
1504 1744
1505 1538
1507 1905
1508 1915
1508 1932
1509 1525
1509 1850
1509 1931
1511 1714
1511 1940
1512 1854
1512 1888
1512 1898
1513 1618
1513 1697
1513 1782
1514 1876
1515 1811
1515 1878
1516 1592
1516 1767
1516 1807
1516 1812
1518 1596
1518 1942
1519 1716
1519 1909
1520 1747
1520 1761
1520 1949
1521 1936
1521 1963
1521 1972
1522 1698
1522 1986
1523 1735
1524 1953
1525 1942
1526 1879
1529 1635
1529 1938
1531 1576
1532 1690
1533 1628
1533 1720
1533 1959
1534 1621
1534 1791
1534 1865
1534 1965
1535 1552
1535 1775
1536 1819
1537 1773
1538 1558
1538 1694
1538 1853
1539 1750
1539 1950
1540 1559
1540 1820
1540 1901
1541 1711
1542 1571
1542 1823
1543 1808
1543 1862
1545 1926
1546 1614
1546 1644
1546 1798
1547 1584
1551 1913
1552 1758
1552 1997
1553 1687
1553 1741
1553 1937
1555 1627
1555 1786
1556 1886
1556 1889
1558 1572
1559 1749
1561 1670
1562 1731
1562 1861
1564 1657
1564 1690
1566 1634
1566 1934
1570 1981
1571 1703
1571 1736
1571 1794
1573 1711
1573 1853
1573 1938
1574 2000
1576 1644
1578 1961
1579 1645
1579 1966
1581 1968
1582 1612
1582 1661
1583 1677
1584 1800
1585 1697
1585 1931
1587 1734
1587 1964
1588 1626
1589 1630
1589 1770
1591 1702
1591 1933
1593 1754
1594 1695
1594 1745
1594 1788
1595 1600
1596 1905
1598 1609
1599 1626
1599 1852
1601 1679
1602 1873
1607 1682
1607 1753
1608 1814
1609 1612
1609 1919
1610 1825
1611 1787
1612 1789
1612 1918
1614 1888
1615 1741
1616 1658
1617 1893
1619 1818
1620 1977
1621 1741
1621 1883
1622 1670
1622 1804
1623 1722
1623 1905
1624 1707
1624 1812
1626 1926
1630 1781
1630 1920
1631 1841
1633 1974
1634 1924
1636 1963
1637 2000
1640 1767
1641 1895
1641 1959
1643 1760
1645 1757
1645 1768
1646 1765
1647 1707
1648 1960
1649 1749
1650 1861
1652 1924
1653 1957
1653 1993
1655 1982
1658 1858
1659 1768
1660 1693
1663 1876
1665 1742
1665 1938
1668 1769
1668 1820
1668 1826
1671 1703
1672 1775
1673 1703
1674 1770
1674 1881
1676 1931
1676 1985
1677 1896
1680 1784
1680 1936
1681 1708
1681 1989
1683 1958
1684 1859
1686 1982
1688 1738
1688 1996
1696 1790
1698 1737
1702 1975
1703 1713
1703 1968
1705 1721
1708 1856
1709 1879
1710 1848
1711 1953
1713 1941
1714 1909
1715 1772
1715 1778
1716 1939
1717 1877
1719 1846
1719 1936
1720 1945
1721 1853
1721 1969
1722 1850
1722 1885
1722 1935
1722 1974
1724 1787
1724 1959
1725 1785
1727 1761
1727 1773
1727 1875
1728 1800
1728 1970
1729 1777
1729 1822
1731 1878
1735 1761
1735 1854
1735 1904
1736 1932
1736 1984
1737 1740
1739 1960
1741 1875
1743 1889
1745 1793
1746 1999
1747 1959
1748 1996
1749 1865
1749 1903
1749 1928
1752 1830
1758 1830
1758 1855
1759 1987
1760 1915
1761 1888
1763 1983
1764 1938
1764 1979
1765 1771
1765 1983
1766 1998
1768 1953
1770 1945
1774 1919
1776 1847
1776 1950
1777 1968
1779 1828
1780 1829
1782 1813
1783 1799
1786 1823
1789 1955
1791 1905
1797 1844
1797 1891
1798 1874
1799 1987
1800 1956
1802 1861
1803 1905
1805 1855
1807 1929
1809 1872
1811 1996
1812 1815
1813 1850
1816 1844
1819 1938
1821 1836
1822 1915
1826 1912
1832 1971
1832 1991
1835 1856
1841 1887
1841 1956
1842 1903
1846 1858
1847 1883
1847 1959
1850 1907
1851 1939
1854 1859
1858 1952
1859 1916
1861 1915
1862 1946
1869 1951
1872 1972
1874 1920
1875 1975
1876 1908
1880 1986
1885 1975
1889 1926
1904 1961
1906 1908
1906 1921
1908 1915
1908 1984
1911 1959
1911 1986
1916 1992
1926 1994
1929 1940
1932 1970
1937 1960
1938 1960
1940 1951
1940 1996
1944 1985
1951 1979
1953 1977
1958 1990