2000
2 693
2 1811
3 944
3 1347
3 1812
4 598
4 934
4 1256
5 206
5 279
5 881
5 1085
5 1707
5 1891
6 969
6 1186
6 1844
7 439
7 591
7 1470
7 1711
8 581
8 1403
8 1420
8 1753
9 159
11 297
11 1428
11 1528
11 1749
12 622
12 1843
13 1091
14 1344
15 91
15 109
15 1532
15 1579
15 1953
15 1977
16 33
16 1855
17 73
17 782
17 833
17 1163
17 1473
18 245
18 313
18 1288
19 679
19 1231
19 1337
19 1728
19 1996
20 134
20 149
20 283
20 998
20 1058
20 1518
21 906
21 949
21 1077
22 1016
22 1246
22 1322
22 1489
23 771
23 1044
23 1978
24 76
24 385
24 1063
24 1097
24 1899
25 542
26 341
26 501
26 695
26 1173
26 1678
29 51
29 311
29 362
29 549
29 596
29 1167
29 1269
29 1947
30 817
30 1125
30 1521
30 1608
32 1089
32 1108
32 1186
32 1693
33 145
33 1049
34 974
34 1932
35 706
35 922
35 967
35 1224
36 156
36 243
36 358
37 42
37 380
37 751
37 972
37 1151
38 239
38 341
38 501
38 803
38 1166
38 1744
38 1779
38 1785
40 344
40 432
40 630
40 782
40 1807
40 1905
41 978
41 1400
42 254
42 829
42 948
42 1420
43 155
43 691
43 841
43 1211
43 1441
44 302
44 1303
44 1842
45 66
45 212
45 362
45 1628
45 1635
46 578
46 1813
46 1927
47 807
47 919
48 135
48 150
48 406
48 626
48 905
48 1467
48 1555
49 363
49 1153
49 1381
51 233
51 632
51 955
52 887
52 1110
52 1664
52 1774
53 233
54 200
54 875
54 1411
54 1528
54 1542
54 1851
54 1919
55 615
55 1685
56 1273
56 1588
57 210
57 1382
57 1683
58 658
58 1312
58 1395
58 1899
59 136
59 1244
59 1280
59 1350
59 1720
61 248
61 527
61 1026
61 1044
61 1389
61 1675
62 1044
62 1094
63 155
63 329
63 482
63 986
63 1118
63 1225
63 1253
65 695
65 1160
65 1643
65 1754
66 1384
68 662
68 782
68 790
68 1774
69 507
69 535
69 822
69 891
69 1227
70 588
70 593
70 895
70 1822
71 1969
72 592
72 1540
72 1721
73 328
73 902
73 1356
73 1730
74 1320
75 1883
76 1227
76 1480
78 286
78 411
78 1512
78 1604
78 1729
78 1942
79 158
79 229
79 789
79 811
79 1318
79 1701
79 1817
80 117
80 384
81 257
81 347
82 226
82 692
82 1121
83 644
83 685
84 174
84 710
84 1560
85 1523
85 1931
86 1662
87 1676
87 1844
88 970
88 1850
89 298
89 1672
90 270
90 867
90 1102
91 161
91 725
91 1050
92 1060
92 1263
93 162
93 751
93 1703
94 267
94 1570
94 1965
95 103
95 606
95 1584
96 253
96 1308
96 1887
97 730
97 999
98 1668
99 357
99 1132
99 1238
99 1431
99 1598
100 1809
101 453
101 787
101 1224
101 1308
102 813
102 891
102 1793
103 327
103 679
103 1736
104 754
104 980
104 1504
104 1775
105 224
105 259
106 242
106 445
106 1149
107 390
107 585
107 669
108 287
108 658
109 985
109 1044
109 1463
110 153
110 1492
111 123
111 419
112 631
112 1073
112 1109
113 478
114 149
114 155
114 214
114 523
114 1166
114 1440
116 1083
117 1970
118 313
118 1441
119 236
119 804
119 992
119 1085
120 1146
120 1155
120 1230
120 1463
121 170
121 376
121 897
121 1249
121 1893
122 419
123 395
123 983
123 1653
124 782
124 1252
125 639
125 686
125 938
125 1466
125 1940
126 991
126 1593
126 1789
127 693
127 704
127 1371
128 397
128 1542
128 1636
129 1062
129 1113
130 704
130 978
130 1078
130 1455
131 523
131 1211
131 1589
131 1888
132 146
132 279
132 424
132 617
132 1193
133 734
133 1228
133 1668
134 739
134 1129
134 1199
134 1444
134 1560
134 1607
134 1839
134 1885
135 1256
135 1516
136 658
136 909
137 177
138 460
138 585
138 1033
138 1553
139 310
139 505
139 807
140 869
140 1318
140 1475
140 1514
140 1541
141 336
141 378
141 1243
141 1283
141 1807
143 537
143 1488
144 216
144 730
144 1584
145 988
145 1033
145 1711
145 1826
146 441
146 738
146 844
146 877
146 985
146 1291
147 277
147 726
147 1166
147 1377
148 897
148 906
148 1155
149 163
149 368
149 590
149 650
149 1431
149 1873
149 1954
149 1970
150 519
150 530
150 1293
150 1513
150 1627
150 1919
151 857
152 172
153 944
153 964
153 1333
154 286
154 320
154 1725
155 867
155 1116
156 176
156 1518
156 1711
157 276
157 1964
157 1981
158 671
158 1619
159 498
160 1066
160 1374
160 1602
160 1770
161 1262
162 371
162 1450
162 1983
163 705
163 1287
163 1298
164 1054
165 757
165 1836
167 655
167 964
167 1024
168 1190
168 1240
168 1278
168 1308
168 1585
169 219
169 1349
170 621
170 719
170 1608
171 209
171 946
171 1486
172 267
172 929
172 1239
172 1710
173 294
173 412
174 627
174 1500
175 253
175 391
175 764
175 951
175 1691
176 402
176 1327
176 1863
177 952
177 1178
178 461
178 684
178 1466
178 1768
179 1070
180 462
181 379
181 443
181 1309
182 414
182 956
182 1158
182 1734
183 1212
183 1454
183 1863
184 936
184 1049
184 1882
184 1921
185 295
185 355
186 1454
187 210
187 837
187 1356
187 1545
188 1166
189 475
189 1047
189 1423
190 1928
190 1946
191 1171
191 1778
192 829
192 850
192 1024
192 1212
192 1358
192 1577
192 1928
194 840
194 1120
194 1555
194 1627
194 1888
195 251
195 1184
196 322
196 768
196 1513
196 1937
197 346
197 376
197 507
197 1771
198 1626
198 1889
198 1938
199 296
199 1096
199 1333
200 850
200 1684
201 509
201 549
201 1049
202 413
202 853
203 851
203 961
203 977
203 1164
204 834
204 1705
204 1957
205 552
205 560
206 233
206 428
206 530
206 1915
207 358
207 575
207 1070
207 1701
209 1376
211 421
211 1837
212 346
212 397
212 565
212 960
212 1033
212 1479
212 1861
213 1441
213 1930
214 394
214 403
214 1694
215 452
215 709
215 767
215 1557
216 265
216 1261
217 935
217 1679
218 770
218 1048
218 1691
218 1927
219 279
219 877
221 1330
221 1773
221 1858
221 1879
222 658
222 692
222 761
222 1138
222 1634
223 482
223 551
223 1006
223 1617
223 1629
223 1708
223 1726
224 440
224 840
224 1499
225 352
225 742
225 1135
226 298
226 1106
226 1240
226 1749
226 1871
227 1919
228 1080
228 1205
228 1400
228 1855
229 760
229 824
231 332
231 831
231 961
231 1450
231 1967
231 1984
232 566
232 610
232 1531
232 1653
234 1578
234 1602
234 1655
235 470
235 566
235 1392
235 1792
236 487
238 598
238 1086
238 1165
238 1433
239 618
239 1978
240 902
240 1442
241 831
241 1230
241 1268
241 1424
241 1529
241 1685
242 760
242 1294
244 586
244 1583
244 1861
245 1623
245 1797
246 431
246 1179
246 1810
247 1085
247 1552
248 369
248 576
249 782
250 422
250 501
250 1037
251 549
251 1490
251 1687
251 1823
252 814
253 1684
254 265
254 373
254 736
254 1857
255 378
255 398
255 630
255 1767
256 371
256 1261
256 1398
257 673
257 837
257 921
257 1545
257 1607
257 1828
258 533
258 1003
258 1094
258 1294
258 1363
259 594
259 768
259 1229
259 1239
259 1341
259 1366
259 1733
260 604
260 686
260 1025
260 1754
260 1928
261 396
261 452
261 1558
261 1643
262 1734
263 1458
264 440
264 1267
264 1738
265 266
265 294
265 620
265 862
265 980
266 385
266 727
266 904
266 1018
267 687
267 823
267 1667
268 1188
269 1850
271 1937
272 340
272 668
272 1943
273 884
274 1330
275 927
276 325
276 875
276 1077
276 1157
276 1234
276 1649
276 1913
277 656
277 1082
277 1406
277 1665
277 1808
278 976
278 1285
278 1300
278 1378
278 1423
279 932
279 1720
280 1267
280 1296
280 1974
281 502
281 691
282 480
282 1130
282 1309
283 846
283 1682
285 830
286 531
286 903
287 347
287 618
287 1422
287 1999
288 408
288 465
288 728
288 828
288 1065
288 1373
289 1281
290 293
290 1431
291 353
291 769
291 847
292 854
292 968
293 793
293 1271
293 1675
293 1688
295 377
295 920
295 971
296 505
296 1194
297 1505
298 301
298 582
298 730
298 1478
299 662
299 776
299 978
299 1303
299 1724
300 1427
300 1480
300 1996
301 1354
301 1357
301 1557
302 470
302 1487
302 1627
303 1334
305 1544
306 878
306 1204
306 1664
306 1783
307 832
307 1388
308 415
308 494
308 879
309 413
309 432
309 1348
309 1998
310 577
310 603
310 1293
311 455
312 437
312 1918
312 1923
313 815
314 486
314 1371
314 1505
314 1525
315 960
315 1338
316 842
316 1551
316 1721
317 1160
317 1494
318 593
318 1399
319 1721
319 1835
320 638
320 1119
320 1799
321 1978
322 524
322 1533
323 906
324 725
324 1821
325 999
325 1149
325 1237
325 1952
326 709
326 1113
326 1318
326 1612
327 846
327 1560
328 1008
328 1611
328 1736
329 839
329 1357
329 1689
329 1834
330 946
330 1092
330 1157
330 1340
330 1625
331 1616
331 1759
332 988
332 1283
333 1785
334 814
334 1514
334 1577
335 487
335 1636
336 1017
336 1223
336 1440
337 480
337 623
337 687
337 1963
338 622
338 775
338 1107
338 1162
338 1534
339 795
339 1434
339 1893
340 651
340 671
340 1747
342 885
342 1319
342 1551
342 1747
342 1905
343 981
343 1512
344 472
344 1320
344 1429
345 431
345 442
345 1124
345 1267
345 1514
346 793
346 867
346 869
346 915
346 1153
346 1166
346 1766
347 1442
347 1478
348 702
348 1654
348 1995
349 594
349 1335
349 1774
349 1946
351 933
351 1333
353 608
353 1429
353 1595
353 1738
354 1206
355 396
355 954
355 1340
355 1431
356 1960
357 791
357 1901
358 1621
359 395
359 1044
359 1315
359 1474
359 1907
359 1956
360 797
360 834
360 1028
361 704
361 1050
361 1644
361 1886
361 1910
362 1409
363 435
363 1377
364 993
364 1432
364 1492
364 1929
365 686
365 746
365 909
365 1509
365 1860
366 1063
366 1547
366 1820
366 1993
367 545
367 1723
368 556
368 1143
368 1521
369 871
369 1260
369 1824
370 422
370 903
370 917
371 690
371 805
371 919
371 966
372 586
372 616
372 1509
373 949
373 1079
373 1364
373 1987
374 1099
374 1199
374 1738
375 440
375 615
375 675
375 1682
375 1922
376 674
376 1151
376 1152
376 1165
376 1951
377 489
377 1876
378 640
378 1353
378 1543
379 1977
380 1517
380 1875
381 681
381 1297
382 496
382 637
382 856
382 1152
383 493
384 538
384 948
384 958
384 1358
384 1794
384 1912
385 386
385 588
385 1193
386 480
386 1250
386 1672
386 1865
387 623
388 494
388 1296
388 1911
389 465
389 553
389 1180
389 1599
390 1120
390 1685
391 861
391 1289
392 412
392 651
393 456
393 1816
394 892
394 1251
395 571
395 1005
395 1645
396 718
396 1440
397 670
397 805
397 1086
397 1148
397 1220
397 1306
398 766
399 873
399 1155
399 1521
399 1676
400 795
400 820
400 1808
400 1974
401 660
401 1321
401 1960
402 875
402 1029
402 1341
402 1864
403 475
404 1988
405 629
405 769
406 915
406 937
407 459
407 798
407 1838
408 1022
409 443
409 1069
409 1533
410 737
410 1850
411 1982
413 1043
413 1604
414 526
414 1929
414 1951
415 1302
415 1957
416 628
416 787
416 1538
416 1886
417 714
417 1694
417 1793
418 562
419 1997
420 1509
420 1520
421 1031
421 1102
421 1250
421 1710
423 652
423 1134
423 1284
424 1290
425 1264
425 1753
426 1724
426 1752
426 1888
427 993
427 1780
427 1946
428 571
428 1140
428 1378
428 1552
429 1320
430 857
431 653
431 1578
432 553
432 1836
433 1413
433 1429
434 1205
434 1253
435 1099
435 1867
436 561
437 705
438 524
438 650
439 1118
441 777
441 1189
441 1268
441 1548
442 705
442 1459
443 539
443 1496
443 1797
444 1103
445 787
445 1029
445 1326
445 1372
445 1896
446 830
446 909
446 997
446 1294
447 798
447 883
447 1763
448 855
449 922
449 1006
449 1041
449 1853
449 1993
450 675
450 1041
453 1791
453 1920
454 1409
455 942
456 668
456 682
456 1225
456 1591
457 508
457 695
457 1212
457 1502
457 1953
458 486
458 844
458 940
458 999
458 1864
459 930
459 1581
460 1251
460 1300
461 495
461 1430
461 1589
462 1591
463 981
463 1324
463 1797
464 535
464 1190
464 1336
464 1681
464 1973
465 679
465 1297
465 1445
465 1930
465 1978
467 1292
467 1652
467 1845
468 490
468 1423
468 1537
469 679
469 734
469 1015
469 1765
470 1240
471 596
471 690
471 977
471 1128
472 539
472 1155
472 1400
473 1245
473 1643
473 1957
474 862
474 1457
474 1759
474 1985
474 1987
475 665
475 728
475 1649
475 1888
477 733
477 1305
477 1468
478 1050
478 1395
479 953
479 1735
481 663
481 913
481 944
481 1666
483 607
483 1132
483 1368
483 1723
484 735
484 1478
485 1825
487 764
488 581
488 1000
488 1333
488 1740
489 1053
489 1867
490 505
490 946
491 1121
491 1285
492 712
492 887
492 996
492 1532
492 1574
493 873
494 1934
495 539
495 1006
495 1269
495 1897
496 1090
496 1592
497 573
497 851
497 971
498 864
498 1012
498 1400
499 739
499 1162
499 1304
499 1528
499 1862
500 882
500 1490
500 1563
500 1635
501 941
501 1369
501 1804
502 822
502 1024
503 868
503 1565
503 1967
504 938
504 1192
504 1433
504 1865
505 767
505 1730
506 1297
506 1955
507 1346
508 1267
508 1720
509 513
509 1038
509 1186
509 1794
510 1102
510 1405
511 817
511 880
511 1309
512 796
512 1398
512 1699
513 813
513 1270
514 1860
515 1609
516 941
516 1007
516 1199
516 1741
518 711
518 1201
519 752
519 1007
519 1646
520 1055
521 1694
521 1697
521 1709
521 1966
522 656
522 745
522 981
522 1183
522 1367
522 1492
522 1643
522 1739
522 1850
523 719
523 1927
524 686
524 891
524 1108
525 797
525 844
525 1080
525 1366
525 1649
526 670
526 1899
526 1942
527 1126
527 1718
527 1721
528 1085
528 1153
528 1813
530 670
530 1106
531 730
532 754
532 808
532 1905
533 969
533 1139
534 540
534 919
534 1074
535 1596
535 1810
536 635
536 865
536 1550
537 1113
538 567
538 843
539 558
539 853
539 1012
539 1512
539 1955
541 684
541 1978
542 1239
542 1400
543 790
543 1496
543 1514
543 1547
543 1915
544 560
544 912
544 1108
544 1463
545 1045
545 1172
546 1513
547 569
547 966
547 995
548 571
548 1864
549 1136
550 1689
550 1739
551 1042
551 1571
552 861
552 1225
552 1301
552 1491
552 1854
552 1891
553 789
553 856
554 644
554 865
554 1259
554 1676
554 1945
555 1259
556 1035
556 1238
557 1401
557 1879
558 941
558 1916
560 669
560 733
560 1783
561 888
561 905
561 1176
561 1214
561 1350
562 1383
562 1858
563 1151
563 1309
563 1796
564 1809
565 1379
565 1635
565 1910
566 626
566 1022
566 1459
567 572
568 685
568 1075
569 742
569 805
569 853
569 982
570 941
570 1003
570 1512
570 1562
571 871
571 1092
571 1516
571 1762
572 673
572 1063
572 1234
572 1525
573 1916
574 1652
575 1076
575 1616
576 734
576 774
576 854
576 1226
576 1392
576 1592
576 1826
577 723
577 1099
578 655
578 846
578 1067
578 1158
578 1173
578 1251
578 1266
578 1844
579 889
580 891
580 1565
581 653
581 782
581 1377
581 1933
582 886
582 1491
582 1604
582 1958
583 680
584 615
584 1165
585 912
585 1097
585 1942
586 1024
586 1470
586 1813
586 1880
588 771
588 963
589 1310
589 1638
589 1929
590 679
590 1335
590 1508
591 707
591 1983
592 1482
593 960
593 1596
593 1853
594 772
594 779
595 905
596 813
596 1202
596 1531
596 1676
597 737
597 892
597 1538
597 1546
598 962
598 1435
598 1623
600 1886
601 776
601 1604
601 1786
603 838
603 1496
603 1546
603 1828
603 1852
604 735
604 1876
605 860
605 1270
605 1606
607 1774
608 627
608 1259
608 1481
608 1940
609 1460
610 955
610 1315
610 1496
611 980
611 999
611 1027
611 1551
612 1456
613 795
613 982
613 1277
613 1289
613 1673
614 1794
616 681
616 764
617 1525
618 1069
619 750
619 918
619 1175
619 1383
619 1894
619 1903
620 892
620 1924
621 636
621 652
621 1694
623 794
623 977
624 1690
625 1157
625 1837
626 1163
626 1623
628 1167
628 1750
628 1967
629 779
630 1222
630 1646
631 987
631 1126
631 1227
632 867
632 1652
633 763
633 898
633 987
633 1032
633 1291
633 1953
634 1789
637 1453
637 1981
638 1048
638 1507
639 665
639 682
639 934
639 1624
639 1977
640 1003
641 1723
641 1818
641 1866
642 714
642 936
642 1291
642 1405
642 1451
642 1463
642 1605
642 1815
643 807
643 883
643 1179
643 1312
644 1150
644 1163
644 1352
644 1790
644 1816
645 941
646 875
646 884
646 945
646 1214
646 1749
647 1738
648 804
648 1353
648 1561
648 1995
649 828
649 1497
649 1883
649 1916
650 1174
650 1782
651 669
651 1225
651 1938
652 1314
653 1162
653 1731
654 976
654 1138
654 1327
654 1424
654 1877
655 678
655 1649
655 1747
655 1753
655 1904
656 1152
656 1856
657 984
657 1336
657 1925
659 1636
661 1107
661 1405
661 1592
662 1001
663 803
664 1158
664 1336
665 1855
666 679
666 1015
668 1248
668 1268
668 1571
669 686
669 1025
669 1610
669 1837
671 1735
672 1513
672 1553
672 1860
673 1145
673 1535
673 1726
674 1364
674 1789
675 974
675 1553
675 1909
676 1362
677 968
677 1311
677 1513
677 1593
678 927
678 1260
678 1591
680 1032
680 1867
683 694
683 779
683 914
683 1253
683 1479
683 1628
684 1090
684 1215
684 1657
684 1754
685 1315
686 945
686 1866
687 1955
688 1903
689 1110
689 1462
690 776
690 974
690 1461
691 1482
691 1812
693 1246
693 1398
693 1613
695 766
695 1136
695 1832
696 830
696 862
696 1533
697 1977
698 714
699 1643
699 1651
700 1531
701 1328
701 1940
702 1112
702 1196
702 1774
704 771
705 1865
706 886
706 1417
707 1225
707 1480
708 1408
708 1916
709 1426
710 1186
710 1635
710 1871
710 1975
711 811
712 892
713 938
713 1149
714 932
714 1438
714 1716
715 748
715 836
715 1182
715 1616
716 1225
716 1681
716 1734
716 1950
717 1483
717 1982
718 1315
718 1316
719 818
719 916
719 1228
719 1368
720 1757
721 978
722 804
722 1103
724 972
725 960
725 1713
726 1414
727 930
728 1911
729 1372
731 806
731 811
731 992
731 1731
731 1975
732 917
732 1270
732 1435
732 1935
733 1250
733 1284
733 1656
734 933
735 995
735 1143
735 1216
736 1439
738 953
738 1915
739 1858
740 825
740 1049
740 1252
741 948
741 1567
741 1585
741 1920
741 1925
742 1401
742 1690
743 1910
744 1043
744 1492
744 1682
745 1732
746 1474
747 1339
747 1556
747 1740
748 796
748 1439
748 1466
749 848
749 1018
749 1580
749 1762
750 942
750 1226
750 1274
750 1718
750 1840
751 1265
751 1275
751 1424
751 1498
751 1585
752 806
752 1056
752 1686
753 785
753 887
753 1193
754 1442
755 844
756 809
756 816
756 1907
757 884
757 1847
758 1168
758 1900
759 1465
760 928
760 1415
760 1701
762 768
762 833
762 887
762 945
762 1012
762 1992
763 1292
763 1425
764 812
764 1916
766 832
766 906
766 996
766 1754
767 1463
767 1985
768 1899
769 1042
769 1183
769 1945
770 830
770 958
770 1016
770 1688
770 1776
772 1179
772 1322
772 1427
772 1465
772 1635
773 1973
774 1043
774 1582
775 776
775 1305
775 1535
775 1565
776 867
776 1570
778 1281
778 1519
778 1572
778 1610
778 1943
779 1676
780 963
780 1613
781 962
781 1325
782 1536
782 1917
783 809
783 1714
783 1945
784 834
784 1550
784 1603
784 1651
785 1044
785 1179
785 1470
785 1482
785 1638
786 1647
786 1845
786 1980
787 872
787 998
788 1719
789 1211
790 1341
792 1090
793 942
794 935
794 1408
794 1597
795 1048
795 1124
795 1663
796 1130
796 1411
796 1422
796 1762
798 1098
798 1495
799 959
801 1482
804 1064
804 1540
805 973
805 1272
805 1441
806 1199
806 1356
806 1860
807 1342
807 1919
809 1099
810 820
810 1735
811 971
811 1035
812 1253
815 924
815 1159
815 1787
816 820
817 906
817 1569
817 1751
817 1790
817 1842
818 951
818 1281
818 1613
819 1788
819 1942
821 1849
825 848
825 1884
825 1902
826 1458
827 1002
827 1284
828 1556
829 915
829 1384
830 1897
831 940
832 1092
832 1168
832 1309
833 847
834 1985
835 852
835 1169
835 1861
836 1550
838 1470
839 983
839 1060
839 1252
839 1828
841 1774
842 915
842 1748
843 858
844 1143
844 1317
846 925
847 977
847 1086
847 1300
847 1465
847 1940
849 1292
849 1723
850 1370
850 1373
850 1753
851 1050
851 1088
851 1264
851 1773
853 1219
853 1344
853 1466
854 979
854 1392
855 1069
855 1406
856 1811
857 1068
857 1541
859 1397
861 1512
861 1817
862 922
862 1870
862 1950
863 1135
863 1796
864 1242
864 1963
865 1878
866 1070
866 1464
867 1310
868 998
868 1784
868 1926
868 1962
869 1062
869 1902
870 1273
870 1646
870 1653
871 1870
872 1969
873 1189
873 1213
873 1552
874 1877
875 1710
876 1241
876 1966
878 1402
878 1783
879 1373
879 1522
879 1934
880 1425
880 1590
880 1909
881 1234
882 1164
884 1418
885 1971
886 1588
887 897
887 1705
888 1040
888 1933
889 1457
889 1982
891 1364
892 1789
893 900
893 1619
893 1694
894 1688
894 1768
895 1062
895 1552
896 933
898 1008
899 1006
899 1014
899 1134
900 1951
902 965
903 1089
905 923
905 1143
905 1728
905 1957
905 1961
906 1256
908 1075
908 1328
908 1643
908 1817
909 1186
909 1224
909 1613
909 1633
909 1706
910 1667
911 1880
915 988
915 1690
916 1350
916 1363
917 1745
918 1760
920 1295
920 1300
920 1421
921 1590
922 1123
924 1483
925 1615
925 1927
926 985
926 1817
927 1790
928 1495
928 1572
929 1086
929 1686
930 1372
930 1670
930 1808
931 1466
931 1484
932 1370
932 1409
932 1697
934 1099
935 990
935 1151
936 1848
937 1081
937 1561
938 1009
939 1448
942 1317
943 1386
943 1577
944 1044
945 1391
946 1548
946 1787
947 1172
948 950
949 1665
950 1150
950 1908
951 1762
952 1542
952 1572
952 1765
954 962
954 1449
954 1615
954 1937
955 1528
956 1226
956 1705
957 1216
957 1460
958 1374
958 1487
959 1071
959 1549
959 1715
959 1810
960 1476
960 1949
961 966
962 1232
963 1074
963 1778
965 1164
965 1625
965 1650
966 1230
966 1556
966 1982
966 1999
967 1330
968 1238
968 1269
968 1911
969 1798
970 1081
970 1286
971 1069
971 1388
972 1611
973 1438
973 1810
973 1815
974 1114
974 1302
974 1367
974 1785
976 1397
976 1894
977 1274
977 1343
977 1404
977 1541
977 1878
978 1990
979 1680
979 1713
981 1437
981 1552
982 1129
982 1631
983 1120
983 1240
983 1421
983 1894
983 1916
984 1291
984 1668
985 1600
985 1711
986 1705
987 1271
987 1652
987 1867
988 1746
990 1074
990 1135
990 1309
992 1047
993 1498
994 1494
995 1152
995 1172
995 1943
996 1427
996 1567
996 1645
996 1864
996 1950
997 1170
997 1455
998 1219
998 1727
1000 1171
1001 1076
1001 1475
1001 1851
1002 1162
1002 1644
1003 1766
1003 1980
1005 1039
1005 1123
1005 1223
1007 1051
1007 1304
1008 1368
1008 1581
1009 1730
1010 1450
1012 1757
1012 1882
1013 1216
1014 1914
1015 1166
1015 1731
1016 1048
1017 1027
1017 1296
1018 1264
1018 1425
1019 1330
1019 1722
1019 1912
1020 1914
1021 1290
1022 1142
1022 1436
1022 1813
1023 1368
1023 1646
1024 1082
1025 1326
1025 1623
1025 1713
1026 1141
1026 1167
1026 1201
1026 1347
1026 1441
1026 1705
1027 1528
1027 1543
1028 1498
1028 1533
1028 1622
1029 1313
1029 1371
1030 1067
1030 1752
1031 1424
1031 1540
1031 1722
1031 1943
1032 1125
1032 1270
1032 1328
1033 1521
1033 1658
1034 1260
1034 1755
1035 1491
1036 1696
1038 1798
1039 1265
1040 1135
1040 1431
1040 1928
1040 1953
1041 1521
1041 1674
1041 1971
1042 1198
1044 1117
1044 1510
1044 1759
1044 1779
1045 1284
1046 1166
1048 1129
1048 1280
1048 1291
1048 1674
1049 1610
1049 1807
1049 1996
1050 1079
1050 1177
1050 1600
1051 1873
1052 1511
1052 1923
1053 1619
1054 1757
1054 1933
1055 1095
1055 1981
1055 1983
1056 1489
1057 1175
1057 1187
1057 1531
1059 1123
1059 1500
1062 1516
1063 1676
1063 1785
1064 1560
1065 1086
1067 1889
1067 1949
1068 1136
1068 1417
1068 1939
1069 1282
1069 1447
1070 1398
1071 1219
1071 1413
1072 1713
1072 1747
1074 1525
1075 1250
1076 1256
1077 1308
1077 1587
1077 1621
1078 1641
1079 1887
1080 1813
1082 1129
1082 1658
1083 1984
1084 1133
1085 1479
1085 1991
1086 1295
1086 1669
1087 1464
1088 1309
1088 1798
1089 1561
1090 1636
1090 1863
1091 1202
1091 1609
1091 1924
1092 1367
1093 1420
1095 1160
1096 1416
1097 1524
1097 1566
1097 1656
1098 1708
1098 1823
1099 1628
1099 1688
1100 1213
1101 1671
1104 1516
1104 1839
1104 1947
1105 1188
1106 1475
1107 1824
1107 1890
1108 1382
1108 1575
1110 1704
1111 1263
1111 1773
1112 1126
1112 1403
1112 1590
1113 1682
1114 1826
1115 1191
1115 1590
1115 1957
1117 1409
1117 1446
1117 1475
1118 1682
1118 1867
1118 1904
1119 1168
1119 1205
1119 1362
1119 1525
1119 1703
1120 1544
1120 1638
1122 1148
1123 1441
1123 1853
1124 1811
1125 1329
1126 1495
1127 1180
1127 1735
1129 1253
1129 1824
1129 1994
1130 1303
1130 1733
1130 1815
1131 1222
1131 1533
1131 1576
1132 1341
1133 1825
1133 1910
1137 1800
1138 1371
1138 1674
1138 1705
1139 1761
1140 1205
1140 1721
1141 1451
1141 1699
1142 1874
1143 1843
1144 1717
1145 1240
1146 1277
1146 1442
1147 1382
1148 1336
1148 1478
1148 1496
1149 1257
1149 1327
1149 1790
1151 1322
1153 1247
1154 1688
1156 1639
1158 1718
1158 1750
1159 1366
1160 1443
1160 1731
1161 1187
1161 1227
1161 1509
1161 1699
1164 1539
1167 1483
1167 1658
1167 1809
1169 1494
1170 1664
1171 1481
1171 1952
1172 1689
1172 1739
1173 1871
1173 1875
1174 1772
1174 1952
1175 1510
1175 1961
1175 1990
1177 1379
1179 1786
1180 1507
1180 1571
1181 1358
1181 1805
1181 1939
1182 1772
1183 1918
1185 1589
1185 1940
1186 1874
1188 1739
1189 1393
1189 1875
1190 1754
1191 1784
1192 1291
1192 1626
1193 1236
1194 1234
1195 1444
1197 1535
1198 1525
1198 1801
1199 1388
1199 1878
1200 1722
1201 1592
1201 1626
1201 1940
1202 1537
1206 1308
1206 1340
1206 1651
1207 1766
1208 1217
1208 1666
1210 1427
1212 1248
1213 1401
1213 1541
1215 1370
1217 1607
1217 1687
1218 1666
1219 1294
1219 1642
1219 1770
1219 1773
1220 1466
1222 1973
1224 1467
1225 1290
1225 1445
1225 1491
1225 1510
1225 1548
1227 1485
1227 1568
1227 1578
1228 1236
1228 1802
1230 1434
1230 1917
1231 1558
1232 1470
1233 1925
1234 1709
1235 1336
1235 1756
1238 1611
1239 1383
1241 1488
1242 1759
1243 1831
1245 1402
1246 1978
1248 1836
1248 1838
1249 1259
1249 1358
1249 1946
1251 1318
1251 1376
1251 1391
1252 1820
1253 1362
1253 1404
1253 1847
1254 1469
1254 1885
1256 1558
1257 1281
1257 1319
1257 1415
1257 1745
1257 1767
1258 1390
1260 1997
1265 1967
1267 1675
1268 1708
1268 1742
1268 1748
1268 1997
1271 1426
1271 1880
1273 1462
1273 1551
1274 1428
1275 1477
1275 1875
1276 1375
1276 1498
1276 1561
1276 1876
1277 1943
1278 1578
1280 1382
1280 1957
1281 1554
1283 1490
1283 1516
1283 1983
1285 1897
1285 1923
1287 1784
1287 1871
1288 1815
1288 1940
1289 1688
1290 1815
1291 1792
1292 1420
1293 1821
1295 1347
1295 1495
1295 1551
1295 1590
1295 1831
1295 1994
1297 1786
1298 1608
1299 1815
1300 1480
1300 1748
1301 1585
1301 1614
1302 1372
1302 1389
1307 1820
1309 1756
1311 1601
1312 1343
1312 1436
1312 1737
1312 1834
1313 1504
1313 1647
1313 1748
1314 1413
1315 1571
1315 1670
1315 1780
1315 1889
1316 1735
1316 1781
1318 1450
1318 1482
1318 1560
1320 1508
1320 1908
1321 1586
1323 1669
1324 1417
1324 1764
1325 1371
1325 1575
1325 1833
1326 1533
1326 1547
1326 1707
1326 1940
1328 1543
1328 1777
1328 1981
1330 1484
1330 1534
1330 1878
1331 1802
1335 1649
1337 1748
1337 1867
1340 1411
1340 1940
1342 1351
1342 1543
1343 1982
1344 1382
1345 1997
1346 1859
1347 1880
1349 1605
1349 1638
1350 1778
1351 1386
1352 1818
1354 1631
1354 1762
1357 1844
1357 1976
1361 1393
1362 1600
1362 1915
1363 1385
1368 1374
1368 1472
1369 1869
1374 1509
1374 1605
1374 1953
1375 1415
1375 1544
1375 1753
1376 1763
1377 1457
1377 1580
1378 1609
1379 1744
1379 1822
1380 1416
1381 1953
1382 1520
1382 1537
1382 1717
1385 2000
1386 1716
1386 1816
1388 1729
1389 1441
1390 1875
1390 1945
1391 1897
1392 1853
1393 1598
1393 1812
1394 1562
1395 1483
1401 1438
1402 1653
1403 1723
1405 1765
1408 1595
1410 1511
1412 1526
1413 1518
1415 1969
1417 1742
1417 1884
1418 1704
1419 1523
1419 1905
1420 1858
1420 1987
1421 1976
1422 1438
1426 1755
1427 1815
1430 1436
1430 1752
1432 1972
1433 1601
1434 1632
1435 1742
1436 1642
1438 1587
1438 1659
1440 1534
1440 1788
1443 1953
1445 1462
1445 1786
1445 1890
1448 1729
1450 1557
1451 1951
1452 1614
1456 1567
1457 1868
1458 1856
1459 1973
1460 1749
1460 1851
1461 1820
1461 1980
1462 1674
1464 1533
1466 1673
1469 1819
1470 1529
1471 1854
1471 1916
1473 1982
1476 1498
1477 1704
1477 1854
1478 1719
1480 1687
1481 1616
1481 1784
1482 1774
1483 1983
1484 1664
1487 1700
1495 1957
1496 1675
1496 1964
1498 1636
1499 1763
1499 1772
1499 1944
1502 1664
1503 1808
1503 1885
1503 1909
1506 1900
1507 1613
1507 1864
1509 1680
1511 1744
1511 1866
1513 1990
1514 1899
1516 1565
1517 1830
1519 1820
1519 1998
1520 1739
1522 1603
1522 1642
1522 1710
1523 1719
1525 1560
1525 1985
1526 1676
1526 1818
1527 1932
1530 1994
1532 1909
1533 1739
1534 1872
1534 1951
1536 1647
1536 1908
1538 1540
1538 1853
1541 1810
1545 1624
1545 1641
1546 1659
1546 1786
1547 1733
1547 1873
1548 1864
1550 1640
1550 1885
1550 1919
1553 1654
1555 1636
1556 1575
1556 1795
1556 1992
1560 1635
1560 1747
1561 1674
1562 1812
1564 1993
1565 1822
1565 1854
1565 1908
1567 1738
1570 1738
1572 1649
1574 1581
1574 1620
1574 1627
1579 1717
1580 1822
1581 1976
1582 1874
1583 1688
1586 1708
1588 1958
1589 1918
1590 1840
1591 1747
1591 1767
1591 1982
1592 1830
1593 1792
1595 1889
1596 1598
1597 1615
1598 1829
1599 1747
1601 1890
1604 1859
1605 1612
1606 1963
1607 1790
1609 1648
1611 1987
1615 1660
1615 1942
1619 1892
1621 1771
1621 1895
1625 1684
1625 1867
1627 1917
1628 1887
1631 1788
1632 1680
1634 1696
1634 1700
1635 1812
1637 1649
1637 1889
1637 1998
1638 1949
1640 1798
1643 1908
1645 1681
1647 1855
1647 1946
1649 1863
1650 1847
1652 1979
1658 1722
1658 1814
1660 1733
1660 1770
1662 1970
1664 1700
1665 1826
1665 1945
1666 1878
1667 1782
1669 1817
1671 1884
1672 1752
1675 1895
1676 1829
1677 1977
1678 1731
1680 1886
1680 1973
1685 1697
1685 1862
1686 1921
1690 1885
1691 1713
1691 1811
1694 1706
1695 1814
1701 1763
1701 1832
1704 1867
1706 1733
1706 1776
1706 1830
1713 1889
1714 1817
1714 1839
1721 1874
1722 1936
1725 1923
1727 1983
1729 1765
1730 1897
1732 1892
1734 2000
1737 1748
1741 1793
1741 1826
1748 1927
1750 1997
1751 1893
1752 1890
1753 1809
1755 1883
1760 1841
1764 1874
1766 1822
1768 1806
1769 1851
1771 1876
1771 1912
1780 1961
1783 1970
1785 1843
1791 1809
1793 1962
1795 1930
1802 1991
1804 1871
1805 1938
1806 1842
1806 1902
1814 1942
1815 1924
1820 1829
1830 1863
1831 1912
1834 1929
1836 1975
1837 1970
1842 1970
1852 1916
1853 1973
1853 1981
1861 1954
1863 1898
1863 1990
1866 1974
1867 1883
1867 1979
1868 1871
1870 1875
1873 1875
1876 1909
1880 1952
1881 1928
1884 1939
1886 1965
1888 1987
1898 1934
1900 1981
1918 1943
1925 1965
1930 1993
1940 1959
1946 1973
1958 1973