2000
1 190
1 647
1 767
1 905
1 1093
1 1284
1 1762
1 1901
2 49
2 230
2 426
2 708
2 714
2 971
2 1198
2 1595
2 1664
3 261
3 459
3 1222
3 1333
3 1535
3 1544
3 1746
3 1880
4 718
4 984
4 1064
4 1075
4 1572
5 77
5 426
5 1578
6 258
6 442
6 835
6 862
6 975
6 1114
6 1170
6 1302
6 1307
6 1555
6 1703
7 211
7 340
7 599
7 1182
8 115
8 268
8 1601
8 1680
9 179
9 230
9 987
10 153
10 194
10 223
10 1175
10 1222
10 1387
10 1693
11 807
11 1010
11 1661
11 1774
12 214
12 796
12 1270
13 93
13 171
13 618
13 1199
13 1797
13 1864
13 1887
14 19
14 336
14 511
14 557
14 873
14 1757
15 46
15 165
15 391
15 620
15 739
15 1449
16 424
16 805
16 858
16 1021
16 1164
16 1572
16 1993
17 139
17 361
17 1297
17 1444
17 1569
17 1653
17 1881
18 85
18 471
18 913
18 1937
19 313
19 768
19 986
19 1151
19 1362
19 1809
19 1916
19 1947
20 968
20 1216
20 1360
20 1494
20 1884
20 1929
21 291
21 450
21 715
21 1124
22 100
22 320
22 619
22 1022
22 1392
22 1420
23 91
23 251
23 271
23 487
23 587
23 973
23 1058
23 1329
23 1362
23 1531
25 475
25 490
25 981
25 1589
25 1605
25 1934
26 947
26 962
26 1309
26 1622
26 1790
27 106
27 1068
27 1309
28 528
28 572
28 700
28 1197
28 1537
29 72
29 160
29 481
29 924
29 1281
29 1302
29 1362
30 306
30 863
30 1042
30 1188
30 1303
30 1813
30 1903
30 2000
31 1665
32 45
32 1611
32 1823
33 1073
33 1333
33 1616
33 1641
33 1889
33 1975
34 110
34 529
34 654
34 829
34 899
34 1547
35 661
35 784
35 805
35 915
35 1323
35 1432
35 1579
35 1968
36 107
36 619
36 926
36 948
36 1232
36 1478
36 1487
36 1500
36 1606
36 1627
36 1778
37 431
37 867
37 1200
37 1285
37 1421
37 1967
38 181
38 285
38 351
38 563
38 1107
38 1207
38 1375
38 1513
38 1535
38 1641
38 1791
38 1873
38 1983
39 371
39 459
39 1155
39 1834
40 115
40 166
40 198
40 205
40 442
40 581
40 811
40 816
40 1424
40 1768
40 1957
41 101
41 554
41 662
41 895
41 1466
41 1794
41 1875
41 1943
41 1976
42 50
42 444
42 575
42 646
42 1339
43 76
43 78
43 264
43 1026
43 1210
43 1399
43 1484
43 1494
43 1696
43 1781
43 1801
44 753
44 1068
44 1727
45 993
45 1187
45 1894
46 521
46 703
46 1448
46 1645
47 268
47 854
47 1094
47 1456
47 1789
47 1801
47 1861
47 1932
47 1957
48 306
48 507
48 606
48 1413
48 1519
48 1648
48 1903
49 74
49 494
49 588
49 1514
49 1801
50 370
50 389
50 456
50 1334
50 1567
50 1981
51 985
51 1298
51 1460
51 1721
51 1731
51 1883
52 639
52 1047
52 1073
53 63
53 450
53 837
53 908
53 1116
53 1598
54 104
54 155
54 427
54 1523
55 432
55 757
55 903
55 1303
55 1442
55 1709
55 1949
56 313
56 748
57 615
57 1029
57 1343
57 1893
58 176
58 211
58 351
58 444
58 516
58 807
58 1181
58 1193
59 242
59 405
59 830
59 1374
59 1748
59 1975
60 107
60 118
60 157
60 302
60 1055
60 1091
60 1378
60 1563
61 361
61 414
61 529
61 710
61 1102
61 1388
61 1411
61 1711
61 1942
62 120
62 1010
63 340
63 939
63 1651
64 376
64 806
64 1000
64 1614
64 1792
64 1966
65 101
65 110
65 156
65 540
65 840
66 730
66 1484
66 1516
66 1768
67 1070
67 1742
67 1764
68 194
68 735
68 1049
68 1119
68 1542
68 1756
68 1772
68 1999
69 100
69 545
69 1368
69 1767
70 488
70 495
70 533
70 915
70 1083
70 1711
71 258
71 436
71 687
71 1176
71 1317
71 1839
72 74
72 82
72 668
72 721
72 1095
72 1631
73 168
73 250
73 286
73 421
73 876
73 1358
73 1474
73 1644
73 1856
73 1927
74 296
74 1286
74 1428
74 1600
74 1656
75 1178
76 101
76 180
76 238
76 1358
76 1662
76 1855
77 198
77 244
77 312
77 485
77 935
77 1065
77 1660
78 156
78 927
78 1409
78 1506
78 1663
78 1701
78 1971
79 246
79 327
79 527
79 783
79 837
79 1624
79 1668
80 167
80 969
80 1015
80 1135
80 1535
80 1646
80 1685
80 1769
81 203
81 286
81 1038
81 1177
81 1355
81 1527
81 1562
82 1475
82 1837
83 127
83 248
83 428
83 468
83 956
83 1003
83 1685
84 945
84 1024
84 1455
84 1553
84 1755
85 351
85 727
85 911
85 1636
86 718
86 749
87 1534
87 1624
87 1686
88 184
88 902
88 1015
88 1430
89 96
89 529
89 1025
89 1881
90 268
90 504
90 818
90 982
90 1278
90 1692
90 1955
90 1990
91 312
91 1009
91 1115
91 1136
91 1984
92 282
92 312
92 438
92 470
92 614
92 826
92 1551
92 1726
93 1169
94 307
94 955
94 1378
94 1595
94 1600
94 1824
94 1900
95 273
95 335
95 645
95 1005
95 1325
95 1527
95 1869
95 1935
96 195
96 421
96 1111
96 1501
96 1608
96 1699
96 1733
96 1820
96 1884
97 303
97 421
97 1629
97 1741
98 580
98 694
98 1303
98 1459
98 1562
98 1572
98 1952
98 1998
99 104
99 206
99 541
99 638
99 966
99 1265
99 1381
99 1468
100 141
100 931
100 949
100 1042
101 322
101 609
101 950
101 1040
101 1308
101 1790
101 1833
102 752
102 936
102 1192
102 1254
102 1990
103 869
103 1303
103 1349
103 1724
103 1818
104 107
104 610
104 1009
104 1163
104 1330
104 1571
105 165
105 474
105 725
105 1100
105 1338
105 1580
106 1247
106 1526
106 1639
106 1743
106 1853
106 1985
107 702
107 834
107 1150
107 1501
107 1526
108 495
108 781
108 1242
108 1748
109 219
109 597
109 611
109 943
110 475
110 706
110 911
110 956
110 1587
111 266
111 488
111 579
111 669
111 975
111 1356
111 1814
112 1028
112 1187
112 1206
112 1289
112 1297
112 1412
112 1893
113 1629
114 475
114 656
114 1104
114 1517
115 258
115 329
115 580
115 843
115 981
115 1065
115 1219
115 1428
115 1436
115 1574
115 1964
116 1299
116 1405
116 1505
116 1664
116 1690
117 123
117 275
117 521
117 644
117 654
117 987
117 1351
118 379
118 872
118 1474
118 1914
119 164
119 1023
119 1369
120 447
120 817
120 1001
120 1040
120 1044
120 1628
121 332
121 1066
121 1078
121 1684
122 1225
122 1278
122 1810
122 1898
122 1923
122 1959
123 943
123 1226
123 1741
123 1814
124 564
124 736
124 804
124 1735
125 389
125 1687
126 1385
126 1953
127 253
127 739
127 955
127 1168
127 1407
127 1870
128 1606
128 1985
129 163
129 281
129 1150
129 1187
129 1653
129 1857
130 711
130 937
130 1012
130 1037
130 1894
131 601
131 1021
131 1215
131 1303
131 1481
131 1657
131 1911
132 177
132 770
132 1004
132 1093
132 1299
132 1906
133 692
133 766
133 1025
133 1351
133 1378
133 1456
133 1557
134 1431
134 1911
135 306
135 317
135 447
135 516
135 638
135 1292
136 197
136 387
136 413
136 474
136 1136
136 1472
136 1565
136 1997
137 766
137 870
137 937
137 1058
137 1708
138 285
138 1027
138 1188
139 1137
139 1238
139 1411
139 1520
139 1769
140 637
140 1697
141 452
141 878
141 948
141 1251
141 1623
141 1905
142 299
142 454
142 565
142 1187
142 1730
143 343
143 855
143 973
143 1267
143 1611
143 1687
143 1965
144 174
144 986
144 1082
144 1278
144 1387
144 1528
144 1684
145 593
145 774
145 1172
145 1628
146 1137
146 1251
147 291
147 818
147 871
147 1354
147 1414
147 1848
147 1934
147 1980
148 826
148 832
148 1085
148 1181
148 1192
148 1505
148 1587
148 1946
149 267
149 273
149 375
149 743
149 1010
149 1355
149 1542
150 282
150 309
150 423
150 707
150 1135
150 1386
151 632
151 803
151 1126
151 1545
152 659
152 715
152 944
152 1041
153 206
153 301
153 715
153 736
154 997
154 1073
154 1663
154 1739
154 1794
154 1873
154 1878
155 197
155 236
155 851
155 967
155 1086
155 1175
155 1849
156 926
156 1058
156 1419
157 192
157 1046
157 1051
157 1137
157 1402
157 1551
157 1601
157 1660
157 1670
157 1680
157 1723
158 298
158 606
158 716
158 1359
158 1505
158 1522
158 1682
158 1733
158 1750
159 377
159 487
159 637
159 1152
159 1200
160 434
160 817
160 1559
161 768
161 944
161 1027
162 1027
162 1142
163 285
163 934
163 1173
163 1356
163 1402
163 1407
163 1648
164 423
164 1256
164 1327
164 1393
164 1854
165 507
165 697
165 813
165 1445
165 1502
166 433
166 810
166 955
166 1008
166 1018
166 1775
167 585
167 685
167 1183
167 1211
167 1671
167 1674
168 741
168 860
168 876
168 1236
168 1330
168 1991
169 1049
169 1059
169 1263
169 1516
169 1891
170 856
170 864
170 889
170 1286
171 273
171 488
171 1375
171 1418
172 380
172 513
172 1158
173 250
173 318
173 406
173 626
173 738
173 1183
173 1373
173 1619
174 438
174 547
174 634
174 889
174 1457
174 1582
174 1890
174 1921
175 319
175 402
175 477
175 1166
175 1990
176 420
176 536
176 714
176 1132
176 1785
176 1917
176 1998
177 244
177 1167
177 1939
178 305
178 450
178 1149
178 1295
178 1666
179 233
179 347
179 457
179 1856
180 530
180 1484
180 1561
180 1592
180 1919
181 558
181 1424
181 1593
181 1770
181 1926
182 190
182 1284
182 1827
183 214
183 666
183 954
183 1134
183 1561
184 488
184 820
184 1032
184 1427
185 403
185 469
185 842
185 1869
185 1978
186 450
186 470
186 1056
186 1278
186 1976
186 1993
187 485
187 556
187 629
187 866
187 1105
187 1683
187 1986
188 666
188 1036
188 1428
188 1874
189 748
189 1123
189 1565
189 1805
190 318
190 533
190 575
190 976
190 1196
190 1258
190 1649
190 1656
190 1741
190 2000
191 816
191 1470
191 1657
191 1679
191 1763
192 1001
192 1439
193 306
193 531
193 537
193 713
193 741
193 757
193 839
193 1201
193 1384
194 614
194 1251
194 1269
194 1972
195 352
195 437
195 1153
195 1162
196 1069
196 1578
196 1693
196 1963
197 941
197 1229
197 1325
197 1587
198 309
198 992
198 1645
198 1846
199 557
199 1301
199 1741
200 574
200 842
200 1204
200 1624
200 1977
201 412
201 961
201 1261
201 1618
201 1629
202 497
202 573
202 655
202 816
202 828
202 838
202 1452
202 1776
202 1932
203 778
203 1178
203 1208
203 1788
204 534
204 800
204 1076
204 1264
204 1340
204 1600
204 1884
205 730
206 453
206 482
206 870
206 1275
206 1454
206 1965
207 237
207 569
207 1335
208 567
208 922
208 1145
208 1349
208 1641
208 1803
208 1877
208 1905
209 357
209 648
209 694
209 1791
210 296
210 869
211 378
211 741
211 1542
211 1563
211 1748
212 484
212 516
212 545
212 1553
213 565
213 893
213 918
213 1985
214 611
214 861
214 894
214 1147
214 1677
214 1678
215 283
215 472
215 843
215 1350
216 395
216 516
216 589
216 1502
216 1768
217 594
217 1075
217 1831
218 368
218 397
218 1129
218 1722
218 1954
219 399
219 524
219 789
219 842
219 962
219 1001
219 1266
219 1953
220 315
220 633
220 743
220 973
220 1969
221 473
221 491
221 860
221 1196
221 1464
222 948
223 1184
223 1327
223 1363
223 1447
223 1544
223 1933
224 610
224 1076
224 1730
224 1970
225 245
225 1237
226 381
226 687
226 811
226 1845
226 1969
227 515
227 536
227 1621
227 1816
228 283
228 1916
229 726
229 1122
229 1691
230 423
230 1107
230 1255
231 643
231 689
231 1194
231 1319
231 1362
232 289
232 296
232 1206
232 1432
232 1747
233 532
233 716
233 1063
233 1132
233 1247
233 1291
233 1580
233 1649
234 660
234 693
234 1168
234 1318
234 1974
234 1991
235 771
235 964
235 1327
235 1341
236 259
236 343
236 348
236 380
236 393
236 1585
237 441
237 969
237 1386
237 1493
239 441
239 571
239 630
239 632
239 1216
239 1225
240 337
240 491
240 903
240 1020
240 1095
240 1195
240 1407
241 283
241 342
241 436
241 551
241 1530
241 1688
242 594
242 894
242 1488
242 1515
242 1774
243 304
243 1110
243 1336
244 352
244 760
244 906
244 1473
244 1546
244 1775
244 1940
244 1942
244 1979
245 698
245 991
245 1150
245 1269
245 1926
246 486
246 1167
246 1227
246 1372
247 1617
248 353
248 447
248 1019
248 1353
249 1263
249 1523
250 1253
250 1861
251 1472
251 1505
251 1961
252 567
252 1362
252 1541
252 1650
253 299
253 892
253 1154
253 1925
253 1953
254 318
254 1128
254 1137
254 1744
255 493
255 1135
255 1374
255 1516
255 1567
255 1962
256 455
256 563
256 616
256 907
256 909
256 1727
256 1876
257 269
257 329
257 433
257 991
257 1149
257 1671
257 1741
259 453
259 456
259 1041
259 1356
259 1753
260 313
260 440
260 529
260 1054
260 1556
261 632
261 1886
262 1005
262 1119
262 1617
263 464
263 622
263 1334
263 1401
263 1444
263 1670
263 1944
264 353
264 452
264 789
264 1073
265 556
265 576
265 892
265 924
265 1303
266 1388
266 1493
266 1782
267 1170
267 1398
267 1454
268 480
268 537
268 1777
268 1797
268 1929
269 710
269 1529
269 1862
270 643
270 1308
270 1693
270 1924
271 865
271 1335
272 1937
273 504
273 1321
273 1494
273 1786
273 1879
274 561
274 908
274 1601
275 343
275 1035
275 1160
275 1218
275 1236
275 1261
275 1336
275 1635
276 529
276 1144
276 1145
276 1267
276 1520
276 1837
276 1856
277 278
277 1462
278 427
278 680
278 1437
278 1750
279 1651
280 300
280 717
280 792
280 931
280 1038
280 1496
281 495
281 888
281 1131
281 1734
282 927
282 1855
283 1030
283 1704
283 1782
284 628
284 846
284 1324
284 1372
284 1566
284 1640
284 1967
285 527
285 741
285 1021
285 1085
285 1156
285 1515
286 288
286 902
286 1452
286 1484
287 736
287 857
287 1067
287 1517
287 1538
287 1688
287 1846
288 875
288 887
288 1430
288 1935
289 508
289 547
289 704
289 975
289 1489
289 1784
289 1794
289 1880
290 369
290 813
290 1718
291 697
291 1249
291 1253
291 1444
291 1791
291 1892
292 823
292 1076
292 1998
293 396
293 462
293 596
293 904
293 1226
294 964
294 1098
294 1420
294 1718
295 968
295 1005
296 439
296 779
296 838
296 985
296 1101
296 1162
296 1441
296 1909
297 320
297 457
297 570
297 1529
298 500
298 1034
298 1569
298 1792
299 466
299 949
299 1336
299 1980
300 1225
300 1506
300 1642
300 1780
301 774
301 791
301 1168
301 1216
301 1756
302 1688
303 1643
303 1679
303 1681
304 579
304 1161
304 1206
305 397
305 507
305 822
305 1004
305 1162
305 1291
305 1829
306 1005
306 1034
306 1442
306 1562
306 1913
307 414
307 623
307 720
307 932
307 1625
308 551
308 988
308 1743
308 1920
309 700
309 833
309 873
309 1028
309 1041
309 1214
310 772
310 1598
310 1609
311 325
311 462
311 544
311 1867
312 583
312 587
312 632
312 806
312 907
312 1254
312 1402
313 393
313 803
314 676
314 850
314 1015
314 1165
314 1618
314 1786
314 1813
315 774
315 1475
315 1501
315 1545
315 1703
316 1157
316 1164
316 1507
316 1751
317 403
317 1626
318 559
318 621
318 1374
318 1637
318 1703
319 874
319 893
319 1441
319 1622
319 1786
320 639
320 1028
320 1063
320 1687
320 1693
321 674
321 1276
321 1503
321 1574
321 1663
321 1964
322 1029
323 403
323 471
323 626
323 724
323 893
323 1152
323 1290
323 1606
323 1973
324 491
324 492
324 755
324 1796
324 1822
324 1972
325 1252
325 1463
325 1645
325 1728
325 1923
325 1992
326 348
326 415
326 544
326 1183
326 1248
326 1374
326 1907
327 846
327 1095
327 1764
328 628
328 974
328 1620
328 1858
329 941
329 1286
329 1593
330 620
330 790
330 1511
330 1823
331 691
331 1309
331 1337
332 1040
332 1560
332 1848
333 819
333 1093
333 1543
333 1648
333 1857
333 1871
334 544
334 925
335 588
335 1456
335 1678
335 1699
337 602
337 616
337 692
337 1153
337 1488
337 1497
337 1530
338 418
338 443
338 819
338 1993
339 438
339 505
339 526
339 985
339 1242
339 1293
339 1305
339 1611
339 1950
340 1959
340 1969
341 607
341 613
341 843
341 1196
341 1324
341 1814
342 447
342 804
342 814
342 879
342 930
342 1135
342 1904
343 426
343 720
343 1015
343 1308
343 1514
343 1880
344 665
344 1064
345 541
345 735
345 1468
345 1975
346 868
346 1332
346 1440
346 1525
346 1614
346 1842
346 1997
347 662
347 737
347 962
347 1828
348 991
348 1247
349 642
349 937
349 1017
349 1349
349 1371
350 481
350 547
350 606
350 850
350 1708
350 1795
350 1830
351 920
351 992
351 1022
351 1184
351 1387
351 1862
352 1716
353 456
353 620
353 1039
353 1135
353 1588
353 1784
353 1979
354 389
354 1073
354 1495
354 1743
354 1957
355 508
355 574
355 766
355 1300
355 1548
355 1642
355 1684
356 1043
356 1048
356 1477
356 1547
357 597
357 696
357 893
357 1124
357 1762
358 800
358 810
358 1211
358 1727
358 1968
358 1992
359 710
359 941
359 1482
359 1612
359 1974
360 432
360 527
360 634
360 1500
360 1806
361 758
361 823
361 1459
361 1744
362 1000
362 1776
363 539
363 969
363 1823
364 590
364 725
364 1038
364 1062
364 1224
364 1369
364 1376
364 1854
364 1913
365 663
365 1033
365 1089
366 486
366 1080
366 1185
367 1320
367 1625
367 1703
368 574
368 1267
368 1297
368 1390
369 1625
369 1970
370 555
370 1233
370 1460
371 1117
371 1858
371 1985
372 534
372 1000
372 1102
372 1582
372 1793
373 1054
373 1479
373 1620
373 1871
373 1909
374 413
374 834
374 1018
374 1252
375 532
375 557
375 819
375 1087
375 1643
375 1943
376 442
376 526
376 1277
376 1528
377 647
377 812
377 1309
377 1543
377 1844
377 1855
378 1089
378 1404
378 1442
379 1001
379 1411
379 1645
380 517
380 755
380 853
380 1097
380 1451
380 1762
380 1817
381 475
381 518
381 1060
381 1066
381 1301
381 1353
381 1384
381 1385
381 1648
381 1792
382 383
382 1340
382 1689
382 1713
382 1720
382 1872
383 549
383 865
383 1647
383 1655
383 1862
384 690
386 606
386 655
386 985
386 1076
386 1083
387 409
387 458
387 1055
387 1067
387 1346
387 1678
387 1982
388 844
388 1261
388 1435
388 1818
389 790
389 874
389 943
389 1101
389 1185
389 1722
389 1774
390 572
390 829
390 1197
390 1507
390 1737
390 1890
391 624
391 737
391 982
391 1047
391 1463
391 1519
391 1932
392 448
392 478
392 913
392 959
392 1635
393 423
393 702
393 1804
394 658
394 1796
395 399
395 468
395 709
395 736
395 879
395 906
395 1180
395 1787
396 687
396 1775
396 1946
397 732
397 790
397 968
397 1127
397 1267
397 1322
397 1444
397 1534
397 1615
397 1867
398 774
398 962
398 1172
398 1365
398 1511
398 1814
399 600
399 658
399 1355
399 1497
399 1800
400 446
400 481
400 1492
401 456
401 600
401 865
401 1755
402 602
402 764
402 985
402 1254
402 1861
403 630
403 992
403 1917
404 477
404 735
404 859
404 1337
404 1980
405 884
405 968
405 1006
405 1304
405 1580
405 1618
405 1699
405 1849
406 1067
407 828
407 1271
407 1878
408 516
408 926
408 1111
408 1262
409 791
409 989
409 1213
409 1269
409 1487
409 1819
409 1908
410 458
410 981
410 1099
410 1595
410 1719
410 1762
410 1967
411 451
411 501
411 1008
411 1379
411 1613
411 1734
411 1758
411 1908
411 1930
412 662
412 922
412 1203
412 1650
412 1871
413 805
413 1386
413 1971
414 874
414 1133
414 1226
414 1404
414 1575
415 514
415 1633
416 834
416 893
416 1381
416 1972
416 1983
417 779
417 871
417 990
417 1127
418 912
418 1203
418 1380
418 1524
418 1696
418 1852
419 1036
419 1100
419 1121
419 1156
419 1221
420 470
420 691
420 1400
420 1763
420 1919
421 793
421 950
421 1222
421 1936
422 1086
422 1141
423 972
423 1957
424 536
424 796
424 835
424 1046
424 1779
425 523
425 626
425 708
426 1276
426 1396
426 1610
427 680
427 766
427 952
427 1104
427 1254
428 588
428 645
428 990
428 1074
428 1612
429 734
429 821
429 1025
429 1137
429 1150
429 1175
429 1908
430 570
430 1418
431 667
431 1037
431 1656
431 1686
431 1703
432 757
432 1617
432 1785
432 1830
432 1856
433 491
433 614
433 626
433 933
433 1057
433 1706
434 674
434 844
434 1287
434 1549
434 1663
435 560
435 572
435 929
435 1866
436 725
436 878
436 905
436 1262
436 1573
436 1606
436 1767
436 1769
436 1905
436 1913
437 1196
437 1519
438 548
439 997
439 1043
439 1295
439 1770
439 1825
440 696
440 888
440 920
440 959
440 1640
441 476
441 969
441 1514
441 1649
441 1752
442 515
442 700
442 731
442 825
442 1191
442 1348
442 1552
442 1875
443 789
443 1018
443 1418
444 1371
444 1994
445 876
445 937
445 1625
446 847
446 1824
446 1927
446 1986
447 607
447 822
447 917
447 972
447 1750
447 1835
448 468
448 677
448 1006
448 1328
448 1340
448 1443
448 1744
448 1881
449 833
449 1907
450 1274
450 1302
451 564
451 672
452 499
452 677
452 1152
452 1429
452 1664
452 1697
453 694
453 993
453 1142
453 1427
454 788
454 1101
454 1325
454 1850
455 647
455 1112
455 1568
455 1584
455 1619
455 1961
456 764
456 903
456 985
456 1114
456 1250
456 1406
456 1706
456 1743
457 679
457 1412
457 1587
457 1589
457 1683
458 771
458 1500
458 1960
459 576
459 1648
460 539
460 573
460 956
460 1572
460 1807
460 1884
460 1922
461 526
461 671
461 779
461 1766
462 516
462 844
462 1116
462 1129
462 2000
463 839
463 937
463 1560
463 1993
464 1201
464 1547
464 1818
464 1961
465 1165
465 1340
465 1579
466 899
466 1308
466 1501
466 1621
466 1701
467 624
467 807
467 955
467 983
467 1332
467 1595
467 1812
468 1431
468 1566
469 544
469 1623
470 577
470 1326
470 1451
470 1889
471 584
471 1006
472 777
472 870
472 936
472 1093
472 1135
472 1146
473 594
473 1192
473 1633
473 1996
474 929
474 1396
475 1518
475 1616
475 1754
476 622
476 762
476 1027
477 753
477 1250
477 1432
478 1400
478 1556
478 1684
479 977
479 1008
479 1274
479 1528
479 1544
480 1253
481 575
481 667
481 879
481 1213
481 1221
481 1332
481 1450
482 502
482 580
482 1053
482 1487
482 1503
483 509
483 759
483 802
483 815
483 1323
483 1440
484 1405
484 1480
485 922
485 1218
485 1403
485 1649
486 862
486 915
486 1791
487 684
487 1199
487 1708
487 1781
487 1787
487 1911
488 505
488 893
488 907
488 1152
488 1284
488 1342
488 1560
488 1591
489 568
489 685
489 704
489 960
490 494
490 551
490 644
490 1660
491 555
491 625
491 1199
491 1240
491 1315
491 1346
492 743
492 1163
492 1638
493 624
493 737
493 887
493 976
493 1586
493 1855
494 709
494 795
494 1690
494 1752
495 551
495 1313
495 1945
496 525
496 585
496 903
496 949
496 1426
496 1538
496 1902
497 563
497 665
497 1312
497 1775
498 1187
498 1346
498 1472
498 1493
499 1319
499 1976
500 670
500 1569
501 1760
501 1876
501 1956
502 1467
502 1713
502 1779
503 622
503 1063
503 1150
503 1259
503 1361
503 1963
504 1111
504 1265
504 1439
505 1918
506 560
506 664
506 1865
506 1899
507 815
507 1135
507 1275
507 1334
508 529
508 626
508 640
508 1007
508 1251
508 1269
508 1842
509 576
509 967
509 1760
509 1854
510 619
510 749
510 837
510 1341
510 1480
510 1601
511 1373
511 1460
511 1787
511 1918
512 661
512 777
512 857
512 988
512 1441
512 1730
512 1957
513 692
513 699
513 721
513 927
513 997
513 1040
513 1107
513 1322
513 1432
513 1756
513 1882
514 559
514 599
514 640
514 1832
514 1848
514 1914
514 1950
515 809
515 1199
515 1937
516 911
516 1131
516 1595
516 1824
517 1393
517 1669
517 1764
517 1866
518 621
518 684
518 1510
518 1726
518 1757
519 572
519 1368
520 602
520 1592
520 1691
520 1876
520 1921
521 708
521 1683
521 1715
521 1835
522 552
522 1210
522 1492
522 1694
522 1834
523 1339
523 1608
523 1773
523 1819
524 1554
524 1888
524 1979
525 1207
526 626
526 719
526 982
526 1212
527 664
527 843
527 1138
527 1162
527 1182
527 1344
527 1421
527 1641
527 1648
527 1668
527 1940
528 553
528 923
528 935
528 957
528 1155
528 1334
528 1629
528 1744
528 1848
528 1927
529 1108
529 1502
529 1685
530 536
530 586
530 587
530 1637
530 1887
531 976
531 1023
531 1824
532 577
532 1173
532 1590
533 722
533 1312
533 1415
533 1478
533 1620
533 1724
533 1816
534 1201
536 942
536 1022
536 1027
536 1175
536 1539
537 805
537 1330
537 1380
537 1796
538 851
538 1720
538 1768
539 1435
539 1455
539 1961
540 1007
540 1080
541 653
541 1526
541 1926
542 1019
542 1483
543 853
543 947
543 1087
543 1439
543 1449
544 601
544 872
544 1622
544 1656
544 1695
544 1767
545 1433
545 1725
545 1941
546 928
546 967
546 1668
546 1680
547 649
547 820
547 971
547 1033
547 1254
547 1327
548 579
548 594
548 757
548 1018
548 1028
548 1508
548 1671
549 1196
549 1556
550 629
550 789
550 1402
550 1604
550 1717
550 1784
550 1787
550 1949
551 1232
551 2000
552 561
552 660
552 1115
552 1136
552 1438
552 1449
552 1765
552 1856
553 569
553 722
553 955
553 1341
554 763
554 1101
554 1162
554 1499
554 1546
554 1743
555 696
555 839
555 1933
556 712
556 876
556 1023
556 1729
556 1856
556 1978
556 1982
557 1911
558 825
558 876
558 1111
558 1647
558 1939
559 1619
560 700
560 1168
560 1202
560 1261
560 1399
560 1491
561 797
561 1267
561 1698
561 1909
562 847
562 1215
562 1599
562 1601
562 1619
562 1734
562 1881
563 1001
563 1022
563 1531
564 657
564 1604
564 1631
565 822
565 1094
565 1116
565 1299
565 1771
566 1211
566 1647
567 574
567 655
567 872
567 873
567 1017
567 1079
567 1396
567 1763
568 578
568 1805
569 743
569 772
569 864
569 988
569 1285
569 1542
569 1771
570 786
572 715
572 847
572 1352
572 1481
573 1276
573 1660
573 1884
574 771
574 1135
575 942
575 990
576 673
576 942
576 1224
576 1262
576 1730
576 1882
577 1317
577 1766
577 1788
577 1860
578 967
579 1056
579 1303
579 1490
579 1605
579 1941
580 591
580 766
580 1004
580 1554
580 1904
581 989
581 1817
582 1319
583 1140
584 790
584 833
584 1312
584 1519
585 764
585 811
585 1535
586 1201
586 1210
586 1365
586 1435
586 1651
586 1923
587 679
587 862
587 1010
587 1397
587 1608
588 1906
589 1511
589 1690
589 1988
590 846
590 1625
590 1745
590 1938
591 1070
591 1270
591 1431
591 1450
591 1482
592 839
593 607
593 965
593 1151
594 659
594 1020
594 1084
594 1266
594 1446
594 1528
594 1601
594 1602
594 1979
596 703
596 873
596 966
596 1124
596 1244
596 1402
596 1699
596 1777
597 822
597 1927
598 605
598 791
598 902
598 1015
598 1192
598 1391
598 1739
598 1996
599 650
599 691
599 1607
599 1654
599 1919
600 1009
600 1029
600 1231
600 1488
600 1627
600 1650
601 812
601 1121
601 1567
601 1845
601 1875
601 1911
602 1458
603 927
603 1518
604 765
604 902
604 908
604 923
604 1697
605 665
605 773
605 1209
605 1323
605 1519
605 1647
605 1883
605 1911
606 1895
607 1046
608 1152
608 1156
608 1222
609 711
609 1424
609 1748
610 631
610 898
610 1230
610 1641
610 1743
611 741
611 770
611 1339
611 1410
611 1683
611 1973
612 1230
612 1462
612 1476
613 709
613 798
613 1199
614 711
614 1201
614 1911
615 712
615 774
615 1630
616 977
616 1686
616 1859
616 1894
617 829
617 975
617 1847
618 1008
618 1295
618 1353
618 1428
618 1464
618 1745
618 1817
619 786
619 1110
619 1501
620 751
620 1218
620 1654
620 1875
621 1061
621 1139
621 1335
621 1418
621 1781
622 1749
622 1762
623 670
623 701
623 1061
623 1315
623 1330
623 1338
623 1372
623 1641
623 1912
623 1983
624 944
624 1131
624 1720
624 1776
624 1915
625 645
625 1147
625 1482
625 1505
625 1844
625 1870
626 893
626 1064
626 1142
626 1371
627 636
627 1115
627 1525
628 930
629 995
629 1368
629 1638
629 1686
630 725
630 1047
630 1394
630 1500
631 632
631 701
631 1206
631 1453
632 654
632 1421
632 1483
632 1647
632 1763
633 1555
634 680
634 1240
634 1689
634 1761
635 718
635 1809
635 1818
636 825
636 1554
636 1650
636 1823
637 855
637 1388
637 1560
637 1610
637 1669
638 992
638 1437
638 1442
638 1572
638 1755
639 1287
639 1586
639 1619
640 734
640 1276
640 1391
641 1726
641 1964
641 1996
642 1390
642 1689
643 728
643 732
643 1793
643 1810
643 1889
643 1901
644 1170
644 1282
644 1507
644 1674
645 754
645 963
645 1354
646 1495
647 1135
647 1864
648 746
648 912
648 1045
648 1999
649 1107
649 1629
650 848
650 1514
650 1653
650 1985
650 1989
651 704
651 921
651 1285
651 1311
651 1617
651 1727
651 1852
651 1965
652 1106
652 1572
652 1761
652 1814
652 1826
653 700
653 1516
653 1868
654 894
654 1042
655 1010
655 1160
655 1279
655 1751
655 1979
656 1309
656 1546
656 1552
656 1589
657 800
657 1003
657 1761
658 1532
658 1579
658 1759
658 1961
659 734
659 839
659 952
659 1388
659 1468
660 932
660 1156
660 1586
660 1987
661 1043
661 1126
661 1195
661 1237
661 1246
661 1263
661 1989
662 866
662 945
662 1015
662 1064
662 1117
662 1301
662 1304
662 1972
662 1985
663 739
663 1025
663 1844
664 682
664 985
664 1164
665 789
665 909
665 1285
665 1306
665 1368
665 1443
665 1875
666 876
666 960
666 1011
666 1120
666 1315
666 1604
666 1756
667 1647
667 1719
668 912
668 993
668 1119
668 1403
669 1261
670 703
670 714
670 738
670 1582
670 1742
670 1913
671 1094
672 765
672 859
672 1271
673 777
673 943
673 1851
673 1987
674 991
674 1159
674 1377
674 1515
674 1571
674 1684
675 1756
675 1917
676 819
676 878
676 1026
676 1986
677 1968
678 859
678 1689
678 1712
678 1736
678 1855
679 784
679 1594
679 1987
680 1253
680 1572
681 1212
681 1286
681 1534
681 1627
682 755
682 997
682 1051
682 1233
682 1706
682 1747
683 782
683 814
683 1046
683 1071
683 1135
683 1633
684 1374
684 1385
684 1406
684 1491
685 1549
686 912
686 1040
686 1319
686 1593
686 1961
687 1744
688 1022
689 808
689 1775
690 1025
690 1163
690 1774
690 1980
691 1327
692 739
692 983
692 1265
692 1731
692 1771
692 1790
693 847
693 1211
693 1491
693 1492
693 1670
693 1795
694 879
694 941
694 1246
694 1445
694 1486
694 1930
695 1168
695 1181
695 1333
695 1844
696 874
696 1615
696 1824
697 1087
697 1590
698 793
698 1644
698 1982
699 1133
699 1250
700 759
700 906
700 943
700 973
700 1161
700 1609
700 1772
701 1292
701 1417
701 1591
701 1677
702 1002
702 1015
702 1226
702 1251
703 1013
703 1066
703 1322
703 1405
703 1569
703 1907
703 1969
704 802
704 915
704 985
704 1068
704 1113
704 1950
705 1078
705 1263
706 759
706 1560
706 1804
707 1479
707 1875
708 1469
708 1641
709 723
709 741
709 949
709 989
709 1524
710 915
710 999
710 1002
710 1118
710 1777
710 1922
711 1534
711 1538
711 1599
712 1585
713 974
713 1246
713 1681
713 1850
713 1994
714 739
714 1029
714 1075
714 1085
714 1093
715 1001
716 720
716 1435
716 1466
716 1623
716 1644
717 901
717 1053
717 1133
717 1851
717 1882
718 897
718 901
718 995
718 1251
719 900
719 927
719 986
719 1152
719 1830
720 1300
720 1599
721 1780
722 965
722 1043
722 1375
722 1493
722 1748
723 875
723 1548
723 1996
724 748
724 783
725 942
725 1716
726 793
726 932
726 943
726 972
726 1294
726 1357
726 1448
726 1848
726 1957
727 820
727 1501
728 995
728 1258
728 1443
729 1578
729 1634
729 1679
729 1943
730 1083
730 1090
730 1161
730 1402
730 1469
730 1725
731 948
731 1048
731 1447
731 1479
732 1241
732 1349
732 1827
732 1995
733 831
733 1376
733 1623
734 1007
734 1134
734 1163
734 1274
734 1411
735 971
735 1128
735 1497
736 932
736 968
736 1028
736 1383
736 1552
736 1775
736 1970
737 993
737 1015
737 1176
737 1743
738 1987
739 1179
739 1444
739 1593
739 1734
739 1970
740 758
740 1940
741 747
741 1492
741 1930
742 846
742 1206
742 1785
743 973
743 1802
743 1847
744 745
744 982
744 1048
744 1285
744 1488
745 806
745 1250
745 1379
745 1389
745 1786
746 1482
746 1638
746 1676
747 1495
747 1699
747 1782
747 1843
747 1874
748 920
748 1455
748 1499
749 827
749 1696
749 1864
750 963
750 1644
750 1828
751 1187
751 1446
751 1917
751 1978
752 1752
752 1757
752 1778
753 1180
754 787
754 938
754 1050
754 1869
754 1930
755 968
755 1753
756 783
756 1064
756 1651
757 1403
757 1435
757 1840
759 780
759 1685
759 1862
759 1970
760 813
760 830
760 1846
761 812
761 932
761 1322
761 1808
762 1189
762 1683
763 796
763 1105
763 1311
763 1665
764 1033
764 1341
765 1146
765 1219
765 1372
765 1521
766 1056
766 1162
767 1513
768 944
768 1376
768 1950
769 821
769 1170
769 1346
769 1791
770 878
770 1517
770 1864
771 1330
772 1040
772 1534
773 905
773 969
773 996
773 1204
773 1282
773 1547
773 1592
773 1693
774 1526
774 1571
774 1592
775 926
775 1284
775 1722
775 1858
776 839
776 945
776 1200
776 1285
777 782
777 906
777 1062
777 1199
777 1876
778 806
778 1059
778 1102
778 1658
778 1799
778 1954
779 1286
779 1567
779 1721
779 1767
780 846
780 924
780 1204
780 1302
780 1738
780 1762
781 1195
781 1798
782 800
782 940
782 1142
782 1173
782 1238
782 1843
783 967
783 1278
784 914
784 1221
784 1448
784 1986
784 1999
785 1270
785 1840
786 888
786 1042
786 1243
786 1278
786 1485
786 1902
787 1005
787 1112
787 1467
787 1540
787 1812
788 1327
789 800
789 900
789 1247
789 1249
789 1391
789 1471
790 1139
790 1246
790 1554
790 1622
791 1242
791 1473
791 1842
791 1975
792 805
792 1286
792 1439
794 937
794 989
794 1034
794 1505
794 1939
795 1308
795 1433
796 964
796 1522
797 1079
797 1186
797 1486
797 1759
797 1784
798 1194
798 1451
799 836
799 960
799 1898
800 1186
800 1388
800 1673
800 1788
801 883
801 982
801 1051
801 1408
801 1527
801 1674
801 1821
802 811
802 878
802 1121
802 1427
802 1509
803 1188
803 1657
803 1970
804 988
804 1218
804 1306
804 1465
804 1589
805 814
805 899
805 1060
805 1192
805 1750
806 1272
806 1709
807 1290
807 1348
807 1377
807 1434
808 1034
808 1475
808 1898
808 1962
809 917
809 1175
809 1410
809 1712
810 836
810 1338
810 1506
810 1638
810 1738
810 1798
810 1984
812 1006
812 1137
812 1395
812 1702
812 1717
812 1773
813 1085
813 1243
814 957
814 973
814 1050
815 924
815 1112
815 1223
815 1231
815 1470
815 1500
816 1058
816 1364
816 1441
816 1454
816 1886
816 1991
817 868
817 1084
818 913
818 1130
818 1489
818 1679
818 1878
820 1161
820 1506
820 1871
821 1122
821 1214
822 890
822 1355
822 1694
822 1847
823 1197
823 1312
823 1658
824 1171
824 1232
824 1458
824 1566
824 1658
824 1875
825 1393
825 1931
826 995
826 1194
826 1442
826 1481
826 1982
827 1243
829 895
829 1158
829 1825
830 1155
830 1309
830 1859
830 1973
832 985
832 1215
832 1296
832 1337
832 1365
832 1780
832 1917
833 1231
833 1711
833 1862
834 861
834 1254
834 1400
835 1043
835 1186
835 1411
835 1975
836 1150
836 1494
836 1558
837 1054
837 1602
838 957
838 1028
839 1018
839 1487
839 1665
839 1834
840 1045
840 1079
840 1142
840 1970
841 927
841 1746
841 1755
842 1244
842 1387
842 1814
843 1563
844 883
844 1314
844 1404
844 1562
844 1857
845 1409
845 1947
846 876
846 1431
846 1540
846 1563
846 1872
847 901
847 1186
847 1340
847 1415
848 1962
848 1980
849 1228
849 1619
849 1659
849 1751
849 1923
850 1120
850 1647
850 1732
851 985
851 1115
851 1184
852 1288
853 1004
854 1806
855 1052
855 1414
855 1626
855 1686
855 1838
856 1136
856 1717
856 1750
856 1809
856 1976
857 859
857 1281
857 1569
857 1733
858 1196
858 1357
858 1726
859 910
859 1042
859 1463
859 1605
859 1746
860 1199
860 1201
860 1574
860 1975
861 1449
861 1464
861 1660
861 1901
862 1179
862 1373
862 1555
862 1971
863 1799
863 1945
864 897
864 1160
864 1196
864 1643
864 1850
864 1857
865 1309
865 1406
865 1840
866 964
866 974
866 1073
866 1207
866 1309
867 1069
867 1374
867 1381
867 1715
868 959
868 1102
868 1278
869 1401
870 1044
870 1257
870 1298
870 1728
870 1841
871 1138
872 1168
872 1706
872 1982
873 961
873 1090
873 1151
874 980
874 1357
874 1441
874 1603
874 1680
874 1723
875 933
875 1045
875 1368
875 1374
875 1787
876 976
876 1057
876 1289
876 1315
876 1336
876 1595
876 1770
877 1677
878 956
878 1425
878 1509
878 1705
878 1960
879 1028
879 1908
880 1014
881 1276
881 1365
882 1208
882 1630
882 1766
882 1948
883 1534
884 1694
884 1900
884 1945
885 1454
885 1871
886 906
886 1012
886 1108
886 1293
886 1337
886 1390
886 1904
886 1939
887 959
887 1431
887 1705
887 1856
887 1971
888 952
888 1718
888 1785
889 1570
890 1102
890 1276
890 1897
890 1903
890 1927
891 941
891 1039
891 1228
891 1357
891 1577
891 1983
892 1157
892 1299
892 1486
892 1892
893 913
893 1471
893 1594
893 1893
893 1927
895 1450
895 1601
896 1209
896 1301
896 1431
896 1491
897 1041
897 1061
897 1423
898 949
898 1553
898 1899
899 1584
899 1854
900 1165
900 1388
900 1977
901 1047
902 1057
902 1308
902 1872
903 1305
903 1371
904 1663
905 940
905 1516
905 1661
906 973
906 1713
906 1744
907 977
907 1009
907 1169
907 1364
907 1579
907 1689
908 1643
908 1886
909 1129
909 1227
909 1509
909 1567
910 1473
910 1720
910 1824
911 1013
911 1053
911 1072
911 1796
912 1046
912 1060
912 1126
912 1737
912 1775
914 1327
914 1579
915 1687
916 946
916 1227
916 1289
916 1513
917 921
917 1151
917 1169
917 1183
917 1532
917 1727
917 1748
917 1820
918 990
918 1273
918 1379
918 1918
919 1655
920 1681
920 1697
920 1869
921 979
921 992
921 1369
921 1576
921 1707
921 1715
922 1089
923 947
923 1421
924 1293
924 1761
924 1970
925 947
925 1228
925 1959
926 1158
926 1584
926 1741
926 1832
927 1407
927 1621
927 1976
928 962
928 1892
929 1805
930 1559
930 1773
930 1793
931 1348
931 1370
931 1653
931 1748
932 1350
932 1492
932 1959
933 1120
933 1219
933 1450
934 1444
935 1575
935 1747
935 1819
937 1083
937 1256
937 1529
938 1526
938 1612
938 1668
938 1826
939 1509
940 1420
940 1490
940 1494
941 976
941 1120
941 1384
941 1715
941 1924
942 1459
943 1276
943 1914
944 1017
944 1164
944 1170
944 1540
945 982
945 1333
946 1368
947 1514
947 1856
948 1016
948 1259
948 1531
949 1041
949 1297
949 1358
949 1530
951 1343
951 1385
952 1106
952 1585
952 1741
952 1755
953 1056
953 1504
953 1682
953 1707
954 1233
955 1140
955 1279
955 1298
955 1330
955 1370
956 1319
956 1924
957 1100
957 1423
957 1530
957 1677
957 1995
958 1259
958 1992
959 1059
959 1149
959 1508
959 1780
960 1080
960 1748
960 1912
960 1988
961 1085
961 1297
961 1321
961 1376
962 1229
962 1298
963 1527
963 1761
964 1599
964 1956
965 1186
965 1448
965 1599
965 1777
966 1426
966 1614
966 1814
966 1980
968 1538
968 1753
968 1842
968 1871
969 1244
969 1547
969 1725
969 1977
970 1331
970 1496
970 1599
970 1972
971 1424
971 1804
971 1866
972 1547
973 1348
973 1645
973 1866
973 1974
974 1588
974 1812
976 985
976 1110
976 1148
976 1165
976 1215
976 1885
977 1428
978 1332
978 1473
978 1761
978 1801
979 992
980 1109
981 1360
981 1507
981 1630
982 1014
982 1372
982 1581
982 1596
982 1891
983 1414
984 1018
984 1025
984 1055
984 1089
984 1123
984 1372
984 1551
984 1729
985 1094
986 996
986 1154
986 1730
986 1756
987 1577
987 1658
988 1597
988 1632
989 1559
990 1168
990 1292
990 1451
990 1705
990 1968
993 1031
993 1033
993 1384
994 1014
994 1059
994 1333
994 1338
994 1425
994 1847
995 1810
996 1019
996 1056
997 1620
997 1668
997 1765
997 1772
998 1059
998 1424
998 1695
998 1911
999 1533
999 1639
999 1858
999 1919
1000 1797
1001 1355
1001 1356
1002 1075
1002 1101
1002 1624
1002 1966
1003 1081
1004 1731
1005 1284
1005 1548
1006 1065
1007 1163
1007 1348
1007 1413
1007 1442
1007 1634
1007 1876
1008 1150
1008 1196
1009 1067
1009 1094
1009 1481
1009 1500
1009 1506
1010 1368
1010 1740
1011 1264
1011 1948
1012 1188
1013 1095
1013 1180
1013 1353
1014 1285
1014 1411
1014 1418
1014 1582
1014 1634
1015 1431
1015 1565
1015 1664
1015 1856
1017 1099
1017 1145
1017 1437
1017 1662
1017 1735
1017 1819
1018 1166
1018 1538
1018 1851
1019 1392
1020 1902
1021 1149
1021 1819
1023 1348
1023 1903
1024 1153
1025 1062
1025 1091
1026 1407
1026 1915
1026 1983
1027 1060
1027 1181
1027 1381
1027 1543
1027 1623
1029 1181
1029 1585
1030 1190
1031 1038
1031 1761
1031 1815
1032 1202
1032 1246
1032 1736
1032 1870
1033 1137
1033 1272
1033 1453
1033 1600
1033 1790
1033 1948
1034 1259
1035 1199
1035 1325
1035 1616
1035 1905
1036 1135
1036 1296
1036 1302
1036 1501
1036 1895
1037 1129
1037 1415
1037 1483
1037 1831
1038 1540
1038 1644
1039 1055
1039 1563
1039 1583
1039 1620
1040 1391
1040 1495
1040 1666
1040 1773
1040 1777
1041 1206
1041 1427
1041 1529
1041 1593
1041 1615
1042 1056
1042 1147
1042 1314
1042 1583
1042 1621
1042 1883
1042 1964
1043 1056
1043 1385
1043 1724
1044 1099
1044 1550
1044 1930
1045 1163
1045 1353
1045 1362
1045 1378
1045 1699
1046 1225
1046 1269
1046 1287
1046 1351
1046 1398
1047 1076
1047 1380
1047 1939
1048 1117
1048 1234
1048 1303
1048 1852
1049 1811
1050 1099
1050 1110
1050 1324
1051 1247
1051 1462
1051 1715
1051 1862
1052 1767
1053 1201
1054 1132
1054 1437
1054 1539
1055 1818
1055 1872
1055 1885
1055 1961
1055 1970
1056 1310
1057 1070
1057 1118
1057 1870
1058 1516
1058 1636
1058 1713
1058 1715
1059 1070
1059 1547
1059 1985
1060 1169
1060 1351
1060 1454
1060 1460
1060 1955
1061 1261
1061 1322
1062 1758
1063 1132
1063 1349
1063 1393
1064 1249
1064 1392
1065 1197
1065 1199
1065 1799
1066 1201
1066 1376
1067 1216
1067 1567
1067 1676
1067 1839
1067 1913
1068 1601
1069 1338
1069 1593
1069 1768
1070 1510
1071 1198
1071 1343
1071 1347
1071 1622
1072 1411
1072 1598
1073 1173
1073 1563
1073 1674
1073 1685
1075 1647
1075 1917
1075 2000
1076 1672
1076 1691
1077 1414
1077 1571
1077 1641
1078 1090
1078 1806
1078 1943
1079 1086
1079 1255
1079 1517
1079 1934
1080 1658
1081 1372
1081 1829
1082 1164
1082 1340
1082 1594
1083 1285
1083 1429
1084 1311
1084 1557
1085 1226
1085 1615
1086 1323
1086 1466
1086 1774
1087 1311
1087 1633
1087 1972
1087 1976
1089 1284
1090 1265
1090 1322
1090 1753
1090 1885
1091 1238
1091 1329
1091 1598
1092 1754
1092 1769
1093 1225
1095 1377
1095 1528
1095 1798
1096 1139
1096 1179
1096 1249
1096 1487
1096 1881
1096 1988
1097 1355
1097 1401
1097 1434
1097 1953
1097 1998
1098 1136
1098 1157
1098 1186
1098 1436
1098 1667
1098 1995
1099 1160
1099 1246
1099 1984
1100 1394
1101 1777
1101 1872
1101 1895
1102 1419
1102 1678
1102 1935
1103 1126
1103 1375
1104 1116
1104 1566
1104 1712
1106 1464
1106 1732
1106 1945
1106 1990
1107 1599
1107 1601
1107 1945
1107 1960
1108 1151
1108 1348
1109 1508
1110 1131
1110 1174
1110 1386
1111 1202
1111 1352
1111 1537
1111 1955
1111 1989
1112 1464
1112 1697
1112 1899
1112 1909
1115 1441
1116 1922
1117 1397
1117 1659
1118 1174
1118 1215
1118 1222
1118 1378
1118 1648
1118 1720
1118 1850
1119 1336
1119 1541
1119 1963
1120 1410
1121 1695
1122 1172
1122 1260
1122 1297
1122 1469
1122 1574
1122 1786
1123 1173
1123 1210
1123 1428
1123 1780
1123 1801
1123 1914
1124 1273
1124 1331
1124 1509
1124 1632
1125 1338
1125 1423
1126 1527
1126 1739
1128 1240
1128 1685
1129 1165
1129 1556
1129 1786
1131 1535
1131 1865
1132 1611
1132 1787
1132 1927
1133 1256
1133 1259
1133 1506
1134 1617
1135 1239
1136 1221
1136 1722
1138 1312
1138 1413
1138 1432
1139 1342
1139 1348
1139 1527
1139 1542
1140 1854
1141 1165
1141 1285
1141 1419
1142 1750
1142 1935
1143 1806
1144 1314
1144 1451
1144 1597
1144 1717
1145 1222
1145 1393
1145 1821
1145 1945
1147 1520
1148 1323
1149 1571
1150 1599
1150 1812
1151 1737
1151 1857
1152 1740
1154 1630
1154 1705
1154 1846
1155 1171
1155 1456
1155 1729
1155 1759
1155 1829
1157 1217
1157 1848
1158 1316
1158 1605
1158 1823
1159 1674
1160 1349
1160 1408
1161 1620
1161 1721
1162 1169
1163 1165
1163 1261
1163 1760
1163 1908
1164 1573
1164 1963
1165 1187
1165 1773
1165 1852
1168 1190
1168 1388
1168 1729
1169 1291
1169 1776
1169 1796
1169 1881
1169 1882
1169 1984
1170 1871
1170 1910
1172 1648
1172 1997
1174 1411
1174 1616
1175 1291
1175 1417
1175 1627
1175 1735
1175 1851
1176 1930
1177 1634
1178 1348
1178 1549
1178 1876
1179 1339
1179 1797
1180 1438
1180 1443
1180 1481
1180 1662
1180 1686
1180 1812
1180 1912
1180 1998
1181 1805
1182 1307
1182 1545
1182 1831
1183 1412
1184 1340
1184 1698
1184 1731
1184 1832
1184 1940
1184 1942
1187 1615
1187 1627
1187 1660
1187 1767
1188 1441
1188 1481
1188 1536
1188 1564
1189 1242
1189 1451
1189 1464
1190 1342
1190 1979
1191 1293
1191 1431
1192 1840
1192 1866
1193 1527
1194 1335
1194 1803
1194 1819
1195 1762
1195 1839
1195 1859
1195 1904
1196 1705
1196 1870
1196 1917
1197 1372
1198 1516
1199 1512
1200 1317
1200 1976
1202 1256
1202 1547
1203 1441
1203 1575
1203 1629
1203 1745
1204 1646
1204 1821
1205 1858
1205 1862
1206 1581
1206 1596
1206 1774
1207 1450
1207 1497
1207 1680
1208 1308
1208 1327
1208 1488
1208 1819
1208 1895
1209 1225
1209 1476
1209 1564
1209 1584
1209 1915
1210 1306
1210 1990
1211 1381
1211 1451
1212 1395
1215 1850
1216 1599
1216 1803
1217 1457
1217 2000
1219 1293
1219 1710
1220 1250
1220 1358
1221 1481
1221 1792
1222 1538
1222 1932
1222 1958
1222 1992
1224 1377
1224 1788
1224 1904
1224 1929
1225 1330
1225 1743
1226 1402
1226 1962
1227 1625
1229 1273
1229 1322
1230 1774
1230 1959
1231 1480
1232 1495
1232 1837
1232 1863
1234 1554
1234 1911
1235 1346
1235 1592
1235 1840
1235 1873
1236 1390
1237 1983
1237 1991
1238 1349
1238 1839
1239 1564
1239 1731
1239 1805
1240 1332
1240 1528
1240 1681
1241 1270
1241 1456
1241 1560
1241 1641
1241 1938
1242 1805
1243 1266
1243 1569
1243 1599
1243 1694
1243 1991
1244 1562
1245 1423
1245 1875
1246 1507
1246 1983
1247 1282
1247 1464
1247 1942
1247 1957
1248 1586
1248 1925
1248 1929
1249 1927
1249 1986
1251 1526
1252 1601
1253 1558
1253 1632
1253 1730
1254 1395
1254 1901
1254 1988
1255 1956
1257 1440
1257 1695
1257 1734
1258 1314
1258 1372
1258 1408
1259 1450
1259 1627
1260 1828
1261 1315
1261 1320
1261 1494
1261 1585
1261 1855
1261 1892
1262 1287
1262 1671
1262 1785
1262 1898
1263 1429
1263 1657
1264 1348
1264 1535
1264 1713
1265 1299
1265 1679
1265 1947
1266 1289
1268 1344
1269 1830
1270 1359
1270 1414
1270 1417
1270 1615
1271 1539
1271 1914
1272 1317
1272 1677
1273 1893
1273 1998
1274 1291
1274 1481
1274 1509
1274 1598
1275 1344
1276 1372
1276 1476
1276 1978
1277 1963
1278 1393
1278 1439
1278 1706
1278 1768
1278 1936
1279 1336
1279 1476
1279 1548
1280 1593
1280 1805
1281 1525
1281 1690
1281 1983
1282 1842
1283 1322
1283 1691
1284 1285
1284 1665
1285 1389
1285 1683
1285 1745
1285 1984
1286 1744
1287 1551
1287 1824
1287 1868
1288 1458
1289 1559
1289 1625
1289 1708
1290 1498
1290 1688
1291 1506
1291 1872
1291 1989
1293 1458
1294 1612
1294 1714
1294 1871
1294 1913
1295 1813
1295 1879
1296 1344
1296 1454
1297 1390
1297 1502
1297 1924
1297 1932
1298 1689
1298 1894
1299 1620
1299 1638
1299 1686
1300 1414
1301 1512
1301 1611
1301 1641
1301 1735
1302 1349
1302 1429
1302 1525
1302 1705
1302 1768
1303 1479
1303 1986
1304 1355
1304 1379
1304 1806
1304 1926
1305 1365
1305 1935
1306 1898
1307 1344
1307 1902
1307 1926
1308 1489
1308 1674
1308 1783
1309 1930
1310 1767
1310 1967
1311 1809
1312 1753
1313 1632
1313 1709
1313 1860
1315 1489
1315 1990
1316 1329
1316 1843
1316 1905
1317 1588
1317 1707
1318 1683
1318 1705
1319 1572
1320 1685
1320 1784
1321 1413
1322 1536
1322 1636
1324 1492
1325 1362
1325 1587
1325 1830
1325 1850
1326 1451
1328 1544
1328 1565
1328 1713
1329 1728
1329 1900
1330 1567
1331 1589
1331 1600
1334 1398
1334 1878
1335 1353
1335 1893
1336 1337
1337 1537
1338 1536
1338 1737
1339 1393
1339 1646
1340 1358
1341 1435
1341 1655
1343 1401
1343 1581
1343 1587
1343 1920
1344 1466
1345 1695
1345 1819
1346 1959
1347 1387
1347 1952
1347 1967
1348 1987
1349 1479
1349 1507
1350 1860
1351 1461
1351 1661
1352 1563
1352 1897
1352 1899
1353 1562
1354 1485
1354 1798
1354 1824
1355 1530
1355 1710
1355 1809
1356 1756
1356 1852
1356 1950
1356 1961
1357 1880
1358 1712
1358 1805
1358 1853
1358 1991
1360 1750
1360 1780
1361 1824
1362 1765
1362 1784
1365 1482
1365 1583
1365 1669
1366 1368
1366 1502
1366 1564
1366 1892
1368 1512
1368 1596
1368 1635
1368 1870
1369 1945
1370 1438
1371 1624
1371 1661
1371 1760
1372 1470
1372 1525
1372 1975
1373 1591
1373 1991
1374 1719
1374 1803
1374 1821
1375 1387
1375 1483
1375 1664
1376 1424
1376 1454
1376 1570
1377 1459
1377 1706
1377 1956
1378 1829
1378 1895
1379 1811
1382 1559
1382 1702
1382 1815
1383 1892
1384 1978
1385 1669
1385 1775
1385 1826
1386 1398
1386 1791
1387 1548
1391 1604
1391 1733
1391 1983
1394 1829
1395 1592
1395 1943
1396 1970
1398 1454
1398 1522
1399 1488
1399 1670
1400 1675
1400 1725
1401 1806
1401 1976
1403 1677
1404 1439
1404 1665
1404 1904
1404 1951
1406 1434
1406 1870
1406 1951
1407 1426
1407 1643
1407 1771
1407 1841
1410 1621
1410 1622
1410 1778
1412 1769
1412 1884
1414 1581
1414 1827
1414 1935
1415 1557
1416 1738
1417 1640
1417 1665
1417 1910
1418 1980
1419 1881
1420 1594
1421 1450
1421 1945
1421 1979
1421 1997
1422 1467
1422 1838
1423 1454
1423 1687
1425 1948
1427 1545
1427 1647
1427 1748
1427 1981
1428 1464
1428 1620
1429 1577
1429 1855
1430 1432
1431 1447
1431 1708
1431 1797
1432 1858
1432 1996
1433 1501
1433 1841
1433 1891
1434 1534
1435 1463
1435 1591
1435 1759
1438 1761
1439 1612
1439 1954
1440 1609
1440 1889
1440 1892
1441 1589
1443 1978
1444 1509
1444 1510
1444 1529
1444 1745
1445 1591
1445 1897
1445 1955
1445 1968
1446 1746
1447 1659
1447 1896
1448 1675
1448 1859
1449 1720
1450 1554
1451 1755
1452 1862
1452 1887
1453 1712
1454 1549
1454 1608
1454 1991
1455 1483
1455 1598
1455 1667
1455 1963
1456 1853
1457 1494
1458 1547
1459 1558
1459 1765
1459 1908
1459 1956
1461 1496
1461 1852
1463 1672
1463 1827
1465 1641
1465 1645
1466 1605
1466 1906
1467 1637
1467 1735
1468 1896
1469 1488
1469 1995
1470 1883
1470 1907
1471 1542
1471 1845
1471 1939
1473 1502
1475 1493
1476 1662
1477 1584
1477 1642
1477 1955
1478 1684
1479 1608
1479 1718
1482 1544
1482 1985
1484 1724
1485 1694
1485 1787
1485 1874
1486 1927
1488 1688
1488 1883
1488 1960
1489 1576
1489 1808
1490 1969
1492 1598
1492 1769
1492 1878
1493 1530
1494 1745
1495 1980
1496 1892
1496 1908
1497 1568
1498 1879
1499 1684
1500 1634
1500 1644
1501 1690
1501 1744
1501 1877
1503 1752
1504 1520
1505 1676
1505 1735
1507 1595
1508 1580
1508 1684
1509 1670
1510 1515
1511 1561
1511 1822
1513 1515
1514 1916
1515 1938
1516 1542
1517 1678
1517 1714
1518 1626
1518 1904
1520 1824
1521 1837
1522 1761
1522 1848
1522 1931
1523 1710
1524 1600
1524 1695
1525 1535
1525 1557
1525 1941
1526 1840
1528 1663
1529 1618
1529 1636
1531 1665
1531 1992
1532 1539
1533 1546
1533 1569
1533 1881
1535 1690
1535 1969
1536 1583
1536 1711
1536 1791
1537 1566
1537 1695
1537 1802
1538 1541
1539 1625
1539 1853
1539 1991
1540 1604
1542 1769
1543 1738
1543 1933
1546 1912
1546 1973
1547 1821
1547 1822
1548 1679
1548 1800
1548 1811
1549 1939
1551 1737
1551 1928
1553 1608
1553 1910
1553 1999
1555 1606
1557 1592
1557 1604
1558 1605
1559 1581
1559 1948
1561 1623
1562 1586
1563 1677
1563 1820
1563 1870
1563 1998
1564 1655
1565 1861
1565 1911
1567 1738
1568 1804
1568 1971
1569 1790
1571 1836
1572 1721
1572 1969
1573 1910
1574 1718
1574 1871
1577 1691
1577 1975
1578 1745
1579 1776
1579 1918
1580 1973
1581 1824
1582 1627
1582 1943
1582 1969
1583 1595
1583 1847
1584 1962
1585 1911
1585 1970
1585 1974
1587 1939
1588 1698
1588 1981
1589 1714
1589 1803
1590 1772
1590 1784
1591 1738
1591 1945
1595 1904
1597 1875
1598 1869
1599 1762
1599 1779
1599 1916
1601 1637
1601 1815
1601 1910
1601 1965
1602 1757
1602 1894
1603 1715
1603 1798
1603 1901
1604 1780
1604 1914
1608 1628
1609 1850
1610 1631
1611 1671
1611 1678
1611 1745
1612 1671
1612 1959
1613 1709
1613 1843
1614 1716
1614 1725
1614 1998
1615 1912
1616 1679
1616 1726
1616 1938
1617 1731
1618 1810
1619 1773
1620 1654
1622 1866
1622 1926
1624 1706
1625 1713
1625 1970
1626 1681
1628 1674
1628 1679
1628 1960
1629 1755
1629 1859
1630 1904
1631 1906
1632 1766
1632 1834
1633 1988
1635 1873
1635 1912
1636 1990
1640 1904
1640 1920
1640 1991
1641 1919
1641 1994
1643 1795
1645 1654
1645 1716
1646 1731
1646 1912
1646 1928
1646 1937
1647 1671
1647 1907
1649 1750
1649 1848
1650 1747
1650 1805
1650 1885
1650 1895
1651 1947
1651 1965
1652 1820
1652 1898
1653 1715
1655 1683
1655 1715
1655 1783
1656 1736
1657 1661
1659 1774
1660 1961
1662 1686
1662 1979
1664 1681
1664 1752
1664 1856
1666 1829
1666 1870
1666 1902
1667 1882
1668 1714
1668 1891
1669 1787
1669 1884
1670 1988
1671 1754
1671 1798
1673 1879
1673 1999
1676 1677
1676 1845
1677 1726
1677 1835
1678 1824
1679 1937
1680 1691
1681 1908
1683 1742
1683 1812
1683 1941
1685 1770
1686 1773
1687 1732
1687 1872
1689 1772
1692 1951
1693 1700
1693 1839
1693 1904
1693 1955
1695 1954
1696 1943
1697 1769
1702 1792
1704 1731
1704 1775
1704 1900
1705 1861
1707 1749
1707 1933
1710 1844
1711 1757
1711 1986
1715 1732
1716 1725
1716 1803
1722 1834
1725 1934
1726 1983
1727 1761
1727 1922
1727 1953
1728 1862
1730 1749
1733 1910
1734 1881
1734 1978
1735 1907
1735 1951
1740 1840
1740 1950
1741 1804
1743 1975
1745 1820
1746 1757
1748 1790
1748 1895
1749 1777
1749 1973
1751 1882
1752 1778
1752 1848
1752 1991
1755 1809
1756 1820
1756 1875
1756 1972
1760 1808
1761 1989
1763 1825
1763 1965
1764 1911
1764 1983
1766 1866
1766 1951
1767 1956
1768 1791
1770 1871
1771 1821
1772 1847
1772 1952
1773 1840
1775 1804
1775 1939
1776 1988
1778 1923
1779 1952
1781 1871
1782 1811
1782 1854
1784 1949
1784 1962
1785 1959
1788 1859
1788 1952
1789 1842
1789 1954
1792 1843
1793 1860
1793 1882
1793 1922
1798 1934
1800 1955
1802 1855
1803 1888
1804 1916
1806 1927
1813 1929
1813 2000
1815 1970
1820 1886
1822 1932
1823 1979
1833 1873
1833 1895
1833 1980
1834 1854
1837 1896
1840 1986
1841 1876
1845 1903
1846 1868
1849 1855
1849 1997
1850 1986
1851 1889
1851 1899
1852 1893
1853 1864
1853 1929
1859 1970
1859 1996
1867 1893
1867 1955
1870 1953
1872 1945
1872 1953
1873 1918
1873 1939
1876 1880
1879 1998
1885 1944
1885 1996
1900 1998
1901 1930
1905 1947
1910 1992
1916 1982
1921 1996
1924 1968
1927 1929
1937 1974
1939 1962
1939 1963
1940 1992
1957 1986