2000
3 1762
11 228
25 1075
36 1445
39 234
39 473
60 1461
66 1281
67 1745
78 401
81 166
81 472
96 698
104 1478
106 888
109 789
121 1113
121 1656
134 196
134 1577
143 566
144 1060
148 1447
154 1592
157 475
160 1061
164 676
164 1812
175 385
178 1829
194 1615
196 513
198 1634
206 2000
213 1291
214 1655
221 1712
223 1105
231 1316
233 637
234 1203
246 913
249 467
253 771
263 1648
270 973
272 1214
287 830
291 1713
291 1776
293 1910
295 1804
298 1281
306 1728
314 1772
315 492
327 1178
333 1371
336 1009
349 1569
353 1449
367 1487
369 1820
374 579
374 1782
375 1139
377 1843
384 1106
384 1710
387 616
399 1754
400 1451
400 1990
404 1087
410 715
411 824
415 1263
421 950
428 1806
429 1691
436 833
436 1290
437 1398
440 1014
455 1032
480 1101
484 1206
497 1790
498 1287
505 1155
519 1593
526 1167
526 1809
533 720
539 917
539 1309
549 1083
551 1331
558 1400
559 949
565 1525
571 1620
572 1376
573 1124
578 991
585 930
585 1465
589 1650
594 1425
596 1327
598 682
599 1274
605 1182
610 667
619 651
627 1120
631 1139
635 1676
637 1170
643 1005
646 1344
653 741
660 1486
663 672
665 1181
669 990
676 1424
676 1455
681 1400
681 1811
690 1516
692 1187
704 984
704 1183
705 756
714 892
717 1582
721 964
722 1268
726 908
726 1630
729 1464
730 1013
735 1240
737 944
737 1383
737 1863
739 740
770 1320
772 858
786 1340
791 1466
794 1460
802 1860
807 1898
813 1685
815 1598
835 1084
841 1086
860 1051
867 1164
871 1386
880 1513
882 1622
882 1948
883 1853
886 1333
889 1715
893 908
893 1794
909 1750
921 1430
924 1425
927 1081
930 1520
947 1401
983 1281
984 1745
986 1149
992 1219
1006 1248
1012 1093
1013 1750
1033 1822
1042 1633
1046 1208
1055 1691
1064 1762
1086 1662
1091 1106
1129 1721
1151 1309
1155 1722
1159 1226
1161 1295
1173 1251
1193 1977
1199 1711
1203 1844
1218 1870
1232 1944
1252 1952
1274 1581
1288 1535
1294 1490
1323 1454
1333 1934
1334 1987
1348 1607
1355 1593
1361 1850
1410 1603
1420 1531
1445 1645
1454 1675
1457 1551
1459 1769
1487 1663
1495 1757
1497 1953
1500 1608
1511 1758
1517 1768
1517 1864
1567 1821
1585 1806
1644 1718
1654 1775
1663 1859
1679 1831
1685 1886
1686 1993
1725 1850
1728 1850
1728 1959
1827 1895
1917 1981