2000
1 824
1 1037
1 1712
2 96
2 342
2 805
2 809
2 1153
2 1691
2 1755
2 1946
3 273
3 734
3 1255
3 1352
3 1597
4 152
4 317
4 519
4 839
4 881
4 1399
4 1461
5 7
5 410
5 811
5 844
5 1084
5 1379
6 350
6 423
6 690
6 1208
7 68
7 135
7 1369
7 1461
7 1500
7 1719
8 778
8 909
8 1374
8 1833
8 1880
9 428
9 834
10 196
10 213
10 496
10 899
10 1148
10 1163
10 1745
10 1860
10 1957
11 48
11 178
11 546
11 659
11 1000
11 1033
11 1097
11 1377
11 1956
12 1128
12 1187
12 1414
12 1433
12 1643
12 1734
13 684
13 1232
13 1354
13 1534
14 369
14 404
14 709
14 726
14 789
14 1228
14 1529
14 1587
15 18
15 41
15 105
15 716
15 1325
15 1523
15 1793
16 232
16 353
16 410
16 471
16 587
16 762
16 800
16 982
16 1944
16 1986
17 73
17 216
17 240
17 1125
17 1218
17 1679
18 533
18 1697
19 171
19 688
19 815
19 1893
20 804
20 1406
20 1625
20 1797
21 448
21 642
21 1817
22 730
22 787
22 793
22 799
22 1830
23 322
23 465
23 685
23 1530
24 331
24 539
24 548
24 699
24 919
24 1068
24 1854
24 1868
25 340
25 387
25 664
25 1015
25 1248
25 1455
25 1779
25 1985
26 111
26 311
26 373
26 1197
26 1351
26 1425
27 859
27 878
27 1007
27 1094
27 1320
27 1374
27 1430
27 1613
28 155
29 111
29 281
29 692
29 1021
29 1981
30 483
30 1680
31 35
31 262
31 341
31 1261
31 1573
31 1789
32 567
32 573
32 785
32 793
32 945
32 1321
32 1645
32 1776
32 1930
33 279
33 297
33 1117
33 1179
33 1272
33 1482
33 1891
33 1902
34 264
34 1006
34 1087
34 1645
34 1723
34 1896
35 97
35 679
35 719
35 984
35 1142
35 1343
35 1389
35 1447
36 133
36 523
36 933
36 1398
36 1908
37 197
37 211
38 137
38 512
38 633
38 757
38 825
38 841
38 1272
38 1445
38 1624
39 226
39 303
39 1216
39 1427
39 1624
40 761
40 1670
41 303
41 1528
42 458
42 643
42 736
42 1616
42 1697
42 1898
43 277
43 331
43 506
43 550
43 1018
43 1161
43 1215
43 1866
43 1892
44 210
44 456
44 644
44 1209
44 1822
44 1903
44 1954
45 792
45 892
45 1420
46 678
46 993
46 1095
46 1117
46 1454
46 1459
46 1537
46 1910
47 211
47 222
47 1128
47 1214
47 1380
47 1645
48 320
48 737
48 844
48 941
48 1045
48 1052
48 1265
48 1348
48 1464
49 696
49 842
49 849
49 897
49 1082
49 1165
50 333
50 692
50 813
50 910
50 1198
50 1436
50 1484
50 1567
50 1733
50 1788
50 1862
50 1899
50 1989
51 216
51 310
51 673
52 56
52 98
52 130
52 282
52 598
52 937
52 1545
52 1989
53 71
53 248
53 346
53 699
53 801
53 892
53 1497
53 1500
53 1766
54 81
54 825
54 880
54 1548
54 1728
54 1778
54 1991
55 399
55 1083
55 1909
56 86
56 263
56 303
56 719
56 903
56 1966
57 767
57 1011
57 1574
57 1851
58 381
58 540
58 631
58 707
58 770
58 834
58 1696
59 419
59 664
59 719
59 858
59 1122
59 1796
60 276
60 782
60 884
60 1335
60 1425
61 788
61 940
61 1012
61 1223
61 1539
61 1882
62 129
62 415
62 766
62 891
62 1444
62 1446
62 1739
63 298
63 496
63 1401
63 1574
63 1688
63 1728
63 1883
63 1950
64 87
64 797
64 931
64 979
64 1108
64 1416
64 1598
64 1646
64 1783
65 72
65 213
65 453
65 710
65 805
65 1142
65 1252
65 1809
66 638
66 814
66 1009
66 1173
66 1578
66 1692
67 321
67 1142
67 1308
67 1413
68 376
68 428
68 795
68 967
68 1401
69 415
69 667
69 773
69 782
69 932
69 1083
69 1364
69 1646
69 1716
70 703
70 885
70 940
70 1379
70 1634
70 1646
70 1912
71 200
71 771
71 809
71 1263
71 1316
71 1440
71 1590
71 1907
72 268
72 1253
72 1887
73 1434
73 1603
73 1977
74 978
74 1798
75 262
75 508
75 1124
75 1753
75 1950
76 592
76 848
76 1016
76 1174
77 205
77 334
77 378
77 603
77 669
77 1374
77 1402
78 492
78 646
78 826
78 1227
78 1871
78 1962
79 294
79 381
79 462
79 594
79 1019
79 1063
79 1405
79 1423
79 1795
80 193
80 246
80 478
80 1372
80 1495
80 1749
80 1768
80 1786
81 171
81 475
81 925
81 1332
81 1422
81 1492
81 1747
81 1778
82 167
82 298
82 308
82 554
82 910
82 912
82 1317
82 1368
82 1396
82 1586
82 1845
83 99
83 101
83 354
83 758
83 1054
84 123
84 955
84 978
84 1082
84 1127
84 1141
84 1153
84 1280
84 1325
84 1742
85 1188
85 1339
85 1358
85 1651
86 413
86 471
86 472
86 794
86 845
86 1392
86 1503
86 1540
86 1866
87 149
87 658
87 1370
87 1626
88 208
88 714
88 779
88 1276
88 1389
88 1453
88 1591
88 1983
89 117
89 893
89 1345
89 1412
89 1793
90 262
90 379
90 477
90 599
90 702
90 790
90 993
90 1383
90 1651
91 400
91 486
91 677
91 1909
91 1998
92 903
92 1132
92 1209
92 1323
92 1748
92 1777
92 1840
93 109
93 220
93 274
93 456
93 618
93 692
93 765
93 1468
93 1635
94 236
94 244
94 267
94 1260
94 1307
94 1364
94 1682
94 1708
94 1801
95 470
95 1125
95 1196
95 1607
96 289
96 672
96 879
96 910
96 1082
96 1164
97 203
97 222
97 284
97 550
97 747
97 1148
97 1329
97 1362
97 1546
97 1860
98 310
98 488
98 704
98 1342
98 1353
99 675
99 1171
99 1623
100 165
100 175
100 766
100 1108
100 1141
100 1307
101 501
101 778
102 365
102 655
102 980
102 1076
102 1116
102 1382
102 1408
103 707
103 823
103 1221
103 1566
103 1877
104 837
104 1683
105 261
105 297
105 715
106 432
106 617
106 843
107 303
107 557
107 1776
107 1830
107 1964
108 184
108 332
108 417
108 1889
109 172
109 186
109 206
109 232
109 459
109 1162
109 1516
109 1518
110 487
110 569
110 687
110 751
110 812
110 1582
111 1068
111 1111
111 1239
112 163
112 1013
112 1447
112 1692
112 1977
113 410
113 611
113 713
113 751
113 1839
114 522
114 1743
114 1812
114 1974
115 793
115 1070
115 1168
115 1657
115 1858
116 348
116 448
116 793
116 1077
116 1223
116 1516
116 1839
116 1908
117 344
117 431
117 707
117 1632
117 1755
118 573
118 588
118 1046
118 1183
119 579
119 1192
119 1300
119 1691
120 612
120 1998
121 414
121 531
121 564
121 910
121 952
121 1320
121 1426
121 1459
121 1503
122 140
122 296
122 432
122 654
122 777
122 913
122 1544
123 962
123 1917
123 1960
124 257
124 632
124 675
124 1176
124 1412
124 1506
124 1669
125 1602
125 1746
126 504
126 1262
126 1684
126 1801
126 1858
127 263
127 316
127 794
127 973
127 1274
127 1521
127 1944
128 292
128 344
128 550
128 695
129 1749
129 1927
130 359
130 858
130 1027
130 1156
130 1248
130 1421
130 1633
130 1640
130 1910
131 168
131 223
131 403
131 610
131 691
131 877
131 1016
131 1172
131 1636
131 1722
132 317
132 442
132 562
132 1331
132 1535
132 2000
133 196
133 584
133 1047
133 1171
134 533
134 649
134 1219
134 1382
134 1552
134 1654
134 1739
135 618
135 1106
135 1438
135 1552
136 785
136 1574
136 1633
137 608
137 794
137 816
137 1117
137 1541
138 547
138 688
138 1074
138 1572
138 1842
138 1902
138 1925
139 887
139 1153
139 1966
140 190
140 288
140 362
140 593
140 659
140 768
140 771
140 907
140 1653
141 143
141 660
141 844
141 1339
141 1491
141 1526
141 1779
142 154
142 155
142 366
142 974
142 1249
142 1321
142 1361
142 1844
143 1370
143 1478
144 474
144 505
144 611
144 852
145 179
145 771
145 972
145 1335
145 1768
146 189
146 245
146 641
146 833
146 848
146 1148
146 1699
147 162
147 405
147 973
147 1185
147 1279
147 1544
148 235
148 807
148 875
148 1246
148 1362
148 1911
148 1952
149 726
149 1527
149 1984
150 396
150 418
150 678
150 1374
150 1390
151 385
151 504
151 671
151 1165
151 1186
151 1978
152 734
152 1201
152 1219
152 1320
152 1422
152 1587
153 413
153 858
153 893
153 1238
153 1374
153 1420
153 1795
154 658
154 1833
154 1973
155 257
155 271
155 1327
156 621
156 1307
156 1704
157 400
157 1439
157 1719
158 269
158 667
158 841
158 1212
158 1318
158 1944
159 367
159 1395
159 1561
159 1835
159 1863
160 1471
160 1967
161 227
161 772
161 1247
161 1256
161 1506
161 1608
162 506
162 600
162 813
162 878
162 1464
162 1609
163 191
163 817
163 847
163 1527
163 1829
163 1875
163 1934
164 844
164 1680
164 1726
164 1758
165 181
165 304
165 809
165 834
165 1228
165 1236
165 1289
166 417
166 1210
166 1591
167 245
167 356
167 567
167 573
167 611
167 1265
167 1300
167 1945
168 559
168 708
168 841
168 1129
168 1239
168 1441
168 1573
169 253
169 380
169 715
169 736
169 1069
169 1150
169 1180
169 1354
169 1659
169 1757
169 1838
169 1951
170 421
170 583
170 964
171 619
171 1063
171 1153
171 1999
172 251
172 429
172 1007
172 1327
172 1668
172 1774
172 1991
172 1997
173 269
173 686
173 814
173 881
173 968
173 1309
173 1324
173 1376
173 1377
173 1648
173 1746
173 1884
174 547
174 1502
174 1507
174 1866
175 397
175 434
175 467
175 854
175 898
175 960
175 1381
175 1754
176 429
176 801
176 897
176 1513
176 1539
177 330
177 1578
177 1994
178 739
178 802
178 1116
178 1132
178 1189
178 1249
178 1828
178 1886
179 880
179 1250
179 1645
179 1650
179 1889
180 284
180 316
180 579
180 644
180 1110
180 1269
180 1817
181 443
181 837
181 1361
182 394
182 632
182 724
182 1177
182 1321
182 1437
182 1832
183 436
183 516
183 612
183 722
183 1495
183 1545
183 1833
184 274
184 332
184 377
184 1267
184 1520
184 1605
184 1876
185 1338
185 1808
186 223
186 312
186 1014
186 1151
186 1531
186 1564
186 1943
187 600
187 755
187 1062
187 1710
187 1822
187 1874
187 1904
188 798
188 1586
189 263
189 452
189 460
189 548
189 766
189 871
189 1449
189 1487
189 1514
190 829
190 930
190 1009
190 1556
191 769
191 828
191 1418
192 480
192 599
192 1095
192 1126
192 1163
192 1320
193 908
193 1236
193 1242
193 1495
193 1670
194 501
194 733
194 1202
194 1247
194 1427
195 324
195 529
195 552
195 1513
195 1521
195 1815
196 429
196 1066
196 1340
196 1374
196 1426
196 1677
196 1693
196 1831
197 1102
197 1744
198 366
198 385
198 436
198 650
198 925
199 521
199 909
199 1221
199 1283
199 1320
199 1470
200 801
200 1357
200 1690
201 232
201 940
201 1096
201 1107
201 1487
201 1990
202 1156
202 1373
202 1510
202 1530
203 243
203 899
203 955
204 307
204 412
204 497
204 603
204 1407
204 1860
205 209
205 301
205 338
205 342
205 470
205 685
205 955
205 1158
205 1331
205 1549
205 1714
205 1904
205 1912
206 264
206 679
206 699
206 781
206 1204
207 380
207 590
207 769
207 1079
207 1227
208 321
208 597
208 1205
208 1224
208 1306
208 1372
208 1558
208 1744
209 253
209 458
209 901
209 915
209 1046
210 714
210 1020
211 936
211 1027
211 1664
212 546
212 804
212 1068
212 1264
212 1494
212 1718
213 304
213 864
213 1124
213 1893
214 724
214 846
215 1362
215 1562
215 1848
216 671
216 716
216 1227
216 1807
216 1997
217 1806
218 575
218 683
218 937
218 1817
219 361
219 1110
219 1227
219 1423
219 1539
219 1724
219 1796
220 582
220 1030
220 1601
220 1929
221 377
221 473
221 1117
221 1505
221 1999
222 273
222 474
222 985
222 1086
222 1224
222 1370
222 1438
223 239
223 769
223 867
223 962
223 984
223 1552
224 442
224 680
224 1623
224 1950
225 804
225 1221
225 1544
225 1737
225 1812
225 1864
226 1106
226 1397
227 350
227 528
227 553
227 729
227 973
227 1224
227 1337
228 255
228 509
228 1166
228 1467
228 1643
229 412
229 543
229 604
229 1169
229 1229
229 1999
230 392
230 1246
230 1397
230 1476
231 1328
231 1337
231 1501
231 1522
231 1777
232 351
232 377
232 891
232 1162
232 1317
232 1878
232 1891
233 244
233 1606
234 1352
234 1440
235 1326
236 483
236 499
236 1086
236 1505
236 1511
237 307
237 934
237 1003
237 1905
238 955
238 976
238 1341
238 1365
238 1433
239 786
239 1118
239 1184
240 657
240 1174
240 1217
240 1243
240 1252
240 1482
240 1516
240 1827
240 1975
241 523
241 607
241 813
241 821
241 875
241 1238
242 381
242 400
242 903
242 1072
242 1836
242 1866
242 1869
243 339
243 1025
243 1377
243 1809
244 819
244 853
244 1974
245 410
245 555
245 926
245 1548
245 1625
246 368
246 376
246 1070
246 1822
246 1917
247 685
247 789
247 923
247 967
248 540
248 782
248 829
248 1197
248 1996
249 1041
249 1294
249 1531
250 418
250 560
250 1322
251 861
251 973
251 1012
251 1102
252 929
252 1336
253 440
253 506
253 823
253 1347
253 1548
254 853
254 940
254 1661
255 398
255 835
255 1121
255 1336
255 1338
255 1677
255 1712
256 404
256 533
256 817
256 1362
256 1564
256 1641
256 1809
257 1064
257 1463
257 1814
257 1818
257 1905
257 1925
258 323
258 460
258 661
258 832
258 1106
258 1128
258 1792
258 1882
259 431
259 833
259 910
259 937
259 1151
259 1348
259 1956
260 1786
260 1955
261 762
261 793
261 960
261 1097
261 1599
262 300
262 586
262 857
262 1316
263 495
263 636
263 766
263 1587
263 1831
264 464
264 495
264 623
264 730
264 1777
265 332
265 529
265 846
265 873
265 883
265 1265
265 1364
265 1388
266 1196
266 1473
266 1777
266 1809
267 837
267 1117
268 574
268 668
268 823
268 943
268 1050
268 1101
268 1149
268 1450
268 1474
268 1880
268 1929
269 286
269 579
269 699
269 731
269 1784
270 760
270 985
271 295
271 641
271 1995
272 509
272 849
272 857
272 1727
273 934
273 1024
273 1410
273 1867
274 428
274 433
274 791
274 1919
275 581
275 855
275 856
275 1675
275 1892
276 1099
276 1274
276 1681
276 1694
277 589
277 657
277 919
277 1011
277 1347
277 1506
277 1692
277 1964
277 1996
278 368
278 913
278 1183
278 1207
278 1655
279 1238
280 349
280 1081
281 337
281 348
281 701
281 887
281 1751
281 1886
282 585
282 894
282 1060
282 1589
282 1631
282 1920
283 335
283 570
283 1067
283 1152
284 1338
284 1730
284 1764
285 1152
285 1959
286 506
286 543
286 979
286 1272
286 1605
286 1992
287 1329
287 1548
288 584
288 725
288 876
288 1000
288 1010
289 508
289 528
289 653
289 665
289 740
289 1136
289 1159
289 1206
289 1501
290 330
290 726
290 878
290 1628
291 528
291 829
291 917
291 1655
292 833
292 852
292 877
292 1366
292 1625
293 920
293 1384
293 1474
293 1551
293 1607
293 1638
293 1652
293 1936
294 370
294 381
294 550
294 1154
294 1449
294 1484
294 1714
295 530
295 933
295 1158
295 1355
295 1775
295 1856
296 937
296 1444
297 642
297 873
297 1042
297 1307
297 1522
297 1887
298 324
298 565
298 791
298 871
298 1321
298 1406
299 602
299 1851
300 1076
300 1436
300 1470
300 1781
301 385
301 668
301 712
301 726
301 1368
302 460
302 1140
302 1353
302 1516
302 1801
303 527
303 989
303 1274
303 1514
303 1836
304 729
304 830
304 1099
304 1612
304 1721
305 501
305 1181
305 1528
305 1662
305 1938
306 358
306 926
307 896
307 1310
307 1632
307 1944
308 339
308 619
308 781
308 1519
308 1554
309 1015
310 313
310 583
310 786
310 899
310 1097
310 1328
310 1563
310 1682
310 1867
311 513
311 1170
311 1310
311 1857
311 1895
312 335
312 431
312 500
312 1027
312 1998
313 700
313 804
313 1152
313 1163
313 1511
313 1627
313 1738
314 488
314 1210
315 545
315 691
315 880
315 1285
315 1839
315 1918
316 613
316 1182
316 1659
316 1964
317 962
317 967
317 1002
317 1592
317 1887
317 1917
317 1919
318 520
318 1137
318 1336
318 1694
318 1876
319 678
319 989
319 1478
319 1550
320 657
320 868
320 1592
320 1734
320 1876
321 534
321 777
321 796
322 652
322 803
322 1176
322 1328
322 1397
322 1406
323 607
324 511
324 1015
324 1024
324 1902
324 1947
325 445
325 766
325 829
325 1101
326 799
326 812
326 854
326 1559
327 353
327 601
327 1187
327 1886
328 409
328 661
328 1393
329 576
329 618
329 640
329 987
329 988
329 1119
329 1302
329 1316
329 1318
329 1348
329 1431
329 1516
329 1702
330 338
330 1046
330 1212
330 1957
331 671
331 1088
331 1495
331 1549
331 1619
332 477
332 786
332 1023
332 1501
333 1402
333 1480
333 1608
334 375
334 403
334 512
334 546
334 577
334 778
334 1105
334 1683
334 1728
334 1874
335 348
335 496
335 650
335 784
335 1354
335 1510
335 1750
335 1752
335 1982
336 484
336 547
336 879
336 903
336 956
336 1227
337 393
337 504
337 925
337 1012
337 1332
338 670
338 830
338 1033
338 1555
339 427
339 567
339 1349
339 1625
339 1664
339 1756
340 754
340 1391
341 773
341 1028
341 1336
341 1356
341 1802
341 1926
342 418
342 442
342 731
342 826
342 1021
342 1079
342 1206
342 1484
342 1920
342 1929
343 384
343 928
343 942
343 1102
343 1569
343 1977
344 721
344 732
344 827
344 1097
344 1296
344 1346
344 1371
344 1546
344 1866
345 391
345 779
345 802
345 1286
345 1722
345 1892
346 463
346 944
346 1042
346 1075
346 1367
346 1479
346 1701
346 1776
347 564
347 806
347 1232
347 1766
348 411
348 432
348 1041
348 1289
349 463
349 488
349 943
349 1272
350 794
350 972
350 1379
350 1620
350 1789
350 1846
350 2000
351 565
351 1093
351 1143
351 1726
351 1832
351 1848
351 1891
352 378
352 653
352 686
352 865
352 881
353 776
353 1193
353 1457
353 1603
354 1005
354 1117
354 1197
355 758
355 872
355 1334
355 1466
355 1783
356 659
357 483
357 501
357 516
357 540
357 609
357 744
357 1237
357 1261
357 1443
358 959
358 1506
358 1837
359 806
359 872
359 1992
360 381
360 663
360 768
360 1252
360 1757
360 1956
361 808
361 828
361 943
361 1577
362 1291
362 1592
362 1594
362 1606
362 1731
362 1790
363 639
364 610
364 695
364 900
364 1205
364 1535
365 410
365 667
365 749
365 855
365 1019
365 1131
365 1226
365 1458
365 1625
366 816
366 1269
366 1852
366 1888
367 608
367 798
367 1857
368 1166
368 1865
369 1358
369 1657
369 1922
369 1973
370 399
370 540
370 698
370 709
370 1054
370 1466
370 1660
370 1677
370 1890
371 983
371 1023
371 1034
371 1117
371 1563
372 877
372 896
372 998
372 1367
372 1520
372 1533
372 1817
373 939
373 969
373 1222
373 1579
373 1669
373 1945
374 593
374 645
374 711
374 797
374 1565
374 1690
374 1710
374 1726
374 1746
375 432
375 1328
376 448
376 1124
376 1141
376 1231
376 1513
376 1926
377 582
377 733
377 838
377 1595
377 1979
378 1158
379 672
379 1807
379 1886
379 1969
380 450
380 537
380 1132
380 1489
380 1591
381 652
381 1080
381 1273
381 1779
382 514
383 1114
383 1220
383 1403
383 1864
384 880
384 1143
385 483
385 510
385 603
385 735
385 1153
385 1195
385 1502
385 1525
385 1952
386 860
386 983
386 1097
386 1329
386 1498
386 1858
387 536
387 979
387 1288
388 636
388 1090
388 1700
388 1864
388 1898
389 841
389 842
389 845
389 894
390 729
390 1127
390 1379
391 581
391 730
391 774
391 1007
391 1035
391 1074
391 1248
391 1329
391 1469
391 1474
391 1850
391 1880
392 961
392 1151
392 1283
392 1455
392 1456
392 1504
392 1781
393 486
393 822
393 894
393 1135
393 1566
393 1741
393 1815
394 647
394 1043
394 1049
394 1682
395 512
395 725
395 844
395 1058
395 1188
395 1320
395 1904
395 1982
396 487
396 782
396 1427
396 1961
397 583
397 1030
397 1623
398 418
398 789
398 1071
398 1470
399 1093
399 1097
399 1621
399 1687
399 1995
400 452
400 1597
400 1745
400 1939
401 712
401 1818
401 1900
402 737
402 915
402 1004
402 1046
402 1125
402 1169
402 1276
402 1284
402 1331
402 1707
403 783
403 963
403 1003
403 1365
403 1921
404 776
404 777
404 1354
404 1509
404 1546
404 1800
405 1213
405 1407
405 1619
405 1638
406 480
406 499
406 631
406 750
406 1479
406 1516
406 1558
407 427
407 702
407 707
407 1850
408 1055
408 1264
408 1724
408 1733
408 1878
409 464
409 719
409 1150
409 1574
409 1856
409 1887
409 1946
410 599
410 803
410 914
410 1189
410 1425
411 483
411 492
411 915
411 1103
411 1487
411 1680
412 526
412 552
412 589
412 616
412 664
412 707
412 1056
412 1308
412 1508
413 517
413 652
413 1354
413 1587
413 1861
413 1937
414 1192
414 1424
414 1959
414 1971
415 533
415 1390
415 1665
415 1787
416 652
416 1029
416 1277
416 1847
417 755
417 757
417 778
417 1101
417 1829
418 934
418 1183
419 568
419 1041
419 1520
419 1559
419 1948
420 501
420 939
420 1028
420 1959
421 688
421 1621
421 1787
421 1941
422 658
422 671
422 829
422 899
422 1100
422 1331
422 1669
422 1880
423 601
423 968
423 1359
424 455
424 465
424 592
424 898
424 1501
424 1525
424 1702
424 1862
424 1915
425 605
425 952
425 1013
425 1037
425 1115
425 1384
425 1973
426 1722
427 843
428 470
428 1061
428 1513
428 1871
429 443
429 939
429 1145
429 1305
429 1865
429 1906
430 790
430 947
430 1296
430 1360
430 1362
431 465
431 614
431 1627
431 1824
431 1846
432 620
432 952
432 1817
433 505
433 624
433 724
433 985
433 1006
433 1490
433 1924
433 1998
434 949
434 1064
434 1321
434 1434
435 906
435 945
435 989
435 1207
435 1348
435 1399
435 1470
435 1611
435 1807
435 1908
435 1982
436 574
436 926
436 1181
436 1825
436 1927
436 1946
437 775
437 1213
437 1295
437 1333
437 1356
437 1571
437 1896
438 452
438 484
438 899
438 1060
438 1321
438 1816
439 515
439 627
439 1134
440 918
440 1083
441 508
441 577
441 658
441 1275
441 1352
441 1833
442 712
443 486
443 515
443 640
443 752
443 1086
443 1370
443 1635
444 828
444 1117
444 1346
444 1490
444 1764
445 1456
445 1807
446 1113
446 1259
446 1452
446 1930
447 660
447 1384
447 1452
447 1914
448 868
448 919
448 1077
448 1168
448 1230
448 1283
449 824
449 911
449 1472
449 1531
449 1583
450 452
450 989
451 810
451 1366
451 1542
451 1664
451 1743
452 572
452 1078
452 1124
452 1342
452 1355
452 1527
452 1572
453 699
453 766
453 1028
453 1328
453 1618
454 941
454 1347
455 1186
455 1444
455 1466
455 1735
456 1229
456 1703
456 1767
457 1268
457 1305
457 1365
457 1425
457 1467
457 1888
458 507
458 519
458 573
458 1112
458 1164
458 1398
458 1401
459 724
459 779
459 1069
459 1499
460 475
460 1462
460 1501
461 1035
461 1841
461 1860
462 1243
462 1805
462 1873
463 815
463 1179
463 1453
463 1599
463 1779
464 485
464 694
464 1758
464 1827
465 987
465 1147
465 1228
465 1257
466 735
466 801
466 1016
466 1567
467 846
467 1120
467 1776
468 1309
468 1366
468 1462
469 489
469 893
469 1255
469 1260
469 1625
470 1050
470 1504
470 1548
470 1690
470 1795
471 960
471 1137
471 1817
472 655
472 963
472 1016
472 1319
472 1452
473 688
473 1013
473 1945
474 1200
475 854
475 954
475 1116
475 1322
475 1424
476 741
476 1321
477 496
477 558
477 1224
477 1228
477 1260
477 1674
478 485
478 575
478 696
478 1046
478 1580
479 1500
479 1704
480 841
480 951
480 1239
480 1388
480 1658
480 1852
481 577
481 594
481 929
481 1446
481 1949
482 682
482 810
482 963
482 1447
482 1541
482 1546
482 1650
483 618
483 1068
483 1831
483 1884
484 1478
484 1695
484 1769
485 664
485 740
485 749
485 958
485 962
485 1028
485 1114
485 1165
485 1623
485 1916
486 794
486 1916
486 1930
487 1168
487 1412
487 1871
488 740
488 930
488 1006
488 1275
488 1572
489 664
489 1213
489 1402
490 706
490 1928
491 1075
491 1280
491 1501
491 1786
492 1607
492 1849
493 659
493 1292
493 1877
494 585
494 744
494 1227
494 1362
494 1694
495 834
495 863
495 920
495 1352
495 1497
495 1909
496 671
496 999
496 1261
496 1500
496 1863
497 765
497 1154
497 1344
497 1438
497 1910
498 1525
498 1553
498 1601
498 1644
498 1972
499 528
499 666
499 1317
499 1588
500 792
500 1099
500 1252
500 1293
500 1623
501 513
501 566
501 704
501 998
501 1001
501 1046
501 1203
501 1702
501 1717
502 1060
502 1173
502 1481
502 1547
502 1564
503 684
503 950
503 1095
503 1171
503 1552
504 781
504 791
504 995
504 1166
505 1124
505 1127
505 1973
506 677
506 1508
506 1536
506 1834
507 545
507 1430
507 1829
508 935
508 1137
508 1141
508 1426
508 1609
508 1926
509 635
509 699
509 748
509 800
509 804
509 1322
509 1345
509 1597
509 1625
509 1685
510 817
510 983
510 1778
511 633
511 672
511 977
511 1017
511 1328
511 1738
511 1867
511 1951
512 544
512 890
512 1019
512 1121
512 1677
512 1930
512 1972
513 1026
513 1206
513 1648
513 1720
513 1954
514 1005
514 1047
514 1074
514 1272
515 634
515 1592
515 1594
516 688
516 747
516 983
517 1325
517 1669
517 1951
517 1987
518 584
518 893
518 934
518 1212
518 1214
518 1457
519 594
519 745
519 1181
519 1310
519 1376
519 1505
519 1783
520 772
520 834
520 873
520 937
520 1480
521 910
521 923
521 970
521 1351
521 1477
521 1779
521 1826
522 605
522 844
522 1664
522 1699
522 1972
523 964
523 1115
523 1236
523 1358
524 670
524 702
524 723
524 1604
524 1614
524 1619
524 1887
525 847
525 965
525 1078
525 1298
526 648
526 1379
526 1914
527 867
527 909
527 1040
527 1646
527 1992
528 722
528 912
528 1078
528 1159
528 1492
528 1759
529 937
529 951
529 1004
529 1482
529 1488
529 1808
529 1964
530 1369
530 1477
530 1582
531 647
531 969
531 1577
531 1670
532 830
532 1510
533 584
533 790
533 1328
533 1676
533 1877
533 1907
534 667
534 859
535 565
535 635
535 700
535 897
535 1284
535 1996
536 683
536 749
536 1810
537 720
537 1481
537 1488
537 1527
537 1536
538 771
538 867
538 1641
539 1386
539 1595
539 1666
539 1990
540 1024
540 1087
540 1162
540 1352
540 1659
540 1874
540 1934
541 1135
541 1372
541 1577
541 1940
542 652
542 744
542 1083
542 1312
542 1968
543 1167
543 1325
543 1705
543 1846
544 784
544 1195
544 1469
544 1528
544 1899
545 800
545 953
545 1016
545 1129
546 1044
546 1076
546 1329
546 1361
547 1711
547 1958
548 565
548 618
548 646
548 660
548 817
548 848
548 1022
548 1311
548 1678
548 1940
549 669
549 1256
549 1623
549 1761
549 1872
549 1967
550 1223
550 1261
550 1328
550 1679
550 1696
550 1962
551 1776
552 627
552 1221
553 1103
554 731
554 902
554 1240
554 1478
554 1706
555 998
555 1477
555 1821
556 913
556 1113
556 1163
556 1247
556 1788
556 1843
557 701
557 872
557 1197
558 1286
558 1316
559 1965
560 586
560 1106
560 1188
560 1204
560 1978
561 802
561 1342
561 1500
561 1571
561 1846
562 831
563 872
563 1162
563 1214
563 1555
564 704
564 747
564 1544
565 1411
565 1429
565 1980
566 837
566 875
566 934
566 1219
567 720
567 728
567 1662
567 1806
567 1957
568 781
568 1473
568 1870
568 1883
569 740
569 806
569 1252
569 1352
569 1854
569 1952
570 588
570 665
570 994
570 1228
570 1416
570 1524
570 1751
571 675
571 778
571 798
571 909
571 1250
571 1569
571 1664
572 610
572 666
572 799
572 827
572 917
572 964
573 691
573 855
573 974
573 995
573 1269
573 1894
573 1988
573 1999
574 797
574 1787
575 591
575 656
575 818
575 1073
575 1624
575 1979
576 1567
577 1710
578 680
578 1107
578 1256
578 1318
578 1569
578 1913
579 596
579 766
579 869
579 892
579 895
579 1176
579 1214
579 1289
579 1375
579 1545
579 1569
579 1842
580 889
580 1362
580 1484
580 1658
581 753
581 843
581 911
581 1205
581 1277
581 1975
582 1461
582 1626
583 666
583 850
583 1129
583 1589
583 1970
584 616
584 1026
584 1261
584 1375
585 986
585 1095
585 1313
585 1664
585 1957
586 682
586 1031
586 1136
586 1230
586 1582
586 1622
586 1636
586 1905
587 1351
587 1704
588 633
588 846
588 1321
588 1421
588 1616
589 1192
589 1269
589 1290
589 1520
589 1672
589 1842
590 1168
590 1455
590 1913
590 1959
590 1960
591 640
591 724
591 1435
592 639
592 675
592 1254
592 1433
593 691
593 1115
593 1282
593 1392
594 658
594 660
594 1313
594 1497
594 1878
595 733
595 811
595 956
595 962
595 1367
595 1459
595 1618
596 809
596 1004
596 1040
596 1633
597 1435
597 1615
598 1123
598 1255
598 1753
598 1755
599 713
599 740
599 801
599 974
599 1448
599 1597
600 888
600 1149
601 787
601 1131
601 1153
601 1776
602 1123
602 1332
602 1545
602 1578
602 1602
602 1993
603 1141
603 1769
604 721
604 1395
604 1413
604 1694
605 841
605 982
605 1147
605 1341
606 653
606 766
606 1418
606 1612
607 1341
607 1450
607 1495
607 1885
608 1268
608 1272
608 1923
609 776
609 1410
609 1881
610 662
610 780
610 1240
610 1321
611 1007
611 1137
611 1243
611 1353
611 1481
612 908
612 1165
612 1348
612 1520
612 1562
613 687
613 790
613 1447
614 1298
614 1541
614 1647
614 1941
614 1984
615 696
615 721
615 763
615 959
615 1736
616 650
616 656
617 832
617 1006
617 1152
617 1168
617 1387
617 1388
617 1393
617 1661
617 1999
618 1250
618 1269
618 1740
618 1794
619 723
619 1393
619 1564
619 1614
620 1421
620 1624
620 1697
620 1711
620 1873
620 1918
621 697
621 780
621 1184
622 920
622 1108
622 1321
622 1402
622 1916
623 892
623 1170
623 1523
623 1850
623 1856
624 1106
624 1204
624 1229
624 1346
624 1829
625 1475
625 1577
626 965
626 1015
626 1213
626 1607
626 1662
627 1277
627 1312
627 1416
627 1452
627 1558
628 821
628 1493
629 1211
629 1256
629 1660
630 672
630 812
630 936
630 1149
630 1203
631 1028
631 1564
631 1679
631 1915
633 655
633 828
633 1147
633 1154
633 1389
633 1576
633 1628
634 701
634 919
634 948
634 1494
634 1710
635 812
635 910
635 1307
635 1419
635 1475
635 1769
635 1951
636 1320
636 1405
636 1572
637 853
637 1045
637 1447
637 1525
637 1746
637 1858
638 881
638 1093
638 1184
638 1954
639 778
639 877
639 1007
639 1099
639 1285
640 837
640 851
640 910
640 932
640 1050
640 1129
640 1343
640 1454
640 1762
640 1810
640 1913
641 1483
641 1582
641 1731
642 1419
642 1648
643 1174
643 1523
643 1766
643 1866
644 878
644 1042
644 1100
644 1234
644 1539
644 1594
644 1620
644 1718
644 1724
645 751
645 808
645 836
645 1318
645 1358
645 1603
646 752
646 1398
646 1591
646 1894
647 908
647 1818
647 1959
648 932
648 1486
648 1597
649 827
649 966
649 1258
649 1474
649 1549
649 1624
649 1848
650 1226
650 1461
650 1743
650 1801
651 778
651 796
651 1082
651 1105
651 1583
651 1679
651 1987
652 1088
652 1179
652 1841
653 719
653 1033
653 1169
653 1547
654 875
654 1017
654 1019
654 1358
654 1979
655 812
655 1199
655 1458
656 1255
656 1614
656 1814
657 748
657 1071
657 1472
657 1586
657 1687
657 1805
657 1984
658 1995
659 1090
659 1679
660 983
660 1694
661 1057
661 1143
661 1631
661 1663
661 1810
661 1910
661 1925
662 848
662 1015
662 1093
662 1106
662 1221
662 1332
662 1434
663 705
663 862
663 1308
663 1351
663 1631
663 1705
663 1858
663 1887
664 776
664 895
664 1407
664 1689
665 1126
665 1171
665 1254
665 1475
665 1513
665 1750
666 1226
666 1453
667 741
667 912
667 940
667 1261
667 1405
667 1858
667 1892
668 1201
668 1234
668 1895
669 899
669 1326
669 1791
670 1029
670 1077
670 1437
670 1453
670 1967
671 1362
672 869
672 1100
672 1451
673 1553
673 1970
674 1201
674 1590
674 1741
675 1111
675 1217
675 1273
675 1430
675 1629
676 1039
676 1068
676 1228
676 1382
676 1761
676 1813
677 694
677 779
677 1997
678 909
678 1873
679 1278
679 1470
680 963
680 1161
680 1242
680 1433
680 1575
680 1906
681 1110
682 831
683 1438
683 1595
684 1219
684 1243
685 863
685 904
685 1132
685 1730
685 1885
686 1861
687 827
687 911
687 1191
687 1301
687 1890
688 1620
688 1958
689 744
689 1508
689 1717
689 1773
689 1849
689 1885
690 886
690 1131
690 1335
690 1886
690 1930
691 1439
691 1605
691 1667
691 1724
692 848
692 930
692 1642
692 1694
692 1787
692 1846
693 734
693 1526
693 1656
693 1744
693 1865
693 1992
694 845
694 895
694 1358
695 1473
696 1161
696 1474
696 1809
697 1035
697 1258
697 1920
698 800
698 936
698 1027
698 1662
699 994
699 1498
699 1741
700 835
700 1558
700 1849
701 929
701 982
701 1053
701 1724
701 1855
701 1873
702 886
702 1090
702 1190
702 1974
703 939
703 953
703 1914
703 1971
703 1979
704 1343
704 1868
705 1122
706 754
706 900
706 1117
706 1124
706 1234
706 1263
706 1406
706 1765
707 1013
707 1079
707 1453
707 1456
707 1835
707 1944
707 1959
708 785
708 837
708 869
708 1022
708 1362
708 1534
708 1625
708 1751
709 789
709 827
709 964
709 1271
709 1758
710 1261
710 1409
710 1424
710 1798
710 1811
710 1992
711 838
711 861
711 1905
712 1611
713 1073
713 1086
714 720
714 814
714 858
714 880
714 1713
714 1746
715 866
715 1720
715 1946
715 1989
716 744
716 914
716 1095
717 1251
717 1623
717 1826
717 1847
718 1009
718 1027
718 1047
718 1349
718 1599
718 1704
718 1943
719 960
719 1511
720 766
720 1374
720 1649
720 1853
720 1977
721 871
721 892
721 1245
721 1379
721 1656
721 1910
721 1957
722 795
722 923
722 1176
722 1384
722 1535
722 1564
722 1648
722 1706
723 973
724 1117
724 1145
724 1316
724 1822
724 1926
725 1370
725 1765
726 746
726 947
726 1121
726 1277
726 1722
726 1832
727 1118
727 1628
727 1708
728 1587
728 1637
728 1682
728 1728
729 1024
729 1032
729 1248
729 1385
729 1854
729 1909
730 813
730 1231
730 1358
730 1363
730 1546
730 1797
730 1989
731 835
731 847
731 1123
731 1130
731 1271
731 1537
731 1705
731 1946
732 739
732 882
732 1513
733 964
733 1042
733 1420
733 1663
734 1218
734 1766
734 1884
735 1220
735 1238
735 1268
735 1327
735 1450
735 1458
735 1562
735 1607
736 827
736 895
736 995
736 1351
736 1758
736 1834
737 1050
737 1144
737 1179
737 1237
737 1719
738 825
738 1215
738 1688
738 1778
738 1998
739 1687
740 1436
742 783
742 893
742 1530
744 885
744 1186
744 1359
745 912
745 922
745 1204
746 1081
746 1312
746 1502
746 1783
746 1871
747 1126
747 1281
748 1010
748 1182
748 1192
748 1492
748 1501
748 1560
748 1636
748 1713
749 1125
749 1939
750 1295
750 1342
750 1401
750 1525
750 1621
750 1785
751 1145
751 1304
752 1560
752 1974
753 1073
753 1250
753 1386
753 1706
754 1709
754 1769
755 1059
755 1633
755 1785
756 903
756 1594
757 1058
757 1570
757 1684
757 1714
758 858
758 1050
758 1962
759 1250
759 1874
760 1575
760 1758
761 1097
761 1679
761 1783
762 820
762 980
762 1026
762 1582
762 1673
763 979
763 1059
763 1116
763 1182
763 1515
763 1632
763 1726
763 1998
764 803
764 825
764 1151
764 1243
764 1428
764 1759
764 1895
765 770
765 1087
765 1291
765 1339
765 1851
765 1869
765 1886
765 1901
766 853
766 1557
766 1569
766 1590
767 1175
767 1248
767 1394
768 812
768 1536
768 1592
769 886
769 1131
769 1144
769 1226
769 1717
770 1694
771 908
771 1317
771 1667
771 1677
772 881
772 1219
772 1297
772 1361
772 1625
772 1649
772 1657
772 1671
773 902
773 1006
773 1726
773 1769
773 1784
773 1982
774 843
774 903
774 1536
774 1866
775 824
775 1189
775 1274
775 1286
775 1607
775 1645
775 1650
775 1788
775 1874
775 1886
776 1425
776 1922
777 1517
777 1625
777 1663
777 1860
777 1984
778 1841
778 1868
779 1323
779 1680
779 1765
780 1321
780 1582
781 891
781 1054
781 1822
782 935
782 1039
782 1159
782 1248
782 1904
782 1983
783 1345
783 1380
783 1647
783 1700
784 1420
784 1452
784 1531
784 1568
785 1726
786 910
786 1301
786 1573
788 976
788 1054
788 1274
788 1431
788 1891
788 1939
789 1438
789 1861
789 1991
790 1172
790 1247
790 1466
790 1894
791 1212
791 1357
791 1378
791 1442
791 1550
791 1890
792 817
792 1849
792 1909
793 983
793 1447
794 1557
794 1771
795 964
795 1092
795 1761
795 1997
796 1010
796 1542
796 1883
796 1982
797 1197
797 1860
798 850
798 871
798 874
798 1491
798 1592
798 1756
798 1820
798 1985
799 908
799 1995
800 970
801 815
801 1772
801 2000
802 1002
802 1030
803 1116
803 1651
804 894
804 972
804 977
805 1833
805 1945
805 1979
806 996
806 1055
806 1269
806 1770
806 1939
806 1986
807 1127
807 1773
807 1814
808 933
808 1685
809 1196
810 940
810 944
810 1362
810 1448
810 1528
810 1760
811 1417
811 1722
812 1498
812 1542
812 1666
813 1050
813 1067
813 1990
814 1317
814 1546
814 1736
815 902
815 1205
815 1246
815 1255
815 1419
815 1440
815 1661
815 1989
816 1093
816 1272
817 841
817 1622
817 1748
818 1389
819 1184
819 1187
819 1216
820 905
820 1073
820 1749
821 1128
821 1175
822 1348
822 1383
822 1542
822 1584
822 1676
823 1391
823 1411
824 1063
824 1285
824 1749
824 1851
825 1149
825 1788
826 1297
826 1318
826 1364
826 1541
826 1893
827 1383
827 1416
827 1424
827 1709
828 1178
828 1309
829 1059
829 1399
829 1407
830 888
830 1252
830 1476
830 1556
831 1496
831 1677
831 1680
831 1964
832 845
832 1051
832 1532
832 1719
833 975
833 1029
833 1236
833 1356
833 1572
833 1992
834 859
834 1193
834 1281
834 1437
834 1687
834 1928
834 1930
835 1138
835 1299
835 1533
835 1766
835 1858
836 847
836 1153
836 1287
836 1432
836 1626
837 1180
837 1520
838 1226
839 1228
839 1652
840 1134
840 1149
840 1880
841 1161
841 1244
841 1586
841 1825
842 1141
842 1355
843 1186
843 1917
843 1944
844 1867
845 962
845 1094
845 1696
845 1706
845 1967
846 1240
846 1387
846 1475
846 1813
846 1837
846 1874
846 1888
847 1067
847 1603
847 1947
848 1569
848 1930
849 1173
849 1868
850 1218
850 1252
850 1352
850 1977
852 1277
852 1516
852 1689
854 968
854 1003
854 1344
854 1469
854 1703
855 908
855 1522
855 1568
855 1735
856 1071
856 1872
858 1109
858 1693
859 1044
859 1784
859 1986
860 1270
861 937
861 1920
862 904
862 1210
862 1609
862 1834
863 1051
863 1614
864 890
864 926
864 977
864 1029
864 1841
864 1910
865 1130
865 1252
865 1445
865 1796
866 1326
866 1380
866 1621
866 1753
866 1869
866 1947
867 1089
867 1132
867 1565
867 1921
868 1183
868 1277
868 1872
869 913
869 983
869 998
869 1023
869 1204
869 1253
869 1285
869 1448
869 1512
869 1543
869 1675
869 1883
869 1975
870 1638
870 1854
870 1933
871 1075
871 1735
871 1888
872 1158
872 1998
873 913
873 1041
873 1090
873 1175
873 1838
873 1902
874 1161
875 1486
875 1658
876 1012
876 1093
876 1204
876 1289
876 1433
876 1565
876 1618
876 1663
876 1963
877 1194
877 1317
877 1345
877 1422
877 1654
877 1814
877 1899
878 991
878 1053
878 1227
878 1793
878 1921
878 1953
880 992
880 1293
880 1875
881 1026
881 1268
881 1307
881 1583
882 901
882 1032
882 1053
882 1204
882 1387
882 1942
883 1108
883 1752
883 1809
884 1052
884 1059
884 1360
884 1996
885 1807
886 961
886 1091
886 1443
887 1521
887 1769
887 1848
888 1275
888 1291
888 1325
888 1364
888 1441
888 1536
888 1545
888 1701
889 1484
889 1656
889 1824
889 1927
890 963
890 1437
891 939
891 1675
891 1807
892 1335
892 1970
893 1152
893 1430
893 1674
893 1865
894 1811
895 916
895 969
895 1014
895 1192
895 1647
895 1792
895 1797
896 1211
896 1490
896 1537
896 1782
896 1835
897 1332
897 1810
898 1009
898 1305
898 1525
898 1834
899 1343
899 1345
899 1452
899 1489
899 1719
899 1755
900 1259
900 1262
900 1998
901 1144
901 1400
902 1078
902 1087
902 1960
903 1110
903 1789
904 1430
904 1804
905 1117
905 1735
906 1230
906 1396
906 1440
906 1658
907 1636
907 1794
907 1871
908 933
908 1527
908 1548
908 1582
908 1698
909 1354
909 1643
909 1649
910 1061
910 1229
910 1308
910 1458
911 1346
911 1506
911 1854
912 1566
912 1959
913 1162
913 1630
913 1660
914 1706
914 1734
914 1910
914 1988
915 1054
919 1524
919 1578
919 1639
919 1729
921 1078
921 1184
921 1324
921 1494
921 1920
922 1318
922 1507
922 1516
922 1873
922 1896
923 1021
923 1037
923 1475
923 1934
924 1466
924 1644
925 935
925 1059
925 1089
925 1145
925 1164
926 991
926 1089
926 1119
926 1245
926 1511
926 1884
926 1887
927 1199
927 1368
927 1491
927 1712
927 1909
928 1334
929 1030
929 1036
929 1358
929 1498
930 1189
930 1913
930 2000
931 1071
931 1388
931 1767
931 1947
932 1602
932 1814
933 1107
933 1707
934 1375
934 1377
934 1429
935 968
935 1759
935 1801
936 981
937 978
937 1305
937 1350
937 1659
937 1897
938 1041
938 1479
939 1100
939 1118
939 1208
939 1556
939 1944
940 991
941 1290
941 1294
941 1435
942 1217
942 1265
942 1299
942 1351
942 1504
942 1509
942 1558
942 1886
943 1044
943 1178
943 1385
943 1477
943 1836
943 1867
944 1866
944 1926
945 1023
945 1263
945 1416
948 1081
948 1497
949 1079
949 1094
949 1975
950 1486
950 1556
950 1582
951 1128
952 1405
952 1409
952 1976
953 1364
953 1774
953 1819
953 1924
954 1248
956 1921
957 1037
957 1635
957 1733
957 1917
958 970
958 1240
958 1281
958 1798
958 1842
959 980
959 1084
959 1138
959 1453
959 1499
959 1676
959 1857
959 1891
959 1992
960 1099
960 1193
960 1285
960 1836
961 1426
962 1085
962 1288
962 1598
962 1657
962 1740
963 1024
963 1598
963 1939
964 975
964 1338
964 1790
964 1889
965 1501
965 1591
966 1559
966 1787
966 1979
967 1019
967 1511
967 1718
967 1863
967 1911
968 1092
968 1109
968 1293
968 1777
968 1900
969 1064
969 1119
969 1138
969 1280
969 1302
969 1611
969 1621
970 1259
970 1343
970 1693
970 1961
971 1457
971 1589
972 1047
972 1062
972 1641
972 1666
972 1695
972 1785
973 1067
973 1309
973 1996
974 1115
974 1413
974 1442
974 1543
974 1665
974 1802
974 1987
975 1018
975 1543
975 1586
976 1538
976 1819
976 1832
976 1989
977 1269
977 1977
978 1105
978 1418
978 1547
978 1634
978 1691
978 1704
978 1847
979 1114
979 1164
979 1551
979 1605
979 1938
980 1434
980 1705
980 1736
980 1814
980 1886
981 990
981 1008
981 1048
981 1055
982 1074
982 1306
982 1345
982 1564
983 1833
984 1133
984 1516
984 1684
986 1399
986 1602
986 1863
987 1467
987 1838
987 1897
988 998
988 1553
988 1948
990 1222
991 1162
991 1212
992 1179
993 1273
993 1375
993 1827
993 1855
994 1495
996 1024
996 1307
997 1948
998 1079
998 1596
1000 1139
1000 1445
1000 1473
1000 1523
1001 1285
1001 1347
1001 1699
1002 1104
1002 1508
1002 1515
1003 1017
1003 1047
1003 1787
1004 1192
1004 1340
1004 1628
1004 1835
1004 1952
1005 1123
1005 1610
1005 1943
1005 1957
1006 1180
1006 1231
1006 1258
1006 1556
1006 1944
1007 1430
1007 1486
1008 1677
1009 1238
1009 1278
1009 1359
1009 1418
1009 1452
1009 1809
1010 1114
1010 1185
1010 1567
1010 1852
1010 1986
1011 1063
1011 1864
1011 1937
1011 1966
1013 1325
1013 1351
1013 1468
1013 1595
1013 1650
1015 1073
1015 1329
1015 1467
1015 1654
1015 1702
1016 1124
1016 1164
1016 1274
1016 1348
1016 1707
1017 1487
1017 1509
1018 1249
1018 1271
1018 1478
1018 1547
1019 1397
1019 1564
1020 1535
1020 1857
1020 1929
1021 1042
1021 1354
1021 1467
1022 1457
1022 1654
1024 1274
1024 1316
1024 1555
1024 1607
1024 1892
1025 1097
1025 1872
1025 1920
1026 1141
1026 1398
1026 1757
1026 1822
1027 1649
1027 1736
1027 1800
1028 1233
1028 1426
1029 1199
1029 1727
1030 1701
1031 1267
1031 1306
1031 1533
1031 1611
1032 1578
1033 1137
1033 1213
1033 1498
1033 1564
1033 1566
1034 1190
1034 1495
1035 1053
1035 1248
1035 1688
1035 1856
1035 1867
1036 1047
1036 1128
1036 1185
1036 1307
1036 1754
1036 1827
1037 1084
1038 1382
1038 1983
1039 1163
1039 1357
1039 1913
1040 1159
1040 1500
1041 1267
1041 1544
1041 1553
1041 1765
1041 1910
1043 1205
1043 1480
1043 1653
1043 1906
1044 1454
1044 1547
1044 1636
1044 1824
1044 1927
1044 1950
1045 1060
1045 1838
1046 1475
1047 1806
1047 1807
1048 1489
1048 1509
1049 1190
1049 1191
1049 1192
1049 1314
1049 1331
1049 1832
1050 1494
1051 1129
1051 1233
1052 1381
1052 1404
1052 1550
1052 1577
1053 1061
1053 1063
1053 1098
1053 1593
1054 1509
1055 1345
1055 1371
1055 1394
1055 1409
1055 1481
1055 1798
1055 1864
1055 1931
1056 1514
1056 1916
1056 1926
1057 1559
1058 1477
1058 1839
1058 1869
1059 1131
1059 1520
1059 1762
1059 1856
1059 1956
1061 1297
1061 1420
1061 1572
1061 1719
1061 1971
1062 1067
1062 1996
1063 1246
1063 1307
1064 1079
1064 1141
1064 1493
1064 1906
1065 1125
1065 1240
1065 1854
1066 1209
1066 1301
1066 1476
1066 1530
1066 1657
1066 1876
1066 1883
1066 1932
1067 1169
1067 1932
1068 1746
1069 1144
1069 1283
1069 1678
1070 1516
1071 1130
1071 1308
1071 1491
1071 1615
1071 1996
1072 1321
1072 1471
1073 1374
1073 1598
1074 1088
1074 1097
1074 1162
1074 1990
1075 1443
1075 1554
1075 1806
1077 1158
1077 1349
1077 1474
1077 1682
1078 1466
1078 1520
1079 1203
1079 1323
1079 1566
1079 1757
1079 1848
1080 1178
1080 1552
1080 1602
1080 1688
1080 1755
1081 1421
1082 1418
1082 1962
1083 1453
1083 1910
1084 1537
1084 1563
1084 1748
1084 1889
1085 1166
1085 1529
1085 1973
1086 1272
1087 1252
1087 1257
1087 1628
1087 1712
1088 1111
1088 1897
1089 1604
1089 1647
1090 1283
1090 1767
1090 1860
1091 1617
1092 1206
1092 1477
1092 1638
1092 1740
1094 1314
1095 1642
1096 1149
1096 1580
1096 1923
1097 1104
1097 1312
1097 1429
1097 1798
1097 1814
1098 1333
1098 1703
1098 1869
1098 1958
1099 1515
1099 1539
1099 1890
1100 1472
1100 1909
1100 1971
1101 1168
1101 1297
1101 1333
1101 1334
1101 1471
1101 1804
1102 1171
1102 1401
1102 1757
1102 1797
1102 1935
1103 1284
1103 1309
1103 1321
1103 1421
1103 1437
1104 1217
1104 1493
1104 1571
1104 1590
1104 1706
1104 1948
1105 1425
1105 1488
1105 1694
1105 1797
1106 1217
1106 1230
1106 1428
1106 1438
1107 1266
1109 1858
1109 2000
1110 1577
1110 1905
1111 1427
1111 1636
1111 1654
1111 1850
1112 1129
1112 1610
1112 1767
1112 1914
1113 1510
1113 1518
1113 1793
1114 1163
1114 1735
1114 1964
1115 1170
1115 1231
1115 1850
1115 1891
1116 1269
1116 1812
1117 1254
1117 1973
1118 1430
1118 1995
1119 1420
1119 1679
1119 1754
1120 1795
1121 1629
1121 1879
1121 1972
1122 1250
1122 1524
1122 1676
1122 1711
1122 1775
1123 1307
1123 1416
1123 1512
1123 1824
1125 1322
1125 1460
1125 1546
1126 1141
1126 1383
1126 1568
1127 1215
1127 1484
1127 1590
1127 1690
1127 1732
1127 1818
1127 1908
1128 1416
1128 1910
1129 1169
1129 1343
1129 1402
1129 1625
1129 1835
1129 1847
1130 1267
1130 1733
1131 1645
1132 1883
1132 1920
1133 1163
1133 1402
1133 1495
1134 1159
1134 1214
1134 1393
1134 1681
1135 1889
1136 1430
1136 1682
1136 1724
1137 1363
1137 1388
1139 1175
1139 1370
1139 1498
1139 1725
1139 1845
1140 1273
1140 1275
1140 1352
1140 1439
1140 1703
1140 1707
1140 1957
1141 1211
1141 1215
1141 1514
1141 1647
1141 1717
1141 1896
1142 1517
1143 1226
1143 1415
1144 1259
1144 1438
1144 1596
1145 1778
1145 1999
1146 1513
1146 1842
1147 1807
1147 1882
1148 1516
1148 1552
1149 1393
1149 1689
1149 1893
1150 1535
1150 1555
1150 1653
1150 1772
1151 1352
1151 1482
1151 1747
1151 1837
1151 1840
1152 1675
1153 1564
1153 1973
1154 1739
1154 1848
1155 1903
1156 1641
1156 1891
1157 1274
1158 1447
1158 1493
1158 1743
1158 1747
1159 1607
1160 1605
1160 1774
1161 1286
1161 1504
1161 1822
1161 1973
1164 1219
1164 1249
1164 1349
1164 1528
1164 1780
1165 1209
1165 1637
1165 1672
1168 1353
1168 1501
1168 1537
1168 1688
1170 1531
1170 1624
1170 1725
1172 1294
1172 1510
1173 1793
1174 1853
1175 1373
1175 1430
1175 1688
1175 1722
1177 1215
1177 1620
1177 1783
1178 1606
1178 1716
1179 1218
1179 1246
1179 1331
1179 1761
1179 1782
1179 1922
1180 1699
1181 1247
1181 1402
1181 1468
1181 1493
1181 1554
1181 1603
1181 1605
1182 1848
1182 1875
1183 1391
1184 1282
1184 1344
1184 1463
1184 1607
1185 1589
1185 1862
1186 1432
1186 1925
1186 1941
1187 1985
1188 1666
1189 1303
1189 1615
1189 1831
1189 1960
1190 1621
1190 1843
1190 1844
1190 1866
1191 1525
1191 1689
1191 1930
1192 1249
1193 1237
1193 1812
1194 1240
1194 1619
1194 1756
1195 1570
1195 1919
1197 1304
1197 1411
1198 1409
1198 1463
1198 1688
1199 1850
1199 1942
1200 1484
1200 1605
1202 1269
1202 1870
1203 1325
1203 1371
1203 1530
1203 1621
1204 1514
1204 1640
1204 1655
1204 1950
1205 1600
1206 1600
1206 1699
1206 1946
1207 1226
1207 1524
1207 1786
1208 1424
1208 1624
1208 1687
1209 1435
1209 1437
1209 1571
1209 1608
1211 1314
1211 1402
1211 1454
1211 1537
1212 1360
1212 1518
1212 1548
1213 1728
1213 1733
1213 1759
1214 1261
1214 1359
1214 1384
1214 1658
1215 1694
1215 1721
1216 1225
1216 1403
1217 1742
1217 1854
1217 1888
1218 1241
1219 1611
1219 1760
1220 1469
1220 1551
1220 1687
1221 1567
1221 1755
1222 1446
1223 1283
1223 1307
1223 1498
1223 1944
1224 1634
1224 1791
1226 1641
1227 1588
1227 1682
1227 1772
1227 1927
1228 1474
1228 1853
1229 1705
1229 1789
1229 1822
1230 1689
1230 1949
1231 1776
1232 1293
1232 1327
1233 1640
1233 1987
1234 1596
1234 1613
1234 1668
1235 1367
1235 1511
1236 1559
1236 1647
1236 1809
1236 1811
1236 1960
1237 1500
1237 1699
1237 1935
1238 1922
1240 1425
1240 1696
1241 1311
1241 1891
1242 1376
1243 1472
1244 1372
1244 1568
1244 1803
1244 1874
1244 1931
1245 1574
1245 1656
1245 1749
1245 1781
1245 1968
1246 1389
1246 1452
1246 1706
1247 1394
1247 1418
1247 1425
1247 1729
1248 1590
1249 1363
1249 1386
1249 1479
1249 1773
1249 1954
1250 1547
1250 1832
1251 1374
1252 1667
1252 1715
1252 1972
1253 1333
1253 1497
1253 1891
1254 1929
1256 1708
1256 1874
1257 1719
1257 1757
1259 1409
1259 1993
1260 1484
1260 1625
1260 1714
1260 1744
1261 2000
1262 1358
1262 1385
1263 1633
1264 1504
1264 1914
1267 1366
1267 1475
1267 1749
1267 1857
1267 1895
1268 1370
1268 1388
1269 1751
1270 1633
1271 1758
1272 1385
1272 1508
1273 1340
1273 1814
1274 1688
1274 1760
1275 1482
1275 1596
1275 1768
1275 1819
1275 1844
1276 1353
1276 1421
1276 1751
1277 1473
1277 1932
1278 1616
1280 1483
1280 1543
1280 1946
1281 1537
1281 1822
1281 1943
1282 1744
1282 1960
1283 1722
1283 1763
1283 1978
1285 1635
1285 1876
1286 1427
1287 1431
1287 1553
1287 1849
1288 1531
1289 1974
1289 1984
1290 1300
1290 1461
1290 1624
1290 1696
1290 1830
1291 1592
1292 1520
1292 1630
1292 1643
1293 1552
1293 1676
1294 1310
1294 1449
1297 1298
1297 1343
1297 1725
1297 1774
1298 1466
1298 1775
1298 1942
1299 1336
1300 1526
1300 1564
1300 1802
1301 1369
1301 1414
1301 1600
1302 1306
1302 1436
1302 1438
1302 1466
1302 1637
1302 1701
1303 1464
1303 1581
1303 1967
1303 1986
1304 1402
1304 1466
1304 1500
1304 1945
1304 1990
1305 1940
1306 1405
1306 1591
1306 1677
1308 1526
1309 1403
1309 1502
1309 1890
1309 1897
1309 1912
1309 1947
1312 1378
1312 1401
1312 1596
1313 1556
1313 1599
1313 1673
1314 1343
1315 1464
1315 1472
1315 1696
1315 1830
1316 1366
1316 1429
1316 1498
1316 1732
1316 1874
1316 1921
1317 1519
1317 1735
1317 1794
1318 1410
1318 1769
1319 1594
1319 1844
1321 1485
1323 1644
1324 1584
1324 1946
1325 1518
1325 1977
1326 1356
1326 1555
1326 1731
1326 1934
1327 1715
1327 1895
1329 1370
1329 1463
1329 1635
1329 1835
1330 1555
1330 1973
1332 1333
1332 1555
1332 1669
1332 1686
1332 1749
1332 1855
1333 1561
1333 1597
1334 1583
1334 1824
1334 1825
1335 1345
1336 1446
1336 1931
1336 1998
1337 1372
1337 1487
1337 1702
1338 1392
1338 1443
1339 1690
1340 1594
1340 1743
1340 1919
1341 1671
1341 1893
1341 1941
1342 1415
1342 1439
1342 1543
1343 1500
1344 1472
1344 1649
1344 1957
1345 1563
1345 1592
1345 1860
1345 1898
1346 1652
1347 1509
1348 1439
1348 1443
1348 1884
1349 1476
1349 1920
1351 1681
1351 1749
1351 1790
1352 1378
1352 1690
1352 1741
1353 1511
1353 1591
1353 1906
1354 1687
1354 1827
1355 1409
1355 1662
1355 1865
1356 1400
1356 1999
1357 1613
1358 1687
1360 1739
1360 1855
1362 1522
1362 1874
1363 1464
1363 1685
1364 1401
1364 1405
1364 1554
1365 1917
1367 1873
1369 1557
1369 1710
1369 1833
1370 1390
1371 1518
1372 1566
1372 1646
1372 1933
1372 1940
1373 1926
1373 1997
1374 1621
1374 1676
1374 1752
1374 1848
1375 1411
1375 1993
1376 1791
1376 1867
1377 1808
1377 1945
1379 1403
1379 1539
1381 1399
1381 1446
1381 1525
1381 1909
1381 1928
1382 1512
1382 1673
1384 1577
1385 1818
1385 1824
1385 1913
1387 1479
1387 1819
1387 1983
1389 1402
1389 1466
1389 1528
1390 1771
1390 1819
1391 1632
1391 1802
1391 1809
1391 1850
1391 1925
1392 1872
1392 1943
1392 1991
1393 1728
1393 1859
1393 1864
1393 1920
1393 1955
1394 1456
1394 1524
1394 1767
1394 1970
1395 1563
1395 1771
1396 1523
1396 1907
1396 1912
1398 1830
1399 1464
1399 1504
1399 1631
1400 1449
1401 1438
1401 1442
1401 1446
1401 1519
1401 1638
1402 1825
1402 1968
1403 1541
1404 1422
1404 1639
1404 1981
1405 1426
1405 1878
1408 1596
1409 1654
1409 1725
1409 1745
1410 1569
1410 1591
1410 1733
1410 1813
1410 1832
1410 1863
1414 1596
1416 1962
1417 1484
1417 1535
1418 1475
1418 1759
1420 1658
1420 1822
1420 1825
1421 1700
1421 1980
1422 1465
1422 1661
1422 1863
1423 1841
1425 1769
1425 1809
1426 1438
1426 1672
1426 1994
1427 1692
1427 1747
1427 1776
1429 1627
1429 1644
1429 1829
1430 1557
1430 1709
1431 1684
1431 1706
1434 1568
1434 1668
1434 1967
1435 1566
1436 1759
1436 1900
1437 1714
1437 1754
1437 1930
1438 1906
1439 1521
1439 1639
1439 1845
1441 1489
1442 1853
1442 1982
1443 1734
1443 1760
1443 1887
1443 1898
1443 1930
1444 1615
1445 1616
1446 1506
1446 1988
1447 1593
1447 1595
1447 1676
1447 1772
1447 1821
1448 1706
1448 1854
1448 1900
1448 1970
1449 1756
1451 1469
1451 1925
1452 1601
1454 1462
1455 1773
1455 1919
1455 1969
1456 1672
1457 1837
1458 1765
1459 1828
1460 1813
1460 1987
1461 1793
1461 1927
1461 1975
1464 1515
1464 1921
1465 1639
1465 1991
1466 1491
1466 1519
1466 1903
1467 1968
1468 1825
1471 1727
1472 1980
1473 1500
1473 1582
1473 1657
1473 1725
1475 1527
1476 1552
1476 1669
1476 1865
1478 1634
1478 1790
1479 1590
1479 1759
1479 1901
1481 1661
1482 1496
1482 1735
1483 1551
1483 1801
1484 1528
1484 1971
1485 1788
1486 1628
1486 1835
1487 1902
1488 1647
1489 1557
1489 1583
1490 1592
1490 1636
1490 1693
1491 1570
1491 1959
1492 1610
1492 1777
1493 1523
1493 1569
1493 1655
1493 1795
1494 1896
1495 1681
1495 1852
1495 1903
1496 1811
1496 1830
1497 1615
1497 1643
1499 1622
1499 1748
1500 1819
1502 1567
1502 1848
1503 1585
1504 1537
1504 1791
1504 2000
1505 1710
1505 1940
1505 1961
1507 1978
1507 2000
1508 1924
1509 1540
1509 1884
1510 1755
1511 1512
1511 1960
1512 1708
1512 1851
1512 1881
1513 1540
1514 1687
1514 1810
1514 1965
1515 1764
1515 1775
1515 1888
1516 1638
1516 1677
1516 1767
1517 1957
1518 1851
1519 1555
1519 1566
1519 1631
1520 1887
1520 1983
1521 1763
1521 1792
1521 1859
1521 1970
1523 1917
1523 1953
1524 1564
1524 1609
1524 1985
1525 1640
1525 1856
1526 1678
1526 1804
1527 1601
1528 1992
1530 1809
1531 1577
1531 1600
1531 1662
1531 1775
1531 1930
1535 1908
1536 1809
1536 1921
1537 1597
1537 1806
1537 1825
1538 1789
1539 1934
1541 1561
1541 1641
1541 1749
1542 1946
1543 1914
1544 1860
1544 1894
1545 1741
1546 1603
1546 1724
1546 1929
1548 1771
1548 1994
1549 1937
1551 1573
1551 1660
1551 1801
1551 1862
1551 1991
1552 1557
1552 1590
1553 1737
1553 1903
1554 1636
1554 1748
1554 1860
1554 1956
1556 1581
1556 1985
1559 1831
1559 1937
1559 1945
1560 1790
1561 1893
1562 1589
1562 1662
1562 1773
1563 1868
1564 1954
1565 1885
1567 1784
1568 1954
1570 1751
1570 1786
1570 1832
1571 1607
1572 1854
1573 1849
1573 1930
1574 1575
1574 1890
1574 1950
1575 1713
1575 1779
1576 1580
1576 1767
1577 1945
1578 1618
1578 1650
1578 1911
1578 1979
1579 1633
1580 1606
1580 1962
1581 1757
1582 1595
1582 1821
1583 1627
1584 1831
1584 1964
1585 1587
1585 1734
1585 1860
1587 1794
1589 1900
1589 1920
1589 1998
1591 1648
1591 1735
1591 1740
1591 1884
1593 1833
1594 1714
1596 1613
1596 1701
1596 1861
1598 1917
1601 1700
1602 1718
1602 1719
1602 1918
1603 1750
1603 1895
1604 1610
1604 1930
1604 1984
1605 1834
1608 1876
1609 1706
1609 1890
1610 1736
1610 1880
1613 1828
1615 1754
1616 1723
1616 1860
1617 1692
1618 1916
1620 1959
1624 1642
1624 1762
1626 1722
1626 1764
1626 1953
1628 1838
1631 1827
1631 1862
1631 1932
1635 1936
1636 1868
1637 1718
1638 1981
1639 1839
1639 1943
1640 1662
1641 1977
1642 1827
1642 1869
1642 1971
1643 1706
1643 1725
1643 1739
1643 1817
1644 1756
1645 1800
1646 1669
1648 1667
1648 1950
1649 1839
1649 1884
1650 1652
1650 1995
1651 1856
1652 1819
1653 1718
1653 1959
1655 1659
1655 1670
1660 1970
1662 1770
1662 1801
1664 1880
1665 1773
1665 1849
1665 1938
1667 1896
1667 1976
1670 1802
1670 1859
1670 1886
1671 1761
1672 1820
1673 1924
1674 1816
1674 1935
1675 1796
1675 1926
1676 1867
1676 1972
1677 1759
1678 1858
1678 1879
1681 1797
1682 1868
1683 1789
1684 1988
1685 1784
1685 1911
1685 1966
1687 1724
1687 1900
1687 1958
1688 1819
1689 1691
1689 1839
1690 1804
1690 1991
1691 1739
1691 1789
1693 1718
1694 1957
1695 1719
1695 1732
1696 1984
1697 1831
1698 1715
1698 1946
1699 1731
1700 1819
1700 1887
1700 1945
1700 1963
1701 1727
1702 1864
1707 1825
1712 1771
1714 1745
1715 1994
1716 1968
1717 1727
1719 1740
1719 1982
1720 1895
1725 1944
1725 1965
1727 1927
1728 1889
1728 1978
1729 1861
1731 1791
1731 1829
1732 1736
1733 1791
1734 1781
1734 1947
1736 1935
1737 1868
1738 1855
1738 1956
1740 1889
1745 1849
1745 1915
1749 1909
1750 1889
1751 1817
1752 1976
1754 1870
1754 1918
1756 1865
1757 1824
1757 1997
1759 1932
1760 1928
1763 1788
1764 1993
1765 1826
1766 1899
1767 1866
1767 1873
1767 1950
1769 1829
1772 1793
1773 1896
1775 1992
1777 1969
1778 1976
1778 1995
1783 1801
1783 1854
1783 1923
1785 1822
1786 1854
1788 1958
1791 1880
1792 1938
1793 1861
1795 1916
1801 1852
1802 1960
1802 1965
1802 1984
1804 1868
1807 1916
1810 1890
1811 1857
1814 1842
1815 1832
1817 1974
1819 1992
1820 1942
1822 1959
1824 1915
1824 1994
1827 1953
1828 1926
1831 1930
1831 1986
1832 1883
1842 1932
1843 1907
1845 1884
1846 1991
1852 1942
1855 1957
1857 1995
1858 1990
1859 1900
1867 1980
1875 1965
1879 1987
1883 1912
1886 1934
1887 1996
1890 1974
1890 1992
1895 1943
1896 1954
1898 1982
1899 1912
1907 1993
1911 1940
1912 1966
1922 1926
1928 1997
1931 1933
1939 1985
1943 1966
1948 1950
1948 1960
1948 1986
1953 1985
1970 1991
1972 1985
1980 1981