2000
1 94
1 160
1 163
1 293
1 463
1 508
1 743
1 778
1 870
1 1015
1 1052
1 1531
1 1534
1 1928
2 288
2 291
2 396
2 619
2 928
2 1436
2 1469
2 1475
2 1524
2 1759
2 1894
3 16
3 31
3 232
3 811
3 1191
3 1350
3 1523
4 12
4 312
4 526
4 602
4 853
4 955
4 1120
4 1385
4 1561
4 1832
4 1861
5 1005
5 1119
5 1137
5 1955
6 32
6 133
6 186
6 547
6 680
6 733
6 793
6 914
6 1031
6 1068
6 1208
6 1300
6 1329
6 1621
7 112
7 168
7 220
7 444
7 471
7 752
7 868
7 951
7 1599
7 1838
7 1957
8 244
8 277
8 358
8 572
8 988
8 1111
8 1484
8 1769
9 263
9 287
9 735
9 915
9 1396
9 1570
9 1579
10 227
10 228
10 591
10 657
10 779
10 1034
10 1584
10 1710
11 30
11 192
11 980
11 1301
11 1336
11 1497
12 66
12 97
12 476
12 1311
12 1345
12 1399
12 1657
12 1864
12 1894
12 1971
13 220
13 517
13 1088
13 1180
13 1547
13 1631
13 1914
14 300
14 319
14 427
14 582
14 1088
14 1143
14 1336
14 1340
15 281
15 639
15 657
15 933
15 1036
15 1131
15 1349
15 1400
15 1867
16 1128
16 1956
17 366
17 386
17 469
17 642
17 811
17 1333
17 1410
17 1635
17 1937
18 64
18 591
18 715
18 1300
18 1343
18 1519
18 1602
19 379
19 438
19 472
19 1651
19 1721
20 337
20 484
20 641
20 1165
20 1404
20 1425
20 1561
20 1673
21 28
21 453
21 505
21 791
21 1184
21 1338
21 1342
21 1446
21 1476
21 1589
21 1734
21 1903
22 421
22 434
22 464
22 593
22 1024
22 1232
22 1354
23 458
23 1319
23 1415
23 1557
23 1758
23 1829
24 124
24 239
24 574
24 602
24 1326
24 1371
24 1489
24 1653
24 1789
24 1873
25 225
25 392
25 411
25 612
25 669
25 867
25 1068
25 1092
25 1683
25 1784
25 1830
26 210
26 255
26 449
26 597
26 688
26 1039
26 1240
26 1454
26 1593
26 1939
26 1952
27 342
27 514
27 606
27 1146
27 1250
27 1284
27 1704
28 378
28 530
28 587
28 640
28 826
28 1456
28 1715
28 1960
29 264
29 512
29 894
29 1175
29 1198
29 1240
29 1423
29 1567
30 251
30 1024
30 1255
30 1515
31 461
31 562
31 596
31 597
31 610
31 1119
31 1203
31 1251
31 1672
32 60
32 155
32 378
32 466
32 585
32 728
32 843
32 1224
32 1409
33 194
33 234
33 421
33 711
33 748
33 911
33 933
33 938
33 1070
33 1725
34 657
34 826
34 979
34 1310
34 1998
35 143
35 380
35 656
35 966
35 1180
35 1401
35 1640
35 1661
35 1812
36 242
36 340
36 507
36 536
36 579
36 781
36 798
36 1276
36 1342
36 1441
36 1544
36 1680
36 1751
36 1913
37 573
37 744
37 908
37 1190
38 58
38 208
38 255
38 269
38 409
38 415
38 918
38 1303
38 1371
39 658
39 1029
39 1189
39 1278
39 1399
39 1401
39 1438
39 1815
39 1945
40 237
40 243
40 371
40 1119
40 1120
40 1204
40 1235
40 1317
40 1642
40 1798
40 1906
40 1919
41 382
41 642
41 855
41 1100
41 1181
41 1587
41 1607
41 1791
42 160
42 887
42 1795
43 335
43 416
43 590
43 720
43 1011
43 1294
43 1355
43 1585
43 1697
43 1732
43 1861
44 251
44 788
44 931
44 1004
44 1204
44 1217
44 1371
44 1427
44 1491
44 1765
44 1788
44 1797
45 455
45 597
45 1001
45 1223
45 1505
45 1708
46 331
46 456
46 888
46 971
46 1630
46 1696
46 1835
46 1903
47 193
47 291
47 384
47 455
47 499
47 643
47 747
47 1270
47 1302
47 1389
47 1497
47 1911
48 125
48 137
48 265
48 379
48 447
48 688
48 691
48 1026
48 1157
48 1378
48 1446
49 136
49 274
49 736
49 769
49 1423
50 98
50 186
50 698
50 1243
50 1418
50 1426
50 1438
51 147
51 151
51 493
51 751
51 845
51 1353
51 1584
51 1891
52 206
52 1067
52 1094
52 1101
52 1237
52 1305
52 1321
52 1372
52 1548
53 80
53 386
53 496
53 554
53 896
53 951
53 1606
53 1757
53 1864
54 290
54 453
54 729
54 1174
54 1675
54 1955
54 1960
55 60
55 258
55 620
55 761
55 995
55 1096
55 1252
55 1412
55 1669
55 1812
56 230
56 714
56 1318
56 1354
56 1374
56 1498
56 1546
56 1667
56 1881
57 105
57 618
57 834
57 879
57 884
57 938
57 1011
57 1168
57 1266
57 1394
57 1674
57 1728
58 251
58 309
58 400
58 440
58 518
58 626
58 701
58 923
58 964
58 1201
58 1308
58 1518
58 1845
59 470
59 593
59 862
59 1095
59 1304
59 1305
59 1361
59 1494
59 1675
59 1698
59 1773
59 1820
59 1853
59 1943
60 70
60 83
60 237
60 726
60 1034
60 1318
60 1401
60 1678
60 1701
60 1813
61 241
61 576
61 614
61 648
61 855
61 915
61 992
61 998
61 1205
61 1607
61 1696
61 1843
62 171
62 630
62 1010
62 1163
62 1171
62 1177
62 1597
63 141
63 491
63 757
63 774
63 799
63 933
63 1157
63 1514
64 530
64 557
64 664
64 972
64 992
64 1102
64 1256
64 1431
64 1684
65 293
65 444
65 683
65 1042
65 1162
65 1532
65 1820
65 1839
65 1941
66 142
66 946
66 1198
66 1655
66 1938
67 160
67 930
67 1127
67 1601
67 1633
67 1763
67 1862
68 289
68 570
68 1074
68 1230
68 1352
68 1453
68 1806
69 294
69 419
69 864
69 889
69 1468
69 1535
70 343
70 469
70 483
70 555
70 643
70 722
70 801
70 920
70 973
70 1045
70 1638
71 483
71 534
71 904
71 1245
71 1320
71 1369
72 372
72 446
72 877
72 1286
72 1296
72 1351
72 1458
72 1622
73 1003
73 1377
73 1405
73 1549
73 1650
74 162
74 585
74 863
74 876
74 991
74 1241
74 1337
74 1465
74 1591
74 1967
75 245
75 463
75 531
75 551
75 751
75 756
75 781
75 849
75 1044
75 1098
75 1510
75 1815
75 1864
75 1958
76 82
76 87
76 135
76 201
76 1101
76 1257
76 1479
76 1652
76 1987
77 140
77 586
77 669
77 671
77 967
77 1339
77 1348
77 1716
77 1981
78 268
78 798
78 837
78 1388
78 1491
78 1621
78 1656
78 1874
78 1895
79 258
79 298
79 608
79 676
79 679
79 759
79 988
79 1694
79 1846
80 171
80 282
80 348
80 438
80 944
80 1262
80 1532
80 1735
80 1754
81 374
81 564
81 565
81 681
81 1028
81 1267
81 1300
81 1443
81 1623
81 1774
81 1855
82 886
82 978
82 1128
82 1319
82 1456
82 1512
82 1619
82 1694
83 138
83 319
83 402
83 551
83 686
83 737
83 769
83 819
83 1088
83 1105
84 99
84 688
84 1115
84 1305
84 1528
84 1647
84 1814
85 374
85 447
85 450
85 479
85 852
85 969
85 1153
85 1264
85 1523
85 1621
85 1737
86 89
86 221
86 449
86 776
86 916
86 1032
86 1231
86 1271
86 1277
86 1431
86 1437
86 1504
86 1527
86 1838
87 311
87 578
87 583
87 756
87 925
87 1098
87 1305
87 1412
87 1793
88 271
88 292
88 680
88 875
88 1326
88 1986
89 257
89 364
89 1195
89 1330
89 1455
89 1522
89 1876
90 498
90 509
90 661
90 668
90 1002
90 1072
90 1123
90 1363
90 1589
90 1598
90 1738
90 1825
91 102
91 346
91 423
91 520
91 523
91 536
91 712
91 844
91 1039
91 1370
91 1794
92 270
92 663
92 689
92 821
92 1275
92 1598
92 1711
92 1800
92 1980
93 288
93 440
93 767
93 1028
93 1335
93 1694
93 1979
94 441
94 795
94 1083
94 1334
94 1381
95 343
95 366
95 372
95 1195
95 1242
95 1320
95 1651
95 1843
95 1969
96 191
96 248
96 310
96 456
96 553
96 714
96 732
96 742
96 780
96 843
96 852
96 949
96 1152
96 1316
96 1331
96 1609
96 1655
96 1855
96 1875
96 1922
96 1943
97 147
97 265
97 697
97 770
97 1009
97 1269
97 1314
97 1457
97 1639
97 1748
97 1938
98 360
98 766
98 1020
98 1179
98 1303
98 1472
99 107
99 259
99 272
99 635
99 757
99 759
99 1860
100 548
100 585
100 1009
100 1029
100 1373
100 1491
100 1531
101 568
101 1172
101 1177
101 1732
102 181
102 389
102 494
102 513
102 656
102 788
102 1053
102 1225
102 1301
102 1399
102 1510
102 1518
102 1576
102 1727
102 1780
103 452
103 617
103 1004
103 1368
103 1556
103 1769
104 397
104 423
104 852
104 873
104 948
104 1043
104 1059
104 1378
104 1382
104 1862
104 1976
105 344
105 605
105 805
105 943
105 944
105 992
105 1000
105 1118
105 1530
105 1791
105 1896
106 218
106 246
106 371
106 463
106 552
106 969
106 1064
106 1109
106 1126
106 1281
106 1357
106 1387
106 1429
106 1605
106 1655
106 1793
107 275
107 500
107 607
107 750
107 1129
107 1168
107 1196
107 1414
107 1533
107 1599
107 1719
108 378
108 493
108 556
108 921
108 1017
108 1659
108 1741
108 1795
108 1956
108 1992
109 238
109 321
109 378
109 384
109 593
109 933
109 945
109 1065
109 1947
110 317
110 466
110 483
110 568
110 610
110 968
110 1007
110 1138
110 1339
110 1501
110 1652
110 1730
110 1911
111 481
111 885
111 903
111 1569
111 1673
111 1766
111 1830
112 151
112 322
112 345
112 462
112 473
112 1035
112 1046
112 1290
112 1804
112 1864
113 500
113 694
113 732
113 809
113 816
113 863
113 896
113 1006
113 1048
113 1117
113 1322
113 1340
113 1479
113 1675
113 1897
113 1944
114 186
114 402
114 613
114 702
114 1064
114 1335
114 1476
114 1726
114 1869
114 1920
115 217
115 298
115 935
115 1036
115 1049
115 1538
115 1546
115 1804
116 166
116 698
116 715
116 805
116 939
116 976
116 1407
116 1838
116 1918
117 251
117 260
117 746
117 1046
117 1259
117 1369
117 1478
117 1560
117 1762
117 1887
118 171
118 301
118 935
118 970
118 1139
118 1219
118 1313
118 1374
118 1426
118 1584
118 1676
119 156
119 185
119 376
119 632
119 897
119 1257
119 1272
120 157
120 287
120 297
120 303
120 786
120 813
120 1167
120 1434
120 1566
120 1605
120 1753
120 1841
121 143
121 466
121 910
121 1199
121 1280
121 1452
121 1477
121 1587
121 1808
121 1908
121 1916
122 458
122 665
122 670
122 713
122 850
122 894
122 1617
122 1797
122 1975
123 843
123 946
123 1219
123 1324
123 1335
123 1348
123 1581
123 1746
124 299
124 448
124 1037
124 1093
124 1186
124 1201
124 1331
124 1427
124 1494
124 1721
124 1750
124 1780
125 530
125 677
125 787
125 1135
125 1223
125 1480
125 1779
125 1803
126 414
126 775
126 821
126 1272
126 1849
127 156
127 307
127 616
127 1071
127 1401
127 1454
127 1492
127 1558
127 1780
127 1890
128 134
128 511
128 982
128 1284
128 1368
128 1484
128 1922
129 212
129 224
129 936
129 1080
129 1381
129 1411
129 1503
129 1828
130 808
130 812
130 816
130 1232
130 1802
131 135
131 372
131 859
131 938
131 983
131 1133
131 1383
132 168
132 275
132 639
132 797
132 819
132 840
132 943
132 1170
132 1384
132 1491
132 1908
133 618
133 984
133 1488
133 1631
133 1727
134 301
134 441
134 721
134 988
134 1208
134 1372
134 1421
134 1500
134 1708
134 1843
135 260
135 401
135 466
135 797
135 807
135 989
135 1140
135 1163
135 1373
135 1989
136 239
136 386
136 469
136 512
136 534
136 601
136 900
136 1446
136 1504
136 1507
136 1687
136 1889
136 1949
136 1966
136 1992
137 1005
137 1006
137 1142
137 1582
138 380
138 822
138 1050
138 1111
138 1391
138 1696
139 155
139 227
139 490
139 687
139 788
139 1261
139 1266
139 1427
139 1776
140 344
140 361
140 682
140 839
140 890
140 994
140 1133
140 1173
140 1272
140 1311
140 1323
140 1333
140 1339
140 1533
140 1696
140 1750
140 1987
141 171
141 195
141 205
141 270
141 519
141 550
141 869
141 1007
141 1174
141 1202
141 1226
141 1557
141 1806
142 329
142 535
142 657
142 950
142 1062
142 1235
142 1571
142 1649
142 1712
142 1934
143 234
143 290
143 489
143 490
143 750
143 776
143 815
143 950
143 978
143 1169
143 1481
143 1526
143 1865
144 327
144 531
144 717
144 923
144 1113
144 1689
144 1696
144 1711
144 1852
145 246
145 268
145 486
145 673
145 700
145 1417
146 262
146 349
146 382
146 509
146 881
146 1121
146 1265
146 1636
146 1742
146 1950
146 1965
147 215
147 663
147 807
147 912
147 1224
147 1338
147 1441
147 1617
147 1778
147 1903
147 1966
148 287
148 335
148 588
148 712
148 785
148 912
148 1055
148 1558
148 1620
149 161
149 357
149 477
149 572
149 609
149 1099
149 1152
149 1207
149 1230
149 1332
149 1416
149 1434
149 1910
150 509
150 626
150 757
150 998
150 1092
150 1548
150 1562
150 1714
151 285
151 458
151 925
151 1028
151 1096
151 1115
151 1304
151 1445
151 1561
151 1576
151 1820
152 217
152 230
152 245
152 425
152 606
152 669
152 918
152 1301
152 1677
152 1714
153 522
153 715
153 767
153 1294
153 1298
153 1467
153 1687
153 1693
154 163
154 797
154 972
154 1212
154 1612
154 1963
155 400
155 941
155 946
155 1229
155 1330
155 1338
155 1634
155 1901
156 602
156 1030
156 1043
156 1051
156 1080
156 1278
156 1362
156 1476
156 1822
157 492
157 760
157 839
157 1412
157 1579
157 1786
158 234
158 292
158 358
158 431
158 593
158 595
158 803
158 870
158 1126
158 1189
158 1791
159 161
159 304
159 499
159 880
159 889
159 939
159 1151
159 1336
159 1507
159 1706
159 1746
159 1774
160 692
160 1127
160 1615
160 1681
160 1688
160 1715
161 269
161 563
161 899
161 1091
161 1488
161 1680
161 1909
161 1945
161 1973
162 300
162 402
162 770
162 794
162 1287
162 1359
162 1926
163 326
163 861
163 913
163 1646
164 289
164 294
164 339
164 356
164 585
164 899
164 996
164 1164
164 1401
164 1549
164 1670
164 1825
165 234
165 251
165 292
165 388
165 402
165 430
165 587
165 608
165 870
165 1125
165 1201
165 1279
165 1297
165 1505
166 361
166 570
166 827
166 1027
166 1073
166 1301
166 1882
167 530
167 630
167 646
167 1290
167 1895
167 1990
168 192
168 236
168 469
168 1126
168 1231
168 1333
168 1525
168 1675
168 1719
168 1801
168 1915
169 376
169 718
169 1107
169 1590
170 415
170 562
170 603
170 604
170 684
170 1031
170 1432
170 1570
170 1826
170 1918
171 212
171 397
171 688
171 734
171 867
171 1058
171 1267
171 1375
171 1455
172 252
172 507
172 551
172 1637
172 1840
172 1900
172 1972
173 338
173 346
173 445
173 506
173 1275
173 1312
173 1833
173 1940
174 245
174 428
174 458
174 1559
174 1863
174 1875
175 369
175 732
175 1071
175 1697
175 1731
175 1853
176 386
176 823
176 866
176 921
176 937
176 1172
176 1177
176 1216
176 1437
176 1561
176 1658
176 1860
176 1956
177 572
177 690
177 837
177 892
177 896
177 1033
177 1127
177 1627
177 1651
177 1663
178 252
178 703
178 721
178 975
178 1233
178 1331
178 1459
178 1640
178 1724
178 1820
178 1899
178 1945
179 334
179 473
179 582
179 1105
179 1343
179 1402
179 1549
179 1742
179 1785
179 1986
180 597
180 898
180 1165
180 1599
180 1892
181 350
181 408
181 914
181 1082
181 1741
181 1813
181 1958
182 199
182 481
182 770
182 1174
182 1316
182 1807
183 437
183 512
183 607
183 1020
183 1067
183 1413
183 1507
183 1598
183 1701
183 1793
183 1886
184 538
184 647
184 755
184 941
184 1238
184 1518
184 1667
184 1927
184 1944
184 1974
185 297
185 685
185 944
185 1242
185 1257
185 1398
185 1658
185 1874
185 1912
185 1967
186 278
186 286
186 440
186 707
186 839
186 1139
186 1422
186 1592
186 1694
186 1773
187 284
187 388
187 403
187 474
187 559
187 1221
187 1440
187 1913
187 1946
187 1955
188 247
188 550
188 1183
188 1495
188 1922
189 309
189 429
189 617
189 1159
189 1316
189 1324
189 1362
189 1651
190 296
190 726
190 1115
190 1426
190 1652
190 1661
190 1898
191 522
191 679
191 685
191 740
191 1379
191 1504
191 1601
191 1724
191 1772
192 883
192 999
192 1086
192 1364
192 1413
192 1989
193 270
193 594
193 845
193 1046
193 1266
193 1327
194 285
194 462
194 891
194 1032
194 1456
194 1476
194 1536
194 1789
194 1803
195 534
195 551
195 724
195 1037
195 1437
195 1671
195 1755
195 1865
196 317
196 406
196 426
196 1100
196 1390
196 1458
196 1585
196 1936
197 395
197 461
197 486
197 515
197 920
197 972
197 977
197 1110
197 1111
197 1322
197 1606
198 523
198 552
198 700
198 987
198 1079
198 1397
198 1501
198 1984
199 932
199 1014
199 1238
199 1859
199 1880
199 1895
200 223
200 381
200 530
200 1077
200 1156
200 1423
200 1437
201 390
201 430
201 662
201 946
201 1041
201 1088
201 1177
201 1209
201 1343
201 1388
201 1589
201 1672
201 1786
201 1960
202 207
202 424
202 509
202 658
202 761
202 950
202 1327
202 1379
202 1558
202 1906
202 1955
203 222
203 914
203 921
203 1197
203 1267
203 1450
203 1540
203 1572
203 1683
203 1735
204 205
204 389
204 522
204 622
204 672
204 1103
204 1252
204 1806
204 1988
205 713
205 908
205 1191
205 1219
205 1505
205 1769
205 1791
205 1989
206 318
206 493
206 527
206 847
206 966
206 1448
206 1591
206 1599
206 1874
207 246
207 359
207 596
207 706
207 1068
207 1108
207 1138
207 1337
207 1359
207 1685
208 471
208 666
208 1484
208 1528
208 1874
209 430
209 560
209 697
209 1043
209 1110
209 1521
209 1628
210 841
210 861
210 924
210 939
210 1003
210 1346
210 1425
210 1463
210 1749
210 1771
211 278
211 399
211 494
211 610
211 1413
211 1422
212 631
212 660
212 755
212 791
212 883
212 907
212 1395
212 1456
212 1468
212 1584
212 1612
212 1673
212 1739
212 1875
213 307
213 554
213 591
213 691
213 748
213 838
213 900
213 1127
213 1612
213 1804
214 378
214 496
214 510
214 592
214 782
214 1026
214 1110
214 1150
214 1492
215 361
215 403
215 423
215 480
215 528
215 1124
215 1590
215 1855
216 254
216 272
216 303
216 333
216 460
216 572
216 1296
216 1489
216 1570
216 1719
216 1929
217 727
217 946
217 1778
218 262
218 407
218 593
218 600
218 678
218 774
218 926
218 1129
218 1148
218 1172
218 1204
218 1555
218 1787
218 1903
219 854
219 1281
220 782
220 823
220 845
220 951
220 1455
220 1733
221 223
221 619
221 706
221 889
221 1147
221 1187
221 1273
221 1435
221 1532
221 1538
221 1804
221 1857
222 500
222 524
222 567
222 577
222 823
222 1139
222 1158
222 1250
222 1367
222 1503
223 457
223 713
223 836
223 863
223 972
223 1159
223 1279
223 1293
223 1772
223 1888
224 253
224 320
224 563
224 921
224 1026
224 1438
224 1522
224 1891
224 1900
225 273
225 315
225 587
225 754
225 889
225 1177
225 1385
225 1782
226 349
226 413
226 813
226 1149
226 1275
226 1300
226 1450
226 1483
226 1856
226 1910
227 971
227 1433
227 1513
227 1865
228 409
228 480
228 1140
228 1370
228 1650
229 1289
229 1408
229 1487
229 1606
229 1787
229 1859
229 1872
229 1971
230 657
230 795
230 1172
230 1260
230 1518
230 1881
230 1935
231 450
231 696
231 1158
231 1268
231 1407
231 1422
231 1498
231 1623
231 1748
231 1956
232 247
232 590
232 699
232 715
232 771
232 880
232 966
232 1129
232 1165
232 1274
232 1298
232 1756
233 379
233 404
233 478
233 516
233 1051
233 1054
233 1690
233 1691
233 1875
233 1950
234 266
234 393
234 846
234 1007
234 1114
234 1212
234 1826
234 1969
235 290
235 422
235 807
235 897
235 1239
235 1324
235 1453
235 1966
236 269
236 304
236 401
236 560
236 1032
236 1062
236 1120
236 1208
236 1388
236 1631
236 1695
236 1764
236 1947
237 262
237 429
237 508
237 1599
238 564
238 1075
238 1277
238 1414
238 1904
239 865
239 1228
239 1508
239 1586
239 1871
240 616
240 1024
240 1237
240 1554
240 1750
240 1824
240 1924
241 429
241 520
241 848
241 1081
241 1496
241 1512
242 530
242 679
242 816
242 986
242 1165
242 1265
242 1530
242 1804
242 1946
243 259
243 585
243 644
243 667
243 676
243 821
243 1435
243 1445
243 1462
243 1518
243 1728
244 513
244 872
244 1299
244 1548
244 1599
244 1654
244 1860
245 557
245 1043
245 1303
245 1531
245 1538
245 1632
245 1785
246 437
246 943
246 1228
246 1370
246 1397
246 1464
246 1552
246 1882
247 332
247 389
247 718
247 731
247 764
247 1044
247 1093
247 1298
247 1374
247 1854
248 648
248 1024
248 1063
248 1120
248 1136
248 1163
248 1185
248 1219
248 1395
248 1397
248 1575
249 345
249 400
249 551
249 1184
249 1503
249 1769
250 309
250 345
250 414
250 419
250 519
250 550
250 832
250 1640
250 1797
250 1931
250 1969
250 1975
250 1999
251 476
251 556
251 1312
251 1500
251 1665
252 686
252 1547
252 1724
252 1785
253 371
253 435
253 1191
253 1221
253 1261
253 1429
253 1775
254 721
254 893
254 998
254 1205
254 1325
254 1817
255 439
255 671
255 865
255 953
255 1382
255 1638
255 1788
255 1819
256 741
256 902
256 915
256 1442
256 1664
256 1694
256 1963
257 847
257 1202
257 1486
257 1577
257 1616
257 1765
258 447
258 739
258 784
258 1372
258 1411
258 1416
259 349
259 379
259 1054
259 1151
259 1176
259 1691
259 1827
259 1956
260 316
260 368
260 512
260 556
260 567
260 593
260 845
260 997
260 1119
260 1596
260 1774
260 1846
261 729
261 758
261 850
261 863
261 918
261 1154
261 1614
261 1747
262 482
262 561
262 1102
262 1266
262 1411
262 1620
262 1956
263 337
263 476
263 840
263 1210
263 1271
263 1327
263 1527
263 1856
263 1898
264 453
264 796
264 890
264 1355
264 1404
264 1557
264 1723
265 435
265 683
265 923
265 980
265 1118
265 1198
266 932
266 1435
266 1476
266 1615
266 1655
266 1700
266 1705
267 626
267 903
267 1248
267 1447
267 1628
267 1968
268 371
268 694
268 879
268 894
268 1163
268 1281
268 1425
268 1661
269 429
269 648
269 710
269 933
269 958
269 1077
269 1452
269 1897
270 641
270 803
270 1127
270 1520
270 1559
271 303
271 708
271 1067
271 1462
271 1472
271 1525
271 1551
271 1739
272 772
272 1464
272 1643
272 1680
272 1799
272 1858
273 326
273 683
273 721
273 1008
273 1018
273 1073
273 1097
273 1157
273 1319
273 1456
273 1622
273 1966
274 761
274 804
274 1137
274 1212
274 1524
274 1752
274 1769
274 1815
275 429
275 818
275 1519
275 1638
276 872
276 1104
276 1115
276 1116
276 1190
276 1883
276 1971
277 532
277 646
277 1072
277 1984
278 329
278 537
278 553
278 647
278 1007
278 1073
278 1113
278 1365
279 442
279 446
279 539
279 908
279 983
279 1319
279 1448
279 1578
279 1579
279 1700
280 330
280 646
280 893
280 1333
280 1528
281 355
281 363
281 802
281 1208
281 1573
281 1843
281 1850
282 293
282 437
282 1081
282 1653
282 1780
282 1860
282 1867
283 350
283 449
283 465
283 998
283 1792
284 412
284 762
284 1121
284 1920
285 1443
285 1585
285 1920
285 1922
286 836
286 842
286 1381
286 1413
286 1517
286 1638
286 1711
287 497
287 589
287 653
287 710
287 843
287 1016
287 1021
287 1261
287 1664
288 359
288 590
288 685
288 930
288 991
288 1057
288 1424
288 1469
288 1532
288 1647
288 1750
288 1822
288 1828
288 1906
288 1969
289 348
289 500
289 1032
289 1035
289 1132
289 1241
289 1437
289 1636
289 1659
290 393
290 482
290 568
290 654
290 683
290 929
290 1289
290 1352
290 1766
290 1867
291 535
291 1099
291 1122
291 1334
291 1760
291 1783
292 446
292 553
292 849
292 955
292 1064
292 1249
292 1379
292 1539
292 1721
292 1761
292 1786
292 1996
293 393
293 556
293 564
293 1322
293 1758
294 512
294 627
294 764
294 991
294 1074
294 1129
294 1215
294 1384
294 1457
294 1872
295 1164
295 1517
295 1641
295 1849
295 1948
296 354
296 556
296 1067
296 1154
296 1202
296 1477
296 1844
297 446
297 515
297 603
297 790
297 861
297 881
297 904
297 1018
297 1589
297 1638
298 621
298 961
298 1030
298 1086
298 1265
298 1313
298 1427
298 1468
298 1482
299 552
299 598
299 801
299 1098
299 1140
299 1227
299 1259
299 1653
299 1789
299 1932
299 1969
300 441
300 796
300 829
300 1252
300 1679
300 1973
301 579
301 1173
301 1421
301 1874
302 726
302 985
302 1056
302 1117
302 1224
302 1871
302 1889
303 335
303 445
303 728
303 1422
303 1856
303 1894
304 357
304 401
304 510
304 1028
304 1419
304 1501
304 1848
305 525
305 626
305 634
305 656
305 823
305 1283
305 1429
306 406
306 506
306 878
306 984
306 1082
306 1357
306 1735
307 944
307 997
307 1296
307 1359
307 1955
308 344
308 584
308 680
308 766
308 815
308 1140
308 1277
308 1286
308 1446
308 1717
309 359
309 585
309 794
309 967
309 1931
310 662
310 735
310 763
310 895
310 901
310 912
310 1012
310 1234
310 1490
310 1496
310 1880
311 595
311 1202
311 1727
311 1823
312 394
312 820
312 890
312 898
312 1009
312 1616
312 1660
312 1811
312 1855
312 1914
313 399
313 470
313 996
313 1574
314 461
314 869
314 1195
314 1617
315 394
315 674
315 693
315 764
315 961
315 970
315 1208
315 1270
315 1295
315 1305
315 1432
315 1657
315 1829
315 1830
316 547
316 566
316 724
316 809
316 1049
316 1262
316 1560
316 1597
316 1970
317 505
317 569
317 624
317 961
317 1237
317 1417
317 1459
317 1727
317 1834
318 568
318 996
318 1053
318 1064
318 1201
318 1226
318 1238
318 1246
318 1287
318 1365
318 1764
318 1812
318 1847
318 1859
319 327
319 562
319 1036
319 1062
319 1375
319 1995
320 623
320 894
320 989
320 1087
320 1363
321 359
321 466
321 854
321 900
321 1041
321 1074
321 1520
321 1631
321 1850
321 1857
321 1933
322 823
322 1256
322 1428
322 1467
323 395
323 478
323 612
323 944
323 1066
323 1162
323 1928
324 356
324 477
324 516
324 943
324 991
324 1103
324 1259
324 1663
324 1839
324 1916
324 1943
324 1976
325 620
325 652
325 710
325 1087
325 1178
325 1613
325 1917
326 354
326 378
326 668
326 789
326 1208
326 1213
326 1335
326 1383
326 1610
326 1920
326 1937
327 330
327 517
327 535
327 883
327 885
327 887
327 958
327 1434
327 1586
327 1914
328 946
328 997
328 1336
328 1366
328 1989
329 342
329 462
329 702
329 1750
329 1818
329 1877
329 1899
329 1924
330 814
330 1585
330 1698
330 1805
331 1427
331 1659
331 1731
331 1848
331 1965
332 399
332 450
332 502
332 568
332 776
332 777
332 906
332 1293
332 1368
332 1438
332 1471
332 1546
332 1820
332 1954
333 395
333 1070
333 1338
333 1402
333 1615
334 531
334 697
334 708
334 918
334 1616
334 1619
334 1749
335 398
335 481
335 553
335 694
335 747
335 802
335 923
335 1346
335 1529
335 1643
335 1660
335 1928
335 1957
335 1968
336 485
336 630
336 1085
336 1098
336 1149
336 1237
336 1460
336 1475
337 579
337 1159
337 1224
337 1282
337 1623
337 1969
338 361
338 404
338 654
338 684
338 725
338 1324
338 1420
338 1480
338 1657
339 466
339 502
339 746
339 837
339 995
339 1271
339 1290
339 1318
339 1450
339 1606
339 1724
340 1551
341 519
341 659
341 857
341 864
341 1473
341 1480
341 1561
341 1678
342 391
342 826
342 844
342 995
342 1454
342 1791
343 443
343 582
343 712
343 1189
343 1250
343 1300
343 1621
344 382
344 763
344 800
344 935
344 1078
344 1150
344 1669
344 1824
344 1844
344 1924
344 1977
345 386
345 750
345 791
345 1279
345 1813
346 1672
346 1748
346 1833
347 620
347 794
347 803
347 1041
347 1239
347 1311
347 1367
347 1737
347 1998
348 496
348 668
348 1340
348 1609
348 1702
349 364
349 494
349 544
349 545
349 671
349 959
349 1241
349 1378
349 1523
350 607
350 713
350 795
350 860
350 1659
350 1769
350 1929
351 398
351 664
351 775
351 859
351 865
351 904
351 1175
351 1340
351 1387
351 1425
351 1457
351 1495
351 1631
351 1712
351 1817
352 378
352 1068
352 1262
352 1333
352 1814
353 504
353 582
353 747
353 858
353 1188
353 1189
353 1215
353 1263
353 1576
353 1806
353 1911
354 506
354 541
354 568
354 909
354 1037
354 1323
354 1404
354 1577
354 1958
355 623
355 758
355 1087
355 1124
355 1316
355 1638
355 1710
355 1931
356 888
356 1317
356 1365
356 1606
356 1853
357 701
357 973
357 1000
357 1211
357 1262
357 1361
357 1553
357 1837
358 501
358 510
358 715
358 860
358 897
358 900
358 1400
358 1843
358 1852
358 1858
359 398
359 457
359 1064
359 1245
359 1617
359 1696
360 443
360 568
360 786
360 1163
360 1192
360 1415
360 1507
360 1618
360 1633
360 1725
360 1847
360 1934
360 1995
361 427
361 562
361 726
361 906
361 1175
361 1463
361 1718
361 1802
361 1990
362 919
362 1570
362 1906
363 422
363 753
363 881
363 1146
363 1150
363 1478
363 1488
363 1543
363 1624
363 1702
363 1901
364 626
364 642
364 647
364 777
364 922
364 939
364 967
364 1196
364 1404
364 1560
365 784
365 909
365 1158
365 1444
365 1446
365 1537
365 1588
365 1838
365 1928
365 1955
366 673
366 1265
366 1316
367 430
367 470
367 507
367 783
367 795
367 937
367 1516
367 1579
367 1872
367 1875
367 1935
367 1970
367 1971
368 530
368 702
368 1145
368 1302
368 1721
369 603
369 951
369 1113
369 1135
369 1223
369 1388
369 1595
369 1806
369 1904
370 1385
370 1422
370 1699
370 1923
370 1965
371 395
371 648
371 760
371 843
371 1033
371 1227
371 1263
371 1364
371 1389
371 1437
371 1454
371 1711
371 1773
371 1899
372 540
372 681
372 696
372 881
372 1018
372 1117
372 1645
372 1759
372 1947
372 1954
373 402
373 629
373 915
373 1184
373 1268
374 456
374 543
374 593
374 776
374 1126
374 1409
374 1428
374 1435
374 1544
374 1664
374 1698
374 1793
374 1795
375 1441
375 1633
375 1776
376 921
376 932
376 933
376 1169
376 1257
376 1292
376 1469
376 1707
376 1938
377 658
377 1127
377 1271
377 1427
377 1621
378 559
378 747
378 781
378 827
378 902
378 929
378 1189
378 1467
378 1547
378 1763
378 1940
379 668
379 1074
379 1116
379 1283
379 1506
379 1653
379 1721
379 1833
380 673
380 852
380 959
380 985
380 1323
380 1405
380 1632
380 1649
380 1984
381 658
381 699
381 797
381 1035
381 1336
381 1637
382 772
382 1662
382 1879
383 393
383 407
383 740
383 806
383 820
383 1053
383 1790
384 454
384 520
384 1009
384 1037
384 1139
384 1188
384 1248
384 1436
384 1517
385 518
385 929
385 1080
385 1089
385 1369
385 1481
386 608
386 1124
386 1185
386 1575
386 1719
387 827
387 850
387 1082
387 1194
387 1260
387 1449
387 1598
387 1988
388 415
388 709
388 803
388 893
388 1353
388 1475
388 1491
388 1568
388 1733
388 1754
389 1104
389 1666
389 1903
390 1099
390 1777
391 643
391 905
391 917
391 1213
391 1225
391 1468
391 1546
391 1604
391 1962
391 1967
392 486
392 554
392 791
392 901
392 1249
392 1382
392 1421
392 1441
392 1527
392 1640
392 1842
393 542
393 653
393 750
393 1405
393 1487
393 1497
393 1826
394 785
394 1095
394 1196
394 1445
394 1979
395 688
395 689
395 1260
395 1653
396 470
396 475
396 554
396 592
396 625
396 906
396 908
396 1069
396 1628
396 1930
397 861
397 1555
397 1932
398 753
398 1281
399 453
399 488
399 1841
400 504
400 730
400 830
400 1011
400 1039
400 1154
400 1368
400 1830
400 1906
400 1956
401 491
401 717
401 839
401 1048
401 1145
401 1198
402 641
402 1078
402 1356
402 1871
403 463
403 501
403 549
403 582
403 674
403 821
403 869
403 1052
403 1560
403 1586
404 746
404 789
404 836
404 1499
404 1671
404 1838
404 1887
405 420
405 453
405 837
405 1073
405 1191
405 1200
405 1266
405 1454
405 1876
406 455
406 498
406 820
406 1037
406 1329
406 1507
406 1585
406 1827
407 426
407 642
407 887
407 1123
407 1139
407 1190
407 1209
407 1236
407 1339
407 1353
407 1511
407 1569
407 1697
407 1742
407 1990
408 468
408 483
408 831
408 889
408 903
408 1019
408 1108
408 1169
408 1367
408 1657
408 1666
408 1923
409 742
409 785
409 1022
409 1136
409 1242
409 1276
410 677
410 762
410 833
410 1296
410 1542
410 1577
410 1939
411 416
411 418
411 504
411 534
411 793
411 1007
411 1509
411 1642
411 1746
411 1753
411 1966
412 1243
412 1534
412 1662
412 1745
413 820
413 892
413 952
413 1578
413 1614
414 523
414 604
414 790
414 802
414 947
414 980
414 1007
414 1157
414 1320
414 1395
414 1400
414 1465
414 1581
414 1724
414 1812
414 1889
415 467
415 753
415 1173
415 1206
415 1590
415 1722
415 1965
415 1974
416 481
416 506
416 664
416 676
416 740
416 920
416 1194
416 1551
416 1637
416 1647
416 1675
416 1678
416 1752
417 438
417 747
417 1265
417 1321
417 1482
417 1500
417 1596
417 1740
417 1876
417 1965
418 437
418 538
418 605
418 1134
418 1600
418 1698
418 1784
419 644
419 672
419 714
419 792
419 890
419 908
419 1026
419 1212
419 1355
419 1372
419 1542
419 1994
420 562
420 677
420 714
420 1145
420 1572
420 1629
420 1880
421 600
421 653
421 1374
421 1673
421 1803
421 1856
422 907
422 984
422 1004
422 1601
422 1869
423 980
423 1627
423 1669
423 1726
423 1910
424 520
424 695
424 709
424 1252
424 1256
424 1436
424 1498
424 1726
424 1865
425 480
425 801
425 854
425 897
425 958
425 1168
425 1662
425 1672
425 1857
425 1869
425 1880
426 585
426 616
426 666
426 763
426 879
426 911
426 949
426 1012
426 1305
427 444
427 523
427 572
427 652
427 949
427 1564
427 1711
427 1835
428 862
428 949
428 1243
428 1333
428 1387
428 1419
428 1795
428 1972
428 1987
429 526
429 596
429 935
430 460
430 901
430 1000
430 1041
430 1068
430 1200
430 1240
430 1265
430 1468
430 1525
430 1701
430 1773
430 1788
431 952
431 968
431 1015
431 1132
431 1465
431 1926
432 437
432 613
432 813
432 875
432 1047
432 1297
432 1623
433 900
433 1302
433 1361
433 1379
433 1513
433 1883
433 1948
434 680
434 893
434 951
434 980
434 986
434 1187
434 1360
434 1525
434 1918
435 466
435 906
435 915
435 923
435 1931
435 1946
436 473
436 517
436 525
436 745
436 799
436 1138
436 1320
437 592
437 1184
437 1247
437 1401
437 1493
437 1511
437 1763
437 1846
437 1963
438 631
438 633
438 1173
438 1206
438 1265
438 1368
438 1570
438 1760
438 1927
439 532
439 564
439 1012
439 1083
439 1380
439 1580
439 1677
439 1798
440 460
440 1031
440 1267
440 1274
440 1366
440 1423
440 1513
440 1661
440 1906
441 563
441 635
441 923
441 1220
441 1251
441 1464
441 1809
442 572
442 618
442 1059
442 1171
442 1180
442 1449
442 1477
442 1778
443 482
443 563
443 786
443 1036
443 1100
443 1412
443 1574
443 1795
443 1847
444 1214
444 1291
444 1398
444 1702
444 1822
444 1900
445 1227
445 1232
446 1118
446 1137
447 645
447 1247
447 1464
447 1592
447 1605
448 502
448 1205
448 1234
448 1901
449 666
449 797
449 806
449 860
449 1022
449 1225
449 1745
449 1748
449 1761
449 1889
450 530
450 711
450 758
450 771
450 947
450 1209
450 1337
450 1535
450 1570
450 1653
451 925
451 1424
451 1851
452 1101
452 1726
453 720
453 930
453 942
453 1139
453 1977
454 670
454 882
454 903
454 1236
454 1307
454 1560
454 1613
454 1786
454 1864
455 476
455 566
455 576
455 668
455 804
455 860
455 869
455 977
455 1142
455 1861
456 466
456 493
456 707
456 723
456 1144
456 1399
456 1531
456 1781
456 1797
456 1984
457 505
457 656
457 728
457 1046
457 1167
457 1384
457 1417
457 1444
457 1623
457 1793
457 1809
457 1867
458 490
458 582
458 1406
458 1423
459 614
459 756
459 1036
459 1091
459 1796
459 1868
460 733
460 887
460 1092
460 1129
460 1152
460 1619
460 1814
460 1982
461 642
461 670
461 1319
461 1442
461 1458
461 1871
462 469
462 793
462 887
462 1261
462 1513
462 1533
462 1757
462 1765
462 1780
462 1930
463 677
463 970
463 975
463 1121
463 1278
463 1389
463 1654
463 1913
464 898
464 1345
465 487
465 592
465 1458
465 1552
465 1900
466 507
466 676
466 1013
466 1577
466 1641
466 1857
466 1942
467 571
467 670
467 950
467 1345
467 1466
467 1769
467 1974
468 1148
468 1607
468 1911
469 490
469 612
469 655
469 883
469 888
469 1200
469 1262
469 1494
469 1803
469 1959
470 679
470 715
470 906
470 949
470 1542
470 1572
471 901
471 912
471 1301
471 1305
471 1648
471 1655
471 1977
472 1226
472 1696
472 1770
472 1906
473 505
473 542
473 833
473 883
473 1161
473 1410
473 1516
473 1553
473 1812
473 1878
474 585
474 670
474 828
474 1112
474 1380
474 1631
474 1919
475 675
475 699
475 757
475 991
475 1087
475 1273
475 1396
475 1469
475 1807
476 616
476 699
476 868
476 944
476 1049
476 1092
476 1120
476 1260
476 1446
476 1693
476 1808
477 602
477 1140
477 1147
477 1415
477 1747
477 1869
477 1878
478 576
478 1144
478 1281
478 1541
478 1543
479 819
479 1262
479 1885
480 544
480 1130
480 1150
480 1372
480 1644
480 1645
480 1925
481 534
481 746
481 935
481 1042
481 1075
481 1267
481 1472
481 1558
481 1858
481 1970
482 713
482 907
482 956
482 1069
482 1380
482 1385
482 1598
482 1644
482 1700
482 1719
482 1753
482 1784
482 1810
483 1235
483 1523
483 1627
483 1696
483 1801
484 1435
484 1483
484 1571
484 1587
484 1616
484 1939
485 688
485 918
485 931
485 1021
485 1133
485 1265
485 1453
486 489
486 587
486 1056
486 1324
486 1353
486 1507
486 1528
486 1536
486 1789
487 527
487 686
487 884
487 948
487 1007
487 1290
487 1350
487 1451
487 1476
487 1674
487 1976
488 561
488 681
488 834
488 875
488 948
488 1179
488 1287
488 1382
488 1434
488 1549
488 1572
488 1575
488 1587
488 1604
488 1875
488 1923
489 1066
489 1262
489 1561
489 1590
489 1959
490 521
490 1054
490 1256
490 1323
490 1374
490 1491
490 1836
491 774
491 781
491 951
491 1083
491 1210
491 1374
491 1642
491 1699
491 1808
491 1815
491 2000
492 536
492 808
492 1259
492 1392
492 1909
493 505
493 546
493 728
493 852
493 1067
493 1112
493 1239
493 1741
493 1746
493 1782
493 1923
494 579
494 737
494 930
494 1654
495 497
495 1109
495 1167
495 1288
495 1673
495 1817
495 1944
496 520
496 566
496 858
496 1176
496 1231
496 1637
496 1872
497 542
497 1182
497 1495
497 1758
497 1963
497 1992
498 590
498 608
498 670
498 755
498 882
498 1052
498 1122
498 1352
498 1486
498 1572
498 1688
498 1752
499 800
499 863
499 1442
499 1482
499 1538
500 638
500 1246
500 1531
501 1132
501 1176
501 1234
501 1241
502 537
502 778
502 932
502 1484
503 591
503 1718
503 1743
503 1816
503 1922
503 1969
504 867
504 1090
504 1218
504 1240
504 1248
504 1327
504 1708
505 899
505 976
505 1099
505 1149
505 1162
505 1180
505 1304
505 1756
505 1924
506 733
506 769
506 829
506 864
506 959
506 1017
506 1503
506 1530
506 1957
506 1998
507 1220
507 1606
507 1909
508 696
508 1135
508 1302
508 1474
508 1483
508 1580
508 1679
508 1712
508 1782
508 1975
509 584
509 689
509 823
509 1024
509 1135
509 1303
509 1448
510 615
510 809
510 1084
510 1092
510 1113
510 1228
510 1371
510 1580
511 622
511 1172
511 1458
511 1575
511 1587
511 1743
511 1755
512 636
512 932
512 1094
512 1240
512 1506
513 620
513 784
513 846
513 928
513 995
513 1347
513 1407
513 1555
513 1956
514 579
514 589
514 681
514 733
514 1010
514 1058
514 1072
514 1145
514 1307
514 1388
514 1440
514 1628
514 1974
515 754
515 1389
515 1476
515 1621
515 1829
515 1895
516 595
516 730
516 795
516 1087
516 1125
516 1196
516 1412
516 1437
516 1526
516 1542
516 1962
517 707
517 749
517 1057
517 1161
518 539
518 630
518 1389
518 1572
518 1712
519 580
519 916
519 1257
519 1365
519 1514
519 1594
519 1614
519 1721
519 1836
519 1905
520 841
520 1364
520 1587
520 1677
520 1776
520 1946
520 1954
520 1968
521 538
521 631
521 644
521 667
521 700
521 701
521 966
521 1309
521 1482
521 1545
521 1578
521 1663
521 1689
522 1245
522 1267
522 1318
522 1460
522 1561
522 1691
523 639
523 994
523 1006
523 1135
523 1240
523 1294
523 1813
524 525
524 645
524 796
524 931
524 1084
524 1479
524 1502
524 1950
524 1977
525 823
525 1631
525 1921
526 598
526 623
526 739
526 1123
526 1536
526 1794
526 1884
527 918
527 979
527 1220
528 821
528 954
528 963
528 1508
529 584
529 655
529 1392
529 1609
529 1729
529 1835
529 1881
530 747
530 1275
531 884
531 1051
531 1203
531 1215
531 1297
531 1423
531 1631
531 1983
532 829
532 901
532 948
532 964
532 989
532 1035
532 1304
532 1350
532 1400
532 1951
533 625
533 637
533 702
533 871
533 1030
533 1242
533 1965
533 1989
534 1102
534 1266
534 1307
534 1899
535 573
535 711
535 811
535 834
535 1092
535 1237
535 1445
535 1687
535 1826
535 1987
536 557
536 750
536 1100
536 1123
536 1270
536 1329
536 1754
537 697
537 747
537 871
537 1136
537 1969
538 561
538 562
538 1047
538 1355
538 1593
539 610
539 772
539 831
539 836
539 854
539 1217
539 1908
540 717
540 890
540 933
540 1086
540 1336
540 1448
540 1468
540 1555
540 1924
541 997
541 1369
541 1385
541 1419
541 1570
541 1820
541 1901
541 1931
542 664
542 783
542 875
542 1123
542 1153
542 1295
542 1774
543 637
543 930
543 1101
543 1238
543 1476
543 1755
544 932
544 976
544 1230
544 1258
544 1942
545 783
545 825
545 1049
545 1480
545 1638
545 1721
545 1864
546 770
546 1119
546 1219
546 1272
546 1877
547 620
547 879
547 933
547 950
547 1051
547 1798
547 1810
548 578
548 704
548 888
548 1460
549 584
549 648
549 739
549 1099
549 1214
549 1707
549 1931
549 1943
550 653
550 900
550 1049
550 1205
550 1313
550 1349
550 1467
550 1585
551 642
551 714
551 1225
551 1896
552 750
552 845
552 923
552 1102
552 1129
552 1407
552 1436
552 1839
553 687
553 856
553 1065
553 1134
553 1432
553 1614
553 1967
554 725
554 805
554 881
554 883
554 1053
554 1093
554 1169
554 1200
554 1209
554 1332
554 1606
554 1723
554 1802
554 1844
555 998
555 1524
555 1595
555 1600
555 1748
555 1861
555 1907
556 997
556 1035
556 1490
556 1564
556 1656
557 585
557 851
557 997
557 1061
557 1139
557 1496
557 1841
558 1240
558 1404
558 1584
558 1713
558 1831
558 1992
559 589
559 934
559 1191
559 1427
559 1729
559 1966
560 766
560 815
560 980
560 1139
560 1297
560 1407
560 1445
560 1815
560 1952
561 567
561 1356
561 1620
561 1727
561 1909
561 1958
562 583
562 701
562 817
562 855
562 1017
562 1149
562 1500
562 1512
562 1515
562 1561
562 1639
563 807
563 828
563 1079
563 1206
563 1607
563 1709
564 1327
564 1736
565 852
565 1094
565 1170
565 1427
565 1854
566 890
566 1045
566 1055
566 1327
566 1828
566 1854
566 1992
567 726
567 1831
568 581
568 732
568 1116
568 1396
568 1432
568 1699
568 1770
568 1923
569 574
569 1648
569 1828
569 1890
570 850
570 1168
570 1442
570 1557
570 1559
570 1609
570 1633
570 1659
571 654
571 924
571 999
571 1412
571 1676
571 1981
572 588
572 991
572 1006
572 1180
572 1506
572 1862
572 1895
573 946
573 1081
573 1253
573 1304
573 1358
573 1688
574 1107
574 1474
574 1600
574 1616
574 1700
574 1749
575 644
575 841
575 1046
575 1102
575 1121
575 1168
575 1481
575 1518
575 1963
575 1990
576 1091
576 1600
576 1782
576 1878
577 1008
577 1376
577 1478
577 1606
577 1808
578 671
578 685
578 723
578 791
578 806
578 904
578 950
578 954
578 1055
578 1479
578 1640
578 1771
578 1910
579 618
579 1056
579 1138
579 1175
579 1229
579 1363
579 1364
580 847
580 1293
580 1642
580 1713
581 1032
581 1069
581 1245
581 1421
581 1874
582 597
582 599
582 1271
583 840
583 1323
583 1330
583 1374
583 1584
583 1949
583 1961
584 585
584 703
584 789
584 820
584 1119
584 1210
584 1393
584 1603
584 1899
584 1902
584 1965
585 588
585 623
585 1052
585 1240
585 1671
586 1020
586 1246
586 1318
586 1512
586 1700
587 729
587 818
587 1009
587 1051
587 1124
587 1255
587 1572
587 1631
587 1782
588 659
588 764
588 1046
588 1145
588 1423
588 1500
588 1533
588 1696
588 1870
589 793
589 883
589 935
589 1029
589 1317
589 1389
589 1597
589 1599
590 901
590 1154
590 1282
590 1623
590 1796
590 1851
591 729
591 736
591 923
591 979
591 1694
592 940
592 1145
592 1156
592 1591
593 996
593 1014
593 1192
593 1265
593 1375
593 1540
593 1594
593 1662
593 1774
593 1841
593 1853
594 604
594 1119
594 1199
594 1292
594 1397
594 1522
595 1523
595 1696
595 1799
596 724
596 969
596 1401
596 1673
596 1962
596 1978
597 725
597 1370
597 1665
597 1959
598 680
598 941
598 1344
598 1714
599 622
599 1170
599 1699
600 624
600 629
600 1325
600 1443
600 1484
600 1634
600 1639
600 1850
601 682
601 781
601 955
601 967
601 981
602 934
602 1147
602 1182
602 1283
602 1310
602 1887
603 621
603 717
603 977
603 1018
603 1361
604 622
604 733
604 794
604 954
604 1017
604 1077
604 1195
604 1574
604 1582
604 1822
605 855
605 1008
605 1134
605 1204
605 1208
605 1268
605 1409
605 1415
606 1039
606 1529
606 1557
606 1769
606 1956
607 876
607 1234
607 1406
607 1795
607 1998
608 677
608 913
608 950
608 1159
608 1318
608 1857
609 853
609 1397
609 1423
609 1562
610 1436
610 1575
610 1697
610 1758
611 693
611 1206
611 1294
611 1456
611 1576
611 1767
612 912
612 984
612 1066
612 1148
612 1437
612 1568
612 1583
612 1637
612 1825
613 876
613 1099
613 1119
613 1210
613 1460
613 1472
614 1074
614 1943
615 635
615 782
615 949
615 1046
615 1146
615 1169
615 1200
615 1269
615 1285
615 1491
615 1589
615 1714
615 1957
616 641
616 653
616 810
616 1141
616 1522
616 1542
616 1643
616 1931
616 1942
617 794
617 1077
617 1291
617 1405
617 1470
618 642
618 769
618 798
618 837
618 877
618 1025
618 1066
618 1199
618 1262
618 1846
619 634
619 797
619 933
619 1436
619 1443
619 1758
620 855
620 1012
620 1122
620 1509
620 1563
620 1813
620 1923
621 754
621 819
621 1200
621 1257
621 1335
621 1533
621 1544
621 1607
622 768
622 804
622 823
622 901
622 989
622 1052
622 1387
622 1778
622 1974
622 1997
623 1276
623 1511
623 1587
623 1647
624 773
624 890
624 1420
625 1013
625 1213
625 1531
625 1595
625 1753
626 1078
626 1182
626 1556
626 1673
626 1684
626 1875
627 746
627 966
627 1314
627 1470
627 1489
628 745
628 780
628 1146
628 1423
628 1642
628 1674
628 1912
628 1985
629 717
629 920
629 975
629 1043
629 1840
630 853
630 868
630 1033
630 1333
630 1371
630 1543
630 1694
630 1839
630 1843
631 1161
631 1950
631 1977
632 791
632 1028
632 1543
632 1564
632 1566
632 1646
632 1795
632 1811
633 1148
633 1197
633 1454
633 1531
633 1721
633 1782
633 1954
633 1996
634 797
634 916
634 926
634 1107
634 1129
634 1280
634 1462
634 1629
634 1644
635 1188
635 1418
635 1507
635 1665
635 1668
635 1672
635 1698
635 1978
636 672
636 792
636 858
636 875
636 891
636 937
636 1038
636 1097
636 1137
636 1360
636 1535
636 1672
636 1816
636 1916
636 1941
637 1035
637 1106
637 1228
637 1412
637 1554
637 1592
637 1596
637 1604
637 1722
637 1862
637 1902
638 744
638 765
638 869
638 1092
638 1275
638 1413
638 1494
639 839
639 948
639 1393
639 1455
639 1512
639 1626
639 1645
639 1865
640 1207
640 1230
640 1479
640 1585
640 1599
640 1610
640 1687
640 1861
640 1863
641 808
641 1023
641 1123
641 1242
641 1369
641 1865
642 676
642 775
642 942
642 1231
642 1504
642 1563
643 1051
643 1213
643 1306
643 1381
643 1448
643 1453
643 1537
643 1642
643 1667
643 1729
644 804
644 1759
644 1955
645 1133
645 1452
645 1652
646 902
646 1095
646 1128
646 1313
646 1326
646 1544
646 1874
647 924
647 1068
647 1275
647 1462
647 1511
647 1859
647 1944
648 894
648 1169
648 1271
648 1458
648 1629
648 1646
648 1779
649 1049
649 1453
649 1989
650 947
650 1390
650 1605
650 1910
651 882
651 1028
651 1292
651 1424
651 1581
651 1997
652 1132
652 1299
652 1345
652 1658
652 1784
652 1789
653 698
653 1642
653 1707
653 1936
654 904
654 931
654 1345
655 702
655 738
655 910
655 1056
655 1235
655 1829
656 734
656 1125
656 1191
656 1217
656 1228
656 1368
656 1437
656 1711
657 663
657 676
657 772
657 903
657 1416
657 1447
657 1471
657 1627
657 1875
657 1877
659 681
659 710
659 906
659 1454
659 1781
660 978
660 1187
660 1339
660 1445
660 1575
660 1643
660 1685
660 1734
660 1935
661 831
661 1001
661 1094
661 1149
661 1259
661 1348
662 701
662 950
662 1430
662 1539
663 1079
663 1116
663 1226
663 1500
663 1606
663 1718
663 1745
663 1837
663 1864
663 1971
663 1977
664 777
664 804
664 827
664 1220
664 1371
664 1602
664 1853
664 1926
664 1972
665 1027
665 1313
666 800
666 830
666 1006
666 1151
666 1273
666 1681
667 751
667 865
667 931
667 1257
667 1347
667 1731
668 832
668 951
668 1256
668 1264
668 1691
668 1818
669 772
669 796
669 1026
669 1310
669 1747
670 854
670 977
670 1163
670 1303
670 1655
670 1661
670 1858
671 972
671 1063
671 1265
671 1333
671 1431
671 1433
671 1653
672 922
672 1152
672 1184
672 1273
672 1277
672 1350
672 1358
672 1387
672 1515
672 1546
672 1781
673 870
673 906
673 1417
673 1547
673 1859
674 1540
674 1697
674 1876
675 832
675 1074
675 1153
675 1249
675 1641
675 1916
676 771
676 1055
676 1110
676 1182
676 1758
676 1988
677 1025
677 1026
677 1317
677 1479
677 1564
677 1894
677 1919
677 1960
677 1965
678 1087
678 1298
678 1546
678 1582
678 1733
678 1897
679 707
679 948
679 1178
679 1181
679 1381
679 1793
679 1864
680 1125
680 1576
680 1790
680 1806
680 1877
681 839
681 876
681 929
681 950
681 1162
681 1191
681 1198
681 1223
682 989
682 1097
682 1318
682 1578
682 1863
683 739
683 891
683 948
683 1017
683 1339
683 1741
683 1755
683 1788
684 814
684 891
684 967
684 987
684 1428
684 1445
684 1554
684 1576
684 1874
684 1955
685 1017
685 1134
685 1285
685 1426
685 1453
685 1719
685 1876
685 1883
686 1020
686 1391
686 1717
686 1943
686 1958
686 1991
686 1997
687 1296
687 1338
687 1641
687 1781
687 1975
688 690
688 834
688 939
688 1276
688 1302
688 1962
689 711
689 780
689 804
689 931
689 1151
690 727
690 941
690 1266
690 1296
690 1618
690 1815
690 1912
690 1915
691 1388
691 1503
691 1594
691 1656
691 1941
691 1975
691 1986
692 889
692 1217
692 1253
692 1411
692 1505
692 1670
693 802
693 888
693 991
693 1215
693 1900
693 1959
694 890
694 1109
694 1603
694 1720
695 893
695 941
695 1312
695 1401
695 1551
695 1918
695 1994
696 712
696 958
696 1082
696 1480
696 1495
696 1510
696 1548
696 1549
696 1591
697 933
697 1331
697 1346
697 1396
697 1465
697 1528
697 1749
698 945
698 1265
698 1313
698 1574
698 1700
698 1810
698 1865
699 711
699 853
699 1534
699 1624
699 1898
699 1934
700 732
700 1230
700 1367
700 1420
700 1516
700 1641
700 1652
700 1951
700 1958
701 768
701 804
701 952
701 1285
701 1325
701 1443
701 1990
702 1268
702 1408
702 1584
702 1738
702 1764
702 1896
702 1985
703 925
703 1182
703 1306
703 1444
703 1819
704 866
705 827
705 1024
705 1197
705 1199
705 1235
705 1300
705 1395
705 1494
705 1877
706 1718
706 1732
706 1981
707 866
707 1027
707 1559
708 757
708 896
708 1166
708 1464
708 1799
708 1912
709 1092
709 1211
709 1644
709 1843
709 1974
710 783
710 841
710 1135
710 1305
710 1475
710 1487
711 730
711 905
712 830
712 979
712 1011
712 1268
712 1862
713 721
713 968
713 1337
713 1353
713 1468
713 1568
713 1637
713 1765
714 865
714 1046
714 1088
714 1567
714 1822
715 982
715 1144
715 1578
715 1665
715 1742
716 883
716 1170
716 1288
716 1326
716 1329
716 1625
716 1659
716 1744
717 888
717 1032
717 1133
717 1315
717 1433
718 844
718 1340
718 1567
718 1738
719 760
719 870
719 1061
719 1094
719 1100
719 1577
719 1730
719 1828
720 1253
720 1432
720 1899
720 1948
720 1964
721 857
721 895
721 1158
721 1312
721 1586
721 1808
721 1851
722 730
722 747
722 964
722 967
722 1278
722 1430
722 1673
722 1683
722 1743
722 1904
723 727
723 754
723 769
723 770
723 806
723 895
723 972
723 1020
723 1585
723 1705
724 1055
724 1091
724 1242
724 1426
724 1507
724 1609
724 1703
724 1833
724 1852
725 750
725 1017
725 1163
725 1413
725 1566
725 1789
726 943
726 1120
726 1371
726 1437
726 1522
726 1667
726 1900
727 731
727 829
727 911
727 996
727 1450
727 1566
727 1886
728 836
728 1124
728 1623
728 1971
728 2000
729 735
729 865
729 943
729 1227
729 1340
729 1344
729 1484
729 1511
729 1855
729 1989
730 927
730 1079
730 1254
730 1827
730 1891
731 772
731 843
731 987
731 1062
731 1127
731 1555
731 1668
731 1734
732 906
732 1167
732 1189
732 1570
732 1771
733 808
733 823
733 1208
733 1566
733 1866
733 1948
733 1958
734 959
734 1348
734 1584
734 1623
734 1710
734 1715
734 1910
735 1896
736 1107
736 1128
736 1162
736 1224
736 1893
737 867
737 890
737 1071
737 1517
737 1612
737 1754
738 846
738 1035
738 1109
738 1213
738 1348
738 1497
738 1664
739 1135
739 1901
740 1150
740 1289
740 1423
740 1487
740 1535
740 1834
741 776
741 1506
741 1517
741 1803
741 1855
741 1903
742 779
742 1045
742 1169
742 1176
742 1270
742 1286
742 1371
742 1495
742 1648
742 1681
742 1718
742 1862
742 1998
743 1173
743 1702
743 1800
744 1087
744 1296
744 1488
744 1496
744 1647
744 1704
745 763
745 835
745 1010
745 1358
745 1676
746 773
746 1239
746 1258
747 758
747 842
747 870
747 879
747 969
747 983
747 1794
747 1908
748 765
748 915
748 1151
748 1472
748 1526
748 1626
748 1627
749 858
749 951
749 1152
749 1247
749 1528
749 1647
749 1830
750 1014
750 1204
751 809
751 1188
752 912
752 1453
752 1538
752 1668
752 1813
752 1831
752 1904
753 763
753 864
753 917
753 1814
754 892
754 924
754 930
754 1313
754 1653
754 1658
754 1667
754 1801
754 1974
754 1986
755 1026
755 1226
755 1230
755 1357
755 1870
756 758
756 1340
756 1383
756 1843
757 1025
757 1129
757 1143
757 1254
757 1277
757 1286
757 1351
757 1388
757 1796
757 1894
757 1902
758 804
758 1582
758 1600
758 1845
758 1911
759 966
759 1020
759 1104
759 1304
759 1733
759 1781
759 1944
760 1353
760 1484
760 1656
760 1733
761 951
761 1112
761 1460
761 1987
762 893
762 1456
762 1478
762 1579
762 1736
762 1772
762 1990
763 978
763 1506
763 1931
763 1953
764 789
764 898
764 1011
764 1204
764 1340
764 1493
764 1639
764 1661
764 1692
765 863
765 1046
765 1072
765 1314
765 1461
765 1482
765 1594
765 1624
766 767
766 1031
766 1110
766 1597
766 1824
766 1880
766 1913
767 892
767 1074
767 1484
767 1773
767 1865
767 1992
768 1232
768 1290
768 1584
769 877
769 1452
769 1506
769 1518
770 834
770 1013
770 1337
770 1376
770 1411
771 1244
771 1722
771 1995
772 881
772 935
772 1108
772 1363
772 1911
772 1958
772 1986
773 965
773 1542
773 1585
773 1620
773 1632
773 1660
773 1711
773 1926
774 834
774 1174
774 1225
774 1423
774 1760
775 880
775 1388
775 1465
775 1499
775 1603
775 1655
775 1874
776 1625
776 1693
776 1718
776 1859
776 1881
777 929
777 1425
778 921
778 963
778 992
778 1557
778 1791
778 1978
779 877
779 1584
780 961
780 1715
780 1770
780 1922
781 883
781 1236
781 1292
781 1424
781 1436
781 1486
781 1728
782 809
782 1147
782 1233
782 1357
782 1586
782 1862
783 823
783 865
783 1135
783 1254
783 1646
784 821
784 966
784 1101
784 1862
784 1897
784 1903
784 1915
785 866
785 874
785 1124
785 1404
785 1469
785 1546
785 1683
785 1867
785 1945
786 830
786 963
786 1027
786 1077
786 1100
786 1185
786 1206
786 1344
786 1434
786 1632
786 1709
786 1788
787 839
787 1594
787 1691
788 1075
788 1576
788 1738
788 1795
789 913
789 1320
789 1381
789 1855
790 1176
790 1429
790 1537
790 1543
790 1614
791 1046
791 1148
791 1577
791 1582
791 1604
792 849
792 912
792 1389
792 1489
792 1820
792 1959
793 978
793 1375
793 1766
793 1883
794 811
794 1098
794 1207
794 1536
794 1864
794 1969
795 918
795 1004
795 1218
795 1414
795 1719
795 1787
795 1911
796 1036
796 1212
796 1272
796 1528
796 1634
796 1853
797 957
797 966
797 1019
797 1382
797 1635
797 1747
798 853
798 944
798 1085
798 1270
798 1497
798 1589
798 1783
799 1046
799 1231
799 1308
799 1462
799 1495
799 1558
799 1653
799 1798
799 1881
800 1141
800 1290
800 1918
801 1026
801 1847
802 1029
802 1680
802 1921
802 1943
803 975
803 1024
803 1122
803 1276
803 1753
803 1853
804 858
804 935
804 1002
804 1375
804 1456
805 1017
805 1314
805 1761
805 1856
806 1310
806 1412
806 1740
807 933
807 1196
807 1368
807 1511
807 1602
807 1660
807 1679
807 1755
807 1860
808 884
808 1057
808 1800
809 1361
809 1502
810 1037
810 1209
810 1419
810 1472
810 1585
811 1299
811 1349
811 1460
811 1647
812 1509
812 1576
812 1843
812 1888
813 1063
813 1205
813 1222
813 1349
813 1600
813 1655
813 1775
814 1213
814 1258
814 1302
814 1814
815 1158
815 1284
815 1809
815 1918
815 1956
816 854
816 874
816 923
816 973
816 1230
816 1267
816 1308
816 1404
816 1500
816 1534
817 1440
817 1647
817 1700
818 896
818 1359
818 1399
818 1413
818 1429
818 1651
818 1663
818 1861
819 911
819 1134
819 1150
819 1235
819 1471
820 978
820 1124
821 933
821 934
821 938
821 1192
821 1264
821 1292
821 1773
822 968
822 1049
822 1624
822 1798
822 1800
822 1851
822 1890
822 1950
823 957
823 1045
823 1073
823 1152
823 1178
823 1218
823 1550
823 1616
823 1717
823 1906
823 1926
824 1057
824 1432
825 1690
826 1063
826 1554
826 1576
826 1679
826 1978
827 917
827 1100
827 1178
827 1530
827 1842
827 1958
827 1967
828 971
828 1058
828 1071
828 1209
828 1857
828 1964
829 1106
829 1157
830 849
830 1482
830 1591
831 899
831 917
831 1534
831 1643
831 1793
831 1829
832 987
832 1056
832 1229
832 1282
832 1481
832 1696
832 1851
833 877
833 1116
833 1224
833 1344
833 1533
833 1885
834 872
834 880
834 1464
834 1581
834 1791
834 1816
835 919
835 990
835 1018
835 1122
835 1220
835 1246
835 1284
835 1516
835 1573
835 1714
835 1911
835 1976
836 1249
836 1490
836 1589
836 1925
837 967
837 1191
837 1549
837 1659
837 1753
838 903
838 922
838 934
838 1369
838 1497
838 1713
838 1905
838 1958
839 848
839 918
839 934
839 961
839 1066
839 1261
839 1333
839 1360
839 1851
839 1992
840 1073
840 1167
840 1186
840 1736
840 1802
840 1854
841 1162
841 1205
842 1354
842 1714
843 935
843 1299
843 1657
843 1721
844 878
844 1003
844 1294
844 1418
844 1694
845 960
845 1085
845 1095
845 1097
845 1127
845 1262
845 1323
845 1839
845 1897
846 1134
846 1331
846 1545
846 1672
847 980
847 1081
847 1205
847 1385
847 1588
847 1870
848 1182
848 1222
848 1357
848 1383
848 1654
849 1529
849 1636
849 1735
849 1827
850 1073
850 1220
850 1281
850 1492
850 1746
851 988
851 1189
851 1602
851 1614
851 1688
851 1706
851 1885
852 1203
852 1348
852 1988
853 1228
853 1491
853 1745
853 1815
854 1012
854 1314
854 1794
855 979
855 994
855 1090
855 1429
855 1674
856 1044
856 1376
856 1545
856 1566
856 1688
857 1068
857 1221
857 1398
857 1419
857 1530
857 1858
857 1929
858 1193
858 1259
858 1282
858 1324
858 1407
858 1499
858 1663
858 1743
858 1824
859 944
859 1211
859 1395
859 1421
859 1428
860 862
860 1225
860 1791
860 1828
860 1872
861 1243
861 1717
861 1847
861 1861
862 986
862 1100
862 1234
862 1479
862 1771
862 1837
863 923
863 946
863 959
863 1091
863 1175
863 1469
863 1516
863 1711
863 1744
864 1207
864 1593
864 1625
865 1312
865 1397
865 1490
865 1547
865 1690
865 1770
866 902
866 946
866 1081
866 1365
866 1387
866 1697
866 1734
867 1017
867 1081
867 1165
867 1255
867 1974
868 1153
868 1314
868 1362
868 1401
868 1460
868 1530
868 1591
868 1615
868 1700
868 1753
869 1132
869 1702
869 1742
869 1874
869 1963
870 1198
870 1437
870 1608
870 1974
871 882
871 946
871 1037
871 1089
871 1706
871 1871
872 899
872 1272
872 1679
872 1778
872 1821
872 1929
873 1010
873 1083
873 1176
873 1596
873 1824
873 1859
874 1045
874 1096
874 1232
874 1338
874 1362
874 1491
874 1740
874 1819
874 1881
875 924
875 1147
875 1488
875 1522
875 1558
875 1984
876 1149
876 1278
876 1298
876 1313
876 1614
876 1666
876 1687
876 1894
877 1170
877 1180
877 1198
877 1594
877 1625
877 1713
877 1819
878 1346
878 1474
878 1791
878 1965
879 1091
879 1230
879 1385
879 1548
879 1627
879 1993
880 922
880 1170
880 1470
880 1479
880 1483
881 1103
881 1190
881 1410
881 1636
882 1145
882 1223
883 1340
883 1477
883 1668
883 1797
883 1819
883 1865
884 1011
884 1065
884 1406
884 1622
884 1689
884 1716
884 1766
884 1883
884 1913
885 925
885 1015
885 1115
885 1147
885 1639
886 939
886 943
886 1051
886 1125
886 1212
886 1399
886 1615
886 1753
887 1100
887 1908
888 1029
888 1210
888 1220
888 1473
888 1474
888 1760
889 1193
889 1269
889 1361
889 1422
889 1448
889 1747
889 1953
890 960
890 1419
890 1654
891 1019
892 933
892 954
892 1138
892 1756
893 1081
893 1105
893 1325
893 1473
893 1567
893 1917
894 946
894 1052
894 1246
894 1411
894 1733
894 1895
895 930
895 1400
895 1444
896 924
896 935
896 942
896 1293
897 1504
898 1589
898 1741
898 1960
899 1828
900 1056
900 1467
900 1636
900 1694
900 1843
901 1053
901 1395
901 1526
902 1171
902 1198
902 1233
902 1655
903 930
903 1207
903 1385
903 1475
903 1540
903 1719
903 1902
903 1928
904 1314
904 1638
904 1669
904 1727
904 1764
904 1840
904 1937
905 1028
905 1113
905 1705
905 1852
905 1861
905 1947
906 974
906 1602
906 1631
907 1213
907 1853
908 1027
908 1099
908 1170
908 1349
908 1961
909 1278
909 1729
909 1990
910 1108
910 1170
910 1495
910 1701
910 1750
910 1910
910 1981
911 941
911 948
911 981
911 1032
911 1152
911 1353
911 1465
912 1153
912 1217
912 1232
912 1668
912 1731
912 1874
913 1180
913 1422
913 1436
913 1630
913 1871
914 1083
914 1111
914 1180
914 1201
914 1241
914 1317
914 1466
914 1481
914 1611
914 1738
914 1838
914 1913
915 921
915 1545
916 924
916 1024
916 1190
916 1926
917 966
917 1046
917 1102
917 1219
917 1229
917 1237
917 1318
917 1376
917 1393
917 1499
917 1627
918 1054
918 1375
918 1696
919 1063
919 1144
919 1325
919 1638
919 1731
920 1079
920 1162
920 1201
920 1308
920 1382
920 1409
920 1438
920 1757
920 1925
921 1023
921 1478
921 1569
921 1577
921 1660
921 1775
921 1799
922 1051
922 1412
922 1501
922 1561
922 1564
922 1573
923 1118
924 1121
924 1205
924 1227
924 1435
924 1617
924 1781
924 1807
925 1352
925 1442
925 1468
925 1653
925 1840
926 1001
926 1080
926 1476
926 1644
926 1867
927 1532
927 1860
927 1940
928 1131
928 1141
928 1349
928 1422
928 1654
928 1745
928 1803
928 1957
928 1974
929 1152
929 1367
929 1449
929 1802
929 1904
930 1036
930 1060
930 1259
930 1636
930 1753
930 1971
931 1346
931 1390
931 1673
931 1796
931 1955
932 1034
932 1247
932 1258
932 1370
932 1957
933 934
933 1201
933 1258
933 1275
933 1491
933 1504
933 1569
933 1814
934 1142
934 1162
934 1213
934 1249
934 1316
934 1375
934 1625
934 1742
934 1748
934 1900
934 1988
935 1032
935 1400
935 1993
935 1999
936 943
936 1097
936 1191
936 1247
936 1469
936 1800
937 1097
937 1193
937 1574
937 1607
937 1612
937 1764
937 1916
938 1087
938 1298
938 1394
938 1502
938 1543
938 1692
938 1843
938 1889
938 1959
939 1007
939 1052
939 1510
939 1851
939 1893
940 1179
940 1482
940 1567
940 1708
940 1777
940 1842
941 976
941 1006
941 1071
941 1092
941 1138
941 1425
941 1581
941 1762
941 1872
942 1113
942 1472
942 1726
942 1778
943 1007
943 1099
943 1347
943 1542
944 1142
944 1367
944 1415
944 1512
945 1334
945 1379
946 1074
946 1211
946 1340
946 1362
946 1364
946 1587
946 1836
946 1925
947 1038
947 1099
947 1333
947 1336
947 1392
947 1524
948 1062
948 1121
948 1588
948 1787
948 1788
948 1883
949 1159
949 1201
949 1616
950 975
950 1458
950 1559
950 1903
951 1578
951 1831
951 1880
952 987
952 1275
952 1465
952 1817
952 1993
953 998
953 1076
953 1134
953 1308
953 1374
953 1459
953 1554
953 1935
953 1969
954 1246
954 1582
955 1403
955 1430
955 1852
956 1260
956 1561
956 1728
957 1167
957 1284
957 1298
957 1300
957 1561
957 1846
957 1878
958 996
958 1004
958 1078
958 1128
958 1446
958 1597
958 1811
958 1945
959 967
959 1148
959 1313
959 1666
960 1047
960 1283
960 1703
960 1816
960 1999
961 1020
961 1261
961 1521
961 1724
962 1202
962 1228
962 1317
962 1417
962 1469
962 1584
962 1828
963 970
963 1049
963 1081
963 1262
963 1469
963 1557
963 1819
963 1848
963 1909
964 1126
964 1225
964 1300
964 1709
964 1798
964 1871
965 1519
965 1735
965 1823
965 1836
966 1018
966 1304
966 1540
966 1640
966 1928
967 1331
967 1437
967 1926
968 1039
968 1306
968 1443
968 1554
968 1835
968 1869
969 1022
969 1068
969 1361
970 1061
970 1220
970 1252
970 1587
971 1363
971 1439
971 1622
971 1791
971 1966
972 1178
972 1399
972 1593
972 1919
972 1938
972 1972
973 1390
973 1400
973 1718
974 1158
974 1315
974 1359
974 1469
974 1533
974 1920
974 1954
975 1076
975 1530
976 1004
976 1639
977 1086
977 1435
977 1562
978 1123
978 1387
979 1727
980 1453
980 1768
981 1295
981 1379
981 1429
981 1588
981 1657
981 1691
981 1907
982 1013
982 1217
982 1728
982 1775
982 1907
983 1032
983 1426
983 1733
983 1865
984 1547
984 1989
985 1045
985 1163
985 1587
985 1659
986 1111
986 1362
986 1515
986 1663
986 1796
986 1958
987 1306
987 1597
987 1766
987 1810
989 1355
989 1406
989 1593
989 1597
989 1711
989 1841
990 1104
990 1734
990 1755
990 1769
991 1035
991 1285
991 1564
991 1704
991 1855
991 1898
992 1009
992 1104
992 1321
992 1327
992 1566
992 1586
992 1635
992 1694
992 1800
993 1330
993 1483
993 1527
993 1622
994 1176
994 1495
994 1533
994 1603
994 1646
994 1777
994 1908
995 1288
995 1534
995 1785
995 1973
995 1981
996 1151
996 1320
997 1026
997 1502
997 1716
998 1025
998 1560
998 1575
998 1807
998 1812
999 1052
1000 1026
1000 1956
1001 1075
1001 1376
1001 1404
1001 1504
1001 1842
1001 1871
1002 1342
1002 1355
1002 1447
1002 1799
1003 1787
1003 1933
1003 1965
1004 1715
1004 1939
1005 1047
1005 1409
1005 1413
1005 1754
1005 1776
1006 1068
1006 1324
1006 1610
1007 1160
1007 1546
1007 1751
1008 1349
1008 1372
1009 1910
1009 1949
1010 1438
1011 1063
1011 1198
1011 1275
1011 1595
1011 1603
1011 1689
1012 1414
1012 1803
1013 1180
1013 1554
1013 1697
1014 1183
1014 1266
1014 1644
1015 1445
1015 1601
1015 1767
1016 1053
1016 1197
1016 1345
1016 1518
1016 1778
1017 1026
1017 1418
1017 1849
1018 1147
1018 1687
1018 1766
1019 1093
1019 1140
1019 1194
1019 1799
1019 1919
1019 1929
1020 1126
1020 1496
1020 1561
1020 1865
1021 1456
1021 1517
1021 1536
1021 1891
1021 1940
1022 1456
1022 1500
1022 1983
1023 1027
1023 1341
1023 1415
1023 1466
1023 1949
1024 1470
1024 1667
1024 1851
1025 1097
1025 1141
1025 1182
1025 1482
1025 1850
1026 1106
1026 1112
1026 1141
1026 1221
1026 1339
1026 1435
1027 1283
1027 1348
1027 1390
1027 1451
1027 1495
1027 1658
1027 1671
1027 1676
1027 1712
1027 1757
1027 1870
1028 1454
1028 1566
1028 1596
1029 1176
1029 1604
1029 1647
1029 1798
1030 1311
1030 1342
1030 1511
1030 1669
1030 1698
1030 1780
1030 1781
1030 1893
1031 1190
1031 1256
1031 1257
1031 1297
1031 1577
1031 1778
1031 1796
1031 1829
1031 1903
1032 1717
1032 1771
1033 1313
1033 1510
1034 1201
1034 1295
1034 1548
1034 1586
1034 1663
1034 1692
1034 1715
1034 1906
1034 1935
1034 1958
1035 1167
1035 1640
1035 1689
1035 1767
1035 1845
1036 1109
1036 1163
1036 1423
1036 1778
1036 1844
1037 1046
1037 1222
1037 1544
1037 1557
1037 1706
1037 1791
1037 1860
1037 1867
1038 1040
1038 1341
1038 1359
1039 1050
1039 1287
1039 1767
1040 1159
1040 1330
1040 1364
1040 1748
1040 1979
1041 1270
1041 1675
1041 1934
1042 1134
1042 1149
1042 1770
1042 1967
1043 1097
1043 1105
1043 1411
1043 1608
1043 1634
1043 1967
1044 1220
1044 1363
1044 1534
1044 1867
1045 1094
1045 1552
1045 1656
1045 1672
1046 1303
1046 1431
1046 1557
1046 1562
1046 1706
1046 1727
1046 1900
1047 1425
1047 1447
1047 1747
1047 1820
1048 1527
1048 1644
1048 1846
1048 1928
1049 1328
1049 1369
1049 1452
1049 1519
1049 1717
1050 1143
1050 1400
1050 1489
1051 1170
1051 1498
1051 1813
1051 1873
1051 1910
1051 1967
1052 1124
1052 1129
1052 1866
1052 1986
1053 1253
1053 1319
1053 1334
1053 1369
1053 1586
1053 1887
1053 1948
1054 1085
1054 1253
1054 1490
1054 1574
1054 1587
1054 1703
1054 1914
1055 1072
1055 1081
1055 1119
1055 1438
1055 1653
1055 1740
1055 1885
1056 1359
1056 1485
1056 1649
1056 1719
1057 1134
1057 1737
1058 1544
1058 1562
1058 1707
1059 1312
1059 1723
1059 1733
1059 1893
1059 1953
1060 1083
1060 1091
1060 1177
1060 1463
1060 1844
1060 1984
1061 1308
1061 1709
1061 1977
1062 1894
1062 1936
1062 1969
1063 1372
1063 1447
1063 1818
1063 1975
1064 1194
1064 1380
1064 1629
1064 1682
1064 1729
1065 1161
1065 1316
1065 1569
1066 1183
1066 1238
1066 1302
1066 1576
1067 1082
1067 1324
1067 1407
1067 1446
1067 1670
1068 1075
1068 1081
1068 1605
1068 1682
1068 1828
1068 1946
1069 1400
1069 1520
1069 1694
1069 1941
1069 1969
1070 1288
1070 1310
1070 1706
1070 1775
1071 1362
1071 1649
1071 1908
1072 1477
1072 1774
1073 1143
1073 1372
1073 1425
1073 1635
1073 1768
1073 1769
1074 1274
1074 1507
1074 1611
1074 1664
1075 1303
1075 1844
1076 1301
1076 1350
1076 1479
1076 1572
1076 1818
1077 1247
1077 1379
1077 1472
1077 1533
1077 1546
1077 1873
1077 1965
1078 1328
1078 1466
1078 1474
1078 1696
1078 1719
1079 1267
1079 1323
1079 1745
1079 1840
1079 1944
1080 1273
1080 1454
1080 1963
1081 1264
1081 1331
1081 1610
1082 1732
1083 1460
1083 1681
1083 1858
1083 1958
1083 1968
1084 1519
1084 1608
1084 1637
1084 1816
1084 1861
1084 1915
1084 1985
1085 1838
1086 1454
1086 1952
1087 1263
1087 1415
1087 1758
1087 1807
1087 1817
1087 1943
1088 1272
1088 1515
1088 1658
1088 1739
1089 1361
1089 1597
1090 1123
1090 1280
1090 1301
1090 1713
1090 1840
1091 1197
1091 1447
1091 1476
1091 1574
1091 1580
1091 1804
1091 1811
1091 1893
1092 1170
1092 1308
1092 1467
1092 1589
1093 1154
1093 1518
1093 1638
1093 1645
1093 1690
1093 1752
1094 1223
1094 1243
1094 1264
1094 1445
1094 1911
1095 1373
1095 1609
1096 1109
1096 1459
1096 1821
1096 1840
1097 1425
1098 1180
1098 1185
1098 1534
1098 1958
1099 1515
1099 1586
1099 1681
1099 1702
1099 1920
1100 1108
1100 1477
1100 1481
1100 1715
1100 1828
1100 1857
1101 1299
1101 1351
1101 1382
1101 1531
1101 1837
1101 1841
1102 1218
1102 1292
1102 1326
1102 1386
1102 1508
1102 1657
1102 1683
1103 1616
1103 1677
1104 1116
1104 1693
1104 1983
1105 1302
1105 1412
1105 1460
1105 1690
1105 1781
1105 1987
1106 1568
1106 1951
1107 1150
1107 1451
1107 1761
1108 1937
1109 1211
1109 1359
1109 1519
1109 1591
1109 1823
1109 1868
1109 1878
1110 1125
1110 1456
1110 1519
1110 1650
1110 1653
1110 1699
1110 1954
1110 1981
1111 1117
1111 1215
1111 1626
1112 1258
1112 1314
1112 1428
1112 1446
1112 1468
1112 1561
1112 1868
1113 1141
1113 1579
1113 1688
1113 1720
1114 1214
1114 1355
1114 1383
1114 1391
1114 1439
1114 1449
1114 1572
1114 1672
1114 1871
1114 1946
1114 1948
1115 1123
1115 1150
1115 1247
1115 1652
1115 1670
1116 1775
1116 1778
1117 1163
1117 1318
1117 1690
1117 1919
1117 1957
1118 1133
1118 1240
1118 1255
1118 1413
1118 1507
1118 1670
1118 1688
1119 1157
1119 1256
1119 1563
1119 1701
1119 1713
1119 1724
1120 1161
1120 1226
1120 1694
1120 1784
1120 1843
1120 1900
1121 1163
1121 1415
1121 1416
1121 1591
1121 1704
1121 1801
1121 1862
1121 1913
1121 1955
1122 1293
1122 1886
1123 1207
1123 1216
1123 1341
1123 1387
1124 1602
1125 1288
1125 1325
1126 1450
1126 1606
1126 1697
1127 1226
1127 1726
1128 1142
1128 1298
1128 1438
1128 1502
1128 1594
1128 1907
1128 1953
1129 1204
1129 1574
1129 1998
1130 1514
1130 1675
1130 1766
1130 1865
1130 1904
1130 1968
1131 1217
1131 1369
1131 1656
1131 1809
1132 1292
1132 1499
1132 1604
1132 1793
1132 1806
1132 1870
1133 1377
1133 1454
1134 1159
1134 1405
1134 1554
1134 1627
1134 1874
1134 1958
1135 1207
1135 1952
1136 1256
1136 1413
1136 1474
1136 1900
1137 1249
1137 1260
1137 1542
1137 1619
1137 1952
1138 1754
1138 1821
1139 1238
1139 1827
1140 1251
1141 1448
1141 1561
1141 1943
1142 1188
1142 1335
1142 1392
1142 1401
1142 1551
1143 1482
1143 1489
1143 1686
1143 1845
1143 1945
1144 1338
1144 1517
1144 1680
1145 1618
1146 1496
1146 1759
1146 1986
1147 1248
1147 1345
1147 1388
1147 1792
1148 1158
1148 1564
1148 1582
1149 1382
1149 1401
1149 1497
1149 1520
1149 1645
1149 1736
1150 1483
1150 1916
1151 1375
1151 1702
1151 1708
1152 1444
1152 1702
1152 1824
1152 1934
1152 1970
1153 1428
1153 1433
1153 1574
1153 1825
1154 1223
1154 1304
1154 1647
1154 1881
1154 2000
1155 1247
1155 1510
1155 1907
1156 1208
1156 1454
1156 1617
1156 1752
1156 1783
1156 1804
1156 1920
1156 1965
1157 1375
1157 1585
1157 1609
1157 1938
1158 1603
1159 1472
1159 1793
1159 1918
1160 1360
1160 1361
1160 1569
1161 1224
1161 1441
1161 1853
1161 1952
1162 1312
1162 1494
1162 1592
1163 1516
1163 1620
1164 1786
1164 1863
1165 1193
1165 1362
1165 1384
1165 1839
1165 1966
1166 1398
1166 1547
1166 1726
1167 1345
1167 1350
1167 1605
1167 1606
1167 1637
1168 1583
1168 1993
1169 1298
1169 1364
1169 1658
1169 1772
1170 1368
1170 1374
1170 1455
1170 1657
1170 1870
1170 1885
1171 1174
1171 1490
1171 1774
1172 1335
1172 1396
1172 1450
1172 1511
1172 1801
1172 1957
1173 1555
1173 1760
1173 1941
1173 1945
1174 1610
1174 1625
1175 1235
1175 1637
1175 1718
1175 1861
1176 1341
1176 1501
1176 1634
1176 1943
1176 1960
1177 1237
1177 1255
1177 1559
1177 1856
1178 1311
1179 1361
1179 1547
1180 1736
1180 1857
1180 1997
1181 1364
1181 1390
1181 1438
1181 1598
1181 1691
1181 1925
1181 1943
1182 1400
1182 1597
1182 1828
1182 1975
1183 1417
1184 1225
1184 1392
1184 1464
1184 1666
1184 1829
1185 1209
1185 1287
1185 1472
1185 1512
1185 1716
1186 1696
1186 1710
1186 1949
1187 1551
1187 1717
1187 1719
1188 1346
1188 1648
1188 1692
1188 1833
1188 1891
1189 1418
1189 1759
1189 1850
1190 1275
1190 1404
1190 1526
1190 1693
1190 1796
1190 1917
1191 1214
1191 1362
1192 1199
1192 1313
1192 1551
1192 1750
1192 1967
1193 1496
1193 1684
1194 1209
1194 1335
1194 1419
1194 1450
1194 1954
1195 1398
1195 1485
1195 1546
1196 1287
1196 1836
1197 1268
1197 1370
1197 1583
1197 1651
1197 1823
1198 1279
1198 1340
1198 1649
1198 1713
1199 1311
1199 1724
1199 1899
1200 1380
1200 1414
1200 1541
1200 1740
1200 1856
1201 1470
1201 1590
1201 1638
1201 1952
1202 1240
1202 1309
1202 1536
1202 1619
1202 1884
1203 1217
1203 1267
1203 1361
1203 1614
1203 1706
1203 1915
1204 1298
1204 1319
1204 1600
1204 1802
1204 1813
1204 1870
1205 1381
1205 1536
1205 1542
1205 1795
1206 1538
1206 1601
1207 1559
1207 1733
1207 1998
1208 1616
1208 1832
1208 1885
1208 1957
1208 1980
1209 1250
1209 1331
1209 1617
1209 1673
1209 1815
1209 1843
1210 1893
1211 1265
1211 1311
1211 1315
1211 1777
1212 1406
1212 1481
1212 1563
1212 1785
1213 1313
1213 1367
1213 1394
1214 1265
1214 1341
1214 1794
1214 1809
1215 1500
1215 1652
1216 1338
1216 1359
1216 1667
1216 1878
1216 1958
1216 1968
1217 1544
1217 1597
1217 1788
1217 1953
1218 1750
1219 1833
1219 1958
1220 1313
1220 1489
1220 1517
1220 1965
1221 1259
1221 1299
1221 1510
1222 1380
1222 1485
1222 1523
1222 1602
1222 1707
1222 1831
1223 1295
1223 1644
1223 1941
1224 1402
1224 1730
1224 1807
1224 1892
1225 1265
1225 1374
1225 1577
1225 1616
1225 1639
1225 1901
1226 1517
1226 1724
1227 1371
1227 1423
1227 1508
1227 1545
1227 1667
1227 1765
1228 1330
1228 1401
1228 1472
1229 1482
1230 1282
1230 1710
1230 1778
1230 1840
1231 1247
1231 1366
1231 1424
1231 1709
1231 1859
1231 1965
1231 1976
1231 1989
1231 1993
1232 1268
1232 1530
1232 1627
1232 1755
1233 1704
1233 1755
1234 1258
1234 1563
1234 1727
1234 1981
1235 1247
1235 1274
1235 1352
1235 1505
1235 1629
1235 1653
1235 1716
1235 1926
1236 1464
1236 1537
1236 1725
1237 1274
1237 1297
1237 1704
1237 1855
1237 1976
1238 1244
1238 1257
1238 1714
1239 1277
1239 1361
1239 1498
1239 1682
1239 1863
1239 1971
1241 1485
1241 1634
1242 1443
1242 1836
1242 1847
1243 1262
1243 1631
1243 1674
1243 1867
1244 1368
1244 1413
1244 1508
1244 1617
1244 1644
1244 1806
1245 1580
1246 1253
1246 1714
1246 1761
1246 1823
1246 1976
1247 1259
1247 1370
1247 1853
1248 1336
1248 1378
1248 1438
1248 1861
1248 1926
1248 1952
1248 1953
1249 1351
1249 1359
1249 1461
1249 1761
1249 1797
1249 1911
1250 1840
1251 1451
1251 1613
1251 1821
1251 1992
1252 1378
1252 1398
1252 1798
1253 1577
1253 1611
1253 1653
1253 1895
1253 1964
1254 1647
1254 1732
1254 1858
1255 1427
1255 1827
1255 1899
1255 1941
1256 1655
1256 1992
1257 1519
1257 1631
1257 1750
1258 1279
1258 1448
1258 1701
1258 1825
1258 1901
1259 1293
1259 1634
1259 1675
1259 1730
1259 1832
1259 1847
1259 1927
1260 1289
1260 1355
1260 1381
1260 1503
1260 1522
1260 1644
1260 1722
1260 1729
1260 1907
1261 1365
1261 1660
1261 1825
1261 1874
1262 1810
1263 1322
1263 1356
1263 1437
1263 1517
1264 1835
1264 1877
1265 1313
1265 1576
1265 1987
1266 1283
1266 1495
1266 1525
1266 1654
1266 1774
1266 1840
1267 1302
1267 1504
1267 1699
1267 1735
1267 1790
1268 1598
1268 1706
1268 1827
1269 1568
1269 1765
1270 1491
1271 1296
1271 1431
1271 1465
1271 1671
1272 1489
1272 1496
1272 1674
1272 1790
1273 1493
1273 1741
1273 1770
1274 1379
1274 1635
1274 1880
1275 1360
1275 1437
1275 1477
1275 1541
1275 1694
1276 1527
1276 1820
1276 1870
1277 1413
1277 1553
1277 1609
1277 1635
1278 1450
1278 1482
1278 1613
1278 1781
1278 1813
1278 1938
1279 1410
1279 1810
1280 1386
1280 1502
1280 1632
1280 1669
1280 1765
1281 1607
1281 1890
1281 1928
1282 1996
1283 1480
1283 1759
1283 1917
1284 1290
1284 1445
1284 1470
1284 1691
1284 1752
1285 1422
1285 1608
1285 1789
1286 1645
1286 1686
1287 1418
1287 1543
1287 1694
1287 1738
1287 1825
1288 1346
1288 1401
1288 1775
1288 1982
1290 1333
1290 1446
1290 1538
1291 1464
1291 1662
1291 1735
1291 1846
1291 1897
1292 1486
1292 1642
1292 1697
1292 1776
1293 1581
1293 1609
1293 1724
1293 1766
1293 1892
1293 1957
1294 1333
1294 1770
1294 1838
1294 1942
1294 1995
1295 1543
1295 1559
1295 1604
1295 1621
1295 1739
1295 1818
1295 1906
1295 1938
1295 1940
1295 1942
1296 1756
1297 1449
1297 1626
1297 1847
1297 1918
1298 1524
1298 1725
1298 1841
1299 1508
1299 1673
1299 1675
1299 1704
1299 1751
1299 1912
1299 1920
1301 1509
1301 1867
1301 1916
1302 1650
1302 1744
1302 1806
1304 1416
1304 1493
1304 1758
1304 1844
1305 1366
1305 1428
1305 1677
1306 1485
1306 1829
1306 1873
1306 1972
1307 1427
1307 1481
1307 1614
1307 1754
1307 1954
1308 1566
1308 1687
1309 1326
1309 1379
1309 1932
1310 1438
1310 1843
1310 1955
1311 1418
1311 1739
1312 1640
1312 1775
1312 1929
1313 1363
1313 1732
1313 1921
1314 1409
1314 1418
1314 1684
1314 1755
1314 1768
1314 1933
1314 2000
1315 1617
1315 1653
1315 1749
1315 1778
1315 1799
1315 1869
1315 1955
1316 1359
1316 1385
1316 1593
1316 1626
1316 1822
1317 1380
1317 1399
1317 1551
1317 1695
1319 1445
1319 1593
1320 1491
1320 1525
1320 1705
1320 1899
1321 1433
1321 1827
1322 1392
1322 1519
1322 1533
1322 1661
1323 1665
1323 1685
1324 1433
1324 1922
1325 1886
1325 1903
1326 1716
1326 1725
1326 1925
1327 1456
1327 1856
1327 1875
1328 1366
1328 1494
1328 1561
1328 1794
1329 1435
1329 1475
1329 1527
1329 1849
1330 1719
1330 1730
1330 1776
1331 1487
1331 1575
1331 1999
1332 1546
1332 1845
1332 1898
1333 1687
1333 1826
1333 1858
1333 1890
1334 1436
1334 1542
1335 1352
1335 1446
1336 1448
1336 1468
1336 1515
1336 1605
1336 1681
1336 1741
1338 1456
1338 1488
1338 1525
1339 1461
1339 1687
1339 1801
1339 1840
1339 1882
1340 1548
1340 1666
1341 1706
1341 1812
1341 1817
1341 1818
1341 1920
1341 1934
1342 1411
1342 1623
1343 1483
1343 1520
1343 1723
1343 1735
1343 1806
1343 1941
1343 1970
1343 1986
1344 1438
1344 1799
1344 1865
1345 1415
1345 1449
1345 1476
1345 1498
1345 1919
1346 1713
1347 1889
1348 1902
1348 1931
1348 1961
1349 1660
1349 1898
1350 1407
1350 1709
1351 1387
1351 1426
1351 1567
1351 1784
1351 1829
1351 1845
1351 1934
1352 1652
1352 1810
1353 1393
1353 1415
1353 1560
1353 1673
1353 1749
1354 1374
1354 1653
1354 1763
1354 1769
1354 1780
1355 1633
1355 1844
1356 1441
1356 1729
1357 1390
1357 1488
1357 1516
1357 1924
1357 1984
1357 1998
1358 1975
1358 2000
1360 1554
1360 1739
1360 1854
1361 1615
1363 1592
1363 1652
1363 1732
1364 1365
1364 1707
1365 1469
1365 1632
1365 1691
1365 1800
1366 1579
1366 1745
1366 1840
1366 1912
1366 1934
1366 1950
1367 1657
1367 1690
1367 1770
1367 1847
1368 1631
1368 1676
1368 1704
1368 1923
1370 1673
1370 1885
1372 1463
1372 1469
1372 1476
1372 1581
1372 1782
1373 1498
1373 1651
1373 1951
1373 1968
1374 1380
1374 1604
1374 1734
1375 1458
1375 1775
1375 1831
1376 1822
1376 1846
1377 1439
1377 1698
1377 1722
1377 1748
1377 1964
1378 1888
1378 1953
1379 1819
1380 1505
1380 1554
1380 1603
1380 1713
1381 1533
1381 1590
1381 1667
1381 1756
1381 1759
1381 1942
1382 1455
1382 1994
1383 1922
1384 1629
1385 1565
1385 1624
1385 1635
1385 1793
1385 1849
1386 1559
1386 1848
1388 1581
1388 1584
1388 1823
1388 1943
1389 1432
1389 1761
1389 1967
1390 1840
1390 1875
1390 1939
1391 1547
1391 1630
1391 1703
1391 1827
1392 1504
1392 1758
1393 1470
1393 1591
1393 1822
1395 1443
1395 1546
1395 1700
1395 1728
1396 1398
1397 1974
1398 1530
1398 1638
1398 1671
1398 1917
1400 1748
1400 1834
1400 1996
1401 1964
1402 1477
1402 1582
1403 1587
1403 1743
1403 1904
1404 1432
1404 1640
1405 1672
1405 1747
1405 1937
1406 1584
1406 1696
1406 1913
1406 1977
1407 1824
1408 1974
1409 1482
1409 1504
1409 1641
1409 1841
1410 1622
1410 1785
1410 1805
1411 1518
1411 1707
1411 1806
1411 1841
1411 1920
1412 1991
1413 1810
1414 1602
1414 1633
1414 1705
1415 1424
1416 1515
1416 1706
1416 1916
1417 1426
1417 1577
1417 1627
1417 1636
1417 1652
1417 1667
1418 1604
1420 1641
1420 1692
1421 1558
1421 1588
1421 1599
1421 1648
1422 1516
1422 1558
1422 1739
1422 1776
1422 1824
1423 1477
1423 1571
1424 1639
1424 1708
1425 1540
1426 1488
1426 1528
1426 1552
1426 1687
1426 1922
1426 1989
1427 1737
1427 1794
1427 1895
1427 1913
1428 1450
1428 1535
1428 1574
1428 1975
1429 1528
1429 1975
1430 1803
1430 1948
1430 1994
1431 1625
1431 1810
1431 1840
1431 1923
1432 1860
1432 1937
1432 1976
1433 1552
1433 1613
1433 1898
1434 1484
1434 1619
1434 1839
1434 1927
1435 1483
1435 1511
1435 1524
1435 1791
1435 1879
1435 1944
1435 1975
1436 1835
1436 1842
1436 1911
1437 1522
1437 1791
1437 1912
1437 1930
1437 1977
1438 1711
1439 1715
1440 1749
1441 1527
1441 1862
1442 1729
1442 1911
1443 1466
1443 1640
1443 1721
1443 1801
1443 1992
1443 1996
1444 1619
1444 1700
1445 1737
1445 1902
1446 1766
1446 1798
1446 1954
1447 1479
1447 1640
1447 1828
1447 1837
1447 1896
1448 1955
1449 1600
1449 1691
1449 1851
1449 1882
1449 1923
1449 1928
1450 1501
1450 1534
1450 1849
1451 1506
1451 1515
1451 1935
1452 1484
1452 1705
1452 1849
1452 1877
1453 1477
1453 1516
1453 1777
1453 1940
1454 1655
1454 1827
1454 1852
1454 1914
1455 1610
1455 1631
1455 1934
1457 1755
1458 1619
1458 1682
1459 1767
1459 1796
1460 1571
1460 1629
1460 1891
1460 1949
1461 1663
1461 1750
1461 1825
1462 1585
1462 1781
1463 1507
1463 1819
1463 1958
1464 1580
1464 1606
1464 1639
1465 1829
1465 1849
1466 1718
1466 1754
1467 1755
1467 1913
1468 1470
1469 1721
1471 1498
1471 1607
1471 1625
1471 1797
1472 1548
1472 1676
1472 1871
1473 1475
1473 1657
1474 1670
1474 1842
1474 1849
1474 1930
1475 1612
1475 1640
1475 1771
1475 1794
1475 1814
1475 1821
1475 1986
1477 1674
1477 1751
1477 1899
1477 1967
1478 1564
1479 1496
1479 1585
1479 1668
1480 1497
1480 1687
1481 1575
1481 1578
1482 1494
1482 1501
1482 1511
1482 1573
1482 1898
1483 1630
1483 1761
1484 1660
1484 1793
1484 1812
1484 1892
1484 1902
1485 1643
1486 1675
1486 1878
1487 1768
1487 1772
1487 1797
1487 1822
1487 1878
1488 1623
1488 1706
1488 1815
1489 1510
1489 1572
1490 1586
1491 1650
1491 1830
1491 1915
1492 1587
1492 1797
1492 1972
1492 1986
1493 1544
1493 1793
1493 1873
1494 1593
1494 1648
1494 1843
1494 1866
1495 1598
1495 1646
1495 1698
1495 1714
1496 1780
1496 1990
1497 1640
1497 1831
1497 1841
1497 1879
1497 1900
1498 1628
1499 1605
1499 1815
1500 1557
1501 1600
1501 1767
1502 1505
1502 1770
1503 1699
1503 1746
1504 1806
1504 1876
1505 1722
1505 1795
1506 1538
1506 1604
1506 1638
1506 1816
1507 1551
1507 1659
1508 1698
1508 1790
1508 1890
1508 1948
1508 1987
1511 1538
1512 1684
1512 1716
1512 1779
1512 1968
1512 2000
1513 1523
1513 1624
1513 1698
1513 1780
1514 1553
1515 1582
1515 1749
1515 1828
1516 1808
1517 1657
1518 1529
1518 1692
1518 1933
1518 1989
1519 1743
1522 1627
1523 1752
1523 1977
1524 1569
1524 1615
1524 1719
1524 1848
1524 1893
1524 1951
1526 1539
1526 1580
1527 1559
1527 1722
1527 1869
1527 1980
1527 1984
1528 1760
1528 1856
1529 1873
1531 1715
1531 1744
1531 1814
1531 1908
1531 1916
1531 1917
1532 1601
1532 1766
1534 1543
1534 1868
1535 2000
1536 1629
1536 1672
1536 1752
1536 1818
1537 1572
1537 1956
1538 1541
1538 1746
1539 1617
1539 1746
1539 1751
1539 1771
1539 1871
1541 1619
1541 1831
1541 1947
1542 1843
1542 1897
1542 1912
1543 1573
1544 1722
1544 1922
1544 1990
1545 1570
1545 1607
1545 1840
1546 1581
1546 1792
1546 1863
1547 1610
1547 1926
1547 1988
1548 1670
1548 1904
1548 1937
1548 1966
1549 1767
1550 1938
1550 1967
1552 1814
1552 1961
1554 1903
1556 1573
1556 1950
1557 1753
1557 1869
1557 1883
1557 1891
1557 1948
1558 1668
1558 1722
1558 1979
1558 1994
1559 1717
1559 1743
1559 1838
1559 1840
1559 1995
1560 1667
1560 1926
1562 1706
1562 1816
1562 1893
1563 1680
1563 1889
1563 1899
1564 1656
1564 1740
1564 1806
1564 1917
1565 1858
1565 1880
1565 1899
1565 1926
1565 1977
1566 1761
1566 1795
1566 1877
1566 1914
1567 1681
1568 1920
1569 1674
1569 1919
1570 1625
1570 1971
1571 1698
1571 1706
1571 1707
1571 1833
1573 1677
1573 1680
1573 1811
1573 1842
1573 1990
1574 1791
1574 1860
1575 1631
1575 1849
1575 1930
1575 1984
1575 1987
1577 1674
1578 1968
1579 1692
1579 1858
1579 1899
1580 1661
1581 1745
1581 1757
1581 1847
1582 1641
1582 1765
1583 1817
1583 1940
1583 1988
1584 1625
1584 1733
1586 1646
1586 1740
1586 1853
1587 1836
1588 1762
1589 1889
1589 1893
1590 1812
1591 1900
1591 1978
1593 1646
1593 1836
1593 1888
1593 1896
1594 1750
1595 1749
1596 1635
1597 1671
1597 1673
1597 1739
1597 1758
1597 1766
1597 1878
1597 1931
1598 1754
1598 1878
1600 1856
1601 1641
1601 1693
1601 1827
1601 1955
1601 1963
1602 1604
1602 1639
1603 1710
1605 1827
1606 1734
1607 1732
1607 1919
1608 1676
1608 1717
1608 1789
1608 1883
1609 1873
1609 1978
1610 1768
1610 1807
1610 1979
1611 1820
1612 1754
1612 1793
1614 1754
1614 1799
1614 1825
1615 1961
1616 1672
1616 1859
1616 1996
1617 1672
1618 1639
1619 1704
1619 1933
1620 1714
1621 1867
1624 1656
1624 1834
1624 1944
1625 1816
1625 1844
1625 1919
1627 1961
1629 1925
1631 1712
1631 1924
1632 1784
1632 1817
1632 1835
1633 1784
1633 1806
1633 1864
1634 1688
1634 1720
1634 1744
1635 1940
1635 1966
1636 1817
1638 1718
1639 1761
1639 1766
1639 1802
1639 1907
1640 1796
1640 1906
1641 1713
1641 1953
1642 1673
1642 1905
1643 1794
1643 1915
1644 1648
1644 1794
1644 1961
1646 1729
1646 1894
1646 1955
1648 1738
1648 1924
1650 1682
1650 1809
1650 1860
1651 1811
1652 1681
1652 1892
1653 1905
1653 1967
1653 1989
1654 1779
1654 1885
1654 1916
1655 1700
1657 1782
1657 1859
1658 1805
1658 1967
1662 1972
1663 1995
1665 1676
1665 1812
1665 1882
1666 1693
1667 1781
1669 1733
1669 1951
1670 1893
1671 1795
1671 1892
1671 1996
1672 1950
1673 1746
1673 1814
1674 1822
1674 1992
1675 1767
1676 1722
1676 1829
1677 1837
1677 1845
1677 1964
1679 1754
1679 1929
1680 1780
1680 1987
1681 1724
1681 1876
1681 1929
1682 1889
1683 1745
1683 1952
1684 1747
1685 1810
1685 1894
1685 1903
1686 1689
1688 1820
1688 1908
1692 1873
1692 1913
1693 1793
1693 1842
1693 1960
1694 1733
1694 1753
1695 1791
1695 1964
1697 1762
1697 1795
1699 1728
1699 1756
1699 1942
1699 1960
1700 1703
1700 1732
1701 1765
1702 1870
1703 1853
1703 1866
1703 1883
1703 1946
1704 1862
1705 1733
1705 1827
1707 1899
1708 1744
1708 1850
1709 1735
1709 1865
1709 1874
1710 1729
1710 1793
1710 1874
1711 1767
1712 1854
1712 1863
1712 1870
1713 1749
1713 1959
1714 1752
1714 1776
1714 1868
1714 1907
1715 1754
1715 1838
1715 1959
1717 1785
1717 1904
1718 1895
1718 1970
1719 1810
1719 1977
1720 1970
1721 1773
1721 1813
1722 1833
1724 1803
1724 1906
1724 1938
1724 1958
1725 1744
1725 1821
1726 1733
1727 1770
1727 1840
1727 1971
1728 1735
1728 1952
1731 1924
1731 1979
1732 1827
1733 1879
1734 1873
1735 1808
1736 1763
1736 1814
1736 1876
1736 1883
1736 1917
1737 1786
1740 1872
1742 1764
1747 1795
1747 1798
1748 1849
1748 1882
1748 1894
1749 1980
1750 1982
1751 1931
1753 1868
1754 1866
1754 1941
1755 1763
1755 1916
1758 1830
1759 1841
1760 1770
1762 1827
1766 1914
1766 1969
1767 1906
1768 1923
1770 1867
1771 1802
1771 1814
1771 1977
1772 1950
1772 1990
1773 1995
1774 1820
1775 1878
1776 1813
1776 1875
1777 1849
1777 1927
1779 1806
1784 1991
1786 1796
1787 1802
1787 1822
1794 1889
1795 1936
1798 1969
1799 1805
1805 1916
1806 1947
1807 1915
1807 1953
1807 1966
1809 1833
1811 1846
1815 1975
1816 1911
1817 1913
1818 1930
1819 1960
1821 1935
1821 1947
1825 1863
1825 1973
1828 1913
1836 1912
1837 1995
1838 1958
1838 1985
1839 1872
1839 1932
1841 1961
1842 1913
1845 1848
1847 1936
1848 1920
1849 1894
1850 1989
1854 1922
1855 1957
1857 1912
1858 1916
1858 1979
1859 1975
1860 1906
1860 1932
1864 1910
1864 1966
1866 1976
1867 1911
1872 1950
1874 1893
1875 1961
1875 1983
1877 1973
1878 1976
1880 1953
1882 1904
1882 1990
1887 1953
1887 1975
1888 1903
1888 1949
1889 1968
1892 1942
1892 1943
1894 1927
1894 1998
1895 1987
1897 1999
1898 1908
1902 1988
1906 1953
1907 1995
1910 1940
1911 1978
1917 1936
1926 1947
1928 1946
1928 1994
1932 1936
1936 1953
1940 1954
1941 1963
1945 1947
1947 1948
1947 1968
1958 1973
1959 1972
1970 1979
1975 1982
1981 2000