2000
1 1117
2 1198
3 59
3 1079
4 1968
5 312
5 368
5 407
5 475
5 643
5 1230
5 1815
6 1783
7 803
8 993
8 1063
8 1935
9 87
9 1114
10 710
10 1819
11 1417
11 1697
11 1727
13 1150
13 1444
14 1293
14 1758
14 1980
15 609
15 1728
16 521
16 862
16 1019
17 584
17 1269
17 1628
18 822
19 707
19 1218
20 719
20 1813
20 1981
21 675
21 1204
21 1433
22 1091
23 1241
23 1287
23 1386
23 1837
23 1969
24 1130
25 231
25 953
25 1805
26 633
26 887
27 200
27 796
27 959
28 351
28 1161
28 1995
29 621
29 1658
30 32
30 120
30 481
30 1656
31 482
31 507
32 1311
33 143
33 350
33 1434
34 137
34 947
35 1954
36 781
36 1427
36 1732
37 99
37 548
37 781
37 1500
38 168
38 1088
38 1474
39 517
39 1084
40 64
40 889
40 894
40 902
41 267
41 333
41 338
41 609
41 924
41 1806
42 873
42 1693
44 266
44 893
44 1164
45 105
45 1355
45 1589
46 926
46 1864
47 230
47 381
47 1149
47 1408
47 1466
47 1934
48 625
48 1945
48 1990
50 93
50 1356
50 1819
51 203
52 648
52 765
52 1533
53 327
53 682
55 281
55 598
55 1058
55 1061
55 1101
56 278
56 656
56 1028
56 1235
58 158
58 1161
58 1271
58 1658
58 1775
59 446
59 713
60 714
61 1068
61 1599
61 1999
62 769
62 939
63 1201
64 722
64 1022
64 1094
64 1784
65 468
66 209
66 1221
67 243
67 589
67 1717
67 1882
68 1454
69 1324
69 1863
70 1883
70 1960
71 880
72 115
72 791
73 679
73 1103
73 1429
73 1774
74 99
74 1403
74 1755
75 1411
76 251
76 1272
77 1098
78 169
78 1138
79 984
79 1266
80 690
80 1912
82 1445
82 1719
83 775
83 1105
83 1489
83 1564
84 1276
85 545
85 1162
86 686
87 1403
87 1723
88 1046
88 1581
88 1760
88 1974
88 1998
89 1485
89 1838
90 898
92 872
92 1424
92 1916
93 413
93 1169
95 1011
96 305
96 444
96 505
96 1279
97 1337
97 1679
98 731
98 851
98 1603
99 107
99 172
99 1514
102 450
102 720
102 1011
103 1741
104 1322
104 1573
106 230
106 1749
106 1992
107 263
108 539
108 769
108 865
108 1012
108 1211
109 1178
109 1572
110 759
110 1566
111 1381
113 445
113 635
113 643
114 335
114 1245
115 784
115 1461
117 598
117 1406
117 1601
117 1960
118 477
118 1826
118 1891
118 1930
119 527
119 758
119 917
119 1542
120 300
120 1334
121 1335
122 1545
123 190
124 469
124 664
124 1123
124 1726
126 566
126 1647
126 1847
128 1776
128 1831
129 328
129 755
129 1258
130 643
130 1450
131 612
131 756
132 580
133 526
133 1004
135 555
135 1929
136 177
136 543
136 939
136 998
137 1247
137 1780
137 1931
138 574
138 1271
139 396
139 509
139 582
140 337
141 326
141 1580
141 1612
142 1683
143 526
143 1255
144 489
144 1709
145 665
146 1121
146 1444
147 774
147 1586
147 1740
147 1799
148 1619
148 1659
148 1735
148 1918
148 1954
148 1963
149 177
149 1289
150 1066
150 1222
150 1366
150 1511
151 527
151 584
151 602
151 749
151 913
152 1485
153 232
153 394
153 802
153 865
155 575
155 593
155 1237
155 1654
155 1757
155 1929
156 365
158 215
158 1252
159 1934
160 712
160 891
160 931
160 1617
161 957
161 1761
162 663
162 1101
162 1541
162 1941
163 710
163 1039
163 1086
163 1935
164 617
164 1366
164 1822
165 380
166 1518
166 1756
167 191
167 713
168 256
168 263
169 582
169 1392
169 1703
169 1708
170 630
170 944
170 981
171 677
172 1580
173 1551
174 1024
177 1440
177 1582
178 363
178 654
179 562
180 1122
182 1726
183 780
183 1365
184 700
184 1576
185 1604
185 1802
185 1999
186 1682
187 426
187 669
187 1161
188 552
188 1465
188 1874
189 596
189 766
190 342
191 306
191 1418
192 265
192 500
192 1771
192 1793
193 1532
193 1643
194 381
194 989
194 1089
195 1002
197 529
197 551
197 928
197 1366
197 1562
197 1611
197 1844
197 1975
198 1236
198 1262
198 1539
198 1702
199 1512
200 806
200 1485
200 1593
201 372
201 905
202 1169
203 1411
204 1180
205 868
206 1744
208 1396
210 223
211 734
211 1257
212 839
212 1469
212 1956
214 512
214 1081
214 1180
215 636
215 1275
216 707
217 1593
218 1664
218 1782
220 403
220 1385
220 1396
220 1779
221 343
221 1377
221 1978
222 1916
223 743
223 815
223 1017
223 1626
224 268
225 828
226 609
226 977
226 1065
226 1737
228 1004
230 1353
231 315
231 1157
231 1815
232 1079
232 1848
233 1071
234 242
234 1911
235 504
235 695
235 1153
235 1173
235 1489
235 1659
235 1695
236 304
236 713
236 1287
236 1704
238 755
239 1007
239 1414
239 1495
240 351
240 849
241 749
241 1200
241 1936
242 1114
242 1141
242 1225
243 776
243 820
243 1897
244 816
244 824
244 1568
244 1840
245 815
245 1855
246 1408
247 1878
248 1101
248 1138
248 1200
248 1550
250 1384
250 1453
250 1602
251 815
251 1852
252 1306
252 1315
253 433
253 896
253 1675
254 1112
255 632
255 1310
255 1526
256 1169
256 1821
256 1885
258 522
258 600
258 1262
258 1267
259 674
259 1730
259 1902
260 1887
261 1327
261 1444
261 1460
262 716
262 744
262 1451
263 679
263 1027
263 1235
264 373
264 811
265 666
265 1424
265 1762
267 493
267 1336
267 1543
267 1725
268 1573
268 1693
268 1948
269 976
270 602
271 1462
272 1778
272 1913
273 1510
273 1529
275 382
275 547
275 815
275 1249
276 437
276 781
276 1928
277 293
277 1640
278 534
278 1516
278 1710
279 1566
279 1634
280 858
280 922
280 1410
280 1720
280 1985
281 1698
282 1021
282 1239
282 1285
283 337
283 839
285 477
285 774
285 1544
285 1814
285 1822
287 1077
287 1247
287 1408
287 1820
288 653
288 885
288 1504
289 660
289 1131
289 1651
290 1250
290 1876
291 770
291 1515
292 658
292 686
292 958
292 1948
293 1024
294 380
294 1139
295 596
295 924
295 1529
295 1828
296 1970
298 743
298 901
298 1210
299 598
300 1508
300 1707
300 1894
300 1976
300 1996
301 992
302 1324
302 1989
303 1102
303 1218
303 1847
304 1062
304 1250
304 1500
306 348
306 370
306 441
307 435
307 800
307 1121
308 431
309 798
309 891
309 935
310 931
310 1395
310 1560
311 901
313 559
313 1400
313 1962
314 347
314 699
314 1361
316 981
316 1037
316 1383
317 326
317 1505
317 1668
319 484
319 919
319 1169
320 522
320 655
321 622
321 1584
322 343
322 1829
323 518
323 1125
324 617
324 1054
324 1607
325 1274
326 342
326 1068
327 370
328 477
328 1759
329 1328
330 1366
331 429
331 1047
331 1658
331 1799
331 1834
333 1815
334 1324
334 1433
334 1829
335 421
335 1497
336 441
336 662
336 684
337 1244
339 345
339 741
339 756
340 781
340 1617
340 1627
340 1751
340 1794
340 1823
341 368
341 454
341 633
342 595
342 1177
343 393
343 960
343 1838
344 1585
344 1980
345 1002
345 1447
345 1484
345 1856
346 1148
346 1202
347 1970
348 1537
348 1591
349 1725
349 1807
349 1849
350 1305
351 1711
352 756
352 1042
353 1328
354 876
355 998
355 1376
355 1425
356 1396
356 1575
357 447
358 1436
359 1241
362 1761
362 1877
363 458
363 1674
363 1977
365 1578
365 1836
366 679
366 960
366 1042
366 1108
367 372
368 456
370 1387
372 485
373 421
374 1529
374 1641
374 1759
375 715
375 1160
375 1172
375 1457
375 1784
376 729
376 1782
377 1058
377 1061
377 1463
379 497
379 519
379 687
382 808
382 1022
383 763
383 1385
384 818
385 1942
386 463
387 1633
387 1657
387 1901
388 1631
389 1376
390 1205
391 1142
393 828
393 1360
393 1724
393 1832
394 657
394 1082
394 1215
394 1785
395 484
396 1080
398 431
398 489
399 1983
400 643
400 1032
400 1531
400 1832
402 805
402 1010
402 1090
402 1276
402 1904
403 1909
404 930
404 1095
404 1627
405 890
405 1497
408 702
409 422
409 513
409 768
409 1041
410 470
411 1072
412 786
412 975
412 1471
412 1741
413 988
413 1848
413 1874
414 455
414 538
414 686
414 870
415 775
417 1854
419 562
419 675
419 1092
420 1266
420 1852
422 491
422 511
422 1137
422 1219
422 1715
423 1246
423 1671
424 1445
425 525
427 862
427 1609
428 1194
428 1579
430 1649
430 1687
431 470
431 508
431 680
431 698
431 709
432 1445
432 1500
432 1698
434 1799
435 1446
436 1172
437 1351
439 1049
439 1084
439 1986
440 1061
441 958
441 1205
442 688
442 1489
443 1684
444 1467
445 1291
446 805
446 806
446 1220
446 1450
448 600
448 615
448 934
448 979
448 1684
449 1442
450 1551
451 646
451 864
451 1232
451 1598
452 999
452 1052
452 1358
453 697
453 862
453 1377
454 681
454 877
455 1871
456 1183
457 1700
458 1656
458 1828
458 1988
459 1063
459 1305
460 1550
460 1645
461 738
461 1933
462 705
462 940
462 1593
463 1015
463 1182
463 1866
464 1748
465 1306
468 1955
469 1226
469 1681
471 554
471 820
471 1082
473 1901
474 828
475 689
475 1016
476 608
476 852
476 981
476 1245
479 490
479 1884
479 1976
480 795
480 1366
480 1414
481 1343
481 1564
481 1593
482 1173
484 1668
484 1809
484 1825
486 1571
487 1960
488 752
488 1073
488 1105
489 1517
490 1145
490 1783
490 1858
492 496
492 583
492 668
492 1173
492 1805
493 624
493 829
493 1077
493 1288
493 1778
495 606
495 1474
496 752
496 1288
497 1747
497 1925
498 731
499 1856
500 704
500 1726
501 567
501 1177
501 1856
502 930
503 647
503 785
503 1410
503 1877
503 1895
504 1816
506 694
506 743
506 811
506 1030
506 1222
506 1700
507 692
507 1878
508 761
508 1455
509 1400
509 1467
509 1892
510 628
512 569
512 1848
514 621
514 1896
516 1166
517 1357
518 1500
518 1994
519 636
520 758
521 1283
522 1652
523 1545
524 1519
525 936
525 1430
526 999
526 1443
526 1552
527 1138
527 1293
527 1745
529 1233
531 813
531 1443
531 1808
531 1864
532 1098
532 1568
534 1054
534 1393
538 932
538 1745
538 1924
539 1397
539 1400
541 704
541 800
541 988
541 1880
541 1972
542 1397
543 1171
543 1994
544 1300
545 546
547 780
547 1448
548 1329
548 1780
548 1875
549 1937
550 579
550 921
551 612
552 703
552 1017
552 1641
553 647
554 1819
554 1893
557 1441
559 1158
560 1863
560 1890
561 953
561 1095
562 1651
562 1690
563 1269
563 1446
563 1647
564 972
565 594
565 1823
565 1928
567 906
568 1937
569 710
569 1863
571 1671
571 1947
572 1207
573 1696
574 1004
574 1390
575 1527
575 1592
578 846
579 802
579 1166
581 1300
581 1878
582 1378
582 1581
582 1757
583 1319
583 1679
584 585
584 1885
587 1580
587 1770
588 672
588 1020
588 1488
589 664
589 697
589 1004
591 1133
591 1391
591 1815
592 988
594 822
594 879
595 1058
596 869
596 874
596 1253
597 881
597 1248
598 950
598 1337
599 1268
599 1277
599 1362
599 1652
601 1088
601 1243
601 1317
602 1430
602 1878
604 654
604 809
604 1946
605 806
605 939
605 1973
606 1676
607 1346
607 1557
607 1645
609 1180
609 1997
611 1003
612 1551
613 747
614 864
616 851
616 918
616 1904
617 1312
617 1405
618 813
618 1393
619 665
619 1910
619 1982
620 864
620 1282
620 1450
620 1954
621 1451
621 1719
622 818
622 942
623 1842
624 1108
625 1787
626 1516
627 1833
628 1601
629 1120
629 1862
630 1687
630 1999
631 1170
631 1361
631 1693
632 735
633 806
633 1834
635 1668
637 1500
637 1543
637 1624
637 1937
638 1479
640 770
640 1604
640 1632
640 1672
641 1457
641 1679
641 1782
641 1807
642 1272
643 661
644 1560
645 1299
645 1566
647 1170
647 1281
651 658
651 1189
652 1448
654 1632
655 932
655 1698
656 971
656 1304
658 1714
659 1240
659 1708
660 1921
661 1814
662 731
662 1062
662 1307
663 1400
666 1028
668 1223
668 1376
669 811
670 993
670 1218
670 1326
672 1076
672 1109
672 1275
672 1739
673 1634
675 1701
676 1324
677 892
677 1377
678 733
678 1315
678 1775
681 988
681 1500
682 819
682 1536
683 1967
686 1318
686 1378
687 1184
688 1832
689 739
689 1118
690 1754
691 1317
692 889
692 1166
692 1330
692 1564
692 1730
694 1292
695 1129
695 1794
695 1845
696 1854
698 872
698 986
699 1525
699 1831
700 1877
701 725
701 1205
701 1718
702 1598
703 831
703 836
703 1146
703 1930
704 1523
707 755
707 939
707 1260
707 1681
708 1633
709 1232
709 1893
710 1176
710 1437
710 1926
711 902
712 1716
714 976
716 1422
717 1902
718 1186
718 1404
720 1074
720 1815
721 1409
723 1457
724 841
724 1661
726 2000
728 1706
729 1093
730 866
730 967
732 841
732 1139
733 1587
735 1471
737 1228
738 846
739 810
739 1034
739 1702
740 1005
740 1358
741 1299
741 1799
742 1507
742 1769
742 1882
743 1026
744 1489
744 1561
744 1604
745 1070
746 1198
747 925
747 974
747 1342
748 1861
751 1075
751 1079
751 1378
751 1807
752 957
752 1361
752 1703
754 1358
757 822
757 988
757 1230
757 1541
759 1482
760 915
760 937
760 1289
760 1438
760 1866
763 1164
763 1477
764 811
766 1770
766 1928
768 1311
768 1621
769 1658
769 1709
771 943
772 1397
773 780
773 1130
773 1600
773 1796
774 1062
775 1027
775 1454
775 1491
775 1557
776 1313
776 1988
779 1998
780 1596
780 1668
781 848
784 1516
785 1133
785 1295
786 1547
786 1848
786 1989
787 1126
788 1537
788 1964
789 1215
789 1873
789 1911
790 841
790 1633
790 1875
791 1293
791 1718
792 1888
793 805
793 1778
794 1293
794 1542
796 979
796 1215
797 993
797 1237
797 1404
799 1364
799 1488
803 1142
803 1544
803 1788
803 1803
804 1601
805 1067
805 1607
806 1639
806 1651
807 1189
807 1499
807 1528
807 1798
807 1950
808 1347
809 1100
812 1027
812 1227
813 1038
814 1272
814 1632
814 1995
815 971
815 985
815 1739
816 1629
816 1661
817 1004
820 1190
821 1253
821 1672
822 1880
823 1584
823 1818
823 1846
824 1137
824 1525
825 1239
828 1929
830 1796
830 1955
832 1363
833 913
834 1030
834 1074
834 1441
835 1439
835 1844
837 983
837 1451
838 1738
839 1312
840 1857
841 884
841 887
841 1398
842 1694
843 1040
843 1240
843 1811
845 1524
845 1985
846 1400
847 934
848 988
849 942
849 1413
850 1411
852 1217
852 1504
852 1519
852 1861
853 957
853 1834
854 1611
855 1061
856 1061
856 1285
856 1295
857 982
857 1235
857 1259
858 1678
860 1513
860 1616
860 1847
861 1341
861 1780
862 1214
863 1144
863 1760
863 1771
865 1298
866 1156
866 1404
866 1658
867 1564
868 1141
868 1593
869 929
869 1058
869 1457
869 1571
869 1809
870 1195
870 1205
870 1685
870 1742
871 1487
871 1556
871 1803
873 1604
874 1434
874 1894
875 1826
876 1142
879 1135
880 1332
881 1887
882 1082
883 922
884 1631
887 1533
887 1590
888 1219
888 1569
888 1656
888 1716
889 1473
890 1523
890 1874
891 1058
893 1010
895 1341
895 1534
896 1029
898 1543
899 1130
899 1890
900 1186
901 1290
901 1626
901 1957
902 1316
903 1214
903 1528
905 1279
905 1603
906 929
907 1200
907 1438
908 957
908 1527
910 1801
911 1025
911 1396
912 1451
913 953
913 1867
914 1378
914 1406
915 1650
916 1951
917 1925
918 1696
919 1882
920 1478
920 1578
922 1467
923 1073
923 1310
923 1336
924 962
924 1350
924 1463
925 1110
929 1704
929 1758
932 1253
933 1114
935 1611
936 1848
937 1158
938 1186
939 1505
939 1705
940 1978
941 986
941 1222
941 1527
941 1613
942 1928
943 994
944 1289
945 1105
945 1708
947 963
947 1089
947 1259
947 1667
949 1470
949 1906
950 1175
950 1377
950 1965
951 1443
953 1318
954 1599
956 993
956 1267
957 1227
957 1396
957 1488
960 1226
961 1610
962 1605
962 1865
963 1046
963 1902
964 1002
965 1508
966 1535
967 1043
969 1893
971 1607
973 1263
975 1661
976 1009
976 1670
979 1429
980 989
981 1835
983 1134
983 1319
984 1120
985 1082
985 1807
985 1816
987 1390
987 1798
987 1806
987 1887
989 1230
989 1547
989 1644
991 1601
992 1934
993 1392
993 1472
995 1511
995 1766
996 1187
996 1519
999 1025
999 1080
999 1288
999 1609
1000 1503
1001 1102
1001 1330
1003 1660
1004 1521
1004 1528
1005 1737
1006 1053
1007 1708
1008 1759
1011 1445
1011 1540
1011 1754
1013 1419
1014 1811
1016 1515
1016 1703
1016 1713
1017 1242
1017 1627
1018 1083
1018 1507
1019 1723
1020 1189
1020 1979
1022 1176
1023 1684
1024 1331
1024 1651
1027 1847
1030 1837
1031 1431
1033 1343
1033 1742
1033 1884
1033 1893
1034 1386
1034 1715
1037 1318
1038 1451
1039 1060
1040 1186
1040 1925
1041 1825
1041 1944
1042 1189
1042 1337
1043 1896
1045 1685
1046 1280
1046 1693
1046 1694
1047 1062
1048 1251
1050 1105
1050 1405
1050 1666
1050 1933
1053 1143
1054 1668
1054 1807
1056 1397
1059 1221
1063 1379
1064 1761
1064 1763
1065 1716
1065 1729
1066 1730
1067 1827
1067 1942
1068 1850
1068 1856
1069 1489
1070 1540
1071 1439
1071 1950
1073 1470
1074 1267
1074 1307
1074 1592
1076 1189
1078 1324
1078 1420
1078 1572
1079 1087
1079 1159
1079 1828
1080 1695
1081 1399
1081 1688
1081 1816
1081 1862
1082 1762
1085 1576
1085 1799
1085 1820
1087 1167
1087 1352
1087 1426
1087 1573
1087 1902
1088 1567
1088 1841
1088 1892
1089 1144
1089 1390
1090 1804
1092 1861
1093 1158
1093 1468
1093 1522
1094 1272
1094 1547
1094 1584
1094 1762
1094 1965
1094 1992
1096 1456
1099 1488
1099 1552
1099 1758
1100 1773
1101 1183
1103 1204
1105 1654
1106 1196
1107 1191
1107 1334
1108 1886
1109 1884
1110 1388
1110 1972
1111 1194
1112 1885
1113 1793
1114 1625
1115 1781
1116 1811
1117 1876
1120 1502
1121 1424
1122 1729
1126 1442
1127 1628
1128 1428
1128 1911
1128 1975
1130 1639
1130 1892
1132 1531
1136 1556
1137 1451
1139 1427
1140 1304
1142 1375
1143 1370
1144 1754
1144 1838
1145 1513
1145 1530
1147 1450
1148 1836
1148 1856
1149 1201
1149 1766
1149 1940
1150 1277
1151 1441
1151 1682
1152 1305
1152 1652
1152 1711
1158 1625
1160 1171
1160 1431
1161 1616
1161 1820
1162 1819
1163 1793
1165 1721
1166 1744
1168 1899
1169 1273
1169 1452
1170 1627
1171 1561
1173 1403
1176 1433
1176 1570
1176 1681
1176 1936
1182 1283
1182 1357
1185 1839
1190 1566
1191 1311
1191 1742
1192 1227
1192 1497
1195 1709
1196 1318
1198 1206
1203 1330
1206 1399
1206 1555
1206 1974
1208 1369
1209 1728
1210 1857
1212 1829
1214 1714
1214 1805
1215 1425
1223 1643
1223 1997
1224 1309
1224 1786
1225 1657
1226 1646
1227 1528
1229 1927
1230 1566
1231 1743
1232 1766
1235 1729
1237 1961
1240 1972
1242 1843
1243 1701
1243 1880
1244 1964
1245 1766
1248 1607
1250 1753
1251 1452
1251 1554
1252 1915
1252 1954
1254 1933
1254 1977
1255 1568
1255 1912
1256 1735
1256 1821
1259 1363
1260 1344
1262 1573
1262 1701
1263 1837
1264 1673
1265 1672
1265 1903
1266 1527
1266 1682
1267 1508
1270 1389
1270 1717
1271 1299
1272 1384
1272 1614
1274 1802
1275 1462
1276 1424
1277 1934
1278 1370
1280 1726
1282 1338
1282 1866
1283 1558
1283 1632
1285 1956
1291 1331
1291 1746
1292 1550
1294 1566
1294 1894
1295 1366
1295 1566
1298 1527
1303 1986
1305 1521
1307 1467
1308 1332
1310 1475
1313 1440
1313 1796
1313 1845
1315 1917
1318 1430
1319 1747
1320 1621
1321 1708
1325 1738
1332 1769
1332 1844
1334 1978
1335 1503
1336 1916
1338 1491
1338 1683
1338 1915
1339 1557
1340 1391
1340 1396
1346 1386
1346 1784
1346 1881
1347 1350
1348 1805
1350 1371
1350 1574
1353 1751
1355 1924
1357 1672
1357 1917
1359 1671
1360 1736
1362 1487
1362 1673
1362 1836
1364 1427
1364 1706
1366 1753
1369 1399
1371 1920
1374 1588
1374 1592
1375 1692
1376 1621
1376 1955
1377 1821
1378 1482
1378 1508
1380 1719
1381 1616
1382 1613
1382 1636
1382 1907
1383 1711
1385 1874
1386 1602
1387 1610
1387 1726
1391 1722
1400 1827
1401 1406
1402 1563
1407 1424
1413 1976
1414 1484
1417 1926
1419 1656
1420 1466
1420 1594
1423 1500
1425 1541
1426 1520
1427 1850
1430 1817
1431 1903
1433 1755
1435 1812
1444 1479
1444 1703
1444 1961
1445 1663
1445 1958
1446 1559
1449 1930
1450 1577
1450 1767
1451 1920
1452 1554
1452 1955
1455 1536
1461 1683
1461 1734
1462 1981
1463 1684
1463 1806
1464 1752
1465 1698
1467 1634
1468 1818
1471 1666
1472 1617
1475 1652
1477 1992
1479 1722
1479 1735
1481 1990
1482 1543
1482 1782
1484 1644
1485 1905
1486 1970
1487 1620
1487 1962
1490 1501
1494 1779
1498 1524
1499 1664
1499 1711
1499 2000
1504 1528
1504 1882
1504 1930
1506 1669
1506 1955
1509 1621
1509 1894
1510 1791
1513 1963
1515 1527
1516 1858
1517 1781
1518 1776
1519 1614
1519 1806
1521 1582
1521 1960
1522 1816
1522 1947
1525 1902
1526 1989
1527 1833
1529 1905
1533 1684
1533 1882
1534 1796
1536 1687
1537 1724
1538 1879
1540 1884
1541 1886
1542 1673
1543 1788
1545 1568
1549 1812
1550 1788
1551 1737
1551 1868
1553 1899
1556 1982
1557 1711
1559 1829
1559 1859
1563 1771
1564 1674
1565 1944
1566 1640
1566 1745
1572 1707
1578 1606
1588 1699
1589 1826
1591 1994
1595 1873
1597 1722
1598 1751
1598 1956
1599 1862
1601 1991
1606 1883
1610 1615
1612 1855
1614 1824
1618 1780
1621 1986
1624 1657
1624 1670
1624 1958
1627 1643
1630 1821
1632 1865
1633 1735
1635 1706
1636 1683
1637 1861
1639 1724
1642 1797
1643 1825
1645 1773
1645 1887
1647 1663
1647 1931
1652 1729
1652 1816
1655 1992
1658 1677
1661 1814
1661 1916
1669 1699
1672 1728
1673 1819
1679 1811
1681 1934
1691 1697
1691 1732
1697 1946
1699 1912
1704 1957
1706 1860
1706 1981
1706 1997
1707 1772
1713 1926
1713 1983
1714 1844
1714 1882
1718 1741
1718 1846
1722 1876
1731 1885
1739 1944
1743 1812
1745 1809
1755 1886
1757 1961
1758 1761
1760 1960
1763 1878
1770 1972
1773 1848
1787 1969
1789 1944
1795 1826
1801 1936
1802 1975
1803 1827
1810 1863
1812 1830
1814 1992
1816 1950
1817 1866
1820 1851
1827 1888
1831 1892
1831 1991
1832 1983
1839 1843
1844 1920
1848 1888
1852 1913
1853 1921
1874 1927
1877 1971
1889 1919
1889 1999
1897 1951
1900 1923
1914 1917
1915 1927
1920 2000
1929 1966
1948 1959
1953 1984