2000
1 611
1 1314
1 1519
1 1644
1 1670
1 1741
1 1812
1 1840
2 27
2 28
2 52
2 409
2 449
2 794
2 918
2 1193
2 1383
2 1731
2 1816
2 1858
2 1948
2 1967
3 1141
3 1364
3 1765
3 1925
4 185
4 339
4 666
4 928
4 937
4 1236
4 1582
4 1628
5 108
5 169
5 300
5 392
5 1012
5 1083
5 1237
5 1307
5 1662
5 1916
6 52
6 425
6 684
6 970
6 1199
6 1795
7 15
7 411
7 440
7 630
7 703
7 761
7 1421
7 1506
7 1585
7 1809
8 219
8 683
8 837
8 1026
8 1552
8 1577
8 1612
8 1953
9 302
9 599
9 1142
9 1565
9 1664
9 1780
9 1983
10 131
10 219
10 763
10 856
10 1275
10 1299
10 1366
10 1593
10 1745
10 1869
10 1947
11 306
11 760
11 779
11 852
11 1736
11 1783
12 59
12 98
12 305
12 306
12 362
12 449
12 652
12 747
12 1563
12 1583
12 1602
12 1914
12 1974
13 27
13 142
13 670
13 890
13 1022
13 1049
13 1298
13 1558
13 1882
13 1962
14 81
14 91
14 95
14 422
14 829
14 939
14 990
14 1019
14 1118
14 1162
14 1497
14 1500
14 1556
14 1687
14 1862
14 1964
15 593
15 757
15 833
15 970
15 1100
15 1181
15 1241
15 1409
15 1513
15 1588
15 1814
15 1966
16 496
16 639
16 768
16 1190
16 1375
16 1605
16 1614
16 1650
16 1655
16 1863
17 1024
17 1408
17 1430
17 1556
17 1754
17 1770
17 1968
18 677
18 679
18 839
18 968
18 1122
18 1342
18 1622
18 1643
18 1876
19 184
19 306
19 362
19 564
19 654
19 775
19 1158
19 1380
19 1621
19 1704
19 1868
19 1972
19 1975
20 358
20 377
20 1032
20 1166
20 1929
20 1947
21 100
21 249
21 872
21 1152
21 1168
21 1444
21 1527
21 1717
21 1863
21 1889
22 922
22 1014
22 1054
22 1115
22 1338
22 1484
22 1886
22 1900
23 105
23 348
23 935
23 1103
23 1162
23 1713
23 1849
23 1851
24 98
24 172
24 173
24 418
24 464
24 511
24 530
24 533
24 791
24 1006
24 1241
25 131
25 475
25 530
25 556
25 693
25 887
25 996
25 1085
25 1454
26 136
26 253
26 337
26 561
26 588
26 906
26 1017
26 1184
26 1260
26 1391
26 1559
26 1807
27 684
27 898
27 972
28 210
28 313
28 667
28 945
28 1127
28 1146
28 1206
28 1292
28 1402
28 1425
28 1554
29 72
29 507
29 578
29 880
29 987
29 1192
29 1225
29 1381
29 1624
30 150
30 268
30 378
30 428
30 581
30 927
30 1196
30 1373
30 1594
30 1800
31 49
31 55
31 397
31 530
31 635
31 718
31 738
31 1174
31 1396
31 1738
31 1959
32 54
32 158
32 364
32 458
32 812
32 874
32 984
32 1277
32 1285
32 1348
32 1409
32 1648
32 1710
32 1899
33 645
33 733
33 1120
33 1186
33 1191
33 1614
33 1696
33 1955
34 183
34 338
34 1019
34 1340
34 1486
34 1498
34 1719
34 1757
34 1872
35 587
35 968
35 1246
35 1819
36 231
36 589
36 653
36 788
36 1044
36 1970
37 59
37 64
37 125
37 260
37 596
37 1049
37 1455
37 1648
37 1674
37 1692
37 1851
37 1888
37 1993
38 226
38 254
38 313
38 875
38 1053
38 1201
38 1490
38 1507
38 1830
39 304
39 355
39 474
39 852
39 912
39 1133
39 1624
39 1795
39 1822
40 46
40 399
40 416
40 1183
40 1418
40 1463
40 1563
40 1832
41 118
41 715
41 1141
41 1267
41 1786
41 1790
41 1987
41 1998
42 94
42 127
42 459
42 722
42 779
42 888
42 1114
42 1468
42 1570
42 1727
42 1902
43 220
43 577
43 756
43 774
43 878
43 980
43 1242
43 1831
43 1860
44 214
44 304
44 333
44 375
44 441
44 642
44 802
44 921
44 1242
44 1591
44 1759
44 1952
44 1995
45 161
45 399
45 718
45 1167
45 1168
45 1499
45 1796
46 125
46 188
46 664
46 677
46 849
46 880
46 1030
46 1127
46 1595
46 1632
46 1851
47 146
47 586
47 629
47 1142
47 1160
47 1245
47 1328
47 1388
47 1705
48 692
48 1032
48 1352
48 1459
48 1607
48 1653
48 1849
48 1916
49 123
49 578
49 770
49 966
49 1074
49 1167
49 1170
49 1179
49 1370
49 1904
50 354
50 500
50 647
50 706
50 823
50 1527
50 1752
51 365
51 626
51 707
51 985
51 1117
51 1335
51 1520
51 1550
51 1734
51 1937
52 157
52 170
52 199
52 235
52 331
52 452
52 495
52 560
52 1500
52 1635
52 1671
53 227
53 324
53 342
53 898
53 1481
53 1483
53 1497
53 1516
53 1714
53 1836
53 1947
54 102
54 296
54 493
54 512
54 940
54 1072
54 1110
54 1350
54 1455
54 1708
54 1976
55 272
55 319
55 950
55 1325
55 1415
55 1423
55 1626
55 1792
55 1845
56 172
56 219
56 564
56 719
56 781
56 783
56 1019
56 1198
56 1418
56 1463
56 1793
56 1869
56 1973
57 162
57 307
57 326
57 413
57 673
57 730
57 918
57 1205
57 1243
57 1364
57 1560
57 1568
57 1846
57 1911
57 1977
58 517
58 645
58 1040
58 1664
58 1944
59 174
59 369
59 376
59 390
59 629
59 777
59 1131
59 1168
59 1538
59 1583
59 1832
60 290
60 303
60 477
60 973
60 1028
60 1081
60 1175
60 1258
60 1415
60 1464
60 1515
60 1580
60 1694
60 1705
61 308
61 744
61 1044
61 1128
61 1376
61 1828
61 1929
62 409
62 1412
62 1681
62 1746
62 1850
62 1988
63 791
63 937
63 1106
63 1431
63 1705
63 1761
63 1872
63 1918
64 126
64 181
64 384
64 559
64 771
64 776
64 1025
64 1152
64 1184
64 1780
64 1950
64 1979
65 304
65 321
65 698
65 749
65 1121
65 1163
65 1278
65 1657
66 241
66 296
66 523
66 917
66 999
66 1264
66 1442
67 274
67 462
67 464
67 742
67 758
67 1196
67 1512
67 1585
68 152
68 218
68 481
68 533
68 650
68 794
68 835
68 909
68 1411
68 1540
69 675
69 676
69 896
69 1098
69 1891
69 1920
70 147
70 446
70 569
70 603
70 868
70 881
70 915
70 1214
70 1733
70 1926
71 120
71 122
71 398
71 693
71 823
71 857
71 974
71 1356
71 1989
72 185
72 386
72 1060
72 1279
72 1522
72 1738
72 1877
73 233
73 241
73 336
73 985
73 1221
73 1926
74 482
74 507
74 548
74 1243
74 1248
74 1271
74 1429
74 1453
74 1576
74 1656
74 1680
74 1883
75 130
75 139
75 373
75 548
75 551
75 669
75 815
75 957
75 1368
75 1403
75 1688
76 133
76 566
76 632
76 1645
77 1151
77 1771
77 1850
78 84
78 99
78 284
78 353
78 531
78 576
78 1020
78 1096
78 1102
78 1144
78 1230
78 1662
78 1790
79 86
79 397
79 771
79 1601
79 1774
79 1907
80 155
80 916
80 1327
80 1486
80 1638
81 174
81 667
81 1582
82 636
82 776
82 1057
82 1240
82 1801
83 202
83 234
83 264
83 426
83 779
83 984
83 1010
83 1032
83 1259
83 1594
83 1680
83 1751
83 1772
83 1782
83 1829
83 1847
83 1894
84 893
84 929
84 979
84 1158
84 1220
84 1695
85 141
85 155
85 246
85 481
85 627
85 689
85 1687
85 1734
85 1818
85 1942
86 107
86 338
86 630
86 1427
86 1849
86 1895
87 946
87 994
87 1086
87 1214
87 1420
87 1436
88 149
88 341
88 618
88 693
88 846
88 995
88 1020
88 1035
88 1065
88 1635
88 1731
88 1806
89 590
89 717
89 817
89 1289
89 1350
89 1628
89 1686
89 1823
90 184
90 192
90 241
90 270
90 554
90 585
90 995
90 1349
90 1412
90 1431
90 1472
90 1549
90 1703
91 194
91 448
91 625
91 777
91 912
91 1221
91 1315
91 1379
91 1497
91 1635
91 1694
92 264
92 481
92 753
92 820
92 879
92 939
92 1232
92 1369
92 1850
92 1854
93 393
93 508
93 1096
93 1220
93 1670
93 1952
94 298
94 456
94 919
94 979
94 1064
94 1190
94 1342
94 1402
94 1435
94 1780
94 1981
95 130
95 191
95 246
95 399
95 866
95 931
95 1265
95 1378
95 1695
96 147
96 362
96 444
96 627
96 726
96 954
96 974
96 976
96 1138
96 1248
96 1487
96 1539
96 1595
97 496
97 1219
97 1517
97 1862
97 1983
98 283
98 331
98 465
98 1005
98 1032
98 1173
98 1363
98 1531
98 1898
98 1930
99 360
99 365
99 452
99 457
99 555
99 676
99 809
99 865
99 869
99 874
99 943
99 1394
99 1412
99 1480
99 1511
99 1622
99 1642
99 1896
99 1939
99 1962
100 558
100 962
100 976
100 1034
100 1437
100 1509
100 1674
100 1946
101 586
101 1565
101 1674
101 1811
101 1919
102 492
102 532
102 861
102 1051
102 1104
102 1309
102 1825
103 105
103 165
103 191
103 621
103 639
103 1069
103 1441
103 1445
104 130
104 181
104 253
104 408
104 577
104 685
104 782
104 991
104 1039
104 1298
104 1532
104 1773
104 1822
105 204
105 505
105 511
105 1028
105 1192
105 1211
105 1562
105 1861
105 1969
106 516
106 683
106 947
106 1173
106 1415
106 1628
106 1651
106 1808
106 1974
107 389
107 427
107 464
107 810
107 1022
107 1203
107 1247
107 1272
107 1473
107 1827
108 124
108 194
108 228
108 818
108 920
108 1026
108 1119
108 1311
108 1619
108 1802
109 346
109 404
109 561
109 692
109 841
109 1145
109 1146
109 1371
109 1680
109 1764
110 496
110 759
110 818
110 843
110 914
110 978
110 1155
110 1302
110 1538
110 1689
110 1797
110 1869
111 228
111 277
111 368
111 526
111 721
111 834
111 1152
111 1511
111 1972
112 488
112 997
112 1460
112 1559
112 1745
112 1911
112 1921
113 246
113 292
113 472
113 750
113 839
113 1379
114 125
114 349
114 646
114 1929
115 197
115 296
115 768
115 789
115 878
115 900
115 1183
115 1260
115 1384
115 1465
115 1614
116 266
116 420
116 477
116 895
116 1113
116 1369
116 1413
116 1596
116 1752
117 375
117 529
117 595
117 843
117 1048
117 1105
117 1173
117 1430
117 1512
117 1546
117 1578
118 137
118 204
118 338
118 369
118 384
118 550
118 591
118 998
118 1246
118 1262
118 1375
118 1523
118 1611
118 1878
118 1976
119 228
119 296
119 481
119 601
119 650
119 729
119 773
119 1523
119 1736
120 132
120 384
120 391
120 473
120 598
120 1219
120 1318
120 1427
120 1608
120 1868
120 1881
121 122
121 568
121 569
121 817
121 861
121 1103
121 1304
121 1493
121 1501
122 143
122 171
122 622
122 660
122 823
122 832
122 967
122 1404
122 1502
122 1791
123 494
123 698
123 909
123 1265
123 1580
124 256
124 268
124 327
124 414
124 458
124 753
124 858
124 913
124 1456
124 1565
124 1750
125 310
125 569
125 781
125 1092
125 1855
126 145
126 341
126 988
126 992
126 1042
126 1216
126 1331
126 1700
126 1755
127 258
127 357
127 515
127 621
127 740
127 917
127 948
127 998
127 1099
127 1440
127 1720
127 1866
128 301
128 769
128 1304
128 1659
128 1721
128 1825
128 1931
129 137
129 221
129 371
129 488
129 519
129 883
129 1682
129 1784
130 293
130 492
130 522
130 848
130 931
130 1000
130 1642
130 1764
130 1986
131 205
131 529
131 677
131 706
131 922
131 1540
131 1879
132 288
132 533
132 551
132 843
132 1078
132 1467
132 1646
132 1795
132 1940
133 1192
133 1424
133 1572
133 1709
133 1748
134 313
134 796
134 1401
134 1611
134 1916
135 207
135 334
135 898
135 1022
135 1081
135 1511
135 1565
135 1981
136 298
136 977
136 1123
136 1185
136 1200
136 1469
136 1538
137 221
137 548
137 666
137 1297
137 1434
137 1537
137 1662
137 1795
137 1831
137 1920
138 414
138 1265
138 1385
138 1414
138 1549
138 1929
139 858
139 1365
139 1413
139 1470
139 1495
139 1525
139 1528
139 1814
140 639
140 908
140 915
140 999
140 1192
140 1285
140 1522
140 1575
140 1796
140 1899
141 452
141 510
141 756
141 769
141 1101
141 1435
141 1647
142 319
142 967
142 1026
142 1101
142 1220
142 1373
142 1446
142 1465
142 1920
143 937
143 1590
143 1636
143 1737
143 1803
143 1973
144 154
144 325
144 343
144 451
144 588
144 793
144 1528
144 1575
145 364
145 375
145 438
145 629
145 742
145 799
145 1036
145 1330
145 1484
145 1490
145 1611
145 1664
146 256
146 1052
146 1224
146 1744
146 1836
146 1860
147 325
147 377
147 846
147 1128
147 1250
147 1492
147 1646
147 1959
148 276
148 691
148 1014
148 1110
148 1733
149 230
149 693
149 1375
149 1503
149 1602
149 1696
149 1723
149 1834
149 1951
150 429
150 583
150 602
150 857
150 1145
150 1418
150 1442
150 1569
150 1744
150 1854
150 1946
151 485
151 644
151 767
151 1219
151 1376
151 1439
151 1890
152 401
152 483
152 549
152 1152
152 1318
152 1375
152 1834
152 1886
153 570
153 949
153 1243
153 1542
153 1895
154 478
154 513
154 522
154 573
154 719
154 809
154 1762
155 212
155 357
155 548
155 645
155 932
155 1188
155 1253
155 1605
155 1803
155 1899
156 358
156 615
156 648
156 1026
156 1555
157 486
157 524
157 1055
157 1171
157 1455
157 1488
157 1505
157 1669
158 179
158 214
158 262
158 316
158 497
158 586
158 870
158 998
158 1154
158 1593
158 1848
159 262
159 294
159 505
159 539
159 595
159 733
159 848
159 1033
159 1441
159 1770
160 181
160 266
160 843
160 927
160 1410
160 1620
160 1794
160 1938
161 276
161 307
161 394
161 498
161 571
161 584
161 1065
161 1084
161 1387
161 1634
162 241
162 297
162 410
162 693
162 1402
162 1540
162 1841
163 265
163 296
163 525
163 547
163 576
163 614
163 1746
163 1926
164 184
164 354
164 392
164 677
164 780
164 901
164 955
164 1123
164 1165
164 1553
164 1730
165 175
165 444
165 682
165 869
165 871
165 1144
165 1297
165 1491
165 1515
166 242
166 279
166 316
166 572
166 585
166 907
166 1493
166 1704
166 1774
166 1864
167 1003
167 1027
167 1158
167 1323
167 1436
167 1445
167 1572
167 1755
167 1956
168 552
168 763
168 881
168 951
168 1014
168 1356
168 1471
168 1688
168 1855
168 1926
169 262
169 313
169 328
169 651
169 1079
169 1232
169 1261
169 1353
169 1607
169 1699
169 1907
169 1919
170 322
170 649
170 672
170 686
170 728
170 767
170 950
170 1252
170 1352
170 1492
170 1511
170 1662
170 1673
170 1750
170 1893
170 1897
171 549
171 638
171 744
171 1041
171 1307
171 1422
171 1578
171 1671
171 1753
171 1832
171 1860
171 1874
171 1877
171 1952
172 195
172 1011
172 1090
172 1339
172 1370
172 1504
172 1512
172 1586
172 1621
172 1711
172 1731
173 222
173 274
173 450
173 1198
173 1808
173 1832
173 1868
174 367
174 612
174 639
174 778
174 900
174 1237
174 1583
174 1749
174 1785
174 1856
174 1942
174 1954
175 191
175 612
175 662
175 718
175 947
175 989
175 1475
176 268
176 544
176 670
176 677
176 1283
176 1480
176 1512
176 1598
176 1637
176 1677
176 1895
176 1970
177 296
177 403
177 590
177 1358
177 1871
178 672
178 869
178 917
178 1104
178 1245
178 1321
178 1326
178 1427
178 1796
179 181
179 540
179 670
179 766
179 946
179 1266
179 1485
179 1590
179 1795
180 322
180 761
180 803
180 1114
180 1291
180 1403
180 1405
180 1456
180 1533
180 1736
181 194
181 590
181 929
181 944
181 1183
181 1507
181 1518
181 1595
182 270
182 295
182 457
182 465
182 488
182 567
182 672
182 1178
182 1233
182 1683
182 1693
182 1698
182 1950
183 474
183 539
183 654
183 660
183 800
183 1474
183 1566
184 185
184 722
184 1054
184 1240
184 1269
184 1485
184 1703
184 1934
185 375
185 760
185 1116
185 1209
185 1303
185 1492
185 1572
185 1780
186 200
186 415
186 1023
186 1291
186 1720
186 1748
186 1828
187 291
187 667
187 827
187 960
187 1336
187 1479
187 1480
187 1827
187 1953
187 1983
188 380
188 464
188 571
188 705
188 881
188 924
188 1170
188 1450
188 1461
188 1570
188 1637
188 1822
189 207
189 305
189 426
189 435
189 440
189 488
189 503
189 609
189 648
189 809
189 1484
189 1882
190 227
190 365
190 837
190 881
190 1492
190 1766
190 1819
190 1956
191 205
191 227
191 681
191 770
191 1003
191 1419
191 1452
191 1790
192 526
192 745
192 845
192 898
192 902
192 1333
192 1461
192 1501
192 1524
192 1596
192 1599
192 1613
192 1698
192 1717
192 1768
192 1889
193 488
193 599
193 640
193 829
193 892
193 1018
193 1272
193 1453
193 1517
193 1569
193 1747
194 548
194 865
194 905
194 923
194 1004
194 1241
194 1348
194 1549
194 1988
195 641
195 750
195 949
195 1430
195 1869
195 1904
196 794
196 1426
196 1460
196 1692
197 951
197 953
197 958
197 1247
197 1538
197 1883
198 500
198 597
198 702
198 728
198 1110
198 1585
198 1708
199 619
199 655
199 1558
199 1649
199 1947
200 316
200 387
200 957
200 1152
200 1219
200 1457
200 1667
200 1721
200 1771
200 1967
201 278
201 692
201 1045
201 1096
201 1300
201 1552
201 1725
201 1891
202 258
202 396
202 489
202 597
202 898
202 942
202 1010
202 1554
202 1613
202 1683
202 1853
202 1950
203 731
203 779
203 1243
203 1532
203 1651
203 1835
204 370
204 481
204 559
204 565
204 870
204 965
204 1339
204 1409
204 1879
205 213
205 414
205 538
205 731
205 746
205 928
205 1247
205 1525
205 1537
205 1734
206 659
206 670
206 1122
206 1167
206 1199
206 1539
206 1666
206 1934
207 1205
207 1295
207 1322
207 1826
208 428
208 743
208 903
208 1154
208 1647
209 609
209 695
209 1117
209 1272
209 1388
209 1499
209 1594
209 1598
210 748
210 1074
210 1094
210 1102
210 1209
210 1267
210 1551
210 1560
211 229
211 311
211 450
211 554
211 643
211 712
211 944
211 1085
211 1146
211 1209
211 1282
211 1397
211 1461
211 1909
212 403
212 471
212 689
212 1241
212 2000
213 259
213 293
213 608
213 648
213 744
213 779
213 841
213 1175
213 1265
213 1528
213 1592
213 1612
213 1786
214 216
214 448
214 1063
214 1189
214 1448
214 1585
215 350
215 685
215 734
215 900
215 1150
215 1267
216 987
216 1404
216 1551
216 1793
216 1835
216 1910
217 376
217 614
217 835
217 1029
217 1180
217 1340
217 1659
218 423
218 440
218 708
218 891
218 915
218 1352
218 1366
219 251
219 332
219 735
219 876
219 1322
219 1742
220 241
220 480
220 653
220 778
220 789
220 1027
220 1104
220 1278
220 1460
220 1526
220 1703
220 1752
220 1828
220 1838
220 1848
221 359
221 468
221 518
221 897
221 904
221 1176
221 1325
221 1648
222 727
222 761
222 1056
222 1152
222 1542
222 1772
222 1926
222 1958
223 312
223 340
223 517
223 601
223 1179
223 1202
223 1511
223 1743
223 1923
224 377
224 464
224 1137
224 1512
224 1570
224 1598
224 1718
224 1815
224 1831
225 714
225 881
225 1207
225 1239
225 1513
225 1792
226 374
226 466
226 1087
226 1096
226 1154
226 1309
226 1552
226 1675
226 1858
227 280
227 541
227 760
227 846
227 940
227 1012
227 1034
227 1149
227 1213
227 1298
227 1425
227 1506
227 1745
227 1875
228 309
228 584
228 684
228 877
228 1227
228 1328
228 1475
228 1905
229 377
229 394
229 474
229 605
229 1249
229 1434
229 1526
229 1809
229 1882
229 1953
230 674
230 828
230 1373
230 1703
230 1858
230 1946
231 276
231 339
231 442
231 540
231 753
231 837
231 977
231 1138
231 1611
231 1653
231 1671
231 1731
231 1975
232 536
232 731
232 1913
232 1940
233 348
233 446
233 799
233 912
233 915
233 1170
233 1196
233 1265
233 1347
233 1784
233 1879
233 1975
234 248
234 420
234 651
234 1139
234 1225
234 1307
234 1361
234 1443
235 292
235 369
235 786
235 854
235 969
235 1016
235 1270
235 1534
235 1645
236 421
236 475
236 638
236 946
236 1599
236 1771
236 1788
236 1804
237 294
237 521
237 524
237 555
237 655
237 1172
237 1402
237 1680
237 1877
238 505
238 830
238 998
238 1371
238 1377
238 1408
238 1690
238 1834
238 1919
238 1995
239 595
239 678
239 679
239 1160
239 1216
239 1228
239 1542
239 1719
239 1935
240 441
240 457
240 1130
240 1307
240 1520
240 1568
240 1752
240 1995
241 271
241 360
241 503
241 1197
241 1240
241 1425
241 1803
241 1838
241 1983
242 264
242 604
242 650
242 928
242 1024
242 1423
242 1470
242 1557
242 1625
243 261
243 297
243 651
243 914
243 1008
243 1113
243 1251
243 1531
243 1532
243 1580
243 1892
244 374
244 410
244 949
244 1160
244 1361
244 1460
244 1697
245 497
245 536
245 831
245 932
245 995
245 1346
245 1369
245 1839
246 275
246 520
246 526
246 1301
246 1524
246 1825
246 1829
247 699
247 1228
247 1574
247 1698
247 1765
248 462
248 607
248 1093
248 1258
248 1726
248 1731
248 1761
249 265
249 511
249 1482
249 1570
249 1614
249 1693
249 1757
250 658
250 742
250 744
250 816
250 1294
251 450
251 607
251 638
251 657
251 804
251 835
251 886
251 937
251 1152
251 1251
251 1630
252 591
252 892
252 909
252 1126
252 1235
252 1240
252 1481
252 1776
252 1859
253 444
253 861
253 1471
253 1715
253 1841
254 421
254 479
254 923
254 933
254 1445
254 1626
254 1874
255 476
255 572
255 813
255 1124
255 1403
255 1448
255 1475
255 1496
255 1613
256 342
256 368
256 492
256 577
256 812
256 956
256 1134
256 1430
256 1457
256 1469
256 1493
256 1993
257 340
257 807
257 1673
257 1955
257 1979
258 475
258 653
258 656
258 899
258 1001
258 1668
258 1750
258 1793
258 1794
259 263
259 308
259 498
259 507
259 594
259 666
259 946
259 1007
259 1047
259 1735
260 363
260 476
260 1150
260 1312
260 1787
260 1817
261 322
261 835
261 1045
261 1853
262 696
262 717
262 751
262 1075
262 1199
262 1410
262 1485
262 1558
263 309
263 933
263 967
263 1500
263 1604
264 485
264 508
264 1098
264 1455
264 1897
265 679
265 682
265 925
265 986
265 1035
265 1408
265 1775
266 410
266 627
266 1308
266 1316
266 1588
266 1606
266 1839
266 1869
266 1893
266 1959
267 494
267 565
267 866
267 1184
267 1347
267 1889
267 1985
268 656
268 1174
268 1264
268 1371
268 1380
268 1920
269 1256
269 1462
269 1498
269 1508
269 1632
269 1756
269 1886
270 314
270 342
270 674
270 840
270 1024
270 1250
270 1281
270 1395
270 1731
271 343
271 571
271 1150
271 1453
271 1470
272 316
272 422
272 764
272 1181
272 1591
273 1007
273 1682
273 1722
273 1965
274 821
274 878
274 1222
274 1781
274 1792
275 433
275 573
275 1002
275 1167
275 1680
276 463
276 485
276 1032
276 1051
276 1099
276 1369
276 1675
276 1959
277 391
277 592
277 609
277 636
277 728
277 797
277 829
277 955
277 1137
277 1238
277 1636
277 1714
278 281
278 620
278 791
278 1119
278 1686
278 1813
278 1898
278 1982
278 1994
279 284
279 423
279 463
279 489
279 521
279 1129
279 1147
279 1434
279 1881
280 408
280 418
280 1502
280 1570
281 417
281 444
281 466
281 773
281 940
281 1116
281 1144
281 1672
281 1703
281 1946
282 738
282 893
282 913
282 1187
282 1808
282 1825
282 1853
282 1892
283 615
283 647
283 659
283 856
283 1179
283 1642
283 1753
283 1801
283 1853
284 486
284 620
284 741
284 1169
284 1195
284 1232
284 1736
284 1867
285 510
285 834
285 871
285 907
285 1364
285 1463
285 1474
285 1491
285 1526
285 1670
286 407
286 429
286 932
286 969
286 1137
286 1357
286 1494
286 1844
287 369
287 571
287 872
287 1220
287 1921
288 314
288 684
288 807
288 1190
288 1375
288 1766
288 1871
288 1886
288 1957
289 370
289 392
289 448
289 458
289 821
289 841
289 923
289 1012
289 1465
290 335
290 623
290 825
290 1073
290 1423
290 1813
290 1987
291 567
291 693
291 1043
291 1131
291 1151
291 1687
291 1946
292 545
292 877
292 934
292 1731
292 1989
293 644
293 977
293 1129
293 1142
293 1786
294 489
294 542
294 658
294 729
294 854
294 1172
294 1237
294 1305
294 1488
294 1787
295 397
295 447
295 790
295 974
295 984
295 1194
295 1214
295 1655
296 318
296 468
296 602
296 774
296 963
296 973
296 1022
296 1071
296 1104
296 1278
296 1580
296 1801
296 1831
296 1882
296 1883
297 534
297 870
297 939
297 1071
297 1653
297 1895
298 591
298 712
298 871
298 1039
298 1048
298 1191
298 1360
298 1412
298 1504
298 1521
298 1625
298 1851
299 657
299 940
299 1287
299 1688
299 1981
300 345
300 458
300 651
300 704
300 1381
300 1404
300 1494
300 1514
300 1523
300 1551
300 1856
301 458
301 502
301 629
301 657
301 1065
301 1367
301 1372
301 1452
301 1630
301 1955
301 1980
302 1260
302 1408
302 1565
302 1569
302 1783
303 347
303 362
303 711
303 834
303 1039
303 1113
304 361
304 372
304 1199
304 1709
304 1747
304 1853
304 1969
305 321
305 1055
305 1062
305 1519
306 573
306 607
306 932
306 1031
306 1500
307 324
307 370
307 412
307 910
307 963
307 1072
307 1281
307 1641
307 1713
308 346
308 523
308 670
308 821
308 941
308 966
308 1019
308 1039
308 1083
308 1190
308 1465
308 1582
308 1711
309 701
309 737
309 1483
309 1735
309 1891
310 551
310 827
310 860
310 900
310 1021
310 1110
310 1340
310 1536
310 1963
311 686
311 690
311 1008
311 1029
311 1156
311 1472
311 1805
311 1935
312 349
312 831
312 836
312 1046
312 1196
312 1220
312 1384
312 1398
312 1540
312 1628
313 428
313 580
313 585
313 702
313 1578
313 1778
314 425
314 935
314 962
314 1309
314 1457
314 1492
314 1675
314 1882
315 708
315 1088
315 1315
315 1327
315 1430
315 1676
315 1956
315 1960
316 427
316 469
316 570
316 733
316 794
316 1395
316 1407
316 1428
316 1612
317 322
317 337
317 588
317 1095
317 1377
317 1576
317 1772
317 1917
317 1928
317 1974
318 488
318 613
318 713
318 1121
318 1126
318 1305
318 1530
318 1661
318 1795
318 1835
318 1895
319 522
319 806
319 1853
320 371
320 492
320 561
320 629
320 740
320 742
320 1587
320 1623
320 1940
321 646
321 668
321 729
321 901
321 933
321 1011
321 1128
321 1208
321 1470
321 1685
321 1798
321 1996
322 467
322 474
322 700
322 792
322 1231
322 1345
322 1749
322 1824
323 558
323 571
323 745
323 909
323 1191
323 1495
323 1864
324 353
324 557
324 613
324 740
324 1234
324 1235
324 1496
324 1524
324 1591
324 1980
325 450
325 916
325 969
325 1199
325 1421
325 1510
325 1514
325 1524
325 1673
325 1841
326 414
326 667
326 742
326 1002
326 1437
326 1683
327 1138
327 1405
327 1468
327 1931
327 1940
328 576
328 885
328 892
328 1458
328 1590
328 1596
328 1601
329 394
329 456
329 480
329 755
329 821
329 995
329 1143
329 1154
329 1164
329 1183
329 1240
329 1286
329 1618
329 1741
329 1803
329 1841
329 1999
330 669
330 945
330 1111
330 1162
330 1497
330 1874
331 382
331 415
331 619
331 714
331 747
331 789
331 1484
331 1540
331 1769
331 1789
332 373
332 1302
332 1541
332 1578
332 1586
333 373
333 490
333 494
333 658
333 727
333 1301
333 1395
333 1581
334 1081
334 1343
334 1736
334 1922
335 860
335 913
335 1051
335 1201
335 1514
335 1594
335 1622
335 1666
335 1720
335 1741
335 1801
335 1877
335 1952
336 392
336 659
336 785
336 949
336 1365
337 421
337 502
337 551
337 665
337 696
337 787
337 1000
337 1153
337 1251
337 1298
337 1339
337 1378
337 1928
338 459
338 542
338 794
338 795
338 855
338 1371
338 1524
338 1583
338 1672
338 1813
339 624
339 1132
339 1293
339 1357
339 1512
339 1562
339 1922
340 433
340 480
340 655
340 757
340 839
340 933
340 1644
340 1693
340 1700
340 1947
341 1143
341 1406
341 1479
341 1564
341 1703
341 1760
341 1895
342 566
342 850
342 875
343 838
343 1129
343 1798
344 639
344 729
344 788
344 795
344 944
344 1094
344 1875
345 762
345 834
345 1066
345 1180
345 1196
345 1317
345 1403
345 1470
345 1567
345 1706
346 687
346 867
346 899
346 1255
346 1656
346 1849
346 1890
347 348
347 785
347 920
347 1488
347 1776
347 1953
347 1978
348 662
348 756
348 948
348 1141
348 1252
348 1302
348 1448
348 1475
348 1996
349 370
349 440
349 640
349 757
349 966
349 1049
349 1812
350 1115
350 1245
350 1247
350 1515
350 1681
350 1938
350 1950
350 1956
350 1967
351 443
351 784
351 886
351 1014
351 1019
351 1757
351 1924
352 371
352 546
352 642
352 1069
352 1183
352 1238
352 1734
352 1742
352 1754
353 589
353 667
353 747
353 861
353 876
353 926
353 1575
354 667
354 680
354 1371
354 1648
354 1732
354 1881
354 1983
355 679
355 961
355 1148
355 1407
355 1600
356 639
356 767
356 1121
356 1218
356 1343
356 1474
356 1840
357 373
357 383
357 418
357 468
357 655
357 955
357 1562
358 368
358 436
358 463
358 647
358 746
358 1180
358 1300
358 1449
359 719
359 892
359 1175
359 1518
359 1591
359 1712
359 1902
360 420
360 582
360 584
360 993
360 1434
360 1482
360 1876
361 413
361 427
361 1015
361 1088
361 1634
361 1717
361 1856
362 804
362 1259
362 1663
362 1750
363 622
363 780
363 1001
363 1126
363 1247
363 1354
363 1679
363 1742
363 1937
364 509
364 668
364 688
364 855
364 1020
364 1181
364 1389
364 1605
364 1995
365 471
365 823
365 1711
365 1781
365 1805
365 1955
366 699
366 756
366 1374
366 1474
366 1576
366 1859
366 1960
367 566
367 578
367 725
367 1006
367 1016
367 1209
367 1223
367 1516
368 543
368 729
368 798
368 839
368 992
368 1142
368 1266
368 1323
368 1577
368 1701
369 629
369 704
369 830
369 966
369 1040
369 1254
369 1607
369 1686
370 384
370 536
370 985
370 1425
370 1590
370 1715
370 1917
371 572
371 1445
371 1451
371 1895
372 926
372 1158
372 1365
372 1540
372 1593
372 1655
372 1666
372 1744
372 1821
372 1994
373 1059
373 1209
373 1213
373 1381
373 1655
374 586
374 699
374 1067
374 1963
375 676
375 966
375 982
375 1262
375 1305
375 1332
375 1389
375 1463
375 1703
376 639
376 714
376 832
376 1195
376 1200
376 1588
376 1610
376 1808
377 388
377 517
377 1180
377 1183
377 1291
377 1407
377 1581
377 1671
378 456
378 596
378 612
378 721
378 807
378 1148
378 1634
378 1800
379 418
379 526
379 549
379 563
379 659
379 964
379 985
379 1164
379 1208
379 1281
379 1304
379 1437
379 1748
380 622
380 628
380 734
380 764
380 850
380 879
380 901
380 1173
380 1561
380 1606
380 1769
381 404
381 692
381 1160
381 1404
382 389
382 676
382 1114
382 1425
382 1933
382 1949
382 1994
383 463
383 563
383 680
383 787
383 907
383 979
383 1379
383 1651
383 1875
384 429
384 754
384 1217
384 1666
384 1821
385 593
385 1692
385 1939
386 502
386 527
386 595
386 830
386 1445
386 1531
386 1574
386 1619
386 1860
387 731
387 733
387 906
387 1467
387 1722
387 1869
387 1923
388 395
388 954
388 1289
388 1413
388 1806
389 630
389 667
389 727
389 754
389 846
389 1053
389 1086
389 1338
389 1603
390 700
390 847
390 1004
390 1147
390 1176
390 1486
391 558
391 1761
391 1848
392 421
392 464
392 627
392 883
392 971
392 1325
392 1329
392 1746
392 1857
393 447
393 532
393 614
393 961
393 994
393 1059
393 1170
393 1280
393 1354
393 1741
394 546
394 591
394 1883
394 1928
395 577
395 1697
395 1905
396 607
396 633
396 877
396 920
396 1667
396 1930
396 1973
397 600
397 693
397 719
397 845
397 940
397 1159
397 1654
397 1736
398 495
398 555
398 614
398 778
398 1081
398 1298
398 1318
398 1403
398 1516
399 509
399 1693
399 1727
399 1836
400 480
400 501
400 773
400 800
400 925
400 993
400 1206
400 1226
400 1288
400 1415
400 1601
400 1843
401 1577
401 1667
401 1718
402 410
402 693
402 814
402 1197
402 1512
402 1681
402 1793
403 567
403 745
403 944
403 1033
403 1217
403 1642
404 882
404 929
404 1089
404 1111
404 1213
404 1585
405 434
405 604
405 612
405 695
405 755
405 1040
405 1231
405 1698
405 1931
406 1384
407 588
407 945
407 998
407 1937
408 495
408 669
408 976
408 1073
408 1384
408 1526
409 1306
409 1529
409 1696
409 1709
409 1764
410 422
410 431
410 651
410 1173
410 1528
410 1607
410 1767
410 1973
411 464
411 535
411 658
411 940
411 1118
411 1445
411 1507
411 1955
412 574
412 841
412 1178
412 1218
412 1319
412 1385
413 470
413 722
413 913
413 1056
413 1396
413 1443
413 1450
413 1853
413 1998
414 715
414 765
414 853
414 1033
414 1045
414 1229
414 1256
414 1842
414 1976
415 656
415 903
415 947
415 1211
415 1212
415 1350
415 1742
416 747
416 875
416 943
416 1140
416 1255
416 1306
416 1519
416 1524
416 1820
417 461
417 471
417 549
417 787
417 886
417 1202
417 1206
417 1327
417 1717
418 721
418 914
418 974
418 1121
418 1200
418 1267
418 1754
418 1848
419 592
419 691
419 756
419 952
419 1564
419 1935
420 669
420 673
420 1143
420 1190
420 1282
420 1449
420 1564
420 1656
420 1665
420 1822
421 784
421 827
421 924
421 961
421 1274
421 1601
421 1603
421 1808
422 529
422 959
422 994
422 1013
422 1074
422 1143
422 1439
422 1735
423 564
423 568
423 810
423 835
423 944
423 1029
423 1060
423 1398
423 1586
423 1587
423 1626
424 895
424 952
424 1577
424 1590
424 1683
424 1690
425 622
425 776
425 784
425 1469
425 1654
425 1662
425 1664
425 1695
426 486
426 552
426 1085
426 1147
426 1351
426 1661
426 1760
426 1836
426 1979
427 443
427 556
427 615
427 643
427 788
427 817
427 1281
428 934
428 983
428 1707
428 1828
428 1928
429 637
429 695
429 800
429 1040
429 1095
429 1500
429 1885
430 432
430 436
430 491
430 843
430 948
430 1068
430 1631
430 1697
431 467
431 485
431 610
431 1391
431 1541
431 1894
432 593
432 1067
432 1391
432 1686
432 1771
433 565
433 721
433 773
433 942
433 1849
433 1890
433 1913
433 1998
434 465
434 577
434 827
434 900
434 1076
434 1088
434 1175
434 1428
434 1626
434 1799
434 1864
434 1879
435 452
435 494
435 577
435 625
435 762
435 771
435 1120
435 1377
435 1437
435 1954
436 621
436 945
436 1182
436 1184
436 1256
436 1306
436 1366
436 1632
436 1940
437 1069
437 1110
437 1672
437 1743
437 1947
438 677
438 978
438 1005
438 1039
438 1230
438 1467
438 1736
439 597
439 918
439 1084
439 1106
439 1291
439 1386
440 684
440 865
440 892
440 1651
440 1718
440 1970
440 2000
441 585
441 1083
441 1119
441 1229
441 1255
441 1681
441 1687
441 1738
441 1741
441 1809
441 1973
442 626
442 818
442 1023
442 1252
442 1505
442 1686
442 1988
443 526
443 600
443 639
443 818
443 998
443 1025
443 1037
443 1179
443 1711
444 614
444 1364
444 1744
445 877
445 959
445 1057
445 1733
446 656
446 782
446 810
446 861
446 984
446 1363
446 1558
446 1660
446 1889
446 1905
446 1909
447 1113
447 1852
448 1579
448 1720
448 1828
448 1980
448 1983
449 493
449 555
449 765
449 1019
449 1352
449 1988
450 580
450 791
450 1225
450 1446
450 1516
450 1737
450 1997
451 520
451 544
451 578
451 634
451 880
451 1080
451 1282
451 1714
451 1750
451 1899
451 1997
452 542
452 639
452 693
452 867
452 1323
452 1646
452 1662
453 521
453 528
453 720
453 922
453 1189
453 1273
453 1699
453 1705
453 1789
454 536
454 880
454 1794
454 1891
455 474
455 623
455 1312
455 1660
455 1688
455 1884
455 1913
456 526
456 695
456 1156
456 1416
456 1874
457 463
457 883
457 893
457 1042
457 1113
457 1688
457 1813
458 501
458 582
458 901
458 919
458 1079
458 1203
458 1437
458 1440
458 1533
458 1727
458 1889
459 584
459 880
459 949
459 1150
459 1158
459 1173
459 1228
459 1621
460 1066
460 1235
460 1581
460 1607
460 1810
460 1945
461 737
461 921
461 1411
462 542
462 708
462 937
462 1261
462 1267
462 1299
462 1362
462 1515
462 1582
462 1740
462 1758
463 908
463 943
463 1099
463 1209
463 1347
463 1585
464 487
464 655
464 1205
464 1260
464 1371
464 1692
464 1826
464 1882
464 1932
465 694
465 1019
465 1220
465 1457
465 1752
466 585
466 869
466 877
466 998
466 1296
466 1455
466 1710
467 738
467 871
467 968
467 1103
467 1596
468 648
468 807
468 1206
468 1614
468 1790
468 1826
468 1865
468 1967
469 504
469 802
469 850
469 1415
469 1421
469 1507
469 1968
470 521
470 568
470 664
470 734
470 1164
470 1594
470 1709
470 1830
471 490
471 723
471 938
471 985
471 1144
471 1200
471 1560
471 1910
471 1972
471 1988
472 561
472 596
472 717
472 935
472 1281
472 1495
472 1703
472 1730
472 1964
472 1996
473 552
473 749
473 825
473 1292
473 1393
473 1403
473 1542
473 1597
473 1744
474 696
474 825
474 1008
474 1226
474 1291
474 1423
474 1473
474 1534
474 1633
475 849
475 1047
475 1084
475 1106
475 1112
475 1341
475 1648
475 1989
476 554
476 1028
476 1267
476 1328
476 1352
476 1433
476 1719
476 1823
476 1844
477 860
477 1111
477 1555
477 1733
477 1926
478 709
478 1028
478 1041
478 1101
478 1125
478 1236
478 1746
479 685
479 953
479 1117
479 1204
479 1495
479 1630
480 526
480 592
480 892
480 1019
480 1199
480 1387
480 1629
480 1773
481 859
481 912
481 1002
481 1200
481 1280
481 1428
481 1645
481 1868
481 1890
481 1934
482 1654
482 1805
482 1874
483 1046
483 1686
484 679
484 745
484 764
484 775
484 812
484 1069
484 1101
484 1107
484 1197
484 1615
484 1678
484 1909
485 553
485 575
485 857
485 859
485 1110
485 1361
485 1412
485 1444
485 1476
485 1708
485 1726
485 1871
486 913
486 1097
486 1157
486 1477
486 1579
486 1707
487 665
487 965
487 1015
487 1087
487 1433
487 1444
487 1462
488 685
488 703
488 796
488 1144
488 1638
488 1681
488 1881
488 1961
489 714
489 834
489 946
489 1039
489 1428
489 1769
489 1924
490 806
490 896
490 932
490 1457
490 1644
490 1663
491 715
491 1282
491 1313
491 1791
492 607
492 1058
492 1139
492 1322
492 1843
492 1864
493 878
493 1058
493 1456
493 1865
493 1929
493 1942
493 1971
494 506
494 560
494 605
494 1282
494 1296
494 1333
494 1347
494 1409
494 1672
494 1680
494 1723
494 1847
495 506
495 750
495 1065
495 1747
495 1751
495 1790
495 1894
496 600
496 921
496 981
496 1158
496 1182
496 1198
496 1220
496 1542
496 1601
496 1732
497 538
497 590
497 597
497 670
497 729
497 968
497 1381
497 1387
497 1551
497 1571
497 1649
497 1989
498 1058
498 1118
498 1574
498 1683
498 1967
499 535
499 601
499 752
499 781
499 879
499 1423
499 1620
499 1644
499 1679
499 1718
500 517
500 530
500 839
500 1241
500 1285
500 1321
500 1416
500 1462
500 1566
500 1583
500 1951
501 511
501 514
501 713
501 881
501 1184
501 1323
501 1347
501 1418
501 1452
501 1689
501 1771
501 1798
502 653
502 921
502 933
502 1416
503 661
503 723
503 857
503 1326
503 1625
503 1641
504 614
504 621
504 705
504 985
504 1089
504 1194
504 1339
504 1667
504 1748
504 1751
504 1783
504 1839
505 800
505 873
505 940
505 1055
505 1417
505 1649
506 813
506 816
506 1385
506 1501
506 1577
506 1826
506 1984
507 731
507 801
507 880
507 1045
507 1142
507 1147
507 1336
507 1474
507 1500
507 1971
508 672
508 718
508 1025
508 1559
508 1588
509 583
509 887
509 1202
509 1243
509 1319
509 1398
509 1456
509 1523
509 1618
509 1631
509 1678
509 1752
509 1849
510 668
510 767
510 932
510 1006
510 1098
510 1269
510 1416
510 1503
510 1521
510 1984
511 528
511 757
511 808
511 1274
511 1761
511 1991
512 868
512 1102
512 1486
512 1490
513 626
513 797
513 923
513 1203
513 1368
513 1505
513 1571
513 1757
514 632
514 657
514 777
514 793
514 1084
514 1337
514 1414
514 1946
515 812
515 1204
515 1423
515 1773
515 1849
516 1243
516 1625
516 1727
516 1989
517 696
517 915
517 916
517 1212
517 1419
517 1995
518 1385
518 1553
519 691
519 969
519 1086
519 1169
519 1323
519 1705
520 673
520 728
520 1015
520 1233
520 1237
520 1533
520 1636
520 1678
521 613
521 671
521 873
521 946
521 1506
521 1713
521 1933
522 562
522 805
522 1185
522 1245
522 1258
522 1331
522 1391
522 1430
522 1878
523 633
523 694
523 737
523 818
523 1186
523 1353
523 1680
523 1797
523 1846
524 533
524 620
524 1120
524 1326
524 1595
524 1631
524 1673
524 1988
525 1368
525 1596
525 1938
525 1979
526 612
526 682
526 792
526 827
526 848
526 1030
526 1105
526 1225
526 1226
526 1858
526 1986
527 559
527 750
527 1397
527 1441
527 1493
527 1925
527 1990
528 542
528 1057
528 1284
528 1611
528 1862
529 798
529 987
529 1320
529 1485
529 1510
529 1959
530 620
530 1291
530 1554
530 1726
530 1908
531 631
531 823
531 840
531 863
531 867
531 1114
531 1120
531 1316
531 1408
531 1760
531 1772
532 1177
532 1535
532 1706
533 595
533 607
533 716
533 784
533 1735
533 1897
534 565
534 840
534 986
534 1025
534 1295
535 1115
535 1140
535 1142
535 1350
536 864
536 960
536 966
536 985
536 1202
537 579
537 608
537 710
537 802
537 830
537 1045
537 1426
537 1841
537 1863
538 567
538 689
538 795
538 879
538 1145
538 1395
538 1505
539 844
539 1042
539 1543
540 977
540 1230
540 1319
540 1634
540 1944
541 684
541 921
541 1560
541 1570
541 1883
542 585
542 813
542 966
542 1196
542 1251
542 1253
542 1334
542 1545
542 1603
542 1760
543 748
543 969
544 783
544 1010
544 1206
544 1382
544 1850
544 1904
546 721
546 741
546 1130
546 1305
546 1377
546 1528
546 1801
546 1911
546 1913
547 713
547 784
547 921
547 982
547 1048
547 1084
547 1705
548 714
548 767
548 845
548 1201
548 1520
548 1861
549 749
549 750
549 1378
549 1434
550 861
550 1208
550 1614
550 1881
551 775
551 837
551 920
552 802
552 1017
552 1503
552 1982
553 640
553 680
553 717
553 1029
553 1076
553 1256
553 1403
553 1443
553 1902
554 655
554 703
554 755
554 1281
554 1300
554 1589
555 653
555 717
555 866
555 1682
555 1859
556 1014
556 1924
557 568
557 870
557 880
557 1268
557 1743
557 1809
557 1835
558 709
558 1286
558 1360
558 1427
558 1581
558 1585
558 1689
559 612
559 688
559 784
559 1173
559 1368
559 1529
559 1678
559 1976
560 893
560 967
560 1359
560 1440
560 1661
560 1667
561 693
561 759
561 964
561 1101
561 1803
562 692
562 696
562 1014
562 1093
562 1104
562 1393
562 1922
563 1135
563 1210
563 1285
563 1545
563 1587
563 1589
563 1690
563 1788
563 1968
564 1061
564 1206
564 1465
564 1791
565 833
565 914
565 980
565 1193
565 1390
565 1528
565 1927
566 685
566 758
566 797
566 1144
566 1342
566 1452
566 1762
566 1880
567 595
567 752
567 849
567 901
567 1013
567 1087
567 1327
567 1427
567 1543
568 1227
568 1653
569 703
569 736
569 737
569 1900
569 1972
570 754
570 886
570 1089
570 1199
570 1300
570 1340
570 1530
570 1623
570 1647
570 1834
570 1979
571 588
571 887
571 1010
571 1371
571 1680
571 1695
572 688
572 755
572 812
572 880
572 977
572 1045
572 1063
572 1242
572 1500
572 1541
572 1568
573 1038
573 1097
573 1363
573 1466
573 1734
573 1758
573 1880
573 1979
574 845
574 988
574 1355
574 1629
574 1999
575 890
575 1819
575 1950
576 578
576 1106
576 1118
576 1476
576 1877
577 727
577 867
577 1010
577 1179
577 1253
577 1484
577 1497
577 1751
578 654
578 776
578 813
578 836
578 888
578 1034
578 1281
578 1723
578 1834
578 1948
578 1950
579 640
579 1043
579 1096
579 1105
579 1914
580 720
580 734
580 1002
580 1341
580 1919
581 908
581 1595
581 1619
581 1635
582 674
582 1035
582 1505
583 802
583 844
583 850
583 887
583 892
583 1009
583 1016
583 1039
583 1072
583 1326
583 1571
583 1618
583 1855
583 1937
584 668
584 846
584 1102
584 1713
585 762
585 1035
585 1099
585 1132
585 1185
585 1378
585 1815
586 632
586 638
586 647
586 772
586 863
586 1352
586 1624
586 1660
586 1994
587 1001
587 1142
587 1175
587 1511
588 1039
588 1701
588 1923
589 616
589 943
589 1186
589 1207
589 1383
589 1590
589 1604
589 1666
589 1725
590 854
590 1040
590 1089
590 1438
590 1530
590 1704
590 1800
591 649
591 1250
591 1254
591 1263
591 1336
591 1399
591 1456
591 1540
591 1568
591 1690
592 978
592 1020
592 1026
592 1361
592 1739
592 1763
592 1903
592 1962
593 1002
593 1057
593 1322
593 1475
593 1791
593 1966
594 862
594 865
594 921
594 1207
594 1533
594 1546
595 597
595 720
595 1158
595 1610
595 1759
596 684
596 1012
596 1029
596 1435
596 1626
596 1719
596 1730
597 598
597 958
597 1053
597 1482
597 1652
597 1672
597 1676
598 612
598 1963
599 689
599 1016
599 1467
599 1686
599 1918
599 1926
599 1985
600 867
600 877
600 1082
600 1369
600 1472
600 1972
600 1974
601 787
601 813
601 977
601 1299
601 1895
602 995
602 1012
602 1520
602 1772
602 1813
602 1997
603 1125
603 1149
603 1493
603 1689
604 809
604 1048
604 1052
604 1143
604 1177
604 1494
604 1888
604 1971
605 925
605 1052
605 1591
605 1734
606 786
606 796
606 806
606 854
606 935
606 1106
606 1225
606 1289
606 1769
606 1945
607 655
607 1268
607 1271
607 1575
608 621
608 644
608 1185
608 1246
608 1380
608 1583
608 1941
609 629
609 716
609 822
609 1212
609 1490
609 1552
609 1577
610 625
610 767
610 823
610 835
610 951
610 1014
610 1134
610 1148
610 1285
610 1672
610 1888
610 1923
611 757
611 949
611 1074
611 1113
611 1169
611 1520
611 1755
611 1830
611 1951
612 624
612 639
612 962
612 1072
612 1143
612 1700
612 1763
613 901
613 998
613 1190
613 1657
613 1711
613 1959
614 894
614 949
614 1078
614 1086
614 1252
614 1347
614 1444
614 1470
614 1475
614 1634
614 1709
614 1772
614 1834
614 1863
614 1900
615 848
615 960
615 1172
615 1422
615 1869
615 1874
616 888
616 1027
616 1131
616 1259
616 1327
616 1404
616 1736
616 1787
616 1837
616 1841
617 684
617 685
617 756
617 847
617 960
617 1101
617 1123
617 1272
617 1371
617 1521
617 1765
618 754
618 914
618 993
618 1278
618 1317
618 1508
618 1562
618 1839
618 1917
619 1276
619 1782
620 837
620 876
620 1290
620 1832
621 998
621 1079
621 1812
621 1971
622 677
622 702
622 1163
622 1196
622 1199
622 1367
622 1458
622 1540
622 1644
622 1929
623 730
623 882
623 926
623 1290
623 1379
623 1551
623 1983
624 794
624 984
624 1325
624 1400
624 1630
625 1054
625 1115
625 1348
625 1406
625 1556
625 1878
625 1931
625 1966
626 673
626 679
626 1400
627 628
627 949
627 1446
627 1522
627 1571
627 1622
627 1786
627 1930
628 726
628 793
628 986
628 1070
628 1448
628 1508
628 1627
628 1681
628 1814
629 647
629 736
629 801
629 1291
629 1945
630 795
630 804
630 867
630 1040
630 1135
630 1261
630 1960
631 685
631 1219
631 1369
631 1478
631 1807
632 659
632 851
632 1037
632 1141
632 1591
632 1753
632 1800
632 1859
632 1889
633 839
633 890
633 944
633 1163
633 1323
633 1368
633 1558
633 1691
633 1896
633 1982
634 656
634 800
634 1539
634 1762
634 1770
635 726
635 774
635 1152
635 1272
635 1728
635 1859
635 1978
636 900
636 1014
636 1472
636 1509
636 1540
636 1787
637 1075
637 1216
637 1598
637 1890
638 1137
638 1346
638 1651
638 1886
639 796
639 932
639 1335
639 1828
639 1963
640 972
640 1028
640 1124
640 1370
640 1376
640 1526
640 1830
641 677
641 1082
641 1149
641 1241
641 1329
641 1511
641 1679
641 1688
642 835
642 1036
642 1082
642 1084
642 1099
642 1637
642 1654
642 1820
643 1165
643 1194
643 1823
643 1908
644 709
644 936
644 1049
644 1276
644 1587
645 755
645 861
645 1733
645 1922
646 693
646 1123
646 1494
646 1520
646 1583
646 1801
646 1860
646 1930
647 963
647 1199
647 1245
647 1476
647 1710
648 949
648 950
648 1133
648 1204
648 1553
648 1866
648 1905
649 933
649 1174
649 1230
649 1250
649 1469
649 1533
649 1949
650 815
650 996
650 1056
650 1315
650 1608
650 1619
650 1653
650 1655
650 1931
651 709
651 1805
652 790
652 946
652 1019
652 1364
652 1937
653 889
653 1056
653 1264
653 1342
653 1408
653 1521
653 1549
654 675
654 1233
654 1267
654 1286
654 1609
655 664
655 809
655 976
655 1819
655 1854
655 1946
656 762
656 919
656 1314
656 1333
656 1676
656 1776
656 1922
657 721
657 841
657 1111
657 1175
657 1397
657 1441
657 1686
657 1817
658 945
658 1024
658 1309
658 1916
659 835
659 1121
659 1817
659 1838
660 1085
660 1105
660 1500
660 1510
660 1652
660 1902
660 1951
661 683
661 847
661 898
661 1081
661 1573
661 1649
661 1705
661 1772
661 1835
662 683
662 698
662 746
662 864
662 979
662 1153
662 1357
662 1420
662 1926
662 1940
663 693
663 777
663 877
663 1558
663 1905
663 1965
663 1974
664 670
664 738
664 816
664 952
664 1324
664 1362
665 1372
665 1638
665 1649
665 1819
665 1855
666 842
666 1092
666 1100
666 1189
666 1230
666 1243
666 1456
666 1501
667 774
667 1041
667 1107
667 1206
667 1444
667 1475
667 1559
667 1652
667 1660
668 678
668 686
668 962
668 1076
668 1505
668 1671
669 828
669 837
669 913
669 970
669 999
669 1575
669 1716
669 1754
669 1889
670 690
670 739
670 871
670 930
670 982
670 1239
670 1400
671 1192
671 1743
671 1853
671 1972
672 790
672 985
672 992
672 1204
672 1223
672 1454
672 1512
672 1547
672 1615
672 1875
673 851
673 1097
673 1470
673 1558
674 1009
674 1140
674 1159
674 1199
674 1305
674 1738
674 1882
675 717
675 1297
675 1457
675 1564
675 1582
675 1625
675 1632
675 1655
676 691
676 910
676 1025
676 1171
676 1488
676 1638
676 1723
676 1976
677 858
677 1537
677 1977
678 787
678 1101
678 1171
678 1200
678 1241
678 1476
678 1618
679 926
679 1133
679 1205
679 1302
679 1357
679 1366
679 1472
679 1582
679 1949
680 842
680 1071
680 1317
680 1324
680 1926
681 1135
681 1155
681 1215
681 1454
681 1597
681 1925
682 1058
682 1338
682 1423
682 1727
682 1783
682 1826
683 965
683 1146
684 823
684 941
684 1350
684 1530
684 1853
685 698
685 874
685 1638
685 1668
685 1788
685 1792
686 924
686 1011
686 1247
686 1652
686 1695
687 998
687 1205
687 1233
687 1760
688 759
688 928
688 1165
688 1883
689 717
689 1196
689 1474
689 1491
689 1581
689 1853
690 1329
690 1357
690 1747
690 1830
690 1965
690 1974
691 877
691 918
691 1608
691 1914
692 741
692 1624
692 1734
693 1052
693 1314
693 1492
693 1777
693 1783
693 1866
693 1968
694 1176
694 1282
694 1602
694 1828
695 1053
695 1072
695 1501
695 1614
695 1853
695 1906
696 786
696 819
696 922
696 937
696 1016
696 1487
696 1527
696 1531
696 1989
697 783
697 985
697 1057
697 1329
697 1513
697 1549
697 1691
697 1741
697 1753
697 1804
697 1818
697 1908
698 726
698 918
698 935
698 1049
698 1667
698 1681
698 1816
699 755
699 838
699 1186
699 1522
699 1827
699 1848
699 1892
699 1998
700 720
700 743
700 959
700 1353
700 1355
700 1464
700 1564
700 1578
700 1683
700 1948
701 726
701 763
701 787
701 1414
701 1432
701 1441
701 1560
701 1615
701 1685
701 1873
701 1930
702 746
702 1040
702 1229
702 1351
702 1406
702 1435
702 1665
702 1670
702 1958
703 735
703 736
703 745
703 879
703 1172
703 1803
705 813
705 1193
705 1362
705 1394
705 1408
705 1626
705 1695
706 728
706 752
706 1065
706 1328
706 1404
706 1669
706 1838
707 1185
707 1553
707 1602
707 1945
708 821
708 921
708 1220
709 767
709 1326
709 1420
709 1485
709 1651
710 1379
710 1397
710 1558
710 1969
710 1990
711 719
711 748
711 841
711 902
711 1070
711 1795
711 1909
712 884
712 1063
712 1197
712 1330
712 1412
712 1447
712 1988
713 744
713 924
713 991
713 1017
713 1039
713 1702
713 1714
714 747
714 1040
714 1539
714 1563
714 1592
714 1623
714 1898
714 1941
715 804
715 968
715 1164
715 1260
715 1349
715 1533
715 1618
716 1202
716 1257
716 1863
717 954
717 1099
717 1101
717 1352
717 1438
717 1622
717 1710
718 812
718 825
718 1151
718 1723
719 790
719 1128
719 1268
719 1331
719 1334
719 1717
720 773
720 1085
720 1161
720 1874
721 820
721 1105
721 1191
721 1202
721 1255
721 1349
721 1357
721 1577
721 1672
721 1763
722 769
722 941
722 971
722 1075
722 1124
722 1174
722 1376
722 1382
722 1700
723 868
723 982
723 1328
723 1577
724 1082
724 1402
724 1641
724 1800
724 1876
725 835
725 914
725 1026
725 1049
725 1202
725 1259
725 1356
725 1685
725 1919
726 781
726 1294
726 1496
726 1569
727 1183
727 1281
727 1613
727 1682
728 791
728 1182
728 1567
728 1885
728 1946
729 977
729 1370
729 1535
729 1834
730 1107
730 1162
730 1214
730 1345
730 1423
730 1883
730 1932
731 1238
731 1466
731 1532
731 1629
731 1681
732 907
732 984
732 1391
732 1534
732 1640
732 1688
733 825
733 890
733 1195
733 1635
733 1674
734 821
734 1222
734 1379
734 1928
735 840
735 912
735 1146
735 1294
735 1448
735 1577
735 1690
735 1878
735 1967
736 1536
736 1553
736 1883
737 740
737 766
737 951
737 1028
737 1339
737 1462
737 1518
737 1676
737 1888
738 1201
738 1368
738 1481
738 1530
738 1733
738 1931
739 977
739 1066
739 1409
739 1768
739 1996
740 1016
740 1153
740 1179
740 1255
740 1356
740 1572
740 1734
740 1823
741 1195
741 1637
741 1934
742 1032
742 1104
742 1167
742 1621
743 1614
743 1893
743 1984
744 1006
744 1532
744 1689
745 751
745 824
745 940
745 1408
745 1489
745 1856
745 1981
746 850
746 1380
746 1453
746 1563
746 1918
747 953
747 1109
747 1119
747 1145
747 1158
747 1478
747 1805
748 829
748 880
748 1155
748 1492
748 1774
748 1836
748 1844
748 1919
748 1925
748 1967
749 1080
749 1207
749 1265
749 1268
749 1408
749 1427
749 1438
749 1477
749 1584
749 1645
749 1998
750 998
750 1383
750 1452
751 800
751 982
751 987
751 1416
751 1629
751 1714
751 1894
751 1922
752 1159
752 1388
752 1405
752 1504
752 1794
752 1942
753 1020
753 1060
753 1298
753 1395
753 1812
754 769
754 805
754 1164
754 1223
754 1594
754 1657
754 1990
755 868
755 1629
755 1939
756 846
756 1018
756 1143
756 1162
757 1347
757 1585
757 1790
758 923
758 954
758 1014
758 1175
758 1496
758 1572
758 1643
758 1644
758 1664
758 1885
759 820
759 1259
759 1300
759 1364
759 1523
759 1900
760 1173
760 1250
760 1287
760 1478
760 1872
760 1928
760 1945
761 979
761 1327
761 1407
761 1759
761 1847
761 1942
762 786
762 836
762 954
762 1123
762 1138
762 1554
763 1608
764 1197
764 1720
764 1721
764 1754
764 1957
765 806
765 810
765 1115
765 1519
765 1525
765 1535
765 1649
765 1736
766 770
766 1276
766 1697
766 1827
767 1047
767 1141
767 1320
767 1424
767 1455
767 1463
767 1828
768 1151
768 1300
768 1577
768 1613
768 1626
768 1636
768 1655
768 1815
768 1882
769 772
769 807
769 1046
769 1065
769 1273
770 818
770 1116
770 1204
770 1239
770 1265
770 1365
770 1834
770 1843
771 777
771 907
771 1063
771 1064
771 1190
771 1592
771 1764
772 995
772 1134
772 1141
772 1168
772 1431
772 1523
772 1579
772 1673
772 1757
772 1822
772 1893
773 910
773 1375
773 1401
773 1755
773 1772
773 1830
774 798
774 1483
775 826
776 1019
776 1118
776 1305
776 1510
776 1854
777 806
777 1408
777 1420
777 1485
777 1497
777 1621
777 1731
778 1353
778 1876
778 1910
779 862
779 1229
779 1526
779 1847
779 1882
780 1152
780 1155
780 1194
780 1251
780 1697
781 954
781 1419
781 1477
781 1616
781 1689
781 1693
781 1953
781 1972
782 984
782 1030
782 1518
782 1554
782 1667
783 912
783 935
783 1211
783 1320
783 1797
783 1877
783 1992
784 927
784 1632
785 1084
785 1126
785 1312
785 1552
785 1980
786 821
786 959
786 1019
786 1379
786 1453
786 1758
787 1007
787 1166
787 1199
787 1239
787 1369
787 1506
787 1552
787 1613
787 1969
788 930
788 1143
788 1346
788 1655
788 1723
788 1732
788 1827
788 1862
788 2000
789 909
789 1057
789 1518
789 1942
790 882
790 990
790 1021
790 1041
790 1370
790 1610
790 1969
790 1971
791 1082
791 1203
791 1633
792 809
792 1005
792 1067
792 1540
792 1911
793 895
793 972
793 1097
793 1280
793 1319
793 1726
794 999
794 1074
794 1391
794 1774
795 857
795 990
795 1072
795 1575
795 1682
795 1749
795 1753
795 1773
795 1823
796 1320
796 1540
796 1604
796 1713
796 1757
796 1871
796 1914
796 1933
797 1904
798 864
798 966
798 1414
798 1458
798 1466
798 1624
798 1847
799 983
799 1142
799 1157
799 1202
799 1234
800 962
800 1069
800 1236
800 1314
800 1825
800 1832
800 1955
801 820
801 1609
801 1988
802 973
802 980
802 1187
802 1278
802 1359
802 1689
802 1816
803 963
803 978
803 1180
803 1226
803 1272
803 1306
803 1379
803 1954
804 946
804 954
804 966
804 1433
804 1606
804 1678
804 1866
804 1992
805 1024
805 1132
805 1256
805 1326
805 1671
805 1890
805 1934
806 997
806 1295
806 1393
806 1675
806 1910
807 863
807 1130
807 1344
807 1654
807 1899
807 1915
807 1922
808 927
808 1351
808 1385
808 1839
809 817
809 1138
809 1162
809 1319
809 1548
809 1696
809 1856
810 1110
810 1145
810 1151
810 1165
810 1343
810 1361
810 1526
811 845
811 1311
811 1358
811 1854
812 968
812 1012
812 1153
812 1669
812 1685
812 1702
812 1873
812 1908
813 1025
813 1454
813 1517
813 1830
814 1249
814 1252
814 1256
814 1322
814 1841
814 1903
815 1087
815 1687
816 959
816 1334
816 1533
816 1766
816 1920
816 1988
817 1180
817 1537
817 1612
817 1761
818 1021
818 1620
818 1830
819 983
819 1012
819 1167
819 1176
819 1387
819 1534
819 1780
819 1941
819 1951
820 944
820 1101
820 1185
820 1633
821 914
821 1341
821 1369
821 1387
821 1567
821 1730
821 1750
822 847
822 1801
823 1005
823 1464
823 1525
823 1682
823 1752
824 860
824 873
824 1095
824 1343
824 1705
825 838
825 1294
825 1339
825 1551
825 1581
825 1670
825 1884
825 1893
825 1990
826 834
826 1056
826 1135
826 1244
826 1281
826 1479
827 1073
827 1493
827 1780
827 1861
827 1951
828 922
828 1095
828 1215
828 1663
829 1032
829 1044
829 1495
829 1517
830 932
830 1433
830 1887
831 1343
831 1792
831 1808
832 874
832 968
832 1381
832 1543
833 1003
833 1139
833 1140
833 1663
833 1664
833 1785
834 1127
834 1309
834 1357
834 1825
835 901
835 1230
835 1447
835 1839
835 1942
836 1164
836 1198
836 1500
836 1557
836 1817
836 1840
836 1946
837 1659
837 1763
838 1082
838 1383
838 1597
838 1743
838 1974
838 1993
839 1106
839 1108
839 1162
839 1290
839 1701
840 1164
840 1247
840 1432
840 1615
840 1683
840 1785
840 1896
841 975
841 1375
842 895
842 905
842 969
842 1303
842 1781
842 1987
843 1355
843 1699
844 1079
844 1237
844 1290
844 1309
844 1707
844 1739
845 1230
845 1592
845 1779
846 1343
846 1800
847 1034
847 1121
847 1791
848 851
848 882
848 1149
848 1175
848 1636
848 1639
848 1757
849 1209
849 1594
849 1817
850 1156
850 1652
850 1662
850 1890
851 1143
851 1218
851 1278
851 1415
851 1790
851 1882
851 1954
852 1073
852 1173
852 1195
852 1368
852 1486
852 1674
852 1932
853 894
853 950
853 1168
853 1195
853 1681
854 1534
854 1792
854 1859
855 928
855 1210
855 1383
855 1522
855 1548
855 1612
855 1624
855 1645
856 1291
856 1664
856 1807
856 1865
856 1909
857 1028
857 1036
857 1440
857 1791
857 1972
858 1023
858 1051
858 1370
858 1459
858 1567
858 1721
858 1941
859 1005
859 1496
859 1780
860 983
860 1075
860 1126
860 1562
860 1577
860 1659
860 1953
861 1488
861 1503
861 1749
861 1791
861 1959
862 1073
862 1241
862 1427
862 1554
862 1679
863 885
863 1081
863 1218
863 1588
863 1639
863 1733
863 1919
863 1994
864 866
864 873
864 938
864 962
864 1080
864 1120
864 1143
864 1158
864 1910
864 1939
865 1149
865 1157
865 1525
865 1649
865 1753
865 1765
866 917
866 1233
866 1719
867 894
867 947
867 1108
867 1285
867 1536
867 1589
867 1618
867 1735
867 1790
867 1818
867 1903
867 1948
868 990
868 996
868 1224
868 1567
868 1683
868 1827
869 1377
869 1922
870 936
870 1431
871 1120
871 1407
871 1481
871 1788
871 1857
872 899
872 1591
872 1811
873 1173
873 1454
873 1467
873 1500
873 1994
874 926
874 945
874 1203
874 1509
874 1895
875 985
875 1430
875 1629
875 1909
876 1145
876 1418
876 1445
876 1868
877 1185
877 1196
877 1452
877 1453
877 1635
877 1651
877 1830
877 1965
878 903
878 908
878 1203
878 1498
879 897
879 1152
879 1403
879 1740
879 1988
880 1074
880 1463
880 1682
880 1997
881 893
881 977
881 979
881 1438
881 1536
881 1609
882 1012
882 1021
882 1205
882 1413
882 1755
882 1882
883 1516
883 1809
883 1844
884 1189
884 1290
884 1476
884 1689
884 1976
884 1987
885 900
885 1612
885 1716
885 1822
886 887
886 917
886 1303
886 1635
886 1842
886 1955
887 1140
887 1233
887 1423
887 1578
887 1920
887 1953
887 1979
888 1044
888 1130
888 1162
888 1372
888 1502
888 1512
888 1618
888 1681
888 1959
889 947
889 1167
889 1200
889 1662
890 1006
890 1599
890 1641
890 1939
891 1659
891 1689
891 1886
892 932
892 944
892 997
892 1663
892 1769
893 973
893 1062
893 1068
893 1427
893 1611
893 1761
893 1869
893 1986
894 1056
894 1077
894 1229
894 1341
894 1357
894 1761
895 1332
895 1468
895 1542
895 1942
896 1205
896 1559
897 907
897 917
897 934
897 949
897 1111
897 1236
897 1313
897 1742
897 1766
897 1916
898 1316
898 1647
898 1761
898 1930
899 1161
899 1366
899 1429
899 1481
899 1483
900 1026
900 1066
900 1386
900 1393
900 1624
900 1956
901 994
901 1032
901 1118
901 1370
901 1372
901 1898
901 1929
902 954
902 1837
903 1172
903 1491
903 1629
903 1653
904 914
904 964
904 1141
904 1267
904 1467
904 1525
904 1681
904 1860
904 1881
904 1932
905 1072
905 1209
905 1292
905 1458
905 1820
905 1943
906 987
906 997
906 1520
907 1120
907 1208
907 1314
907 1619
907 1629
907 1696
907 1821
908 1085
908 1123
908 1128
908 1430
908 1489
908 1613
908 1847
909 920
909 934
909 1185
909 1457
910 1011
910 1066
910 1152
910 1388
910 1555
910 1760
910 1927
910 1956
911 1034
911 1311
911 1788
911 1939
912 923
912 994
912 1091
912 1115
912 1231
912 1384
912 1622
913 954
913 1260
913 1743
914 1173
914 1197
914 1449
914 1552
914 1682
914 1937
915 1315
915 1355
915 1616
915 1707
915 1881
916 1192
916 1883
917 1007
917 1728
918 1136
918 1219
918 1726
918 1810
918 1939
919 1000
919 1307
919 1387
919 1683
919 1860
920 969
920 1033
920 1376
920 1719
920 1730
920 1800
921 951
921 1134
921 1911
922 1379
922 1480
922 1601
923 1062
923 1106
923 1153
923 1262
923 1549
923 1637
924 1073
924 1314
924 1457
924 1578
924 1784
925 1466
925 1682
925 1806
925 1886
926 1118
926 1383
926 1398
926 1409
926 1427
926 1449
926 1492
926 1570
926 1640
927 1010
927 1712
927 1814
927 1909
927 1932
927 1973
928 1278
928 1419
928 1670
928 1710
928 1995
929 1194
929 1530
929 1605
929 1927
930 1306
930 1347
930 1469
930 1528
930 1748
930 1883
931 1021
931 1033
931 1112
931 1322
931 1453
931 1711
931 1830
931 1899
931 1958
932 1489
932 1927
933 1215
933 1297
933 1575
933 1935
934 1200
934 1488
934 1637
934 1958
935 1328
935 1369
935 1686
935 1694
935 1818
935 1856
936 975
936 1120
936 1410
936 1715
937 1007
937 1525
937 1545
937 1594
937 1710
937 1831
938 962
938 1020
938 1136
938 1766
938 1878
939 972
940 1185
940 1362
941 1264
941 1401
942 1029
942 1188
942 1313
942 1550
942 1634
943 965
943 1090
943 1343
943 1588
943 1705
943 1969
943 1977
944 1021
944 1169
944 1268
944 1383
944 1528
944 1554
944 1813
945 960
945 962
945 1111
945 1427
945 1525
945 1543
945 1779
946 1126
946 1316
947 1092
947 1375
947 1406
947 1934
947 1939
948 1392
948 1758
949 1166
949 1269
949 1324
949 1357
949 1477
949 1544
949 1694
949 1695
950 982
950 1097
950 1158
950 1446
950 1597
951 1275
951 1433
951 1785
951 1789
951 1983
952 1155
952 1512
952 1551
952 1574
952 1731
952 1744
952 1890
953 958
953 1097
953 1138
953 1204
953 1815
954 1262
954 1285
954 1326
954 1406
954 1476
954 1490
954 1933
954 1977
955 960
955 987
955 1303
955 1578
956 1053
957 965
957 1185
957 1885
958 1188
958 1442
958 1469
958 1704
959 1105
959 1201
959 1206
959 1335
959 1354
960 966
960 1015
960 1192
960 1406
960 1590
961 1540
961 1687
961 1693
961 1826
961 1890
961 1995
962 974
962 1161
962 1682
962 1921
963 1185
963 1248
963 1334
963 1343
963 1430
964 1131
964 1438
964 1743
965 1058
965 1647
965 1756
965 1860
966 1283
966 1322
966 1358
966 1708
966 1709
966 1838
966 1959
966 1960
967 1365
967 1370
968 1196
968 1349
969 1653
969 1654
970 1083
970 1386
970 1786
971 990
971 1047
971 1279
971 1295
971 1595
971 1676
971 1703
971 1878
972 1209
972 1416
972 1565
972 1631
972 1714
973 1287
973 1420
973 1623
973 1877
973 1975
974 1083
974 1211
974 1227
974 1325
974 1354
974 1376
974 1473
974 1633
974 1699
974 1818
975 1042
975 1399
975 1649
975 1962
976 1355
976 1512
976 1567
976 1907
977 1015
977 1080
977 1097
977 1163
977 1241
977 1651
978 1100
978 1252
978 1262
978 1280
978 1349
978 1399
978 1727
979 1165
979 1370
979 1791
979 1921
980 1651
980 1831
980 1920
981 1103
981 1178
981 1371
981 1449
981 1963
982 1043
982 1369
982 1454
982 1599
983 1400
983 1655
983 1723
984 1083
984 1889
985 1127
985 1854
986 1123
986 1266
986 1482
986 1528
987 1145
987 1249
987 1418
987 1527
987 1892
988 1421
988 1615
988 1636
988 1637
988 1687
989 1026
989 1394
989 1446
989 1479
989 1676
989 1740
989 1792
989 1926
990 1568
990 1635
990 1870
991 1054
991 1167
991 1200
991 1277
991 1658
992 1208
992 1606
992 1870
993 1381
993 1498
993 1753
993 1860
993 1868
994 1440
994 1539
994 1688
994 1764
995 1006
995 1241
995 1267
995 1768
995 1952
996 1033
996 1040
996 1244
996 1350
996 1526
996 1693
997 1015
997 1128
997 1271
998 1262
998 1306
998 1530
998 1927
999 1158
999 1310
999 1457
999 1726
1000 1013
1001 1390
1001 1466
1001 1938
1002 1073
1002 1152
1002 1446
1002 1502
1002 1624
1002 1789
1002 1860
1002 1926
1003 1059
1003 1293
1003 1452
1003 1705
1003 1937
1003 1941
1004 1159
1004 1347
1004 1691
1004 1846
1004 1858
1005 1022
1005 1185
1005 1203
1005 1331
1005 1630
1006 1112
1006 1659
1007 1126
1007 1314
1007 1451
1007 1722
1007 1911
1008 1028
1008 1307
1008 1387
1008 1518
1008 1759
1008 1809
1009 1386
1009 1452
1009 1762
1009 1764
1009 1768
1010 1268
1011 1430
1012 1043
1012 1156
1012 1543
1012 1681
1012 1692
1012 1706
1012 1737
1013 1148
1013 1174
1013 1387
1013 1816
1015 1047
1015 1304
1015 1407
1015 1638
1015 1760
1015 1800
1015 1954
1016 1254
1016 1300
1016 1509
1016 1542
1016 1579
1016 1610
1017 1037
1017 1664
1017 1718
1017 1887
1017 1939
1018 1063
1018 1164
1018 1232
1018 1357
1018 1388
1018 1590
1018 1786
1018 1800
1019 1239
1019 1502
1019 1590
1019 1617
1020 1660
1020 1950
1021 1059
1021 1386
1021 1460
1021 1889
1022 1223
1022 1269
1022 1398
1022 1526
1022 1579
1022 1965
1023 1048
1023 1678
1024 1232
1024 1283
1024 1339
1024 1595
1024 1796
1024 1825
1025 1400
1025 1408
1025 1584
1025 1881
1025 1923
1026 1413
1026 1509
1027 1376
1027 1549
1027 1755
1028 1299
1028 1638
1029 1939
1029 1973
1030 1406
1030 1525
1030 1574
1030 1613
1030 1799
1030 1843
1030 1960
1031 1084
1031 1317
1031 1532
1031 1687
1031 1934
1032 1512
1032 1561
1032 1823
1033 1250
1033 1395
1033 1798
1034 1250
1034 1501
1034 1802
1035 1272
1035 1471
1035 1538
1035 1671
1035 1804
1035 1948
1036 1240
1036 1280
1036 1417
1036 1426
1036 1476
1037 1127
1037 1154
1037 1322
1037 1507
1037 1561
1037 1591
1037 1733
1038 1163
1038 1164
1038 1200
1038 1304
1038 1421
1038 1617
1038 1696
1039 1098
1039 1212
1039 1320
1039 1418
1039 1507
1039 1672
1039 1820
1039 1894
1040 1089
1040 1143
1040 1547
1041 1176
1041 1561
1041 1569
1042 1380
1042 1466
1042 1731
1042 1872
1042 1973
1043 1135
1043 1202
1043 1498
1043 1656
1043 1804
1044 1266
1044 1402
1044 1428
1044 1670
1045 1813
1045 1950
1046 1079
1046 1154
1046 1230
1046 1831
1047 1068
1047 1218
1047 1479
1047 1632
1047 1865
1048 1050
1048 1359
1048 1597
1048 1683
1048 1923
1049 1151
1049 1179
1049 1292
1049 1930
1050 1173
1050 1585
1050 1622
1051 1078
1051 1382
1051 1555
1051 1725
1051 1943
1052 1190
1052 1381
1052 1413
1053 1283
1053 1304
1053 1737
1053 1882
1054 1143
1054 1924
1054 1993
1055 1616
1055 1820
1056 1432
1056 1502
1056 1681
1056 1792
1056 1930
1057 1321
1057 1440
1057 1882
1057 1909
1058 1146
1058 1257
1058 1290
1058 1304
1058 1387
1058 1567
1058 1641
1059 1073
1059 1375
1059 1492
1059 1541
1059 1921
1060 1174
1060 1979
1061 1152
1061 1230
1061 1351
1061 1613
1061 1948
1062 1111
1062 1146
1062 1159
1062 1381
1062 1423
1062 1441
1062 1496
1062 1578
1062 1854
1063 1184
1063 1376
1063 1775
1064 1266
1064 1367
1064 1403
1064 1522
1064 1743
1065 1666
1065 1887
1066 1130
1066 1149
1066 1419
1066 1499
1066 1616
1066 1636
1066 1711
1067 1197
1067 1243
1067 1652
1067 1722
1067 1956
1068 1192
1068 1242
1068 1293
1068 1309
1068 1558
1069 1112
1069 1254
1070 1322
1070 1324
1071 1178
1071 1294
1071 1888
1071 1986
1073 1378
1073 1692
1074 1620
1074 1811
1074 1812
1074 1858
1074 1986
1074 1996
1075 1164
1075 1178
1075 1279
1075 1440
1075 1546
1076 1257
1076 1560
1077 1214
1077 1267
1077 1288
1077 1408
1077 1672
1078 1451
1078 1477
1078 1592
1078 1742
1078 1849
1078 1891
1078 1933
1078 1955
1078 1995
1079 1805
1080 1152
1080 1252
1080 1428
1080 1683
1080 1838
1080 1860
1081 1587
1081 1608
1081 1634
1081 1895
1082 1190
1082 1824
1083 1485
1083 1805
1084 1338
1084 1354
1084 1434
1084 1809
1084 1845
1085 1170
1085 1439
1085 1720
1086 1239
1086 1405
1087 1224
1087 1620
1087 1709
1087 1882
1088 1366
1089 1390
1089 1511
1089 1541
1089 1814
1089 1987
1090 1452
1090 1635
1090 1682
1090 1873
1091 1445
1091 1539
1091 1550
1091 1846
1092 1722
1092 1793
1092 1954
1093 1638
1093 1746
1093 1849
1093 1957
1094 1132
1095 1249
1095 1953
1096 1600
1096 1655
1096 1716
1096 1756
1096 1889
1097 1144
1097 1178
1097 1185
1097 1302
1097 1825
1098 1281
1098 1364
1098 1380
1098 1413
1098 1675
1098 1767
1098 1774
1098 1775
1099 1277
1099 1571
1099 1580
1099 1590
1099 1645
1099 1682
1099 1917
1100 1116
1100 1229
1100 1256
1100 1912
1100 1954
1100 1988
1101 1214
1101 1484
1102 1240
1102 1703
1102 1855
1103 1231
1103 1400
1104 1119
1105 1107
1105 1972
1107 1245
1107 1400
1107 1544
1107 1614
1108 1181
1108 1304
1108 1346
1108 1368
1109 1212
1109 1532
1109 1670
1110 1487
1110 1489
1111 1199
1111 1274
1111 1643
1111 1813
1111 1933
1112 1194
1112 1239
1112 1536
1112 1611
1112 1814
1112 1898
1112 1911
1113 1184
1113 1580
1113 1699
1113 1716
1113 1935
1114 1194
1114 1347
1114 1686
1114 1756
1115 1129
1115 1190
1115 1250
1115 1435
1115 1839
1115 1892
1115 1939
1116 1728
1116 1861
1117 1308
1117 1524
1117 1683
1118 1137
1118 1485
1118 1790
1118 1969
1119 1671
1119 1813
1119 1910
1120 1288
1120 1498
1120 1503
1120 1518
1120 1548
1120 1677
1120 1819
1120 1872
1121 1153
1121 1475
1121 1626
1121 1690
1121 1851
1122 1167
1122 1476
1122 1495
1122 1505
1122 1970
1123 1256
1123 1350
1123 1469
1123 1587
1123 1604
1123 1624
1123 1667
1123 1726
1123 1879
1123 1891
1123 1919
1124 1304
1124 1433
1124 1879
1124 1957
1125 1193
1125 1248
1125 1409
1125 1417
1125 1491
1125 1592
1125 1692
1125 1793
1125 1878
1125 1900
1126 1261
1126 1264
1126 1415
1126 1585
1126 1764
1126 1776
1127 1153
1127 1445
1127 1491
1127 1497
1127 1826
1127 1844
1128 1207
1128 1361
1128 1500
1128 1595
1129 1242
1129 1244
1129 1275
1129 1404
1129 1548
1129 1596
1129 1680
1130 1169
1130 1570
1130 1603
1130 1699
1130 1712
1131 1202
1131 1225
1131 1672
1131 1700
1131 1747
1131 1837
1131 1877
1131 1984
1131 1989
1132 1329
1132 1363
1132 1539
1132 1946
1133 1293
1133 1295
1133 1483
1133 1561
1133 1722
1134 1147
1134 1315
1134 1468
1134 1542
1134 1588
1134 1649
1134 1810
1134 1812
1136 1493
1136 1650
1137 1289
1137 1515
1137 1946
1138 1189
1138 1324
1138 1741
1138 1835
1139 1580
1139 1961
1140 1325
1140 1436
1140 1939
1141 1414
1141 1450
1141 1554
1141 1583
1141 1606
1141 1904
1142 1516
1142 1716
1142 1948
1143 1149
1143 1283
1143 1564
1143 1782
1144 1711
1144 1806
1145 1363
1145 1385
1145 1665
1145 1724
1145 1841
1145 1908
1146 1205
1146 1420
1146 1551
1146 1626
1146 1956
1147 1287
1147 1727
1148 1530
1148 1549
1148 1638
1149 1499
1149 1931
1150 1291
1150 1410
1150 1929
1150 1946
1151 1251
1151 1984
1152 1265
1152 1404
1152 1478
1152 1598
1152 1780
1152 1831
1152 1864
1153 1337
1153 1469
1153 1842
1154 1584
1154 1769
1154 1989
1155 1699
1156 1516
1156 1721
1156 1796
1156 1953
1157 1212
1157 1493
1157 1521
1157 1737
1157 1805
1157 1953
1158 1449
1158 1577
1158 1654
1158 1659
1158 1813
1159 1324
1159 1604
1159 1770
1159 1830
1159 1862
1160 1771
1161 1590
1161 1854
1161 1991
1162 1536
1162 1548
1162 1592
1162 1708
1162 1972
1163 1234
1163 1403
1163 1501
1163 1594
1163 1835
1164 1397
1164 1558
1164 1584
1164 1945
1165 1302
1165 1326
1165 1869
1165 1905
1166 1325
1166 1570
1166 1618
1166 1720
1166 1760
1167 1215
1167 1321
1167 1358
1167 1609
1168 1414
1168 1490
1168 1659
1168 1722
1169 1196
1169 1352
1169 1451
1169 1668
1170 1215
1170 1648
1170 1735
1170 2000
1171 1303
1171 1431
1171 1676
1172 1498
1172 1500
1173 1231
1173 1266
1173 1581
1173 1593
1173 1750
1173 1852
1174 1699
1175 1300
1175 1363
1175 1431
1175 1629
1175 1904
1176 1371
1176 1499
1176 1684
1176 1777
1176 1818
1177 1248
1177 1780
1177 1863
1178 1229
1178 1403
1178 1702
1178 1902
1178 1903
1179 1407
1179 1641
1179 1846
1179 1916
1180 1344
1180 1610
1180 1997
1181 1238
1181 1341
1181 1417
1181 1861
1181 1969
1182 1436
1183 1312
1183 1563
1183 1778
1183 1924
1184 1593
1184 1753
1185 1345
1185 1445
1186 1539
1186 1584
1186 1622
1186 1782
1186 1861
1186 1964
1187 1212
1187 1900
1188 1356
1188 1385
1188 1504
1189 1211
1189 1350
1189 1392
1189 1477
1189 1554
1189 1556
1189 1596
1189 1733
1189 1917
1190 1315
1191 1320
1191 1427
1191 1637
1191 1656
1191 1937
1192 1297
1192 1328
1192 1425
1192 1695
1192 1766
1192 1771
1193 1427
1194 1356
1194 1409
1194 1501
1194 1677
1195 1583
1195 1882
1195 1992
1196 1960
1197 1467
1197 1647
1198 1599
1198 1836
1198 1931
1199 1315
1199 1537
1199 1542
1199 1547
1199 1899
1199 1941
1200 1246
1200 1367
1200 1379
1200 1714
1200 1974
1201 1383
1201 1600
1201 1911
1202 1471
1202 1777
1203 1255
1203 1460
1203 1731
1204 1320
1204 1404
1204 1422
1204 1920
1205 1490
1205 1569
1205 1744
1207 1365
1207 1523
1207 1555
1207 1587
1207 1805
1207 1964
1208 1376
1208 1383
1208 1854
1209 1279
1209 1901
1209 1975
1210 1558
1210 1633
1211 1569
1211 1825
1212 1723
1212 1759
1212 1943
1213 1249
1213 1408
1213 1672
1213 1903
1213 1906
1213 1936
1213 1945
1214 1459
1214 1492
1214 1545
1214 1746
1214 1924
1214 1936
1214 1947
1214 1957
1215 1241
1215 1292
1215 1343
1215 1598
1215 1994
1216 1717
1216 1850
1217 1238
1217 1779
1217 1834
1218 1354
1218 1989
1219 1563
1219 1890
1220 1604
1220 1750
1221 1389
1221 1494
1221 1615
1221 1693
1221 1944
1222 1354
1222 1822
1222 1991
1223 1434
1223 1886
1224 1654
1224 1677
1224 1689
1224 1704
1224 1706
1224 1717
1225 1405
1225 1578
1225 1688
1227 1788
1227 1842
1228 1786
1229 1478
1229 1856
1230 1364
1230 1434
1230 1690
1231 1492
1231 1515
1231 1846
1231 1884
1232 1451
1232 1499
1232 1716
1233 1332
1233 1366
1233 1557
1233 1636
1234 1284
1234 1474
1234 1693
1234 1906
1235 1257
1235 1501
1235 1592
1235 1662
1235 1706
1235 1717
1235 1741
1235 1991
1236 1311
1236 1456
1236 1924
1236 1979
1237 1286
1237 1462
1237 1615
1237 1802
1238 1354
1238 1611
1238 1842
1238 1845
1238 1879
1238 1978
1239 1640
1239 1999
1240 1507
1241 1306
1242 1291
1242 1335
1242 1693
1243 1524
1243 1565
1243 1803
1243 1804
1244 1538
1244 1732
1244 1853
1245 1301
1245 1392
1245 1422
1245 1523
1246 1334
1246 1587
1246 1730
1246 1778
1246 1814
1246 1870
1248 1730
1249 1264
1249 1308
1249 1449
1249 1600
1249 1759
1249 1846
1250 1253
1250 1279
1250 1339
1250 1655
1250 1710
1251 1354
1251 1552
1251 1602
1251 1606
1251 1629
1251 1650
1251 1901
1252 1401
1252 1726
1252 1986
1253 1283
1253 1327
1253 1484
1253 1671
1253 1721
1253 1777
1254 1268
1254 1537
1255 1367
1255 1554
1256 1319
1257 1475
1257 1560
1257 1921
1257 1984
1257 1995
1258 1308
1258 1410
1258 1990
1259 1347
1259 1606
1259 1647
1260 1342
1260 1633
1260 1655
1261 1291
1261 1306
1261 1369
1261 1370
1261 1662
1261 1821
1262 1450
1262 1460
1262 1575
1262 1678
1262 1995
1263 1495
1264 1308
1264 1516
1264 1579
1265 1689
1265 1692
1265 1792
1266 1678
1267 1273
1267 1301
1267 1512
1267 1577
1267 1664
1267 1745
1267 1747
1268 1632
1268 1995
1269 1574
1269 1594
1269 1602
1269 1660
1269 1741
1269 1987
1270 1322
1270 1433
1270 1541
1270 1684
1270 1688
1270 1865
1271 1384
1271 1441
1271 1455
1271 1859
1272 1355
1272 1766
1273 1501
1273 1635
1273 1733
1274 1283
1274 1336
1274 1346
1274 1851
1274 1922
1275 1715
1275 1788
1275 1820
1275 1844
1275 1957
1276 1292
1276 1346
1276 1424
1276 1543
1277 1345
1277 1511
1277 1669
1278 1663
1278 1820
1279 1505
1279 1571
1280 1454
1280 1481
1280 1643
1280 1770
1280 1979
1281 1394
1281 1472
1282 1402
1282 1639
1282 1856
1282 1864
1284 1342
1284 1498
1284 1516
1284 1725
1285 1733
1285 1954
1286 1310
1286 1726
1287 1323
1287 1405
1287 1485
1287 1665
1287 1746
1287 1958
1288 1839
1290 1323
1290 1337
1290 1438
1290 1715
1290 1782
1290 1814
1290 1839
1291 1691
1291 1699
1291 1766
1291 1936
1292 1334
1292 1678
1292 1745
1292 1757
1292 1786
1292 1848
1295 1323
1295 1352
1295 1452
1295 1495
1296 1349
1297 1308
1297 1407
1297 1478
1297 1549
1297 1603
1298 1541
1298 1748
1298 1964
1299 1543
1299 1645
1299 1930
1299 1932
1300 1405
1300 1719
1300 1883
1301 1427
1301 1895
1302 1475
1302 1640
1302 1664
1303 1888
1304 1399
1304 1825
1305 1630
1305 1653
1306 1476
1306 1643
1306 1868
1307 1772
1307 1931
1308 1459
1308 1483
1308 1555
1308 1769
1309 1435
1309 1568
1309 1744
1310 1518
1310 1658
1310 1814
1311 1469
1312 1315
1312 1491
1312 1572
1312 1679
1312 1691
1312 1714
1312 1820
1313 1412
1313 1518
1313 1732
1313 1908
1314 1322
1314 1420
1314 1442
1314 1679
1315 1771
1316 1353
1316 1752
1317 1348
1317 1373
1317 1798
1317 1854
1317 1864
1318 1403
1318 1427
1318 1552
1319 1575
1319 1786
1319 1856
1319 1963
1320 1596
1320 1718
1321 1647
1321 1919
1322 1412
1322 1723
1322 1729
1322 1847
1323 1628
1323 1801
1323 1909
1323 1911
1324 1376
1324 1890
1325 1436
1325 1461
1325 1801
1325 1818
1326 1659
1326 1876
1327 1666
1327 1740
1328 1409
1328 1411
1328 1813
1329 1374
1329 1656
1329 1721
1329 1880
1329 1957
1330 1445
1330 1679
1330 1726
1330 1909
1330 1955
1331 1417
1331 1418
1331 1560
1332 1749
1332 1779
1333 1603
1333 1621
1333 1765
1334 1393
1334 1593
1334 1609
1334 1757
1334 1866
1335 1355
1336 1816
1337 1565
1337 1758
1337 1810
1338 1498
1338 1596
1338 1672
1338 1796
1339 1901
1340 1595
1340 1624
1340 1768
1340 1803
1340 1886
1341 1729
1341 1986
1342 1835
1343 1510
1343 1646
1343 1731
1344 1481
1344 1656
1344 1885
1345 1641
1345 1739
1346 1424
1346 1873
1347 1961
1348 1363
1348 1604
1349 1583
1349 1792
1350 1417
1350 1592
1350 1623
1350 1637
1350 1878
1351 1401
1351 1819
1352 1406
1352 1530
1352 1674
1352 1791
1352 1796
1352 1811
1352 1891
1353 1549
1353 1576
1353 1663
1354 1712
1354 1745
1354 1849
1354 1986
1355 1395
1355 1409
1355 1439
1356 1757
1356 1903
1356 1956
1357 1390
1357 1431
1357 1472
1357 1597
1357 1750
1357 1778
1357 1878
1357 1898
1358 1382
1358 1509
1358 1722
1358 1986
1359 1543
1359 1780
1359 1943
1360 1379
1360 1733
1361 1391
1361 1796
1362 1488
1362 1528
1362 1801
1363 1391
1364 1496
1364 1683
1364 1953
1365 1447
1365 1485
1365 1584
1365 1649
1365 1810
1366 1464
1367 1695
1367 1853
1368 1584
1368 1824
1369 1613
1369 1720
1369 1752
1369 1772
1369 1868
1369 1872
1369 1896
1369 1911
1371 1483
1371 1493
1371 1622
1371 1743
1371 1800
1371 1899
1371 1939
1372 1540
1372 1961
1373 1561
1373 1637
1373 1795
1374 1563
1374 1581
1374 1604
1374 1709
1375 1378
1375 1494
1375 1959
1376 1533
1376 1576
1376 1873
1377 1511
1377 1596
1377 1603
1377 1989
1379 1636
1379 1922
1380 1649
1380 1758
1380 1896
1380 1948
1381 1391
1381 1917
1382 1900
1383 1402
1383 1969
1384 1679
1384 1758
1385 1475
1385 1775
1385 1816
1387 1484
1387 1582
1387 1780
1388 1765
1388 1795
1388 1819
1388 1867
1389 1894
1389 1933
1389 1955
1389 1988
1390 1464
1390 1676
1391 1395
1391 1587
1391 1749
1391 1859
1391 1968
1391 1995
1392 1461
1392 1798
1392 1820
1392 1965
1393 1434
1393 1476
1393 1653
1393 1783
1393 1949
1394 1503
1394 1637
1395 1635
1395 1770
1395 1931
1396 1656
1396 1687
1396 1820
1397 1511
1398 1652
1398 1897
1398 1990
1399 1615
1400 1555
1400 1606
1400 1635
1400 1873
1401 1470
1401 1655
1402 1437
1402 1677
1402 1827
1402 1902
1403 1841
1403 1886
1404 1417
1404 1752
1405 1668
1405 1715
1405 1934
1405 1957
1406 1749
1406 1818
1407 1569
1407 1615
1407 1675
1408 1506
1409 1441
1409 1470
1410 1786
1410 1951
1411 1668
1411 1746
1411 1781
1411 1791
1411 1982
1412 1831
1412 1836
1413 1444
1413 1797
1413 1829
1414 1417
1414 1469
1414 1789
1414 1965
1415 1596
1415 1909
1416 1591
1416 1599
1416 1858
1417 1861
1417 1965
1418 1536
1418 1970
1419 1473
1419 1533
1419 1886
1420 1558
1420 1694
1420 1779
1421 1823
1422 1603
1422 1710
1422 1833
1422 1864
1423 1669
1423 1711
1423 1883
1425 1806
1425 1808
1426 1715
1426 1790
1427 1703
1427 1899
1428 1668
1428 1930
1429 1459
1429 1933
1430 1448
1430 1461
1430 1535
1430 1676
1430 1700
1430 1714
1430 1852
1431 1604
1431 1892
1431 1937
1432 1461
1432 1471
1432 1714
1433 1952
1434 1538
1434 1949
1435 1454
1435 1975
1436 1511
1436 1555
1436 1623
1436 1829
1436 1927
1436 1948
1437 1461
1437 1790
1437 1906
1437 1918
1438 1806
1439 1441
1439 1484
1439 1598
1439 1602
1439 1825
1440 1983
1440 1984
1442 1527
1442 1668
1442 1826
1442 1888
1442 1986
1443 1499
1444 1451
1444 1923
1445 1500
1445 1774
1445 1807
1446 1462
1447 1575
1447 1679
1447 1830
1447 1855
1447 1882
1448 1580
1449 1762
1449 1821
1449 1823
1449 1834
1449 1839
1449 1910
1449 1966
1450 1563
1450 1900
1451 1463
1451 1507
1451 1784
1451 1874
1451 1878
1451 1909
1452 1789
1453 1658
1454 1688
1454 1725
1455 1457
1455 1832
1456 1506
1456 1899
1457 1498
1457 1611
1457 1747
1458 1485
1458 1569
1458 1754
1458 1971
1459 1935
1460 1676
1460 1874
1461 1552
1462 1668
1462 1842
1463 1925
1464 1662
1464 1885
1465 1545
1465 1600
1465 1803
1465 1893
1466 1703
1466 1718
1466 1744
1466 1753
1466 1844
1467 1608
1467 1637
1469 1515
1469 1836
1470 1580
1470 1595
1470 1597
1470 1717
1470 1764
1470 1852
1470 1981
1470 1996
1472 1679
1472 1880
1473 1779
1473 1781
1474 1518
1474 1520
1474 1538
1474 1629
1474 1808
1474 1870
1475 1689
1475 1974
1476 1596
1476 1654
1476 1655
1476 1693
1477 1531
1477 1870
1478 1805
1478 1971
1479 1482
1479 1677
1479 1939
1479 1993
1480 1880
1480 1933
1481 1759
1481 1872
1482 1632
1483 1763
1483 1826
1483 1963
1485 1497
1485 1570
1485 1704
1485 1869
1486 1597
1486 1756
1486 1789
1486 1797
1486 1847
1487 1721
1487 1842
1487 1876
1487 1951
1488 1761
1488 1813
1488 1835
1489 1530
1489 1828
1490 1679
1490 1755
1490 1815
1490 1881
1491 1562
1491 1794
1492 1701
1493 1503
1493 1751
1494 1654
1495 1544
1495 1697
1495 1820
1495 1913
1495 1986
1496 1550
1496 1622
1496 1941
1496 1993
1497 1501
1497 1866
1497 1867
1498 1500
1498 1565
1498 1898
1498 1906
1499 1643
1499 1752
1499 1758
1499 1991
1500 1596
1501 1937
1502 1519
1502 1551
1502 1597
1503 1794
1504 1864
1504 1889
1504 1952
1504 1982
1505 1534
1505 1820
1506 1613
1506 1665
1506 1777
1507 1690
1507 1977
1508 1678
1508 1684
1508 1686
1508 1765
1508 1777
1509 1520
1509 1593
1509 1640
1510 1727
1510 1755
1510 1803
1510 1930
1511 1626
1511 1868
1513 1782
1514 1525
1514 1581
1514 1625
1515 1701
1515 1789
1516 1606
1516 1620
1516 1639
1516 1701
1516 1949
1517 1542
1517 1645
1517 1658
1517 1790
1518 1963
1519 1662
1519 1839
1519 1883
1521 1743
1522 1780
1522 1799
1522 1801
1522 1883
1523 1951
1524 1933
1525 1795
1526 1645
1526 1682
1526 1863
1528 1822
1529 1635
1529 1643
1529 1685
1530 1594
1530 1631
1530 1660
1530 1906
1531 1637
1531 1976
1532 1771
1533 1659
1533 1840
1533 1897
1533 1918
1536 1976
1537 1701
1537 1762
1537 1909
1537 1978
1538 1578
1538 1821
1538 1824
1539 1729
1540 1652
1541 1953
1542 1699
1542 1926
1544 1914
1545 1664
1545 1678
1545 1734
1545 1866
1546 1584
1546 1693
1546 1936
1547 1751
1548 1982
1549 1680
1549 1724
1549 1757
1549 1896
1550 1791
1551 1576
1551 1613
1551 1715
1551 1924
1551 1944
1552 1670
1552 1763
1552 1812
1556 1644
1556 1679
1556 1922
1557 1626
1557 1802
1558 1693
1558 1865
1558 1939
1559 1697
1559 1700
1559 1819
1559 1912
1560 1613
1560 1652
1561 1662
1561 1750
1562 1674
1562 1754
1562 1911
1563 1803
1564 1600
1564 1645
1564 1666
1564 1700
1564 1754
1564 1765
1564 1864
1565 1586
1565 1672
1565 1968
1566 1583
1566 1628
1566 1984
1567 1621
1569 1938
1569 1952
1569 1972
1570 1630
1570 1918
1570 1990
1571 1849
1571 1942
1571 1944
1573 1636
1574 1673
1574 1920
1574 1960
1575 1619
1575 1695
1575 1929
1576 1645
1576 1796
1577 1670
1577 1956
1578 1953
1579 1598
1579 1600
1579 1625
1579 1908
1579 1993
1580 1787
1580 1835
1581 1741
1581 1797
1581 1805
1582 1828
1583 1940
1583 1943
1583 1984
1584 1765
1584 1835
1584 1852
1585 1895
1586 1754
1586 1801
1588 1761
1588 1888
1589 1647
1589 1650
1589 1684
1589 1698
1589 1753
1589 1777
1589 1845
1590 1734
1591 1696
1591 1706
1591 1899
1592 1602
1592 1708
1592 1983
1593 1684
1593 1696
1593 1818
1593 1937
1593 1947
1593 1948
1594 1608
1594 1737
1595 1903
1596 1658
1596 1730
1596 1799
1597 1731
1597 1780
1597 1951
1597 1970
1597 1999
1599 1687
1599 1707
1599 1873
1599 1906
1600 1973
1601 1685
1601 1934
1603 1793
1604 1847
1606 1674
1606 1697
1606 1902
1607 1616
1607 1620
1607 1635
1607 1810
1607 1823
1607 1859
1608 1819
1608 1848
1608 1862
1608 1979
1609 1993
1610 1801
1610 1878
1610 1908
1612 1995
1613 1981
1613 1985
1614 1617
1615 1788
1615 1960
1617 1956
1618 1622
1618 1722
1618 1825
1619 1656
1619 1803
1619 1859
1619 1977
1620 1823
1620 1951
1621 1626
1622 1733
1622 1815
1622 1836
1622 1853
1623 1889
1624 1669
1624 1999
1625 1862
1625 1898
1626 1630
1626 1652
1626 1807
1626 1993
1627 1646
1627 1721
1628 1803
1629 1660
1629 1799
1629 1861
1629 1867
1629 1912
1629 1938
1630 1642
1631 1644
1631 1841
1632 1639
1632 1664
1632 1779
1634 1717
1634 1719
1635 1695
1636 1640
1636 1760
1636 1818
1637 1670
1637 1898
1638 1735
1638 1808
1638 1921
1639 1683
1639 1993
1641 1663
1641 1801
1641 1870
1643 1765
1643 1788
1643 1906
1644 1956
1645 1777
1645 1940
1645 1993
1646 1679
1646 1714
1646 1902
1647 1877
1647 1895
1650 1761
1650 1848
1650 1864
1652 1718
1653 1684
1653 1859
1654 1842
1655 1840
1655 1938
1656 1752
1658 1746
1659 1771
1659 1836
1659 1977
1659 1989
1661 1859
1661 1885
1662 1772
1663 1664
1663 1990
1664 1757
1664 1811
1664 1819
1664 1940
1664 1948
1664 1987
1665 1703
1665 1868
1667 1718
1667 1798
1668 1966
1669 1674
1669 1696
1669 1961
1670 1847
1671 1758
1671 1769
1671 1782
1671 1923
1673 1945
1673 1989
1676 1760
1676 1990
1677 1862
1679 1768
1679 1937
1679 1997
1680 1690
1680 1799
1680 1899
1680 1960
1681 1741
1682 1808
1682 1942
1682 1972
1682 1979
1683 1815
1683 1975
1684 1751
1685 1810
1685 1826
1686 1966
1687 1821
1689 1701
1689 1728
1689 1774
1691 1756
1691 1767
1691 1997
1692 1974
1693 1792
1694 1780
1694 1897
1694 1925
1694 1926
1694 1958
1695 1777
1695 1970
1696 1895
1697 1935
1698 1710
1699 1805
1699 1907
1702 1990
1703 1827
1703 1905
1703 1924
1703 1965
1704 1769
1704 1806
1704 1895
1706 1744
1706 1817
1707 1814
1709 1901
1710 1844
1711 1769
1712 1991
1713 1925
1713 1970
1714 1738
1714 1924
1716 1933
1717 1859
1717 1904
1718 1768
1721 1844
1722 1733
1722 1769
1722 1846
1723 1868
1723 1992
1724 1745
1724 1794
1724 1953
1725 1848
1727 1915
1728 1894
1729 1732
1729 1821
1729 1897
1730 1758
1732 1877
1734 1897
1735 1806
1736 1810
1737 1888
1739 1790
1741 1782
1741 1975
1742 1965
1743 1810
1743 1859
1744 1748
1744 1849
1748 1839
1750 1941
1751 1842
1756 2000
1759 1814
1760 1906
1761 1828
1761 1909
1761 1999
1762 1779
1764 1912
1765 1868
1765 1950
1766 1789
1766 1999
1767 1956
1768 1885
1769 1820
1771 1834
1771 1967
1773 1823
1773 1959
1774 1998
1775 1820
1777 1847
1778 1969
1779 1871
1780 1959
1782 1870
1783 1837
1785 1991
1786 1812
1787 1847
1788 1812
1788 1929
1789 1800
1789 1938
1791 1886
1792 1842
1793 1893
1794 1821
1796 1865
1797 1979
1798 1862
1798 1995
1799 1914
1801 1989
1805 1820
1805 1858
1805 1885
1806 1816
1807 1808
1807 1903
1809 1904
1809 1989
1811 1917
1812 1844
1813 1851
1814 1982
1814 1986
1817 1849
1817 1863
1817 1942
1819 1980
1820 1980
1823 1863
1825 1841
1825 1965
1826 1883
1830 1981
1831 1981
1832 1882
1832 1916
1833 1930
1834 1948
1834 1971
1835 1969
1838 1901
1838 1977
1839 1847
1839 1861
1839 1873
1841 1972
1842 1854
1845 1949
1846 1969
1848 1895
1848 1943
1853 1861
1857 1877
1857 1927
1858 1902
1858 1910
1859 1935
1860 1891
1861 1879
1862 1882
1863 1912
1866 1919
1866 1941
1866 1968
1869 1878
1870 1900
1872 1957
1873 1922
1878 1929
1879 1910
1881 1963
1883 1974
1884 1921
1885 1915
1888 1994
1893 1969
1896 1923
1896 1956
1898 1957
1898 1976
1899 1913
1899 1939
1909 1939
1910 1990
1912 1966
1913 1960
1913 1995
1919 1982
1921 1927
1921 1942
1923 1979
1926 1933
1926 1969
1935 1972
1939 1948
1941 1950
1944 1947
1950 1954
1950 1985
1956 2000
1967 1972
1977 1999
1983 1994
1993 1994