2000
1 181
1 1147
1 1256
1 1312
1 1355
1 1461
1 1725
2 32
2 459
2 477
2 643
2 821
2 1079
2 1107
2 1286
2 1430
2 1472
3 272
3 287
3 759
3 865
3 891
3 1088
3 1211
3 1262
3 1454
3 1511
3 1574
4 17
4 135
4 165
4 257
4 510
4 915
4 1113
4 1741
4 1872
4 1920
4 1928
5 246
5 568
5 571
5 741
5 807
5 979
5 980
5 1019
5 1500
5 1747
5 1854
6 177
6 329
6 561
6 863
6 886
6 1046
6 1195
6 1314
6 1518
6 1608
6 1801
6 1967
7 196
7 780
7 1415
7 1587
7 1720
7 1801
7 1918
8 19
8 75
8 88
8 111
8 834
8 933
8 1083
8 1137
8 1381
8 1563
8 1604
8 1689
8 1711
8 1891
8 1982
9 373
9 383
9 568
9 624
9 849
9 1169
9 1666
9 1867
10 49
10 300
10 602
10 824
10 1118
10 1225
10 1375
10 1550
10 1552
10 1683
11 185
11 350
11 636
11 835
11 908
11 919
11 1413
12 187
12 262
12 391
12 562
12 732
12 752
12 820
12 925
12 1273
12 1581
12 1860
13 833
13 1013
13 1030
13 1537
13 1579
13 1602
13 1688
13 1877
13 1909
14 16
14 58
14 60
14 90
14 704
14 778
14 1085
14 1208
14 1660
14 1680
14 1705
15 200
15 256
15 534
15 888
15 1439
15 1646
15 1648
15 1862
15 1959
16 42
16 330
16 385
16 926
16 1279
17 518
17 764
17 1264
17 1274
17 1282
17 1419
17 1793
17 1807
17 1904
18 132
18 260
18 497
18 576
18 622
18 974
18 1053
18 1299
18 1485
18 1533
18 1753
18 1813
18 1862
19 217
19 597
19 978
19 1318
19 1333
19 1376
19 1947
20 97
20 433
20 811
20 1001
20 1267
20 1525
20 1599
20 1879
20 1956
21 33
21 91
21 501
21 1214
21 1910
22 533
22 972
22 1033
22 1082
22 1321
22 1412
22 1487
22 1516
22 1776
22 1808
22 1813
22 1843
23 296
23 479
23 664
23 1361
23 1415
23 1618
23 1827
23 1898
24 145
24 204
24 311
24 429
24 475
24 686
24 1349
24 1382
24 1497
24 1719
25 231
25 566
25 866
25 1206
25 1377
25 1669
26 619
26 849
26 904
26 1144
26 1306
26 1683
26 1966
27 31
27 66
27 145
27 540
27 1070
27 1183
27 1330
27 1452
27 1525
27 1796
28 643
28 1550
28 1749
29 86
29 973
29 1095
29 1869
29 1975
30 200
30 292
30 486
30 561
30 698
30 813
30 899
30 975
30 1143
30 1290
30 1308
30 1485
30 1496
30 1533
30 1824
30 1991
31 358
31 719
31 1013
31 1093
31 1575
31 1711
31 1801
32 46
32 845
32 1248
32 1330
32 1462
32 1648
32 1664
32 1776
32 1934
33 54
33 476
33 766
33 1494
33 1588
33 1634
33 1707
33 1860
34 276
34 931
34 1316
34 1349
34 1472
34 1790
34 1805
35 176
35 500
35 854
35 893
35 961
35 1167
35 1328
36 169
36 763
36 811
36 886
36 916
36 1313
36 1347
36 1448
36 1617
37 150
37 374
37 532
37 671
37 752
37 944
37 986
37 1219
37 1591
38 118
38 138
38 167
38 201
38 580
38 872
38 948
38 1002
38 1074
38 1101
38 1193
38 1410
38 1878
39 454
39 629
39 845
39 1303
39 1524
39 1863
39 1930
40 171
40 280
40 585
40 1341
40 1661
41 252
41 646
41 765
41 912
41 1185
41 1194
41 1440
41 1752
41 1817
42 231
42 256
42 508
42 652
42 883
42 1487
42 1653
43 305
43 444
43 615
43 798
43 1029
43 1198
43 1236
43 1904
44 192
44 270
44 891
44 1397
44 1422
44 1932
45 426
45 445
45 586
45 1006
45 1056
45 1641
45 1765
45 1802
46 48
46 448
46 688
46 880
46 1194
46 1246
46 1478
46 1535
46 1719
46 1765
46 1922
47 176
47 353
47 417
47 779
47 816
47 1062
47 1076
47 1092
47 1671
47 1944
48 83
48 425
48 606
48 626
48 932
48 1057
48 1161
48 1298
49 74
49 361
49 943
49 1470
49 1555
49 1676
49 1678
49 1747
49 1811
49 1879
50 137
50 199
50 243
50 343
50 1223
50 1404
50 1477
50 1918
51 935
51 999
51 1150
51 1652
51 1965
52 182
52 205
52 300
52 372
52 558
52 739
52 1993
53 291
53 542
53 610
53 1202
53 1226
53 1615
53 1639
54 219
54 673
54 987
54 1282
54 1719
54 1766
55 406
55 1600
55 1700
55 1824
56 84
56 264
56 351
56 477
56 582
56 1155
56 1164
56 1301
56 1525
56 1583
56 1765
57 500
57 647
57 886
57 1063
57 1079
57 1082
57 1599
57 1715
57 1726
57 1767
57 1926
58 627
58 682
58 916
58 1100
58 1140
58 1247
58 1471
59 119
59 288
59 611
59 699
59 1258
59 1326
59 1384
59 1418
59 1673
60 200
60 292
60 459
60 505
60 527
60 582
60 755
60 1387
60 1480
60 1601
60 1834
60 2000
61 122
61 707
61 902
61 933
61 954
61 1025
61 1125
61 1712
62 324
62 593
62 766
62 871
63 262
63 531
63 620
63 664
63 712
63 1229
63 1340
63 1983
64 78
64 236
64 676
64 757
64 1239
65 163
65 259
65 585
65 804
65 866
65 1449
65 1851
65 1861
66 136
66 189
66 378
66 567
66 912
66 974
66 1034
66 1117
66 1298
66 1418
66 1660
66 1711
67 531
67 612
67 739
67 1172
67 1279
67 1765
68 663
68 751
68 930
68 1822
69 270
69 406
69 850
69 1285
69 1402
69 1494
69 1819
70 475
70 531
70 858
70 1260
70 1445
70 1507
70 1509
70 1634
71 75
71 89
71 342
71 764
71 777
71 1278
71 1628
71 1666
71 1732
71 1735
71 1747
71 1809
71 1873
71 1883
71 1917
72 1121
72 1134
72 1414
72 1615
72 1845
73 593
73 637
73 644
73 736
73 806
73 982
73 1025
73 1120
73 1194
73 1456
73 1727
74 90
74 390
74 554
74 560
74 802
74 1334
74 1417
74 1554
74 1828
75 233
75 563
75 855
75 919
75 1114
75 1337
75 1644
75 1662
75 1759
75 1781
75 1828
76 409
76 465
76 759
76 985
77 312
77 566
77 873
77 1963
78 499
78 752
78 1215
78 1414
78 1556
79 591
79 738
79 749
79 762
79 880
79 1020
80 174
80 488
80 557
80 1060
80 1203
80 1351
80 1573
80 1962
81 87
81 246
81 594
81 729
81 1205
81 1356
81 1503
81 1572
81 1832
82 240
82 761
82 1000
82 1882
83 90
83 230
83 402
83 444
83 588
83 645
83 784
83 837
83 936
83 1019
83 1653
84 253
84 677
84 860
84 897
84 1117
84 1252
85 131
85 153
85 190
85 201
85 384
85 385
85 405
85 469
85 873
85 1076
85 1597
85 1641
85 1804
85 1977
86 115
86 496
86 497
86 504
86 633
86 763
86 830
86 986
86 1388
86 1605
86 1802
86 1820
86 1948
87 279
87 1491
87 1609
87 1765
87 1803
87 1831
87 1868
88 170
88 1226
88 1355
88 1608
88 1620
88 1652
89 259
89 826
89 1236
89 1263
89 1282
89 1392
89 1618
89 1674
90 774
90 977
90 1187
90 1478
90 1913
91 181
91 282
91 600
91 831
91 1033
91 1799
91 1818
92 118
92 139
92 165
92 326
92 438
92 736
92 897
92 973
92 1158
92 1891
93 663
93 688
93 735
93 1268
93 1355
93 1430
93 1476
93 1637
93 1660
93 1855
94 899
94 1603
94 1980
95 900
95 945
95 1326
95 1883
96 350
96 454
96 709
96 970
96 1094
96 1136
96 1282
96 1344
96 1934
97 618
97 675
97 693
97 1110
97 1131
97 1164
97 1638
97 1832
97 1838
97 1905
98 199
98 448
98 668
98 679
98 980
98 998
98 1577
98 1778
99 320
99 473
99 627
99 640
99 1002
99 1003
99 1010
99 1536
100 110
100 171
100 344
100 417
100 439
100 1256
100 1367
100 1942
101 690
101 911
101 1021
101 1104
101 1126
101 1234
101 1239
101 1250
101 1260
101 1281
101 1465
101 1711
101 1836
102 800
102 815
102 891
102 1045
102 1271
102 1338
102 1684
103 140
103 191
103 198
103 345
103 445
103 480
103 931
103 1446
103 1549
103 1887
104 178
104 397
104 1035
104 1093
104 1177
104 1303
104 1438
104 1610
104 1629
104 1842
105 201
105 357
105 966
105 1469
105 1764
105 1906
105 1999
106 121
106 386
106 420
106 581
106 591
106 983
106 990
106 1050
106 1098
106 1282
106 1431
106 1476
106 1528
106 1838
106 1844
107 340
107 363
107 581
107 584
107 603
107 615
107 621
107 1139
107 1474
108 244
108 475
108 685
108 861
108 915
108 933
108 965
108 1393
108 1509
108 1604
108 1993
109 953
109 1047
109 1218
109 1685
109 1880
109 1944
110 504
110 607
110 662
110 687
110 830
110 1161
110 1379
110 1444
110 1749
110 1844
110 1896
111 377
111 511
111 560
111 730
111 1231
111 1568
112 178
112 1595
112 1673
112 1725
113 412
113 431
113 494
113 845
113 894
113 946
113 958
113 1130
113 1158
113 1514
113 1682
113 1725
113 1745
113 1886
114 548
114 739
114 922
114 1180
114 1305
114 1319
114 1437
114 1461
114 1635
115 150
115 511
115 520
115 561
115 1156
115 1653
115 1836
115 1908
116 214
116 775
116 1382
116 1610
116 1816
117 481
117 488
117 816
117 1087
117 1318
117 1457
117 1636
117 1664
117 1986
118 272
118 442
118 559
118 737
118 1001
118 1037
118 1461
118 1777
118 1904
119 179
119 282
119 368
119 403
119 583
119 1401
119 1779
120 375
120 855
120 1179
120 1582
120 1639
120 1741
121 382
121 838
121 891
121 930
121 1207
121 1375
122 311
122 856
122 923
122 988
122 1023
122 1265
122 1401
122 1556
122 1748
123 316
123 747
123 850
123 889
123 905
123 1065
123 1067
123 1164
123 1262
123 1295
123 1564
123 1898
124 704
124 770
124 926
124 976
124 1011
124 1038
124 1307
124 1448
124 1660
124 1712
124 1928
125 405
125 425
125 435
125 524
125 774
125 1179
125 1349
125 1796
125 1908
125 1947
126 183
126 535
126 579
126 696
126 800
126 853
126 934
126 1287
126 1605
127 286
127 427
127 743
127 1175
127 1194
127 1230
127 1236
127 1249
127 1379
127 1745
127 1856
128 206
128 422
128 426
128 532
128 725
128 854
128 968
128 1003
128 1878
128 1971
129 162
129 753
129 815
129 966
129 1279
129 1421
129 1475
129 1585
129 1609
129 1765
130 208
130 232
130 245
130 426
130 452
130 587
130 651
130 667
130 786
130 787
130 1061
130 1478
131 203
131 271
131 350
131 396
131 412
131 450
131 522
131 1018
131 1175
131 1980
132 216
132 359
132 1075
132 1088
132 1175
132 1294
132 1861
132 1914
132 1947
133 148
133 621
133 637
133 720
133 941
133 1049
133 1469
133 1516
133 1618
133 1697
133 1918
133 1951
134 612
134 654
134 793
134 985
134 1059
134 1393
134 1466
134 1505
134 1564
134 1605
134 1667
134 1688
135 246
135 587
135 1309
135 1571
135 1950
136 421
136 530
136 770
136 821
136 1731
136 1897
137 154
137 408
137 534
137 868
137 890
137 1020
137 1058
137 1287
138 268
138 319
138 324
138 335
138 526
138 726
138 775
138 860
138 879
138 1140
138 1166
138 1178
138 1306
138 1751
138 1931
139 1260
139 1335
139 1609
140 311
140 453
140 480
140 1004
140 1305
140 1348
140 1602
140 1608
140 1666
140 1835
140 1888
140 1914
141 553
141 958
141 1007
141 1041
141 1798
141 1840
141 1846
141 1923
141 1956
141 1985
142 550
142 773
142 1133
142 1385
142 1490
142 1527
142 1642
142 1834
142 1881
142 1925
142 1992
143 297
143 514
143 583
143 678
143 990
143 1182
143 1271
143 1287
143 1332
143 1582
143 1724
143 1773
144 198
144 210
144 596
144 674
144 854
144 877
144 929
144 1001
144 1412
144 1475
144 1802
145 216
145 457
145 479
145 494
145 523
145 790
145 792
145 812
145 1459
145 1699
145 1723
146 328
146 391
146 461
146 501
146 804
146 938
146 1318
146 1487
146 1799
146 1831
147 159
147 394
147 610
147 687
147 1050
147 1099
147 1730
148 153
148 874
148 1007
148 1131
148 1279
148 1462
149 235
149 412
149 414
149 673
149 722
149 747
149 795
149 1069
149 1116
149 1183
149 1421
149 1455
150 557
150 1174
150 1566
150 1789
150 1842
150 1864
150 1871
150 1980
151 611
151 1257
151 1274
151 1355
151 1369
151 1480
152 413
152 450
152 614
152 926
152 1027
152 1093
152 1232
152 1329
152 1781
152 1882
152 1910
153 531
153 566
153 574
153 586
153 629
153 707
153 730
153 1181
153 1362
154 235
154 567
154 1589
154 1763
154 1813
155 592
155 1106
155 1377
155 1660
155 1714
155 1992
156 337
156 453
156 585
156 688
156 888
156 943
156 1298
156 1432
156 1470
156 1555
156 1791
156 1857
156 1987
157 190
157 250
157 324
157 356
157 1014
157 1019
157 1040
157 1235
157 1688
157 1695
157 1821
157 1916
158 689
158 720
158 766
158 792
158 850
158 878
158 1682
158 1927
159 367
159 546
159 563
159 1367
159 1570
159 1604
159 1784
159 1807
160 245
160 480
160 1091
160 1191
160 1244
160 1795
160 1916
161 533
161 574
161 620
161 1013
161 1134
161 1338
161 1565
162 196
162 442
162 645
162 689
162 927
162 1273
162 1468
162 1602
162 1809
163 208
163 560
163 627
163 666
163 902
163 1194
163 1440
163 1693
164 447
164 640
164 1011
164 1365
164 1416
165 331
165 420
165 559
165 705
165 955
165 982
165 1104
165 1212
165 1412
165 1532
165 1570
165 1941
166 773
166 863
166 916
166 1115
166 1547
167 260
167 284
167 310
167 319
167 372
167 580
167 852
167 1068
167 1102
167 1580
167 1854
168 189
168 217
168 242
168 478
168 480
168 612
168 1281
168 1371
168 1408
168 1520
168 1525
168 1577
168 1671
168 1827
169 201
169 315
169 607
169 1801
169 1830
170 220
170 868
170 962
170 1150
170 1529
171 293
171 631
171 654
171 710
171 850
171 979
171 1148
171 1307
171 1418
171 1581
171 1754
171 1795
171 1916
172 398
172 480
172 571
172 762
172 917
172 964
172 1151
172 1171
172 1290
172 1389
172 1401
172 1462
172 1938
173 210
173 285
173 411
173 712
173 790
173 1150
173 1467
173 1469
173 1576
173 1783
174 216
174 468
174 566
174 645
174 711
174 806
174 1359
174 1525
174 1967
175 1136
175 1303
175 1361
175 1473
175 1626
175 1738
175 1862
175 1932
176 341
176 648
176 888
176 1316
176 1540
176 1699
176 1746
177 240
177 314
177 364
177 522
177 614
177 1028
177 1075
177 1092
177 1223
177 1284
177 1634
177 1850
178 495
178 755
178 776
178 1106
178 1457
178 1591
178 1871
179 293
179 311
179 336
179 508
179 833
179 923
179 1371
179 1688
179 1714
180 397
180 669
180 718
180 1301
180 1490
180 1933
181 302
181 470
181 505
181 930
181 1293
182 460
182 490
182 621
182 893
183 189
183 1013
183 1090
183 1369
183 1467
184 418
184 631
184 644
184 725
184 754
184 790
184 1068
184 1087
184 1178
184 1526
184 1700
184 1840
185 372
185 589
185 784
185 845
185 886
185 1031
185 1696
185 1699
186 199
186 327
186 1523
186 1959
186 1986
186 1995
187 908
187 1050
187 1199
187 1771
188 314
188 358
188 546
188 793
188 1069
188 1176
188 1239
188 1842
188 1874
188 1890
188 1968
189 489
189 871
189 1005
189 1174
189 1196
189 1210
189 1319
189 1504
189 1794
190 366
190 651
190 682
190 801
190 880
190 1033
190 1041
190 1444
190 1491
190 1678
191 208
191 246
191 318
191 985
191 1056
191 1463
191 1557
191 1956
192 510
192 556
192 934
192 1259
193 385
193 504
193 587
193 610
193 1152
193 1323
193 1380
193 1684
194 516
194 667
194 849
194 985
194 1150
194 1224
194 1339
194 1734
194 1926
194 1959
195 397
195 480
195 642
195 676
195 684
195 716
195 809
195 888
195 908
195 936
195 1328
196 938
196 1150
196 1319
196 1967
197 262
197 442
197 492
197 852
197 871
197 913
197 1093
197 1227
197 1327
197 1341
197 1389
197 1728
197 1760
197 1909
198 501
198 515
198 633
198 658
198 757
198 937
198 974
198 1013
198 1362
198 1894
199 598
199 857
199 1528
199 1597
199 1850
200 349
200 650
200 764
200 852
200 939
200 963
200 1013
200 1087
200 1689
200 1956
201 253
201 316
201 387
201 603
201 670
201 696
201 708
201 750
201 815
201 1943
202 257
202 777
202 824
202 838
202 898
202 1182
202 1538
202 1799
202 2000
203 443
203 713
203 870
203 1214
203 1390
203 1917
203 1921
204 233
204 265
204 387
204 498
204 666
204 736
204 1182
204 1558
204 1622
204 1708
204 1992
205 471
205 559
205 806
205 1123
205 1186
205 1563
206 216
206 725
206 739
206 756
206 1033
206 1064
206 1609
206 1800
206 1823
206 1842
206 1941
207 278
207 376
207 702
207 873
207 891
207 1055
207 1508
207 1763
208 340
208 495
208 808
208 1889
209 647
209 715
209 770
209 1569
209 1623
209 1722
210 404
210 452
210 503
210 988
210 1118
210 1155
210 1194
210 1573
210 1698
211 280
211 693
211 895
211 952
211 1552
211 1561
212 228
212 743
212 1172
212 1199
212 1471
212 1506
212 1639
212 1874
213 277
213 860
213 1122
214 308
214 586
214 921
214 1057
214 1985
215 229
215 289
215 378
215 484
215 1049
215 1138
215 1648
215 1849
216 269
216 780
216 787
216 1015
216 1412
217 752
217 807
217 1374
217 1526
217 1632
218 238
218 760
218 916
218 919
218 981
218 1427
218 1529
219 770
219 1067
219 1170
219 1314
219 1429
219 1594
219 1946
220 916
220 1006
220 1064
220 1746
220 1757
220 1765
220 1917
221 249
221 428
221 527
221 578
221 807
221 955
221 960
221 1005
221 1009
221 1173
221 1176
221 1739
221 1869
222 331
222 636
222 813
222 853
222 998
222 1058
222 1431
222 1527
222 1676
223 385
223 481
223 945
223 1137
223 1430
223 1609
224 422
224 427
224 489
224 535
224 697
224 713
224 829
224 936
224 1530
224 1627
225 287
225 408
225 519
225 887
225 975
225 1142
226 567
226 710
226 816
226 856
227 640
227 927
227 943
227 955
227 1212
227 1631
227 1643
227 1928
228 418
228 717
228 735
228 1027
228 1846
228 1993
229 244
229 636
229 1040
229 1138
229 1235
229 1241
229 1437
229 1543
229 1608
230 567
230 1365
230 1366
230 1381
230 1511
231 347
231 351
231 581
231 811
231 910
231 1163
231 1401
231 1674
231 1703
231 1997
232 711
232 730
232 1099
232 1209
232 1528
232 1556
232 1686
232 1716
233 311
233 355
233 372
233 378
233 438
233 1300
233 1352
233 1403
233 1415
233 1521
233 1764
233 1827
233 1981
234 494
234 634
234 1284
234 1394
234 1542
235 264
235 605
235 804
235 922
235 992
235 1343
235 1459
236 1189
236 1315
236 1844
237 278
237 1000
237 1171
237 1544
237 1858
237 1925
237 1982
238 648
238 911
238 941
238 960
238 1030
238 1435
238 1671
238 1875
239 495
239 587
239 670
239 943
239 1171
239 1948
240 371
240 398
240 712
240 717
240 917
240 1048
240 1356
240 1520
240 1976
240 1986
241 339
241 497
241 818
241 898
241 1096
241 1208
241 1213
241 1653
241 1712
242 313
242 349
242 451
242 613
242 1714
242 1737
242 1784
242 1875
243 303
243 961
243 1164
243 1525
243 1657
244 324
244 374
244 885
244 1292
244 1569
244 1704
244 1797
245 359
245 996
245 1140
245 1423
245 1481
245 1830
245 1910
246 779
246 800
246 857
246 1162
246 1363
246 1399
246 1538
246 1612
246 1995
247 843
247 852
247 892
247 1052
247 1091
247 1447
247 1609
247 1995
248 254
248 278
248 494
248 498
248 548
248 559
248 651
248 843
248 1344
248 1382
248 1498
249 633
249 882
249 935
249 946
249 1007
249 1161
249 1343
249 1983
250 649
250 1003
250 1385
250 1757
251 680
251 890
251 1520
251 1529
251 1531
251 1555
251 1881
251 1948
252 303
252 620
252 793
252 1154
252 1638
252 1879
253 597
253 662
253 732
253 988
253 1073
253 1332
253 1782
254 580
254 826
254 893
254 994
254 1133
254 1164
254 1704
254 1872
255 334
255 576
255 1141
255 1243
255 1255
255 1365
255 1822
255 1867
256 261
256 396
256 1123
256 1217
256 1223
257 556
257 716
257 733
257 992
257 1035
257 1422
257 1469
257 1470
257 1664
258 368
258 443
258 639
258 909
258 1193
258 1675
258 1854
258 1863
259 982
259 1204
259 1378
259 1396
259 1400
259 1494
259 1844
259 1883
260 745
260 786
260 863
260 877
260 941
260 1428
260 1447
260 1584
260 1598
260 1910
261 265
261 609
261 675
261 965
261 1030
261 1297
261 1335
261 1637
261 1703
261 1830
261 1992
262 274
262 551
262 846
262 948
262 1060
262 1295
262 1322
262 1364
262 1450
262 1780
262 1810
262 1894
263 317
263 381
263 405
263 571
263 742
263 878
263 1060
263 1081
263 1088
263 1181
263 1362
263 1471
263 1559
263 1587
263 1949
264 337
264 529
264 691
264 737
264 880
264 932
264 1084
264 1455
265 286
265 823
265 1043
265 1250
265 1358
265 1695
265 1833
265 1886
265 1919
266 685
266 987
267 580
267 778
267 1225
267 1290
267 1618
267 1793
267 1835
267 1973
268 297
268 733
268 795
268 883
268 1047
268 1359
268 1720
268 1749
268 1853
269 346
269 436
269 779
269 1202
269 1346
270 844
270 934
270 1083
270 1119
270 1603
270 1661
270 1753
270 1801
270 1874
270 1912
270 1925
271 453
271 458
271 514
271 645
271 673
271 908
271 1355
271 1420
271 1628
272 307
272 328
272 1053
272 1473
272 1568
272 1793
272 1810
272 1843
272 1864
272 1960
273 377
273 585
273 642
273 1099
273 1196
273 1471
273 1606
273 1611
273 1750
273 1855
273 2000
274 297
274 575
274 846
274 1238
274 1396
274 1540
274 1543
274 1937
275 821
275 1468
275 1521
276 425
276 464
276 475
276 679
276 957
276 1222
276 1588
276 1952
277 527
277 533
277 588
277 1672
278 321
278 394
278 613
278 812
278 1025
278 1163
278 1418
278 1428
278 1545
278 1680
278 1785
278 1936
278 1961
278 1966
279 685
279 1224
279 1795
279 1822
279 1914
279 1932
280 1314
280 1502
280 1551
280 1783
280 1796
280 1880
280 1967
281 294
281 426
281 665
281 752
281 1405
281 1561
281 1808
281 1853
281 1929
282 707
282 1246
282 1279
282 1519
282 1620
282 1751
282 1870
283 540
283 610
283 979
283 1240
283 1506
283 1856
284 416
284 486
284 899
284 1109
284 1287
284 1429
285 358
285 1061
285 1066
285 1087
285 1187
285 1391
285 1686
285 1942
285 1977
285 1996
286 479
286 793
286 878
286 906
286 1109
286 1265
286 1778
286 1842
287 425
287 860
287 1160
287 1812
288 433
288 1525
288 1602
288 1800
288 1821
288 1901
289 527
289 915
289 1080
289 1097
289 1746
290 632
290 861
290 1155
290 1540
291 474
291 494
291 601
291 719
291 854
291 901
291 1003
291 1374
291 1618
291 1744
291 1827
292 363
292 490
292 510
292 644
292 715
292 743
292 1074
292 1338
292 1392
293 367
293 831
293 855
293 880
293 934
293 1241
293 1245
293 1251
293 1373
293 1452
293 1649
293 1985
293 1988
294 386
294 420
294 1200
294 1409
294 1432
294 1699
294 1957
295 426
295 434
295 604
295 657
295 790
295 798
295 1513
295 1634
295 1874
295 1963
296 438
296 532
296 555
296 717
296 851
296 1448
296 1693
297 354
297 883
297 1627
297 1734
297 1819
298 840
298 1212
298 1278
298 1312
298 1383
298 1947
299 336
299 523
299 838
299 1091
299 1098
299 1221
299 1612
299 1990
300 650
300 1086
300 1320
300 1903
301 357
301 533
301 683
301 786
301 958
301 1002
301 1181
301 1249
301 1276
301 1983
302 476
302 846
302 1338
302 1583
302 1625
302 1944
303 379
303 434
303 457
303 531
303 592
303 783
303 1034
303 1270
303 1399
303 1830
303 1995
304 480
304 550
304 642
304 715
304 749
304 1014
304 1513
304 1598
304 1611
304 1713
304 1782
304 1828
304 1999
305 517
305 584
305 1415
305 1442
305 1683
305 1754
306 343
306 537
306 605
306 711
306 754
306 1094
306 1238
306 1278
306 1299
306 1457
306 1478
306 1719
306 1859
307 345
307 352
307 440
307 530
307 768
307 802
307 817
307 1197
307 1373
307 1402
307 1638
307 1665
307 1821
308 542
308 845
308 868
308 887
308 1072
308 1262
308 1341
308 1501
308 1681
308 1691
308 1902
309 428
309 923
309 1444
309 1818
309 1970
310 433
310 509
310 917
310 1023
310 1187
310 1711
310 1762
310 1772
310 1784
311 903
311 1035
311 1059
311 1138
311 1625
311 1689
311 1705
311 1730
311 1933
312 576
312 683
312 828
312 1434
312 1446
312 1469
312 1649
312 1904
313 539
313 832
314 662
314 976
314 1015
314 1038
314 1202
314 1403
315 572
315 706
315 747
315 1005
315 1056
315 1846
316 849
316 919
316 1048
316 1664
316 1705
316 1903
317 364
317 743
317 1067
317 1083
317 1384
317 1385
317 1438
317 1668
317 1841
317 1918
317 1976
318 346
318 414
318 477
318 826
318 918
318 930
318 978
318 1218
318 1235
318 1328
318 1550
319 339
319 737
319 1027
319 1521
319 1752
319 1920
320 426
320 504
320 573
320 663
320 822
320 1242
320 1263
320 1266
320 1336
320 1389
320 1691
321 1107
321 1748
321 1834
322 556
322 732
322 813
322 830
322 899
322 1108
322 1194
322 1292
322 1787
322 1833
322 1867
323 1208
323 1272
323 1324
323 1545
324 451
324 458
324 1248
324 1286
324 1341
324 1423
324 1530
324 1570
324 1633
324 1674
324 1903
324 1998
325 417
325 524
325 762
325 784
325 976
325 1041
325 1072
325 1523
325 1720
325 1818
325 1846
326 329
326 587
326 759
326 1064
326 1221
326 1233
326 1488
326 1605
327 519
327 1155
327 1297
328 552
328 616
328 618
328 827
328 959
328 1051
328 1085
328 1127
328 1515
328 1775
328 1805
329 1136
329 1663
329 1989
330 391
330 427
330 1422
330 1622
330 1702
331 452
331 605
331 1349
331 1676
331 1679
331 1730
332 336
332 348
332 471
332 526
332 543
332 1264
332 1415
332 1589
332 1692
332 1729
332 1800
333 893
333 939
333 952
333 1086
333 1969
334 504
334 642
334 670
334 686
334 906
334 1605
335 1330
335 1515
335 1951
335 1964
336 699
336 824
336 1224
336 1233
336 1463
336 1631
336 1683
337 463
337 687
337 693
337 842
337 844
337 1279
337 1310
337 1488
337 1496
337 1656
337 1746
337 1766
337 1971
338 713
338 919
338 1247
338 1485
338 1618
338 1770
338 1790
338 1933
338 1959
339 368
339 381
339 487
339 609
339 712
339 801
339 812
339 860
339 1123
339 1297
339 1522
339 1685
339 1846
339 1933
340 401
340 938
340 1273
340 1474
340 1587
340 1681
340 1964
341 460
341 707
341 722
341 858
341 1094
341 1133
341 1288
341 1342
342 529
342 975
342 1342
342 1468
342 1835
343 488
343 605
343 616
343 762
343 990
343 1120
343 1251
343 1634
343 1701
343 1861
344 548
344 703
344 778
344 948
344 1035
344 1236
344 1266
344 1316
345 384
345 485
345 501
345 638
345 895
345 1016
345 1127
345 1169
345 1392
345 1596
345 1768
345 1987
346 383
346 614
346 818
346 1257
346 1335
346 1722
347 765
347 1566
347 1589
347 1696
348 448
348 525
348 1363
349 532
349 578
349 583
349 727
349 1039
349 1283
349 1525
349 1613
350 358
350 511
350 531
350 590
350 653
350 1124
350 1421
350 1894
351 458
351 819
351 964
351 966
351 1286
351 1819
352 464
352 620
352 750
352 867
352 1092
352 1123
352 1702
352 1723
353 818
353 1293
353 1419
353 1778
353 1972
354 367
354 463
354 489
354 763
354 1054
354 1425
354 1622
354 1724
354 1742
355 398
355 889
355 1391
355 1787
356 1026
356 1042
356 1639
356 1653
357 478
357 527
357 533
357 993
357 1122
357 1289
357 1361
357 1413
357 1686
357 1759
357 1855
358 414
358 573
358 745
358 1649
358 1824
358 1979
359 662
359 848
359 928
359 1325
359 1345
359 1649
360 512
360 647
360 1051
360 1235
360 1260
360 1589
360 1785
361 510
361 706
361 1417
361 1563
361 1696
362 403
362 770
362 1886
363 657
363 817
363 1076
363 1666
363 1817
363 1840
364 593
364 1099
364 1122
364 1219
364 1482
364 1490
364 1563
364 1728
364 1778
364 1963
364 1972
365 675
365 878
365 933
365 1276
365 1405
365 1574
366 467
366 542
366 746
366 1878
366 1951
367 852
367 931
367 1174
367 1489
367 1528
367 1614
367 1841
367 1922
367 1939
368 442
368 660
368 865
368 1273
368 1381
368 1478
368 1915
368 1928
368 1964
368 1972
369 470
369 802
369 919
369 1502
369 1615
369 1771
370 459
370 620
370 920
370 1000
370 1075
370 1309
370 1706
370 1879
370 1935
370 1950
371 511
371 670
371 876
371 1011
371 1379
371 1466
372 418
372 579
372 835
372 919
372 1035
372 1083
372 1156
372 1163
372 1211
372 1422
372 1508
372 1686
372 1875
372 1993
373 469
373 1435
374 382
374 1046
374 1171
374 1232
374 1280
374 1444
374 1452
374 1520
374 1542
374 1792
375 433
375 538
375 742
375 945
375 991
375 1161
375 1358
375 1605
376 803
376 1346
376 1565
376 1616
376 1771
377 731
377 736
377 798
377 812
377 990
377 1619
377 1810
378 738
378 1147
378 1225
378 1344
378 1459
378 1744
378 1869
379 408
379 455
379 581
379 794
379 1090
379 1124
379 1141
379 1178
379 1535
379 1696
379 1849
380 1054
380 1398
380 1671
380 1723
380 1750
380 1992
381 538
381 628
381 882
381 1168
381 1229
381 1332
381 1412
381 1415
381 1456
381 1823
382 437
382 512
382 1267
382 1522
382 1661
382 1692
382 1764
382 1818
383 1221
383 1273
383 1434
384 468
384 692
384 937
384 992
384 1159
384 1478
384 1787
385 891
385 1150
385 1181
385 1811
385 1881
385 1941
386 694
386 1168
386 1529
386 1539
386 1780
387 536
387 812
387 859
387 1049
387 1615
387 1648
387 1837
387 1862
387 1894
387 1923
388 816
388 1226
388 1925
389 573
389 639
389 1056
389 1076
389 1222
389 1530
389 1560
389 1668
389 1752
389 1784
389 1825
389 1845
389 1849
389 1935
390 796
390 807
390 859
390 1075
390 1109
390 1354
390 1610
390 1622
390 1724
391 419
391 598
391 1140
391 1246
391 1369
391 1545
391 1578
391 1685
391 1768
391 1873
391 1878
392 747
392 1076
392 1090
392 1770
392 1781
393 803
393 878
393 1012
393 1698
393 1959
394 436
394 640
394 875
394 1166
394 1277
395 493
395 770
395 1057
395 1153
395 1669
396 504
396 710
396 1373
396 1402
396 1755
397 794
397 932
397 977
397 1094
397 1229
397 1335
397 1346
398 1256
398 1543
398 1810
398 1816
399 620
399 1448
399 1467
399 1560
399 1798
399 1799
399 1806
399 1830
400 423
400 441
400 741
400 792
400 901
400 1303
400 1344
400 1716
400 1732
401 814
401 995
401 1025
401 1277
401 1467
401 1524
401 1628
401 1995
402 662
402 948
402 1037
402 1208
402 1318
402 1480
402 1652
402 1887
403 577
403 718
403 959
403 967
403 1453
403 1843
404 427
404 482
404 911
404 1334
404 1695
404 1853
405 682
405 734
405 1418
405 1459
405 1607
405 1763
405 1955
406 771
406 1524
406 1712
406 1917
407 535
407 588
407 670
407 713
407 1283
407 1332
407 1561
407 1940
408 825
408 837
408 884
408 894
408 1162
408 1322
408 1990
409 541
409 669
409 1251
409 1813
409 1829
409 1924
410 606
410 628
410 1910
411 661
411 741
411 1112
411 1258
411 1484
411 1582
411 1750
411 1883
412 519
412 1085
412 1236
412 1374
412 1380
412 1411
412 1465
412 1537
412 1760
412 1921
413 520
413 568
413 1056
413 1328
413 1618
413 1650
413 1731
413 1934
414 435
414 548
414 593
414 637
414 793
414 1212
414 1282
414 1366
414 1514
414 1680
414 1989
415 455
415 504
415 547
415 548
415 653
415 962
415 1576
415 1601
415 1913
416 724
416 806
416 1244
417 606
417 679
417 822
417 980
417 1226
417 1355
417 1499
417 1577
417 1889
418 543
418 586
418 667
418 880
418 889
418 1072
418 1708
418 1890
419 463
419 832
419 890
419 1351
419 1446
419 1869
419 1896
420 481
420 692
420 699
420 701
420 790
420 1165
420 1891
421 538
421 1116
422 1165
422 1259
422 1380
422 1468
423 808
423 1326
423 1608
423 1670
423 1951
424 700
424 840
424 1133
424 1274
424 1422
424 1484
425 458
425 748
425 857
425 932
425 1150
425 1421
426 480
426 568
426 820
426 1817
426 1904
426 1919
427 544
427 918
427 959
427 974
427 1604
427 1632
427 1910
428 455
428 807
428 1182
428 1464
428 1599
428 1803
429 715
429 1394
429 1425
429 1564
429 1628
429 1760
430 599
430 720
430 740
430 1231
430 1479
430 1499
430 1674
430 1839
431 561
431 600
431 625
431 660
431 721
431 1184
431 1201
431 1268
431 1690
431 1715
431 1830
431 1952
432 535
432 956
432 1099
432 1127
432 1439
432 1443
432 1576
432 1611
433 458
433 833
433 993
433 1011
433 1374
433 1961
433 1984
434 637
434 649
434 896
434 1106
434 1146
434 1439
434 1649
435 548
435 908
435 1144
435 1344
436 444
436 664
436 849
436 1043
436 1246
436 1767
437 620
437 683
437 918
437 1711
437 1921
438 939
438 1676
438 1791
438 1866
438 1973
439 880
439 953
439 961
439 1022
439 1257
439 1286
439 1902
440 601
440 935
440 1242
440 1414
440 1815
441 834
441 949
441 1004
441 1032
441 1348
441 1477
441 1926
441 1927
442 589
442 700
442 814
442 1001
442 1136
442 1490
442 1929
443 739
443 851
443 874
443 895
443 1250
443 1769
444 528
444 757
444 925
444 1196
444 1213
444 1439
444 1844
444 1905
444 1986
445 559
445 616
445 809
445 1641
445 1758
445 1882
445 1890
446 623
446 903
446 1189
446 1293
446 1364
446 1378
446 1669
446 1673
447 538
447 646
447 763
447 1232
447 1458
447 1782
447 1838
447 1876
448 573
448 590
448 690
448 766
448 901
448 1237
448 1461
448 1772
448 1852
448 1943
449 495
449 598
449 917
449 1047
449 1115
449 1167
449 1374
449 1730
449 1878
450 584
450 613
450 615
450 658
450 795
450 1108
450 1328
450 1510
450 1572
450 1858
451 758
451 811
451 828
451 1418
451 1658
451 1666
451 1676
451 1855
452 1313
452 1879
453 458
453 615
453 934
453 1209
453 1420
453 1688
453 1780
453 1924
454 516
454 733
454 742
454 1599
454 1810
454 1959
455 456
455 505
455 724
455 836
455 1603
455 1848
455 1892
455 1914
455 1968
456 495
456 763
456 905
456 1128
456 1629
456 1909
457 670
457 775
457 1373
457 1392
457 1433
457 1514
457 1664
458 1382
458 1474
458 1893
458 1913
459 489
459 557
459 567
459 898
459 1682
460 839
460 1052
460 1056
460 1803
460 1927
461 470
461 539
461 630
461 972
461 1276
461 1605
462 726
462 806
462 967
462 1064
462 1261
462 1503
463 593
463 921
463 1038
463 1300
463 1311
463 1342
463 1884
463 1953
464 603
464 721
464 1150
464 1246
464 1734
464 1926
465 802
465 933
465 1008
465 1467
465 1545
465 1976
466 535
466 591
466 1036
466 1778
467 469
467 1030
467 1156
467 1482
467 1750
467 1757
468 619
468 630
468 702
468 840
468 1068
468 1205
468 1391
468 1424
468 1550
468 1587
468 1624
468 1819
469 597
469 688
469 799
469 928
469 1048
469 1053
469 1180
469 1275
469 1556
469 1936
469 1938
470 547
470 945
470 1581
470 1609
470 1634
470 1856
470 1860
471 611
471 698
471 746
471 832
471 1499
472 901
472 996
472 1220
472 1470
472 1928
473 759
473 805
473 1062
473 1088
473 1100
473 1200
473 1450
473 1990
474 482
474 625
474 643
474 1079
474 1377
474 1786
474 1804
474 1955
475 738
475 1300
475 1312
475 1339
475 1906
476 1009
476 1062
476 1211
476 1480
476 1490
476 1497
476 1636
476 1739
476 1793
476 1817
477 743
477 1108
477 1352
477 1475
477 1861
477 1942
477 1978
478 480
478 775
478 1467
478 1472
478 1506
478 1781
479 603
479 630
479 652
479 763
479 857
479 1122
479 1142
479 1449
479 1511
479 1542
479 1599
480 512
480 621
480 682
480 885
480 970
480 1120
480 1795
480 1927
481 660
481 837
481 929
481 1016
481 1139
481 1162
481 1283
481 1423
481 1531
481 1601
481 1967
482 582
482 624
482 890
482 1049
483 899
483 965
483 1013
483 1449
483 1604
483 1912
483 1971
484 487
484 776
484 804
484 938
484 1082
484 1299
484 1526
484 1718
484 1826
484 1960
485 867
485 992
485 1302
485 1383
485 1429
485 1553
485 1883
486 1383
486 1516
487 1206
488 527
488 855
488 921
488 1318
488 1421
488 1781
489 623
489 763
489 910
489 1151
489 1269
489 1308
490 500
490 673
490 835
490 843
490 1081
490 1384
490 1707
491 657
491 1260
491 1539
491 1707
492 710
492 745
492 779
492 1118
492 1309
492 1480
493 902
493 1078
493 1241
493 1392
493 1420
494 936
494 1373
494 1497
494 1503
494 1856
494 1916
494 1972
495 683
495 752
495 1175
495 1540
495 1888
496 659
496 878
496 909
496 925
496 1422
496 1752
496 1932
497 658
497 916
497 1533
497 1538
498 844
498 1015
498 1031
498 1286
498 1483
499 566
499 1055
499 1059
499 1146
499 1282
499 1905
500 955
500 1192
500 1303
500 1429
500 1683
500 1715
501 910
501 1226
501 1385
502 522
502 741
502 986
502 990
502 993
502 1703
502 1818
502 1972
503 561
503 771
503 783
503 878
503 1204
503 1209
503 1286
503 1405
504 541
504 660
504 987
504 1038
504 1193
504 1197
504 1330
504 1354
504 1417
504 1574
504 1614
504 1625
504 1659
504 1751
505 567
505 738
505 836
505 1165
505 1603
505 1865
506 661
506 1073
506 1108
506 1726
506 1822
507 647
507 708
507 933
507 1263
507 1409
507 1506
507 1654
507 1720
507 1730
507 1832
507 1945
507 1970
508 837
508 1102
508 1161
508 1246
508 1356
508 1687
508 1828
509 604
509 720
509 858
509 900
509 1526
509 1573
509 1597
509 1682
509 1797
509 1986
510 722
510 1288
510 1395
510 1756
510 1850
510 1989
511 557
511 651
511 718
511 1110
511 1119
511 1466
512 584
512 1146
512 1279
512 1633
512 1638
512 1866
513 553
513 710
513 1117
513 1377
513 1824
513 1971
514 560
514 577
514 1111
514 1441
515 563
515 903
515 964
515 981
515 1754
516 573
516 1011
516 1016
516 1107
516 1404
516 1850
517 633
517 873
517 1073
517 1415
517 1473
517 1564
517 1577
517 1689
517 1886
517 1985
518 686
518 964
518 1032
518 1098
518 1121
518 1212
518 1396
518 1428
518 1596
518 1648
518 1680
518 1980
519 817
519 1148
519 1195
519 1396
519 1417
519 1783
519 1928
520 1075
520 1096
520 1099
520 1461
520 1861
521 745
521 824
521 954
521 1088
521 1157
521 1496
521 1675
521 1965
521 1989
522 1011
522 1012
522 1031
522 1191
522 1274
522 1340
522 1459
522 1966
523 572
523 635
523 1141
523 1189
523 1377
523 1885
523 1938
524 539
524 811
524 952
524 954
524 1351
524 1796
524 1919
525 689
525 837
526 678
526 1020
526 1160
526 1686
527 565
527 606
527 717
527 722
527 1239
527 1581
527 1794
528 1271
528 1583
528 1789
529 645
529 800
529 1707
530 1131
530 1423
530 1628
530 1791
530 1919
531 759
531 1284
531 1485
531 1571
531 1919
532 904
532 1577
532 1796
533 735
533 1017
533 1533
533 1846
534 881
534 900
534 971
534 1013
534 1041
534 1787
535 806
535 1044
535 1173
535 1237
535 1476
535 1606
535 1652
535 1910
536 1047
536 1194
536 1589
536 1756
537 605
537 616
537 878
537 1210
537 1649
537 1922
538 720
538 739
538 851
538 853
538 1044
538 1084
538 1903
538 1930
539 625
539 627
539 832
539 875
539 1118
539 1162
539 1299
539 1526
539 1887
540 1032
540 1753
540 1962
541 731
541 797
541 842
541 1289
541 1431
541 1641
541 1793
541 1814
542 567
542 852
542 1020
542 1153
542 1173
542 1290
542 1336
542 1434
543 585
543 619
543 801
543 1415
543 1501
543 1530
543 1805
543 1910
543 2000
544 685
544 860
544 1011
544 1172
544 1278
544 1591
544 1940
545 549
545 647
545 702
545 734
545 891
545 1011
545 1023
545 1204
545 1212
545 1525
545 1647
545 1655
545 1735
545 1924
546 548
546 703
546 1057
546 1164
546 1738
546 1861
547 980
547 1201
547 1375
547 1833
547 1976
548 588
548 889
548 942
548 979
548 998
548 1115
548 1340
548 1389
548 1485
548 1495
548 1534
548 1578
548 1598
548 1853
548 1951
548 1989
549 687
549 758
549 878
549 926
549 1094
549 1180
549 1192
549 1363
549 1721
549 1964
549 1970
550 563
550 776
550 916
550 1094
550 1740
550 1804
550 1999
551 1018
551 1627
551 1671
551 1677
551 1990
552 722
552 931
552 1410
552 1467
552 1613
553 590
553 763
553 804
553 1046
553 1078
553 1098
553 1151
553 1183
553 1511
553 1897
553 1990
554 786
554 1019
554 1506
554 1881
555 589
555 660
555 714
555 773
555 1007
556 625
556 866
556 1481
556 1982
557 815
557 857
557 1068
557 1544
557 1710
557 1980
558 835
558 972
558 1567
558 1665
558 1899
559 977
559 1022
559 1272
559 1878
560 635
560 688
560 889
560 956
560 1171
560 1690
560 1923
561 823
561 1886
561 1898
561 1973
562 671
562 796
562 894
562 1419
563 578
563 826
563 834
563 844
563 924
563 975
563 1030
563 1771
563 1958
564 647
564 885
564 933
564 1199
565 703
565 704
565 1026
565 1901
566 819
566 892
566 992
566 1314
566 1421
566 1449
566 1836
566 1919
567 775
567 1132
567 1464
568 621
568 670
568 765
568 773
568 1059
568 1485
568 1633
568 1673
568 1962
569 973
569 999
569 1014
569 1092
569 1244
569 1579
569 1803
569 1882
570 876
570 901
570 921
570 1401
570 1848
571 611
571 624
571 899
571 922
571 1136
571 1196
571 1385
571 1446
571 1514
571 1654
571 1783
571 1929
572 610
572 1914
573 605
573 860
573 940
573 995
573 1502
573 1532
573 1551
573 1851
573 1920
574 705
574 866
574 1123
574 1248
574 1845
575 933
575 987
575 1591
575 1608
576 1200
576 1328
577 1264
577 1377
577 1385
577 1468
577 1691
578 707
578 817
578 948
578 1219
578 1451
578 1557
578 1651
579 1416
579 1516
579 1607
579 1723
579 1990
580 1369
580 1472
580 1596
580 1623
580 1674
580 1678
581 756
581 909
581 1327
581 1608
581 1686
582 824
582 854
582 928
582 969
582 1169
582 1274
582 1391
582 1475
582 1665
582 1668
582 1741
582 1806
582 1817
582 1914
583 850
583 1388
583 1492
583 1544
583 1573
583 1586
583 1951
583 1955
584 1694
584 1748
584 1913
585 650
585 789
585 860
585 1494
585 1510
585 1520
585 1935
586 900
586 1396
586 1569
586 1885
587 817
587 1096
587 1329
587 1676
587 1794
588 1150
588 1203
588 1360
588 1385
588 1906
589 604
589 638
589 736
589 857
589 1346
589 1400
589 1726
589 1921
590 660
590 1033
590 1762
590 1799
590 1971
591 1091
591 1148
591 1159
591 1361
591 1364
591 1710
592 625
592 1008
592 1239
592 1961
593 624
593 644
593 960
593 1030
593 1667
593 1712
594 647
594 667
594 785
594 1119
594 1181
594 1435
594 1960
595 893
595 1071
595 1928
596 632
596 878
596 1286
596 1398
596 1700
597 898
597 931
597 1262
597 1545
598 821
598 948
598 1093
598 1636
598 1660
599 749
599 882
599 1113
599 1232
599 1272
599 1665
599 1669
599 1828
600 872
600 901
600 1105
600 1198
600 1293
600 1328
600 1356
600 1506
600 1851
601 606
601 716
601 903
601 1518
601 1840
601 1997
602 892
602 1349
602 1593
602 1647
602 1780
603 732
603 864
603 936
603 1184
603 1337
603 1584
603 1813
603 1832
604 942
604 1109
604 1456
604 1627
604 1832
605 993
605 1344
605 1799
605 1804
606 834
606 1063
606 1485
606 1599
606 1916
607 923
607 1347
607 1602
607 1805
608 846
608 911
608 1080
608 1247
608 1622
609 1187
609 1190
609 1192
609 1204
610 625
610 748
610 874
610 1185
610 1518
610 1668
610 1721
610 1730
611 708
611 822
611 1274
611 1367
611 1384
611 1425
611 1644
611 1878
611 1998
612 1177
612 1617
612 1908
613 614
613 630
613 742
613 754
613 841
613 1039
613 1071
613 1130
613 1397
614 1179
614 1234
614 1445
614 1534
614 1596
614 1845
615 841
615 1787
615 1816
615 1831
616 894
616 1162
616 1190
616 1412
616 1550
616 1559
616 1616
616 1795
616 1855
617 788
617 1100
617 1215
617 1235
617 1342
617 1453
617 1491
618 672
618 1332
618 1383
618 1485
618 1552
618 1563
618 1789
619 872
619 887
619 953
619 1350
619 1616
619 1698
620 623
620 688
620 728
620 900
620 909
620 917
620 1651
621 1143
621 1241
621 1394
621 1474
621 1526
621 1887
621 1911
622 763
622 898
622 1030
622 1300
622 1330
622 1349
622 1469
622 1721
622 1726
622 1961
623 748
623 765
623 812
623 1100
623 1437
623 1509
623 1533
623 1781
623 1955
624 642
624 859
624 1026
624 1237
624 1291
624 1390
624 1488
624 1556
624 1571
624 1897
624 1945
625 681
625 818
625 995
625 1333
625 1606
625 1667
625 1771
626 914
626 1328
626 1510
626 1511
626 1650
626 1806
627 724
627 753
627 826
627 880
627 970
627 1182
627 1352
627 1704
627 1740
627 1819
627 1832
627 1859
628 635
628 691
628 953
628 1023
628 1128
628 1188
628 1860
628 1866
628 1962
629 722
629 1008
629 1299
629 1908
630 690
630 1333
630 1844
631 764
631 839
631 851
631 960
631 1279
632 715
632 1025
632 1040
633 648
633 757
633 994
633 1250
633 1575
633 1605
633 1966
634 1423
634 1926
635 687
635 1047
635 1078
635 1242
635 1698
635 1951
636 638
636 780
636 905
636 957
636 1187
636 1201
636 1321
636 1635
636 1702
636 1939
637 1299
637 1666
638 927
638 1423
638 1478
638 1650
638 1935
639 891
639 1623
639 1760
639 1885
640 851
640 886
640 1336
640 1608
640 1857
640 1882
641 695
641 735
641 1320
641 1634
641 1734
641 1854
641 1884
642 1074
642 1541
643 828
643 989
643 1228
643 1278
643 1310
643 1335
643 1541
643 1558
643 1954
643 1991
644 756
644 833
644 881
644 1220
644 1330
644 1528
644 1928
644 1956
645 750
645 811
645 939
645 1369
645 1507
645 1701
645 1756
645 1915
646 684
646 898
646 1014
646 1083
646 1556
646 1606
647 695
647 1005
647 1206
647 1251
647 1494
647 1665
648 713
648 863
648 986
648 1265
648 1683
649 1008
649 1050
649 1247
649 1487
649 1665
649 1696
650 808
650 965
650 1024
650 1350
651 678
651 1033
651 1500
651 1532
651 1787
651 1919
651 1975
652 762
652 1017
652 1165
652 1323
652 1442
653 953
653 1964
654 722
654 816
654 829
654 1149
654 1162
654 1653
654 1680
654 1917
655 694
655 859
655 1026
655 1106
655 1983
656 667
656 941
656 1022
656 1045
656 1237
656 1239
656 1448
656 1541
656 1658
656 1777
656 1809
656 1913
657 767
657 1294
657 1655
658 769
658 778
658 877
658 987
658 1009
658 1022
658 1061
658 1115
658 1413
658 1752
658 1800
658 1900
658 1963
659 699
659 844
659 922
659 1011
659 1547
659 1794
659 1816
660 691
660 767
660 935
660 1190
660 1230
660 1376
660 1576
660 1597
660 1728
661 1169
661 1361
661 1452
661 1470
661 1481
662 672
662 715
662 720
662 740
662 1190
662 1525
662 1829
663 724
663 1362
663 1541
663 1689
663 1813
664 1268
664 1825
664 1828
664 1910
665 845
665 1132
665 1209
665 1452
665 1523
665 1587
665 1619
665 1737
665 1746
665 1924
666 692
666 716
666 1647
666 1740
667 1044
667 1082
667 1119
667 1690
667 1930
667 1949
668 747
668 814
668 1061
668 1626
668 1647
668 1821
668 1908
668 1947
669 944
669 1004
669 1063
669 1274
669 1282
669 1570
670 718
670 1350
670 1436
670 1561
670 1608
670 1652
670 1863
671 1185
671 1431
671 1684
672 1483
672 1617
672 1777
673 792
673 1085
673 1245
673 1335
673 1617
673 1682
673 1712
673 1850
673 1988
674 755
674 1055
674 1364
674 1474
674 1574
674 1623
674 1770
674 1974
675 695
675 712
675 732
675 991
675 1204
675 1377
675 1533
676 723
676 1226
676 1322
677 795
677 868
677 1087
677 1225
677 1482
677 1830
678 915
678 1266
678 1529
678 1578
678 1629
678 1819
678 1838
679 1043
679 1367
679 1414
679 1527
679 1902
679 1967
679 1990
680 976
680 1540
680 1615
681 836
681 1160
681 1498
681 1517
681 1525
681 1621
681 1692
681 1746
682 706
682 794
682 801
682 830
682 1019
682 1065
682 1221
682 1417
682 1598
682 1915
683 1196
683 1327
683 1513
683 1591
683 1909
683 1930
684 747
684 830
684 927
684 1434
684 1733
685 750
685 943
685 1032
685 1162
685 1187
685 1508
685 1532
685 1586
686 744
686 944
686 988
686 1068
686 1215
686 1775
686 1948
686 1987
687 762
687 1151
687 1558
687 1859
688 878
688 1474
688 1583
688 1584
688 1593
689 1703
689 1811
690 828
690 917
690 1073
690 1530
690 1707
690 1771
690 1984
691 740
691 889
691 929
691 987
691 1135
691 1654
691 1869
691 1878
692 770
692 926
692 1341
692 1399
692 1552
693 1031
693 1124
693 1326
693 1670
693 1784
693 1785
693 1802
694 724
694 753
694 792
694 842
694 1308
694 1409
694 1838
694 1909
695 1248
696 759
696 793
696 843
696 974
696 1379
696 1978
697 957
697 997
697 1073
697 1111
697 1222
697 1916
698 987
698 1062
698 1084
698 1353
698 1741
699 860
699 1117
699 1204
699 1365
699 1370
699 1609
699 1688
699 1713
699 1734
699 1924
700 862
700 1217
700 1247
700 1337
700 1689
700 1786
701 1262
701 1498
701 1550
701 1669
702 729
702 777
702 806
702 867
702 969
702 971
702 1163
702 1462
702 1533
702 1640
703 1263
703 1325
703 1326
703 1333
703 1459
703 1594
703 1974
704 1404
704 1430
704 1490
704 1652
704 1872
704 1953
705 785
705 863
705 939
705 1168
705 1450
705 1593
705 1913
706 707
706 799
706 1255
706 1296
706 1620
706 1725
706 1965
707 1110
707 1459
707 1595
707 1613
707 1910
708 1068
708 1150
708 1376
708 1451
708 1531
708 1585
708 1703
709 857
709 926
709 1005
709 1120
709 1184
709 1507
709 1662
709 1689
709 1753
710 840
710 860
710 1006
710 1425
710 1473
710 1702
710 1743
710 1779
711 827
711 849
711 992
711 1182
712 855
712 865
712 891
712 915
712 967
712 1930
713 1156
713 1535
713 1567
713 1780
713 1820
713 1884
714 859
714 1107
714 1228
714 1472
714 1590
714 1666
714 1707
714 1948
715 972
715 1215
715 1358
715 1466
715 1610
715 1730
715 1733
715 1757
715 1885
716 1190
716 1522
716 1714
716 1790
717 812
717 1177
717 1279
717 1510
717 1637
718 880
718 1313
718 1349
718 1821
719 799
719 833
719 1159
719 1309
719 1541
719 1614
719 1767
719 1912
719 1967
720 985
720 1157
720 1186
720 1265
720 1298
720 1632
720 1713
720 1788
720 1936
721 948
721 977
721 1462
722 852
722 1540
723 738
723 1008
723 1256
723 1287
723 1370
723 1487
723 1491
723 1656
724 776
724 1405
724 1660
724 1726
724 1982
725 758
725 821
725 943
725 1130
725 1215
725 1682
725 1934
725 1997
726 1066
726 1334
726 1493
726 1806
727 736
727 789
727 1929
728 834
728 1167
728 1360
728 1579
728 1606
728 1613
728 1621
728 1901
728 1973
729 804
729 893
729 957
729 995
729 1052
729 1200
729 1401
729 1638
729 1656
729 1861
729 1920
729 1977
730 1423
731 1309
731 1427
731 1478
731 1560
731 1812
731 1825
731 1891
732 778
732 911
732 1443
732 1817
733 1139
733 1401
733 1470
733 1475
733 1491
733 1744
733 1794
734 776
734 1021
734 1137
734 1667
734 1677
735 1049
735 1306
735 1488
735 1622
735 1947
736 770
736 815
736 950
736 1124
736 1141
737 832
737 1270
737 1650
737 1666
737 1785
738 924
738 996
738 1012
738 1049
738 1202
738 1334
738 1408
738 1464
738 1718
738 1770
739 1025
739 1142
739 1246
739 1779
739 1796
740 775
740 991
740 1008
740 1425
740 1607
740 1937
741 1114
741 1399
741 1574
741 1745
741 1962
742 837
742 1558
742 1818
742 1845
742 1919
742 1983
743 952
743 1029
743 1201
743 1325
743 1633
743 1710
743 1758
743 1860
744 1121
744 1376
744 1918
745 768
745 1011
745 1034
745 1101
745 1169
745 1329
746 780
746 845
746 925
746 938
746 967
746 1181
746 1421
746 1510
747 1961
748 825
748 1415
748 1549
748 1835
748 1970
749 1077
749 1278
749 1384
749 1619
749 1631
749 1695
749 1711
749 1848
749 1855
750 1054
750 1734
750 1747
751 1446
751 1707
751 1761
751 1904
752 849
752 1299
752 1466
752 1580
752 1706
752 1729
752 1827
752 1848
752 1873
753 1174
753 1210
753 1272
753 1765
753 1916
753 1950
754 1263
754 1458
754 1848
754 1955
755 817
755 865
755 1044
755 1070
755 1106
755 1937
756 806
756 934
756 940
756 1134
756 1267
756 1305
756 1752
757 1074
757 1307
757 1575
757 1765
758 878
758 918
758 1305
758 1339
758 1372
758 1508
758 1760
758 1788
759 814
759 1720
759 1855
760 894
760 1128
760 1402
760 1501
761 804
761 1034
761 1136
761 1287
761 1337
761 1589
761 1909
761 1958
762 785
762 1215
763 793
763 821
763 1142
763 1190
763 1293
763 1997
764 925
764 1633
764 1686
764 1761
764 1808
764 1872
764 1922
765 1033
765 1140
765 1220
765 1273
765 1360
765 1384
765 1606
765 1763
765 1904
765 1959
766 850
766 1087
766 1149
766 1163
766 1823
766 1908
767 947
767 1298
767 1725
767 1824
768 819
768 963
768 1192
768 1253
768 1425
768 1452
768 1589
768 1658
768 1900
768 1927
769 984
769 1107
769 1450
769 1767
769 1927
770 788
770 826
770 1041
770 1207
771 957
771 1249
771 1279
772 1128
772 1139
772 1327
772 1452
772 1774
772 1839
773 936
773 988
773 1126
773 1282
773 1425
773 1620
773 1672
774 1057
774 1077
774 1109
774 1285
774 1473
774 1484
774 1686
775 1261
775 1791
775 1870
775 1873
776 922
776 962
776 1327
776 1387
776 1760
776 1886
777 839
777 1710
777 1803
778 830
778 926
778 1274
778 1449
778 1812
778 1940
779 1423
779 1547
779 1566
779 1747
780 1413
780 1465
780 1841
780 1998
781 992
781 1084
781 1342
781 1467
781 1797
782 937
782 1052
782 1056
782 1175
782 1312
782 1657
782 1801
782 1951
783 796
783 1011
783 1155
783 1194
783 1656
783 1705
784 828
784 1102
784 1265
785 916
785 1236
785 1263
785 1272
785 1786
785 1943
785 1986
786 1566
786 1918
787 1302
788 1160
788 1184
788 1262
788 1328
788 1423
788 1453
788 1493
788 1532
788 1602
788 1873
788 1986
789 909
789 927
789 1872
790 895
790 1025
790 1242
790 1433
790 1514
790 1557
790 1696
791 846
791 987
791 1096
791 1143
791 1148
791 1356
791 1408
792 1080
792 1273
792 1379
792 1644
793 1102
793 1285
793 1949
794 982
794 1053
794 1239
794 1289
794 1991
795 833
795 1313
796 1002
796 1486
797 839
797 900
797 925
797 1484
797 1715
797 1810
798 911
798 1011
798 1050
798 1855
798 1860
799 1102
799 1118
799 1135
799 1520
799 1917
800 802
800 837
800 1260
800 1560
800 1595
801 1408
801 1735
801 1980
802 1275
802 1430
802 1520
802 1563
802 1677
802 1680
803 1182
803 1495
803 1668
803 1811
803 1909
804 855
804 1356
804 1810
804 1943
804 1997
805 927
805 1012
805 1410
805 1755
805 1796
805 1805
806 863
806 1124
806 1159
806 1446
806 1545
806 1641
806 1754
806 1898
807 881
807 1361
807 1738
807 1759
807 1794
807 1967
808 1063
808 1065
808 1289
808 1542
809 1276
809 1311
809 1507
809 1732
810 1077
810 1178
810 1533
810 1667
810 1919
811 893
811 1059
811 1063
811 1796
811 1797
812 927
812 1155
812 1256
812 1286
812 1555
813 987
813 1109
813 1299
813 1815
813 1864
813 1954
814 830
814 990
814 1343
814 1486
814 1488
814 1900
814 1938
815 894
815 996
815 1594
815 1942
816 878
816 918
816 1027
816 1203
816 1427
816 1524
817 1468
817 1534
817 1885
817 1958
818 1171
818 1263
818 1359
819 1026
819 1233
819 1309
819 1505
819 1925
820 855
820 1139
820 1267
820 1445
820 1508
820 1568
820 1579
820 1730
820 1760
821 848
821 893
821 1675
821 1758
821 1880
822 984
822 1194
822 1410
822 1481
822 1596
822 1701
822 1702
823 880
823 897
823 1087
823 1357
823 1417
823 1580
823 1638
823 1908
824 1080
824 1246
824 1355
824 1507
825 1025
825 1264
825 1541
825 1547
825 1647
825 1661
826 1044
826 1343
826 1536
826 1580
826 1925
827 957
827 1142
827 1377
827 1599
827 1837
828 1112
828 1146
828 1206
828 1245
828 1359
828 1440
828 1514
828 1793
828 1812
828 1890
828 1992
829 856
829 880
829 1676
829 1678
830 1136
830 1325
830 1487
830 1832
830 1940
831 994
831 1233
831 1255
831 1306
831 1333
831 1603
831 1797
831 1876
832 1444
833 857
833 893
833 1926
834 1194
834 1258
834 1363
834 1717
834 1726
834 1999
835 872
835 1153
835 1271
835 1545
835 1920
836 841
836 1150
836 1293
836 1436
836 1519
836 1945
836 1966
837 878
837 1015
837 1039
837 1146
837 1191
837 1385
837 1399
837 1951
837 1989
838 920
838 1142
838 1408
838 1427
838 1583
838 1726
838 1811
839 984
839 1110
839 1147
839 1195
839 1269
840 908
840 958
840 991
840 1073
840 1788
840 1958
841 842
841 1222
841 1346
841 1756
841 1775
841 1906
842 1216
842 1282
842 1729
842 1876
843 896
843 1542
843 1642
844 862
844 950
844 1693
844 1810
845 1176
845 1252
845 1285
845 1330
845 1598
845 1891
845 1968
846 1116
846 1264
846 1403
846 1409
846 1415
846 1467
846 1832
846 1928
846 1947
847 978
847 1125
847 1136
847 1138
847 1370
847 1404
847 1624
847 1638
847 1949
848 1454
848 1517
848 1543
848 1758
848 1831
848 1844
848 1855
849 900
849 1484
849 1664
849 1857
849 1870
849 1920
849 1967
850 1449
850 1791
850 1986
851 1517
851 1666
851 1807
852 881
852 889
852 894
852 903
852 1270
853 1407
853 1498
853 1629
853 1667
854 1344
854 1351
854 1567
854 1692
854 1782
854 1940
855 1102
855 1157
855 1347
856 884
856 917
856 943
856 1811
856 1857
856 1895
857 913
857 948
857 975
857 1324
857 1492
857 1780
857 1814
858 1101
858 1237
858 1374
858 1389
858 1440
858 1475
858 1493
859 908
859 946
860 1269
861 1877
862 1048
862 1212
862 1278
862 1665
862 1884
862 1889
863 932
863 1001
863 1318
863 1471
863 1497
863 1566
863 1836
863 1843
863 1854
863 1931
864 1170
864 1216
864 1781
864 1855
865 974
865 1458
865 1476
866 972
866 1203
866 1315
866 1943
867 1068
867 1425
867 1909
868 874
868 1033
868 1105
868 1540
868 1746
869 1236
870 1034
870 1376
870 2000
871 1219
871 1435
871 1678
871 1825
872 930
872 1457
872 1703
873 900
873 1203
873 1214
873 1236
873 1503
873 1693
873 1806
874 1086
874 1574
874 1668
875 882
875 892
875 927
875 1114
875 1206
875 1905
876 946
876 975
876 1158
876 1313
876 1448
876 1813
877 1050
877 1127
877 1134
877 1165
877 1392
877 1628
877 1814
877 1954
878 1061
878 1311
878 1975
878 1984
879 1152
879 1257
879 1580
879 1804
879 1882
880 921
880 1339
880 1574
880 1582
880 1859
881 939
881 989
881 1496
881 1525
881 1588
881 1665
881 1702
881 1882
882 904
882 1008
882 1029
882 1427
882 1802
883 1015
883 1225
883 1688
883 1920
884 1028
884 1126
884 1203
884 1207
884 1493
884 1766
884 1852
884 1901
885 947
885 962
885 1010
885 1348
885 1877
886 959
886 1217
886 1337
886 1343
886 1960
887 941
887 1041
887 1085
887 1271
887 1721
887 1741
887 1764
887 1895
888 1262
888 1294
888 1864
888 1894
889 935
889 1011
889 1810
889 1923
889 1961
890 1014
890 1154
890 1294
890 1862
891 939
891 1310
891 1362
891 1617
891 1750
891 1927
892 1047
892 1192
892 1364
892 1767
892 1957
893 933
893 1158
893 1558
893 1579
893 1641
893 1660
893 1754
894 951
894 1352
894 1432
894 1476
894 1942
895 1097
895 1109
895 1126
895 1204
895 1449
895 1592
895 1598
895 1846
896 1219
896 1379
896 1731
897 898
897 1084
897 1116
897 1214
897 1490
897 1617
897 1664
898 965
898 1152
898 1545
898 1772
898 1955
899 1155
899 1181
899 1359
899 1406
899 1711
899 1897
900 1114
900 1984
901 957
901 1483
901 1811
901 1869
901 1913
901 1924
902 1224
902 1379
902 1460
902 1545
902 1766
903 1475
903 1631
903 1919
904 1140
904 1146
904 1338
904 1573
904 1730
904 1973
904 1993
905 958
905 962
905 1160
905 1486
905 1648
905 1904
905 1921
906 918
906 1197
906 1978
907 1033
907 1153
908 945
908 966
908 1007
908 1197
908 1412
908 1794
908 1972
909 994
909 1279
909 1914
909 1920
909 1978
910 1242
910 1544
910 1721
910 1991
911 1108
911 1439
911 1449
911 1469
912 1039
912 1140
912 1168
912 1404
912 1476
912 1649
912 1829
913 1055
913 1162
913 1317
913 1332
913 1849
913 1888
914 1017
914 1293
914 1479
914 1913
915 1178
915 1286
915 1773
915 1853
916 947
916 1228
916 1251
916 1788
917 1079
917 1198
917 1262
917 1847
918 925
918 975
918 1026
918 1407
918 1786
918 1820
918 1931
919 1027
919 1122
919 1781
920 1141
920 1651
920 1677
921 1226
921 1385
921 1825
922 1272
922 1509
922 1719
922 1742
922 1880
923 1466
923 1638
923 1860
924 985
924 1128
924 1245
924 1258
924 1744
924 1761
925 1019
925 1083
925 1378
925 1550
925 1559
925 1787
925 1816
925 1922
925 1947
926 996
926 1327
926 1339
926 1642
927 1101
927 1239
927 1776
927 1801
927 1955
928 1187
928 1194
928 1782
928 1841
929 1378
929 1547
929 1903
929 1947
930 1229
930 1779
930 1799
930 1810
930 1988
931 1050
931 1567
931 1891
931 1896
932 1622
932 1702
932 1763
932 1770
933 1142
933 1327
933 1365
933 1380
933 1535
933 1576
934 994
934 1017
934 1129
934 1906
935 1641
935 1832
936 1635
936 1766
936 1782
936 1956
937 1005
937 1023
937 1580
937 1645
937 1828
939 940
939 1094
939 1165
939 1229
939 1940
940 1100
940 1204
940 1220
940 1517
941 1430
942 1080
942 1117
942 1129
942 1289
942 1365
942 1700
942 1785
943 1188
943 1208
943 1559
943 1593
944 1192
944 1505
944 1668
944 1768
944 1786
944 1977
944 1993
945 1498
945 1544
946 951
946 1252
946 1543
946 1845
947 953
947 1050
947 1131
947 1482
947 1828
948 1012
948 1247
948 1508
948 1563
948 1859
948 1861
948 1869
948 1975
949 1016
949 1372
950 982
950 1405
950 1827
951 1227
951 1297
951 1319
951 1520
951 1910
952 982
952 1001
952 1276
952 1310
952 1579
952 1618
952 1885
953 956
953 1253
953 1285
953 1379
953 1455
953 1678
954 1232
954 1433
954 1576
954 1894
955 1041
955 1270
955 1303
955 1826
955 1929
955 1999
956 1239
956 1478
957 964
957 1243
957 1312
957 1424
958 1162
958 1171
958 1615
958 1649
958 1795
958 1877
958 1901
958 1922
959 1081
959 1552
959 1561
959 1595
959 1659
959 1822
959 1980
960 1928
961 1065
961 1371
961 1418
961 1489
961 1546
961 1698
961 1822
962 1778
962 1806
963 1577
963 1661
964 1075
964 1087
964 1191
964 1556
964 1631
964 1892
964 1918
965 1338
965 1384
965 1937
966 1103
966 1120
966 1241
966 1251
966 1297
966 1458
966 1565
966 1936
967 1467
967 1771
967 1998
968 1256
968 1395
968 1444
968 1490
968 1594
968 1801
968 1884
968 1927
969 1388
969 1432
969 1608
969 1737
969 1980
970 1085
970 1116
970 1751
971 1036
971 1110
971 1301
971 1564
971 1919
972 1001
972 1057
972 1156
972 1216
972 1555
972 1768
973 1452
973 1536
973 1544
973 1640
973 1653
974 1315
974 1459
974 1903
974 1915
975 1440
975 1771
975 1974
976 1247
976 1311
976 1315
977 1110
977 1404
977 1596
978 1168
978 1710
979 985
979 1181
979 1228
979 1245
979 1687
979 1788
979 1821
979 1919
979 1996
980 1476
980 1537
980 1865
980 1896
981 1111
981 1287
981 1338
982 991
982 1292
982 1301
982 1326
982 1460
982 1731
982 1808
982 1962
983 1040
984 985
984 1161
984 1248
984 1379
984 1461
984 1540
984 1618
984 1980
985 1004
985 1194
985 1248
985 1349
985 1459
986 1038
986 1207
986 1572
987 1514
987 1552
987 1991
988 1031
988 1100
988 1504
988 1758
988 1870
989 1006
990 1419
990 1427
990 1627
990 1983
992 1023
992 1225
992 1615
993 1327
993 1559
994 1500
995 1173
995 1539
995 1555
995 1745
995 1823
995 1872
995 1989
996 1056
996 1079
996 1256
996 1422
996 1443
997 1208
997 1216
997 1544
997 1942
998 1096
998 1246
998 1314
998 1410
998 1414
998 1582
998 1615
998 1745
999 1280
999 1516
999 1523
999 1536
999 1622
1000 1314
1001 1026
1001 1194
1001 1245
1001 1375
1002 1548
1002 2000
1003 1040
1003 1155
1003 1167
1003 1236
1003 1583
1003 1925
1004 1212
1004 1296
1004 1850
1005 1229
1005 1261
1005 1353
1005 1431
1005 1618
1005 1974
1006 1023
1006 1072
1006 1269
1006 1442
1006 1491
1006 1502
1006 1912
1006 1957
1007 1052
1007 1185
1007 1421
1008 1045
1008 1047
1008 1189
1008 1194
1008 1536
1009 1078
1009 1155
1009 1232
1009 1463
1009 1529
1009 1616
1010 1315
1010 1996
1011 1216
1011 1483
1011 1533
1011 1745
1011 1993
1012 1105
1012 1167
1012 1304
1012 1351
1012 1438
1012 1492
1012 1847
1012 1858
1012 1863
1014 1068
1014 1139
1014 1807
1014 1897
1015 1169
1015 1196
1015 1434
1015 1443
1015 1609
1015 1853
1016 1079
1016 1102
1016 1266
1016 1414
1016 1795
1017 1253
1017 1311
1017 1647
1017 1746
1018 1178
1018 1202
1018 1416
1018 1448
1018 1532
1018 1674
1018 1676
1018 1761
1018 1836
1018 1992
1019 1152
1019 1156
1019 1203
1019 1213
1019 1672
1020 1391
1020 1524
1020 1611
1020 1679
1020 1827
1020 1828
1020 1926
1021 1464
1021 1849
1021 1854
1021 1858
1021 2000
1022 1134
1022 1381
1022 1410
1022 1441
1022 1644
1022 1744
1022 1947
1022 1985
1023 1035
1023 1123
1023 1701
1023 1905
1024 1399
1024 1402
1024 1530
1024 1594
1024 1653
1024 1688
1025 1058
1025 1181
1025 1344
1025 1529
1025 1598
1025 1638
1025 1678
1026 1200
1026 1240
1027 1220
1027 1573
1028 1066
1028 1162
1028 1374
1028 1432
1028 1509
1028 1538
1028 1985
1029 1074
1029 1325
1029 1381
1029 1882
1030 1060
1030 1216
1030 1251
1030 1277
1030 1335
1030 1463
1030 1494
1030 1559
1030 1738
1031 1210
1031 1267
1031 1317
1031 1572
1031 1593
1031 1855
1031 1973
1032 1278
1032 1314
1032 1494
1032 1615
1032 1917
1032 1918
1033 1131
1033 1270
1033 1586
1033 1997
1034 1565
1034 1587
1034 1991
1035 1454
1035 1492
1035 1912
1036 1227
1036 1321
1036 1464
1036 1528
1036 1576
1037 1205
1037 1405
1037 1491
1037 1577
1037 1630
1037 1990
1038 1441
1038 1637
1038 1788
1038 1867
1038 1885
1038 1895
1039 1068
1039 1184
1039 1373
1039 1380
1039 1437
1039 1781
1039 1830
1040 1171
1040 1274
1040 1687
1040 1710
1040 1745
1041 1350
1041 1379
1041 1388
1041 1424
1041 1586
1041 1592
1041 1620
1041 1703
1041 1737
1041 1779
1041 1891
1042 1107
1042 1206
1042 1489
1042 1508
1042 1751
1043 1073
1043 1088
1043 1573
1043 1653
1043 1697
1043 1844
1043 1861
1044 1050
1044 1250
1044 1365
1044 1654
1044 1833
1045 1105
1045 1220
1045 1236
1045 1330
1045 1650
1045 1657
1046 1359
1046 1419
1046 1500
1046 1918
1047 1680
1047 1738
1047 1783
1047 1838
1048 1427
1049 1331
1049 1524
1049 1593
1050 1525
1050 1675
1050 1945
1051 1616
1051 1674
1051 1717
1051 1820
1052 1162
1052 1185
1052 1203
1052 1809
1053 1175
1053 1425
1053 1657
1053 1675
1054 1134
1054 1302
1054 1317
1054 1390
1055 1672
1056 1173
1056 1828
1057 1149
1057 1451
1057 1522
1057 1581
1057 1599
1057 1683
1057 1711
1057 1848
1058 1069
1058 1744
1058 1967
1059 1188
1059 1466
1059 1600
1059 1824
1059 1954
1060 1196
1061 1200
1061 1620
1061 1973
1062 1420
1062 1652
1062 1747
1062 1797
1062 1801
1063 1213
1063 1455
1063 1498
1063 1505
1063 1518
1064 1569
1064 1749
1064 1939
1065 1086
1065 1133
1065 1270
1065 1314
1065 1601
1065 1820
1065 1834
1065 1899
1065 1938
1066 1207
1066 1452
1066 1537
1066 1592
1066 1661
1066 1857
1067 1116
1067 1150
1067 1371
1067 1535
1068 1399
1068 1461
1068 1700
1069 1171
1069 1497
1069 1772
1069 1931
1070 1449
1070 1581
1070 1840
1071 1581
1071 1800
1072 1212
1072 1274
1072 1365
1072 1373
1072 1414
1072 1617
1073 1111
1073 1250
1073 1253
1073 1480
1074 1136
1074 1598
1074 1885
1075 1316
1075 1419
1075 1435
1075 1641
1075 1643
1075 1647
1075 1787
1076 1352
1076 1944
1076 1986
1077 1122
1077 1328
1077 1621
1077 1756
1078 1094
1078 1130
1078 1770
1078 1969
1079 1089
1079 1104
1079 1417
1079 1430
1079 1668
1080 1495
1080 1517
1080 1684
1080 1689
1081 1384
1081 1560
1081 1614
1081 1739
1081 1882
1082 1134
1082 1431
1082 1673
1082 1921
1083 1100
1083 1432
1083 1448
1083 1485
1083 1773
1084 1108
1084 1305
1085 1272
1085 1277
1085 1424
1085 1561
1085 1713
1085 1939
1086 1585
1086 1648
1086 1726
1086 1744
1086 1826
1086 1846
1086 1899
1086 1985
1087 1214
1087 1271
1087 1297
1087 1399
1087 1970
1087 1979
1088 1177
1088 1222
1088 1389
1088 1836
1089 1629
1089 1736
1090 1142
1090 1225
1090 1575
1091 1258
1091 1267
1091 1341
1091 1490
1091 1676
1091 1714
1091 1737
1093 1246
1093 1417
1093 1528
1093 1653
1094 1359
1094 1373
1094 1583
1095 1293
1095 1315
1095 1419
1095 1720
1095 1788
1096 1259
1096 1280
1096 1550
1096 1999
1097 1292
1097 1320
1097 1570
1097 1645
1098 1178
1098 1238
1098 1710
1099 1192
1099 1271
1099 1475
1099 1584
1099 1741
1099 1801
1100 1131
1100 1251
1100 1594
1100 1807
1100 1865
1100 1912
1101 1500
1101 1506
1102 1866
1102 1931
1103 1280
1103 1690
1103 1912
1104 1842
1104 1884
1105 1143
1105 1161
1105 1221
1105 1504
1106 1130
1106 1154
1106 1265
1106 1638
1106 1646
1106 1699
1106 1744
1107 1984
1108 1550
1108 1931
1109 1310
1109 1314
1109 1398
1109 1470
1109 1631
1109 1693
1109 1701
1110 1211
1110 1503
1110 1596
1110 1633
1111 1262
1111 1706
1111 1839
1112 1144
1112 1396
1112 1499
1112 1669
1112 1749
1112 1836
1113 1175
1113 1188
1113 1236
1113 1278
1113 1745
1113 1767
1113 1918
1114 1393
1114 1693
1114 1732
1115 1321
1115 1472
1115 1980
1116 1533
1116 1663
1116 1665
1117 1332
1117 1457
1118 1203
1118 1696
1118 1869
1119 1444
1119 1451
1119 1454
1119 1646
1119 1691
1120 1320
1120 1324
1120 1405
1120 1420
1121 1122
1121 1242
1121 1255
1121 1289
1121 1583
1123 1206
1123 1543
1123 1625
1123 1694
1123 1908
1124 1457
1124 1840
1125 1289
1125 1388
1125 1667
1125 1696
1125 1817
1125 1845
1125 1853
1125 1939
1126 1232
1126 1395
1126 1643
1126 1771
1126 1824
1126 1892
1127 1380
1127 1464
1127 1703
1127 1850
1127 1980
1128 1184
1128 1200
1128 1209
1128 1265
1128 1587
1128 1733
1128 1901
1129 1153
1129 1545
1129 1616
1129 1726
1129 1747
1129 1798
1129 1880
1129 1989
1130 1156
1130 1273
1130 1308
1130 1497
1130 1947
1131 1153
1131 1285
1131 1318
1131 1322
1131 1486
1131 1576
1132 1406
1132 1618
1132 1719
1133 1227
1133 1398
1133 1494
1133 1926
1133 1958
1133 1967
1134 1201
1134 1452
1134 1789
1134 1991
1135 1442
1135 1566
1135 1691
1135 1969
1136 1482
1136 1499
1137 1242
1137 1512
1137 1536
1137 1733
1137 1815
1138 1331
1138 1468
1138 1652
1138 1987
1139 1921
1139 1932
1140 1339
1140 1344
1140 1923
1141 1217
1141 1317
1141 1730
1141 1831
1142 1204
1142 1223
1142 1634
1142 1674
1143 1195
1143 1361
1143 1513
1143 1823
1144 1268
1144 1380
1145 1358
1145 1376
1145 1938
1146 1565
1146 1585
1146 1588
1146 1680
1146 1858
1147 1269
1147 1515
1147 1534
1147 1573
1147 1851
1147 1914
1147 1982
1148 1172
1148 1224
1148 1317
1148 1780
1149 1242
1150 1192
1150 1892
1151 1184
1151 1627
1151 1700
1151 1811
1151 1827
1152 1706
1152 1792
1153 1196
1153 1372
1153 1957
1154 1577
1154 1890
1154 1920
1155 1490
1155 1811
1156 1299
1156 1906
1157 1516
1157 1599
1158 1353
1158 1455
1158 1555
1158 1575
1159 1308
1159 1322
1159 1328
1159 1685
1159 1843
1159 1930
1160 1199
1160 1264
1160 1274
1160 1367
1160 1676
1160 1742
1160 1961
1160 1995
1161 1281
1161 1590
1161 1616
1161 1868
1162 1256
1162 1397
1162 1689
1164 1232
1164 1283
1164 1337
1164 1381
1164 1498
1164 1634
1164 1635
1164 1827
1165 1206
1165 1432
1165 1649
1165 1841
1165 1894
1165 1919
1166 1212
1166 1231
1166 1491
1166 1610
1167 1328
1167 1358
1167 1488
1167 1658
1167 1684
1167 1690
1167 1890
1168 1582
1169 1274
1169 1424
1169 1482
1169 1667
1169 1670
1170 1226
1170 1364
1170 1765
1170 1869
1170 1890
1170 1936
1171 1550
1171 1608
1172 1279
1172 1537
1172 1751
1173 1197
1173 1267
1173 1945
1174 1264
1174 1434
1175 1413
1175 1510
1175 1604
1175 1769
1175 1993
1176 1226
1176 1332
1177 1339
1178 1261
1178 1336
1178 1426
1178 1488
1178 1871
1178 1922
1179 1183
1179 1192
1179 1247
1180 1192
1180 1368
1180 1376
1180 1629
1180 1837
1181 1228
1181 1400
1181 1440
1181 1627
1181 1831
1181 1867
1181 1970
1182 1242
1182 1470
1182 1724
1182 1725
1182 1836
1183 1558
1183 1732
1184 1331
1184 1433
1184 1643
1184 1761
1184 1912
1184 1999
1185 1330
1185 1438
1185 1769
1185 1799
1185 1807
1185 1874
1185 1901
1185 1979
1186 1414
1186 1415
1186 1442
1186 1734
1187 1278
1187 1435
1187 1913
1187 1985
1187 1995
1189 1227
1189 1384
1190 1289
1191 1293
1191 1309
1191 1512
1191 1526
1191 1593
1191 1891
1191 1903
1192 1305
1192 1885
1192 1894
1192 1895
1192 1903
1193 1227
1193 1284
1193 1642
1193 1712
1193 1774
1193 1788
1193 1791
1194 1241
1194 1262
1194 1327
1194 1376
1194 1643
1195 1277
1195 1673
1195 1692
1195 1733
1195 1801
1195 1920
1196 1224
1196 1667
1197 1214
1197 1250
1197 1446
1197 1764
1198 1228
1198 1285
1198 1345
1198 1356
1198 1489
1198 1617
1198 1621
1198 1999
1199 1207
1199 1289
1199 1916
1200 1222
1200 1311
1200 1893
1200 1903
1200 1912
1200 1936
1201 1243
1201 1383
1201 1507
1201 1898
1202 1342
1202 1572
1202 1613
1202 1634
1202 1638
1202 1940
1203 1524
1203 1847
1203 1904
1204 1293
1204 1710
1205 1302
1205 1893
1206 1323
1206 1641
1207 1213
1207 1244
1207 1441
1207 1519
1207 1607
1207 1837
1207 1919
1208 1363
1208 1377
1208 1838
1208 1911
1210 1659
1210 1704
1210 1861
1211 1529
1211 1696
1211 1702
1212 1893
1213 1238
1214 1243
1214 1680
1215 1374
1215 1435
1216 1239
1216 1268
1216 1862
1217 1830
1218 1487
1218 1681
1218 1785
1219 1900
1220 1272
1220 1533
1220 2000
1221 1274
1221 1298
1221 1352
1221 1507
1221 1838
1221 1997
1222 1645
1222 1761
1223 1275
1223 1385
1223 1396
1223 1710
1223 1966
1224 1311
1224 1312
1224 1439
1224 1685
1225 1233
1225 1574
1225 1733
1225 1946
1226 1287
1226 1396
1226 1900
1227 1392
1227 1569
1227 1575
1228 1352
1228 1627
1228 1675
1228 1904
1228 1944
1229 1462
1229 1729
1229 1807
1229 1907
1230 1344
1230 1913
1230 1983
1231 1453
1231 1509
1231 1524
1231 1589
1231 1647
1231 1922
1232 1402
1232 1609
1232 1899
1233 1456
1233 1974
1234 1311
1234 1327
1234 1379
1234 1951
1235 1441
1235 1725
1236 1413
1236 1416
1237 1623
1237 1822
1238 1416
1238 1569
1238 1770
1238 1773
1238 1942
1238 1988
1239 1281
1239 1410
1239 1497
1239 1740
1239 1748
1240 1313
1240 1455
1240 1565
1240 1793
1241 1361
1241 1380
1241 1692
1241 1720
1242 1757
1242 1766
1242 1822
1242 1998
1243 1280
1243 1698
1243 1796
1243 1832
1243 1939
1244 1368
1244 1492
1244 1698
1245 1375
1245 1891
1245 1924
1245 1987
1246 1601
1246 1658
1247 1271
1247 1405
1247 1878
1248 1960
1249 1567
1249 1617
1249 1643
1249 1896
1250 1548
1250 1652
1251 1495
1252 1259
1252 1477
1254 1636
1255 1620
1255 1857
1256 1259
1256 1282
1256 1649
1256 1736
1256 1835
1256 1932
1257 1638
1257 1642
1258 1369
1258 1380
1258 1623
1258 1643
1258 1945
1258 1969
1259 1265
1259 1625
1260 1695
1260 1751
1260 1818
1261 1284
1261 1636
1261 1795
1262 1369
1262 1568
1262 1664
1262 1901
1263 1577
1263 1633
1264 1354
1264 1623
1264 1680
1264 1826
1264 1999
1265 1285
1266 1380
1266 1468
1266 1612
1266 1721
1266 1861
1267 1663
1267 1827
1268 1986
1269 1421
1269 1455
1269 1493
1269 1532
1269 1924
1270 1378
1270 1605
1270 1769
1270 1936
1271 1344
1271 1728
1272 1406
1272 1656
1273 1521
1273 1559
1273 1612
1274 1317
1274 1599
1274 1716
1274 1717
1274 1843
1274 1974
1275 1495
1275 1666
1275 1730
1275 1800
1275 1951
1275 1976
1275 1978
1275 1980
1276 1348
1276 1392
1276 1570
1277 1562
1277 1824
1277 1948
1278 1330
1278 1441
1278 1892
1278 1992
1280 1813
1281 1666
1281 1742
1281 1902
1281 1909
1281 1957
1282 1483
1282 1866
1282 1969
1283 1408
1283 1469
1283 1561
1283 1589
1283 1659
1283 1755
1283 1887
1283 1999
1284 1319
1284 1332
1284 1427
1284 1593
1284 1842
1285 1311
1285 1344
1285 1498
1285 1582
1285 1926
1285 1941
1286 1581
1287 1482
1287 1580
1287 1620
1287 1678
1287 1828
1287 1921
1288 1591
1288 1628
1288 1768
1288 1785
1289 1426
1289 1494
1289 1570
1290 1765
1291 1507
1291 1699
1291 1894
1292 1344
1292 1388
1292 1527
1292 1619
1292 1802
1292 1901
1293 1363
1293 1419
1293 1488
1293 1546
1294 1665
1294 1694
1294 1733
1294 1994
1295 1384
1295 1564
1295 1726
1295 1866
1296 1604
1296 1842
1297 1680
1297 1705
1298 1476
1298 1692
1298 1819
1298 1975
1299 1542
1299 1711
1299 1780
1300 1463
1300 1482
1300 1538
1300 1629
1300 1682
1300 1728
1300 1914
1301 1376
1301 1543
1301 1724
1301 1778
1302 1347
1302 1401
1302 1735
1303 1309
1303 1514
1303 1773
1303 1841
1303 1893
1303 1936
1305 1412
1305 1480
1305 1696
1305 1964
1306 1767
1306 1867
1307 1458
1307 1606
1307 1663
1307 1795
1308 1329
1308 1356
1309 1507
1309 1578
1309 1875
1309 1876
1309 1893
1309 1957
1309 1991
1310 1333
1310 1744
1311 1385
1311 1742
1312 1802
1313 1561
1313 1711
1313 1929
1314 1356
1314 1538
1314 1941
1315 1524
1315 1986
1316 1342
1316 1521
1316 1536
1316 1740
1317 1511
1317 1526
1317 1622
1317 1998
1318 1626
1319 1372
1319 1923
1320 1776
1320 1894
1320 1933
1320 1992
1320 1998
1321 1344
1321 1363
1321 1619
1321 1758
1321 1958
1322 1389
1322 1409
1322 1484
1322 1537
1322 1701
1322 1834
1323 1563
1323 1855
1324 1355
1324 1486
1324 1528
1324 1575
1324 1720
1324 1757
1324 1858
1324 1889
1325 1724
1325 1733
1325 1898
1326 1607
1326 1637
1326 1912
1327 1341
1327 1808
1327 1945
1328 1631
1329 1355
1329 1502
1329 1637
1329 1728
1329 1782
1330 1402
1330 1462
1330 1502
1330 1519
1330 1950
1330 1951
1331 1912
1332 1839
1333 1857
1333 1943
1334 1462
1334 1747
1334 1926
1334 1937
1335 1511
1335 1611
1335 1924
1336 1382
1336 1530
1336 1566
1336 1601
1336 1752
1337 1439
1337 1466
1337 1757
1338 1550
1338 1816
1338 1929
1339 1449
1339 1692
1339 1778
1341 1761
1341 1846
1342 1347
1342 1628
1342 1652
1342 1835
1342 1856
1344 1438
1344 1485
1344 1799
1344 1865
1344 1928
1345 1473
1345 1642
1345 1991
1346 1575
1346 1681
1346 1715
1346 1754
1346 1914
1347 1427
1347 1435
1347 1447
1347 1582
1347 1622
1348 1369
1348 1419
1348 1806
1348 1946
1349 1763
1349 1772
1349 1842
1349 1961
1350 1451
1350 1967
1351 1360
1351 1720
1352 1372
1352 1522
1352 1539
1352 1924
1353 1639
1353 1747
1354 1718
1354 1747
1355 1470
1355 1520
1355 1582
1355 1806
1355 1873
1356 1454
1356 1494
1356 1561
1356 1737
1356 1958
1357 1861
1357 1941
1358 1415
1358 1571
1358 1585
1358 1970
1358 1976
1359 1583
1359 1585
1359 1620
1360 1528
1361 1535
1361 1710
1362 1636
1362 1718
1364 1610
1365 1492
1365 1626
1365 1998
1366 1435
1366 1455
1366 1558
1366 1817
1367 1518
1367 1612
1367 1648
1367 1699
1367 1854
1367 1965
1368 1655
1368 1666
1368 1854
1368 1856
1368 1998
1369 1499
1369 1636
1369 1672
1369 1945
1370 1471
1370 1807
1370 1879
1371 1504
1371 1522
1371 1570
1371 1818
1371 1957
1372 1443
1372 1643
1372 1937
1372 1951
1372 1964
1373 1715
1374 1649
1374 1904
1375 1541
1375 1818
1376 1702
1376 1958
1376 1999
1377 1480
1377 1825
1378 1740
1378 1785
1378 1820
1379 1682
1379 1890
1379 1899
1380 1626
1380 1747
1380 1890
1380 1920
1382 1507
1382 1595
1382 1729
1382 1842
1382 1954
1383 1385
1383 1733
1384 1950
1385 1399
1385 1475
1385 1477
1385 1519
1385 1615
1386 1491
1388 1490
1388 1571
1388 1591
1388 1705
1388 1816
1389 1410
1389 1479
1389 1499
1389 1620
1389 1917
1390 1486
1391 1478
1391 1503
1391 1631
1391 1634
1391 1636
1391 1840
1391 1841
1391 1916
1392 1471
1392 1914
1393 1612
1393 1750
1393 1886
1393 1910
1393 1993
1394 1436
1394 1645
1394 1797
1396 1411
1396 1531
1396 1587
1396 1687
1397 1970
1397 1988
1398 1729
1398 1899
1399 1494
1399 1604
1399 1683
1399 1795
1400 1417
1400 1431
1400 1457
1400 1468
1400 1602
1400 1730
1400 1800
1400 1844
1401 1432
1402 1420
1403 1442
1403 1860
1403 1916
1404 1528
1405 1628
1405 1696
1406 1435
1406 1448
1406 1936
1407 1759
1407 1853
1407 1947
1407 1953
1408 1497
1408 1959
1409 1459
1409 1546
1409 1643
1409 1874
1409 1935
1410 1582
1410 1590
1410 1863
1411 1490
1411 1633
1411 1694
1411 1854
1412 1465
1412 1659
1412 1804
1412 1852
1413 1472
1413 1884
1414 1424
1414 1618
1414 1639
1414 1682
1414 1716
1414 1748
1415 1629
1415 1923
1415 1950
1417 1506
1417 1551
1417 1782
1417 1816
1418 1447
1418 1916
1419 1453
1419 1736
1419 1803
1419 1986
1420 1708
1420 1758
1420 1890
1420 1897
1422 1690
1422 1829
1424 1631
1426 1441
1426 1725
1426 1802
1427 1613
1427 1978
1428 1634
1428 1816
1428 1829
1428 1911
1428 1969
1429 1585
1429 1737
1429 1892
1430 1507
1430 1592
1430 1810
1430 1917
1431 1777
1432 1504
1432 1543
1433 1450
1433 1522
1433 1720
1433 1732
1433 1910
1434 1611
1434 1681
1434 1706
1434 1864
1435 1442
1435 1629
1435 1782
1436 1584
1436 1600
1437 1547
1437 1729
1437 1998
1438 1495
1438 1740
1438 1848
1438 1952
1439 1958
1440 1517
1440 1528
1440 1817
1440 1924
1441 1961
1443 1779
1443 1831
1443 1894
1444 1526
1444 1644
1444 1766
1445 1851
1447 1470
1447 1628
1447 1677
1448 1453
1448 1719
1448 1802
1448 1829
1449 1549
1449 1559
1450 1944
1452 1814
1452 1873
1452 1968
1452 1975
1453 1611
1454 1716
1454 1793
1455 1735
1455 1980
1456 1593
1456 1685
1456 1795
1457 1503
1457 1592
1457 1660
1457 1705
1458 1507
1459 1839
1459 1882
1460 1511
1460 1650
1461 1551
1463 1559
1463 1584
1463 1705
1464 1506
1464 1594
1465 1710
1466 1959
1467 1481
1467 1655
1467 1760
1467 1855
1469 1629
1469 1671
1469 1909
1469 1914
1471 1472
1471 1670
1471 1768
1471 1844
1472 1784
1472 1908
1473 1878
1474 1751
1474 1813
1475 1777
1475 1955
1475 1975
1477 1581
1477 1634
1478 1576
1478 1978
1479 1659
1479 1855
1480 1801
1481 1557
1481 1618
1481 1647
1481 1926
1482 1713
1482 1725
1483 1657
1483 1724
1484 1993
1485 1970
1486 1507
1486 1788
1487 1498
1488 1582
1488 1946
1489 1596
1489 1998
1490 1887
1491 1582
1491 1649
1492 1517
1492 1796
1492 1858
1493 1919
1493 1929
1493 1942
1494 1697
1494 1946
1495 1783
1495 1835
1495 1879
1496 1561
1496 1622
1496 1650
1496 1862
1496 1892
1496 1895
1498 1681
1498 1746
1499 1840
1499 1947
1500 1872
1501 1705
1501 1955
1502 1679
1502 1709
1503 1607
1504 1792
1504 1855
1504 1869
1504 1987
1504 1994
1505 1913
1506 1697
1506 1731
1506 1757
1506 1789
1506 1815
1506 1895
1507 1748
1508 1522
1508 1551
1508 1567
1510 1640
1510 1752
1512 1593
1512 1715
1512 1772
1513 1571
1513 1934
1514 1708
1514 1828
1515 1616
1515 1625
1515 1837
1516 1558
1516 1804
1516 1954
1517 1671
1517 1718
1517 1915
1517 1946
1518 1634
1519 1536
1519 1661
1519 1976
1520 1552
1520 1619
1520 1660
1520 1764
1520 1859
1520 1927
1521 1546
1521 1660
1521 1867
1522 1584
1522 1747
1522 1904
1523 1619
1523 1806
1523 1816
1524 1956
1525 1985
1526 1768
1526 1850
1526 1860
1526 1953
1527 1732
1527 1749
1527 1818
1528 1573
1528 1616
1529 1663
1530 1657
1530 1894
1531 1871
1532 1595
1532 1740
1533 1894
1534 1590
1534 1801
1534 1912
1535 1601
1535 1602
1535 1644
1536 1624
1536 1735
1537 1731
1537 1976
1538 1723
1539 1841
1540 1820
1540 1869
1541 1681
1541 1998
1542 1555
1542 1707
1542 1825
1542 1926
1543 1624
1543 1650
1543 1669
1543 1718
1543 1925
1543 1953
1544 1586
1544 1613
1544 1818
1544 1910
1545 1844
1546 1572
1546 1596
1546 1716
1546 1791
1546 1905
1546 1977
1547 1929
1547 1996
1548 1613
1548 1759
1548 1936
1549 1906
1549 1920
1550 1568
1550 1788
1550 1801
1550 1952
1551 1918
1551 1965
1551 1986
1553 1764
1553 1816
1554 1565
1554 1592
1554 1633
1557 1571
1557 1670
1557 1952
1558 1712
1560 1605
1560 1776
1560 1880
1560 1940
1561 1745
1561 1894
1562 1596
1562 1697
1564 1840
1565 1713
1565 1750
1565 1962
1566 1826
1566 1965
1567 1825
1568 1575
1568 1758
1568 1816
1568 1937
1569 1676
1569 1707
1569 1780
1571 1967
1571 1997
1572 1602
1572 1631
1572 1720
1572 1944
1573 1987
1574 1585
1574 1602
1575 1650
1575 1831
1576 1709
1577 1869
1579 1656
1579 1683
1580 1609
1580 1697
1580 1882
1580 1927
1581 1899
1582 1592
1585 1709
1585 1870
1585 1938
1586 1593
1586 1676
1586 1690
1586 1861
1587 1694
1587 1978
1587 1998
1588 1627
1588 1916
1589 1603
1589 1958
1590 1820
1592 1738
1593 1629
1593 1675
1594 1724
1595 1718
1595 1746
1596 1754
1596 1982
1596 1990
1597 1876
1599 1622
1599 1966
1600 1701
1600 1712
1600 1713
1600 1772
1601 1766
1602 1771
1602 1786
1602 1986
1602 1992
1603 1626
1603 1911
1604 1705
1605 1661
1606 1808
1607 1903
1608 1640
1608 1739
1608 1909
1610 1765
1610 1916
1610 1944
1611 1798
1611 1840
1612 1614
1612 1656
1612 1859
1613 1617
1613 1668
1613 1759
1613 1774
1613 1840
1613 1923
1616 1829
1616 1944
1616 1975
1617 1838
1617 1842
1617 1940
1617 1962
1617 1973
1618 1788
1618 1901
1618 1976
1619 1714
1619 1833
1619 1949
1619 1985
1620 1640
1620 1709
1621 1771
1622 1803
1623 1934
1624 1874
1624 1997
1625 1817
1626 1724
1627 1672
1628 1718
1629 1888
1629 1934
1629 1987
1630 1894
1631 1683
1631 1706
1631 1874
1631 1913
1634 1764
1634 1957
1635 1951
1636 1662
1636 1885
1637 1639
1637 1758
1638 1738
1638 1911
1638 1964
1640 1685
1640 1748
1640 1776
1640 1848
1640 1916
1641 1723
1641 1785
1641 1867
1642 1934
1642 1959
1643 1810
1644 1769
1644 1949
1644 1958
1645 1758
1645 1857
1647 1824
1647 1906
1648 1815
1649 1657
1649 1678
1650 1999
1651 1826
1652 1925
1654 1877
1655 1703
1655 1834
1656 1913
1657 1724
1658 1762
1659 1857
1659 1878
1659 1939
1660 1769
1662 1695
1662 1769
1662 1893
1663 1711
1663 1810
1666 1725
1666 1949
1666 2000
1668 1958
1670 1678
1670 1722
1670 1859
1671 1911
1673 1810
1674 1944
1675 1934
1677 1977
1678 1924
1678 1986
1679 1719
1679 1824
1679 1869
1680 1812
1680 1924
1682 1714
1682 1872
1682 1895
1683 1688
1684 1864
1685 1780
1687 1888
1687 1915
1688 1921
1690 1816
1691 1737
1691 1846
1691 1966
1692 1945
1694 1846
1695 1722
1696 1790
1696 1837
1697 1839
1698 1733
1698 1892
1700 1969
1701 1890
1701 1984
1702 1873
1703 1895
1705 1791
1705 1972
1706 1759
1706 1777
1706 1945
1707 1717
1707 1776
1707 1989
1708 1769
1708 1846
1708 1968
1710 1714
1710 1888
1710 1930
1712 1798
1712 1913
1712 1969
1712 1982
1713 1740
1713 1958
1713 1971
1713 1976
1713 1994
1715 1766
1715 1931
1716 1783
1716 1941
1716 1960
1717 1776
1717 1780
1717 1817
1718 1731
1718 1887
1720 1831
1720 1975
1721 1990
1722 1817
1723 1786
1723 1864
1724 1827
1724 1926
1725 1763
1725 1967
1726 1809
1726 1977
1727 1896
1727 1990
1728 1852
1730 1798
1732 1904
1733 1943
1734 1763
1734 1776
1735 1940
1737 1836
1738 1949
1739 1749
1741 1941
1742 1872
1742 1953
1743 1870
1745 1939
1746 1773
1746 1922
1747 1788
1747 1916
1748 1991
1751 1852
1752 1795
1755 1829
1756 1771
1757 1771
1759 1869
1761 1933
1761 1985
1762 1779
1762 1870
1763 1772
1764 1818
1765 2000
1768 1858
1770 1772
1772 1943
1773 1936
1774 1846
1774 1879
1775 1984
1776 1962
1777 1779
1780 1824
1780 1847
1784 1858
1787 1818
1790 1856
1790 1971
1792 1958
1794 1812
1797 1943
1799 1841
1799 1876
1799 1950
1799 1987
1800 1837
1801 1809
1802 1852
1807 1893
1809 1829
1809 1935
1809 1937
1810 1914
1811 1865
1811 1984
1813 1857
1813 1977
1814 1902
1814 1954
1816 1868
1817 1987
1818 1895
1819 1936
1819 1969
1821 1833
1822 1992
1823 1918
1824 1837
1824 1901
1825 1846
1825 1902
1826 1877
1826 1909
1826 1962
1828 1897
1830 1835
1830 1884
1832 1939
1833 1979
1834 1909
1834 1926
1838 1954
1839 1980
1839 1993
1840 1850
1840 1851
1841 1937
1842 1847
1842 1855
1842 1866
1842 1980
1844 1871
1849 1866
1852 1976
1853 1946
1855 1920
1861 1884
1861 1906
1861 1925
1865 1955
1866 1975
1868 1914
1871 1892
1871 1930
1876 1897
1877 1936
1877 1966
1877 1968
1878 1961
1878 1967
1878 1975
1879 1994
1881 1927
1886 1918
1888 1974
1890 1901
1891 1971
1893 1909
1894 1971
1897 1955
1901 1933
1902 1932
1903 1971
1905 1976
1906 1962
1908 1914
1911 1940
1914 2000
1922 1940
1926 1958
1926 1981
1927 1969
1930 1969
1933 1946
1933 1965
1943 1993
1949 1987
1951 1953
1958 1993
1960 1981
1968 1984
1976 1979
1978 1980
1979 1992
1982 1983