2000
1 243
1 438
1 1159
2 506
2 1665
2 1721
4 615
4 1155
5 352
7 252
7 766
8 85
8 696
9 820
10 70
10 216
10 703
11 1602
13 1109
14 455
15 260
15 552
15 695
15 959
15 1425
15 1685
16 1989
17 1458
18 1495
19 249
20 927
21 286
21 1292
22 878
23 801
23 1754
24 777
24 1527
26 1555
27 1764
29 1602
30 271
31 390
31 393
32 338
33 445
34 1744
35 524
37 940
38 581
39 614
39 1567
40 76
40 250
40 513
40 1990
41 1609
41 1822
41 1852
41 1973
42 1576
43 496
43 622
44 950
44 1317
45 1224
46 216
47 523
47 1880
48 1082
51 1055
51 1489
52 1005
53 590
53 1825
54 92
54 1510
55 108
55 1890
56 732
56 843
57 967
59 359
60 960
60 1046
61 273
61 1247
61 1284
61 1371
62 730
64 1645
65 536
66 1037
66 1878
70 989
70 1561
70 1878
73 386
73 1610
75 1961
76 124
76 1966
77 1150
77 1575
78 349
78 1898
79 937
80 605
80 1204
80 1740
80 1769
81 588
81 1003
82 1018
84 123
84 259
84 1363
85 1909
87 144
87 958
87 1277
87 1415
87 1660
88 315
88 816
88 941
89 298
90 181
90 883
91 1506
92 906
92 1027
92 1034
93 1040
93 1308
93 1455
93 1798
95 1927
96 1961
98 108
98 1252
99 1194
100 491
100 1725
102 675
104 263
104 583
104 677
104 735
104 873
105 1203
105 1836
106 973
106 1274
107 1132
107 1243
108 150
108 1829
111 522
112 629
113 753
113 779
113 826
113 1011
114 494
114 1205
115 1783
117 1052
118 601
118 617
118 1006
118 1622
120 452
120 1256
121 457
121 516
122 1319
123 554
123 889
123 1233
123 1809
124 466
125 423
125 1254
125 1413
125 1702
125 1968
127 1299
127 1455
128 1388
128 1548
130 511
131 370
131 563
131 1739
132 673
133 1795
134 836
134 1858
135 496
135 969
135 1282
136 676
137 1740
138 894
138 1853
139 1453
140 1295
141 1052
141 1290
142 1047
142 1948
143 844
143 1216
143 1365
143 1863
143 1911
144 537
144 827
144 1056
145 458
145 577
145 1120
146 625
146 1341
146 1404
146 1741
147 1062
147 1188
147 1732
147 1747
148 1430
148 1540
149 1281
151 1167
151 1521
152 1544
152 1970
153 1053
153 1407
153 1881
154 472
154 568
154 634
158 360
158 686
158 930
158 1682
159 255
161 622
161 973
161 1384
161 1401
162 591
162 949
164 169
164 398
165 698
165 1491
166 726
166 1582
167 632
169 1204
170 381
170 810
171 929
173 1253
174 378
175 740
176 882
176 1295
176 1966
177 401
177 682
178 421
179 556
179 679
180 1506
181 213
182 974
182 1209
182 1490
183 1302
184 1443
186 568
187 1338
189 439
189 874
189 1742
189 1920
190 1041
190 1262
190 1317
190 1565
190 1753
191 1922
192 490
192 797
193 552
193 1130
193 1769
194 490
196 912
196 1312
196 1333
196 1800
196 1834
198 1145
198 1247
198 1273
198 1636
199 952
199 1744
200 1141
200 1349
200 1764
201 303
202 1511
203 1742
204 415
204 516
204 885
204 1787
205 1673
205 1860
206 859
206 1989
206 1998
207 405
207 1235
208 451
208 689
208 812
208 1046
208 1406
208 1551
209 964
209 1619
210 1404
210 1723
211 1476
211 1870
212 319
212 1180
212 1474
213 554
213 708
214 291
214 1851
216 832
216 1026
216 1075
216 1804
218 449
219 1594
221 696
221 1005
223 367
223 474
224 340
225 1047
226 1228
226 1273
227 640
227 982
227 1084
227 1902
228 1572
229 790
229 977
229 1159
229 1503
230 1882
231 608
231 710
231 715
231 1992
232 372
233 502
233 1160
234 501
234 957
234 1957
235 1160
235 1180
235 1935
237 1266
237 1762
238 1295
239 1242
239 1708
240 871
240 1311
241 917
241 1763
242 1021
244 360
244 836
245 307
245 588
247 1824
247 1956
248 386
248 862
248 1057
249 1399
250 579
251 924
251 1110
252 676
252 856
252 1980
253 262
253 532
253 706
253 803
255 278
257 1488
259 1320
260 640
260 980
261 1551
263 783
263 1077
263 1092
264 492
265 862
266 1690
267 991
268 1354
268 1505
268 1969
269 705
269 1124
270 560
270 1358
270 1423
270 1919
271 1045
271 1521
271 1919
273 1677
274 1157
275 839
275 1485
276 737
276 947
276 1003
277 409
278 554
278 621
278 736
278 808
279 491
279 556
279 833
279 1303
280 441
282 416
282 455
282 1162
282 1454
283 319
283 1336
284 1201
286 573
287 1728
289 590
289 1089
292 1208
294 1702
294 1880
295 1420
296 559
296 795
296 1580
297 1252
297 1920
298 623
299 619
300 358
301 1077
301 1083
301 1819
301 1918
303 367
303 714
303 1819
303 1969
304 671
304 1140
304 1430
305 569
305 892
305 914
306 958
307 1004
307 1901
308 666
308 1494
308 1538
310 948
310 1791
311 1341
312 1754
313 1168
313 1776
314 748
315 1178
315 1579
316 358
316 1836
317 492
318 826
318 1135
318 1618
319 1934
322 488
324 1399
324 1999
325 838
325 1770
326 1938
327 413
327 873
328 1358
328 1785
328 1846
329 1366
329 1454
330 1840
332 547
334 1344
334 1514
335 1185
335 1240
335 1644
336 1047
337 1995
338 950
338 1512
339 677
339 859
339 1093
340 1702
340 1715
341 1828
342 377
342 557
342 1098
343 1633
343 1901
344 1003
345 870
348 1195
349 506
349 1328
349 1498
349 1520
349 1753
350 1054
350 1875
351 1083
351 1679
352 1808
353 1135
353 1191
353 1505
353 1705
354 1809
354 1965
355 1312
355 1593
357 359
357 527
357 1914
358 997
359 371
359 617
359 726
359 1657
360 1015
362 1245
363 694
363 769
363 952
363 1405
363 1855
363 1974
364 738
367 1547
368 519
368 605
369 772
369 1005
369 1092
370 445
370 912
371 545
371 1184
373 1150
374 1107
374 1346
374 1949
377 732
378 644
382 781
383 510
384 861
385 1706
386 1875
387 621
387 1550
388 598
388 801
388 1946
388 1959
388 1974
389 787
390 1448
391 423
391 940
392 720
392 1001
393 520
393 1753
394 1344
395 508
395 574
395 742
395 1818
396 1770
396 1938
397 1355
399 410
399 1977
401 778
403 1186
403 1511
403 1812
404 766
404 1609
407 556
407 720
407 1118
407 1191
408 465
408 647
408 1391
409 830
409 1164
410 1879
411 1058
411 1291
413 478
413 1052
414 1005
415 622
415 1661
416 970
420 1854
421 607
422 907
423 936
424 645
425 443
426 964
426 1311
427 916
428 506
428 795
429 608
429 1463
429 1469
433 761
433 1427
433 1823
435 554
437 559
437 740
437 1475
438 1117
439 1271
439 1755
442 506
442 1222
443 1529
443 1663
446 798
446 1433
446 1753
446 1788
447 828
448 1110
450 1541
453 1592
454 483
454 1021
454 1308
454 1563
454 1600
454 1752
455 1494
455 1550
457 595
457 658
459 1641
459 1685
460 1488
460 1641
461 1045
461 1958
462 512
462 1015
463 993
466 481
468 1640
470 656
470 1179
470 1628
471 1471
472 1485
472 1507
472 1652
473 799
473 1689
474 707
475 1679
476 1624
476 1852
479 1368
480 1503
481 509
481 1167
483 1022
485 859
485 1836
486 1091
486 1231
487 1871
488 656
488 1237
488 1734
489 1456
490 1159
491 1300
492 813
492 1045
493 548
497 565
497 860
497 1025
498 1817
499 1166
499 1745
500 1377
501 707
502 1047
503 833
504 1612
505 733
508 1818
509 1462
510 1011
511 919
513 1674
514 1267
516 1963
517 1047
517 1830
520 1109
521 589
522 1553
523 1264
523 1933
524 1216
525 1160
525 1634
526 1092
527 1107
527 1893
530 609
530 1429
532 946
534 1136
535 835
535 917
536 825
537 1919
538 652
538 1863
539 563
539 566
540 580
541 1095
541 1459
541 1990
544 1278
545 1839
546 602
546 1459
546 1901
547 1030
548 1380
548 1773
551 961
552 1017
554 1092
555 966
556 1723
560 1827
561 927
561 1776
562 1131
563 1485
566 1419
566 1893
567 645
567 721
567 740
567 1280
567 1746
567 1863
570 723
570 1667
570 1761
571 857
571 1430
572 719
572 891
572 1182
573 810
573 885
575 661
575 1385
575 1423
576 1307
576 1556
577 679
577 1489
578 1229
578 1753
580 1932
581 1495
582 857
582 1775
583 1757
583 1786
584 821
586 1263
586 1961
588 978
588 1352
588 1470
589 991
590 837
590 1114
591 982
591 1532
591 1764
592 854
593 959
593 1995
594 820
594 1769
595 1157
596 1678
596 1907
597 981
597 1960
598 1250
599 661
600 1610
600 1616
602 1238
602 1445
603 604
603 886
605 685
606 1011
606 1205
607 827
608 1037
608 1123
609 1821
610 809
611 1553
611 1820
612 1665
613 1288
615 1258
616 1480
617 1022
617 1720
619 923
619 1720
621 949
622 1754
624 896
624 1916
627 791
628 669
628 1318
628 1888
628 1922
629 1495
629 1740
631 671
631 752
635 1325
636 1799
637 1459
637 1848
638 1151
640 1903
641 1524
642 914
642 1921
643 1172
643 1499
644 862
645 904
645 1185
645 1256
645 1281
646 982
646 1374
646 1469
647 710
647 739
647 1677
647 1871
649 928
651 984
651 1361
652 1014
652 1749
653 1286
653 1994
654 720
654 954
654 1223
654 1389
656 1024
657 1094
657 1800
658 1344
658 1871
659 1824
660 983
660 1690
660 1927
661 1307
663 1048
665 1891
669 721
669 1686
669 1893
672 1307
674 1582
675 913
675 1357
675 1880
676 1933
677 908
677 1077
678 1334
678 1443
680 876
682 1944
683 954
683 1555
683 1936
684 788
685 1009
685 1157
686 709
686 1597
688 952
689 1926
692 750
692 1133
692 1151
692 1906
693 1333
694 1316
695 907
698 1228
698 1482
699 1755
701 1378
705 797
706 1987
707 1650
708 1445
708 1461
708 1627
708 1738
708 1760
708 1804
709 1113
709 1965
710 1379
710 1408
710 1548
711 1916
713 1707
713 1965
714 1446
715 1521
715 1676
718 1478
721 1966
722 965
722 1387
722 1906
724 768
724 1449
726 1002
726 1735
727 814
727 830
727 903
727 1515
728 1694
730 1396
731 732
733 1346
735 1052
735 1062
737 1813
737 1915
739 1486
740 1863
741 1823
744 1141
746 871
748 996
748 1529
749 1247
750 1324
750 1468
750 1762
751 1395
753 1349
753 1957
754 937
754 1737
755 1887
757 980
757 1271
758 1125
759 1631
760 1636
760 1642
761 1659
762 1731
762 1790
762 1800
763 1359
763 1840
764 869
764 1688
764 1932
766 1116
766 1691
766 1716
768 1196
768 1462
769 871
775 1372
777 793
778 1532
781 891
781 1534
782 1025
784 1129
784 1281
785 860
785 1764
787 1537
787 1626
787 1697
787 1751
788 1353
789 1093
791 1301
791 1482
794 1016
794 1483
795 1029
795 1878
796 1116
796 1312
796 1334
797 1103
798 1735
799 910
799 1972
800 1733
801 964
801 1048
801 1194
801 1258
802 1335
803 1749
805 1134
806 1007
806 1311
806 1687
807 1155
807 1948
808 1472
810 853
811 1349
811 1790
812 1316
812 1389
812 1804
813 1387
814 1429
814 1632
815 1127
817 862
818 1505
818 1573
818 1692
820 1321
822 1048
823 1093
825 1668
825 1682
825 1786
826 1159
830 1871
832 1220
832 1357
833 1390
835 984
835 1015
837 1625
839 1070
839 1442
840 1308
840 1926
843 1638
844 1227
845 1850
848 850
848 1353
853 1897
854 1946
856 903
856 1803
856 1936
857 1601
858 1776
859 1249
861 978
861 1600
861 1773
863 1933
864 1684
864 1928
867 1024
867 1846
871 1119
871 1646
874 1615
876 957
877 992
877 1161
879 1975
880 1865
882 1216
882 1774
884 1835
885 1472
886 1357
887 1163
889 1265
889 1936
890 1511
891 1862
892 1194
892 1877
892 1938
894 1306
894 1348
894 1569
894 1690
897 1197
897 1238
897 1606
897 1781
898 1141
898 1858
901 1197
901 1321
905 1983
905 1990
906 1906
908 1895
911 1087
911 1624
911 1971
912 1557
912 1934
914 1588
915 1513
917 1252
917 1610
917 1909
918 1386
919 1125
920 1071
920 1365
921 1137
921 1290
923 1187
923 1940
924 1964
925 1516
926 1602
927 1852
929 1017
930 1148
934 1341
936 1486
939 1185
940 1599
943 951
943 1647
944 1814
945 1519
945 1947
947 1146
948 1353
949 1051
950 1091
950 1190
950 1825
951 1441
952 1879
953 1983
954 1600
954 1741
955 1939
956 1918
957 1454
957 1675
958 1150
960 1671
962 1525
964 977
965 1680
966 1090
966 1751
967 1271
967 1345
968 1442
969 1263
969 1690
971 1603
972 1030
972 1258
972 1813
972 1833
973 1067
973 1393
974 1566
974 1852
976 992
976 1001
976 1397
977 1512
979 1747
982 1091
982 1494
983 1153
984 1424
985 1271
985 1580
989 1821
994 1377
995 1011
997 1118
997 1493
998 1243
998 1519
998 1909
1002 1073
1002 1527
1003 1027
1003 1746
1004 1354
1006 1164
1006 1563
1007 1631
1009 1189
1009 1937
1010 1768
1011 1065
1011 1646
1011 1938
1016 1795
1017 1663
1018 1081
1019 1496
1021 1657
1021 1720
1023 1071
1024 1414
1026 1339
1026 1615
1026 1727
1027 1669
1029 1619
1030 1073
1030 1412
1031 1307
1037 1187
1039 1284
1039 1470
1041 1936
1042 1133
1043 1949
1044 1643
1044 1922
1044 1941
1046 1192
1046 1649
1049 1301
1049 1490
1050 1758
1052 1362
1055 1819
1058 1270
1058 1473
1059 1752
1060 1695
1061 1070
1062 1507
1063 1131
1063 1684
1063 1962
1064 1434
1066 1737
1069 1353
1073 1574
1074 1255
1075 1818
1076 1080
1079 1451
1080 1159
1081 1864
1081 1900
1082 1898
1083 1754
1083 1964
1085 1087
1085 1144
1090 1334
1090 1416
1090 1985
1093 1675
1094 1112
1094 1396
1095 1931
1096 1418
1097 1270
1098 1551
1098 1674
1099 1272
1099 1352
1100 1130
1103 1493
1104 1523
1104 1952
1107 1307
1107 1978
1108 1883
1110 1896
1111 1257
1112 1352
1114 1156
1114 1759
1121 1574
1122 1513
1122 1606
1122 1626
1122 1867
1124 1646
1128 1691
1129 1378
1129 1496
1131 1596
1131 1869
1133 1804
1134 1597
1134 1667
1134 1674
1134 1820
1135 1454
1136 1676
1137 1283
1139 1404
1141 1589
1142 1862
1145 1170
1145 1968
1147 1417
1148 1749
1150 1216
1152 1449
1152 1823
1153 1742
1154 1868
1155 1451
1155 1710
1155 1713
1156 1231
1156 1409
1156 1497
1157 1702
1158 1306
1159 1746
1161 1252
1162 1409
1162 1808
1163 1292
1166 1505
1167 1168
1169 1968
1170 1337
1170 1457
1170 1725
1171 1464
1174 1474
1177 1968
1178 1267
1178 1389
1178 1552
1183 1415
1184 1262
1185 1750
1187 1189
1188 1455
1188 1481
1188 1980
1189 1713
1191 1663
1193 1992
1194 1952
1196 1538
1196 1587
1197 1486
1199 1402
1202 1400
1203 1393
1204 1428
1204 1612
1205 1713
1208 1425
1212 1575
1213 1370
1213 1693
1213 1751
1215 1908
1217 1576
1219 1481
1219 1718
1220 1901
1220 1907
1221 1502
1221 1830
1222 1453
1222 1936
1223 1815
1225 1565
1225 1709
1225 1784
1228 1932
1231 1292
1234 1702
1236 1826
1237 1627
1238 1585
1238 1713
1241 1368
1241 1776
1245 1301
1245 1319
1246 1951
1247 1660
1249 1458
1250 1679
1253 1293
1253 1537
1254 1400
1258 1756
1259 1320
1263 1310
1263 1989
1268 1636
1269 1883
1269 1965
1270 1344
1276 1349
1277 1872
1278 1757
1279 1551
1280 1801
1281 1360
1284 1641
1285 1363
1285 1709
1286 1734
1286 1893
1286 1966
1288 1330
1288 1482
1288 1553
1289 1518
1290 1309
1290 1530
1293 1782
1295 1529
1296 1597
1298 1553
1300 1470
1301 1496
1304 1937
1306 1837
1308 1906
1309 1366
1309 1994
1310 1589
1312 1668
1312 1835
1313 1412
1314 1320
1314 1871
1315 1693
1316 1790
1317 1528
1318 1379
1319 1643
1319 1782
1319 1783
1323 1460
1323 1790
1324 1430
1325 1528
1325 1834
1325 1867
1327 1785
1327 1881
1331 1407
1331 1494
1334 1715
1334 1955
1336 1546
1338 1571
1338 1803
1340 1549
1340 1628
1341 1558
1342 1470
1344 1726
1344 1891
1349 1501
1349 1616
1351 1857
1355 1804
1361 1698
1361 1758
1361 1770
1362 1910
1363 1530
1368 1466
1368 1634
1368 1787
1370 1979
1373 1917
1374 1633
1374 1905
1378 1603
1379 1522
1379 1992
1380 1389
1381 1509
1381 1522
1382 1969
1383 1744
1384 1390
1384 1800
1384 1944
1388 1590
1391 1713
1394 1865
1396 1776
1397 1585
1405 1668
1406 1535
1412 1977
1413 1547
1418 1986
1420 1712
1422 1593
1425 1934
1427 1788
1428 1944
1432 1641
1434 1519
1434 1660
1439 1512
1439 1578
1443 1604
1445 1769
1446 1733
1447 1790
1447 1878
1449 1601
1449 1674
1451 1493
1451 1559
1451 1738
1452 1823
1453 1915
1454 1595
1457 1695
1461 1952
1462 1547
1462 1583
1464 1968
1465 1823
1466 1973
1468 1487
1468 1781
1469 1593
1470 1609
1476 1694
1477 1648
1480 1589
1481 1681
1482 1610
1484 1942
1486 1771
1487 1578
1487 1861
1489 1694
1489 1708
1491 1745
1495 1963
1497 1958
1499 1534
1499 1539
1500 1909
1503 1977
1510 1523
1515 1634
1516 1973
1518 1985
1520 1748
1520 1820
1522 1556
1532 1979
1538 1671
1539 1709
1541 1834
1542 1622
1542 1807
1544 1809
1544 1880
1545 1953
1546 1944
1546 1974
1548 1603
1548 1847
1549 1744
1554 1605
1554 1706
1559 1598
1561 1622
1565 1739
1565 1851
1570 1865
1572 1758
1576 1743
1578 1804
1579 1824
1584 1899
1585 1877
1586 1889
1589 1977
1591 1985
1597 1838
1605 1810
1606 1946
1611 1624
1614 1840
1616 1897
1617 1661
1622 1714
1625 1922
1626 1892
1631 1926
1639 1692
1646 1968
1649 1881
1650 1816
1653 1800
1655 1997
1656 1950
1658 1903
1667 1883
1667 1899
1669 1731
1669 1966
1674 1828
1679 1716
1681 1884
1686 1935
1688 1974
1691 1908
1698 1724
1698 1786
1698 1814
1713 1899
1715 1988
1716 1732
1717 1769
1721 1947
1724 1835
1732 1804
1732 1888
1736 1975
1739 1760
1740 1920
1742 1882
1743 1757
1755 1925
1757 1877
1763 1804
1772 1907
1772 1960
1782 1937
1784 1993
1786 1830
1787 1846
1799 1987
1803 1895
1804 1881
1804 1971
1807 1973
1810 1941
1816 1928
1825 1835
1828 1911
1855 1915
1869 1911
1872 1923
1881 1969
1883 1958
1913 1986
1950 1978