2000
1 231
1 815
1 1063
1 1269
1 1461
2 313
2 915
2 1244
3 76
3 277
3 494
3 662
3 925
3 1312
4 211
4 1103
4 1190
4 1300
4 1751
5 121
5 333
5 449
5 1492
5 1769
5 1925
6 276
6 300
6 886
6 1022
6 1188
6 1501
6 1710
7 390
7 1096
7 1514
7 1768
7 1901
8 318
8 578
8 1238
8 1670
8 1865
9 1077
9 1235
10 39
10 125
10 482
10 496
10 1064
11 272
11 545
11 822
11 1321
12 447
12 757
12 1172
12 1555
12 1903
13 121
13 812
13 1033
13 1357
13 1766
13 1937
13 1954
14 330
14 964
14 1573
14 1866
14 1955
15 752
16 120
16 1979
17 914
17 1230
17 1327
17 1830
17 1877
18 688
18 737
18 851
18 1474
18 1777
19 761
19 1152
19 1202
19 1744
20 299
20 1365
20 1647
21 368
21 492
21 1014
21 1630
21 1786
21 1837
22 533
22 551
22 759
22 1156
22 1797
23 348
23 403
23 440
23 1091
23 1207
23 1678
24 601
24 758
24 1570
24 1738
25 93
25 194
25 215
25 278
25 776
25 1618
26 65
26 425
26 588
26 957
26 1326
27 191
27 210
27 1029
27 1680
28 1478
28 1667
28 1743
29 165
29 644
29 964
29 1230
29 1578
29 1830
30 508
30 689
30 1255
30 1300
30 1607
31 1454
31 1539
31 1659
31 1740
32 78
32 553
32 1226
32 1231
32 1308
32 1640
32 1883
33 323
33 474
33 974
33 1309
33 1557
34 1477
35 116
35 341
35 901
37 1024
37 1272
37 1333
37 1512
37 1804
37 1869
38 690
38 854
38 890
38 1179
39 453
39 950
39 1156
39 1681
39 1852
39 1925
40 398
40 772
40 1088
40 1853
41 57
41 349
41 527
41 754
42 68
42 223
42 426
42 924
42 1162
42 1391
42 1592
42 1669
42 1973
43 593
43 1419
43 1922
44 1085
44 1399
45 740
45 900
46 277
46 1213
46 1337
46 1745
47 958
47 1176
47 1807
48 571
48 615
48 1739
49 597
49 652
49 670
49 982
49 1244
50 81
50 228
50 685
50 995
50 1494
50 1792
51 74
51 111
51 601
51 784
51 943
51 1041
51 1157
51 1194
51 1346
52 102
52 285
52 483
52 897
52 1295
52 1520
53 85
53 144
53 975
54 498
54 1676
54 1734
54 1961
55 371
55 1049
55 1227
56 214
56 334
56 454
56 790
56 1904
57 143
57 214
57 416
57 593
57 821
57 1171
58 1750
59 891
60 250
60 350
60 843
60 1071
60 1519
60 1599
61 138
61 185
61 329
61 636
61 1330
61 1416
61 1419
62 264
62 312
62 1028
63 375
63 727
63 1850
64 1659
64 1862
65 731
65 1594
66 317
66 342
66 741
66 1157
66 1509
66 1651
66 1672
67 73
67 785
67 836
67 1241
68 1240
69 128
69 490
69 1652
70 107
70 109
70 124
70 382
70 948
70 966
70 1895
71 1039
71 1054
71 1224
71 1351
71 1786
71 1830
72 650
72 877
72 1872
72 1902
73 150
73 1494
73 1975
74 1848
75 506
75 728
75 961
75 1212
75 1480
75 1569
75 1668
75 1829
76 544
76 853
76 875
76 877
76 1467
76 1741
76 1827
77 526
77 1223
78 1139
78 1624
78 1806
79 1179
79 1201
79 1482
79 1821
80 356
80 1404
81 134
81 154
81 259
81 1294
82 592
82 1589
83 580
83 1049
83 1183
83 1326
83 1508
83 1862
84 288
84 1209
84 1528
84 1661
84 1866
85 232
85 503
85 761
85 1492
85 1736
86 299
86 1345
86 1881
87 596
87 1192
87 1285
87 1390
87 1393
88 1734
88 1815
89 652
89 813
89 1836
90 101
90 159
90 1531
90 1740
91 424
91 634
91 731
91 817
91 1005
91 1735
91 1970
92 462
92 701
92 908
92 1307
92 1563
92 1751
92 1769
92 1945
93 886
93 983
93 1836
94 95
94 1511
94 1657
94 1811
94 1846
95 821
95 1868
96 244
96 1229
97 263
97 307
98 708
98 849
98 1057
98 1364
98 1595
98 1723
98 1930
98 1973
99 163
99 489
99 990
100 456
100 594
100 768
100 1874
101 371
101 395
101 510
101 1074
102 1289
102 1326
102 1443
102 1787
103 564
103 746
103 1292
103 1613
103 1756
103 1781
103 1918
104 377
104 862
104 1219
104 1298
104 1962
105 993
106 753
106 953
106 957
106 1044
106 1495
107 810
107 974
107 1113
108 247
109 165
111 183
111 1583
111 1770
112 648
112 1573
113 1041
113 1165
113 1374
114 283
114 392
114 1424
115 180
115 761
116 233
116 687
116 734
116 1086
116 1739
117 1671
118 513
118 727
118 1956
119 758
119 1275
119 1339
119 1408
119 1707
119 1865
120 622
120 758
120 1188
120 1869
121 376
121 786
121 1016
121 1294
121 1553
121 1807
122 267
122 317
122 404
122 900
122 998
122 1498
123 696
123 1571
124 369
125 626
125 997
125 1757
125 1848
126 604
126 780
126 799
126 1274
126 1515
126 1627
127 773
127 783
127 946
127 1893
128 338
128 1265
129 1619
129 1830
130 593
130 1003
130 1067
130 1086
130 1189
130 1755
132 393
132 1205
132 1818
132 1927
133 1556
133 1593
133 1613
133 1910
134 512
134 1507
135 426
136 1603
136 1642
136 1662
136 1985
137 692
137 1169
137 1343
137 1513
138 183
138 1832
138 1900
139 726
139 878
139 1013
139 1322
139 1374
139 1617
140 368
140 912
140 1482
140 1678
141 541
141 693
142 595
142 602
142 689
143 190
143 1034
143 1268
143 1985
144 1336
144 1379
144 1583
144 1891
145 1160
145 1521
146 164
146 716
146 1250
146 1909
147 464
148 223
148 725
148 749
148 1005
148 1630
148 1830
149 325
149 681
149 775
149 1444
149 1826
150 390
150 444
150 1529
150 1869
151 681
151 1797
152 682
152 926
152 1027
152 1509
152 1671
153 239
153 531
153 1124
153 1506
154 401
154 736
154 963
154 1002
154 1943
155 585
155 1708
155 1884
156 965
156 1301
157 458
157 460
157 644
157 1029
157 1035
157 1255
157 1620
157 1688
157 1983
158 162
158 1325
158 1811
159 266
159 841
159 1075
159 1765
160 852
160 1216
161 272
161 276
161 903
161 1405
161 1650
161 1915
162 195
162 913
162 993
162 1084
163 455
163 606
163 621
163 1272
163 1959
164 999
165 204
165 655
165 732
165 1043
165 1743
166 724
166 1435
167 631
167 931
167 992
168 703
168 884
168 1054
168 1179
168 1422
169 206
169 327
169 346
169 428
169 1418
170 186
170 217
170 392
170 653
170 894
170 1377
171 359
171 566
171 738
171 900
171 1004
172 1061
172 1101
172 1427
172 1671
173 608
173 784
173 828
173 1095
173 1677
174 925
174 1023
174 1291
174 1412
174 1568
174 1630
174 1647
175 229
175 359
175 804
175 1469
175 1578
175 1599
175 1653
175 1897
176 1090
177 1203
178 280
178 447
178 718
179 403
179 612
179 1552
179 1885
180 1000
181 538
181 662
181 710
181 1729
182 253
182 346
182 1279
182 1470
183 1222
183 1311
183 1492
184 457
184 1124
184 1764
185 1170
185 1511
186 348
186 436
186 597
186 764
186 1649
187 214
187 689
187 1608
187 1623
188 667
188 904
188 940
188 1463
189 597
189 1943
190 209
190 435
190 759
190 1580
191 323
191 1031
191 1603
191 1895
192 851
192 1891
194 221
194 257
194 772
194 1084
194 1660
194 1770
194 1985
195 497
195 1458
196 1318
196 1945
197 221
197 586
197 1073
197 1155
198 254
198 534
198 586
198 938
198 1168
199 517
199 1170
199 1767
200 960
200 1690
201 883
201 1350
201 1633
202 690
202 1738
202 1974
203 354
203 635
203 1487
204 370
204 753
204 1792
204 1799
204 1981
205 963
205 1473
205 1668
205 1710
205 1725
205 1881
206 831
206 1366
206 1897
208 1789
209 1479
209 1616
209 1886
210 214
210 474
210 1847
211 608
211 636
211 959
211 1211
211 1284
211 1438
212 468
212 658
212 1436
212 1789
213 555
213 874
213 1017
213 1458
213 1617
214 1088
214 1320
214 1927
215 1435
216 1403
216 1441
216 1562
217 1339
217 1952
217 1973
218 1497
219 354
219 649
219 726
219 1045
219 1509
220 278
220 1070
220 1143
220 1546
220 1873
221 524
221 1215
222 453
222 1005
222 1751
223 401
223 440
223 871
223 1232
223 1521
223 1617
223 1677
224 1825
225 665
225 915
225 1264
225 1478
226 269
226 1302
226 1432
226 1986
227 369
227 448
227 1830
228 894
228 1301
228 1325
228 1462
228 1552
228 1897
229 249
229 333
229 914
229 1732
230 439
230 509
230 1972
231 330
231 523
232 253
232 337
232 586
232 1481
233 799
233 1649
234 727
234 749
234 871
234 1235
234 1466
234 1479
235 1105
235 1288
235 1818
236 601
236 690
236 938
236 978
236 983
236 1775
237 520
237 656
238 813
238 925
238 1070
238 1785
239 1074
239 1113
239 1494
239 1848
239 1973
240 276
240 360
240 1774
241 667
241 1139
241 1597
242 498
242 572
242 1190
242 1306
242 1479
244 1215
246 901
246 986
246 1124
246 1840
247 685
247 1866
248 815
248 1318
248 1778
249 888
249 1405
249 1804
250 299
250 657
250 1054
250 1184
250 1576
250 1827
250 1989
251 674
251 893
252 1005
252 1063
252 1477
253 1074
253 1397
253 1794
253 1798
254 397
254 553
254 822
254 829
254 1958
255 442
255 921
255 947
255 1120
255 1312
255 1771
256 273
256 1145
256 1272
257 381
257 427
257 826
257 989
257 1093
257 1119
257 1686
257 1875
257 1929
258 629
258 639
258 663
258 936
258 1177
258 1283
259 463
259 1378
260 349
260 617
261 1504
261 1720
261 1859
262 681
262 894
262 987
262 1411
262 1642
263 906
263 1006
263 1578
263 1716
263 1880
264 866
264 1183
264 1793
264 1860
265 532
265 568
265 753
265 982
265 1499
266 977
266 1064
266 1570
266 1890
267 1473
268 1197
268 1640
269 593
269 1056
269 1448
269 1581
270 588
270 712
270 1145
270 1253
270 1575
271 649
271 661
271 698
271 1381
271 1434
271 1875
272 421
272 659
272 856
272 1136
272 1449
272 1638
272 1673
273 1241
273 1423
274 312
274 520
274 852
274 1031
274 1326
274 1406
275 310
275 900
275 1718
276 429
276 1090
276 1874
277 350
277 609
277 785
277 1008
278 324
278 330
278 470
278 685
278 1573
279 702
279 866
279 999
279 1019
279 1546
280 563
280 1195
280 1522
280 1666
280 1675
280 1809
281 966
281 1257
282 296
282 1338
282 1876
283 802
283 850
283 1142
284 534
284 623
284 1026
285 450
286 394
286 716
286 766
287 414
287 1057
287 1874
288 397
288 480
288 908
289 585
289 1028
289 1201
289 1807
289 1843
290 1025
290 1103
291 424
291 516
291 1636
292 378
293 1111
293 1234
293 1413
294 719
294 900
294 963
294 1150
294 1187
294 1387
295 949
295 1117
295 1206
295 1893
296 377
296 874
296 878
296 1138
296 1267
296 1403
296 1963
297 647
298 879
299 358
299 1627
300 697
300 909
300 913
300 960
300 1318
300 1410
302 761
302 853
302 1782
303 713
303 1352
303 1908
305 657
305 932
305 1075
305 1108
305 1137
306 548
306 549
306 596
306 837
306 846
306 1110
306 1147
307 542
307 1777
308 926
309 627
309 650
309 764
309 842
309 1426
309 1458
309 1607
309 1630
309 1788
309 1976
310 1257
310 1914
310 1997
311 530
311 1607
312 538
312 1148
312 1363
312 1510
313 706
313 1357
313 1854
314 678
314 1349
314 1379
315 659
316 1907
317 532
317 593
319 607
319 768
319 911
319 1171
319 1587
319 1757
320 916
320 1028
321 392
321 460
321 631
321 842
321 854
321 867
321 1066
321 1726
321 1824
321 1928
322 392
322 1343
322 1874
322 1971
323 535
323 615
323 863
323 956
324 694
324 1692
326 459
326 483
326 940
326 1937
327 456
327 822
327 951
327 975
327 1097
327 1204
327 1483
327 1570
327 1582
327 1882
328 731
328 1640
329 375
329 449
329 877
329 1038
329 1296
329 1552
330 438
330 611
330 751
330 941
330 1126
330 1344
330 1422
330 1749
331 800
332 399
332 423
332 528
332 893
332 1347
332 1371
332 1467
332 1494
332 1561
333 406
333 1584
334 750
334 1306
334 1476
335 866
335 1120
335 1204
335 1314
336 1384
336 1402
336 1481
337 1165
337 1290
337 1416
338 752
338 762
338 1680
338 1816
338 1836
338 1863
339 1335
339 1552
340 1803
341 1049
342 1327
342 1411
343 1326
344 1926
345 433
345 669
345 1698
345 1715
346 658
346 785
346 1036
346 1273
347 1263
347 1776
347 1947
348 1809
349 620
349 680
349 1069
349 1206
349 1396
350 523
350 823
350 842
350 1007
350 1789
350 1832
351 660
351 1342
352 1097
352 1099
352 1724
352 1802
353 372
353 939
353 1195
353 1267
353 1641
354 736
354 1047
354 1125
354 1315
354 1554
354 1877
355 742
356 383
356 407
356 605
356 1192
356 1454
356 1739
357 360
357 646
357 861
357 1482
358 588
358 959
358 1055
359 516
359 1503
359 1520
359 1681
359 1870
360 514
360 976
360 1351
360 1775
360 1802
361 835
361 1258
361 1294
362 961
362 1522
363 636
363 1177
364 617
364 655
364 1007
365 971
365 1453
366 925
366 1604
366 1920
367 388
367 825
367 1083
368 560
368 845
368 919
368 958
368 1152
368 1370
368 1914
369 473
369 1022
369 1374
370 1542
371 815
371 910
371 1186
371 1659
372 417
372 519
372 1331
372 1541
373 1242
373 1421
373 1779
374 529
374 551
374 971
374 1014
375 381
375 930
375 955
375 1827
376 756
377 898
377 1153
377 1830
378 1023
378 1133
379 1097
379 1465
379 1851
380 1152
380 1487
380 1920
381 865
381 1329
381 1596
382 810
382 990
382 1296
383 886
383 889
383 1347
383 1786
384 1621
385 476
385 520
385 1084
385 1243
385 1517
385 1704
385 1991
386 741
386 1223
386 1946
387 587
387 1632
388 712
388 727
388 1386
389 511
389 618
390 581
390 849
390 1553
391 802
391 946
391 1225
391 1582
391 1996
392 625
392 1066
392 1075
392 1105
393 422
393 1191
393 1320
393 1694
394 639
394 710
394 753
395 1217
395 1274
395 1354
395 1604
395 1636
396 802
397 495
397 511
397 806
397 896
397 1822
397 1986
398 1465
399 437
399 719
399 746
399 839
399 1879
400 538
400 670
400 1466
401 1706
401 1827
402 1129
402 1324
402 1659
403 983
403 1528
404 405
404 950
404 1669
405 755
405 765
405 1074
405 1176
405 1538
405 1721
405 1953
406 411
406 593
406 989
406 1444
407 773
407 1165
407 1273
407 1303
408 574
408 642
408 872
408 1226
409 445
409 672
409 954
409 1001
410 481
411 564
411 1643
411 1910
411 1936
412 1005
412 1705
412 1752
412 1931
413 1144
413 1618
414 927
414 962
414 1651
414 1778
414 1937
415 608
415 756
415 757
415 1307
415 1912
415 1954
415 1986
416 676
416 1043
416 1329
416 1878
418 1689
418 1730
419 772
419 1307
419 1401
419 1494
419 1738
419 1948
420 1060
420 1174
421 699
421 1680
421 1725
422 1315
422 1613
423 755
423 1202
423 1432
423 1568
423 1995
425 881
425 961
425 1109
425 1706
426 875
427 983
427 1380
427 1543
427 1609
427 1709
427 1981
428 674
428 1072
429 534
429 841
429 1447
429 1973
430 1135
430 1161
431 475
432 476
432 1004
433 449
433 1600
434 669
434 780
434 907
434 1147
434 1307
434 1587
434 1608
434 1720
434 1981
435 775
435 1955
436 1359
436 1721
437 1605
438 998
438 1236
438 1725
439 919
439 1175
439 1354
439 1358
439 1862
440 1181
441 1640
442 1155
442 1536
443 1169
443 1725
444 445
444 827
444 947
444 1577
444 1817
445 729
445 944
445 1173
445 1720
445 1992
446 641
446 650
446 844
446 1586
446 1966
447 1124
447 1995
448 524
448 1460
449 1164
449 1619
449 1745
450 635
451 570
451 768
451 952
451 1705
452 1490
452 1591
452 1610
454 812
455 549
455 1358
455 1649
456 718
456 1959
457 487
457 1016
457 1638
458 790
458 1225
458 1292
459 1837
460 708
460 1157
460 1779
461 779
461 1139
461 1780
461 1930
462 1243
462 1910
462 1970
463 480
463 628
463 1045
463 1437
463 1628
464 1003
464 1161
464 1864
465 1588
465 1955
466 598
466 925
466 1190
467 1084
467 1198
468 1076
468 1414
469 931
469 936
469 1504
470 683
470 685
471 686
471 727
471 808
471 911
471 1684
472 1011
472 1315
473 606
473 820
473 1005
473 1724
474 599
474 660
474 1004
474 1066
474 1095
475 1092
475 1190
475 1950
476 1414
476 1418
476 1716
476 1790
477 624
477 1441
477 1573
478 1450
479 849
479 1260
479 1559
480 559
480 1514
481 694
481 1663
481 1719
482 698
482 1115
482 1508
482 1559
483 810
483 1409
483 1636
484 688
485 842
485 1821
485 1882
485 1914
486 496
486 745
486 759
486 1983
487 812
487 1158
488 839
488 1133
488 1272
488 1310
488 1587
488 1765
488 1813
489 1576
489 1976
490 585
490 820
490 1088
490 1490
491 541
491 849
491 1109
491 1305
492 722
492 1322
492 1396
492 1985
493 1003
493 1230
493 1267
493 1306
493 1444
494 1234
494 1480
494 1763
494 1993
496 943
496 987
496 1675
496 1803
497 1569
498 1242
498 1263
498 1328
498 1454
498 1462
499 1269
499 1367
499 1438
499 1658
499 1764
499 1962
500 1001
500 1848
501 1918
502 518
502 1113
503 822
503 848
503 1263
504 994
504 1300
504 1948
505 551
505 915
505 1056
505 1142
505 1410
505 1607
506 568
506 951
507 789
507 1031
507 1728
508 1344
508 1543
509 718
509 1428
510 1101
510 1869
512 1260
514 750
514 1368
514 1562
514 1813
516 628
516 835
516 1053
516 1665
517 755
517 863
517 1166
517 1231
517 1471
517 1480
518 672
518 1158
519 1054
519 1123
519 1601
519 1973
520 619
520 1454
521 528
521 579
521 1155
522 1810
522 1882
523 614
523 725
523 1899
524 621
524 681
524 842
524 1319
524 1886
526 910
526 948
526 1187
527 577
527 756
527 1052
527 1403
527 1410
527 1934
528 1300
528 1502
529 948
529 1261
529 1979
530 985
530 1153
530 1167
530 1182
530 1971
531 1022
531 1756
532 665
532 1656
534 728
534 944
534 1071
534 1175
534 1460
535 1080
535 1400
535 1428
535 1441
536 1639
536 1965
537 780
537 1654
538 705
538 903
538 1306
538 1655
539 1775
540 602
540 933
540 1160
540 1958
541 1193
541 1411
542 1549
542 1685
542 1844
542 1894
542 1918
543 1447
544 820
544 1152
545 834
545 915
545 1317
545 1701
546 981
546 1336
546 1582
546 1730
547 1453
547 1819
547 1951
548 669
548 1542
548 1660
548 1926
549 880
549 1227
549 1445
550 837
550 1579
550 1733
550 1935
550 1939
551 586
551 846
551 1779
552 980
552 1028
552 1297
552 1391
552 1525
552 1925
553 1234
553 1889
554 784
555 639
555 1243
555 1293
555 1750
556 661
556 920
556 1105
556 1405
556 1734
556 1818
556 1865
556 1868
556 1989
557 1151
557 1241
557 1637
558 1087
558 1300
558 1381
558 1663
559 1053
559 1728
560 1236
562 1881
562 1977
563 566
563 815
563 945
564 1117
565 582
566 741
566 774
566 981
566 993
566 1329
566 1397
567 1060
568 999
568 1082
568 1179
568 1856
569 1328
569 1837
570 587
570 1664
571 653
571 708
571 1138
571 1291
571 1292
571 1783
572 894
572 1427
572 1515
573 749
573 882
574 705
574 749
575 1734
575 1824
575 1882
576 1763
577 1270
577 1494
577 1578
577 1582
578 1092
578 1262
579 593
579 800
579 953
579 988
579 1152
579 1517
579 1689
579 1939
580 1021
580 1346
580 1362
580 1377
580 1518
580 1796
580 1915
581 1638
582 643
583 945
583 1070
583 1078
583 1503
583 1811
583 1900
583 1945
584 1445
584 1697
585 863
585 1309
585 1899
586 775
586 794
586 1013
586 1348
587 618
587 773
587 1204
587 1333
587 1350
587 1451
587 1658
588 1181
588 1339
588 1437
588 1474
588 1540
588 1731
588 1847
589 687
589 917
589 1377
589 1749
589 1850
590 618
590 634
590 1132
590 1627
590 1902
590 1934
591 1478
592 598
592 1339
592 1669
593 844
593 1026
593 1932
594 1090
594 1253
594 1422
595 703
595 1050
595 1639
596 884
596 1164
597 604
597 912
597 1812
599 897
599 968
599 1186
599 1335
599 1552
599 1995
600 1352
600 1380
600 1573
600 1928
601 910
601 1278
601 1912
602 706
602 1546
602 1709
603 1954
604 652
604 882
604 943
604 952
604 1402
604 1659
604 1668
605 791
605 1016
605 1246
605 1577
605 1878
605 1950
606 944
606 1195
606 1329
606 1409
606 1488
607 785
607 1993
609 898
609 1250
609 1810
610 1445
610 1608
610 1894
611 1375
612 682
612 778
613 960
613 1040
613 1489
613 1906
614 641
614 721
614 1276
614 1506
614 1795
615 1328
616 1249
616 1540
617 827
617 847
617 1183
617 1758
618 687
618 1222
618 1624
619 1997
620 947
620 965
620 1022
620 1024
621 779
621 1035
622 1133
622 1220
622 1434
622 1537
623 1076
623 1290
623 1653
623 1885
624 788
624 1209
624 1651
625 656
625 681
625 922
625 1193
625 1452
626 1709
626 1779
626 1925
628 730
628 1127
628 1322
628 1405
629 749
629 797
629 1337
629 1443
629 1688
629 1856
629 1970
630 867
630 1092
630 1280
631 635
631 779
631 887
632 1628
632 1972
633 1920
634 724
634 824
634 1160
634 1909
635 1213
635 1561
635 1724
636 672
636 817
636 1024
636 1563
637 860
637 1044
637 1637
637 1638
637 1950
638 1216
638 1254
638 1999
639 1237
639 1392
639 1422
639 1507
640 750
640 1156
641 670
641 1301
642 983
642 1357
642 1672
643 770
644 933
644 1320
644 1677
644 1997
645 1107
645 1293
645 1637
645 1854
646 959
646 1108
646 1825
647 1983
648 1011
648 1832
648 1974
649 1107
649 1469
649 1819
649 2000
650 702
650 881
650 916
650 1884
651 980
651 1310
651 1378
651 1810
651 1831
651 1842
651 1864
651 1929
652 925
652 1059
652 1096
652 1355
653 1105
653 1549
653 1717
653 1867
654 721
654 727
654 832
654 1114
654 1694
655 1232
655 1532
656 977
656 1024
656 1152
657 712
657 882
657 948
657 1213
657 1319
658 816
658 1190
659 714
659 1465
659 1567
660 1586
660 1889
660 1911
661 733
661 821
661 974
661 1901
662 762
662 873
662 1189
662 1370
662 1723
663 1795
664 977
665 1095
666 1483
666 1609
668 772
668 1186
668 1373
668 1386
668 1675
669 1965
671 1947
672 856
672 1175
672 1843
673 1859
674 915
674 1497
676 1374
677 1000
678 1151
678 1570
678 1869
678 1967
679 917
679 1895
680 1336
680 1500
680 1786
680 1815
681 780
681 1600
681 1607
682 1017
682 1032
683 1356
683 1376
684 1365
684 1845
684 1971
685 985
685 1499
685 1784
686 967
686 1635
688 875
688 1090
688 1612
689 759
689 782
689 1618
689 1681
689 1807
690 1836
691 820
692 1017
692 1262
692 1435
694 1328
695 1385
695 1446
697 1833
698 951
699 1509
700 1196
700 1316
700 1796
701 926
701 1537
702 737
702 831
702 1152
702 1179
702 1553
702 1572
702 1926
704 1869
705 1029
705 1429
706 1346
706 1685
706 1687
706 1781
707 1642
707 1954
708 1093
708 1683
709 1039
709 1050
709 1122
709 1216
710 955
710 1208
710 1399
711 778
711 979
711 986
711 1112
711 1512
712 839
712 1295
712 1415
713 931
714 1072
714 1274
715 1775
716 782
716 1741
717 772
717 1168
717 1206
718 1185
718 1513
718 1694
719 1074
719 1088
719 1246
719 1365
719 1602
719 1667
719 1922
719 1986
720 1073
720 1611
721 1201
721 1504
721 1902
723 729
723 831
723 952
723 955
723 1260
724 1257
724 1711
725 1499
725 1518
725 1608
726 942
726 1334
726 1702
727 1587
727 1595
727 1996
728 738
729 817
729 825
729 1037
730 1215
730 1620
731 1877
732 1085
732 1256
732 1726
732 1748
733 1629
733 1780
734 1074
734 1086
734 1508
734 1694
735 1781
735 1956
736 1158
736 1249
738 887
738 1011
738 1973
739 795
739 911
740 1004
740 1285
740 1596
740 1765
740 1965
741 1359
742 904
742 939
742 1306
742 1671
743 796
744 936
745 1420
746 1461
747 863
747 976
747 1802
747 1941
747 1971
748 1540
748 1834
748 1973
749 892
749 1198
749 1878
749 1963
750 881
750 1387
750 1740
751 1950
751 1976
752 1369
752 1640
752 1981
753 811
753 902
753 1667
753 1781
754 1005
754 1208
754 1214
755 761
755 781
755 1142
756 1077
756 1098
756 1449
756 1584
756 1637
757 1475
757 1484
757 1937
758 1272
758 1753
760 1348
760 1492
760 1640
760 1854
761 1289
761 1350
762 1045
762 1073
762 2000
763 859
763 1496
763 1655
764 870
764 983
764 1130
764 1901
765 1335
765 1858
767 835
767 1108
767 1192
767 1206
767 1249
767 1599
768 1117
769 1209
769 1380
769 1764
770 1011
770 1255
771 938
771 1891
772 1322
773 856
774 848
775 1306
775 1575
776 829
776 1025
776 1348
776 1875
777 1774
777 1932
778 1188
778 1467
779 1053
779 1094
779 1340
779 1412
779 1569
779 1584
779 1662
780 1031
780 1187
780 1824
781 1095
781 1893
782 798
782 1163
782 1277
782 1530
782 1644
784 1129
784 1541
785 800
785 1081
785 1193
785 1388
785 1756
786 952
786 1471
786 1715
787 1558
787 1880
788 1087
788 1699
788 1988
789 1069
789 1890
790 970
790 1482
791 1437
791 1671
791 1763
792 1541
792 1808
792 1929
793 1796
793 1824
794 897
794 974
794 1340
794 1459
794 1909
795 1617
796 1161
796 1190
796 1830
796 1968
797 914
797 1043
798 1182
798 1409
798 1626
799 827
799 938
799 1370
800 1092
800 1124
800 1320
800 1728
801 1064
801 1296
801 1484
801 1504
801 1773
802 1300
803 811
803 1582
803 1664
803 1885
803 1969
805 1866
806 1289
806 1522
807 907
807 1164
807 1379
807 1505
808 1661
809 885
809 1543
809 1580
810 1580
811 1374
811 1755
812 1218
812 1356
813 1208
813 1562
814 1117
814 1356
816 880
816 947
816 1860
817 1078
817 1417
818 969
818 1479
819 838
819 1008
819 1079
819 1540
820 1176
820 1191
820 1310
820 1818
821 946
821 963
821 1265
821 1530
822 1477
823 1382
823 1750
824 1150
825 1809
825 1900
826 1221
826 1524
826 1549
826 1585
827 1115
827 1392
827 1543
827 1696
828 870
828 891
828 1027
828 1248
829 1036
829 1323
829 1627
829 1732
829 1841
830 872
830 1001
830 1718
830 1798
830 1813
831 848
831 1342
831 1649
832 1079
832 1271
832 1823
833 1200
834 1653
835 855
836 1638
836 1680
837 1237
837 1331
837 1522
837 1983
837 1995
838 1064
838 1210
838 1584
838 1590
838 1767
838 1861
839 1012
840 1007
840 1436
840 1812
841 1219
841 1392
842 1151
843 875
843 1448
843 1469
843 1645
843 1848
844 1072
844 1482
844 1748
845 1834
845 1921
846 967
846 1552
847 890
848 1241
848 1553
849 1205
849 1908
849 1989
850 1288
851 1485
852 1083
852 1146
852 1170
852 1572
852 1865
853 1177
853 1644
853 1796
853 1821
854 888
854 1464
854 1567
854 1881
854 1933
855 971
855 1202
856 879
856 1132
856 1165
856 1472
856 1945
857 1227
857 1269
858 1172
859 1736
860 929
860 1209
860 1221
860 1413
860 1616
860 1938
861 1911
862 1788
863 1386
864 1410
865 1102
865 1111
865 1654
866 1032
866 1112
867 894
867 1990
868 971
868 1192
869 1420
869 1939
869 1997
870 1062
870 1064
870 1372
871 1244
871 1421
871 1443
871 1666
871 1741
873 1128
873 1605
874 1533
874 1794
875 1328
875 1797
875 1813
876 1670
877 1032
877 1254
877 1333
877 1979
878 940
878 1654
878 1896
879 890
879 1459
879 1545
879 1547
880 1682
880 1832
880 1943
881 1743
881 1815
881 1948
882 1231
882 1456
883 902
883 1276
884 1527
884 1913
885 1053
885 1935
886 1048
886 1992
887 1753
888 1508
888 1915
888 1963
889 1143
889 1313
889 1898
890 1088
890 1310
890 1889
891 1104
892 1570
893 982
893 1444
893 1823
893 1901
893 1932
894 1486
894 1932
895 1150
896 1310
896 1868
897 910
897 1360
897 1927
898 1109
898 1153
898 1479
898 1491
899 1870
900 973
900 984
900 1773
900 2000
901 1318
901 1666
902 1533
902 1665
903 1039
903 1212
903 1341
903 1939
904 950
904 1169
906 1560
906 1822
907 1045
908 1291
908 1675
908 1865
909 1271
909 1464
910 1808
910 1881
911 934
911 1226
911 1648
911 1660
912 1346
912 1377
912 1766
912 1771
912 1884
913 1241
913 1306
913 1358
913 1699
914 982
915 1788
916 1329
916 1338
916 1747
916 1892
918 1468
918 1826
918 1927
918 1995
919 1186
919 1631
919 1807
919 1881
920 997
920 1033
920 1117
920 1987
921 1599
922 1325
923 1025
924 1336
924 1338
924 1455
928 1657
929 1007
929 1740
930 1785
930 1901
931 1056
931 1290
931 1362
931 1588
932 1126
933 1334
933 1594
934 1200
937 977
937 1008
937 1495
938 1734
939 1805
940 1836
941 1649
942 1704
943 1000
943 1367
943 1450
945 1880
947 1044
947 1315
947 1414
948 1096
948 1789
949 1137
949 1355
949 1379
949 1865
950 1017
951 1325
951 1644
953 1549
953 1896
954 960
954 1367
955 1286
955 1447
955 1837
955 1851
956 1008
956 1098
957 1806
957 1996
957 1998
958 1007
958 1038
958 1368
959 1092
960 1503
961 1265
962 1147
962 1439
963 1103
963 1438
963 1575
964 1938
965 1598
965 1803
966 1307
966 1637
967 1860
968 1089
968 1946
969 1384
969 1610
970 1033
970 1910
971 1036
971 1043
971 1457
971 1677
972 1635
973 1488
975 1007
976 1004
976 1507
976 1721
976 1976
977 1616
977 1672
978 1103
978 1211
978 1491
979 1732
980 1160
980 1201
980 1557
980 1619
981 1031
981 1399
981 1715
982 1438
982 1476
982 1866
984 1299
984 1416
985 1535
986 1234
986 1543
986 1586
987 1037
987 1064
987 1703
988 1600
988 1704
989 1304
989 1509
989 1863
989 1985
990 1741
991 1718
991 1979
992 1618
992 1635
992 1655
993 1268
993 1405
994 1268
995 1722
996 1362
996 1479
997 1075
998 1892
999 1187
999 1188
999 1253
999 1615
1000 1217
1000 1379
1000 1944
1001 1010
1001 1585
1001 1736
1002 1674
1003 1035
1003 1202
1003 1266
1004 1009
1004 1303
1004 1746
1005 1332
1005 1751
1005 1813
1006 1274
1006 1978
1007 1653
1008 1646
1009 1122
1009 1174
1009 1306
1010 1096
1010 1415
1010 1748
1011 1058
1011 1169
1011 1411
1011 1597
1011 1693
1012 1014
1013 1218
1014 1110
1014 1143
1014 1430
1014 1457
1015 1547
1015 1673
1015 1917
1017 1970
1018 1129
1019 1167
1019 1338
1020 1023
1020 1209
1020 1272
1020 1882
1022 1141
1022 1217
1022 1353
1023 1069
1023 1089
1023 1326
1023 1760
1023 1780
1023 1882
1023 1983
1024 1037
1024 1203
1024 1213
1024 1607
1024 1805
1025 1500
1025 1642
1026 1202
1026 1493
1026 1981
1027 1377
1027 1412
1029 1690
1031 1101
1031 1285
1032 1261
1033 1719
1033 1827
1034 1332
1034 1704
1036 1567
1037 1081
1037 1728
1038 1434
1039 1709
1040 1524
1040 1986
1041 1103
1041 1306
1041 1928
1042 1390
1042 1506
1043 1298
1043 1657
1043 1667
1044 1402
1044 1864
1045 1191
1045 1337
1046 1084
1046 1755
1047 1392
1047 1907
1047 1928
1048 1054
1048 1694
1048 1985
1049 1115
1050 1911
1051 1778
1052 1110
1052 1465
1053 1258
1055 1390
1055 1607
1055 1666
1056 1136
1056 1764
1057 1306
1058 1104
1058 1667
1059 1265
1059 1811
1061 1528
1064 1979
1065 1089
1065 1273
1065 1703
1065 1926
1066 1399
1066 1781
1066 1995
1068 1579
1069 1253
1069 1588
1069 1787
1070 1500
1070 1748
1070 1808
1071 1073
1071 1445
1071 1571
1071 1893
1072 1270
1073 1075
1073 1260
1073 1278
1073 1409
1073 1803
1074 1794
1075 1575
1076 1610
1077 1161
1077 1355
1077 1609
1078 1950
1079 1122
1079 1233
1080 1616
1080 1984
1082 1205
1082 1720
1082 1767
1084 1555
1084 1734
1085 1412
1085 1577
1085 1641
1086 1161
1086 1253
1086 1458
1086 1937
1088 1346
1088 1590
1089 1091
1089 1851
1090 1277
1090 1404
1090 1545
1090 1794
1090 1804
1091 1760
1092 1208
1092 1452
1092 1531
1093 1336
1093 1448
1093 1501
1093 1621
1093 1645
1095 1314
1095 1340
1095 1554
1096 1325
1096 1811
1097 1166
1097 1426
1097 1599
1097 1672
1098 1639
1098 1975
1099 1323
1101 1278
1101 1875
1102 1294
1102 1440
1103 1274
1103 1341
1103 1446
1103 1554
1103 1682
1103 1841
1104 1243
1105 1932
1107 1216
1107 1505
1107 1808
1107 1918
1109 1423
1109 1516
1110 1453
1111 1480
1111 1658
1112 1816
1113 1366
1113 1457
1113 1709
1115 1754
1116 1543
1117 1417
1117 1505
1117 1806
1118 1315
1119 1203
1119 1321
1119 1333
1119 1466
1119 1550
1119 1616
1119 1960
1120 1292
1120 1293
1120 1346
1120 1965
1121 1512
1121 1814
1122 1184
1123 1764
1124 1140
1125 1483
1125 1583
1126 1448
1126 1553
1128 1281
1128 1596
1129 1140
1129 1641
1132 1694
1132 1835
1133 1158
1133 1621
1134 1201
1134 1358
1135 1247
1135 1611
1135 1810
1136 1139
1136 1599
1136 1953
1137 1511
1137 1844
1137 1984
1139 1716
1139 1791
1140 1470
1140 1760
1141 1169
1141 1967
1142 1700
1143 1260
1143 1407
1143 1886
1143 1972
1145 1571
1148 1363
1148 1747
1149 1232
1150 1244
1150 1418
1151 1175
1152 1582
1152 1588
1153 1717
1154 1221
1154 1325
1155 1384
1155 1667
1156 1495
1156 1683
1156 1841
1157 1325
1157 1789
1158 1899
1159 1484
1159 1898
1160 1830
1160 1897
1161 1179
1162 1346
1162 1479
1163 1200
1163 1683
1164 1381
1164 1770
1164 1825
1166 1407
1166 1470
1166 1602
1167 1909
1168 1706
1169 1731
1169 1857
1170 1572
1170 1950
1171 1219
1171 1577
1173 1386
1173 1905
1174 1541
1174 1656
1174 1681
1174 1857
1175 1422
1176 1246
1176 1437
1177 1306
1177 1759
1177 1772
1178 1200
1178 1948
1180 1328
1180 1416
1180 1539
1180 1704
1181 1537
1181 1841
1182 1432
1182 1519
1182 1641
1182 1924
1183 1996
1185 1314
1185 1412
1185 1482
1185 1807
1185 1960
1187 1587
1187 1769
1187 1773
1188 1469
1188 1554
1188 1584
1189 1313
1189 1648
1191 1753
1192 1747
1192 1974
1193 1545
1193 1737
1194 1995
1195 1336
1196 1349
1197 1817
1197 1917
1199 1399
1199 1570
1199 1997
1200 1393
1200 1447
1201 1830
1201 1883
1202 1794
1204 1495
1206 1856
1207 1378
1208 1484
1208 1637
1209 1539
1209 1738
1210 1216
1210 1373
1210 1611
1210 1831
1211 1256
1211 1356
1211 1838
1211 1850
1214 1353
1214 1389
1214 1456
1214 1730
1214 1847
1214 1966
1215 1224
1215 1411
1215 1953
1217 1678
1219 1593
1219 1831
1221 1254
1221 1427
1223 1596
1223 1970
1224 1433
1225 1252
1225 1503
1225 1531
1226 1306
1226 1531
1228 1330
1228 1406
1228 1572
1229 1288
1229 1594
1230 1539
1230 1808
1231 1356
1231 1588
1231 1838
1231 1898
1232 1383
1232 1670
1233 1863
1233 1980
1234 1349
1236 1887
1236 1921
1237 1478
1237 1502
1237 1866
1241 1270
1241 1473
1241 1519
1241 1825
1244 1976
1245 1479
1245 1512
1245 1750
1246 1575
1246 1777
1246 1805
1247 1271
1247 1402
1247 1938
1248 1362
1248 1765
1249 1676
1249 1731
1251 1473
1256 1629
1257 1673
1257 1685
1259 1497
1260 1417
1260 1716
1262 1341
1263 1563
1263 1623
1264 1924
1265 1751
1265 1817
1265 1818
1266 1456
1267 1499
1267 1860
1268 1837
1268 1950
1269 1332
1270 1357
1271 1669
1272 1543
1272 1612
1273 1393
1274 1413
1275 1896
1276 1823
1276 1885
1277 1427
1277 1762
1278 1466
1278 1664
1278 1721
1279 1361
1279 1700
1279 1841
1280 1620
1280 1671
1280 1913
1281 1689
1282 1894
1284 1372
1284 1720
1284 1851
1285 1702
1285 1822
1286 1826
1287 1640
1288 1397
1288 1646
1292 1993
1293 1535
1294 1933
1296 1529
1298 1305
1301 1704
1302 1721
1303 1661
1304 1557
1304 1846
1305 1546
1305 1603
1306 1350
1306 1449
1306 1631
1306 1969
1307 1668
1307 1709
1309 1334
1309 1713
1310 1747
1310 1862
1310 1921
1311 1520
1311 1763
1312 1933
1313 1730
1314 1536
1315 1319
1315 1721
1316 1738
1317 1713
1319 1755
1320 1745
1321 1531
1322 1716
1322 1900
1323 1332
1323 1386
1323 1822
1324 1690
1324 1953
1325 1854
1326 1563
1327 1332
1327 1363
1328 1330
1329 1753
1330 1758
1330 1988
1333 1762
1333 1907
1334 1493
1334 1666
1336 1506
1336 1651
1337 1703
1337 1922
1338 1552
1338 1766
1338 1825
1339 1384
1339 1649
1340 1429
1340 1911
1341 1643
1343 1655
1343 1870
1344 1430
1344 1855
1346 1587
1347 1497
1347 1576
1347 1876
1348 1963
1350 1379
1350 1464
1351 1540
1351 1647
1352 1664
1352 1887
1353 1913
1355 1645
1357 1945
1358 1457
1359 1432
1359 1796
1361 1558
1362 1442
1363 1410
1363 1617
1363 1842
1364 1865
1366 1918
1368 1649
1369 1534
1369 1668
1369 1940
1372 1509
1374 1872
1375 1524
1375 1628
1375 1670
1375 1685
1375 1805
1375 1817
1376 1675
1376 1732
1376 1756
1377 1441
1378 1677
1378 1768
1380 1570
1380 1794
1380 1990
1381 1457
1382 1466
1384 1969
1385 1544
1386 1955
1387 1769
1388 1958
1389 1494
1389 1858
1391 1763
1391 1921
1393 1404
1393 1871
1394 1691
1396 1889
1397 1426
1397 1577
1398 1403
1398 1677
1398 1706
1398 1824
1398 1830
1399 1762
1399 1945
1400 1962
1401 1764
1403 1425
1403 1538
1403 1945
1404 1502
1404 1702
1404 1726
1405 1510
1406 1683
1406 1767
1408 1524
1408 1820
1409 1568
1411 1502
1414 1497
1414 1635
1414 1994
1415 1854
1415 1997
1416 1775
1416 1894
1417 1570
1417 1609
1417 1801
1418 1756
1420 1481
1421 1661
1422 1566
1423 1548
1424 1501
1424 1510
1424 1769
1424 1950
1428 1811
1429 1955
1430 1764
1432 1588
1432 1814
1433 1580
1434 1838
1436 1449
1436 1769
1436 1931
1437 1544
1437 1839
1440 1556
1440 1914
1442 1508
1442 1954
1444 1572
1444 1779
1446 1983
1447 1838
1447 1994
1448 1751
1450 1883
1451 1464
1451 1512
1451 1635
1452 1471
1452 1485
1452 1500
1452 1695
1452 1718
1452 1818
1453 1599
1454 1855
1454 1994
1455 1695
1456 1490
1456 1636
1457 1593
1457 1595
1457 1673
1457 1867
1459 1733
1459 1738
1462 1651
1462 1866
1463 1769
1463 1951
1464 1520
1464 1534
1464 1784
1464 1866
1465 1829
1467 1529
1467 1539
1469 1667
1470 1686
1470 1910
1471 1635
1473 1479
1473 1565
1473 1602
1475 1477
1476 1602
1476 1970
1476 1988
1478 1561
1478 1877
1481 1566
1484 1895
1484 1925
1484 1996
1486 1510
1488 1783
1488 1821
1488 1912
1488 1960
1490 1494
1490 1843
1491 1769
1492 1612
1492 1755
1492 1878
1493 1634
1493 1682
1494 1606
1494 1987
1495 1733
1497 1790
1497 1934
1501 1746
1502 1531
1504 1793
1505 1706
1505 1968
1506 1755
1507 1587
1510 1548
1510 1798
1511 1755
1512 1767
1513 1606
1514 1545
1516 1895
1517 1565
1518 1673
1519 1773
1520 1549
1521 1845
1521 1846
1522 1853
1523 1639
1525 1944
1526 1787
1527 1919
1527 1949
1528 1768
1531 1706
1531 1722
1533 1654
1533 1887
1535 1551
1536 1622
1537 1605
1537 1840
1537 1854
1537 1903
1539 1897
1540 1857
1541 1734
1541 1779
1543 1698
1543 1750
1544 1675
1546 1614
1546 1906
1548 1709
1548 1737
1548 1764
1548 1938
1549 1607
1551 1971
1552 1557
1552 1790
1553 1880
1555 1593
1557 1663
1561 1886
1564 1778
1564 1833
1565 1681
1565 1688
1565 1969
1567 1921
1571 1625
1571 1992
1572 1791
1572 1991
1573 1671
1573 1688
1573 1744
1576 1883
1577 1880
1578 1690
1579 1805
1579 1867
1581 1910
1582 1798
1582 1867
1585 1935
1586 2000
1587 1703
1587 1756
1587 1759
1588 1759
1588 1886
1590 1744
1591 1988
1592 1796
1594 1651
1594 1673
1595 1790
1595 1870
1598 1809
1599 1790
1600 1817
1601 1921
1601 1995
1602 1918
1603 1722
1604 1850
1604 1858
1606 1980
1607 1643
1607 1690
1607 1696
1608 1694
1612 1748
1616 1807
1616 1885
1617 1689
1619 1664
1619 1796
1620 1790
1622 1644
1627 1812
1627 1944
1627 1955
1632 1724
1633 1697
1633 1709
1635 1906
1636 1644
1636 1778
1636 1951
1638 1959
1643 1708
1645 1729
1645 1931
1650 1726
1650 1894
1651 1861
1652 1991
1653 1737
1653 1786
1654 1714
1656 1687
1656 1885
1658 1784
1659 1743
1660 1808
1662 1862
1664 1786
1665 1720
1672 1810
1674 1868
1675 2000
1676 1758
1676 1784
1677 1848
1679 1734
1679 1824
1681 1837
1682 1772
1682 1864
1684 1877
1686 1829
1689 1965
1691 1985
1692 1799
1692 1826
1692 1889
1692 1941
1693 1831
1693 1971
1696 1703
1698 1739
1698 1981
1699 1774
1699 1963
1704 1850
1704 1903
1704 1999
1708 1758
1709 1765
1712 1777
1713 1737
1713 1767
1713 1900
1714 1887
1714 1936
1715 1847
1719 1737
1719 1951
1722 1729
1723 1864
1724 1881
1725 1734
1725 1746
1728 1869
1734 1935
1739 1849
1741 1772
1741 1934
1742 1887
1742 1987
1746 1827
1747 1847
1751 1769
1751 1831
1751 1840
1753 1861
1755 1952
1762 1892
1765 1977
1765 1990
1767 1992
1770 1937
1770 1938
1775 1807
1776 1951
1779 1785
1779 1903
1779 1980
1781 1979
1782 1836
1782 1981
1785 1857
1786 1897
1792 1884
1793 1994
1794 1879
1796 1971
1797 1882
1797 1920
1798 1900
1800 1831
1807 1920
1811 1974
1813 1935
1813 1997
1815 1847
1821 1877
1825 1943
1829 1873
1830 1893
1830 1922
1833 1847
1838 1904
1839 1920
1842 1860
1842 1910
1842 1947
1844 1903
1845 1990
1847 1872
1852 1981
1855 1892
1856 1974
1858 1880
1859 1996
1882 1948
1884 1991
1887 1932
1891 1925
1896 1974
1899 1969
1900 1990
1901 1942
1901 1999
1904 1920
1913 1953
1921 1940
1924 1925
1935 1959
1936 1937
1941 1950
1949 1988
1976 1996