2000
4 327
6 327
6 1887
8 57
9 1283
11 359
16 1469
17 74
17 818
18 670
20 1410
20 1775
22 1544
23 164
23 706
23 1384
23 1552
24 1281
25 1358
25 1509
25 1748
26 636
27 1333
27 1454
29 1215
29 1500
31 1640
32 1057
32 1527
33 143
33 921
33 1083
33 1579
33 1681
35 133
37 532
38 104
40 443
42 357
42 1264
43 1202
43 1905
44 429
44 1107
45 1433
45 1711
49 939
51 239
51 1833
52 379
52 902
52 1132
54 1098
55 1046
55 1897
57 1408
58 1380
58 1753
59 1364
60 1064
60 1114
61 183
61 1377
61 1734
63 1392
64 829
66 435
66 496
66 627
66 699
66 860
66 985
66 1764
70 193
70 1754
71 301
71 854
72 83
72 740
72 1810
74 430
75 1410
75 1973
78 1415
79 501
79 671
79 1586
80 234
80 885
80 1115
84 1841
86 148
86 1991
87 711
89 1037
89 1389
90 511
90 1835
91 626
93 1012
95 893
96 216
96 1110
97 706
97 966
97 1212
97 1524
99 408
99 1895
103 282
103 1905
104 187
104 1117
104 1232
107 1986
109 454
111 1995
112 358
112 1005
112 1777
113 562
113 893
113 1955
114 1184
115 1770
116 923
116 1235
117 132
117 410
118 492
118 1515
119 461
120 1188
121 976
123 170
123 722
123 759
124 441
125 522
126 618
129 1579
129 1810
132 204
132 278
133 970
133 1591
134 1148
134 1364
135 605
135 1048
135 1666
136 1218
141 984
142 665
145 1488
145 1663
151 439
151 672
151 686
152 813
154 1037
157 293
158 986
158 1309
160 1182
161 591
162 412
162 1483
163 310
165 804
165 816
165 1491
166 181
166 905
166 1597
168 929
173 687
173 1636
173 1891
178 647
179 444
179 1082
179 1857
180 657
180 858
183 263
184 782
188 1480
194 1409
197 739
198 340
199 967
199 1352
199 1493
199 1816
203 1547
204 997
206 530
206 1251
207 257
207 1986
211 236
211 1727
213 584
215 676
217 338
218 1699
219 1277
221 971
224 392
226 1283
226 1382
226 1424
227 253
229 1212
229 1438
230 1489
231 1466
233 252
233 536
234 1445
235 1466
238 1465
238 1524
239 870
241 1941
242 1275
242 1551
243 595
244 311
245 323
245 1099
246 1286
249 633
250 411
251 443
253 589
253 681
255 646
256 354
256 1374
256 1802
258 1135
259 436
260 339
260 473
261 1206
263 1555
263 1568
263 1990
266 1884
267 1671
269 688
270 426
270 1228
274 747
274 966
276 801
276 1830
278 1082
278 1451
280 1534
281 1612
282 1891
283 769
284 1053
285 376
285 1039
285 1663
286 541
287 676
287 1102
288 1393
289 1209
289 1668
290 1005
291 1379
292 1568
293 346
293 513
295 598
295 1577
296 622
297 632
298 1553
299 1744
300 1046
302 1306
304 326
305 1555
309 1929
310 1657
311 907
314 972
314 1282
314 1371
315 1977
317 1804
318 1790
319 1176
321 1614
323 1906
326 555
326 1222
326 1237
327 611
327 1192
328 951
328 1928
331 801
333 555
334 1184
335 927
335 1345
337 1276
343 1107
345 822
345 1504
347 394
348 1522
350 1203
351 1270
353 896
354 1249
357 1541
357 1991
358 1579
359 1001
360 963
366 1282
367 913
368 1404
368 1437
370 1289
372 1225
373 1983
374 440
375 395
375 753
375 1966
377 869
377 881
378 729
378 961
381 1550
381 1649
383 403
383 1811
384 1836
386 1344
389 854
390 1086
390 1648
393 583
394 670
395 1306
397 706
398 533
398 1424
398 1688
400 1802
401 530
401 868
401 1310
405 632
407 1006
408 1423
410 1697
411 709
411 953
412 1186
413 1375
414 950
414 1849
420 1136
420 1925
421 770
422 931
423 484
423 1994
426 1207
426 1497
430 965
430 1805
431 726
432 460
432 775
432 1741
433 1876
434 1528
435 690
436 1091
437 990
438 1169
438 1171
443 866
443 1080
443 1319
444 1183
446 553
446 658
446 959
449 675
449 1255
451 1284
452 1917
454 1298
455 1775
456 1838
458 1626
459 1783
461 1537
462 1349
462 1424
467 1589
469 1782
473 798
474 1759
475 855
475 1299
476 656
476 1136
477 1362
478 1722
479 1174
481 557
482 1342
483 1994
486 1119
488 659
491 930
491 1654
491 1995
493 808
494 1045
496 1193
496 1637
497 959
497 1573
498 1811
499 1004
499 1165
501 1649
502 1451
503 562
503 599
504 1252
505 1089
505 1400
507 964
507 1586
508 1548
509 1564
509 1722
513 1851
513 1899
514 777
514 1356
514 1958
515 1399
518 1016
518 1590
519 1325
519 1625
520 529
524 548
524 550
524 1271
524 1519
524 1684
526 1171
526 1988
528 1268
528 1324
528 1797
528 1999
530 611
531 584
531 1371
531 1825
537 1331
538 1552
539 849
539 1278
539 1518
540 1157
543 1049
545 1249
546 1922
549 817
549 1605
549 1742
552 588
555 918
558 934
559 799
559 1068
561 982
563 1004
564 896
565 1495
565 1918
569 1240
569 1324
571 1975
574 1667
574 1677
575 1116
579 1600
583 1463
583 1600
584 895
592 1173
593 919
593 1122
595 1274
597 1420
597 1690
598 809
600 1956
606 718
606 1455
607 1771
608 998
608 1304
608 1398
608 1418
611 1188
614 1347
616 1125
616 1687
617 1379
618 648
618 903
618 1254
619 1611
621 1898
624 932
629 1536
631 808
636 1777
636 1833
638 1628
641 781
641 1073
641 1382
643 1290
644 985
645 1834
649 1912
651 815
655 1160
655 1954
659 1250
659 1705
660 1398
661 1359
665 1081
666 794
666 1533
668 1786
670 1858
671 1280
673 1706
674 1560
675 1430
680 1052
680 1260
683 1265
683 1486
685 1222
686 722
686 1530
688 1636
689 1251
690 1729
692 1592
694 909
697 1349
698 1471
701 1616
704 1263
704 1763
708 1500
713 1164
714 1505
718 923
721 822
721 1937
721 1939
726 1199
726 1925
728 1423
729 947
731 1797
734 1983
735 1093
736 1170
737 1327
738 1076
740 826
740 999
740 1488
743 1608
743 1769
744 872
745 1108
745 1755
746 799
746 1748
749 1022
756 1786
759 1964
766 1723
772 968
772 1723
773 957
776 1130
777 899
780 1027
782 1255
782 1469
785 1515
786 1557
788 1834
789 1297
790 1056
790 1487
790 1566
793 1076
795 851
795 1371
796 1932
800 1296
805 1301
808 1230
813 1527
815 1014
815 1703
816 1361
817 1125
817 1461
818 1246
820 1575
822 1251
823 1497
824 1819
825 1243
827 1865
828 1428
829 1622
829 1630
829 1813
829 1999
830 1572
830 1892
831 1156
831 1305
832 1700
833 1455
834 1041
835 1250
835 1913
837 956
837 1017
837 1742
837 1825
838 855
845 875
847 1877
849 1638
849 1771
849 1803
850 990
852 1332
852 1887
855 1568
858 1849
861 1656
864 1642
866 1579
871 1455
874 904
875 1766
878 1425
880 1214
880 1414
880 1516
881 1903
886 1000
887 1748
890 1140
891 964
895 1445
896 1801
897 1069
898 1977
900 1476
903 1893
910 1452
911 1660
916 1120
916 1736
918 1036
918 1558
920 1518
922 1524
924 1340
924 1942
925 1045
928 1732
931 1075
932 1522
934 1551
936 949
936 1748
937 1866
938 1857
942 1075
944 1288
950 1716
955 1285
959 1650
959 1956
961 1078
963 1002
967 977
968 1267
969 1859
969 1910
972 1481
976 1707
980 1764
981 1951
982 990
982 1842
983 1222
984 1357
988 1719
992 1968
994 1823
996 1502
998 1469
1000 1965
1002 1413
1004 1777
1007 1664
1008 1727
1009 1571
1010 1791
1013 1481
1016 1049
1017 1210
1018 1768
1020 1911
1021 1222
1023 1149
1032 1104
1033 1786
1034 1620
1036 1107
1036 1695
1036 1902
1038 1774
1038 1990
1040 1213
1042 1313
1048 1974
1049 1406
1052 1441
1052 1506
1052 1957
1054 1297
1064 1753
1070 1843
1074 1847
1077 1678
1078 1316
1081 1306
1081 1796
1084 1332
1087 1839
1088 1146
1088 1618
1090 1271
1091 1816
1091 1865
1094 1715
1095 1645
1096 1664
1099 1120
1100 1364
1100 1932
1103 1193
1103 1620
1105 1459
1110 1507
1111 1117
1114 1809
1118 1835
1121 1516
1122 1165
1127 1430
1129 1442
1133 1169
1134 1756
1137 1722
1137 1848
1138 1566
1138 1750
1144 1757
1145 1652
1145 1724
1148 1893
1151 1817
1151 1991
1152 1915
1153 1376
1156 1528
1161 1328
1161 1776
1162 1667
1167 1596
1173 1637
1175 1424
1178 1613
1180 1213
1181 1740
1182 1648
1186 1567
1187 1984
1194 1482
1202 1224
1202 1372
1205 1479
1205 1550
1206 1423
1206 1709
1208 1645
1213 1520
1220 1326
1220 1330
1222 1269
1222 1447
1223 1492
1231 1591
1233 1770
1233 1928
1234 1641
1236 1450
1237 1604
1242 1249
1244 1347
1247 1391
1249 1387
1251 1760
1252 1256
1256 1999
1258 1775
1259 1813
1269 1692
1270 1500
1272 1836
1273 1728
1274 1980
1276 1960
1283 1446
1284 1344
1287 1689
1289 1846
1290 1388
1291 1309
1291 1415
1292 1717
1301 1394
1305 1835
1306 1856
1310 1521
1312 1352
1312 1922
1320 1802
1321 1673
1325 1412
1325 1644
1327 1707
1329 1388
1332 1650
1333 1568
1335 1671
1336 1382
1336 1449
1342 1471
1346 1786
1349 1369
1352 1499
1352 1979
1352 1998
1361 1830
1370 1896
1378 1767
1378 1853
1381 1753
1390 1485
1400 1790
1403 1814
1404 1815
1406 1697
1411 1571
1415 1821
1415 1964
1418 1754
1419 1431
1421 1559
1429 1459
1432 1560
1434 1898
1436 1996
1438 1528
1440 1850
1450 1467
1453 1478
1455 1972
1468 1657
1469 1490
1474 1831
1479 1490
1483 1504
1483 1746
1491 1899
1492 1681
1496 1769
1503 1946
1504 1970
1507 1676
1507 1749
1508 1952
1511 1726
1512 1858
1515 1897
1523 1568
1527 1712
1534 1629
1535 1658
1537 1871
1540 1550
1541 1883
1556 1802
1558 1836
1558 1880
1563 1732
1567 1862
1569 1735
1575 1962
1582 1586
1608 1681
1608 1754
1611 1813
1611 1892
1615 1963
1631 1923
1633 1778
1649 1666
1651 1828
1652 1871
1664 1754
1664 1771
1668 1767
1673 1879
1680 1756
1682 1969
1686 1775
1687 1781
1692 1889
1693 1736
1699 1746
1708 1836
1711 1733
1716 1970
1718 1882
1725 1837
1727 1907
1728 1732
1728 1986
1735 1920
1744 1895
1769 1876
1801 1933
1806 1895
1810 1950
1813 1989
1821 1924
1831 1923
1833 1959
1850 1865
1853 1932
1855 1864
1929 1969
1959 1995