2000
1 469
1 511
1 731
1 741
1 802
1 1148
1 1641
2 69
2 306
3 1442
3 1629
4 238
4 1176
4 1371
4 1662
4 1667
4 1859
4 1913
5 1112
5 1404
5 1431
6 67
6 698
6 791
6 1138
6 1710
6 1961
7 262
7 701
7 1484
8 656
8 689
8 803
8 1206
8 1431
8 1537
9 450
9 844
9 1422
9 1581
9 1912
9 1956
10 571
10 778
10 1111
11 224
11 892
11 1066
11 1539
11 1612
11 1774
11 1788
12 427
12 583
12 722
12 1657
12 1784
13 1107
13 1148
13 1628
13 1883
14 762
14 828
14 1028
14 1091
14 1513
14 1558
14 1763
14 1832
14 1870
14 1913
15 298
15 533
15 1250
16 1100
17 136
17 597
17 655
17 671
17 1780
18 168
18 922
18 1730
18 1965
19 816
19 926
19 1177
19 1373
19 1492
20 197
20 1011
20 1162
20 1172
20 1388
20 1936
20 1984
21 43
21 225
21 407
21 1006
21 1042
21 1166
21 1236
21 1939
22 964
22 1129
22 1178
22 1323
22 1747
23 213
23 682
23 1341
23 1667
23 1681
24 378
24 929
24 1714
24 1899
24 1939
25 463
25 738
25 1306
25 1364
26 84
26 881
26 1576
26 1726
26 1967
27 86
27 174
27 389
27 650
27 1010
27 1011
27 1127
27 1545
27 1711
27 1979
28 346
28 1326
28 1351
28 1377
29 299
29 528
29 820
29 1744
29 1773
30 357
30 927
30 1260
30 1630
31 260
31 382
31 470
31 1133
31 1294
32 133
32 294
32 460
32 559
32 679
32 890
32 1322
32 1768
33 594
33 976
33 1458
34 82
34 102
34 461
34 1031
34 1177
34 1336
34 1476
35 575
35 619
35 653
35 904
35 1311
35 1553
35 1961
36 159
36 350
36 398
36 590
36 608
36 717
36 1302
36 1777
37 252
37 1416
37 1945
38 75
38 411
38 1191
38 1424
38 1626
38 1763
38 1834
39 567
40 342
40 473
40 897
40 1469
41 892
41 893
41 1699
41 1944
42 81
42 293
42 419
42 699
42 1291
43 539
44 119
44 618
44 708
44 779
44 1179
45 951
45 953
45 1362
45 1587
45 1643
45 1790
45 1833
46 534
46 593
46 888
46 1719
46 1929
47 117
47 544
47 550
47 1415
47 1582
47 1637
48 740
48 900
48 1421
48 1660
49 440
49 595
49 662
49 829
49 840
49 863
49 1276
50 244
50 1288
50 1389
51 666
51 1106
51 1226
51 1365
51 1591
52 151
52 1018
52 1025
52 1090
52 1214
52 1229
52 1943
53 470
53 1388
53 1604
53 1691
53 1716
54 76
54 200
54 724
54 903
54 1899
55 262
55 1191
55 1825
56 75
56 339
56 819
56 1836
56 1865
56 1922
57 135
57 1318
58 79
58 88
58 429
58 695
58 986
58 1136
58 1443
59 144
59 1030
59 1263
59 1541
59 1782
60 477
60 1269
60 1753
60 1971
61 187
61 242
61 379
61 539
61 627
61 671
61 694
61 761
61 1075
61 1094
61 1328
61 1443
61 1592
62 679
62 1738
62 1817
62 1913
62 1944
63 708
63 1268
63 1965
64 258
64 428
64 451
64 1498
64 1677
64 1732
65 375
65 549
65 1039
65 1092
66 729
66 754
66 844
66 994
66 1531
67 195
67 644
67 784
67 1167
67 1794
67 1888
68 122
68 507
68 733
68 1641
69 95
69 154
69 182
69 1159
69 1692
69 1795
70 619
70 743
70 1043
70 1441
71 527
71 613
71 1709
71 1983
72 118
72 716
72 1063
72 1501
72 1998
73 523
73 1317
73 1608
74 102
74 204
74 326
74 785
74 1216
74 1242
74 1324
74 1691
74 1727
75 458
75 530
76 161
76 222
76 312
76 508
76 726
76 1478
76 1899
77 135
77 210
77 292
77 753
77 887
77 950
77 1420
78 182
78 667
78 890
78 1094
78 1160
78 1674
79 1007
80 803
80 979
80 1383
80 1598
80 1823
80 1989
81 633
81 876
81 1190
81 1408
81 1991
82 140
82 185
82 881
82 996
82 1123
82 1229
82 1541
82 1582
82 1742
83 244
83 646
83 1345
84 846
84 1905
85 263
85 1350
85 1580
85 1604
85 1744
86 1631
87 788
88 395
88 497
88 659
88 908
88 988
88 1088
88 1204
88 1569
88 1583
88 1596
88 1765
89 893
89 1278
89 1313
90 182
90 356
90 362
90 650
90 785
90 1465
91 93
91 168
91 208
91 329
92 250
92 556
92 987
92 1161
92 1435
93 260
93 736
93 945
93 1034
93 1435
93 1943
94 377
94 562
94 1065
94 1941
94 1987
95 247
95 592
95 791
95 1663
95 1931
95 1945
96 122
96 360
96 519
96 538
96 775
96 985
96 994
96 998
96 1452
96 1464
96 1566
96 1578
96 1699
96 1768
97 500
97 505
97 580
97 716
97 806
97 1555
98 690
98 1042
98 1092
99 198
99 211
99 688
99 1117
99 1167
99 1729
99 1947
99 1958
100 265
100 818
100 1075
100 1219
100 1669
100 1787
100 1986
101 691
101 1103
101 1203
101 1280
101 1654
102 191
102 268
102 377
102 1944
102 1972
103 279
103 383
103 452
103 562
103 1218
103 1262
103 1790
104 389
104 724
104 1193
104 1442
105 408
105 1395
105 1735
106 165
106 1010
106 1475
106 1735
106 1774
106 1926
107 285
107 844
107 1088
107 1864
108 632
108 1366
109 1318
109 1484
109 1572
109 1848
110 921
110 1919
110 1924
111 669
111 686
111 1705
111 1803
112 265
112 666
112 669
112 733
112 1268
113 256
113 516
113 699
113 1047
113 1129
113 1190
114 306
114 411
114 433
114 789
114 953
114 1570
114 1622
115 1136
115 1410
115 1876
116 512
116 841
116 1540
116 1742
117 347
117 389
117 1026
117 1244
117 1701
117 1895
117 1973
118 295
118 467
118 484
118 639
118 1591
118 1639
119 490
119 624
119 1209
119 1649
120 484
120 879
120 1105
120 1366
120 1420
120 1541
120 1657
120 1971
121 769
121 1063
121 1161
121 1604
122 1709
123 246
123 393
123 424
123 991
123 1496
124 752
124 813
124 902
124 994
124 1528
124 1533
124 1580
125 440
125 529
125 788
125 1226
125 1282
126 495
126 546
126 924
126 1035
126 1279
126 1385
126 1728
127 225
127 547
127 1035
127 1102
127 1208
127 1722
128 369
128 404
128 632
128 934
128 1044
128 1245
128 1317
128 1375
128 1784
129 164
129 1113
129 1214
129 1959
130 473
130 533
130 1521
131 134
131 450
131 781
131 852
131 986
131 1954
132 1274
132 1477
132 1785
133 834
133 919
133 1212
134 182
134 290
134 318
134 1363
135 366
136 384
136 475
136 669
136 785
136 831
136 1339
136 1490
136 1615
136 1854
137 1056
138 344
138 1291
138 1542
138 1814
138 1926
139 162
139 510
139 1059
139 1128
139 1720
140 1305
141 431
141 456
141 618
141 715
141 800
141 807
141 1130
141 1505
141 1563
142 315
142 895
142 978
142 1151
142 1355
142 1370
142 1529
143 389
143 611
143 1184
143 1495
143 1647
143 1685
143 1835
144 720
144 773
144 1001
144 1549
144 1567
144 1823
145 810
145 1674
146 323
146 693
146 1427
146 1856
147 1198
148 164
148 188
148 435
148 459
148 820
148 933
148 958
148 1022
148 1579
148 1828
149 1245
149 1442
149 1521
149 1603
149 1679
150 746
150 1011
150 1313
150 1341
150 1921
150 1931
151 422
151 519
151 676
151 914
151 1739
151 1953
151 1965
152 219
152 609
152 1082
152 1164
152 1760
152 1816
153 420
153 857
153 913
153 1078
153 1493
153 1618
153 1794
154 321
154 614
154 645
154 960
154 1026
154 1085
154 1558
154 1951
155 239
155 374
155 1209
155 1435
155 1449
155 1536
155 1805
156 1060
156 1328
156 1600
156 1630
156 1815
156 1850
157 413
157 816
157 890
157 1308
157 1568
157 1652
157 1656
158 340
158 466
158 477
158 732
158 880
159 690
159 1231
159 1274
159 1352
159 1441
159 1442
160 824
160 1383
160 1510
160 1929
161 639
161 1871
161 1895
162 316
162 702
162 1564
162 1750
162 1966
162 1994
163 228
163 686
163 791
163 813
163 1027
163 1141
163 1530
164 266
164 481
164 1313
164 1390
164 1555
164 1867
165 927
165 1145
165 1218
165 1421
165 1793
165 1950
166 323
166 629
166 970
167 909
167 1918
168 979
168 1136
168 1301
168 1461
168 1678
169 244
169 487
169 1083
169 1135
170 244
170 740
170 1994
171 244
171 380
171 1066
172 1402
173 1824
174 697
174 771
174 1148
174 1639
174 1789
174 1896
174 1984
175 597
175 903
175 1870
175 1906
176 1264
176 1405
176 1440
176 1870
177 242
177 329
177 1008
177 1322
177 1422
177 1555
177 1836
178 485
178 640
178 1094
178 1594
179 1233
181 933
181 989
181 1340
181 1473
182 940
182 981
182 1590
182 1935
182 1938
183 1109
183 1166
183 1509
183 1958
184 967
184 1404
184 1507
184 1639
185 269
185 365
185 658
185 816
185 1039
185 1476
185 1602
185 1887
185 1908
185 1938
186 983
186 1100
186 1221
186 1689
186 1704
186 1712
187 402
187 808
187 1886
188 189
188 825
188 1929
189 1499
189 1897
190 572
190 619
190 662
190 1238
190 1711
191 193
191 218
191 319
191 974
191 1328
191 1461
192 1099
192 1479
192 1576
192 1887
192 1970
193 208
193 795
194 446
194 497
194 517
194 731
194 773
194 1211
194 1296
194 1304
194 1922
195 326
195 728
195 830
195 836
195 1028
195 1437
196 325
196 617
196 741
196 782
196 1326
197 700
197 1013
197 1245
197 1462
197 1478
198 208
198 271
198 463
198 497
198 950
199 518
200 1008
200 1402
200 1716
200 1783
201 1113
201 1129
202 405
202 831
202 930
202 948
202 1202
202 1421
202 1475
203 795
203 1300
203 1556
203 1884
204 707
204 1102
204 1191
205 776
205 898
205 988
206 316
206 433
206 576
206 1033
206 1626
206 1811
207 436
207 1452
207 1617
207 1792
208 1068
208 1156
209 987
210 322
210 530
210 621
210 1345
210 1369
210 1581
211 679
211 742
211 1286
212 221
212 227
212 575
212 999
212 1514
212 1849
213 650
213 826
213 837
213 932
213 1015
213 1047
213 1487
213 1698
214 447
214 1976
215 1503
215 1740
215 1765
215 1948
216 349
216 1438
216 1503
217 1396
217 1427
217 1759
217 1950
217 1985
218 1419
218 1548
218 1847
219 395
219 776
219 1305
220 327
220 575
220 1514
220 1574
220 1862
221 554
221 680
221 967
221 1059
221 1798
222 408
222 445
222 923
222 1522
222 1673
222 1981
223 863
223 1232
224 235
224 306
224 1222
224 1679
224 1696
225 299
225 437
225 561
225 1469
225 1481
225 1700
225 1848
225 1884
226 455
226 1322
226 1720
227 930
227 1241
227 1734
228 878
228 1253
228 1931
229 320
229 688
229 1363
229 1475
229 1516
229 1687
229 1732
230 398
230 784
230 1933
231 331
231 630
231 875
231 1280
231 1340
232 417
232 623
232 1087
232 1296
232 1505
232 1889
233 350
233 1171
234 1256
234 1443
234 1468
234 1715
235 322
235 480
235 550
235 556
235 744
235 886
235 1119
236 638
236 933
236 968
236 1423
236 1693
237 667
237 1208
237 1214
238 1670
239 360
239 723
239 1248
239 1249
239 1921
240 1520
240 1979
241 506
241 619
241 751
241 1066
241 1737
241 1761
242 453
242 1253
242 1657
243 963
243 977
243 1023
243 1269
243 1600
244 252
244 381
244 420
244 473
244 477
244 593
244 651
244 1199
244 1525
244 1563
244 1838
244 1920
245 1166
245 1639
246 483
246 925
246 1398
246 1427
246 1620
246 1950
247 280
247 634
247 1084
248 364
248 592
248 810
248 946
248 1365
248 1410
248 1617
248 1917
249 259
249 296
249 877
249 1021
249 1400
249 1629
250 313
250 782
250 1096
250 1289
251 398
251 513
251 1189
251 1479
251 1692
251 1848
252 718
252 782
252 1270
252 1361
252 1642
252 1703
252 1957
253 279
253 507
253 1300
253 1529
254 591
254 1654
255 406
255 739
255 983
255 1292
255 1319
255 1524
255 1598
255 1881
256 359
256 369
256 767
256 1298
256 1495
256 1621
256 1840
256 1975
257 275
257 752
257 1897
258 314
259 461
259 1170
259 1201
259 1481
260 320
260 534
260 701
260 776
261 660
261 1011
261 1036
262 1328
263 290
263 862
264 592
264 1250
265 471
265 719
265 785
265 842
265 970
265 1060
265 1206
265 1960
266 1227
266 1725
266 1865
266 1943
267 293
267 339
267 1199
267 1357
267 1736
268 1020
268 1842
269 1252
270 982
270 1299
270 1453
270 1533
270 1568
270 1670
270 1880
271 509
271 615
271 897
271 1477
271 1666
272 278
272 349
272 1090
272 1753
273 481
273 952
273 956
273 1444
273 1840
273 1888
274 387
274 1277
275 596
275 1021
275 1227
275 1613
276 1067
276 1979
277 745
277 1033
277 1354
277 1625
277 1751
278 295
278 387
278 511
278 906
278 1477
278 1655
279 484
279 723
279 900
279 1918
280 585
280 949
280 1575
280 1607
280 1840
280 1859
281 1334
281 1548
282 308
282 647
282 1116
282 1541
283 378
283 789
283 888
283 1786
284 494
284 762
284 1069
284 1172
284 1512
284 1844
285 328
285 517
285 687
285 727
285 1542
285 1544
285 1629
285 1642
286 820
286 1050
286 1429
286 1831
286 1863
286 1893
286 1958
287 392
287 839
287 1563
287 1708
287 1773
288 603
288 794
288 971
288 1002
288 1159
288 1268
289 767
289 827
289 1073
290 938
290 1430
290 1682
291 408
291 461
291 463
291 533
291 661
291 742
291 1103
291 1421
291 1714
292 294
292 847
292 925
292 1544
293 1820
294 1990
295 335
295 551
295 621
295 1046
295 1567
295 1861
296 374
296 590
296 1206
296 1624
296 1642
296 1939
296 1983
297 722
297 1365
297 1416
297 1531
298 326
298 1872
298 1880
299 412
299 561
299 763
299 841
299 1685
301 341
301 972
301 1071
301 1089
301 1921
302 1085
302 1132
302 1453
303 623
303 1315
304 528
304 1559
305 441
305 547
305 1177
305 1297
305 1382
305 1655
305 1781
306 310
306 1223
306 1933
307 666
307 937
307 1038
307 1088
307 1111
307 1155
307 1213
307 1219
307 1238
307 1418
307 1600
307 1622
308 1189
308 1190
308 1847
309 1122
309 1826
310 796
310 967
310 1149
310 1167
310 1481
310 1787
310 1902
311 1385
311 1623
311 1696
312 448
312 1311
312 1728
312 1748
312 1875
313 684
313 751
313 916
313 1250
313 1317
314 365
314 378
314 1445
314 1697
315 433
315 990
315 1122
315 1497
316 940
316 1384
316 1631
317 487
317 501
317 572
317 794
317 1520
318 593
318 893
318 1453
318 1580
318 1612
318 1811
318 1853
318 1891
319 426
319 1167
319 1209
319 1423
319 1459
319 1558
319 1582
319 1637
319 1918
320 752
320 852
320 1249
320 1720
320 1750
320 1947
321 469
321 531
321 748
321 844
321 880
321 1096
321 1937
322 805
322 1047
322 1216
322 1404
322 1481
322 1657
322 1670
322 1831
323 625
323 802
323 1007
323 1078
323 1544
323 1599
323 1754
324 618
324 703
324 974
325 347
325 450
325 1038
325 1059
326 416
326 738
326 1640
326 1668
326 1688
326 1923
326 1991
327 757
327 1103
327 1355
327 1583
327 1646
327 1687
328 584
328 858
328 1636
329 479
329 774
329 970
329 1661
329 1675
330 356
330 802
330 1126
331 531
331 1943
332 505
332 542
332 553
332 667
332 785
332 944
332 1182
333 773
333 860
333 1446
333 1549
333 1692
334 440
334 1189
334 1865
335 572
335 756
335 1572
335 1705
336 1307
337 757
337 1002
337 1171
337 1511
338 886
338 1113
339 366
339 493
339 666
339 843
339 1282
340 754
340 951
340 1166
341 1243
341 1665
342 762
342 873
342 1464
342 1839
343 383
343 391
343 1246
344 1091
344 1146
344 1482
344 1518
345 439
345 441
345 490
345 593
345 864
345 943
345 1141
346 758
347 388
347 530
347 970
347 1445
347 1656
348 705
348 782
348 909
348 1449
348 1483
348 1597
349 828
349 1988
350 485
350 582
350 584
350 874
350 1582
351 1462
351 1677
351 1722
352 1006
352 1419
352 1497
353 901
353 1342
353 1578
353 1899
353 1980
354 537
354 1736
355 932
355 1377
355 1548
355 1648
355 1661
355 1867
356 544
356 694
356 1482
356 1627
356 1842
356 1982
357 515
357 575
357 765
357 1407
358 1534
359 1934
360 435
360 726
360 872
360 1122
360 1449
360 1812
361 497
361 566
361 804
361 1146
361 1423
362 644
362 844
362 958
362 1016
362 1345
362 1530
363 1088
363 1192
363 1774
364 384
364 895
364 1215
366 383
367 1095
367 1524
368 1022
368 1556
369 849
369 1534
369 1570
369 1611
369 1827
370 1326
370 1550
371 803
371 1099
371 1227
371 1613
371 1655
372 386
372 555
372 744
372 1727
372 1785
373 790
373 1010
373 1206
373 1745
374 432
374 674
374 1530
375 486
375 654
375 747
375 824
375 1439
375 1756
376 388
376 823
376 857
376 898
376 1077
376 1100
376 1177
376 1287
376 1293
376 1433
376 1609
377 1452
377 1476
377 1483
378 656
378 1168
378 1825
379 384
379 513
379 691
379 789
379 1067
379 1943
380 528
380 717
380 1025
380 1030
380 1112
381 518
381 731
381 889
381 1103
383 406
383 1153
383 1223
383 1306
383 1769
383 1929
384 475
384 899
384 1188
384 1450
384 1840
384 1897
384 2000
385 400
385 962
385 1403
385 1754
385 1993
386 787
386 1097
386 1340
386 1373
386 1599
386 1858
387 612
387 1316
387 1503
388 800
388 947
388 1269
388 1346
388 1424
388 1586
389 482
389 1143
390 839
390 1071
390 1767
390 1805
390 1828
391 604
391 687
392 772
392 1830
393 422
393 753
394 498
394 985
394 1226
395 757
395 1066
395 1707
396 775
396 919
397 398
397 608
397 1094
397 1552
398 641
398 1101
398 1823
398 1925
399 1258
399 1869
400 1177
400 1566
400 1627
401 505
401 527
401 670
401 788
401 814
401 829
401 1121
401 1125
402 785
403 1004
403 1477
403 1628
403 1792
404 528
404 536
404 1150
404 1653
405 624
405 1725
405 1779
405 1782
406 538
406 718
406 1096
406 1399
406 1735
406 1902
407 634
407 1729
408 662
408 671
408 910
408 1202
408 1400
408 1460
408 1753
408 1772
409 497
409 548
409 574
409 719
409 870
409 1397
409 1482
410 769
410 1647
411 664
412 791
412 1922
412 1929
414 828
414 876
414 1184
414 1383
414 1926
415 648
415 1123
415 1257
416 1487
416 1931
417 483
417 509
417 721
417 923
417 1165
418 995
418 1129
418 1853
419 746
419 752
419 1607
419 1648
419 1678
420 1261
420 1598
420 1624
421 1557
421 1675
422 564
422 924
422 1683
422 1692
423 574
423 1015
423 1094
423 1509
423 1555
423 1567
424 651
424 793
424 1028
424 1159
424 1577
424 1616
424 1641
425 1187
425 1592
427 929
427 1118
427 1722
428 566
428 856
428 1880
429 766
429 782
429 1715
430 723
430 843
430 1129
430 1753
431 504
431 1346
432 436
432 510
432 1086
432 1118
432 1686
432 1787
433 673
433 1362
433 1372
433 1434
434 542
434 807
434 1083
434 1126
434 1597
434 1670
435 718
435 725
435 852
435 926
435 1011
435 1447
436 1255
436 1799
436 1826
436 1891
437 776
437 902
437 1063
437 1541
437 1685
438 511
438 580
438 996
438 1014
438 1254
439 945
440 463
440 713
440 1033
440 1804
441 486
441 649
442 599
442 828
442 1348
442 1720
442 1774
442 1803
442 1811
443 529
443 702
443 1265
443 1500
443 1657
443 1903
444 573
444 602
444 670
444 693
444 1290
444 1294
444 1300
444 1387
444 1640
445 613
445 1046
445 1124
445 1129
445 1851
446 576
446 1479
446 1764
446 1948
447 869
447 893
447 1493
447 1527
448 728
448 732
448 750
448 1119
448 1200
448 1351
449 1420
449 1776
449 1777
450 1359
450 1527
450 1982
451 717
451 762
451 1831
453 780
453 1112
453 1289
454 1141
454 1603
454 1609
455 597
455 1077
455 1786
456 541
456 1216
456 1264
456 1283
456 1378
456 1521
456 1541
456 1918
456 1931
457 1080
458 875
458 966
458 1152
459 472
459 738
459 1315
459 1604
460 1135
460 1137
460 1244
460 1475
460 1713
460 1730
461 732
461 1068
461 1114
461 1210
461 1322
461 1673
461 1693
461 1925
462 718
462 1553
462 1644
463 519
463 907
463 1086
463 1254
463 1447
463 1639
463 1992
464 1020
464 1464
464 1774
465 723
465 908
465 930
465 1061
465 1500
465 1581
465 1652
465 1661
466 527
466 607
466 657
466 914
466 1206
466 1333
467 1777
468 1685
468 1719
468 1950
468 1953
469 686
469 1225
469 1930
470 658
470 1115
470 1203
470 1270
471 797
471 1754
472 1246
473 1353
473 1572
473 1599
474 499
474 1592
474 1837
474 1949
474 1963
475 651
475 869
475 888
475 1010
475 1677
475 1974
476 628
476 956
476 1697
477 1522
477 1958
478 778
479 1728
479 1866
479 1948
480 664
480 1213
480 1586
480 1702
480 1800
481 635
481 733
481 1267
482 756
482 861
482 1069
482 1108
482 1600
482 1914
483 1124
483 1329
483 1884
483 1919
483 1963
484 1000
484 1923
485 803
485 1142
485 1195
485 1229
485 1435
485 1522
485 1901
485 1958
486 978
486 1353
486 1366
486 1549
487 663
487 672
487 766
487 1435
487 1653
488 776
488 869
488 1398
488 1642
488 1813
489 834
489 1064
489 1245
489 1273
489 1815
489 1926
490 748
490 784
490 817
490 972
490 1054
490 1247
490 1492
490 1799
490 1968
491 534
491 1213
491 1330
491 1653
491 1776
491 1800
491 1874
492 751
493 1031
493 1725
494 660
494 751
494 880
494 963
494 1111
494 1331
495 550
495 669
495 1013
495 1478
496 726
496 978
496 1225
496 1497
497 1504
497 1685
497 1949
498 658
498 682
498 1099
498 1273
499 976
499 1058
499 1072
500 1182
500 1402
500 1808
501 619
501 751
501 1636
501 1730
501 1964
502 1500
502 1560
504 591
504 959
504 1327
504 1363
504 1448
504 1615
504 1863
504 1914
505 1315
505 1657
505 1789
506 563
506 768
506 888
506 1023
506 1170
507 940
507 979
507 1154
507 1164
508 807
508 1109
508 1722
509 943
509 1203
509 1215
509 1558
509 1959
511 939
511 1196
512 1182
512 1391
512 1707
512 1872
513 622
513 890
513 1656
513 1798
514 550
514 797
514 888
514 1033
514 1076
514 1645
515 659
515 1893
516 732
516 1209
517 844
517 985
517 1370
517 1464
517 1698
518 1033
518 1242
518 1556
519 674
519 1429
520 740
520 792
520 880
520 1492
521 587
521 1177
521 1275
521 1428
522 1153
522 1607
523 663
523 888
523 911
523 1402
523 1509
523 1898
524 731
524 1118
524 1434
525 1878
525 1988
526 581
526 1164
526 1511
526 1624
527 1043
527 1560
527 1632
527 1785
527 1884
528 580
528 1248
528 1815
528 1958
529 773
529 954
529 1020
529 1972
530 776
530 1779
531 590
531 898
531 1396
531 1406
531 1769
533 575
533 1225
533 1511
534 753
534 982
534 1054
534 1458
534 1983
535 822
535 1756
535 1810
535 1916
535 1991
536 768
536 959
536 995
536 1091
536 1215
536 1875
536 1943
537 1272
537 1588
537 1615
537 1625
538 1753
538 1908
539 788
539 893
539 951
539 1463
539 1596
539 1668
540 1004
540 1143
540 1273
540 1335
540 1614
540 1991
541 730
541 753
541 936
541 1069
541 1136
541 1400
541 1680
542 934
542 1531
542 1602
542 1849
543 576
543 1214
543 1392
543 1901
544 669
544 834
544 950
544 1037
545 1050
545 1062
545 1417
545 1824
545 1901
546 1669
546 1844
547 1196
547 1423
547 1640
548 1442
548 1511
548 1634
548 1744
549 663
549 687
549 704
549 935
549 1587
550 874
550 951
550 1087
550 1379
550 1803
550 1912
550 1974
551 713
551 751
551 1442
551 1599
551 1968
552 998
552 1451
554 669
554 748
554 818
554 1750
554 1775
554 1800
555 686
555 949
555 1212
555 1907
556 969
556 1026
556 1754
557 865
557 1511
557 1861
558 949
558 1483
558 1687
558 1844
559 705
559 890
559 1120
559 1499
559 1790
559 1941
560 1244
560 1523
560 1543
561 950
561 1138
561 1706
562 628
562 655
562 746
562 856
562 1509
563 588
563 835
563 1601
563 1968
563 1976
564 977
564 1320
564 1686
565 1044
565 1687
566 1270
566 1397
566 1649
566 1689
567 998
567 1036
568 1042
568 1416
568 1460
568 1615
568 1883
569 663
570 609
570 1094
570 1183
570 1256
570 1273
570 1699
570 1732
572 588
572 767
572 1589
573 1032
573 1237
573 1887
574 746
574 1117
574 1285
574 1296
574 1776
574 1871
575 833
575 984
575 1291
575 1852
576 871
576 1241
577 702
577 889
577 966
577 1168
577 1296
578 721
578 851
578 1583
579 1423
579 1527
580 1053
580 1088
580 1609
580 1988
581 1227
581 1269
582 720
582 861
582 1048
582 1087
582 1398
582 1507
582 1585
582 1597
582 1694
582 1833
583 589
583 1064
583 1090
583 1256
583 1665
583 1721
583 1819
584 714
584 1577
584 1726
585 858
585 1244
585 1246
585 1603
585 1916
586 816
586 1156
586 1290
586 1689
587 891
587 901
587 1188
587 1358
587 1470
587 1897
588 829
588 1178
588 1312
588 1793
589 1351
589 1710
589 1712
590 596
590 715
590 1136
590 1222
590 1677
590 1708
590 1802
590 1840
591 699
591 952
591 1020
591 1453
591 1713
591 1884
592 606
592 1560
594 1011
594 1033
594 1420
594 1723
594 1875
594 1957
594 1961
595 825
595 865
595 1170
595 1601
596 969
596 1561
596 1623
597 1904
598 786
598 947
598 1634
599 763
599 1001
599 1036
599 1209
599 1228
599 1618
599 1913
599 1928
600 633
600 673
600 1675
600 1942
601 1580
602 806
602 811
602 814
602 1636
603 630
603 711
603 793
603 917
603 1044
604 714
605 869
605 1184
605 1274
605 1924
605 2000
606 664
606 1159
606 1322
606 1653
606 1963
607 977
607 1597
608 1091
608 1549
608 1597
609 811
609 1041
609 1106
609 1187
610 645
610 1460
611 750
611 763
611 881
611 945
611 1822
611 1824
611 1829
611 1841
612 1011
612 1191
612 1225
612 1962
613 1094
613 1369
613 1451
614 1432
614 1725
614 1828
614 1895
615 642
615 866
615 920
615 1667
616 711
616 790
616 1482
616 1693
616 1722
617 713
617 1003
617 1290
617 1582
617 1607
617 1902
619 711
619 974
619 1251
619 1872
620 1006
620 1370
620 1612
621 1551
621 1671
622 797
622 1312
622 1881
623 753
623 1300
624 895
624 1022
624 1370
624 1592
624 1789
624 1891
625 842
625 1252
625 1526
625 1694
625 1998
627 776
627 1326
627 1473
628 647
628 1917
628 1930
629 1204
629 1341
629 1507
630 742
630 1917
630 1986
632 1071
632 1143
632 1163
632 1742
632 1761
632 1955
632 1984
633 843
633 1702
634 640
635 1429
636 641
636 995
636 1179
636 1662
637 679
637 903
637 908
637 1389
637 1433
637 1449
638 820
638 1667
638 1928
639 763
639 1938
640 1827
641 938
641 1496
641 1933
642 678
642 1222
642 1644
643 678
643 855
643 1437
643 1501
643 1827
644 1164
644 1481
644 1493
645 963
645 1249
646 1097
646 1507
646 1586
646 1662
647 771
647 1571
647 1691
647 1699
647 1742
648 1788
649 667
649 859
649 1861
651 1277
652 1236
652 1455
652 1638
652 1742
652 1812
654 739
654 969
654 1673
654 1722
655 844
655 923
655 1292
655 1438
655 1455
655 1533
655 1887
656 721
656 1641
657 701
657 860
658 1213
658 1536
659 916
659 1651
659 1667
660 1016
660 1150
660 1824
661 891
661 1766
661 1856
662 833
662 1520
663 1196
663 1740
663 1749
663 1931
664 795
664 1256
665 815
665 1664
666 1014
666 1349
666 1624
666 1868
667 962
667 1501
667 1582
667 1880
668 708
668 1132
668 1502
668 1553
668 1677
669 765
669 781
669 1045
669 1310
669 1593
669 1725
670 1151
670 1651
671 905
671 922
671 1578
671 1729
672 989
672 1414
673 1490
674 763
674 1061
674 1183
674 1239
676 689
676 706
677 918
677 1645
677 1722
677 1843
677 1911
678 836
678 1784
679 1209
680 737
681 1964
682 1140
682 1250
682 1456
682 1476
683 1262
684 719
684 1362
684 1481
684 1932
685 789
685 1423
686 888
686 1129
686 1523
686 1542
688 855
688 1108
688 1149
689 913
689 1290
689 1427
689 1484
690 1387
691 722
691 728
691 1052
691 1672
691 1755
691 1970
691 1978
692 726
693 725
693 778
693 972
693 1093
693 1678
694 746
694 815
694 977
694 1014
694 1475
694 1833
695 774
695 1260
695 1455
695 1609
695 1828
696 729
696 1222
696 1622
696 1732
697 1195
697 1385
697 1530
697 1558
697 1916
698 840
698 1749
699 1173
700 724
700 1026
700 1084
700 1199
700 1674
702 1285
702 1317
702 1657
702 1823
702 1894
703 751
703 1709
703 1770
704 737
704 939
704 1432
704 1524
704 1752
704 1979
704 1990
706 728
706 1889
707 813
707 1038
707 1544
707 1727
707 1802
707 1938
707 1990
708 1953
709 1667
710 768
710 1654
710 1735
710 1847
711 1541
712 1309
712 1456
712 1742
712 1855
713 1059
713 1506
714 1336
714 1372
714 1833
714 1864
715 821
715 930
715 1134
715 1402
715 1712
716 1013
716 1120
716 1181
716 1203
717 1296
717 1779
717 1936
718 1278
718 1598
718 1964
719 783
719 934
719 1118
719 1675
719 1814
719 1969
720 820
720 1448
720 1955
721 1100
721 1965
721 1967
722 1166
722 1588
722 1685
722 1783
723 834
723 1043
723 1874
724 998
724 1123
724 1751
724 1960
725 895
725 1134
725 1358
725 1371
725 1415
725 1625
725 1796
726 1238
727 895
728 1293
728 1596
728 1782
729 1829
729 1905
729 1960
730 1437
731 1256
732 773
732 870
732 1075
732 1447
732 1795
733 832
733 1042
733 1147
733 1365
734 803
734 1341
734 1346
734 1893
735 1116
735 1384
735 1501
735 1738
735 1966
736 872
736 1262
736 1384
736 1537
736 1656
736 1672
737 1354
737 1593
738 762
738 929
738 1195
739 1663
739 1755
740 892
740 1308
740 1356
740 1518
740 1715
741 745
741 1311
742 1501
743 918
743 1219
745 1342
745 1736
746 1147
746 1537
746 1732
746 1906
747 768
747 1105
747 1111
747 1146
747 1734
747 1848
748 1319
749 762
749 1713
750 1905
751 918
751 1255
751 1816
751 1820
752 823
752 934
752 1394
753 781
753 1818
754 1220
754 1656
754 1738
756 1219
756 1718
756 1843
757 792
757 1251
757 1541
757 1559
757 1944
757 1989
758 1292
758 1801
759 946
759 1084
759 1940
759 1943
760 1364
760 1504
760 1713
760 1972
761 854
761 876
761 1798
761 1873
762 866
762 1005
762 1983
764 1173
764 1349
764 1779
764 1878
765 884
765 976
765 1011
766 1252
766 1586
766 1597
766 1864
767 1468
767 1983
768 1022
768 1692
768 1754
769 1117
770 798
770 1038
770 1147
770 1566
770 1817
771 824
771 976
771 1025
771 1059
771 1279
771 1669
772 981
772 1129
772 1200
772 1277
772 1318
773 953
773 1615
773 1800
773 1812
774 824
774 1729
774 1867
775 964
775 1622
775 1657
776 1219
776 1902
777 987
779 1427
780 1926
781 1307
781 1570
782 1315
783 1131
783 1282
783 1316
783 1716
783 1891
784 1047
784 1704
784 1833
785 866
785 1032
785 1676
785 1806
786 1042
786 1812
787 897
787 1737
788 1629
788 1679
788 1726
789 1301
789 1759
790 1868
790 1945
791 937
791 1030
791 1373
791 1516
791 1562
791 1903
792 1094
792 1361
792 1475
792 1960
793 1578
793 1819
793 1872
794 909
794 1088
794 1589
794 1857
795 1854
796 1333
796 1847
797 1333
797 1663
797 1986
798 842
798 1170
798 1324
799 838
799 1129
799 1327
799 1644
800 967
800 1561
800 1817
801 1015
801 1264
802 961
802 1173
802 1922
803 1042
803 1607
803 1700
804 1176
804 1492
804 1590
804 1614
805 1395
805 1508
805 1735
806 871
806 1027
807 1009
808 848
808 1002
808 1059
808 1449
809 1415
809 1566
810 1269
810 1477
810 1865
811 1183
812 834
812 1770
813 926
813 1339
814 1287
814 1451
814 1540
814 1795
814 1836
815 847
815 1525
815 1679
817 1552
817 1802
818 820
818 878
819 1089
819 1250
819 1625
820 910
820 1002
820 1355
820 1356
820 1440
821 868
821 1016
821 1313
821 1331
821 1448
822 948
822 1425
822 1437
822 1883
823 885
823 1388
823 1448
823 1835
824 1147
825 1093
825 1127
825 1340
825 1477
825 1949
826 1008
826 1786
827 939
827 1273
827 1577
828 1074
828 1757
829 1079
829 1946
830 1217
830 1230
830 1388
830 1601
831 957
831 991
832 1044
832 1327
832 1494
833 1389
833 1571
833 1777
834 1123
836 1109
836 1533
836 1595
836 1615
837 882
837 1021
837 1445
837 1728
838 1704
840 860
840 1218
840 1394
840 1436
840 1979
841 1326
841 1988
842 978
843 1078
843 1100
843 1417
843 1459
843 1628
843 1892
844 924
844 1334
845 1153
845 1379
845 1451
845 1785
847 1361
847 1507
847 1809
847 1850
848 1358
848 1576
848 1716
848 1747
849 1072
849 1729
849 1937
850 1017
850 1087
850 1730
851 903
851 975
851 1002
851 1252
851 1296
851 1303
851 1610
853 919
853 1312
853 1416
853 1575
853 1976
854 1290
854 1501
855 893
855 1146
855 1540
855 1778
855 1886
856 969
856 1035
856 1137
856 1356
856 1833
856 1977
857 862
857 1509
857 1815
857 1840
858 929
858 1272
858 1798
859 1267
860 1566
861 869
861 1039
861 1676
861 1794
862 1345
862 1454
862 1684
862 1988
863 1461
863 1574
863 1758
864 1222
865 1127
865 1937
866 942
866 1943
867 1138
867 1453
867 1878
868 957
868 1083
868 1580
869 1524
869 1634
869 1692
869 1880
870 947
870 1048
870 1880
871 1039
871 1061
872 1149
872 1420
872 1979
873 879
873 1062
873 1290
873 1587
873 1588
873 1909
874 1064
874 1404
874 1465
876 1136
878 1058
879 1082
879 1086
879 1263
879 1627
880 1667
881 1272
881 1389
881 1543
882 975
882 1156
882 1158
882 1700
882 1864
883 1459
883 1736
883 1811
884 1027
884 1298
884 1720
885 1107
885 1281
885 1398
885 1546
885 1968
886 1103
886 1561
886 1841
887 918
887 1172
887 1322
887 1581
887 1945
888 895
888 1064
888 1652
889 1008
889 1526
890 1369
890 1750
890 1966
891 1862
892 1024
892 1208
892 1435
893 1236
893 1302
893 1497
893 1509
893 1544
894 1073
894 1651
895 1041
895 1053
895 1660
895 1922
896 1103
896 1536
896 1739
897 1036
898 1512
899 1136
899 1236
899 1688
900 1441
901 980
901 1050
901 1212
901 1366
901 1938
902 1325
902 1530
902 1574
902 1954
903 973
903 1318
903 1539
903 1938
904 950
904 958
904 1264
904 1312
904 1837
905 968
905 1275
905 1493
906 1248
906 1889
907 1121
907 1467
907 1635
908 1226
909 1250
909 1286
909 1751
910 1311
910 1804
911 912
911 1350
911 1502
911 1934
912 916
912 1406
913 1220
913 1295
913 1715
913 1751
914 1256
914 1265
914 1340
914 1621
914 1817
915 1200
915 1558
915 1620
915 1817
915 1874
916 1119
916 1396
917 1579
917 1770
917 1906
918 1219
918 1258
918 1370
919 1089
919 1090
919 1619
920 1633
920 1803
921 938
921 973
921 1435
921 1825
922 1079
922 1644
922 1856
922 1904
923 1121
923 1892
924 1642
924 1724
924 1818
925 1100
925 1322
925 1414
925 1855
926 1273
926 1582
926 1815
927 1439
927 1935
928 974
928 1065
928 1265
928 1592
928 1761
929 1003
929 1635
929 1785
930 964
930 1089
930 1261
931 1092
932 1143
932 1397
932 1702
933 945
933 1533
934 1189
934 1456
934 1743
934 1949
935 1000
935 1003
935 1336
935 1818
936 990
936 1338
936 1727
936 1855
937 1209
938 1201
938 1462
938 1541
938 1680
940 1653
942 1347
944 1431
945 1290
945 1547
946 1154
946 1574
947 1084
947 1656
947 1787
948 1209
948 1847
949 1042
949 1088
949 1934
950 1195
950 1368
951 1324
951 1338
951 1801
952 1081
952 1467
952 1499
952 1834
952 1873
953 1453
953 1605
953 1902
954 1015
954 1209
954 1415
955 1037
955 1705
955 1734
955 1939
956 959
956 1141
956 1954
957 1490
957 1555
958 1176
958 1778
958 1943
958 1975
959 1100
959 1791
959 1898
960 1348
960 1541
960 1763
960 1764
961 964
961 1323
961 1931
962 1219
963 987
963 1118
964 1409
964 1653
964 1683
964 1930
965 1075
965 1513
965 1634
967 1103
967 1240
968 1312
968 1322
968 1340
968 1676
968 1891
968 1965
970 1327
970 1470
971 1036
971 1449
971 1595
972 1102
972 1658
972 1687
973 1658
973 1757
973 1982
974 1207
974 1845
975 1115
975 1456
975 1484
976 1142
976 1325
976 1373
976 1434
977 979
977 1339
977 1564
978 1086
978 1390
979 1026
979 1400
979 1642
979 1719
980 1327
980 1386
981 1916
982 1062
982 1341
982 1398
982 1536
982 1730
983 1085
983 1267
983 1926
984 1158
984 1199
984 1419
985 1017
985 1827
986 1530
986 1619
987 1506
988 1789
989 1089
989 1351
989 1505
989 1757
989 1973
990 1718
990 1736
991 1149
991 1235
992 1098
992 1612
992 1711
992 1745
995 1258
996 1728
996 1800
997 1795
997 1992
998 1003
998 1353
998 1489
999 1132
999 1327
999 1358
999 1593
1000 1330
1000 1501
1001 1184
1002 1405
1002 1873
1003 1071
1003 1144
1003 1605
1003 1744
1004 1031
1004 1876
1005 1098
1005 1474
1005 1686
1007 1176
1007 1869
1007 1921
1008 1013
1008 1162
1008 1346
1009 1032
1009 1806
1010 1068
1010 1297
1010 1376
1011 1734
1011 1982
1012 1079
1012 1810
1015 1652
1015 1779
1016 1523
1016 1788
1016 1823
1017 1503
1018 1072
1018 1407
1018 1416
1018 1575
1018 1723
1018 1725
1019 1547
1019 1721
1019 1770
1020 1172
1020 1948
1021 1190
1021 1263
1021 1349
1021 1450
1021 1784
1021 1863
1021 1895
1021 1905
1022 1552
1022 1588
1022 1692
1023 1785
1024 1686
1025 1123
1025 1395
1025 1460
1025 1704
1026 1145
1027 1496
1027 1512
1027 1658
1027 1941
1028 1253
1028 1328
1028 1652
1028 1947
1030 1142
1030 1639
1030 1741
1031 1124
1031 1703
1031 1943
1032 1318
1032 1658
1033 1301
1033 1593
1035 1116
1036 1153
1036 1471
1036 1545
1036 1573
1037 1047
1037 1644
1038 1070
1038 1873
1039 1401
1039 1430
1040 1256
1040 1635
1041 1206
1041 1901
1041 1904
1041 1974
1042 1511
1042 1984
1043 1378
1043 1909
1044 1848
1045 1524
1046 1554
1046 1624
1047 1948
1048 1557
1048 1612
1048 1698
1048 1801
1048 1979
1049 1276
1049 1288
1049 1815
1049 1944
1050 1716
1050 1838
1051 1148
1051 1298
1052 1084
1052 1292
1052 1417
1053 1228
1053 1522
1053 1719
1053 1770
1055 1134
1056 1181
1056 1304
1056 1430
1056 1504
1057 1732
1058 1221
1058 1629
1059 1317
1059 1605
1059 1981
1060 1564
1060 1753
1060 1788
1061 1996
1063 1073
1064 1822
1065 1407
1065 1598
1065 1918
1065 1932
1066 1200
1066 1461
1066 1553
1066 1689
1067 1612
1068 1469
1070 1281
1071 1082
1071 1505
1071 1598
1071 1677
1071 1796
1071 1965
1072 1279
1072 1406
1072 1432
1072 1965
1073 1820
1074 1139
1074 1618
1074 1816
1075 1485
1075 1529
1075 1896
1075 1930
1076 1149
1076 1648
1078 1940
1079 1120
1079 1715
1079 1819
1079 1955
1080 1337
1080 1362
1081 1131
1081 1714
1082 1160
1082 1176
1083 1427
1083 1760
1085 1177
1085 1346
1085 1373
1085 1828
1086 1369
1086 1463
1086 1695
1088 1259
1088 1689
1089 1768
1089 1890
1090 1143
1090 1630
1090 1956
1091 1265
1091 1551
1091 1734
1091 1896
1091 1935
1092 1350
1092 1511
1093 1439
1094 1211
1094 1788
1094 1921
1095 1101
1095 1510
1096 1123
1097 1648
1098 1593
1098 1928
1099 1168
1100 1158
1100 1350
1100 1513
1102 1680
1103 1588
1103 1700
1104 1796
1105 1535
1106 1156
1108 1178
1108 1472
1108 1914
1109 1295
1109 1333
1110 1742
1111 1743
1113 1231
1113 1292
1113 1506
1113 1772
1114 1227
1114 1713
1114 1840
1115 1535
1115 1835
1115 1899
1115 1905
1115 1968
1116 1713
1116 1905
1117 1525
1117 1862
1118 1584
1119 1374
1119 1750
1121 1227
1121 1723
1121 1791
1122 1488
1124 1287
1124 1549
1125 1180
1125 1897
1126 1157
1126 1456
1126 1717
1127 1486
1127 1864
1127 1935
1128 1235
1128 1630
1128 1664
1128 1690
1128 1734
1129 1333
1129 1648
1129 1804
1130 1323
1130 1985
1131 1414
1132 1143
1132 1176
1132 1608
1133 1590
1134 1317
1134 1356
1134 1525
1135 1165
1135 1245
1135 1257
1137 1207
1137 1288
1137 1448
1137 1546
1138 1504
1138 1799
1139 1210
1139 1427
1140 1672
1140 1855
1140 1961
1141 1583
1143 1241
1143 1273
1143 1467
1143 1527
1143 1665
1144 1277
1144 1728
1144 1767
1144 1800
1145 1259
1145 1603
1145 1927
1145 1974
1146 1152
1146 1228
1147 1625
1147 1982
1148 1324
1148 1359
1149 1231
1149 1354
1149 1485
1152 1497
1154 1173
1155 1708
1156 1420
1156 1517
1156 1698
1157 1818
1158 1778
1158 1801
1158 1805
1159 1510
1159 1909
1160 1177
1160 1479
1161 1373
1161 1762
1161 1951
1162 1210
1162 1831
1163 1465
1163 1697
1163 1705
1164 1189
1164 1963
1164 1999
1165 1585
1166 1173
1166 1418
1166 1586
1166 1608
1167 1532
1167 1670
1168 1642
1169 1521
1169 1557
1169 1765
1169 1924
1170 1192
1170 1625
1170 1980
1171 1289
1171 1551
1171 1770
1172 1863
1174 1194
1174 1223
1174 1479
1174 1591
1174 1707
1175 1257
1175 1474
1175 1879
1176 1747
1176 1877
1176 1949
1178 1403
1178 1588
1179 1564
1179 1627
1179 1810
1180 1547
1181 1511
1181 1750
1183 1487
1183 1578
1183 1948
1184 1601
1185 1232
1185 1927
1186 1750
1186 1887
1187 1455
1188 1308
1189 1623
1191 1265
1192 1864
1193 1317
1193 1349
1193 1473
1194 1594
1194 1931
1196 1456
1196 1754
1197 1348
1197 1451
1197 1670
1198 1207
1198 1241
1198 1649
1198 1749
1199 1482
1199 1508
1199 1524
1199 1871
1200 1622
1201 1673
1201 1746
1202 1260
1202 1949
1203 1226
1203 1734
1203 1815
1203 1949
1204 1351
1205 1279
1205 1373
1207 1378
1207 1581
1208 1649
1210 1464
1210 1842
1211 1510
1212 1440
1212 1698
1212 1958
1213 1405
1214 1453
1216 1804
1216 1857
1217 1451
1217 1457
1217 1674
1217 1752
1217 1872
1218 1509
1218 1653
1219 1542
1219 1860
1220 1325
1220 1408
1220 1684
1220 1824
1221 1910
1222 1646
1223 1445
1224 1363
1224 1412
1224 1903
1225 1537
1226 1882
1226 1939
1226 1960
1226 1990
1227 1316
1227 1656
1228 1241
1228 1412
1228 1570
1228 1596
1228 1715
1229 1454
1230 1499
1232 1596
1232 1984
1233 1332
1234 1343
1234 1389
1234 1413
1235 1482
1236 1697
1237 1705
1239 1334
1239 1400
1239 1416
1239 1490
1239 1814
1240 1417
1240 1665
1240 1716
1240 1811
1240 1851
1241 1611
1242 1682
1242 1824
1243 1357
1243 1445
1244 1297
1244 1749
1244 1894
1244 1964
1245 1380
1245 1573
1245 1894
1246 1689
1247 1424
1248 1330
1248 1437
1248 1860
1249 1617
1249 1853
1250 1590
1251 1272
1251 1333
1252 1387
1252 1512
1254 1431
1254 1777
1255 1687
1257 1492
1257 1897
1257 1914
1258 1498
1259 1765
1259 1898
1260 1311
1260 1346
1260 1540
1260 1571
1261 1702
1263 1752
1263 1924
1264 1493
1264 1873
1265 1287
1265 1993
1268 1954
1269 1566
1270 1655
1270 1719
1270 1943
1271 1614
1273 1730
1275 1555
1275 1871
1275 1924
1277 1456
1277 1495
1277 1604
1279 1309
1280 1867
1281 1495
1281 1656
1282 1333
1282 1479
1282 1700
1282 1924
1282 1962
1283 1422
1283 1658
1283 1861
1284 1439
1284 1519
1284 1781
1284 1897
1285 1331
1285 1393
1285 1970
1286 1336
1287 1380
1287 1393
1288 1978
1289 1303
1289 1631
1290 1918
1290 1999
1291 1516
1291 1920
1291 1931
1292 1716
1292 1782
1293 1509
1294 1535
1295 1464
1295 1668
1296 1446
1299 1418
1299 1549
1299 1757
1300 1459
1301 1343
1301 1822
1303 1444
1303 1751
1303 1930
1303 1940
1304 1714
1305 1319
1306 1528
1307 1708
1309 1551
1310 1578
1311 1483
1311 1737
1311 1867
1311 1882
1311 1956
1312 1451
1312 1754
1312 1951
1313 1369
1313 1456
1313 1603
1313 1677
1313 1899
1314 1584
1314 1923
1314 1988
1315 1317
1315 1647
1315 1712
1317 1457
1317 1655
1317 1658
1319 1655
1319 1930
1320 1732
1320 1903
1321 1682
1321 1696
1322 1788
1323 1835
1324 1388
1324 1430
1324 1634
1324 1662
1324 1824
1326 1589
1326 1721
1327 1693
1328 1540
1329 1492
1331 1860
1332 1876
1332 1929
1333 1363
1333 1377
1333 1905
1335 1420
1335 1428
1335 1640
1335 1928
1337 1825
1337 1850
1339 1544
1339 1677
1339 1916
1340 1439
1342 1518
1343 1362
1343 1501
1346 1400
1346 1657
1347 1984
1348 1613
1348 1980
1349 1385
1349 1633
1350 1456
1351 1658
1351 1822
1352 1669
1352 1878
1353 1818
1353 1874
1354 1511
1354 1662
1355 1535
1356 1375
1356 1679
1356 1690
1356 1691
1357 1395
1357 1745
1357 1947
1358 1388
1358 1580
1358 1851
1361 1463
1361 1508
1361 1600
1361 1775
1361 1843
1362 1603
1363 1604
1363 1616
1363 1737
1364 1734
1364 1798
1364 1919
1365 1449
1365 1512
1366 1656
1366 1717
1368 1431
1368 1452
1369 1488
1369 1984
1370 1512
1370 1560
1370 1933
1371 1392
1373 1428
1375 1568
1375 1618
1376 1456
1376 1469
1376 1509
1376 1610
1376 1676
1377 1384
1379 1641
1379 1897
1381 1533
1381 1593
1381 1599
1383 1510
1384 1481
1385 1741
1385 1976
1386 1825
1386 1915
1387 1552
1389 1586
1389 1775
1389 1863
1390 1721
1390 1776
1390 1871
1391 1474
1391 1512
1393 1488
1394 1639
1394 1677
1397 1493
1397 1585
1397 1606
1397 1928
1397 1994
1398 1806
1400 1617
1401 1481
1403 1827
1405 1587
1405 1976
1409 1503
1409 1918
1410 1699
1411 1543
1411 1700
1412 1672
1413 1819
1414 1520
1414 1602
1415 1819
1416 1958
1417 1733
1417 1867
1417 1895
1417 1966
1418 1437
1418 1715
1419 1823
1419 1981
1419 2000
1420 1503
1420 1810
1421 1993
1422 1463
1422 1508
1424 1524
1428 1993
1430 1466
1430 1539
1431 1826
1432 1522
1432 1652
1432 1690
1433 1710
1435 1616
1436 1699
1438 1669
1439 1979
1440 1475
1441 1733
1444 1525
1444 1742
1444 1910
1447 1538
1447 1924
1448 1620
1450 1552
1450 1729
1451 1783
1451 1853
1453 1946
1454 1482
1454 1719
1455 1566
1455 1887
1455 1956
1458 1983
1460 1860
1461 1653
1461 1773
1461 1929
1463 1592
1464 1520
1464 1933
1465 1850
1469 1739
1470 1743
1471 1949
1472 1506
1472 1601
1472 1691
1473 1519
1473 1597
1473 1991
1474 1862
1475 1697
1476 1692
1478 1732
1480 1561
1480 1631
1480 1893
1481 1834
1481 1933
1482 1667
1483 1823
1484 1694
1486 1789
1487 1797
1487 2000
1489 1842
1490 1564
1490 1600
1496 1914
1497 1769
1499 1846
1500 1713
1500 1872
1501 1504
1501 1599
1503 1549
1503 1826
1504 1650
1505 1527
1506 1699
1506 1948
1508 1610
1509 1838
1510 1656
1510 1666
1514 1653
1515 1626
1515 1627
1515 1683
1515 1772
1516 1605
1520 1791
1520 1845
1521 1712
1522 1553
1522 1772
1523 1768
1524 1655
1524 1757
1525 1530
1525 1966
1525 1993
1526 1566
1526 1822
1526 1931
1528 1550
1530 1613
1531 1703
1531 1960
1532 1539
1532 1603
1532 1730
1535 1618
1535 1949
1537 1548
1538 1589
1539 1586
1539 1698
1540 1932
1541 1609
1541 1746
1542 1723
1543 1949
1544 1708
1546 1934
1547 1829
1549 1557
1549 1569
1550 1896
1551 1606
1551 1737
1554 1614
1554 1641
1555 1747
1555 1881
1555 1884
1555 1906
1557 1981
1558 1839
1560 1565
1563 1773
1563 1868
1563 1913
1564 1829
1565 1609
1566 1783
1567 1823
1568 1857
1569 1752
1569 1792
1570 1713
1570 1879
1571 1631
1571 1654
1571 1975
1573 1598
1574 1834
1576 1944
1579 1911
1580 1937
1581 1593
1581 1869
1582 1694
1582 1715
1582 1759
1584 1602
1584 1687
1584 1806
1584 1997
1588 1852
1588 1980
1591 1984
1592 1955
1593 1857
1594 1943
1595 1789
1595 1911
1596 1627
1596 1736
1598 1615
1598 1660
1598 1753
1598 1982
1599 1636
1602 1883
1602 1943
1603 1699
1604 1748
1606 1796
1608 1705
1608 1813
1609 1681
1609 1937
1611 1638
1611 1757
1613 1990
1614 1731
1614 1943
1615 1826
1617 1978
1618 1976
1620 1816
1621 1826
1622 1802
1623 1675
1624 1639
1624 1652
1628 1883
1628 1965
1629 1857
1629 1973
1630 1837
1631 1703
1634 1738
1635 1898
1636 1692
1637 1731
1640 1738
1647 1903
1648 1942
1650 1714
1650 1737
1652 1720
1652 1898
1654 1928
1658 1678
1658 1751
1663 1821
1664 1992
1666 1813
1670 1757
1670 1976
1671 1879
1671 1957
1673 1779
1674 1720
1675 1819
1680 1737
1680 1897
1681 1932
1683 1684
1683 1915
1684 1759
1687 1931
1692 1814
1692 1870
1693 1816
1696 1953
1697 1915
1700 1865
1702 1855
1704 1899
1705 1832
1707 1861
1707 1961
1708 1975
1709 1877
1710 1978
1711 1731
1712 1774
1712 1896
1713 1824
1715 1968
1717 1882
1718 1793
1721 1797
1721 1811
1726 1826
1730 1904
1730 1953
1731 1884
1732 1952
1732 1962
1733 1890
1734 1803
1737 1867
1743 1873
1744 1862
1748 1766
1748 1969
1749 1842
1750 1943
1751 1836
1753 1952
1757 1907
1757 1975
1759 1781
1759 1848
1759 1937
1762 1835
1764 1959
1766 1851
1771 1986
1773 1794
1780 1870
1781 1906
1784 1832
1786 1935
1788 1897
1795 1935
1800 1873
1807 1920
1808 1839
1811 2000
1814 1898
1816 1967
1818 1929
1820 1989
1821 1853
1821 1944
1823 1920
1827 1911
1828 1903
1829 1876
1831 1977
1836 1928
1837 1884
1847 1879
1851 1966
1854 1859
1858 1932
1860 1916
1864 1946
1864 1989
1865 1919
1868 1999
1871 1919
1874 1915
1882 1961
1905 1975
1906 1907
1906 1920
1911 1942
1927 1994
1929 1942
1929 1944
1930 1949
1930 1973
1933 1971
1933 1977
1946 1976
1948 1959
1950 1967
1965 1980
1973 1991