2000
2 65
2 168
2 486
2 532
2 676
2 1363
3 366
3 811
4 265
4 323
4 1298
4 1776
4 1863
5 909
5 926
5 1400
6 432
6 1439
7 1000
7 1433
7 1512
8 1259
8 1323
9 1102
9 1193
10 98
10 367
10 983
10 1049
10 1803
10 1809
11 418
11 880
11 908
11 1216
11 1255
12 111
12 139
12 198
12 477
12 1054
12 1177
12 1442
13 26
13 769
13 1513
14 224
14 465
14 1111
14 1482
15 29
15 97
15 252
15 469
15 774
15 1372
15 1435
15 1720
16 44
16 189
16 378
16 898
16 1319
16 1351
16 1552
16 1793
16 1880
17 219
17 300
17 1039
17 1090
18 438
18 698
18 1469
18 1944
18 1968
19 43
19 709
20 1651
21 23
21 125
21 623
21 1364
22 222
22 1131
22 1731
22 1782
23 1329
23 1585
23 1901
23 1999
24 413
24 1012
25 173
25 1078
25 1411
25 1667
26 972
26 1632
27 1159
28 296
28 441
28 693
28 1069
28 1073
29 63
29 347
29 591
29 709
29 1591
29 1623
29 1710
30 1494
31 351
31 823
31 1368
32 1490
33 943
33 1683
33 1699
34 663
34 937
34 1436
34 1517
34 1796
35 138
35 819
35 1099
36 519
36 1005
36 1070
37 226
37 478
37 818
37 943
37 1485
38 298
38 409
38 479
38 1252
38 1777
38 1961
39 111
39 730
39 1298
40 195
40 258
40 261
40 281
40 298
40 349
40 1060
41 1887
42 658
42 938
42 1041
42 1363
42 1663
43 436
43 1282
43 1578
44 1881
45 62
45 264
45 1247
45 1311
46 695
46 790
46 939
46 1943
47 152
47 1474
47 1939
48 682
48 1064
48 1082
48 1378
48 1499
49 405
49 547
49 1782
50 80
50 651
50 1063
50 1132
50 1469
50 1651
51 652
51 844
51 1067
52 89
52 550
52 1153
53 229
53 411
53 928
53 1754
53 1998
54 554
54 1009
54 1021
55 986
55 1487
55 1519
56 1324
56 1591
57 68
57 365
57 622
57 1485
57 1553
58 365
58 1115
58 1835
59 243
59 1202
59 1382
60 1807
60 1809
61 1070
61 1402
61 1424
61 1782
62 373
62 1923
63 474
63 540
63 1437
64 160
64 502
64 887
64 1793
65 989
65 1348
65 1600
65 1665
65 1769
66 867
66 1338
67 877
67 1445
68 342
68 1175
69 592
69 1201
70 503
70 1007
71 189
71 439
71 779
71 1030
71 1385
71 1621
71 1751
71 1968
72 801
72 1360
72 1696
73 937
74 739
74 1450
75 461
75 792
76 296
76 554
76 1177
77 580
77 659
77 1898
78 262
78 264
78 660
78 818
78 1370
79 373
79 471
79 529
79 579
79 1176
79 1588
79 1595
79 1727
79 1935
80 323
80 325
80 798
80 965
80 1128
80 1199
81 102
81 350
82 216
83 721
83 1071
84 140
84 421
84 737
84 997
84 1428
84 1586
84 1774
85 1424
86 419
86 1311
86 1457
86 1710
86 1716
86 1725
88 190
88 203
88 969
89 514
90 440
90 569
90 1005
90 1172
90 1242
90 1701
91 1725
91 1757
92 770
92 1293
92 1323
92 1383
92 1489
92 1657
92 1667
92 1937
92 2000
93 335
93 1968
94 811
94 1241
94 1256
94 1644
95 636
95 1832
96 212
96 1196
96 1861
96 1869
97 1065
97 1302
97 1794
97 1953
98 248
98 959
98 1155
98 1882
99 551
99 557
99 558
99 853
99 1545
100 245
100 469
100 734
100 746
100 788
101 908
101 1461
101 1889
102 443
102 514
102 1010
102 1169
102 1837
103 662
103 819
103 833
103 1180
104 120
104 524
104 587
104 1070
104 1089
104 1307
104 1561
105 366
105 588
105 979
105 1058
106 283
106 1168
106 1592
108 1147
108 1217
109 894
109 1993
110 435
110 464
110 665
110 981
110 1041
110 1073
110 1155
110 1958
111 970
111 1417
111 1921
113 170
113 262
113 320
113 516
113 684
113 739
113 1031
113 1249
114 442
114 620
114 662
114 1277
114 1336
114 1379
114 2000
115 682
115 1229
115 1492
116 306
116 723
117 145
117 528
117 667
117 941
117 1419
117 1565
118 420
118 929
118 1530
118 1728
119 345
119 747
119 762
119 1251
119 1496
119 1713
120 229
120 1098
120 1139
120 1643
121 248
121 984
121 1060
121 1654
121 1807
121 1973
122 432
122 437
122 652
122 1928
123 176
123 247
123 485
123 1452
123 1946
124 343
124 357
124 490
124 524
124 866
124 1259
124 1303
124 1496
124 1624
125 634
125 1083
126 821
126 1066
126 1640
126 1831
127 260
127 482
127 1366
127 1464
127 1947
128 279
128 529
128 538
129 307
129 548
129 609
129 1154
129 1771
130 306
130 344
130 567
130 986
130 1460
130 1564
131 717
131 1505
132 364
132 725
133 677
133 1240
133 1544
133 1904
134 305
134 895
134 1488
135 186
135 223
135 229
135 547
135 964
135 1061
135 1133
135 1424
136 1433
137 680
137 1432
138 1111
139 142
139 692
139 693
139 1221
139 1539
139 1674
139 1721
139 1928
140 1781
140 1868
140 1871
140 1962
141 415
141 590
141 597
141 1131
141 1317
141 1319
141 1557
142 1714
142 1790
143 216
143 478
143 1394
144 723
144 1632
145 334
145 469
145 1447
145 1646
146 329
146 514
146 742
146 1382
147 277
147 960
147 1826
148 321
148 1099
148 1196
149 393
149 1513
150 203
150 302
150 419
151 385
151 562
151 675
151 786
151 1917
152 510
152 1226
152 1638
153 512
153 743
153 771
153 868
153 1352
154 455
154 557
154 783
154 1411
154 1744
154 1759
155 1662
156 768
156 1387
156 1508
157 561
157 870
157 1176
157 1585
158 602
158 1161
158 1786
159 345
159 470
159 563
159 1027
159 1379
160 412
160 1232
160 1780
160 1797
161 521
162 425
162 875
162 1158
162 1592
163 209
163 1463
164 854
164 1597
164 1816
164 1963
165 245
165 286
165 654
165 1341
165 1553
165 1692
165 1818
165 1952
166 177
166 294
166 949
166 1252
166 1717
166 1769
167 347
167 1439
168 1175
168 1528
168 1898
169 438
169 480
169 789
169 1485
169 1926
170 594
170 1013
170 1055
170 1701
171 406
171 785
171 1084
171 1125
171 1213
171 1265
171 1416
171 1431
171 1512
171 1590
172 1398
172 1464
172 1918
172 1944
173 1473
174 1358
175 1992
176 203
176 371
176 714
176 1115
176 1584
177 216
177 612
177 1527
177 1896
178 339
178 681
178 1041
178 1124
178 1598
178 1721
178 1992
179 537
179 1145
179 1706
180 225
180 523
180 597
180 744
181 360
181 591
181 1193
182 1376
182 1888
183 570
183 1696
183 1910
184 1172
184 1229
184 1280
184 1358
184 1708
184 1961
185 463
185 513
185 985
185 1243
186 411
186 1153
187 516
187 1217
187 1343
188 420
188 1359
188 1812
188 1958
189 222
189 395
189 668
189 676
189 933
189 1954
190 474
190 483
190 506
190 561
190 811
190 1541
190 1610
190 1613
190 1725
190 1738
190 1828
191 735
191 980
191 984
191 1711
191 1815
192 708
192 1477
192 1550
192 1839
193 241
193 529
193 1015
193 1847
193 1916
194 360
194 1241
194 1576
195 1708
196 342
196 376
196 804
196 1440
197 1127
197 1341
197 1801
198 253
198 437
198 1327
198 1387
199 483
199 511
199 1546
199 1645
199 1925
199 1998
200 528
200 742
200 1308
200 1467
200 1745
201 411
201 654
201 733
201 894
201 1214
201 1287
201 1509
201 1770
201 1965
202 1349
202 1394
202 1479
202 1621
202 1703
203 917
203 1666
203 1821
204 559
204 912
204 1092
204 1608
204 1770
205 497
205 1297
206 762
206 1399
206 1528
206 1531
207 227
207 383
207 551
207 934
207 1550
208 864
208 866
208 1572
209 788
209 844
209 1520
209 1841
210 212
210 789
210 925
210 1020
210 1123
210 1396
211 653
211 704
211 845
211 1150
211 1181
211 1258
211 1721
211 1784
212 253
212 1498
212 1612
213 667
213 1535
214 1199
214 1631
215 918
215 1830
216 869
216 920
216 1176
216 1594
217 583
217 752
217 1380
217 1449
217 1472
217 1547
218 305
218 793
218 982
218 1007
218 1048
218 1164
218 1266
219 257
219 332
219 659
219 1387
220 487
220 636
220 1039
221 520
221 571
221 1456
222 637
222 698
222 842
222 986
222 991
222 1156
222 1198
222 1242
223 343
223 489
223 502
223 789
223 1216
223 1317
223 1408
223 1434
223 1546
223 1660
223 1904
223 1992
224 521
224 571
224 837
224 1120
224 1917
225 586
225 667
226 320
226 475
226 849
226 883
227 294
227 771
227 1897
228 514
228 1949
228 1954
229 486
229 492
229 758
229 1577
229 1728
229 1918
230 511
230 538
230 1042
230 1171
231 1331
231 1928
232 329
232 868
232 938
232 1038
232 1338
233 1222
234 898
234 1446
234 1548
234 1573
235 620
235 866
235 1473
235 1738
236 1178
236 1615
237 681
237 1681
237 1706
238 942
238 1332
238 1337
238 1755
238 1788
239 474
239 545
239 989
239 1156
239 1643
240 474
240 1051
240 1335
240 1762
240 1828
240 1866
241 443
241 1338
241 1397
241 1430
241 1947
242 627
242 1099
242 1744
243 862
243 1092
244 489
244 904
244 1248
244 1697
245 747
245 778
245 830
245 874
245 977
245 1854
245 1975
246 965
247 334
247 475
247 1137
247 1751
247 1956
248 1111
248 1290
249 254
249 893
249 1142
249 1248
249 1520
249 1997
250 698
250 1436
250 1771
251 327
251 437
251 520
252 610
252 937
252 1173
252 1849
253 451
253 749
253 1978
254 1333
254 1367
254 1370
254 1398
255 572
255 1029
255 1130
255 1505
255 1768
256 346
256 412
256 1302
257 641
257 775
257 1775
258 823
259 976
259 1183
259 1429
260 266
260 820
260 1756
261 367
261 609
261 1007
261 1519
262 459
262 1031
263 815
263 1007
263 1086
263 1203
263 1426
263 1628
263 1799
263 1842
264 321
264 1044
264 1327
264 1796
264 1881
264 1883
265 275
265 770
265 911
265 943
265 992
265 1063
265 1410
265 1484
265 1588
265 1602
265 1911
265 1977
266 813
266 1110
267 720
267 899
267 1048
267 1188
267 1418
267 1692
267 1787
268 310
268 1107
269 1067
269 1114
269 1154
269 1220
269 1709
271 1453
271 1794
272 376
272 598
272 956
272 1873
273 634
273 1164
273 1896
274 593
274 1017
274 1386
274 1426
275 398
275 441
275 740
275 1324
275 1421
275 1505
275 1864
275 1975
276 289
276 372
276 881
276 1314
277 712
277 839
277 952
277 1056
278 450
278 860
278 1661
278 1683
279 653
279 1234
279 1692
279 1745
279 1838
280 689
280 725
280 759
280 1119
280 1532
280 1915
281 1024
282 1279
282 1652
282 1978
283 507
283 1009
283 1212
284 371
284 704
284 1118
284 1178
285 753
286 1877
287 1908
288 381
288 771
288 906
288 1052
289 576
289 927
289 956
289 1095
290 794
290 1212
290 1412
290 1429
290 1827
291 1444
291 1638
291 1714
292 754
292 1729
292 1870
293 778
293 1198
293 1288
294 968
294 1140
295 315
295 1298
296 765
296 1382
296 1613
296 1615
297 476
297 1422
297 1585
298 1722
299 440
299 723
299 945
299 1182
299 1324
299 1359
300 432
300 467
300 520
300 866
300 1177
300 1556
300 1626
300 1635
301 1102
301 1820
301 1955
302 474
302 1068
302 1503
303 507
303 635
303 1231
303 1337
304 1594
304 1643
304 1809
304 1913
305 664
305 768
305 1372
305 1767
305 1795
305 1966
306 1061
307 1554
307 1601
308 698
308 1083
309 1268
309 1289
309 1672
310 1622
311 505
311 516
311 786
312 396
312 833
312 1040
312 1971
313 531
313 755
313 840
313 1229
313 1697
314 491
314 1353
314 1447
314 1933
315 1423
315 1453
317 897
317 1197
317 1524
317 1561
318 1938
319 458
319 706
319 1183
319 1698
319 1801
320 514
320 611
320 668
320 1027
320 1705
320 1852
321 584
321 791
321 939
321 1154
321 1237
322 488
323 664
323 1809
324 697
324 1689
325 638
325 690
325 886
325 1792
326 485
326 725
326 902
326 1374
326 1649
327 722
327 813
327 932
327 1041
327 1345
327 1580
328 795
328 879
328 1296
328 1349
328 1371
328 1622
329 500
329 695
329 1099
329 1151
329 1224
329 1599
330 400
330 419
330 1166
330 1825
331 747
331 834
332 1449
332 1604
332 1963
333 544
333 1446
333 1931
334 511
335 584
335 704
335 862
335 954
335 1021
335 1317
335 1740
335 1896
336 1148
336 1270
336 1444
336 1663
337 453
337 1605
337 1971
338 442
338 647
338 816
338 853
338 1349
338 1635
338 1943
339 421
339 891
339 1159
339 1288
339 1928
340 1606
341 1302
341 1319
341 1753
342 417
342 486
342 773
342 1141
342 1292
342 1561
342 1564
342 1685
342 1810
343 891
344 675
344 1108
344 1202
344 1240
344 1263
344 1550
345 359
345 373
345 1324
345 1823
346 818
346 925
346 1410
347 687
347 727
347 1083
347 1260
347 1696
347 1746
347 1749
347 1870
348 574
348 724
348 851
348 1985
349 995
350 875
350 1139
350 1500
350 1585
350 1935
351 704
351 1265
351 1792
352 1703
352 1827
353 1415
353 1860
354 1029
354 1221
354 1271
355 434
355 647
356 391
356 872
356 1376
357 601
357 675
357 878
357 1056
357 1523
357 1887
358 1110
359 427
359 1334
359 1457
359 1493
359 1697
359 1725
359 1948
360 1626
360 1699
362 1174
363 1451
364 848
364 1005
364 1062
364 1355
365 1012
365 1405
365 1928
366 1009
366 1773
366 1862
367 451
367 1101
368 382
368 829
368 1847
369 421
369 480
369 557
369 1674
370 569
370 900
370 1357
370 1635
371 375
371 423
371 1064
371 1067
371 1465
371 1525
371 1629
372 1699
373 899
373 1438
373 1738
373 1806
374 1128
375 539
375 576
375 871
375 946
375 979
376 687
376 1143
376 1625
376 1719
377 572
377 791
377 935
377 1672
377 1719
377 1813
378 1211
378 1267
378 1933
379 798
379 841
380 415
380 844
380 989
380 1413
380 1545
380 1578
380 1606
381 1247
381 1510
382 686
382 942
382 948
382 1060
382 1310
383 630
383 1079
384 519
384 1047
384 1230
384 1632
385 1104
385 1144
385 1698
385 1940
386 603
386 1459
386 1952
387 1473
387 1807
387 1893
388 574
388 614
388 1431
388 1910
389 485
389 1151
389 1230
389 1322
389 1417
390 755
390 1266
390 1327
390 1335
390 1440
390 1874
390 1991
391 795
391 1114
391 1169
391 1429
391 1438
391 1776
393 931
394 933
394 1103
394 1932
395 555
395 715
395 820
395 944
395 1296
395 1653
396 850
396 856
396 1025
396 1145
396 1897
397 472
397 1291
398 1720
399 404
399 696
400 981
401 1336
401 1408
401 1441
402 705
402 886
402 1579
402 1685
402 1798
403 1414
404 483
404 699
404 1249
405 983
405 1208
405 1515
406 560
406 629
406 1800
406 1844
406 1878
407 458
407 732
407 1047
407 1593
407 1940
408 816
408 1037
408 1091
408 1276
408 1971
409 854
409 937
410 499
410 701
410 1573
411 482
411 989
411 1846
412 452
412 748
412 1547
413 1414
413 1437
414 450
414 1269
414 1325
414 1513
414 1681
415 593
415 849
415 1202
415 1293
415 1726
416 675
416 888
416 1192
417 1007
418 952
418 1178
418 1929
419 517
419 1765
420 617
420 691
420 1327
420 1359
421 611
421 612
421 1571
421 1596
422 827
423 1685
423 1686
423 1983
424 638
424 1925
425 619
425 1907
426 654
426 1241
426 1455
426 1634
426 1842
427 892
427 1432
428 737
428 805
428 806
428 809
428 846
429 640
429 692
429 703
429 1244
429 1324
429 1591
429 1657
430 440
430 787
430 1300
430 1402
430 1956
431 900
431 1701
432 831
432 838
432 858
432 1460
432 1836
433 870
433 1840
434 1161
434 1162
434 1234
435 1333
435 1864
436 1468
437 682
437 1016
437 1213
437 1372
437 1561
437 1568
438 798
438 844
438 907
438 1550
438 1726
439 1179
439 1864
440 554
440 816
440 1731
440 1804
440 1847
441 1811
441 1878
442 509
442 968
442 1080
442 1684
443 584
444 756
444 1659
445 456
445 888
445 1945
446 769
446 1941
447 1453
447 1623
447 1912
448 1465
449 1483
450 773
450 1312
451 1278
451 1921
452 592
452 804
452 1194
452 1741
453 1086
453 1663
454 455
454 477
454 520
454 1962
455 1970
456 636
456 1655
457 1284
457 1335
457 1351
457 1651
457 1746
458 1635
458 1792
459 873
459 952
459 956
459 974
459 1129
459 1558
460 667
460 1308
461 1392
461 1538
462 567
462 1628
462 1890
463 492
463 954
464 1071
464 1259
464 1770
464 1966
465 1474
465 1769
466 1567
466 1812
467 894
467 1343
467 1418
467 1522
467 1657
467 1698
468 953
468 1425
469 945
470 707
470 780
470 1182
470 1415
470 1545
470 1678
471 709
471 1075
472 965
472 1105
473 537
473 1810
474 593
474 939
474 1486
474 1976
475 611
475 1211
475 1480
477 513
477 719
477 1539
478 1551
478 1591
478 1825
478 1835
479 618
479 1935
480 686
480 1047
480 1229
481 1921
483 676
483 704
483 1391
483 1529
483 1799
484 1049
484 1069
484 1191
485 1393
485 1434
485 1448
485 1626
485 1632
485 1844
487 660
487 897
487 943
487 1075
487 1659
487 1713
487 1954
488 921
488 1167
488 1533
489 811
489 883
489 1240
489 1931
490 515
490 1584
491 740
491 1204
491 1613
492 1946
493 761
493 1138
493 1516
493 1629
494 794
494 888
494 1049
494 1425
494 1772
494 1922
495 817
496 773
496 1513
496 1936
497 568
497 779
497 837
497 951
497 1463
498 596
498 1036
498 1187
498 1377
498 1451
499 1116
499 1503
500 1673
501 895
502 1461
502 1909
503 518
503 655
503 1209
503 1257
503 1501
503 1587
503 1779
504 684
504 872
504 1063
504 1293
504 1651
504 1820
504 1956
505 670
505 1117
505 1409
506 976
506 1644
506 1696
507 921
507 1921
508 590
508 1720
508 1738
508 1982
509 1004
509 1341
510 714
510 774
510 996
510 1431
510 1826
510 1834
511 977
511 1278
511 1943
512 1424
513 1066
513 1578
513 1609
513 1978
514 835
515 756
515 1190
515 1910
516 639
516 1009
516 1304
516 1372
516 1844
517 910
517 922
517 938
517 1594
517 1688
517 1966
518 670
518 1285
518 1338
518 1356
518 1513
518 1571
519 523
519 915
519 1424
520 676
520 1546
521 589
521 895
521 1216
522 661
522 1066
522 1070
522 1204
522 1629
524 591
524 866
524 977
524 1453
525 593
525 598
526 625
526 822
526 961
526 1412
527 590
527 667
528 655
528 1729
529 837
529 1143
529 1275
530 577
530 615
530 819
530 874
530 1217
531 612
531 1075
531 1170
531 1359
531 1778
531 1850
531 1962
532 574
532 1320
533 1444
534 1431
534 1924
535 923
535 939
535 1126
535 1717
535 1899
536 633
536 1348
536 1465
538 720
538 913
538 1824
538 1955
539 613
539 1168
540 993
541 688
541 714
541 829
541 966
541 1218
542 710
542 1179
542 1243
542 1679
542 1694
543 661
543 1628
544 1371
544 1388
545 827
546 735
546 890
547 1745
548 606
548 1556
548 1927
549 552
549 928
550 598
550 924
551 916
551 1068
551 1126
551 1190
551 1269
551 1648
551 1748
552 676
552 866
552 1692
552 1733
553 953
553 1270
553 1643
553 1758
553 1896
553 1983
554 651
554 938
555 1066
555 1173
556 913
556 1288
556 1751
557 840
557 1132
557 1444
558 1418
558 1783
558 1956
559 1014
559 1356
559 1396
559 1440
559 1681
560 1323
560 1667
561 1179
561 1295
561 1877
562 886
563 933
564 1096
564 1940
565 1728
566 1104
566 1208
566 1224
566 1284
566 1613
566 1902
567 640
567 691
567 1050
567 1683
567 1868
567 1988
568 915
568 1713
569 695
569 769
569 1434
569 1647
569 1706
570 639
570 668
570 732
570 1403
570 1413
570 1568
571 606
571 754
571 930
571 935
571 1679
572 590
572 1560
573 1419
573 1718
573 1737
573 1879
574 600
574 1402
575 613
575 861
575 938
575 1397
575 1557
575 1894
576 711
576 799
576 1272
576 1341
576 1920
576 1976
577 837
577 1000
577 1764
577 1814
577 1891
577 1983
579 659
579 965
579 1013
579 1508
579 1511
579 1851
579 1912
581 591
581 684
581 770
581 1420
582 595
582 606
582 902
582 1221
582 1597
583 761
583 912
583 1184
583 1308
584 621
584 763
584 809
584 1018
584 1394
584 1450
584 1567
584 1601
584 1752
584 1873
584 1990
585 1339
585 1502
587 1754
588 617
588 1599
589 718
589 837
589 921
589 1889
589 1921
590 614
590 1305
590 1313
590 1458
590 1739
591 902
592 744
592 1078
592 1248
593 659
593 1222
593 1305
593 1498
594 849
594 1056
594 1147
594 1716
595 1171
595 1307
595 1456
596 858
596 1006
596 1191
596 1596
597 1077
598 1504
598 1639
599 1288
599 1301
599 1553
600 923
600 1571
601 631
601 822
601 1093
601 1312
601 1364
602 677
602 1042
602 1400
603 746
603 1218
603 1998
604 846
604 1478
605 1018
605 1187
605 1908
606 1038
607 750
607 1241
607 1640
607 1710
608 645
608 649
608 662
608 1953
609 847
609 1191
609 1659
609 1984
611 1063
611 1095
612 1381
612 1614
613 1338
615 971
615 1976
615 1994
616 1251
616 1414
617 903
617 964
617 1173
617 1719
617 1732
617 1886
617 1965
618 1819
619 1055
619 1344
620 1164
620 1980
621 1151
621 1195
622 826
622 1477
623 817
623 1330
623 1612
623 1769
624 859
624 1476
625 753
625 801
625 1059
625 1483
626 641
626 938
626 1785
627 1122
627 1891
628 811
628 1158
628 1327
628 1741
629 1075
629 1210
629 1439
629 1765
630 1443
630 1553
630 1584
630 1643
631 706
631 1177
631 1378
631 1865
632 985
633 740
634 851
634 885
634 1773
634 1886
634 1930
636 1497
636 1536
637 967
637 1292
637 1420
637 1738
638 662
638 1159
638 1250
638 1425
639 1182
639 1194
639 1253
640 856
640 1809
641 1110
641 1613
642 793
642 1218
642 1437
644 950
644 1088
645 741
645 1757
646 1698
647 755
647 1600
647 1788
647 1931
648 710
648 1051
648 1492
648 1650
648 1741
649 754
650 1378
651 952
652 1804
654 963
654 1303
654 1687
654 1820
654 1888
655 934
656 974
656 1136
657 777
657 803
657 1129
657 1381
657 1489
658 1306
659 1220
659 1499
659 1692
659 1889
660 738
660 811
660 1090
661 1409
662 1054
662 1258
662 1435
662 1582
662 1885
663 1319
663 1328
663 1411
664 800
664 831
665 1050
665 1582
665 1958
666 1247
666 1390
666 1802
666 1804
667 1289
667 1691
667 1700
667 1928
668 1193
668 1482
668 1595
668 1848
669 706
669 1421
670 740
670 850
670 961
670 1420
670 1587
671 808
671 1794
673 1055
673 1133
673 1464
673 1905
674 932
674 1151
674 1493
675 766
675 1014
675 1816
675 1861
676 708
676 714
676 1065
676 1358
676 1432
676 1989
677 1411
678 1725
679 748
679 987
679 1373
679 1493
680 711
680 1294
681 1387
681 1950
683 1164
683 1390
685 1395
685 1851
686 1280
686 1967
687 1186
687 1483
687 1904
687 1978
688 821
688 981
688 1186
688 1296
688 1436
688 1449
688 1454
688 1912
689 1664
690 804
690 1068
690 1651
690 1834
691 1042
691 1070
691 1305
691 1656
691 1711
692 893
692 1155
693 774
693 957
693 1932
694 828
694 1906
695 797
695 966
696 833
696 983
696 1400
696 1457
696 1753
696 1838
697 1281
697 1470
698 885
699 1021
699 1493
699 1965
700 840
700 1519
700 1636
701 874
701 977
701 1590
702 1079
702 1101
702 1202
702 1335
702 1575
702 1690
702 1815
702 1989
703 1900
704 706
704 897
704 1606
704 1649
704 1853
705 1482
705 1574
706 1009
706 1136
706 1157
706 1370
706 1371
707 960
708 1382
708 1402
708 1445
709 754
709 913
709 1204
710 1014
710 1418
710 1473
711 1371
711 1839
711 1958
712 969
712 1086
712 1784
713 836
713 1031
713 1563
713 1951
714 840
714 1505
714 1990
715 1745
716 1246
716 1910
716 1974
718 884
718 1535
718 1914
719 1063
719 1103
720 895
720 1114
720 1253
721 1210
721 1290
721 1527
722 1341
722 1955
723 1212
724 1297
724 1747
725 886
725 1176
725 1828
726 1074
726 1613
727 1159
727 1356
727 1386
727 1506
727 1984
728 1139
728 1230
728 1498
728 1911
729 840
729 1043
730 782
730 1105
731 795
731 859
731 970
731 1753
731 1823
731 1940
732 1289
732 1358
733 973
733 1185
733 1314
734 1500
734 1902
735 1514
736 849
736 1319
737 1149
737 1940
737 1968
738 1418
739 762
739 856
739 1072
739 1308
739 1332
739 1411
739 1500
739 1924
740 782
740 1053
740 1721
742 1963
743 830
743 941
743 1594
744 1057
745 1105
745 1599
746 1052
746 1056
747 862
747 1389
747 1424
747 1654
748 1149
748 1175
748 1861
750 1088
750 1623
751 1098
751 1104
751 1120
751 1562
752 1282
752 1583
752 1753
753 992
753 1232
753 1805
754 788
755 1506
755 1582
756 1406
756 1510
757 989
757 1018
757 1737
758 1006
759 1164
759 1443
759 1992
761 1532
761 1764
761 1812
762 1167
762 1582
762 1603
762 1694
763 868
763 1190
764 1095
764 1514
765 1343
765 1347
765 1744
767 1222
767 1554
768 1165
768 1459
769 1409
769 1696
769 1926
770 1611
770 1866
771 789
771 947
771 1007
771 1245
771 1304
771 1954
772 1620
772 1647
773 1435
773 1730
774 1027
774 1737
775 838
776 1189
777 905
777 1106
778 1531
778 1684
779 1638
780 950
780 1465
781 1614
782 1237
782 1757
782 1872
784 1103
784 1161
784 1715
784 1833
785 806
785 973
785 1249
785 1296
785 1301
785 1790
786 1440
787 1106
788 1166
788 1528
788 1616
788 1998
789 810
790 800
790 954
790 995
790 996
790 1002
790 1645
791 1026
792 1332
792 1394
792 1413
792 1598
792 1720
793 1171
793 1421
794 1050
794 1266
794 1377
795 890
796 957
796 1872
797 1072
798 1774
799 1097
799 1602
799 1937
800 1106
800 1360
800 1403
800 1523
801 1050
801 1291
801 1412
802 1450
802 1453
803 1074
803 1098
803 1921
804 1096
804 1331
804 1920
804 1960
805 1057
805 1497
806 1389
806 1464
807 1154
807 1360
807 1718
807 1928
808 886
808 890
808 923
808 953
808 1888
809 1805
810 819
810 1435
811 1292
812 1010
812 1082
812 1323
813 963
813 1522
815 1745
815 1928
816 1709
816 1920
816 1990
817 1855
818 883
818 914
818 1037
818 1097
818 1124
818 1692
819 873
819 1531
820 887
820 1103
821 1079
821 1108
821 1232
821 1293
821 1592
822 955
822 1527
823 1144
823 1167
823 1627
823 1964
824 1031
824 1349
824 1396
824 1401
824 1958
825 960
825 1864
825 1999
826 1240
827 910
827 1427
827 1431
829 915
829 1723
830 1331
830 1726
831 1546
832 1153
832 1631
832 1921
832 1922
833 979
833 1344
834 1068
834 1338
835 1534
835 1543
836 873
836 1308
836 1488
836 1713
836 1894
837 1114
837 1474
837 1894
838 1426
839 1248
839 1817
840 1125
840 1728
840 1814
841 1825
842 1487
843 1581
843 1624
843 1710
843 1795
844 1088
844 1574
845 1390
846 889
846 953
846 1778
847 875
847 1578
848 977
848 1209
848 1890
849 933
849 1016
849 1302
850 1065
850 1250
850 1427
850 1848
850 1939
851 1728
851 1910
852 1030
854 1974
855 1285
855 1401
856 1045
856 1118
857 1425
857 1494
857 1653
857 1656
858 928
858 1342
859 1086
859 1247
859 1266
859 1755
860 924
860 1488
860 1575
860 1597
861 1136
861 1532
861 1966
862 1763
863 1053
863 1405
863 1637
863 1749
864 1149
864 1352
864 1677
864 1828
865 886
865 1111
865 1166
865 1478
866 1688
866 1757
866 1758
867 871
867 920
867 1642
867 1718
868 949
868 1981
869 925
869 1826
869 1832
869 1940
869 1945
870 1310
870 1550
871 1267
871 1596
872 1293
872 1345
872 1998
873 1803
873 1844
874 1825
874 1985
875 1092
875 1860
877 905
877 1302
878 1046
878 1315
878 1438
878 1727
879 933
879 1066
879 1909
880 1008
882 1148
882 1627
883 940
883 1157
883 1218
883 1426
883 1809
884 1136
884 1227
884 1464
885 1440
886 1164
886 1223
886 1911
887 959
887 1612
887 1923
888 1303
888 1444
888 1541
888 1828
889 897
889 1248
889 1350
889 1398
889 1586
890 1525
891 1998
893 959
893 1403
893 1778
894 911
894 1108
895 984
895 1597
896 1249
896 1699
897 1302
897 1802
898 975
898 1101
899 1326
899 1531
900 1626
901 927
901 1036
901 1730
902 1067
902 1213
903 965
903 1067
903 1277
903 1311
904 1277
905 1146
905 1582
905 1979
905 1987
906 1528
906 1794
906 1843
907 1089
909 1071
909 1207
909 1309
909 1658
910 1337
910 1569
911 1012
911 1408
911 1849
911 2000
912 1452
912 1634
913 993
914 1063
915 941
915 1654
916 1190
916 1277
916 1406
916 1516
918 1286
918 1320
918 1358
918 1546
918 1598
920 1120
920 1666
921 1187
922 1909
924 935
924 1503
924 1840
925 1221
925 1245
925 1400
926 1425
926 1614
927 1649
927 1794
929 1156
929 1251
929 1394
929 1767
929 1930
930 1159
930 1543
930 1862
931 1438
933 1415
934 1975
935 1179
935 1873
936 1980
937 1819
937 1894
938 1092
939 1895
940 1294
940 1900
941 1005
941 1249
941 1453
941 1470
941 1758
941 1873
942 1203
942 1212
942 1838
943 1082
943 1500
944 1357
944 1864
947 1609
948 1005
948 1023
948 1160
948 1634
948 1650
949 1508
950 1260
952 1084
952 1117
953 1303
954 1558
954 1739
954 1941
956 1010
956 1217
956 1285
956 1429
956 1688
957 992
957 1058
957 1760
959 1453
960 1901
961 1159
961 1321
961 1655
962 1163
962 1550
962 1754
963 1071
963 1282
963 1971
964 1130
964 1439
964 1533
965 1181
965 1442
965 1908
965 1958
965 1980
967 1512
967 1879
968 985
968 1111
968 1211
968 1243
968 1551
968 1824
969 1074
969 1464
969 1521
969 1933
969 1985
970 1170
970 1213
970 1901
973 1449
973 1560
973 1632
974 1258
974 1550
975 1627
976 1233
976 1731
976 1887
976 1928
976 1953
977 1470
978 1028
979 1551
980 1928
981 1082
981 1135
981 1207
981 1288
981 1787
982 1155
982 1882
983 1046
983 1261
984 1891
985 1143
985 1337
985 1445
985 1596
985 1965
987 1175
987 1433
987 1557
988 1218
988 1396
989 994
989 1669
990 1069
990 1079
990 1346
991 1277
992 1762
992 1769
993 1549
993 1864
993 1948
994 1119
994 1232
994 1235
994 1708
995 1111
995 1133
995 1712
996 1619
997 1020
997 1066
997 1764
998 1131
998 1225
998 1780
999 1954
1000 1452
1000 1762
1000 1941
1001 1201
1001 1464
1002 1538
1003 1304
1003 1383
1003 1432
1005 1448
1006 1162
1006 1283
1006 1872
1007 1124
1007 1398
1007 1438
1008 1644
1009 1253
1009 1336
1010 1291
1010 1578
1010 1827
1010 1904
1010 1934
1011 1067
1011 1268
1011 1825
1011 1969
1012 1579
1013 1138
1013 1822
1013 1851
1014 1458
1014 1646
1015 1590
1016 1201
1016 1599
1017 1203
1017 1914
1018 1760
1019 1206
1019 1640
1019 1885
1020 1436
1020 1647
1021 1374
1023 1801
1025 1029
1025 1248
1025 1353
1025 1726
1026 1895
1027 1675
1028 1048
1028 1464
1029 1390
1029 1960
1030 1699
1030 1783
1030 1835
1031 1181
1031 1476
1031 1566
1031 1613
1032 1209
1032 1250
1032 1598
1033 1841
1034 1215
1034 1665
1035 1051
1035 1464
1035 1874
1036 1355
1037 1463
1038 1117
1038 1947
1041 1324
1041 1333
1041 1861
1042 1408
1042 1841
1043 1672
1044 1579
1045 1606
1046 1298
1047 1496
1047 1969
1048 1211
1048 1630
1048 1690
1049 1055
1049 1060
1049 1277
1050 1396
1050 1599
1050 1616
1051 1176
1051 1527
1051 1823
1053 1447
1053 1968
1054 1376
1054 1755
1054 1791
1054 1950
1055 1351
1056 1064
1056 1754
1057 1208
1058 1196
1058 1873
1060 1393
1060 1606
1062 1163
1064 1476
1066 1128
1066 1460
1066 1511
1067 1684
1067 1969
1068 1385
1068 1992
1069 1360
1069 1601
1069 2000
1070 1989
1071 1083
1071 1428
1071 1435
1072 1232
1072 1906
1073 1546
1073 1584
1074 1211
1074 1230
1074 1428
1074 1600
1074 1695
1075 1460
1076 1458
1076 1890
1076 1980
1077 1142
1077 1629
1078 1193
1079 1626
1080 1461
1080 1865
1081 1442
1081 1480
1083 1623
1083 1883
1084 1964
1085 1440
1085 1771
1086 1221
1086 1301
1087 1531
1088 1648
1089 1232
1089 1249
1089 1452
1089 1601
1090 1720
1092 1326
1094 1188
1094 1279
1094 1624
1095 1342
1095 1493
1095 1885
1096 1479
1097 1190
1097 1420
1097 1554
1099 1268
1099 1759
1099 1809
1099 1943
1100 1456
1101 1172
1101 1527
1102 1425
1102 1613
1103 1231
1103 1625
1104 1359
1104 1442
1105 1522
1105 1724
1105 1950
1107 1700
1107 1806
1108 1394
1108 1995
1110 1157
1110 1976
1111 1242
1112 1639
1115 1312
1115 1495
1115 1963
1116 1442
1117 1473
1117 1644
1117 1665
1118 1436
1118 1771
1119 1165
1119 1609
1120 1356
1120 1406
1120 1569
1121 1300
1122 1433
1122 1958
1124 1197
1124 1271
1124 1724
1125 1432
1125 1620
1125 1871
1126 1341
1126 1469
1127 1554
1127 1653
1128 1998
1129 1438
1129 1752
1130 1366
1130 1439
1130 1751
1131 1324
1132 1810
1133 1306
1133 1947
1133 1980
1135 1513
1137 1878
1138 1244
1140 1219
1140 1432
1140 1946
1141 1200
1141 1287
1141 1295
1141 1404
1141 1610
1142 1161
1142 1870
1143 1588
1143 1655
1147 1540
1148 1938
1149 1153
1150 1236
1150 1727
1150 1796
1151 1219
1151 1327
1151 1861
1151 1876
1152 1697
1153 1791
1153 1983
1154 1822
1155 1205
1155 1269
1157 1433
1158 1238
1158 1843
1159 1308
1159 1752
1160 1810
1160 1875
1160 1946
1161 1267
1161 1334
1163 1697
1163 1794
1166 1178
1166 1368
1166 1440
1167 1244
1167 1709
1167 1996
1168 1707
1168 1791
1169 1188
1169 1742
1169 1912
1170 1374
1171 1334
1172 1238
1174 1280
1174 1726
1176 1601
1176 1695
1177 1576
1177 1837
1178 1810
1179 1436
1179 1842
1180 1285
1180 1349
1183 1501
1184 1884
1185 1822
1185 1832
1186 1203
1186 1298
1186 1850
1186 1859
1186 1949
1187 1226
1187 1765
1187 2000
1188 1601
1190 1268
1190 1286
1190 1322
1191 1335
1191 1807
1191 1933
1192 1489
1192 1710
1193 1410
1193 1999
1194 1310
1195 1706
1195 1816
1196 1375
1196 1554
1197 1417
1197 1555
1197 1719
1198 1443
1198 1870
1199 1467
1199 1699
1201 1447
1201 1502
1201 1687
1201 1816
1202 1288
1204 1342
1204 1568
1204 1577
1205 1367
1206 1674
1206 1800
1206 1974
1208 1225
1208 1293
1208 1834
1209 1265
1209 1711
1209 1928
1209 1930
1210 1256
1213 1634
1214 1698
1214 1979
1217 1419
1217 1541
1218 1558
1218 1674
1218 1868
1219 1763
1219 1810
1220 1549
1221 1425
1221 1707
1221 1773
1222 1392
1222 1994
1224 1600
1224 1827
1225 1414
1225 1624
1226 1229
1226 1570
1228 1663
1228 1990
1229 1755
1230 1273
1231 1533
1231 1762
1231 1904
1232 1434
1232 1569
1233 1750
1233 1974
1235 1829
1236 1567
1236 1723
1237 1534
1237 1736
1237 1857
1238 1428
1238 1744
1238 1825
1239 1840
1240 1341
1240 1416
1240 1779
1240 1785
1241 1271
1241 1783
1244 1306
1244 1329
1245 1610
1245 1751
1246 1678
1246 1994
1248 1931
1249 1316
1249 1573
1250 1379
1252 1504
1253 1635
1257 1298
1257 1805
1258 1552
1258 1674
1258 1983
1259 1550
1259 1637
1259 1767
1259 1874
1259 1885
1261 1388
1261 1549
1261 1578
1261 1808
1261 1866
1261 1881
1263 1527
1263 1546
1263 1634
1263 1989
1265 1374
1265 1776
1266 1391
1266 1448
1266 1674
1267 1397
1268 1985
1269 1880
1270 1465
1270 1518
1270 1647
1271 1498
1272 1280
1272 1306
1272 1418
1272 1568
1273 1572
1274 1673
1275 1319
1275 1744
1275 1940
1276 1681
1277 1910
1278 1377
1279 1309
1279 1333
1279 1905
1280 1686
1280 1690
1280 1874
1282 1616
1282 1626
1284 1689
1285 1324
1285 1984
1286 1501
1286 1971
1287 1897
1288 1537
1289 1312
1290 1911
1291 1510
1292 1370
1293 1927
1294 1981
1296 1373
1296 1908
1297 1659
1297 1724
1298 1318
1298 1979
1299 1699
1299 1919
1300 1513
1300 1780
1301 1464
1301 1592
1301 1632
1301 1901
1302 1678
1302 1738
1304 1373
1305 1398
1305 1526
1306 1536
1306 1773
1307 1487
1308 1856
1309 1401
1309 1701
1310 1337
1310 1677
1311 1471
1311 1727
1312 1375
1313 1756
1314 1426
1314 1769
1317 1813
1318 1457
1318 1554
1318 1672
1320 1532
1320 1553
1321 1425
1323 1991
1324 1656
1325 1709
1327 1437
1328 1529
1329 1516
1329 1794
1330 1379
1330 1415
1331 1343
1331 1609
1332 1483
1334 1664
1334 1743
1335 1932
1336 1500
1337 1390
1337 1806
1337 1950
1339 1360
1339 1362
1339 1441
1340 1473
1340 1702
1340 1975
1341 1641
1343 1794
1343 1998
1346 1911
1347 1943
1348 1863
1349 1475
1350 1767
1350 1785
1351 1953
1352 1457
1352 1559
1353 1585
1354 1564
1354 1754
1354 1820
1355 1650
1355 1660
1356 1892
1357 1726
1357 1748
1358 1822
1360 1387
1361 1664
1361 1686
1361 2000
1362 1905
1362 1909
1363 1664
1363 1679
1363 1897
1363 1928
1364 1384
1364 1773
1365 1489
1366 1770
1367 1489
1367 1614
1367 1706
1367 1737
1367 1827
1367 1869
1369 1698
1372 1689
1373 1393
1373 1567
1373 1710
1374 1397
1374 1586
1376 1924
1377 1520
1377 1914
1378 1394
1378 1584
1378 1614
1379 1603
1380 1472
1382 1485
1382 1519
1383 1686
1384 1416
1384 1524
1384 1605
1384 1854
1385 1830
1386 1657
1386 1699
1387 1840
1388 1555
1390 1568
1391 1471
1391 1495
1391 1783
1391 1917
1393 1606
1395 1575
1395 1721
1396 1611
1396 1646
1396 1787
1396 1798
1396 1970
1397 1511
1397 1941
1400 1533
1402 1896
1404 1846
1405 1466
1405 1880
1405 1962
1406 1632
1406 1927
1407 1716
1407 1763
1408 1573
1408 1734
1410 1576
1410 1885
1410 1954
1411 1763
1411 1986
1412 1557
1413 1568
1414 1580
1414 1757
1415 1443
1417 1493
1417 1989
1418 1496
1418 1757
1419 1912
1420 1750
1420 1753
1420 1830
1422 1553
1424 1523
1424 1825
1425 1535
1425 1715
1428 1829
1429 1444
1429 1759
1429 1862
1430 1996
1431 1587
1432 1643
1434 1553
1434 1730
1434 1758
1434 1819
1437 1890
1437 1995
1437 1999
1438 1918
1439 1938
1440 1485
1440 1924
1441 1588
1441 1821
1442 1473
1442 1796
1443 1548
1445 1480
1445 1529
1445 1559
1445 1742
1446 1970
1447 1746
1449 1908
1455 1491
1455 1543
1456 1659
1456 1682
1456 1716
1457 1818
1458 1460
1459 1510
1459 1953
1460 1709
1461 1651
1465 1617
1466 1825
1466 1974
1467 1683
1468 1550
1468 1732
1468 1990
1470 1597
1470 1666
1470 1975
1471 1509
1472 1906
1473 1740
1473 1855
1476 1646
1476 1832
1476 1911
1478 1604
1478 1661
1479 1544
1480 1542
1482 1821
1482 1988
1483 1763
1483 1962
1485 1749
1485 1806
1486 1737
1487 1913
1489 1539
1491 1894
1492 1736
1493 1591
1493 1604
1493 1708
1494 1804
1496 1961
1497 1506
1497 1894
1497 1911
1500 1891
1501 1569
1501 1576
1503 1791
1507 1677
1507 1684
1507 1938
1508 1956
1509 1589
1509 1641
1509 1732
1514 1881
1515 1680
1517 1621
1519 1743
1520 1657
1520 1714
1520 1861
1522 1636
1523 1990
1524 1816
1525 1543
1525 1567
1525 1658
1525 1686
1527 1663
1528 1772
1528 1930
1529 1629
1529 1923
1530 1936
1531 1769
1531 1947
1532 1784
1536 1644
1536 1872
1536 1977
1536 1993
1539 1552
1539 1871
1539 1897
1539 1905
1541 1920
1542 1908
1546 1808
1546 1985
1546 1993
1547 1780
1548 1956
1550 1574
1550 1736
1550 1984
1551 1977
1557 1950
1559 1652
1559 1872
1560 1882
1561 1788
1562 1743
1564 1739
1564 1884
1566 1602
1566 1662
1566 1960
1567 1780
1569 1662
1569 1681
1571 1786
1571 1874
1571 1931
1573 1759
1576 1953
1577 1829
1578 1877
1581 1833
1583 1668
1583 1990
1584 1730
1584 1947
1586 1787
1589 1904
1590 1991
1594 1878
1594 1948
1595 1827
1596 1776
1596 1952
1597 1941
1598 1664
1599 1796
1600 1614
1601 1677
1601 1786
1602 1664
1602 1883
1603 1725
1603 1746
1606 1991
1607 1738
1608 1678
1608 1934
1609 1729
1611 1617
1611 1879
1613 1757
1614 1665
1614 1875
1615 1966
1616 1727
1617 1887
1618 1771
1619 1775
1619 1827
1619 1883
1619 1930
1621 1933
1623 1807
1625 1682
1625 1866
1627 1964
1628 1987
1629 1700
1629 1708
1631 1854
1632 1993
1633 1771
1635 1924
1638 1649
1639 1716
1639 1778
1640 1752
1640 1837
1640 1926
1641 1645
1642 1761
1643 1884
1644 1684
1645 1647
1647 1806
1647 1816
1650 1931
1651 1946
1653 1745
1653 1938
1660 1675
1660 1914
1661 1835
1664 1786
1665 1864
1665 1936
1667 1980
1668 1704
1669 1731
1669 1996
1674 1930
1675 1724
1675 1733
1676 1690
1677 1767
1677 1920
1682 1952
1682 1985
1683 1696
1683 1858
1685 1697
1686 1933
1690 1939
1693 1763
1695 1780
1700 1896
1701 1918
1703 1849
1706 1973
1708 1806
1710 1860
1712 1765
1717 1879
1721 1984
1725 1874
1728 1925
1730 1949
1733 1761
1733 1945
1734 1802
1737 1969
1739 1936
1742 1930
1742 1992
1743 1987
1744 1828
1745 1783
1746 1787
1747 1970
1748 1851
1748 1853
1748 1963
1753 1845
1754 1966
1754 1979
1756 1831
1759 1905
1759 1941
1760 1950
1761 1913
1762 1854
1764 1902
1768 1832
1771 1855
1772 1984
1773 1795
1774 1891
1775 1865
1775 1975
1776 1850
1776 1951
1782 1935
1783 1913
1783 1920
1783 1995
1786 1809
1787 1964
1788 1951
1789 1995
1790 1933
1791 1912
1797 1963
1798 1973
1801 1958
1803 1817
1804 1895
1806 1961
1807 1823
1818 1934
1822 1923
1823 1831
1825 1888
1827 1946
1828 1994
1830 1945
1830 1993
1832 1865
1834 1980
1837 1974
1841 1890
1842 1971
1843 1863
1843 1960
1848 1897
1854 1965
1855 1967
1855 1971
1857 1890
1866 1903
1873 1874
1874 1897
1878 1995
1879 1969
1884 1984
1886 1891
1892 1975
1894 1914
1894 1987
1913 1966
1922 1930
1947 1961
1954 1981