2000
1 718
1 755
1 1165
1 1567
2 200
2 1157
2 1962
3 381
3 389
3 640
3 766
3 823
3 1239
3 1943
4 413
4 414
4 711
4 1199
4 1330
4 1668
5 329
5 571
5 663
5 1133
5 1761
6 31
6 325
6 443
6 524
6 965
6 1147
6 1576
6 1716
6 1899
7 414
7 854
7 873
7 1006
7 1189
7 1225
7 1878
8 35
8 412
8 427
8 447
8 492
8 624
8 830
8 1608
8 1810
8 1875
9 93
9 171
9 607
9 1739
9 1903
10 100
10 180
10 486
10 666
10 795
10 877
10 953
10 1142
10 1239
11 676
11 685
11 718
11 1329
11 1687
11 1935
11 1992
12 18
12 119
12 267
12 273
12 537
12 1271
12 1856
12 1966
13 329
13 518
13 707
13 1108
13 1869
14 94
14 254
14 268
14 484
14 1394
14 1468
14 1716
15 126
15 185
15 392
15 462
15 850
15 952
15 969
15 1037
15 1583
15 1900
16 203
16 784
16 1096
16 1499
16 1683
16 1816
17 449
17 466
17 476
17 558
17 841
17 1095
17 1122
17 1459
17 1911
17 1997
18 137
18 256
18 1247
18 1450
18 1866
18 1987
19 57
19 98
19 321
19 578
19 1179
19 1245
19 1658
20 311
20 401
20 505
20 652
20 847
20 1574
20 1836
20 1865
20 1980
21 278
21 503
21 784
21 834
21 966
21 1489
21 1702
21 1846
22 296
22 1178
22 1368
22 1516
22 1518
22 1568
22 1575
23 584
23 1365
23 1627
23 1692
23 1718
23 1812
24 129
24 360
24 571
24 633
24 910
24 1017
24 1195
24 1734
24 1789
24 1851
25 86
25 657
25 927
25 1619
25 1771
25 1842
25 1860
26 349
26 489
26 773
26 876
26 889
26 1403
26 1680
26 1753
26 1981
27 1512
27 1651
27 1817
27 1860
27 1936
27 1951
28 138
28 193
28 610
28 653
28 671
28 883
28 949
28 1128
28 1270
28 1353
28 1510
29 685
29 821
29 1319
29 1537
29 1561
30 228
30 694
30 950
30 1140
30 1201
30 1202
30 1226
30 1613
30 1850
30 1936
31 794
31 968
31 1076
31 1410
31 1968
32 265
32 321
32 631
32 736
32 931
32 1095
32 1445
32 1792
32 1826
32 1836
33 154
33 387
33 441
33 582
33 783
33 836
33 1112
33 1135
33 1278
33 1913
34 268
34 291
34 476
34 623
34 708
34 798
34 989
34 1123
34 1624
34 1902
35 552
35 662
35 732
35 755
35 774
35 969
35 990
35 1127
35 1731
36 135
36 462
36 524
36 639
36 949
36 1069
36 1307
36 1779
37 393
37 564
37 970
37 1457
37 1744
38 117
38 528
38 607
38 639
38 702
38 1603
38 1813
39 290
39 301
39 448
39 650
39 657
39 658
39 731
39 1045
39 1055
39 1372
39 1525
40 349
40 492
40 646
40 693
40 998
40 1373
40 1426
40 1428
40 1804
40 1944
41 319
41 429
41 443
41 1420
42 100
42 107
42 207
42 581
42 682
42 1367
42 1644
42 1647
42 1649
42 1886
43 111
43 284
43 839
43 1068
43 1148
43 1377
44 89
44 197
44 464
44 565
44 806
44 916
44 1001
44 1173
44 1181
44 1637
45 407
45 626
45 1003
45 1305
45 1348
45 1531
45 1633
45 1646
46 124
46 238
46 263
46 471
46 622
46 763
46 799
46 1323
46 1624
46 1793
46 1867
47 511
47 552
47 734
47 832
47 1238
47 1375
47 1922
47 1991
48 292
48 678
48 1077
48 1941
48 1998
49 82
49 115
49 965
49 967
49 973
49 1040
49 1595
49 1847
50 140
50 328
50 602
50 632
50 1362
50 1467
50 1637
50 1638
50 1974
51 133
51 659
51 1000
51 1467
51 1528
51 1643
51 1876
52 404
52 407
52 497
52 791
52 1268
52 1998
53 430
53 785
53 1342
54 596
54 836
54 1419
54 1638
54 1640
54 1878
55 192
55 487
55 503
55 539
55 734
55 998
55 1278
55 1296
56 435
56 1300
56 1541
56 1831
56 1841
57 273
57 282
57 727
57 828
57 870
57 987
57 1194
57 1637
58 102
58 114
58 117
58 242
58 519
58 630
58 675
58 679
58 1244
59 132
59 275
59 501
59 1152
59 1385
59 1416
59 1600
59 1620
59 1850
60 204
60 749
60 964
60 1796
60 1991
61 732
61 1133
61 1260
62 198
62 438
62 511
62 538
62 558
62 973
62 1158
62 1250
62 1766
63 542
63 943
63 1214
63 1524
63 1865
63 1969
64 103
64 587
64 1760
65 456
65 531
65 608
65 629
65 810
65 1736
65 1771
65 1975
66 184
66 202
66 468
66 508
66 913
66 949
66 1039
66 1325
66 1627
66 1713
66 1865
67 284
67 330
67 366
67 790
67 872
67 1213
67 1231
67 1470
67 1869
68 128
68 194
68 541
68 936
68 1149
68 1173
68 1239
68 1262
68 1415
68 1618
68 1682
68 1713
69 494
69 617
69 749
69 785
69 1256
69 1280
69 1508
69 1735
70 479
70 829
70 863
70 1016
70 1080
70 1180
70 1702
70 1774
71 469
71 614
71 870
71 964
71 1049
71 1209
72 162
72 331
72 492
72 562
72 1103
72 1230
72 1361
72 1510
72 1522
73 438
73 1568
74 105
74 281
74 504
74 910
74 957
74 959
74 1366
74 1468
74 1480
74 1787
75 94
75 133
75 294
75 861
75 1560
75 1689
76 175
76 293
76 311
76 533
76 1400
77 214
77 785
77 885
77 910
77 1184
77 1356
77 1813
77 1919
78 470
78 759
78 953
78 1170
78 1786
78 1857
78 1874
78 1881
79 247
79 375
79 970
79 1202
80 174
80 400
80 536
80 771
80 1307
81 177
81 207
81 418
81 431
81 467
81 530
81 788
81 794
81 817
82 378
82 488
82 1851
83 111
83 326
83 959
83 1773
83 1912
84 201
84 473
84 1028
84 1555
85 514
85 544
85 741
85 746
85 894
85 1018
86 150
86 319
86 360
86 491
86 656
86 676
86 800
86 897
86 931
86 1539
86 1672
86 1878
86 1916
87 494
87 928
87 1848
88 342
88 584
88 786
88 922
88 1314
88 1508
88 1579
88 1684
89 484
89 575
89 1329
90 103
90 119
90 310
90 476
90 496
90 863
90 912
90 1104
90 1140
90 1154
90 1195
90 1352
90 1369
90 1558
90 1809
90 1991
91 117
91 184
91 923
91 975
91 1159
91 1554
91 1872
92 305
92 965
93 453
93 743
93 1828
94 818
94 1460
95 165
95 332
95 376
95 439
95 563
95 1012
95 1042
95 1714
96 206
96 589
96 646
96 798
96 1098
96 1428
96 1437
96 1721
96 1911
97 159
97 493
97 528
97 787
97 833
97 858
97 1118
97 1163
97 1203
97 1231
97 1516
98 310
98 1075
98 1213
98 1387
98 1412
99 195
99 868
99 984
100 304
100 424
100 1120
100 1457
100 1631
100 1670
100 1749
101 121
101 610
101 661
101 748
101 787
101 966
101 1340
101 1678
101 1708
102 517
102 648
102 988
102 1129
102 1390
102 1674
102 1778
103 237
103 286
103 648
103 1526
103 1602
104 557
104 1041
104 1177
104 1349
104 1385
104 1701
104 1737
105 430
105 1030
105 1337
105 1705
105 1903
106 121
106 154
106 1912
107 321
107 455
107 735
107 1002
107 1274
107 1554
107 1846
108 163
108 291
108 625
108 1170
108 1232
108 1498
108 1720
108 1727
108 1776
109 353
109 440
109 449
109 755
109 1065
109 1106
109 1247
109 1453
109 1524
109 1766
109 1833
110 472
110 1145
110 1202
110 1330
110 1521
110 1589
110 1828
111 283
111 346
111 359
111 444
111 1047
111 1152
111 1157
111 1782
112 588
112 727
112 1447
112 1748
113 596
113 864
113 1015
113 1135
113 1426
113 1724
113 1777
113 1894
114 402
114 580
114 601
114 755
114 762
114 835
114 1247
114 1312
114 1436
114 1500
114 1937
115 138
115 200
115 220
115 223
115 303
115 794
115 1314
115 1370
116 284
116 823
116 863
116 1216
116 1906
116 1927
116 1989
117 302
117 507
117 767
117 1035
117 1201
117 1285
117 1409
118 1076
118 1088
118 1277
118 1815
118 1900
118 1911
118 1920
119 217
119 222
119 570
119 573
119 664
119 791
119 816
119 928
119 966
119 1002
119 1339
119 1917
120 484
120 503
120 536
120 651
120 820
120 857
120 937
120 1053
120 1560
120 1864
120 1883
121 217
121 268
121 421
121 436
121 1980
122 173
122 294
122 594
122 696
122 773
122 1866
123 555
123 897
123 936
123 1075
123 1730
123 1909
124 997
124 1490
124 1510
124 1631
124 1965
125 433
125 1642
125 1698
125 1827
125 1954
126 252
126 340
126 734
126 746
126 1171
126 1366
126 1620
127 381
127 875
127 998
127 1070
127 1190
127 1198
128 256
128 571
128 673
128 778
128 825
128 877
128 1458
128 1712
129 408
129 597
129 716
129 758
129 985
129 1069
129 1078
129 1139
129 1318
129 1711
130 293
130 378
130 463
130 647
130 829
130 1095
130 1403
130 1906
131 213
131 277
131 509
131 572
131 604
131 694
131 804
131 1433
131 1653
131 1869
131 1958
132 640
132 648
132 713
132 842
132 908
132 992
132 1118
132 1266
132 1443
132 1802
132 1918
133 443
133 551
133 570
133 1436
133 1773
134 359
134 399
134 434
134 475
134 716
134 979
134 1443
134 1465
134 1467
134 1531
135 263
135 289
135 331
135 621
135 712
135 863
135 1056
135 1479
135 1648
135 1651
135 1778
135 1813
136 423
136 500
136 548
136 785
136 908
136 1125
136 1186
136 1331
136 1579
136 1596
136 1625
136 1785
137 295
137 577
137 595
137 636
137 891
137 950
137 1152
137 1333
137 1335
137 1394
137 1671
138 237
138 488
138 861
138 1308
138 1713
139 408
139 1206
139 1510
139 1667
139 1717
139 1901
140 996
140 1081
140 1250
140 1613
141 545
141 1005
141 1335
141 1382
141 1896
142 560
142 591
142 1653
142 1837
142 1936
143 146
143 243
143 481
143 507
143 588
143 641
143 992
143 1042
143 1143
143 1275
143 1306
143 1657
143 1813
143 1918
144 612
144 889
144 1131
144 1551
144 1582
144 1690
144 1808
144 1886
145 259
145 298
145 429
145 487
145 759
145 878
145 951
145 1015
145 1637
145 1685
145 1698
145 1742
146 266
146 310
146 778
146 878
146 980
146 1131
146 1415
146 1476
146 1522
146 1604
146 1882
147 555
147 865
147 907
147 1092
147 1199
147 1444
147 1769
148 191
148 575
148 850
148 1369
148 1927
149 262
149 582
149 911
149 1663
149 1998
150 236
150 380
150 422
150 766
150 1116
150 1457
150 1555
150 1708
150 1853
150 1863
151 252
151 326
151 476
151 555
151 653
151 731
151 790
151 1258
151 1456
151 1725
151 1755
151 1841
152 281
152 375
152 1342
153 201
153 241
153 395
153 1013
153 1691
153 1807
154 260
154 1253
154 1293
154 1485
154 1743
155 798
155 982
155 1414
155 1603
155 1973
156 347
156 654
156 826
156 1147
156 1196
156 1628
157 230
157 356
157 1033
158 451
158 647
158 806
158 1177
158 1587
158 1593
158 1842
158 1967
159 362
159 843
159 1020
159 1615
159 1616
159 1798
159 1928
159 1969
160 677
160 1154
160 1238
160 1483
160 1527
160 1758
161 555
161 1146
161 1221
161 1472
161 1666
161 1790
162 163
162 231
162 268
162 342
162 368
162 646
162 891
162 1172
162 1615
162 1642
162 1736
163 581
163 842
163 869
163 1102
163 1280
163 1408
163 1750
163 1791
164 426
164 561
164 679
164 877
164 914
164 946
164 1080
164 1264
164 1276
164 1851
165 668
165 711
165 749
165 1112
165 1292
165 1417
165 1585
165 1730
165 1849
165 1977
166 284
166 418
166 666
166 1192
166 1236
166 1252
166 1468
166 1656
166 1954
167 705
167 1020
167 1244
167 1682
167 1689
167 1794
167 1915
168 314
168 834
168 987
169 357
169 482
169 614
169 1039
169 1113
169 1928
170 251
170 614
170 737
170 919
170 1081
170 1990
171 232
171 811
171 913
171 1089
171 1097
171 1226
171 1426
172 274
172 480
172 859
172 937
172 1378
172 1786
173 176
173 208
173 233
173 235
173 253
173 521
173 877
173 1163
173 1234
173 1277
173 1561
173 1640
173 1787
174 195
174 722
174 781
174 1602
175 235
175 331
175 1072
175 1308
175 1348
176 358
176 1014
176 1611
177 687
177 835
177 876
177 1020
177 1029
177 1066
178 301
178 401
178 563
178 754
178 820
178 823
178 861
178 1016
178 1590
178 1649
178 1731
178 1778
179 411
179 1347
179 1543
179 1634
180 247
180 354
180 620
180 657
180 952
180 1435
180 1620
180 1916
181 183
181 1729
182 352
182 457
182 1537
182 1796
183 997
183 1153
183 1947
184 564
184 614
184 893
184 1098
184 1363
185 304
185 519
185 529
185 573
185 1042
185 1161
185 1234
185 1302
185 1743
186 385
186 688
186 1009
186 1147
187 210
187 276
187 454
187 661
187 1509
187 1548
187 1760
187 1804
187 1969
188 527
188 1088
188 1143
188 1164
188 1298
188 1832
189 435
189 545
189 743
189 819
189 1111
189 1131
189 1559
189 1605
190 1220
190 1318
190 1442
190 1741
191 251
191 253
191 508
191 896
191 1111
191 1416
191 1505
191 1825
192 846
192 918
192 983
192 1342
192 1549
192 1715
193 313
193 631
193 788
193 1057
193 1788
194 296
194 569
194 722
194 745
194 893
194 1116
194 1153
194 1365
194 1462
194 1574
194 1806
195 298
195 346
195 870
195 977
195 1670
196 549
196 781
196 1691
196 1698
196 1909
196 1964
197 365
197 623
197 850
197 1030
197 1110
197 1244
198 424
198 579
198 1381
198 1476
199 200
199 313
199 1036
199 1124
199 1168
199 1214
199 1490
199 1588
199 1791
200 270
200 387
200 471
200 481
200 546
200 755
200 975
200 1310
200 1406
200 1584
200 1687
201 1008
201 1413
201 1506
201 1596
201 1968
202 682
202 795
202 813
202 851
202 935
202 952
202 1081
202 1302
202 1371
202 1476
203 262
203 277
203 712
203 1056
203 1311
203 1687
203 1839
204 232
204 642
204 718
204 724
204 1370
204 1513
205 244
205 403
205 990
205 1034
205 1080
205 1616
205 1822
206 341
206 908
206 923
206 1221
206 1358
206 1609
207 217
207 496
207 610
207 1147
207 1562
208 349
208 396
208 511
208 589
208 630
208 981
208 1206
209 534
209 1638
210 379
210 626
210 629
210 807
210 876
210 991
210 1185
210 1676
210 1845
210 1850
210 1994
211 323
211 550
211 1437
211 1787
212 229
212 328
212 417
212 465
212 711
212 776
212 1848
212 1920
213 303
213 616
213 849
213 1059
213 1827
214 241
214 459
214 628
214 791
214 1628
214 1984
215 879
215 1553
215 1980
216 422
216 563
216 711
216 898
216 1124
216 1230
216 1281
216 1292
216 1536
217 1273
217 1428
217 1574
217 1739
218 242
218 730
218 1458
218 1792
218 1903
219 276
219 352
219 443
219 1368
219 1898
219 1927
219 1928
220 279
220 687
220 697
220 958
220 1070
220 1210
220 1404
220 1468
220 1705
220 1766
221 293
221 516
221 608
221 900
221 968
221 979
221 1175
221 1285
221 1402
221 1728
221 1823
221 1882
222 592
222 861
222 865
222 1063
222 1082
222 1115
222 1360
222 1608
222 1887
223 566
223 937
223 954
223 1018
223 1536
224 299
224 885
224 928
224 1122
224 1400
224 1625
224 1641
224 1718
224 1882
225 350
225 362
225 720
225 932
225 1017
225 1052
225 1418
226 285
226 1189
226 1286
226 1295
226 1596
227 736
227 1042
227 1134
227 1355
227 1356
227 1448
227 1509
227 1541
228 468
228 1596
228 1837
228 1970
229 656
229 727
229 788
229 854
229 889
229 1444
229 1480
229 1551
230 252
230 329
230 393
230 866
230 1519
230 1723
231 239
231 419
231 550
231 554
231 780
231 1747
231 1791
232 362
232 456
232 526
232 774
232 804
232 897
232 1090
232 1187
232 1216
232 1303
232 1307
232 1520
232 1638
232 1658
233 321
233 1240
233 1333
233 1523
233 1538
233 1692
233 1956
234 242
234 514
234 1854
235 320
235 508
235 1025
235 1156
235 1214
235 1235
235 1353
236 285
236 577
236 655
236 1142
236 1417
237 992
237 1112
237 1281
238 309
238 574
238 663
238 675
238 680
238 715
238 721
238 942
238 1174
238 1304
238 1475
239 1482
239 1997
240 274
240 651
240 710
240 766
240 781
240 813
240 986
240 1127
240 1186
240 1305
240 1335
240 1383
240 1609
240 1678
240 1723
240 1922
240 1955
241 373
241 430
241 586
241 605
241 663
241 884
241 898
241 1085
241 1249
241 1322
241 1359
241 1861
242 249
242 982
242 1098
242 1272
242 1310
242 1438
243 494
243 1178
243 1475
243 1559
243 1907
244 316
244 339
244 417
244 544
244 634
244 942
244 1147
244 1414
244 1516
244 1566
245 693
245 1093
245 1416
245 1639
246 276
246 283
246 341
246 438
246 1836
246 1891
247 383
247 892
247 1035
247 1445
247 1579
247 1846
247 1889
248 475
248 539
248 862
248 1266
249 297
249 696
249 1007
249 1075
249 1165
249 1774
249 1800
250 501
250 505
250 1057
250 1092
251 263
251 506
251 580
251 1023
251 1029
251 1503
251 1653
251 1841
252 307
252 341
252 533
252 591
252 833
252 1315
252 1515
252 1645
252 1872
252 1902
253 321
253 941
253 1716
253 1754
253 1891
254 332
254 440
254 649
254 742
254 1218
254 1429
254 1554
254 1628
254 1809
255 275
255 634
255 1055
255 1501
256 293
256 716
256 856
256 1782
257 358
257 1193
257 1206
257 1339
257 1541
257 1634
257 1944
258 759
258 866
258 1095
258 1256
258 1606
258 1640
259 624
259 657
259 1279
259 1365
259 1708
260 471
260 479
260 618
260 1032
260 1128
260 1216
260 1850
261 620
261 851
261 1412
261 1562
261 1643
261 1701
261 1839
262 809
262 816
262 1274
262 1467
262 1751
263 597
263 599
263 644
263 878
263 962
263 1234
263 1372
263 1834
264 395
264 649
264 933
264 1072
264 1498
264 1626
265 364
265 814
265 1587
265 1783
265 1965
266 377
266 614
266 674
266 949
266 987
266 1429
266 1512
266 1524
266 1717
267 294
267 755
267 932
267 1212
267 1225
267 1336
268 920
268 1093
268 1174
268 1220
268 1296
268 1666
268 1785
268 1936
269 667
269 946
269 1020
269 1099
269 1120
269 1217
269 1351
269 1469
269 1836
269 1939
270 792
270 1424
270 1609
270 1657
270 1937
271 410
271 570
271 965
271 1182
271 1323
271 1521
271 1799
272 1275
272 1311
272 1388
272 1507
272 1805
273 395
273 512
273 587
273 822
273 990
273 1057
273 1195
273 1357
273 1367
273 1486
273 1522
274 694
274 1929
275 495
275 901
275 921
275 1202
275 1753
275 1958
276 496
276 530
276 536
276 1462
276 1553
276 1976
276 1997
277 650
277 936
277 1175
277 1759
278 352
278 628
278 637
278 659
278 710
278 736
278 772
278 773
278 844
278 1240
278 1507
279 434
279 476
279 513
279 640
279 665
279 722
279 1486
279 1875
279 1907
280 1123
280 1361
280 1428
280 1473
280 1848
281 593
281 607
281 660
281 1036
281 1192
281 1756
281 1797
281 1978
282 376
282 688
282 805
282 853
282 875
282 1033
282 1303
282 1448
282 1518
282 1531
282 1716
282 1862
283 693
283 739
283 1147
283 1293
283 1732
284 714
284 823
284 1481
284 1954
285 854
285 1158
285 1227
286 406
286 537
286 578
286 605
286 680
286 774
286 908
286 933
286 1496
286 1502
286 1673
286 1831
286 1880
286 1977
287 308
287 408
287 529
287 611
287 766
287 981
287 1144
287 1261
287 1624
287 1667
287 1739
288 523
288 1029
288 1142
288 1619
288 1749
288 1841
288 1871
289 313
289 361
289 369
289 481
289 992
289 1369
289 1390
289 1722
289 1776
290 500
290 685
290 815
290 1265
290 1438
290 1690
290 1715
290 1954
291 315
291 658
291 866
291 950
291 1823
291 1912
291 1933
292 491
292 803
292 820
292 967
292 1309
292 1451
292 1647
292 1797
292 1807
293 399
293 1540
293 1660
294 310
294 384
294 651
294 1140
294 1160
294 1394
295 592
295 974
295 1181
295 1571
295 1658
295 1815
296 399
296 519
296 812
296 1227
296 1470
296 1557
296 1661
296 1713
296 1899
297 491
297 708
297 728
297 819
297 842
297 980
297 1129
297 1589
297 1719
297 1825
297 1900
298 360
298 775
298 1551
298 1587
298 1691
298 1937
299 355
299 1200
299 1366
299 1631
299 1675
299 1748
300 479
300 557
300 703
300 783
300 850
300 885
300 1552
300 1766
300 1843
301 404
301 427
301 449
301 1323
301 1581
302 909
302 1972
302 1999
303 455
303 559
303 713
303 1186
303 1374
303 1600
303 1673
304 396
304 1075
304 1998
305 465
305 956
305 1377
305 1556
305 1619
305 1804
305 1992
306 341
306 419
306 668
306 901
306 1527
306 1760
306 1971
307 465
307 664
307 1003
307 1256
307 1537
307 1595
307 1735
307 1810
307 1888
308 517
308 560
308 665
308 1350
308 1474
308 1505
308 1654
308 1761
308 1834
309 471
309 633
309 942
309 994
309 1414
309 1424
309 1577
309 1703
310 538
310 789
310 810
310 965
310 1016
310 1481
310 1819
311 1092
311 1109
312 335
312 386
312 423
312 694
312 896
312 979
312 1160
313 719
313 1862
314 488
314 818
314 830
314 1057
314 1379
314 1812
314 1930
315 340
315 384
315 420
315 849
315 1114
315 1746
316 1558
316 1565
316 1619
317 602
317 713
317 721
317 1120
317 1953
317 1958
318 321
318 561
318 619
318 643
318 685
318 782
318 892
318 1442
318 1791
318 1829
318 1982
319 367
319 581
319 893
319 1166
319 1404
320 476
320 1278
320 1295
320 1321
320 1400
320 1695
320 1816
321 328
321 562
321 686
321 914
321 1123
321 1255
321 1472
321 1500
321 1852
321 1998
322 410
322 656
322 805
322 1003
322 1015
322 1532
322 1589
323 331
323 719
323 803
323 1204
323 1224
323 1314
323 1327
323 1426
323 1752
324 526
324 617
324 1323
324 1378
325 844
325 1278
325 1532
325 1992
326 479
326 484
326 650
326 661
326 735
326 1006
326 1200
326 1358
326 1518
326 1527
326 1851
326 1901
326 1952
326 1955
327 725
327 784
327 936
327 1304
327 1308
327 1507
328 371
328 664
328 924
328 1332
328 1755
329 334
329 1149
329 1534
329 1542
329 1595
330 646
330 1063
331 346
331 569
331 718
331 1138
331 1485
331 1644
331 1849
332 900
332 1377
332 1451
332 1753
333 423
333 437
333 542
333 672
333 675
333 964
333 1876
334 927
334 976
334 1167
334 1885
335 342
335 446
335 860
335 929
335 941
335 1165
335 1798
335 1804
336 479
336 538
336 906
336 1221
337 584
337 846
337 1322
337 1377
337 1783
338 662
338 673
338 1057
338 1522
338 1794
339 473
339 861
339 1109
339 1188
339 1515
340 863
340 1255
340 1332
340 1441
341 433
341 533
341 578
341 654
341 1015
341 1778
342 405
342 1183
342 1388
342 1428
342 1524
342 1531
342 1726
343 562
343 1037
343 1744
343 1827
344 574
344 736
344 830
344 1000
344 1056
344 1868
344 1907
345 745
345 1004
345 1310
345 1823
346 418
346 802
346 968
347 1293
347 1588
347 1722
347 1928
348 789
348 1028
348 1200
348 1208
349 629
349 630
349 680
349 827
349 1057
349 1064
349 1089
349 1254
349 1329
349 1697
349 1907
350 367
350 908
350 1271
350 1436
350 1437
350 1619
350 1726
350 1942
351 804
351 1036
351 1166
351 1499
351 1979
352 542
352 614
352 652
352 671
352 1193
352 1729
353 383
353 500
353 842
353 1080
353 1493
353 1704
353 1734
353 1780
354 610
354 992
354 1079
354 1341
354 1919
355 437
355 662
355 733
355 829
355 904
355 1016
355 1029
355 1269
355 1525
355 1595
355 1747
356 717
356 1180
356 1752
356 1807
357 446
357 868
357 1526
358 402
358 405
358 1081
358 1376
359 1194
359 1302
359 1714
359 1817
360 399
360 403
360 418
360 506
360 545
360 888
360 1169
360 1568
360 1689
361 429
361 949
361 1094
361 1173
361 1280
361 1673
362 400
362 613
362 1997
363 462
363 530
363 1083
363 1119
363 1188
363 1227
363 1361
363 1382
364 535
364 1624
365 638
365 706
365 843
365 874
365 938
365 1268
365 1483
365 1588
365 1707
365 1958
366 668
366 1164
366 1223
366 1702
367 594
367 1013
367 1355
367 1436
367 1658
367 1751
367 1786
367 1893
368 838
368 862
368 1009
368 1188
368 1206
369 470
369 543
369 1146
369 1217
369 1585
369 1788
369 1873
369 1913
370 633
370 657
370 1616
370 1657
370 1684
370 1707
370 1817
370 1947
371 635
371 783
371 1054
371 1465
371 1662
372 599
372 744
372 790
372 1116
372 1385
372 1540
373 510
373 800
373 935
373 1137
373 1397
373 1497
373 1536
373 1635
373 1893
373 1932
374 419
374 478
374 646
374 918
374 1065
374 1198
374 1573
374 1629
374 1798
374 1921
375 395
375 571
375 603
375 731
375 1775
375 2000
376 453
376 485
376 826
376 1231
376 1383
376 1704
377 557
377 587
377 706
377 770
377 1634
377 1947
378 551
378 646
378 868
378 985
378 1164
378 1401
378 1617
378 1696
378 1884
379 796
379 902
379 1382
379 1407
379 1537
379 1766
379 1924
379 1990
380 456
380 526
380 757
380 931
380 1111
380 1182
380 1280
380 1379
380 1385
380 1418
380 1426
381 993
381 1198
381 1256
381 1688
381 1742
381 1787
382 391
382 616
382 696
382 1002
382 1031
382 1055
382 1412
382 1875
382 1910
382 1944
383 864
383 1344
383 1481
384 1081
384 1465
384 1547
384 1604
385 431
385 471
385 498
385 795
385 1457
385 1503
385 1834
386 403
386 1286
386 1374
386 1478
386 1682
386 1758
386 1916
386 1999
387 544
387 720
387 1280
387 1321
387 1580
387 1662
387 1754
387 1833
388 1109
388 1432
388 1491
388 1792
389 549
389 674
389 774
389 916
389 955
389 1050
389 1168
389 1410
390 631
390 662
390 1117
390 1281
390 1444
390 1546
390 1813
391 584
391 910
391 1024
391 1516
391 1656
391 1979
392 448
392 747
392 876
392 1115
392 1233
392 1525
393 736
393 996
393 1044
393 1084
393 1450
393 1521
393 1559
393 1977
394 612
394 686
394 740
394 798
394 1104
394 1317
394 1563
394 1886
394 1943
395 704
395 995
395 1099
395 1983
396 617
396 1105
396 1289
396 1553
396 1602
396 1687
396 1964
397 578
397 892
397 1291
397 1421
397 1575
398 475
398 716
398 782
398 1113
398 1402
398 1447
398 1900
399 830
399 1013
399 1068
399 1236
399 1468
399 1714
399 1762
400 424
400 452
400 681
400 1618
400 1837
400 1879
401 528
401 942
401 964
401 1277
401 1710
402 1162
402 1657
402 1768
403 641
403 1252
403 1377
403 1461
403 1593
403 1767
403 1847
404 616
404 1165
404 1342
404 1433
404 1435
404 1576
404 1850
405 588
405 654
405 847
405 975
405 1297
405 1698
405 1783
405 1913
406 673
406 695
406 942
406 1106
406 1556
406 1586
407 1293
407 1417
407 1716
407 1744
407 1873
408 442
408 873
408 886
408 1337
408 1804
409 478
409 698
409 925
409 960
409 1213
409 1320
409 1686
409 1862
410 990
410 1011
410 1732
410 1787
411 504
411 808
411 1027
411 1438
411 1796
411 1933
412 508
412 622
412 645
412 728
412 1619
412 1738
413 525
413 676
413 695
413 806
413 923
413 925
413 1053
413 1176
413 1356
413 1731
414 471
414 764
414 1246
414 1393
414 1529
414 1581
414 1721
414 1751
414 1757
415 434
415 632
415 743
415 1396
415 1454
416 572
416 621
416 712
416 775
416 838
416 1111
416 1371
416 1567
416 1906
417 869
417 972
417 1057
417 1238
417 1261
417 1402
417 1453
417 1604
417 1679
417 1828
417 1859
418 477
418 817
418 986
418 1034
418 1448
419 1100
419 1390
419 1397
419 1399
419 1780
419 1791
420 450
420 455
420 1010
420 1289
420 1340
420 1623
421 476
421 959
421 1751
422 631
422 1071
422 1338
422 1601
422 1610
423 598
423 629
423 1372
423 1740
424 436
424 925
424 1047
424 1233
424 1299
424 1455
424 1553
424 1605
424 1643
424 1675
424 1700
425 1547
425 1738
425 1804
426 1026
426 1271
426 1798
427 518
427 609
427 649
427 780
427 1567
427 1779
427 1797
428 719
428 801
428 1196
428 1324
428 1520
428 1692
429 753
429 1299
429 1927
429 1981
430 535
430 704
430 908
430 1188
430 1496
430 1506
430 1747
431 793
431 893
431 961
431 1030
431 1132
431 1489
431 1603
432 462
432 521
432 556
432 639
432 1206
432 1389
432 1494
432 1497
432 1911
433 1461
434 699
434 707
434 1043
434 1100
434 1189
434 1403
434 1731
434 1999
435 501
435 1161
435 1541
436 548
436 822
436 830
436 845
436 1008
436 1094
436 1410
436 1440
437 652
437 673
437 781
437 833
437 862
437 1160
437 1434
437 1877
437 1886
438 603
438 722
438 747
438 791
438 794
438 972
438 1215
438 1305
438 1358
438 1589
438 1735
438 1824
438 1860
439 499
439 1186
439 1591
439 1990
440 485
440 823
440 1032
440 1072
440 1361
440 1850
440 1958
440 1969
441 754
441 912
441 1391
441 1556
441 1593
441 1615
441 1753
441 1836
442 488
442 576
442 579
442 780
442 874
442 926
442 1482
442 1903
442 1931
442 1947
443 711
443 733
443 800
443 947
443 1186
443 1527
443 1649
443 1721
443 1810
444 871
444 1038
444 1894
444 1907
445 851
445 1036
445 1616
445 1992
446 1600
446 1850
446 1863
446 1872
447 696
447 1379
447 1532
448 536
448 838
448 1211
448 1880
449 527
449 1322
449 1411
449 1448
449 1713
449 1893
450 692
450 881
450 1736
450 1804
450 1865
451 574
451 859
451 1223
451 1478
451 1896
452 872
452 920
452 979
452 1162
452 1944
453 486
453 553
453 1211
453 1426
453 1499
453 1637
453 1901
454 759
454 1622
455 1171
455 1780
455 1898
456 1023
456 1216
457 722
457 1573
457 1619
457 1882
457 1987
457 1999
458 470
458 957
458 1220
458 1269
458 1877
458 1917
459 635
459 902
459 998
459 1129
459 1615
459 1655
460 475
460 503
460 829
460 934
460 1099
460 1152
460 1556
460 1717
461 495
461 1033
461 1322
461 1570
461 1577
461 1598
461 1633
461 1802
462 557
462 748
462 1263
462 1540
463 577
463 1881
464 866
464 909
464 1951
465 657
465 688
465 916
465 1029
465 1068
465 1852
465 1954
466 665
466 875
466 1025
466 1125
466 1440
466 1525
466 1567
466 1678
466 1689
466 1701
466 1766
466 1884
466 1894
467 1144
467 1145
468 694
468 1030
468 1288
468 1395
468 1581
468 1661
468 1710
469 636
469 838
469 1529
469 1728
470 1204
470 1240
470 1585
470 1683
471 484
471 1375
471 1459
471 1909
471 1918
472 1123
472 1617
472 1654
472 1883
472 1976
473 488
473 759
473 783
473 818
473 1447
473 1675
474 595
474 719
474 1564
474 1626
474 1921
475 856
475 997
475 1354
475 1525
475 1687
475 1912
476 703
476 903
476 1295
476 1847
476 1996
477 703
477 749
477 796
477 928
477 940
477 1173
478 671
478 688
478 749
478 925
478 1004
478 1179
479 940
479 1026
479 1213
479 1371
480 759
480 796
480 935
480 1007
480 1109
480 1189
481 893
481 1135
481 1734
482 540
482 734
482 936
482 1077
482 1430
482 1704
483 560
483 635
483 645
483 807
483 904
483 1308
483 1407
483 1461
483 1787
484 1017
484 1109
484 1168
484 1268
484 1447
484 1501
484 1774
484 1807
484 1947
485 499
485 762
485 865
485 1055
485 1115
486 487
486 570
486 675
486 722
486 869
486 1107
487 827
487 945
487 1077
487 1095
487 1215
487 1543
487 1759
487 1816
487 1961
488 491
488 1062
488 1093
488 1225
489 550
489 746
489 980
489 1651
489 1705
489 1772
489 1786
489 1993
490 842
490 1172
490 1478
491 1881
492 740
492 766
492 1177
492 1210
492 1355
492 1382
492 1938
493 598
493 704
493 742
493 787
493 1215
493 1282
493 1447
493 1461
493 1470
493 1620
493 1958
494 690
494 1379
494 1403
494 1445
494 1451
494 1684
494 1769
494 1922
494 1987
495 867
495 894
495 1276
495 1294
495 1347
495 1714
496 618
496 870
496 1094
496 1253
497 720
497 874
497 1338
497 1596
497 1811
497 1913
498 819
498 1056
498 1261
498 1463
498 1907
499 551
499 966
499 1222
499 1388
499 1571
500 817
500 1566
500 1574
501 543
501 804
501 889
501 941
501 1328
501 1672
501 1702
502 667
502 935
502 991
502 992
502 1145
502 1325
502 1338
502 1885
503 1262
503 1631
504 605
504 635
504 741
504 833
504 886
504 1748
505 614
505 705
505 1098
505 1099
505 1189
505 1226
505 1313
505 1377
505 1826
506 635
506 738
506 987
506 1458
506 1832
506 1847
507 711
507 978
507 1159
507 1433
507 1457
507 1893
508 568
508 651
508 718
508 786
508 1184
509 626
509 1124
509 1258
509 1309
509 1359
509 1486
510 818
510 1129
510 1280
510 1332
510 1714
510 1799
510 1843
511 957
511 1569
511 1652
511 1845
512 545
512 864
512 1018
512 1037
512 1258
512 1904
512 1949
512 1961
513 1170
514 1027
514 1153
514 1250
514 1329
514 1681
514 1919
515 802
515 897
515 1200
515 1462
515 1737
515 1912
516 535
516 650
516 822
516 1419
516 1459
516 1739
517 560
517 616
517 735
517 812
517 1384
517 1897
518 1313
518 1679
518 1851
518 1875
519 754
519 1109
519 1173
519 1534
519 1679
520 1331
520 1561
520 1863
520 1993
521 1050
521 1381
521 1394
521 1758
522 622
522 740
522 792
522 1105
522 1237
522 1548
522 1864
522 1889
522 1975
523 547
523 587
523 614
523 658
523 812
523 838
523 867
523 1033
523 1090
523 1162
523 1515
523 1914
523 1978
524 1594
524 1960
525 681
525 1274
525 1605
525 1744
525 1869
526 548
526 582
526 1074
526 1103
526 1372
526 1526
526 1528
526 1545
526 1853
527 989
527 1135
527 1714
527 1944
528 651
528 695
528 839
528 958
528 1584
528 1956
529 667
529 964
529 1330
529 1851
529 1904
530 793
530 820
530 1599
530 1701
530 1840
530 1855
531 750
531 1098
531 1134
531 1577
531 1652
532 555
532 869
532 1052
532 1203
532 1300
532 1866
533 549
533 605
533 709
533 907
533 933
533 979
533 981
533 1276
533 1580
533 1621
533 1753
534 567
534 909
534 998
534 1168
534 1493
534 1500
534 1724
535 1026
535 1096
535 1424
536 857
536 879
536 955
536 1240
536 1528
536 1635
537 564
537 1327
537 1344
537 1352
538 1410
538 1447
538 1836
538 1895
538 1906
539 615
539 798
539 848
539 891
539 937
539 1000
539 1390
539 1407
539 1818
539 1967
539 1982
540 1266
540 1656
541 992
541 1789
541 1849
541 1924
542 893
542 1036
542 1323
542 1406
542 1997
543 825
543 890
543 1070
543 1172
543 1294
543 1444
543 1737
543 1809
543 1818
544 713
544 851
544 1014
545 1095
545 1286
545 1299
545 1360
545 1649
545 1815
546 607
546 1465
546 1527
546 1851
547 781
547 1138
547 1167
547 1342
547 1683
548 710
548 785
548 856
548 1516
548 1551
549 898
549 1088
549 1293
549 1820
550 896
550 965
550 1082
550 1132
550 1418
550 1652
551 662
551 783
551 987
551 1186
551 1381
552 865
552 1144
552 1344
552 1667
552 1684
552 1911
553 760
553 1218
553 1497
554 641
554 710
554 837
554 860
554 1648
554 1849
554 1854
554 1895
554 1974
555 1263
555 1739
555 1807
556 905
556 941
556 1138
556 1159
556 1188
556 1287
556 1665
556 1740
556 1807
557 696
557 900
557 1035
557 1152
557 1525
558 887
558 1629
559 733
559 834
559 880
559 1120
559 1163
559 1265
559 1986
560 682
560 764
560 837
560 1028
560 1136
560 1331
560 1427
561 709
561 1745
561 1934
562 575
562 1493
562 1560
562 1669
562 1883
563 677
563 1000
563 1430
563 1495
563 1581
563 1704
563 1752
563 1884
563 1931
563 1952
564 1319
564 1439
564 1456
564 1469
564 1771
564 1823
565 659
565 973
565 1072
565 1089
565 1239
565 1243
565 1566
565 1626
565 1656
566 801
566 890
566 1260
566 1310
566 1609
566 1766
566 1991
567 595
567 610
567 628
567 742
567 1049
567 1573
567 1888
567 1980
568 779
568 1018
568 1233
568 1704
569 692
569 940
569 1028
569 1258
569 1829
569 1873
570 584
570 649
570 835
570 958
570 1556
570 1587
571 1022
571 1189
571 1297
571 1580
571 1742
572 846
572 1021
572 1098
572 1104
572 1506
572 1911
572 1964
573 578
573 794
573 833
573 1271
573 1451
573 1862
574 578
574 638
574 972
574 1064
574 1247
574 1549
574 1628
575 1221
575 1366
575 1423
575 1835
576 831
576 945
576 1549
576 1561
576 1623
576 1820
577 607
577 768
577 996
577 1114
577 1153
577 1267
577 1753
577 1794
578 589
578 737
578 919
578 1020
578 1404
578 1516
578 1535
578 1672
578 1844
578 1994
579 756
579 813
579 1205
579 1390
580 682
580 801
580 1016
580 1134
580 1589
580 1642
580 1646
580 1736
581 752
581 783
581 1196
581 1453
581 1521
581 1592
581 1611
581 1700
581 1782
582 734
582 1131
582 1180
582 1730
583 760
583 901
583 1082
583 1446
583 1934
583 1940
584 741
584 766
584 1159
584 1306
584 1466
584 1520
584 1837
584 1878
584 1887
585 884
586 617
586 1042
586 1060
586 1092
586 1097
586 1716
587 1021
588 1996
589 666
589 955
589 1512
589 1786
589 1820
589 1828
589 1983
590 758
590 1747
591 603
591 1070
591 1154
591 1260
592 952
592 1146
592 1206
592 1260
592 1357
592 1495
593 1119
593 1185
593 1740
594 630
594 912
594 938
594 1187
594 1800
594 1846
594 1902
594 1942
595 642
595 742
595 888
595 1016
595 1347
595 1616
595 1689
596 768
596 1041
596 1255
596 1398
596 1518
596 1528
596 1603
596 1681
596 1733
596 1814
596 1821
597 753
597 759
597 1079
597 1247
597 1341
597 1695
598 1833
598 1958
599 625
599 646
599 1307
599 1730
599 1792
599 1929
600 1024
600 1364
600 1678
600 1943
601 685
601 748
601 855
601 941
601 972
601 980
601 1175
601 1510
602 733
602 843
602 1259
602 1333
602 1693
603 695
603 732
603 990
603 1000
603 1166
603 1416
603 1739
604 1326
604 1426
604 1713
604 1785
604 1873
604 1890
605 1076
605 1084
605 1620
605 1797
606 719
606 1126
607 714
607 759
607 775
607 1141
607 1206
607 1484
607 1828
608 728
608 742
608 758
608 768
608 933
608 1513
608 1807
609 1396
609 1671
609 1792
609 1916
610 684
610 1956
611 650
611 831
611 1247
611 1393
611 1850
612 726
612 885
613 1065
613 1454
613 1975
614 737
614 824
614 973
614 1012
614 1219
614 1599
614 1729
614 1854
615 623
615 803
615 1001
615 1481
615 1653
616 1301
616 1788
616 1837
617 813
617 903
617 1010
617 1664
618 1424
618 1522
618 1829
619 771
619 895
619 1322
619 1380
619 1433
619 1614
619 1945
620 630
620 639
620 912
620 1643
620 1660
621 775
621 1218
621 1432
622 631
622 1116
622 1864
622 1904
623 737
623 1236
623 1463
623 1777
624 1315
624 1643
624 1646
624 1807
624 1815
624 1855
624 1910
624 1974
625 681
625 709
626 1172
626 1366
626 1460
626 1523
626 1638
626 1728
626 1989
627 1427
628 891
628 1015
628 1210
628 1261
628 1386
628 1512
628 1600
628 1964
629 841
629 887
629 1012
629 1120
629 1280
630 632
630 830
630 849
630 908
630 958
630 1291
630 1426
630 1501
630 1651
630 1704
630 1710
631 694
631 1229
631 1517
632 1054
632 1315
633 868
633 1055
633 1077
634 1180
634 1492
635 819
635 1198
635 1765
636 940
636 1447
636 1651
636 1764
637 654
637 666
637 1254
637 1555
637 1780
638 918
638 1161
638 1195
638 1279
639 889
639 904
639 924
639 1823
639 1934
639 1950
639 1988
640 686
640 851
640 957
640 1456
640 1951
641 798
641 858
641 1462
641 1693
641 1841
641 1880
642 743
642 906
642 938
642 1108
642 1149
642 1610
642 1818
642 1983
643 1196
643 1433
643 1843
644 703
644 745
644 1011
644 1311
644 1497
644 1673
644 1734
645 809
645 898
645 1005
645 1024
645 1071
645 1252
645 1381
645 1418
645 1494
645 1740
645 1817
646 704
646 1503
647 807
647 850
647 1302
647 1835
647 1917
648 813
648 850
648 1394
648 1613
648 1933
649 716
649 811
649 1080
649 1154
649 1342
649 1400
649 1537
650 691
650 916
650 956
651 704
651 785
651 1254
651 1628
652 798
652 1296
652 1378
652 1443
652 1623
652 1769
652 1882
653 900
653 1038
653 1096
653 1634
654 778
654 966
654 1188
654 1896
654 1957
655 1000
655 1024
655 1042
655 1065
655 1130
655 1315
655 1567
655 1846
656 1047
656 1206
656 1609
656 1720
657 1207
657 1879
658 710
659 828
659 1488
659 1852
660 1085
660 1469
660 1650
660 1669
660 1696
660 1994
661 990
661 1238
661 1528
662 964
662 1001
662 1156
662 1168
662 1196
662 1327
662 1471
662 1638
662 1650
662 1689
662 1860
662 1938
663 1542
663 1806
663 1909
664 732
664 949
664 1417
664 1822
664 1932
665 1148
666 890
666 1022
666 1082
666 1762
666 1807
667 801
668 1793
668 1819
668 1859
668 1904
669 997
669 1190
669 1240
669 1339
670 674
670 745
670 1437
671 864
671 1384
671 1441
671 1674
671 1720
671 1723
672 719
672 1403
672 1627
672 1945
672 1971
673 1330
673 1485
673 1565
673 1760
674 1198
674 1312
674 1320
675 751
675 850
675 1312
675 1882
676 716
676 808
676 1049
676 1166
676 1194
676 1852
676 1908
676 1922
677 999
677 1260
677 1548
677 1821
678 1000
678 1012
678 1106
678 1139
678 1173
678 1342
678 1368
678 1623
678 1694
678 1978
679 803
679 941
679 1053
679 1163
679 1661
680 852
680 897
680 1496
680 1708
681 1207
681 1690
681 1926
682 687
682 910
682 1266
682 1341
682 1414
682 1697
683 1099
683 1117
683 1470
683 1941
684 724
684 1270
684 1290
684 1430
684 1844
685 795
685 836
685 1013
685 1839
686 689
686 835
686 1255
686 1632
686 1794
687 740
687 997
687 1407
687 1562
687 1599
687 1816
687 1929
688 1130
688 1363
688 1607
689 796
689 856
689 1742
690 1013
690 1950
690 1983
691 1055
691 1192
691 1479
691 1605
691 1653
692 743
692 1001
692 1348
692 1404
692 1895
693 709
693 1066
693 1136
693 1427
694 862
694 1013
694 1967
694 1970
695 719
695 776
695 1310
695 1429
695 1653
695 1905
695 2000
696 1292
696 1302
696 1555
697 798
697 838
697 945
697 1147
697 1178
697 1726
697 1992
698 805
698 882
698 996
698 1209
698 1388
698 1741
699 1233
699 1296
699 1638
700 904
700 965
700 1185
700 1346
700 1534
700 1576
701 1012
701 1749
702 953
702 1205
702 1391
702 1813
702 1830
702 1862
702 1993
703 1373
703 1549
703 1639
703 1778
703 1840
703 1996
704 1300
704 1523
704 1559
704 1682
704 1944
705 1001
705 1553
705 1594
705 1870
706 745
706 762
706 1300
706 1509
706 1715
706 1724
706 1835
707 868
707 1113
707 1285
707 1431
707 1626
707 1726
707 1829
707 1908
708 892
708 1178
708 1568
709 764
709 1142
709 1193
710 1073
710 1342
710 1467
710 1779
711 1260
712 829
712 1333
712 1520
712 1580
712 1698
712 1839
713 904
713 945
713 1241
713 1244
713 1350
713 1685
714 1110
714 1112
714 1208
714 1585
714 1970
715 1040
715 1328
715 1425
715 1470
715 1491
715 1661
716 818
716 1042
716 1415
716 1559
716 1700
716 1879
717 728
717 1478
717 1696
717 1979
718 808
718 913
718 1011
718 1075
718 1408
718 1448
718 1824
719 858
719 894
719 1284
719 1603
719 1657
719 1933
719 1977
720 1136
720 1375
720 1913
720 1927
721 946
721 1281
721 1565
721 1769
722 1204
722 1394
722 1414
722 1454
723 1194
723 1303
723 1625
723 1845
723 1938
724 1135
724 1417
724 1443
724 1454
725 1930
726 967
726 1032
726 1144
726 1163
726 1478
726 1939
726 1976
727 1256
727 1895
728 833
728 1079
728 1640
728 1698
728 1791
728 1955
729 943
729 971
729 1069
729 1530
729 1670
729 1732
729 1912
730 767
730 999
730 1081
730 1152
730 1304
730 1503
730 1642
730 1950
731 752
731 1024
731 1175
731 1323
731 1876
731 1909
731 1923
732 741
732 1081
732 1185
732 1200
732 1369
732 1577
732 1721
732 1736
733 850
733 899
733 920
733 952
733 1547
733 1643
733 1759
733 1869
733 1902
734 1290
734 1895
735 821
735 1044
735 1294
735 1975
735 1996
736 1165
736 1274
736 1390
736 1494
736 1897
736 1900
736 1987
737 923
737 1215
737 1691
738 853
738 1115
738 1317
738 1366
738 1391
738 1494
738 1789
739 896
739 917
739 944
739 1250
740 918
740 1571
740 1627
740 1763
740 1889
741 1023
741 1099
741 1105
741 1351
741 1373
741 1560
741 1803
742 933
742 1427
742 1668
742 1718
743 1977
744 1599
744 1675
744 1713
744 1734
745 784
745 899
746 788
746 1513
746 1621
747 1032
747 1432
748 989
748 993
748 1133
748 1179
748 1338
749 969
749 1200
749 1967
750 1317
750 1510
750 1791
750 1989
751 1650
752 851
752 1017
753 1142
753 1617
753 1700
753 1952
754 1111
754 1650
756 1178
756 1431
756 1651
756 1953
757 865
757 1010
757 1675
757 1692
758 1105
758 1466
758 1548
759 801
759 1061
759 1730
760 967
760 1706
760 1846
761 960
761 1233
761 1282
761 1447
761 1916
762 896
762 933
762 1008
762 1166
762 1262
762 1450
762 1472
762 1476
762 1609
762 1651
763 1413
763 1565
763 1759
764 1594
764 1845
765 1157
765 1809
765 1986
766 915
766 1015
766 1164
767 1154
767 1271
767 1273
768 772
768 937
768 1179
768 1199
768 1345
769 1068
769 1513
769 1766
770 924
770 936
770 1004
770 1027
770 1083
770 1199
770 1346
770 1473
770 1797
770 1802
771 851
771 1653
771 1760
771 1947
772 1106
772 1341
772 1489
772 1727
772 1821
772 1890
773 998
773 1319
773 1472
773 1573
773 1636
774 797
774 986
774 1000
774 1025
774 1051
774 1163
774 1668
774 1712
774 1743
774 1767
775 1621
775 1823
776 946
776 1089
776 1135
776 1624
777 859
777 1008
777 1037
777 1455
777 1651
777 1999
778 1267
778 1330
778 1746
778 1951
779 1228
779 1354
779 1542
779 1559
779 1657
779 1679
779 1694
780 867
780 975
780 1049
780 1111
780 1333
780 1752
780 1913
781 965
781 1013
781 1067
781 1171
781 1391
781 1740
781 1771
781 1798
781 1905
782 848
782 1091
782 1169
782 1383
782 1510
782 1602
782 1880
783 1137
783 1328
783 1456
783 1526
783 1546
783 1563
783 1609
783 1846
783 1870
784 1363
784 1479
784 1530
784 1532
784 1654
785 868
785 1043
785 1166
785 1803
785 1938
786 903
786 1504
786 1682
786 1705
786 1845
786 1961
787 906
787 1177
787 1217
787 1250
787 1316
787 1372
787 1516
787 1536
787 1834
787 1875
788 1258
788 1470
788 1700
788 1778
788 1809
789 869
789 898
789 935
789 1090
789 1244
789 1862
790 1043
790 1279
790 1433
791 1137
791 1428
792 868
792 937
792 1125
792 1311
792 1702
792 1846
793 1027
793 1200
793 1518
794 965
794 1265
794 1429
794 1700
794 1817
795 899
795 1160
795 1436
795 1637
795 1655
795 1956
795 1958
796 1022
796 1161
796 1304
796 1319
796 1431
796 1475
797 935
797 940
797 998
797 1588
797 1806
797 1838
797 1903
798 1388
798 1641
798 1910
799 968
799 1752
800 1498
800 1605
800 1874
801 1112
801 1133
801 1793
802 1338
802 1434
802 1553
802 1861
803 846
803 886
803 1458
803 1681
803 1766
803 1772
804 1357
804 1452
804 1761
804 1855
805 914
805 1095
805 1212
805 1510
805 1530
805 1651
805 1696
806 870
806 1275
806 1402
807 1669
808 821
808 857
809 1623
810 1165
810 1176
810 1293
811 842
811 1165
811 1194
811 1269
811 1527
811 1615
811 1872
811 1988
812 904
812 1660
812 1761
812 1769
812 1993
813 1178
813 1348
813 1390
813 1505
813 1667
813 1811
813 1839
813 1852
813 1868
813 1899
814 983
814 1248
814 1405
815 839
815 1105
815 1298
815 1571
815 1793
816 918
816 1038
816 1779
816 1803
817 1169
817 1371
817 1773
818 1268
818 1497
819 923
819 1070
819 1251
819 1497
819 1998
820 1058
820 1220
820 1353
820 1471
820 1595
821 840
821 1307
821 1762
821 1774
822 1630
822 1914
822 1929
823 879
823 1876
824 871
824 893
824 978
824 1122
824 1183
824 1342
825 1125
825 1155
825 1309
825 1387
825 1662
826 864
826 919
826 1035
826 1078
826 1233
826 1237
826 1481
826 1500
826 1771
826 1790
826 1877
827 1391
827 1473
827 1899
828 1100
828 1170
828 1584
829 1623
829 1645
829 1812
830 869
830 894
830 1121
830 1209
830 1358
830 1462
830 1781
830 1818
831 1386
831 1802
831 1926
832 836
832 986
832 1004
832 1168
832 1291
832 1634
833 1219
833 1287
833 1684
833 1868
834 1350
834 1388
834 1977
835 836
835 1125
836 865
836 1146
836 1401
836 1408
836 1760
836 1928
837 912
837 945
837 982
837 1008
837 1593
837 1634
837 1884
837 1907
837 1921
838 921
838 1005
838 1075
838 1536
839 947
839 951
839 970
839 1011
839 1218
839 1768
839 1808
839 1838
839 1866
839 1880
840 1578
840 1611
840 1624
840 1836
840 1906
841 926
841 1482
841 1515
841 1798
841 1810
841 1926
842 1347
842 1756
843 998
843 1297
843 1368
843 1431
843 1906
844 963
844 1009
844 1213
844 1695
845 1835
846 1103
846 1326
847 876
847 913
847 1027
847 1197
847 1228
847 1421
847 1477
847 1559
848 955
848 1368
848 1419
848 1487
848 1725
848 1783
849 1156
849 1237
849 1515
849 1688
849 1729
849 1863
850 1358
850 1373
850 1631
850 1790
851 884
851 1040
851 1194
851 1227
851 1310
851 1461
851 1483
851 1943
852 883
852 897
852 913
852 1039
852 1744
853 992
853 1237
853 1276
853 1385
853 1419
853 1534
854 897
854 991
854 1389
855 936
855 1512
855 1766
856 1341
856 1846
857 1102
857 1665
857 1797
857 1900
858 911
858 921
858 1321
858 1651
858 1821
858 1886
858 1966
859 1793
859 1896
860 1068
860 1758
860 1784
861 1184
861 1199
861 1467
861 1726
861 1985
862 1007
862 1374
862 1512
862 1570
862 1650
863 876
863 1093
863 1682
863 1832
863 1890
864 943
864 992
864 1487
864 1789
864 1955
865 932
865 1061
865 1135
865 1496
865 1783
865 1824
865 1882
866 1408
866 1420
866 1726
867 933
867 950
867 1039
867 1599
867 1724
867 1810
867 1994
868 1205
868 1398
868 1758
869 1039
869 1189
869 1459
870 874
870 1590
870 1828
871 1656
872 1090
872 1146
872 1614
872 1722
872 1922
873 1471
873 1958
873 1962
873 1983
874 1155
874 1207
874 1695
875 903
875 1018
875 1065
875 1092
875 1506
875 1698
875 1964
876 1265
876 1383
876 1860
876 1993
877 1353
877 1500
877 1608
877 1697
878 920
878 1123
878 1352
878 1415
878 1626
878 1639
878 1677
878 1930
879 1766
879 1994
880 1556
880 1726
880 1857
880 1962
881 998
881 1046
881 1350
882 1015
882 1111
882 1223
882 1434
882 1442
882 1528
882 1762
882 1868
883 887
883 1238
883 1361
883 1487
884 1080
884 1126
884 1251
884 1291
884 1307
884 1720
885 1114
885 1979
886 1001
886 1073
886 1815
887 1413
888 1090
888 1141
888 1563
888 1621
889 1268
889 1794
889 1874
890 1043
890 1676
890 1808
891 957
891 1447
891 1483
892 1168
892 1236
892 1324
892 1544
892 1611
892 1939
893 1240
893 1379
893 1515
893 1846
894 1235
894 1780
894 1840
895 1120
895 1292
895 1395
896 1010
896 1139
896 1177
896 1180
896 1481
896 1673
897 1107
897 1394
897 1577
897 1642
898 1402
898 1533
898 1619
898 1831
898 1866
899 1309
899 1526
899 1677
900 984
901 926
901 1450
901 1484
902 1060
902 1151
902 1864
903 1166
903 1515
903 1544
904 974
904 1690
904 1797
905 1043
905 1205
905 1622
905 1625
905 1626
905 1710
905 1903
905 1992
905 2000
906 1023
906 1172
906 1297
906 1355
906 1439
906 1583
906 1747
906 1927
907 1004
907 1061
908 969
908 1338
908 1362
908 1373
908 1458
908 1942
909 1117
909 1430
909 1438
909 1615
909 1801
910 1288
910 1515
910 1816
910 1854
911 1243
911 1378
911 1459
912 1535
912 1730
913 1202
913 1584
914 996
914 1078
914 1499
914 1966
915 943
915 1150
915 1283
915 1491
915 1575
915 1925
916 1068
916 1082
916 1438
916 1747
916 1904
917 1001
917 1347
917 1466
917 1891
917 1973
917 1988
918 1048
918 1890
918 1912
919 1000
919 1107
919 1282
919 1450
919 1468
919 1533
919 1562
919 1731
919 1780
920 980
920 1215
920 1328
920 1482
920 1652
920 1682
921 1065
921 1069
921 1684
921 1804
921 1951
922 1142
922 1552
922 1587
922 1600
923 964
923 1072
923 1886
923 1923
923 1943
924 925
924 1148
924 1786
924 1868
925 957
925 986
925 1056
925 1286
925 1296
925 1301
925 1454
925 1745
925 1977
926 995
926 1321
926 1548
926 1570
926 1887
926 1916
927 1008
927 1026
927 1288
927 1407
927 1488
927 1747
927 1778
927 1964
928 1050
928 1631
929 1101
929 1102
929 1213
929 1257
929 1534
930 1002
930 1079
930 1246
930 1658
931 1213
931 1679
931 1781
932 992
932 1837
933 1151
933 1244
933 1380
933 1594
933 1789
933 1833
933 1981
934 1058
934 1287
934 1303
934 1679
935 1501
935 1552
935 1588
936 1167
936 1199
936 1894
937 950
937 1362
937 1491
937 1611
937 1800
937 1890
938 1577
938 1722
938 1723
938 1804
939 1164
939 1180
939 1251
939 1947
940 1440
940 1692
940 1742
940 1790
940 1804
940 1988
941 1472
941 1520
941 1870
941 1971
941 1993
942 1398
942 1599
942 1781
942 1868
943 961
943 1791
943 1811
943 1833
944 1057
944 1141
944 1188
944 1301
944 1633
944 1981
945 1118
945 1262
945 1401
946 1349
946 1381
946 1760
946 1761
947 1834
948 1011
948 1279
948 1386
949 1576
950 1017
950 1040
950 1552
950 1688
951 1615
952 1639
952 1684
952 1710
952 1878
953 1150
953 1489
953 1494
953 1643
953 1755
954 1417
954 1878
955 995
955 1102
955 1116
955 1167
955 1295
956 1973
957 1087
957 1293
957 1721
957 1723
958 985
958 1060
958 1598
958 1686
958 1909
958 1934
959 1772
959 1784
960 1392
960 1404
960 1552
960 1666
960 1960
960 1980
961 1048
961 1441
961 1546
961 1595
961 1696
961 1801
962 1000
962 1247
962 1404
962 1498
962 1745
962 1905
962 1958
963 1174
963 1276
964 965
965 994
965 1332
965 1760
966 1162
966 1448
968 1083
968 1165
968 1942
969 1874
970 1099
970 1269
970 1370
970 1727
970 1932
971 1386
971 1496
971 1560
971 1564
971 1633
971 1988
972 1063
972 1253
972 1424
973 993
973 1252
973 1565
973 1608
974 1406
974 1706
975 1148
975 1240
975 1282
975 1311
975 1616
976 1031
976 1535
977 984
977 1046
977 1277
977 1499
977 1722
977 1841
978 1050
978 1321
979 1091
979 1398
980 1273
980 1340
980 1749
980 1876
980 1914
981 1237
981 1242
981 1816
981 1870
982 1648
982 1766
982 1793
982 1961
983 1532
983 1758
983 1802
983 1931
984 1104
984 1149
984 1312
984 1482
984 1780
984 1869
984 1936
985 994
985 1321
985 1600
986 1188
986 1852
987 1527
987 1741
987 1752
988 1036
988 1050
988 1391
988 1621
989 1110
989 1788
989 1987
990 1034
990 1089
990 1743
990 1849
991 1534
991 1591
991 1761
992 1112
992 1339
992 1500
992 1777
992 1908
992 1928
992 1972
994 1170
994 1391
994 1398
994 1417
995 1002
995 1328
995 1736
996 1218
996 1471
996 1516
997 1410
997 1492
997 1597
997 1879
997 1885
998 1032
998 1172
998 1192
998 1421
998 1579
998 1720
999 1001
999 1712
1001 1107
1001 1510
1001 1754
1001 1838
1002 1252
1002 1827
1003 1109
1003 1142
1003 1478
1003 1510
1003 1535
1004 1729
1004 1745
1004 1979
1005 1294
1005 1310
1005 1845
1006 1121
1006 1403
1006 1404
1006 1646
1007 1417
1007 1459
1007 1500
1007 1506
1007 1508
1007 1994
1008 1051
1008 1130
1008 1773
1008 1797
1008 1943
1008 1970
1009 1107
1009 1351
1009 1354
1009 1884
1010 1678
1010 1745
1010 1869
1011 1048
1011 1139
1011 1222
1011 1387
1011 1392
1011 1508
1011 1636
1011 1757
1012 1113
1012 1848
1012 1849
1012 1893
1013 1431
1013 1710
1014 1026
1014 1214
1014 1502
1015 1040
1015 1219
1015 1245
1015 1250
1015 1437
1016 1064
1016 1267
1017 1047
1017 1064
1017 1203
1017 1402
1017 1606
1017 1818
1018 1128
1018 1175
1018 1427
1018 1630
1018 1972
1019 1032
1020 1454
1020 1817
1020 1836
1020 1963
1021 1025
1021 1157
1021 1688
1022 1769
1022 1879
1023 1130
1023 1687
1024 1656
1024 1900
1025 1781
1026 1737
1026 1743
1027 1113
1027 1135
1027 1904
1028 1037
1028 1634
1028 1693
1029 1075
1029 1131
1029 1212
1029 1223
1030 1148
1030 1225
1030 1405
1030 1412
1030 1587
1031 1058
1031 1198
1032 1436
1032 1657
1033 1067
1033 1814
1033 1874
1034 1137
1034 1247
1034 1897
1035 1106
1035 1168
1035 1198
1035 1217
1036 1298
1036 1340
1036 1557
1036 1625
1036 1914
1037 1208
1037 1357
1037 1915
1038 1232
1038 1332
1038 1378
1038 1551
1038 1883
1039 1419
1039 1515
1039 1538
1039 1597
1039 1642
1039 1842
1039 1929
1040 1609
1040 1683
1040 1736
1040 1941
1040 1980
1041 1087
1041 1511
1041 1866
1042 1125
1042 1166
1042 1220
1042 1341
1042 1714
1043 1107
1043 1398
1044 1211
1044 1355
1044 1569
1044 1640
1044 1842
1045 1320
1045 1423
1046 1285
1046 1539
1047 1216
1047 1471
1047 1495
1047 1952
1048 1069
1048 1438
1048 1621
1048 1785
1048 1918
1048 1966
1048 1985
1049 1136
1049 1581
1049 1774
1049 1890
1051 1142
1051 1203
1051 1412
1052 1136
1052 1242
1052 1876
1053 1185
1053 1677
1053 1988
1054 1201
1054 1350
1055 1241
1055 1276
1055 1507
1055 1622
1056 1178
1056 1388
1056 1395
1056 1667
1056 1774
1056 1899
1056 1921
1057 1478
1057 1681
1057 1754
1057 1815
1057 1924
1057 1929
1058 1307
1058 1455
1058 1732
1058 1734
1058 1796
1058 1864
1059 1131
1059 1257
1059 1417
1059 1515
1059 1791
1059 1958
1059 1997
1060 1387
1060 1653
1060 1828
1060 1866
1061 1117
1061 1324
1061 1392
1061 1453
1061 1607
1061 1719
1061 1938
1062 1132
1062 1231
1063 1517
1063 1610
1063 1813
1063 1915
1064 1649
1064 1794
1065 1143
1065 1149
1065 1189
1065 1441
1065 1581
1066 1092
1066 1362
1066 1861
1066 1869
1066 1871
1066 1916
1067 1234
1067 1593
1068 1071
1068 1303
1068 1388
1068 1402
1068 1424
1068 1449
1068 1796
1068 1992
1069 1253
1069 1507
1069 1877
1069 1998
1070 1516
1070 1958
1071 1353
1072 1110
1072 1461
1072 1471
1072 1480
1072 1666
1073 1123
1073 1564
1073 1691
1074 1105
1074 1545
1075 1101
1075 1482
1075 1545
1075 1760
1075 1815
1076 1293
1076 1816
1077 1198
1077 1569
1077 1947
1078 1215
1078 1413
1078 1541
1078 1888
1078 1906
1079 1236
1079 1595
1079 1657
1079 1716
1080 1082
1080 1531
1080 1717
1081 1163
1081 1478
1081 1632
1081 1694
1082 1203
1082 1270
1082 1846
1082 1934
1082 1991
1083 1090
1083 1150
1083 1391
1083 1677
1083 1752
1083 1881
1083 1953
1084 1160
1084 1350
1084 1629
1085 1951
1087 1092
1087 1467
1087 1596
1087 1895
1088 1361
1088 1557
1088 1588
1088 1695
1089 1593
1089 1694
1089 1986
1090 1096
1090 1540
1090 1851
1091 1430
1091 1795
1091 1912
1092 1413
1092 1424
1093 1126
1093 1281
1093 1382
1093 1903
1093 1973
1095 1274
1095 1659
1095 1710
1095 1814
1095 1823
1095 1834
1096 1571
1096 1875
1096 1890
1097 1172
1097 1795
1097 1992
1098 1183
1098 1396
1098 1748
1098 1862
1099 1355
1099 1441
1099 1815
1099 1870
1100 1297
1100 1299
1100 1386
1100 1398
1100 1526
1100 1727
1100 1792
1101 1250
1101 1488
1101 1989
1102 1186
1102 1208
1102 1344
1102 1526
1103 1217
1103 1689
1103 1877
1104 1151
1104 1645
1104 1675
1105 1455
1105 1577
1105 1721
1105 1845
1105 1920
1105 1989
1106 1467
1107 1194
1107 1408
1107 1787
1107 1902
1108 1554
1109 1144
1109 1259
1109 1359
1109 1724
1110 1146
1110 1156
1110 1236
1110 1280
1111 1124
1111 1324
1111 1432
1111 1837
1112 1935
1113 1407
1113 1815
1114 1191
1114 1869
1115 1552
1116 1229
1116 1242
1116 1244
1116 1413
1116 1480
1117 1226
1117 1301
1117 1500
1117 1501
1117 1622
1117 1795
1118 1716
1118 1871
1118 1902
1118 1984
1119 1155
1120 1193
1120 1332
1120 1399
1120 1529
1120 1754
1121 1235
1122 1373
1122 1621
1123 1852
1124 1212
1124 1574
1124 1978
1125 1532
1125 1686
1125 1808
1126 1472
1126 1553
1126 1756
1126 1928
1126 1945
1127 1218
1127 1473
1128 1435
1129 1524
1129 1530
1129 1900
1129 1964
1130 1277
1130 1543
1130 1897
1131 1261
1131 1447
1131 1610
1132 1179
1132 1561
1132 1649
1132 1974
1133 1136
1133 1216
1133 1535
1133 1699
1133 1736
1134 1208
1134 1512
1134 1678
1135 1242
1135 1441
1135 1671
1135 1965
1136 1302
1136 1547
1136 1580
1136 1593
1136 1725
1136 1853
1136 1861
1136 1920
1138 1402
1138 1723
1140 1290
1140 1317
1140 1568
1140 1954
1141 1221
1141 1413
1141 1509
1142 1477
1142 1962
1143 1234
1143 1468
1143 1776
1144 1574
1144 1662
1145 1281
1145 1452
1146 1231
1146 1314
1147 1167
1147 1558
1147 1628
1147 1965
1147 1995
1148 1349
1148 1707
1148 1872
1149 1165
1149 1624
1150 1293
1151 1548
1152 1197
1152 1506
1152 1540
1152 1724
1153 1170
1153 1194
1153 1407
1153 1459
1153 1560
1153 1596
1153 1597
1153 1801
1153 1869
1153 1874
1154 1258
1155 1235
1155 1626
1155 1757
1156 1331
1156 1658
1156 1715
1156 1838
1157 1717
1158 1311
1158 1939
1159 1322
1159 1495
1159 1590
1160 1894
1161 1442
1162 1287
1162 1294
1162 1376
1162 1778
1162 1849
1163 1306
1163 1491
1163 1494
1163 1793
1164 1712
1165 1483
1165 1701
1166 1741
1167 1201
1167 1368
1167 1404
1167 1406
1167 1452
1167 1796
1168 1389
1168 1669
1169 1927
1169 1947
1170 1290
1170 1459
1170 1769
1171 1180
1171 1199
1171 1202
1171 1377
1171 1799
1171 1907
1172 1558
1172 1618
1172 1735
1172 1764
1173 1448
1173 1946
1174 1213
1174 1215
1174 1375
1176 1252
1176 1669
1176 1742
1176 1800
1177 1376
1177 1470
1177 1710
1177 1888
1178 1809
1178 1989
1179 1431
1179 1681
1179 1802
1180 1205
1180 1315
1180 1501
1180 1681
1180 1825
1181 1197
1182 1697
1183 1353
1183 1925
1184 1424
1184 1455
1184 1644
1184 1766
1184 1908
1185 1686
1185 1829
1186 1317
1186 1979
1187 1234
1187 1376
1187 1568
1187 1767
1188 1190
1188 1609
1188 1667
1188 1955
1189 1717
1189 1826
1189 1920
1189 1936
1190 1307
1190 1538
1191 1404
1191 1473
1191 1526
1191 1555
1191 1710
1191 1983
1192 1326
1192 1595
1193 1273
1194 1328
1194 1339
1194 1686
1195 1476
1195 1702
1196 1261
1196 1701
1196 1873
1197 1239
1197 1306
1197 1358
1197 1440
1198 1268
1198 1423
1199 1329
1199 1381
1199 1382
1199 1424
1199 1560
1199 1674
1199 1697
1200 1272
1200 1522
1200 1933
1201 1285
1201 1492
1201 1795
1201 1805
1202 1229
1202 1500
1202 1695
1202 1763
1202 1859
1202 1923
1203 1386
1203 1533
1203 1722
1204 1614
1204 1932
1205 1336
1205 1470
1205 1597
1205 1678
1205 1697
1205 1743
1205 1936
1205 1985
1207 1263
1207 1445
1207 1540
1207 1598
1208 1210
1208 1395
1208 1519
1208 1757
1208 1873
1209 1743
1209 1809
1210 1216
1210 1721
1211 1786
1211 1879
1212 1391
1212 1487
1212 1753
1213 1428
1213 1839
1213 1906
1213 1962
1214 1235
1214 1390
1214 1550
1214 1585
1214 1639
1214 1790
1214 1887
1214 1904
1214 1976
1215 1369
1215 1638
1215 1713
1215 1824
1215 1918
1216 1379
1216 1611
1216 1713
1216 1735
1216 1803
1216 1835
1216 1867
1217 1421
1217 1482
1217 1521
1217 1985
1218 1221
1218 1471
1218 1866
1219 1593
1219 1858
1220 1610
1220 1897
1221 1302
1221 1327
1221 1695
1221 1779
1222 1595
1222 1704
1222 1725
1222 1865
1223 1672
1224 1689
1224 1839
1224 1920
1225 1486
1225 1648
1227 1284
1227 1337
1227 1878
1228 1290
1228 1642
1228 1672
1228 1978
1229 1596
1229 1671
1230 1254
1230 1473
1230 1500
1231 1281
1231 1294
1231 1465
1231 1619
1231 1720
1231 1957
1232 1994
1233 1482
1233 1839
1234 1658
1234 1742
1234 1969
1235 1642
1235 1917
1236 1300
1236 1376
1236 1489
1236 1503
1236 1832
1236 1871
1236 1913
1237 1308
1237 1506
1237 1596
1237 1608
1237 1718
1238 1252
1238 1699
1238 1742
1240 1427
1240 1448
1240 1546
1242 1286
1242 1438
1243 1283
1243 1850
1243 1907
1244 1286
1244 1651
1246 1336
1246 1466
1247 1311
1247 1790
1248 1411
1248 1598
1248 1654
1248 1732
1249 1361
1249 1618
1249 1623
1250 1323
1250 1917
1250 1999
1251 1289
1251 1887
1251 1911
1252 1440
1252 1627
1252 1785
1252 1858
1253 1848
1253 1965
1253 1996
1254 1330
1254 1376
1254 1621
1255 1847
1256 1427
1257 1293
1257 1443
1257 1627
1257 1773
1257 1815
1257 1867
1258 1434
1258 1642
1258 1645
1258 1735
1258 1863
1259 1314
1259 1337
1259 1578
1259 1691
1259 1877
1259 1937
1260 1309
1260 1413
1260 1415
1260 1535
1260 1863
1260 1882
1260 1963
1261 1274
1262 1307
1262 1330
1263 1882
1264 1453
1264 1863
1264 1869
1265 1476
1265 1682
1265 1771
1266 1316
1266 1643
1266 1749
1268 1595
1268 1623
1268 1815
1269 1297
1270 1367
1270 1472
1270 1582
1270 1658
1270 1770
1271 1302
1271 1413
1271 1457
1271 1493
1271 1672
1271 1775
1272 1589
1274 1468
1274 1693
1275 1653
1275 1781
1275 1858
1275 1930
1276 1357
1276 1765
1277 1488
1277 1545
1277 1581
1277 1666
1277 1667
1278 1930
1278 1956
1279 1590
1279 1843
1279 1937
1280 1301
1281 1296
1281 1748
1281 1864
1282 1284
1282 1655
1282 1791
1283 1354
1283 1526
1283 1724
1283 1833
1283 1954
1284 1311
1284 1398
1284 1416
1284 1493
1284 1537
1284 1618
1284 1869
1284 1896
1285 1942
1286 1474
1287 1328
1287 1529
1287 1817
1287 1856
1288 1289
1288 1350
1288 1561
1288 1748
1288 1853
1289 1746
1289 1854
1290 1328
1290 1509
1290 1563
1290 1601
1290 1902
1291 1382
1291 1772
1292 1582
1292 1609
1293 1301
1293 1447
1293 1607
1293 1965
1294 1368
1294 1476
1294 1635
1295 1430
1295 1582
1295 1887
1296 1338
1296 1603
1298 1318
1298 1339
1298 1455
1298 1496
1300 1358
1300 1552
1300 1827
1301 1452
1301 1645
1302 1855
1302 1953
1302 1967
1303 1564
1303 1652
1303 1922
1304 1703
1304 1828
1304 1866
1305 1899
1305 2000
1306 1364
1306 1372
1306 1612
1306 1790
1307 1746
1307 1789
1308 1500
1308 1864
1310 1687
1310 1864
1310 1986
1311 1640
1311 1795
1312 1556
1312 1844
1313 1414
1313 1924
1313 1944
1313 1990
1313 1993
1314 1452
1314 1802
1315 1547
1315 1760
1315 1820
1316 1461
1316 1506
1316 1641
1316 1693
1316 1795
1316 1907
1317 1524
1317 1728
1317 1762
1317 1927
1319 1548
1319 1771
1320 1346
1321 1344
1321 1741
1323 1330
1323 1716
1324 1334
1324 1428
1325 1665
1326 1994
1327 1373
1327 1461
1327 1547
1328 1661
1328 1708
1328 1881
1328 1892
1328 1915
1328 1980
1329 1633
1330 1671
1330 1773
1331 1368
1331 1482
1331 1942
1332 1369
1332 1630
1332 1743
1332 1866
1333 1569
1333 1623
1334 1361
1334 1401
1334 1754
1335 1459
1335 1804
1336 1461
1336 1711
1337 1490
1337 1543
1337 1571
1337 1734
1337 1799
1337 1889
1338 1664
1338 1768
1338 1907
1339 1619
1340 1510
1341 1358
1341 1425
1341 1900
1341 1910
1341 1990
1342 1660
1342 1725
1342 1797
1343 1832
1343 1932
1344 1551
1344 1592
1345 1524
1345 1589
1345 1832
1346 1597
1346 1778
1347 1363
1348 1498
1348 1501
1348 1601
1348 1984
1349 1514
1349 1720
1350 1445
1350 1489
1350 1539
1350 1807
1351 1541
1351 1906
1352 1579
1353 1461
1353 1676
1353 1830
1354 1728
1354 1881
1354 1887
1355 1475
1355 1500
1356 1782
1356 1864
1357 1712
1357 1936
1357 2000
1358 1377
1358 1395
1358 1947
1359 1800
1360 1557
1360 1828
1361 1393
1361 1883
1363 1465
1364 1574
1364 1596
1364 1649
1364 1818
1365 1701
1365 1724
1366 1952
1367 1431
1367 1685
1367 1956
1368 1375
1368 1421
1368 1446
1368 1633
1368 1966
1369 1797
1369 1983
1371 1455
1371 1652
1371 1728
1371 1865
1372 1757
1372 1842
1372 1858
1373 1483
1373 1567
1375 1505
1376 1559
1377 1436
1377 1974
1378 1858
1379 1541
1380 1426
1380 1535
1380 1768
1380 1879
1382 1698
1383 1507
1383 1510
1383 1526
1383 1886
1384 1789
1384 1823
1385 1597
1385 1867
1385 1947
1386 1609
1386 1645
1387 1813
1388 1862
1389 1677
1389 1922
1390 1490
1390 1573
1390 1695
1390 1841
1391 1450
1391 1817
1392 1891
1392 1989
1395 1635
1395 1904
1395 1931
1395 1977
1396 1498
1396 1532
1396 1994
1397 1606
1398 1612
1398 1792
1399 1538
1399 1994
1400 1442
1400 1592
1400 1697
1400 1915
1400 1964
1401 1409
1401 1906
1402 1977
1403 1474
1403 1615
1404 1479
1404 1544
1404 1870
1405 1997
1406 1537
1406 1951
1407 1469
1407 1627
1407 1872
1407 1958
1408 1422
1408 1538
1408 1787
1408 1859
1408 1922
1409 1502
1409 1846
1409 1869
1409 1926
1410 1451
1411 1514
1411 1687
1413 1796
1414 1948
1415 1707
1415 1960
1415 1988
1417 1845
1418 1624
1418 1904
1419 1483
1419 1543
1419 1793
1420 1857
1421 1492
1421 1597
1422 1932
1423 1696
1424 1426
1424 1628
1424 1855
1425 1545
1426 1548
1426 1968
1426 1977
1427 1489
1427 1521
1427 1979
1428 1493
1428 1523
1428 1629
1428 1648
1428 1979
1429 1470
1429 1531
1429 1636
1429 1644
1429 1722
1429 1974
1429 1994
1431 1442
1431 1475
1431 1616
1432 1865
1432 1876
1432 1892
1433 1587
1433 1650
1433 1687
1433 1792
1434 1638
1434 1830
1434 1948
1435 1652
1435 1879
1435 1983
1436 1617
1437 1486
1437 1562
1438 1762
1438 1929
1438 1933
1439 1481
1439 1567
1439 1702
1439 1713
1440 1781
1440 1956
1441 1648
1441 1708
1441 1728
1441 1866
1442 1784
1443 1487
1443 1722
1444 1507
1444 1720
1445 1660
1445 1945
1446 1465
1446 1802
1446 1815
1447 1556
1447 1562
1447 1652
1447 1840
1448 1972
1449 1588
1449 1801
1449 1865
1449 1907
1451 1808
1452 1475
1452 1479
1452 1510
1452 1577
1453 1777
1454 1679
1454 1757
1455 1668
1455 1760
1455 1851
1456 1724
1458 1674
1459 1575
1459 1647
1459 1848
1459 1974
1460 1602
1460 1736
1460 1923
1461 1487
1461 1774
1461 1883
1462 1749
1462 1977
1463 1871
1464 1473
1464 1779
1464 1989
1465 1744
1465 1778
1465 1972
1466 1769
1469 1748
1469 1880
1470 1527
1470 1939
1471 1564
1472 1605
1472 2000
1473 1993
1474 1670
1474 1750
1475 1566
1476 1841
1476 1897
1478 1652
1479 1635
1479 1942
1480 1971
1481 1662
1481 1689
1481 1706
1481 1760
1482 1536
1482 1624
1483 1579
1483 1652
1483 1678
1483 1686
1483 1929
1483 1982
1485 1609
1485 1670
1486 1566
1486 1579
1486 1690
1486 1692
1487 1562
1487 1715
1487 1795
1487 1897
1488 1837
1489 1643
1489 1815
1489 1903
1489 1944
1490 1503
1490 1636
1490 1996
1491 1685
1491 1860
1491 1932
1493 1696
1493 1852
1493 1889
1495 1549
1495 1672
1495 1921
1496 1573
1496 1662
1497 1971
1498 1707
1498 1816
1498 1852
1498 1906
1499 1642
1499 1824
1499 1982
1500 1537
1500 1717
1500 1921
1501 1649
1501 1974
1502 1737
1502 1744
1502 1893
1503 1546
1503 1687
1503 1772
1504 1753
1505 1512
1505 1872
1506 1653
1506 1814
1507 1694
1508 1696
1508 1699
1509 1782
1510 1595
1511 1533
1511 1733
1511 1779
1512 1772
1512 1895
1513 1726
1514 1520
1514 1533
1514 1587
1516 1661
1516 1704
1516 1779
1518 1714
1520 1607
1520 1631
1521 1870
1522 1698
1523 1763
1524 1740
1525 1651
1525 1719
1526 1653
1526 1980
1527 1551
1527 1832
1528 1541
1528 1978
1530 1955
1531 1858
1531 1989
1532 1722
1533 1829
1534 1747
1534 1873
1534 1877
1534 1917
1534 1965
1535 1593
1535 1884
1537 1695
1538 1827
1538 1973
1539 1576
1539 1588
1539 1833
1540 1646
1541 1638
1541 1719
1541 1721
1541 1933
1541 1994
1542 1758
1542 1871
1543 1606
1543 1751
1545 1617
1546 1559
1546 1697
1546 1854
1547 1575
1547 1641
1547 1732
1547 1776
1548 1703
1549 1774
1549 1962
1551 1735
1551 1753
1552 1563
1552 1672
1552 1972
1554 1561
1555 1597
1555 1679
1555 1682
1555 1707
1555 1734
1556 1926
1557 1836
1557 1974
1559 1794
1559 1982
1560 1582
1560 1946
1561 1606
1561 1734
1561 1833
1562 1663
1562 1788
1562 1850
1562 1932
1563 1747
1563 1821
1563 1952
1564 1713
1564 1879
1565 1918
1566 1650
1567 1723
1567 1811
1567 1833
1568 1573
1569 1629
1569 1690
1570 1625
1570 1680
1571 1785
1571 1920
1572 1615
1572 1628
1572 1643
1572 1957
1573 1633
1573 1713
1573 1789
1573 1921
1574 1618
1574 1625
1575 1704
1577 1859
1577 1928
1578 1714
1578 1730
1578 1789
1578 1821
1578 1990
1579 1768
1582 1699
1582 1703
1583 1765
1583 1868
1584 1638
1584 1781
1584 1829
1585 1813
1585 1840
1586 1620
1587 1738
1588 1705
1588 1992
1589 1683
1589 1898
1592 1833
1592 1931
1593 1643
1593 1959
1595 1941
1595 1976
1596 1721
1597 1675
1597 1991
1599 1901
1600 1642
1600 1842
1600 1948
1601 1657
1602 1951
1603 1757
1604 1938
1604 1997
1605 1947
1606 1886
1606 1888
1607 1646
1608 1772
1609 1778
1610 1794
1611 1627
1612 1774
1612 1892
1614 1634
1614 1829
1614 1839
1614 1890
1615 1789
1618 1622
1618 1950
1619 1945
1622 1815
1623 1833
1623 1934
1624 1815
1624 1870
1626 1786
1626 1943
1628 1746
1633 1769
1633 1796
1635 1757
1636 1986
1637 1903
1639 1916
1640 1665
1641 1777
1642 1706
1642 1973
1645 1908
1645 1984
1646 1663
1647 1784
1648 1977
1649 1867
1650 1881
1650 1899
1651 1673
1652 1885
1653 1754
1653 1785
1653 1874
1655 1671
1655 1676
1656 1762
1656 1826
1657 1784
1658 1714
1659 1715
1659 1850
1659 1871
1661 1795
1663 1894
1667 1818
1668 1840
1670 1946
1671 1685
1672 1852
1672 1978
1672 2000
1673 1709
1673 1975
1674 1757
1674 1853
1674 1964
1675 1694
1675 1740
1675 1935
1676 1787
1676 1797
1678 1938
1679 1901
1681 1727
1681 1909
1682 1948
1682 1953
1683 1984
1683 1986
1684 1866
1684 1911
1684 1974
1686 1787
1686 1874
1688 1884
1688 1948
1689 1715
1689 1769
1689 1824
1689 1895
1689 1953
1690 1831
1691 1729
1691 1772
1692 1939
1696 1983
1699 1710
1700 1796
1700 1889
1701 1711
1701 1978
1701 2000
1702 1915
1703 1938
1704 1996
1705 1735
1705 1767
1705 1828
1710 1743
1710 1754
1711 1728
1711 1911
1711 1951
1712 1868
1713 1883
1713 1987
1714 1759
1715 1848
1716 1720
1718 1766
1719 1998
1720 1840
1720 1861
1720 1959
1720 1982
1721 1902
1721 1969
1721 1983
1722 1729
1722 1800
1723 2000
1725 1958
1726 1778
1728 1992
1729 1909
1730 1799
1730 1800
1732 1982
1733 1793
1735 1868
1737 1877
1739 1782
1739 1934
1739 1996
1741 1849
1743 1878
1744 1796
1744 1815
1744 1821
1748 1804
1749 1800
1751 1952
1751 1967
1752 1803
1758 1937
1759 1990
1765 1775
1765 1831
1768 1840
1768 1909
1768 1941
1768 1966
1771 1862
1772 1884
1774 1798
1774 1867
1774 1872
1776 1848
1776 1997
1777 1904
1778 1802
1778 1938
1779 1821
1779 1856
1779 1973
1780 1837
1781 1842
1782 1798
1782 1932
1783 1995
1784 1890
1787 1885
1788 1999
1789 1876
1789 1991
1792 1874
1794 1961
1796 1843
1797 1940
1799 1983
1802 1994
1803 1894
1804 1960
1805 1986
1807 1867
1808 1853
1817 1894
1817 1937
1817 1972
1818 1837
1818 1995
1820 1958
1821 1865
1829 1856
1829 1877
1833 1900
1833 1977
1834 1850
1840 1948
1841 1948
1843 1860
1847 1911
1848 1888
1849 1980
1850 1927
1850 1978
1850 1997
1851 1869
1851 1973
1853 1932
1855 1889
1856 1882
1856 1912
1859 1973
1860 1863
1860 1954
1862 1883
1862 1952
1863 1986
1866 1955
1867 1960
1867 1997
1871 1956
1872 1912
1872 1920
1872 1927
1873 1911
1874 1961
1874 1995
1876 1937
1876 1971
1877 1950
1878 1939
1880 1943
1882 1929
1883 1907
1886 1894
1886 1929
1887 1924
1891 1950
1892 1995
1893 1945
1893 1968
1897 1928
1897 1936
1897 1941
1901 2000
1902 1944
1904 1962
1911 1973
1916 1949
1923 1930
1930 1993
1942 1953
1946 1963
1966 1996
1969 1989
1970 1998