2000
1 243
1 255
1 1659
1 1977
2 368
3 797
4 101
4 907
5 1513
5 1876
5 1979
6 1353
7 839
8 134
9 509
9 811
9 1559
11 515
11 1945
14 254
14 1706
16 113
16 427
16 1625
17 654
17 1337
17 1348
18 1072
20 1142
24 1735
27 271
28 96
29 114
30 1483
30 1559
30 1955
31 183
31 676
33 978
33 1877
34 96
35 268
36 1041
36 1319
37 1025
37 1180
40 409
40 1268
42 125
42 1941
43 1164
43 1767
44 787
46 1037
46 1226
46 1993
47 499
47 1196
47 1475
48 701
49 1262
49 1585
55 835
56 1502
58 1040
58 1484
59 100
61 290
61 1557
63 1030
63 1049
63 1508
64 397
65 1683
66 243
66 891
66 1889
68 730
68 1793
69 213
70 237
70 1078
70 1209
70 1565
72 1267
76 995
76 1030
76 1640
80 139
80 454
82 145
82 1054
85 1016
86 1497
87 1894
88 1173
89 399
89 1032
89 1809
90 954
90 965
90 1621
91 228
92 1979
93 1039
94 1575
94 1945
95 1156
95 1528
96 803
96 1189
98 760
99 639
99 1375
100 1189
100 1302
101 816
101 1129
103 1115
104 891
105 416
105 492
105 791
105 1175
106 619
106 926
107 285
107 750
110 793
110 1042
110 1685
112 271
112 1033
112 1449
114 340
115 1877
116 450
116 1026
117 1026
120 1380
121 968
122 826
122 1059
123 1530
125 1676
125 1876
126 824
127 425
128 1520
128 1811
128 1932
129 1080
130 926
130 987
130 1088
131 1277
132 874
133 1217
134 556
134 1127
136 1468
137 187
138 254
138 588
138 1709
139 1962
140 353
144 917
145 246
146 429
147 758
149 742
149 990
150 1734
151 180
151 375
151 1591
151 1922
155 1337
155 1671
157 1077
158 957
158 1508
160 267
160 1558
160 1720
162 1062
162 1287
163 1558
164 1069
165 1248
166 462
166 737
166 1846
167 355
167 914
172 303
173 949
173 1909
175 1803
176 649
176 1401
181 291
183 1403
184 934
184 1360
185 845
185 1057
186 1566
187 896
189 791
189 1651
190 643
190 721
190 1209
191 297
191 730
192 1507
192 1742
195 1495
195 1522
195 1731
197 636
197 716
197 1490
199 637
201 381
203 1154
205 418
205 1648
206 285
206 508
207 1149
207 1437
207 1969
209 1494
209 1594
211 430
211 1516
211 1991
212 1655
212 1810
215 717
215 1407
215 1454
217 1859
218 1725
219 1023
221 293
221 1511
225 675
225 992
225 1445
227 341
227 932
227 1775
228 550
229 562
229 1388
229 1503
230 569
230 1982
231 1777
233 1983
234 1098
236 1010
236 1910
239 1331
240 684
241 1915
242 1007
242 1321
242 1336
242 1668
242 1878
244 460
244 622
244 946
244 1991
245 759
246 278
246 1646
247 821
247 1248
249 484
249 1014
252 989
254 1314
255 1228
256 964
258 1395
261 853
261 1011
263 450
263 665
263 1880
264 518
267 302
267 351
267 1199
269 1514
270 464
270 1676
273 1495
273 1916
274 1007
275 1847
276 1650
277 375
280 844
285 1635
285 1932
287 641
288 933
291 1460
292 1639
292 1879
293 309
293 1083
296 1334
296 1820
303 436
303 1557
303 1679
303 1878
305 1495
305 1859
306 811
306 1162
307 813
307 1758
309 901
314 912
315 750
315 1636
317 691
321 1289
321 1595
322 748
322 1350
323 991
323 1661
325 783
326 998
326 1221
327 858
329 538
330 472
330 728
331 1269
332 742
332 1497
333 595
333 818
333 1069
333 1435
334 415
334 757
336 1885
336 1980
338 500
339 867
341 703
341 1647
341 1949
344 461
345 1439
345 1530
346 742
347 780
347 1290
347 1685
350 1729
350 1908
351 1030
352 1231
352 1597
353 1628
355 634
356 665
357 1788
358 1282
361 901
361 1055
361 1176
362 1615
363 650
363 1762
364 808
365 1634
365 1747
368 1204
368 1824
371 633
371 728
372 990
375 1547
377 1982
378 1149
379 785
379 792
380 664
380 1311
380 1938
381 1347
381 1523
387 968
387 1870
387 1877
389 989
389 1239
389 1408
390 1564
390 1850
390 1866
391 1078
392 724
399 1528
400 576
400 1401
401 749
401 1468
402 1577
404 1219
404 1629
405 715
406 1633
409 993
410 1825
412 679
414 478
414 1384
418 1689
420 1593
422 1307
422 1764
423 607
424 961
424 1610
426 1757
428 966
430 1662
433 1167
434 661
436 1651
437 687
437 699
439 580
440 931
440 1166
440 1767
443 636
444 1910
445 600
448 1171
449 1354
450 487
451 749
452 1574
454 1975
455 1566
457 540
457 1677
459 525
459 1887
460 1167
461 811
463 1881
464 1014
464 1270
466 1668
467 1902
470 525
471 719
472 1036
472 1875
474 766
475 1181
475 1287
475 1530
476 501
476 596
476 1228
476 1368
477 1200
478 611
478 1487
480 795
481 654
482 1990
485 1839
486 1867
487 1262
488 1696
490 805
490 1431
491 1538
492 1746
493 605
493 681
496 742
499 578
499 681
499 1574
502 1985
503 1130
503 1209
503 1276
503 1905
504 1581
504 1931
506 1108
506 1579
508 1229
510 1064
510 1102
510 1538
511 1984
515 1970
516 834
519 1345
519 1893
519 1913
522 880
523 931
525 712
525 985
528 1382
532 562
534 1175
534 1918
536 985
537 1637
537 1821
538 1084
538 1960
539 705
539 1285
540 1381
541 871
541 1036
541 1504
541 1506
543 1609
544 1992
546 689
546 1628
546 1974
548 744
551 1201
552 1845
553 1583
554 1333
555 670
555 1087
556 719
556 1281
557 1596
558 1981
559 701
561 680
561 1113
562 880
562 1126
563 1233
564 1923
565 680
565 1429
567 1305
567 1310
571 1518
571 1649
572 885
572 1350
575 1621
575 1885
577 848
577 1395
577 1999
579 1333
580 1556
580 1803
581 1426
582 799
582 1889
583 586
583 713
589 1704
590 1445
592 762
592 1357
593 1018
593 1739
593 1798
594 1795
595 1836
597 1560
598 1355
600 712
601 1570
602 1699
603 1100
604 1204
604 1543
604 1640
605 783
607 676
608 1563
612 885
613 1268
614 844
615 1269
616 1120
616 1815
620 1758
621 1138
625 1373
626 691
628 1339
630 1340
630 1563
630 1944
632 772
632 1125
633 875
633 1639
634 809
634 1736
635 1406
636 1760
637 816
639 1166
639 1976
641 984
641 1338
641 1900
642 1544
643 662
643 1659
645 1663
647 1045
647 1155
647 1350
648 909
649 894
651 1823
652 970
652 1602
653 1419
654 1701
654 1851
655 910
655 936
656 1548
656 1869
663 733
663 1181
665 847
665 1431
665 1813
665 1873
667 746
670 852
672 1309
673 1924
674 990
674 1236
675 816
675 1641
675 1900
676 1642
677 1163
677 1591
677 1983
678 997
679 1257
680 895
680 1399
681 1569
683 1506
685 833
685 1234
687 1955
688 1170
689 1163
690 908
693 1163
697 1252
698 1658
700 1860
701 1373
702 987
703 1607
704 1080
706 1865
709 849
709 1347
711 980
713 824
715 790
715 1876
717 1600
719 1758
721 1935
724 1995
726 952
727 1271
728 938
728 1702
729 779
729 1069
731 1855
732 1125
732 1654
736 984
737 1852
738 1988
739 940
739 1633
740 1255
742 894
746 1264
746 1765
747 1302
747 1794
748 1319
750 1721
751 1214
754 1918
758 1516
761 1618
764 1826
767 1757
767 1773
767 1833
768 1130
771 1235
773 1229
776 1606
778 1724
781 1968
782 1545
783 1275
784 895
784 1664
785 1655
786 854
787 890
788 1877
789 996
792 1499
796 1565
797 1028
797 1030
797 1538
797 1815
798 1789
800 1251
801 1039
802 872
803 1644
807 1012
809 1689
810 1531
811 1343
811 1456
814 1071
814 1619
815 1136
816 894
816 1129
816 1853
820 1429
820 1577
821 967
823 1281
823 1297
827 978
827 1680
828 953
831 1162
832 1281
833 1213
836 861
836 1768
837 1998
838 1263
840 1719
841 1801
842 1423
843 877
843 1539
843 1619
843 1652
844 1118
845 927
845 1321
846 1698
851 1115
852 1039
852 1887
853 1396
855 1520
856 904
857 1522
859 1636
860 1957
861 1017
862 1360
863 998
864 1709
866 1207
867 1943
868 1110
873 1533
877 1467
877 1672
879 1530
880 1532
881 1906
882 1254
883 1651
888 1814
890 1057
891 1040
891 1135
892 1443
893 1457
894 1988
896 1432
896 1779
899 1896
900 1928
903 1277
903 1372
905 1663
907 1545
909 1232
910 1519
910 1672
912 1331
912 1671
914 1171
915 1610
915 1823
916 1895
918 1750
919 1428
919 1889
919 1921
921 1273
922 1037
924 1679
924 1852
924 1916
925 1530
931 1194
932 1149
933 1174
935 1279
936 1619
938 1034
938 1755
939 1582
940 1502
941 1621
943 1995
945 1270
948 1455
949 1806
950 1396
950 1742
951 1667
954 1045
954 1443
954 1963
957 1480
958 1333
958 1808
962 1369
962 1545
964 1726
969 1984
971 1372
971 1932
972 1528
973 1472
975 1165
975 1683
975 1741
976 1148
977 1579
978 1777
979 1912
981 1145
981 1343
982 1258
987 1165
987 1894
988 1235
989 1307
990 1644
990 1753
991 1871
994 1588
996 1420
998 1661
1001 1071
1002 1907
1005 1041
1005 1050
1005 1819
1005 1920
1006 1284
1007 1671
1008 1499
1008 1969
1009 1020
1009 1086
1011 1816
1012 1270
1012 1894
1015 1397
1015 1419
1015 1832
1017 1261
1021 1048
1022 1878
1023 1434
1024 1109
1028 1176
1028 1528
1029 1377
1033 1644
1035 1735
1038 1168
1038 1173
1038 1525
1039 1529
1042 1606
1042 1668
1048 1725
1051 1631
1054 1665
1055 1531
1056 1249
1057 1677
1057 1961
1058 1172
1059 1225
1060 1169
1067 1465
1069 1332
1069 1683
1070 1610
1071 1604
1072 1557
1075 1568
1080 1361
1081 1736
1087 1214
1087 1873
1088 1609
1092 1761
1092 1891
1093 1704
1093 1715
1095 1426
1097 1301
1100 1338
1102 1230
1105 1496
1105 1857
1109 1783
1110 1121
1110 1304
1110 1926
1111 1763
1113 1956
1115 1548
1116 1310
1121 1637
1123 1276
1123 1474
1124 1249
1127 1837
1129 1647
1129 1722
1131 1202
1131 1210
1131 1834
1132 1232
1133 1914
1136 1376
1139 1949
1141 1255
1142 1478
1144 1860
1147 1356
1148 1662
1152 1243
1154 1534
1164 1754
1165 1811
1165 1983
1168 1379
1168 1463
1168 1478
1169 1928
1171 1486
1171 1904
1171 1905
1173 1177
1174 1791
1174 1823
1175 1788
1177 1256
1183 1747
1185 1189
1185 1309
1185 1729
1187 1736
1197 1840
1199 1718
1200 1663
1204 1497
1204 1616
1204 1639
1206 1861
1207 1718
1209 1495
1211 1337
1212 1463
1212 1612
1214 1920
1214 1942
1216 1600
1217 1809
1218 1996
1219 1393
1219 1567
1221 1747
1222 1575
1226 1419
1226 1850
1227 1817
1230 1481
1236 1289
1237 1564
1238 1748
1241 1363
1241 1540
1243 1409
1243 1799
1244 1436
1245 1545
1245 1911
1250 1698
1252 1459
1258 1704
1259 1912
1261 1345
1262 1700
1266 1341
1266 1485
1270 1807
1274 1589
1278 1619
1278 1743
1279 1600
1283 1735
1283 1768
1285 1373
1286 1994
1287 1766
1287 1923
1288 1630
1296 1638
1297 1434
1298 1920
1299 1736
1300 1891
1301 1883
1301 1904
1303 1314
1305 1505
1306 1426
1309 1786
1311 1406
1311 1831
1313 1545
1318 1827
1320 1363
1322 1631
1325 1549
1328 1965
1331 1469
1333 1952
1335 1782
1337 1460
1339 1664
1339 1803
1340 1819
1340 1989
1342 1454
1342 1630
1343 1443
1345 1866
1345 1973
1346 1401
1351 1518
1352 1778
1353 1915
1353 1978
1358 1652
1361 1788
1368 1485
1369 1849
1376 1673
1377 1746
1378 1444
1387 1917
1389 1773
1392 1945
1392 1963
1397 1425
1401 1493
1406 1498
1407 1944
1416 1492
1416 1994
1420 1493
1422 1560
1422 1729
1423 1883
1425 1587
1428 1599
1431 1522
1436 1495
1437 1589
1438 1702
1439 1775
1441 1552
1445 1788
1450 1643
1454 1502
1455 1891
1458 1884
1460 1879
1467 1840
1469 1870
1471 1692
1471 1833
1480 1724
1481 1806
1483 1501
1483 1941
1484 1683
1487 1980
1493 1538
1495 1645
1495 1657
1497 1778
1500 1894
1502 1631
1511 1550
1513 1841
1516 1827
1522 1825
1527 1956
1537 1573
1538 1612
1539 1618
1542 1952
1544 1612
1547 1639
1548 1551
1553 1935
1556 1950
1557 1986
1559 1623
1559 1924
1560 1853
1562 1974
1564 1722
1569 1817
1575 1961
1598 1891
1599 1996
1610 1790
1617 1640
1624 1629
1625 1840
1627 1907
1638 1875
1638 1899
1642 1910
1647 1660
1660 1763
1663 1905
1669 1980
1671 1777
1671 1908
1674 1965
1675 1842
1679 1768
1680 1693
1683 1837
1685 1899
1685 1954
1686 1783
1688 1781
1691 1836
1694 1824
1696 1738
1712 1797
1718 1753
1725 1878
1733 1800
1750 1790
1751 1823
1754 1833
1759 1875
1762 1984
1765 1902
1769 1782
1773 1793
1794 1929
1814 1908
1825 1881
1830 1901
1838 1844
1846 1926
1846 1985
1848 1984
1850 1934
1854 1879
1883 1912
1883 1939
1909 1967
1913 1925
1917 1986
1935 1995