2000
1 124
1 271
1 452
1 1668
1 1871
2 682
2 1274
3 38
3 269
3 859
4 218
4 513
4 1638
5 791
5 890
5 1365
6 262
6 484
7 68
7 116
7 652
8 415
9 199
9 819
9 885
9 1355
9 1512
10 397
11 232
11 624
11 708
12 45
12 1181
12 1305
13 400
13 987
13 1130
13 1572
14 977
15 856
15 1171
15 1748
15 1830
16 574
16 910
16 1639
16 1937
17 503
17 774
17 793
17 833
18 302
18 667
18 1207
18 1366
18 1594
18 1638
19 570
19 665
19 733
19 803
20 437
20 1305
20 1434
21 512
21 514
21 1300
22 299
22 750
22 1395
23 634
23 740
23 1130
23 1794
24 968
24 1244
24 1326
25 86
25 701
25 1548
26 39
26 444
26 748
26 1010
26 1145
27 870
27 940
27 1147
27 1310
27 1498
27 1784
28 596
28 814
28 1213
28 1798
28 1987
29 677
29 1123
29 1463
30 451
30 1042
30 1715
31 289
31 1719
32 1021
32 1576
33 470
33 574
33 1082
33 1483
34 614
34 1945
35 434
36 278
36 1160
36 1192
37 398
37 1550
37 1685
37 1872
38 94
38 693
38 1143
38 1452
39 1436
40 204
40 403
40 746
40 1049
41 587
41 1126
41 1677
41 1685
41 1743
42 244
42 385
42 428
42 450
42 918
42 949
42 1792
42 1841
43 72
43 524
43 548
43 583
43 1827
43 1861
43 1938
44 585
44 909
44 1094
44 1124
44 1646
44 1767
45 432
45 718
45 949
45 1675
45 1867
46 387
46 1759
47 132
47 1386
48 79
48 506
48 885
48 1472
49 719
49 1279
49 1363
49 1832
50 338
50 969
50 1284
50 1480
50 1820
51 237
51 455
51 641
51 831
51 981
51 1213
51 1838
51 1977
52 117
52 538
52 778
53 242
53 1221
53 1916
54 674
55 611
55 1206
55 1495
56 222
56 948
56 1477
56 1665
56 1671
56 1719
57 356
57 1061
57 1244
57 1498
58 714
58 1271
59 948
59 978
59 1052
60 845
60 1118
60 1266
61 665
61 845
61 1773
62 197
62 201
62 373
62 471
62 822
62 1192
62 1530
62 1805
63 1342
64 262
64 302
64 1310
64 1658
65 622
65 707
65 984
65 1729
65 1956
66 754
66 964
66 1920
67 321
67 335
67 409
67 1210
67 1213
67 1231
67 1709
68 219
68 239
68 243
68 622
68 1811
69 832
69 1855
69 1964
70 91
70 300
70 1078
70 1316
70 1504
70 1893
71 369
71 874
71 1558
71 1732
72 99
72 574
72 750
72 961
72 1697
73 1107
73 1225
74 265
74 1484
74 1517
74 1790
74 1822
75 1085
75 1188
76 637
76 1234
76 1303
76 1763
77 204
77 335
77 588
77 1531
77 1535
77 1734
78 92
78 145
78 313
78 1334
79 128
79 253
79 588
79 701
79 1176
79 1947
80 177
80 226
80 259
80 279
80 367
80 1597
80 1914
80 1957
81 1014
81 1156
81 1619
82 660
82 982
82 1091
82 1477
82 1869
83 459
83 986
83 1014
83 1547
84 636
85 235
85 319
85 776
85 982
86 252
86 291
86 537
86 1129
86 1931
87 1097
87 1153
88 798
88 857
88 906
88 949
88 1198
88 1600
88 1878
89 481
89 1029
89 1335
89 1683
90 199
90 467
90 1942
91 201
91 282
91 400
91 1893
92 738
92 1423
92 1721
92 1780
93 410
93 1236
94 676
94 746
94 1118
94 1734
94 1879
95 110
95 1388
95 1441
96 777
96 918
96 1042
96 1730
97 276
97 473
97 563
97 789
97 1834
98 619
98 916
98 1581
99 482
99 520
99 1780
100 1163
100 1304
100 1776
101 385
101 446
101 1199
101 1466
101 1531
101 1541
102 221
102 820
102 1472
102 1781
102 1890
102 1984
103 426
103 688
103 701
103 1171
103 1851
103 1968
104 675
104 1239
105 574
105 1029
105 1335
105 1459
105 1595
106 918
106 1040
106 1159
106 1678
107 253
107 854
107 1523
107 1721
108 414
108 787
108 858
108 1365
108 1463
108 1810
109 850
109 916
111 595
112 773
112 1149
112 1254
112 1627
112 1887
113 130
113 154
113 216
113 792
113 926
113 992
113 1247
113 1250
114 856
115 1170
115 1265
115 1907
116 199
116 368
116 1357
116 1380
116 1526
116 1737
117 304
117 1452
117 1718
118 318
118 1046
118 1049
118 1141
119 124
119 666
119 732
119 756
119 800
119 1059
120 320
120 987
120 1392
120 1406
120 1656
120 1729
120 1895
121 805
121 819
121 1182
121 1293
122 165
122 334
122 634
122 1493
122 1943
123 716
123 877
123 1562
123 1848
124 1225
125 144
125 447
125 874
125 1245
125 1912
125 1942
125 1996
126 371
126 1609
126 1618
126 1868
126 1949
127 354
127 767
128 267
128 374
128 397
128 1387
128 1641
129 497
129 595
129 1038
129 1715
130 643
130 783
130 997
130 1093
131 267
131 389
131 635
131 813
131 1504
131 1806
132 235
132 991
132 1704
132 1949
133 149
134 330
134 1681
135 663
135 723
135 1051
135 1326
135 1470
135 1608
135 1776
136 739
136 861
136 902
136 1552
137 638
137 656
137 687
138 654
138 701
138 1016
138 1130
138 1324
138 1365
139 1293
139 1544
139 1563
140 150
140 258
140 403
140 709
140 989
140 1534
140 1535
141 266
141 450
141 1705
142 473
142 1333
142 1717
143 247
143 563
143 1672
144 1246
144 1279
144 1658
145 296
145 340
145 418
145 1314
145 1757
145 1884
145 1901
146 968
146 1581
146 1932
146 1952
147 384
147 1877
147 1882
147 1888
148 1112
148 1281
149 302
150 1099
150 1326
150 1391
150 1865
151 182
151 242
151 244
151 820
151 942
151 1756
152 406
152 469
152 1400
152 1647
153 837
153 1312
153 1413
154 789
154 1320
154 1538
155 264
155 1992
156 618
156 825
156 1132
156 1799
157 429
157 1561
158 1392
159 308
159 1475
159 1779
160 718
160 1769
161 835
161 1355
161 1527
161 1770
162 399
162 1480
162 1747
163 1043
163 1345
163 1673
163 1775
164 694
164 1343
165 564
165 969
165 1301
165 1752
166 552
166 1128
166 1197
166 1735
166 1744
166 1864
166 1926
167 346
167 834
167 1144
167 1420
168 580
168 802
168 1363
169 1045
169 1234
169 1296
169 1678
170 1106
170 1570
171 869
171 1227
171 1688
172 521
172 1227
172 1756
173 826
173 1985
174 307
174 416
174 1291
174 1923
175 1072
175 1103
175 1950
176 216
176 321
176 431
176 758
176 1625
176 1783
177 256
177 802
177 1077
177 1520
177 1785
178 1508
179 1638
180 608
180 611
181 898
181 1661
181 1747
181 1954
182 1809
183 729
183 881
183 1199
184 629
184 878
184 1276
184 1515
185 476
185 553
185 1107
185 1837
185 1999
186 1215
186 1231
186 1694
187 660
187 912
187 1073
187 1228
188 545
188 1105
188 1107
188 1188
188 1578
189 1578
190 239
190 250
190 448
190 960
190 1442
190 1520
190 1628
191 371
191 670
191 901
191 1843
192 350
192 644
192 793
192 1111
192 1379
192 1745
192 1912
193 203
193 1645
193 1761
194 265
194 571
194 614
194 892
194 1080
194 1352
194 1376
194 1396
194 1515
194 1684
194 1738
195 339
195 348
195 371
195 489
195 867
195 1275
195 1919
195 1994
196 394
196 1067
196 1983
197 919
197 987
197 1669
198 263
198 1479
198 1615
198 1983
199 330
199 1108
199 1402
200 745
200 774
200 994
200 1800
200 1866
200 1947
201 544
201 1074
201 1179
202 820
202 1009
202 1034
202 1880
203 412
203 469
203 711
203 1507
203 1584
204 291
204 324
204 1030
204 1323
204 1504
205 647
205 666
205 742
205 813
205 1261
205 1778
205 1903
206 290
206 495
206 1055
207 588
207 1628
208 816
209 641
209 1389
210 707
210 935
210 1361
210 1666
211 390
211 995
211 1504
211 1740
211 1953
212 1856
213 532
213 1639
214 298
214 698
216 956
216 1148
216 1559
216 1873
217 509
217 643
217 958
217 1537
218 542
218 1025
218 1841
219 270
219 684
219 1529
219 1770
220 555
220 803
220 1524
220 1635
221 629
221 1475
222 468
222 690
222 736
223 342
223 743
223 1645
224 301
224 560
224 1062
225 1738
226 607
226 630
226 1059
226 1524
226 1675
227 288
227 360
227 482
227 1663
227 1882
227 1923
228 364
229 462
229 850
229 881
229 917
230 707
230 870
231 515
231 1106
231 1428
232 416
232 864
232 1156
233 316
233 907
234 1354
235 259
235 662
235 1331
235 1418
236 894
236 1027
236 1090
237 288
237 531
237 573
237 732
237 1287
237 1293
237 1306
237 1396
237 1419
237 1456
237 1570
238 1108
238 1129
238 1596
238 1604
238 1995
239 423
239 1340
239 1537
240 351
240 528
240 793
241 596
241 1463
241 1946
243 375
243 1391
244 1354
245 286
245 460
245 530
245 948
246 319
246 1960
247 425
247 988
247 1778
248 599
248 1187
248 1872
249 916
249 1932
250 554
250 964
250 968
250 1711
250 1952
251 517
251 1252
251 1874
251 1915
252 356
252 629
252 1378
252 1723
252 1844
253 797
253 1462
253 1891
254 862
254 1449
255 971
255 1053
255 1112
255 1553
255 1897
256 1994
257 500
257 897
257 1753
258 1195
258 1506
258 1575
259 645
259 702
259 783
259 1706
260 726
260 1182
260 1315
260 1439
260 1488
260 1724
261 1582
262 609
262 1334
262 1382
263 433
263 958
263 1137
263 1733
263 1742
263 1795
264 615
264 791
265 916
265 1020
265 1340
265 1794
265 1847
266 365
266 667
266 1079
267 1516
267 1851
267 1943
268 447
268 486
268 1699
269 655
269 1974
270 578
270 862
270 1001
270 1070
270 1558
270 1689
271 661
271 1858
271 1869
272 1621
272 1795
274 530
274 556
275 761
275 918
275 1147
275 1452
276 990
276 1070
276 1253
276 1275
276 1540
277 1226
277 1499
277 1884
278 587
278 914
279 896
279 1509
280 318
280 1568
280 1768
281 961
281 1038
282 1222
282 1641
284 303
284 1549
284 1735
285 670
285 907
285 1015
285 1896
286 339
286 549
286 1750
287 464
287 1193
287 1354
287 1792
288 818
289 307
289 1302
290 765
290 1817
291 1270
291 1326
291 1760
291 1845
292 747
292 1785
293 470
293 764
293 922
293 1170
293 1426
294 368
294 894
294 1104
295 1040
295 1300
295 1861
296 397
296 811
296 1514
297 370
297 813
297 1267
298 1976
299 572
299 934
299 1938
300 1530
301 1179
301 1251
301 1827
302 804
302 955
302 1088
302 1793
303 348
303 1323
303 1668
304 340
304 354
304 752
304 1244
304 1470
304 1557
304 1855
305 450
305 647
305 917
305 944
305 977
305 1771
306 1297
306 1373
307 379
307 1395
308 565
308 1106
308 1244
308 1819
309 1540
310 572
310 738
310 1033
310 1050
310 1655
310 1750
311 676
311 737
311 1676
312 1171
312 1906
313 518
313 685
313 710
314 556
314 814
314 1215
314 1293
315 800
315 1054
315 1154
316 1232
316 1387
316 1551
317 1622
317 1990
318 1498
318 1812
319 1021
319 1398
319 1527
320 1422
320 1854
321 395
321 477
321 732
321 1338
321 1444
321 1624
322 1250
323 1379
323 1385
323 1588
324 1105
324 1687
325 1934
326 425
326 556
327 1018
327 1055
327 1535
327 1588
328 471
328 1214
328 1288
328 1647
328 1795
329 1900
330 1867
331 1300
331 1324
331 1899
331 1936
332 580
332 1388
332 1742
332 1921
333 346
333 802
333 982
333 1279
333 1365
334 529
334 544
334 754
335 768
335 1166
336 379
336 1897
337 353
337 434
338 568
338 1915
339 546
339 723
339 928
340 470
340 567
340 1215
340 1272
340 1417
340 1831
340 1978
341 522
341 1105
341 1251
341 1407
341 1444
341 1798
342 389
342 945
342 1355
342 1960
343 416
343 1227
343 1857
344 557
344 637
344 736
345 787
345 1269
346 430
346 549
346 1007
346 1134
347 426
347 1753
347 1906
348 704
348 927
348 1795
348 1804
348 1888
349 595
350 440
350 1940
351 1760
351 1981
353 386
353 601
353 628
353 802
353 1789
354 1837
354 1846
355 1419
355 1552
356 460
356 572
356 620
356 842
356 920
357 519
357 732
357 997
357 1225
357 1441
357 1507
357 1589
358 715
358 763
358 1044
358 1393
359 430
359 712
359 769
359 1161
359 1221
359 1293
359 1700
359 1716
360 935
360 970
360 1175
360 1370
360 1745
361 641
361 1134
361 1710
362 517
362 612
363 816
363 1433
364 1981
365 471
365 595
365 1569
366 792
366 1916
367 626
367 780
367 959
367 1108
367 1132
368 408
368 474
368 1091
368 1637
368 1822
369 1316
369 1402
369 1473
370 950
370 1120
371 545
371 888
371 1131
371 1893
373 1201
373 1316
374 514
374 583
374 727
375 955
375 1918
376 781
376 1199
377 441
378 1061
378 1168
378 1833
378 1841
378 1931
379 442
379 815
379 837
379 1175
379 1418
380 1072
381 703
381 881
381 1345
381 1645
382 731
382 1252
382 1843
382 1885
383 549
383 739
383 826
383 1430
383 1832
384 399
384 850
385 853
386 617
387 611
387 647
388 412
388 1754
389 1369
389 1707
390 899
390 1269
390 1424
391 898
391 1733
391 1743
393 677
393 854
393 1258
393 1442
393 1614
393 1809
394 1145
394 1299
394 1761
395 968
395 1348
395 1556
395 1895
396 602
396 763
396 1106
396 1750
397 653
397 886
397 1285
398 921
398 1159
398 1335
398 1356
398 1982
399 668
399 1174
400 717
401 1205
402 945
402 1318
402 1559
402 1616
402 1966
403 741
403 1215
403 1293
403 1394
404 541
404 1366
404 1378
404 1768
405 622
405 1455
406 693
406 767
406 1815
406 1887
407 1168
407 1515
408 679
408 1350
408 1855
409 990
409 1491
410 661
410 1105
410 1188
410 1298
410 1651
411 632
411 723
411 1433
411 1539
411 1833
411 1876
412 512
412 823
412 1283
413 603
413 707
413 1150
413 1808
415 1513
415 1881
416 704
416 754
416 810
416 985
416 1538
416 1548
417 574
417 936
417 1111
417 1308
417 1353
417 1454
417 1500
418 806
418 1285
419 1469
419 1566
420 1523
420 1721
421 698
421 1417
421 1508
422 1406
422 1533
423 1053
423 1145
423 1391
423 1407
424 848
424 1427
424 1683
425 1888
426 518
426 551
426 647
426 1514
427 1031
428 463
428 504
429 1472
430 642
430 681
430 1199
430 1774
431 535
431 994
431 1828
432 819
432 1534
432 1589
433 1069
434 490
434 1011
434 1318
434 1814
434 1974
435 549
435 1275
435 1817
435 1837
436 770
436 1146
436 1164
436 1764
436 1780
438 445
438 1458
438 1515
439 721
439 957
439 1515
439 1679
439 1843
440 1830
441 570
441 885
441 1029
441 1376
442 488
442 574
442 1019
442 1304
444 563
444 593
444 1079
444 1317
445 454
445 991
446 1215
446 1268
446 1998
448 1244
448 1580
448 1811
449 877
449 1925
449 1977
450 916
450 944
450 947
450 1127
450 1377
451 691
451 1320
452 526
452 1313
452 1744
453 1178
453 1190
453 1387
454 1281
456 562
457 920
457 1678
458 1142
458 1656
459 691
459 733
460 863
460 1275
462 864
462 1545
462 1813
462 1946
463 536
463 848
463 1582
463 1872
464 1128
464 1476
464 1656
464 1792
465 987
465 1120
466 1041
466 2000
467 1335
468 744
468 887
468 1703
470 1212
470 1590
471 1284
471 1352
471 1445
472 590
472 1955
473 810
473 1296
474 816
474 928
474 1945
475 1430
475 1598
476 860
477 1186
477 1832
478 1161
478 1369
479 1543
480 562
480 1702
481 721
481 793
481 1007
481 1102
481 1318
482 1870
482 1984
483 580
483 890
483 1383
483 1643
484 906
484 1275
484 1804
485 1701
485 1991
486 1120
486 1222
487 616
487 1096
488 634
488 647
489 522
489 543
489 891
489 1161
489 1391
489 1681
489 1870
490 816
490 823
490 891
491 1415
491 1500
492 647
492 783
492 879
492 1540
493 1449
493 1554
494 514
494 1145
494 1578
494 1818
495 533
495 753
495 1352
495 1447
495 1895
495 1905
496 1256
496 1270
496 1628
496 1975
498 508
498 814
500 675
500 974
503 793
503 1044
503 1953
504 515
504 632
504 1131
504 1643
504 1749
504 1843
505 1848
506 663
506 767
506 1654
506 1706
506 1732
507 607
507 910
507 1409
508 1148
510 673
510 962
510 1583
510 1766
511 1960
513 755
513 898
513 1020
513 1482
513 1668
514 638
514 1709
515 1223
516 1863
516 1890
517 705
517 1416
518 1661
518 1934
519 1269
519 1685
519 1763
519 1849
520 842
520 902
520 1372
520 1463
522 883
522 1063
524 1824
524 1886
525 1007
525 1016
527 915
527 1211
527 1391
527 1434
527 1619
527 1647
527 1686
527 1836
528 1609
528 1899
529 943
529 1263
529 1421
529 1739
529 1883
530 588
531 1365
531 1397
531 1468
532 1277
532 1620
532 1750
532 1883
532 1969
533 1716
534 1262
534 1437
534 1462
535 1239
535 1994
536 660
536 1288
537 1654
537 1676
537 1843
538 1267
538 1439
538 1804
539 1641
540 780
540 1553
540 1932
541 775
541 1252
542 718
542 1087
542 1708
543 677
543 1170
543 1388
543 1537
543 1788
544 652
545 830
546 589
546 620
547 685
547 994
548 1010
548 1560
549 1062
550 1840
551 682
551 827
551 1191
551 1410
551 1634
551 1861
552 556
552 861
553 1414
553 1452
554 1128
554 1505
554 1984
555 955
555 1565
555 1604
555 1640
555 1751
556 1745
556 1938
557 1309
557 1448
557 1526
558 637
558 1077
558 1108
559 1778
560 592
560 1882
560 1891
561 795
561 1394
561 1604
561 1612
562 606
563 1192
563 1757
564 736
564 958
564 1008
564 1290
564 1595
565 839
565 895
565 908
565 946
565 1131
565 1402
565 1723
566 614
566 1811
567 596
567 735
567 1236
567 1640
568 696
568 926
570 1169
570 1921
571 1785
571 1998
572 957
572 1338
573 1046
573 1726
573 1765
573 1924
574 615
574 882
574 1525
575 658
577 638
577 704
577 1438
578 1203
578 1286
578 1764
579 1390
580 1951
581 1754
581 1936
582 1074
582 1388
582 1725
583 1117
583 1413
583 1483
583 1665
584 1357
584 1412
584 1448
584 1464
584 1732
584 1768
585 779
585 930
585 941
585 947
585 1079
585 1327
585 1819
586 1015
586 1675
586 1786
586 1924
586 1929
587 941
588 1205
589 819
589 1970
590 652
590 1499
591 1424
591 1493
591 1526
591 1534
592 1990
593 912
593 1093
593 1233
594 1290
595 724
596 864
597 966
597 1470
597 1786
598 817
599 943
599 985
599 1036
599 1112
599 1674
600 680
600 1330
600 1513
600 1696
601 1086
601 1442
602 839
602 1698
603 1030
603 1061
603 1973
604 1442
604 1460
605 624
605 1177
605 1250
605 1637
605 1847
605 1972
606 1327
607 1345
608 1626
608 1962
609 1478
610 640
610 755
610 989
610 1293
610 1375
611 1013
612 1032
612 1287
612 1362
612 1960
613 1066
613 1159
615 1086
615 1624
616 1260
616 1913
617 990
618 1559
618 1568
619 794
619 1452
619 1546
619 1611
620 765
620 859
620 1070
620 1075
620 1285
620 1303
621 1792
622 1414
622 1926
623 1094
624 725
624 774
624 1287
624 1643
625 1067
625 1938
626 672
626 1055
626 1478
627 1301
627 1392
628 1344
628 1455
629 1290
629 1616
630 835
630 1124
630 1582
630 1929
631 726
631 823
632 849
632 1217
632 1624
633 671
634 803
634 880
634 1206
634 1314
634 1653
634 1867
635 734
635 753
635 938
635 1073
635 1083
635 1613
636 934
636 1470
636 1960
637 1030
637 1733
638 639
638 688
638 1272
638 1746
639 1105
639 1489
640 1232
640 1277
640 1474
640 1559
640 1899
641 1351
642 1044
642 1166
643 1443
643 1674
643 1893
644 790
644 1521
644 1708
644 1862
645 657
645 1538
645 1542
645 1628
646 1387
646 1639
646 1690
646 1972
647 908
647 1117
647 1487
647 1843
648 911
648 1245
648 1268
648 1790
649 731
649 1675
650 675
650 1481
650 1946
651 662
651 935
651 1483
652 1168
652 1673
653 860
653 1244
653 1491
654 1810
655 1163
655 1679
656 1576
656 1842
656 1937
656 1958
656 1976
657 1629
658 1195
659 1439
659 1504
660 713
660 837
660 960
661 933
662 1323
662 1761
662 1793
662 1954
663 822
663 933
664 913
664 1027
664 1692
665 804
665 1077
665 1290
665 1923
665 1977
666 868
666 1580
666 1710
667 1336
667 1536
668 786
668 859
668 1571
668 1847
669 842
669 1467
669 1612
670 1129
670 1243
670 1794
671 1241
671 1250
671 1646
672 1036
672 1204
673 794
673 1484
673 1499
675 1953
676 1369
676 1399
676 1483
677 840
677 1091
677 1319
678 1432
679 933
679 952
679 1124
679 1303
679 1515
680 1922
681 768
681 1172
681 1926
681 1967
682 734
682 998
682 1097
682 1236
682 1366
682 1440
682 1560
683 757
683 1216
683 1465
683 1904
683 1954
684 1317
684 1631
684 1907
685 1034
685 1479
686 849
686 1402
686 1431
687 1992
688 1996
689 1260
691 1140
691 1584
691 1706
691 1768
692 1141
693 1107
694 1206
694 1266
694 1571
694 1943
695 779
695 1738
696 1108
696 1125
696 1536
696 1584
697 802
697 889
698 1192
698 1467
698 1797
699 1594
699 1936
700 886
700 1331
700 1768
701 1479
702 864
702 1005
702 1151
702 1351
702 1406
703 1134
703 1656
704 830
704 1405
704 1606
705 1835
706 876
706 1190
706 1553
707 1112
707 1365
707 1439
707 1616
707 1663
707 1930
708 1384
709 762
710 1518
710 1667
711 1239
711 1330
711 1846
712 819
713 1511
713 1761
714 896
714 1000
715 1452
715 1568
715 1874
715 1902
716 869
716 878
716 1896
717 775
717 890
717 1935
718 1012
718 1202
718 1509
718 1825
718 1908
719 1029
719 1463
719 1717
720 874
720 1300
721 891
721 1047
721 1512
721 1536
722 1383
722 1924
723 863
723 1005
724 1282
725 826
725 1252
726 1061
726 1354
726 1382
726 1734
727 929
727 1929
728 913
728 1073
728 1948
729 1623
730 1343
730 1645
731 1000
731 1686
732 1900
733 996
733 1201
734 852
734 1095
734 1162
734 1472
734 1775
735 1780
736 792
736 1420
736 1818
737 1468
737 1599
739 1629
739 1811
739 1894
740 1428
740 1737
741 933
741 1203
741 1312
742 1621
743 1116
743 1174
744 1096
744 1345
744 1950
745 1082
745 1590
746 1172
746 1605
747 934
747 1278
747 1589
748 1078
748 1438
748 1702
749 917
749 1466
749 1651
749 1713
750 1671
751 840
751 1423
752 1843
752 1950
753 985
753 1566
753 1602
753 1701
753 1788
756 1087
756 1487
756 1514
757 1106
758 1097
758 1605
759 853
762 892
762 980
762 1900
763 1207
763 1383
763 1821
763 1984
764 1989
765 1949
766 862
766 1057
766 1179
766 1602
766 1772
766 1883
767 1821
767 1902
767 1990
768 1270
769 1302
769 1520
769 1522
772 1497
774 1269
774 1424
775 921
775 1078
775 1881
776 1008
777 1941
778 1358
778 1968
779 1243
779 1733
779 1825
779 1964
780 974
780 1330
780 1356
781 1056
781 1090
781 1423
781 1470
782 819
782 1106
783 828
783 1488
783 1835
783 1898
784 824
784 1901
785 1244
785 1335
785 1381
786 1534
786 1600
786 1648
787 1003
787 1300
788 841
788 1529
790 1745
791 1159
791 1216
791 1372
791 1401
792 1796
792 1814
793 858
793 1053
793 1463
793 1936
793 1966
794 961
794 1915
795 883
795 1044
795 1806
795 1823
796 870
796 1182
796 1536
796 1703
797 979
797 1018
797 1880
798 1237
798 1505
798 1661
799 1570
800 1277
800 1461
800 1550
800 1607
801 1019
801 1189
801 1509
801 1573
801 1579
801 1662
801 1871
802 1098
802 1476
804 913
804 1280
805 849
805 1760
806 1386
806 1613
807 1030
807 1877
809 1521
811 892
811 1388
811 1530
812 1878
812 1971
813 1142
813 1294
813 1365
813 1914
814 922
814 1231
814 1946
817 1213
817 1267
817 1882
818 1421
819 1312
819 1362
819 1571
819 1848
820 1033
820 1463
821 1060
821 1589
821 1972
822 1428
822 1564
822 1627
822 1700
822 1864
823 1626
824 1698
824 1739
825 1771
826 1272
826 1639
826 1865
826 1885
827 1102
827 1387
827 1489
827 1500
827 1790
828 977
828 1241
829 1303
829 1329
829 1449
829 1949
830 1844
830 1902
830 1910
831 938
831 1285
831 1550
831 1621
831 1796
832 1080
832 1537
834 847
834 1179
834 1383
834 1654
834 1953
835 1190
835 1980
836 1183
836 1593
836 1972
837 1789
838 851
840 1136
840 1188
840 1279
840 1305
840 1523
841 1883
842 899
842 1172
842 1390
842 1427
842 1474
843 968
843 987
843 1699
844 1303
844 1455
844 1579
845 1087
845 1359
846 959
846 1528
846 1729
848 1121
848 1473
848 1834
849 892
849 1547
850 1348
851 1520
852 880
852 1169
852 1296
852 1586
853 970
853 1002
853 1246
853 1247
854 1245
854 1600
854 1917
854 1972
856 1579
856 1935
857 1225
857 1677
857 1727
858 1069
858 1135
858 1372
862 1455
863 1189
863 1697
863 1817
863 1855
864 1480
865 1671
865 1809
865 1979
866 1439
866 1538
866 1663
867 1684
868 1504
868 1609
868 1615
868 1815
869 1294
869 1638
871 1145
871 1608
871 1714
871 1853
871 1983
872 1141
873 1035
873 1314
874 1393
874 1620
874 1870
874 1944
875 1061
875 1180
876 1280
876 1700
876 1952
878 1784
878 1840
879 1692
881 884
881 963
881 970
881 1188
881 1693
881 1714
881 1728
882 1079
882 1132
883 1450
884 1953
884 1956
884 1974
885 1189
885 1453
885 1459
885 1728
886 1252
886 1569
887 1082
887 1642
887 1859
888 1431
889 1421
889 1671
889 1776
889 1803
890 1674
890 1779
890 1884
891 1708
893 1000
893 1327
893 1350
893 1426
893 1457
893 1798
894 1105
894 1379
894 1935
895 1734
896 903
896 1179
896 1253
897 1090
897 1904
898 1195
898 1213
898 1452
898 1535
898 1956
899 1154
900 1015
900 1052
900 1190
900 1548
900 1798
901 987
901 1866
902 1123
902 1181
902 1322
902 1872
903 1080
903 1195
903 1200
903 1921
904 968
904 1916
904 1948
905 1900
906 1070
906 1191
906 1824
907 1297
907 1343
907 1802
908 1133
908 1720
909 1252
909 1665
909 1767
910 1394
911 1253
911 1702
912 1161
913 1039
913 1895
914 1504
914 1733
916 1642
917 949
917 1252
917 1450
917 1739
919 1411
919 1522
919 1581
919 1860
920 1076
920 1254
921 1539
922 1089
923 1643
923 1661
925 1566
925 1957
926 1122
927 1186
927 1545
927 1559
927 1967
928 1092
928 1170
928 1360
930 1961
930 1971
931 1150
931 1455
934 1015
934 1267
934 1539
934 1753
934 1777
935 1461
935 1681
935 1758
935 1913
936 1086
936 1934
937 1043
937 1725
937 1769
938 1250
939 1993
940 1066
940 1568
941 1473
941 1869
943 1922
944 1784
944 1786
945 1098
945 1748
945 1819
945 1914
946 1219
946 1435
947 1270
947 1835
948 1277
949 1602
949 1973
951 1087
952 955
953 1659
953 1880
955 1050
955 1751
955 1845
955 1873
955 1996
956 1632
956 1865
957 1099
957 1408
957 1654
959 1275
959 1390
960 981
960 1318
960 1571
962 1019
962 1893
963 1158
963 1213
963 1872
963 1897
964 972
964 1236
964 1886
966 1324
966 1462
967 1214
967 1314
968 1228
968 1633
968 1974
969 1161
969 1674
969 1863
970 1129
970 1222
970 1952
971 1962
972 1675
973 1356
973 1471
973 1629
974 1598
975 1615
976 1263
976 1851
977 1845
978 1293
979 1295
979 1378
979 1565
979 1754
980 1049
980 1350
980 1418
980 1611
981 1012
981 1539
981 1705
982 1099
982 1678
982 1680
983 1723
985 1145
985 1536
985 1648
986 1240
986 1488
986 1530
987 1115
987 1117
988 1260
988 1578
989 1655
991 1305
991 1532
992 1395
992 1449
993 1668
994 1624
995 1025
996 1308
996 1889
996 1891
997 1209
999 1066
999 1378
999 1887
1000 1936
1001 1013
1001 1115
1001 1336
1003 1487
1003 1761
1004 1816
1005 1419
1005 1560
1005 1573
1005 1858
1005 1890
1007 1556
1007 1902
1008 1428
1010 1234
1010 1690
1010 1796
1010 1834
1011 1451
1011 1980
1012 1416
1012 1828
1013 1163
1013 1301
1013 1581
1013 1616
1013 1791
1014 1219
1015 1197
1016 1818
1016 1889
1017 1541
1018 1755
1021 1465
1021 1502
1022 1467
1023 1160
1023 1569
1024 1205
1024 1404
1024 1544
1024 1923
1025 1331
1025 1487
1025 1802
1025 1960
1026 1099
1026 1948
1027 1456
1028 1386
1028 1406
1028 1692
1030 1158
1031 1367
1034 1521
1036 1127
1036 1630
1036 1708
1037 1086
1037 1207
1037 1685
1037 1971
1038 1133
1038 1218
1038 1267
1038 1393
1038 1444
1038 1666
1038 1788
1039 1983
1040 1602
1041 1877
1042 1101
1042 1215
1042 1809
1042 1966
1043 1385
1043 1943
1044 1655
1045 1112
1045 1620
1047 1160
1049 1114
1049 1757
1050 1123
1051 1441
1052 1853
1053 1058
1053 1213
1053 1346
1053 1358
1054 1108
1055 1115
1055 1839
1056 1290
1056 1354
1056 1424
1056 1767
1057 1252
1058 1538
1058 1544
1060 1174
1060 1216
1060 1419
1060 1550
1060 1569
1060 1676
1061 1327
1061 1446
1062 1113
1062 1322
1062 1564
1062 1743
1062 1785
1063 1251
1064 1513
1064 1819
1064 1983
1065 1376
1065 1413
1065 1783
1066 1123
1066 1147
1067 1177
1067 1624
1068 1511
1069 1403
1071 1225
1071 1597
1071 1757
1071 1960
1072 1175
1072 1702
1075 1887
1075 1996
1077 1476
1078 1823
1078 1869
1079 1180
1079 1611
1080 1652
1080 1877
1080 1943
1081 1177
1082 1196
1082 1325
1082 1335
1082 1484
1082 1821
1084 1530
1084 1998
1086 1194
1086 1218
1086 1272
1087 1446
1087 1447
1088 1710
1088 1781
1089 1204
1089 1588
1090 1152
1090 1437
1092 1481
1092 1721
1093 1874
1094 1623
1094 1753
1095 1133
1095 1350
1095 1417
1095 1572
1095 1988
1097 1690
1097 1914
1098 1686
1098 1995
1099 1425
1099 1781
1100 1578
1100 1628
1101 1339
1101 1464
1103 1104
1103 1892
1104 1393
1104 1483
1105 1418
1105 1720
1105 1872
1106 1734
1107 1525
1107 1835
1107 1928
1108 1298
1108 1856
1108 1877
1109 1179
1109 1511
1110 1421
1110 1891
1110 1923
1111 1766
1111 1929
1113 1515
1113 1542
1115 1254
1115 1354
1115 1405
1115 1863
1116 1681
1116 1879
1117 1345
1117 1490
1117 1842
1118 1162
1119 1771
1121 1132
1121 1157
1122 1549
1122 1721
1122 1857
1124 1400
1124 1903
1125 1735
1126 1158
1129 1529
1129 1830
1130 1321
1130 1333
1130 1471
1130 1764
1131 1225
1131 1472
1131 1712
1131 1786
1132 1178
1132 1522
1133 1841
1134 1995
1135 1877
1136 1384
1136 1446
1136 1450
1136 1567
1136 1770
1136 1908
1136 1973
1137 1468
1137 1479
1137 1502
1137 1518
1137 1892
1138 1531
1138 1845
1139 1620
1140 1208
1140 1397
1140 1484
1141 1262
1141 1672
1141 1792
1142 1282
1142 1712
1143 1324
1143 1397
1143 1737
1143 1912
1144 1639
1144 1698
1145 1718
1146 1617
1146 1800
1146 1806
1148 1778
1148 1966
1149 1202
1149 1794
1151 1498
1152 1656
1153 1886
1153 1956
1154 1321
1156 1299
1156 1363
1157 1473
1159 1319
1159 1875
1160 1495
1160 1883
1164 1957
1165 1501
1166 1305
1168 1818
1170 1320
1170 1783
1171 1454
1171 1694
1171 1713
1171 1913
1172 1983
1173 1359
1173 1697
1173 1728
1173 1983
1174 1452
1174 1695
1175 1564
1175 1605
1175 1849
1176 1346
1176 1564
1177 1409
1177 1815
1179 1316
1179 1470
1179 1757
1180 1977
1181 1213
1181 1982
1183 1394
1184 1747
1185 1867
1185 1990
1186 1411
1187 1492
1190 1263
1190 1478
1190 1646
1192 1711
1192 1859
1193 1388
1193 1543
1193 1732
1198 1640
1198 1833
1199 1797
1201 1357
1202 1310
1202 1455
1202 1682
1203 1466
1203 1953
1204 1250
1204 1738
1204 1773
1205 1227
1205 1585
1205 1735
1206 1263
1207 1509
1207 1918
1208 1272
1208 1936
1209 1417
1209 1455
1209 1468
1209 1617
1209 1828
1210 1408
1210 1706
1211 1748
1212 1505
1213 1406
1213 1463
1213 1809
1214 1294
1215 1567
1216 1462
1217 1304
1217 1682
1217 1765
1217 1912
1218 1289
1218 1460
1219 1349
1219 1999
1220 1378
1220 1821
1221 1276
1221 1375
1223 1720
1223 1872
1223 1932
1224 1459
1226 1898
1227 1247
1227 1295
1229 1892
1230 1256
1232 1383
1232 1441
1232 1485
1232 1639
1233 1457
1233 1663
1234 1443
1234 1510
1234 1599
1234 1752
1234 1918
1234 1966
1235 1275
1235 1370
1235 1587
1235 1662
1235 1686
1236 1255
1236 1563
1237 1446
1237 1868
1238 1726
1239 1400
1239 1419
1240 1620
1241 1337
1241 1383
1241 1571
1241 1631
1243 1482
1244 1316
1244 1317
1244 1327
1244 1381
1244 1614
1244 1873
1246 1573
1248 1289
1248 1736
1250 1786
1252 1533
1252 1637
1252 1793
1253 1334
1253 1674
1254 1530
1254 1665
1254 1732
1255 1392
1256 1735
1258 1466
1258 1880
1259 1329
1259 1428
1260 1423
1260 1806
1262 1390
1262 1450
1262 1501
1263 1560
1263 1581
1263 1733
1263 1809
1265 1275
1265 1820
1266 1359
1267 1398
1268 1391
1269 1336
1271 1646
1272 1779
1273 1704
1273 1925
1274 1790
1275 1279
1275 1392
1275 1943
1276 1536
1276 1620
1276 1729
1276 1770
1277 1410
1277 1432
1277 1741
1277 1929
1278 1345
1278 1949
1279 1500
1279 1587
1279 1664
1280 1537
1282 1301
1283 1295
1284 1610
1285 1628
1286 1912
1287 1402
1287 1556
1288 1417
1289 1475
1289 1808
1289 1992
1290 1748
1291 1295
1291 1515
1292 1597
1293 1875
1293 1933
1293 1959
1296 1670
1296 1718
1296 1732
1296 1766
1297 1346
1297 1579
1297 1803
1299 1994
1300 1302
1300 1350
1300 1646
1301 1823
1302 1599
1306 1671
1307 1597
1308 1335
1308 1525
1309 1932
1310 1358
1310 1965
1311 1906
1312 1888
1312 1985
1313 1554
1314 1384
1315 1951
1316 1404
1316 1464
1316 1578
1319 1343
1319 1376
1319 1666
1319 1952
1320 1536
1320 1664
1324 1745
1325 1795
1327 1720
1327 1801
1327 1809
1328 1396
1328 1405
1328 1437
1328 1664
1328 1983
1329 1366
1329 1404
1329 1524
1330 1630
1330 1732
1331 1441
1331 1681
1333 1743
1334 1353
1334 1621
1335 1473
1335 1688
1335 1730
1336 1883
1336 1994
1337 1438
1337 1646
1338 1636
1339 1833
1340 1470
1340 1810
1341 1765
1343 1633
1343 1755
1343 1988
1344 1898
1345 1715
1346 1347
1346 1465
1346 1878
1347 1683
1347 1849
1349 1789
1349 1950
1351 1510
1351 1906
1352 1594
1352 1926
1354 1947
1356 1510
1356 1534
1356 1830
1357 1479
1358 1376
1358 1746
1361 1443
1361 1876
1362 1428
1362 1464
1362 1699
1363 1667
1363 1707
1363 1782
1364 1423
1364 1512
1364 1734
1365 1909
1366 1988
1368 1867
1369 1867
1370 1371
1370 1484
1370 1564
1371 1581
1372 1666
1372 1674
1373 1645
1374 1415
1374 1530
1374 1610
1374 1912
1376 1522
1379 1503
1379 1744
1380 1686
1382 1560
1383 1816
1385 1848
1386 1658
1386 1734
1389 1836
1390 1575
1393 1816
1394 1717
1395 1667
1396 1606
1397 1846
1399 1634
1400 1574
1400 1973
1402 1538
1402 1838
1402 1881
1403 1888
1404 1524
1405 1418
1405 1829
1405 1927
1406 1590
1407 1564
1408 1413
1408 1753
1408 1951
1410 1811
1411 1610
1412 1918
1413 1444
1413 1511
1414 1619
1414 1729
1417 1705
1417 1969
1420 1481
1420 1938
1422 1728
1422 1954
1423 1566
1424 1642
1427 1697
1427 1997
1428 1685
1428 1881
1430 1483
1431 1723
1433 1446
1433 1683
1433 1999
1434 1532
1434 1785
1435 1911
1436 1992
1439 1786
1439 1970
1440 1886
1440 1888
1440 1974
1443 1722
1443 1944
1444 1869
1445 1933
1446 1804
1447 1849
1448 1988
1448 1993
1449 1530
1449 1668
1450 1929
1452 1565
1452 1593
1453 1914
1455 1774
1457 1673
1458 1808
1458 1996
1460 1534
1460 1662
1461 1654
1462 1501
1462 1728
1463 1866
1465 1536
1465 1624
1465 1805
1465 1850
1467 1671
1469 1935
1471 1564
1471 1640
1473 1796
1475 1638
1476 1575
1476 1655
1478 1908
1479 1899
1480 1910
1481 1647
1481 1746
1482 1652
1482 1661
1484 1865
1484 1895
1485 1503
1485 1916
1487 1798
1489 1727
1490 1834
1491 1606
1492 1575
1492 1680
1492 1809
1494 1505
1495 1561
1495 1849
1496 1845
1497 1749
1498 1615
1498 1654
1499 1771
1499 1874
1500 1576
1500 1585
1500 1679
1500 1950
1502 1707
1502 1936
1503 1527
1503 1715
1504 1674
1504 1814
1506 1931
1509 1836
1509 1851
1509 1869
1511 1632
1511 1721
1511 1861
1512 1998
1513 1721
1514 1910
1515 1739
1515 1807
1516 1788
1517 1696
1518 1894
1520 1925
1521 1982
1522 1553
1522 1619
1522 1670
1522 1908
1523 1764
1524 1905
1527 1943
1528 1694
1530 1950
1531 1598
1532 1981
1533 1669
1534 1646
1539 1704
1542 1768
1543 1586
1543 1893
1543 1994
1544 1864
1546 1674
1547 1891
1549 1639
1550 1616
1550 1689
1550 1709
1552 1625
1552 1752
1553 1648
1554 1710
1556 1674
1557 1880
1558 1644
1563 1681
1563 1800
1564 1762
1571 1915
1576 1668
1577 1634
1579 1586
1579 1867
1580 1657
1580 1800
1583 1748
1583 1934
1584 1736
1584 1863
1586 1897
1587 1748
1588 1631
1589 1644
1591 1711
1592 1840
1594 1745
1596 1985
1602 1740
1604 1937
1606 1757
1607 1743
1608 1640
1608 1734
1615 1799
1616 1884
1618 1769
1619 1669
1621 1791
1622 1846
1624 1663
1624 1736
1625 1682
1627 1773
1632 1878
1634 1954
1635 1956
1636 1667
1637 1914
1638 1896
1639 1751
1640 1670
1640 1917
1643 1793
1644 1867
1645 1699
1647 1977
1648 1661
1649 1654
1654 1912
1655 1804
1656 1686
1656 1883
1657 1745
1658 1819
1661 1872
1662 1787
1663 1738
1663 1903
1664 1845
1665 1715
1665 1870
1670 1792
1672 1873
1674 1749
1675 1882
1676 1911
1676 2000
1677 1819
1680 1829
1684 1685
1687 1862
1689 1832
1689 1848
1692 1718
1693 1778
1702 1751
1702 1874
1703 1751
1704 1821
1705 1790
1707 1763
1709 1893
1710 1827
1710 1969
1711 1966
1712 1926
1713 1871
1718 1966
1719 1731
1722 1877
1722 1889
1728 1794
1729 1764
1730 1923
1731 1849
1731 1902
1733 1807
1733 1991
1734 1873
1735 1809
1735 1824
1741 1914
1741 1916
1744 1787
1744 1965
1749 1899
1751 1780
1756 1863
1765 1930
1768 1832
1768 1934
1771 1859
1771 1946
1776 1942
1779 1837
1780 1868
1782 1809
1783 1847
1787 1970
1788 1937
1789 1853
1798 1939
1799 1952
1802 1808
1802 1831
1805 1962
1807 1853
1811 1915
1817 1951
1818 1927
1819 1832
1819 1913
1820 1834
1823 1981
1825 1923
1828 1861
1829 1882
1830 1855
1833 1988
1836 1865
1836 1881
1836 1929
1842 1887
1845 1993
1851 1925
1853 2000
1854 1902
1854 1982
1854 1993
1856 1897
1857 1965
1858 1947
1869 1957
1875 1904
1875 1965
1876 1962
1877 1888
1878 1892
1885 1994
1894 1901
1898 1907
1899 1963
1921 1955
1924 1961
1930 1992
1959 1989
1960 1972
1995 1998