2000
1 170
1 195
1 204
1 436
1 529
1 702
1 703
1 824
1 1052
1 1173
1 1492
1 1493
1 1690
1 1785
1 1835
2 14
2 389
2 518
2 719
2 929
2 935
2 1256
2 1341
2 1414
2 1426
2 1824
3 239
3 637
3 785
3 820
3 861
3 1140
3 1353
3 1522
3 1798
3 1955
3 1969
4 97
4 111
4 141
4 216
4 320
4 421
4 513
4 710
4 1020
4 1071
4 1108
4 1329
4 1391
4 1436
4 1690
4 1802
5 75
5 280
5 616
5 758
5 802
5 1184
5 1353
5 1500
5 1774
6 20
6 402
6 490
6 713
6 715
6 733
6 812
6 983
6 1075
6 1100
6 1180
6 1490
6 1554
7 102
7 372
7 700
7 720
7 1036
7 1128
7 1158
7 1210
7 1267
7 1278
7 1685
7 1786
7 1829
8 233
8 254
8 306
8 564
8 1208
8 1366
8 1935
9 86
9 173
9 462
9 501
9 627
9 929
9 949
9 1043
9 1228
9 1500
10 131
10 150
10 374
10 425
10 675
10 783
10 873
10 884
10 936
10 1152
10 1175
10 1511
10 1786
10 1899
11 66
11 254
11 460
11 661
11 773
11 979
11 1080
11 1396
11 1630
11 1784
11 1837
12 207
12 416
12 462
12 491
12 562
12 589
12 841
12 943
12 1084
12 1357
12 1478
12 1511
12 1622
13 38
13 106
13 122
13 744
13 1288
13 1492
14 21
14 373
14 915
14 1030
14 1086
14 1144
14 1207
14 1273
14 1789
15 893
15 931
15 987
15 1004
15 1238
15 1262
15 1438
15 1852
16 58
16 354
16 558
16 1260
16 1321
16 1416
16 1485
16 1553
16 1703
16 1923
17 27
17 124
17 248
17 304
17 1213
17 1837
18 373
18 420
18 461
18 559
18 574
18 749
18 1041
18 1167
18 1168
18 1221
18 1580
18 1920
19 31
19 363
19 554
19 821
19 900
19 1320
19 1558
19 1759
19 1929
19 1998
20 87
20 135
20 164
20 543
20 633
20 729
20 967
20 986
20 1165
20 1185
20 1269
20 1491
21 129
21 213
21 1107
21 1157
21 1182
21 1697
22 112
22 316
22 379
22 720
22 1836
22 1863
22 1940
23 67
23 502
23 618
23 641
23 858
23 860
23 871
23 1067
23 1229
23 1250
23 1639
23 1694
23 1707
24 475
24 680
24 970
24 1344
24 1568
24 1609
24 1795
24 1849
24 1995
25 125
25 183
25 251
25 620
25 840
25 881
25 1103
25 1216
25 1364
25 1617
26 83
26 196
26 588
26 797
26 1570
26 1715
26 1813
27 187
27 206
27 453
27 717
27 891
27 1133
27 1144
27 1225
27 1348
27 1627
28 102
28 516
28 695
28 696
28 935
29 132
29 573
29 592
29 973
29 1044
29 1655
29 1665
29 1890
30 172
30 187
30 216
30 273
30 457
30 651
30 929
30 1084
30 1402
30 1501
30 1643
30 1707
30 1743
30 1819
30 1867
31 180
31 258
31 980
31 1815
31 1864
32 145
32 197
32 683
32 1143
32 1189
32 1220
32 1239
32 1395
32 1778
33 192
33 227
33 280
33 380
33 758
33 781
33 959
33 1004
33 1323
33 1511
33 1909
34 184
34 290
34 371
34 483
34 504
34 791
34 1048
34 1206
34 1208
34 1347
34 1726
34 1996
35 251
35 271
35 396
35 1006
35 1275
35 1481
35 1668
36 854
36 873
36 897
36 1009
36 1167
36 1177
36 1903
36 1959
37 129
37 322
37 376
37 546
37 604
37 762
37 811
37 985
37 1214
37 1413
37 1500
37 1503
37 1730
37 1743
37 1790
38 166
38 205
38 692
38 717
38 768
38 847
38 1199
38 1277
39 183
39 328
39 460
39 482
39 910
39 966
39 1240
39 1346
39 1733
40 568
40 750
40 1028
40 1042
40 1047
40 1499
40 1520
40 1657
40 1863
40 1878
40 1929
41 544
41 627
41 828
41 1187
41 1637
42 212
42 528
42 673
42 869
42 981
42 1036
42 1144
42 1430
42 1489
42 1786
42 1976
43 45
43 230
43 429
43 506
43 688
43 737
43 847
43 884
43 915
43 1051
43 1338
43 1499
43 1540
43 1628
43 1791
44 257
44 267
44 365
44 405
44 476
44 510
44 672
44 847
44 1000
44 1050
44 1076
44 1471
44 1498
44 1841
44 1856
45 490
45 654
45 688
45 740
45 753
45 1061
45 1273
45 1577
45 1791
45 1910
45 1984
46 646
46 776
46 1058
46 1359
46 1909
47 180
47 213
47 345
47 523
47 580
47 665
47 837
47 888
47 1035
47 1206
47 1223
47 1326
47 1335
47 1599
47 1711
47 1803
48 657
48 1017
48 1026
48 1200
48 1241
49 105
49 202
49 331
49 623
49 641
49 720
49 721
49 916
49 1045
49 1279
49 1297
49 1629
49 1675
49 1745
49 1750
49 1839
50 282
50 290
50 564
50 915
50 991
50 1063
50 1113
50 1754
50 1759
50 1818
51 250
51 496
51 633
51 733
51 915
51 998
51 1009
51 1254
51 1590
51 1799
52 707
52 852
52 897
52 915
52 1124
52 1153
52 1494
52 1910
53 701
53 1032
53 1349
53 1426
53 1902
54 81
54 458
54 512
54 537
54 558
54 655
54 762
54 1546
54 1947
55 260
55 308
55 803
55 1253
55 1291
55 1355
55 1577
56 95
56 332
56 597
56 603
56 1127
56 1176
56 1467
56 1825
57 84
57 697
57 835
57 958
57 1256
57 1391
57 1536
57 1807
58 255
58 576
58 695
58 1136
58 1306
58 1523
58 1546
58 1559
58 1682
58 1783
59 258
59 473
59 634
59 646
59 660
59 717
59 1213
59 1371
59 1373
59 1473
59 1741
60 251
60 439
60 510
60 519
60 614
60 719
60 728
60 934
60 1272
61 140
61 175
61 256
61 586
61 704
61 771
61 816
61 1491
62 287
62 727
62 767
62 793
62 1037
62 1089
62 1113
62 1271
62 1470
62 1635
62 1674
62 1726
63 201
63 353
63 362
63 845
63 1659
63 1730
64 222
64 374
64 623
64 719
64 1055
64 1072
64 1343
64 1600
64 1710
65 462
65 647
65 799
65 819
65 1108
65 1321
65 1443
65 1481
65 1640
66 122
66 147
66 968
66 1197
66 1331
66 1721
66 1756
66 1987
67 192
67 447
67 528
67 656
67 1216
67 1381
67 1604
67 1682
67 1833
68 74
68 335
68 860
68 889
68 1266
68 1673
68 1700
69 179
69 470
69 1485
69 1747
69 1802
70 186
70 207
70 346
70 433
70 439
70 824
70 1016
70 1337
70 1381
70 1416
70 1445
70 1574
71 325
71 464
71 500
71 547
71 900
71 944
71 948
71 1035
71 1411
71 1464
71 1585
71 1891
71 1997
72 103
72 215
72 473
72 492
72 837
72 913
72 970
72 1110
72 1287
72 1403
72 1564
73 541
73 1252
73 1332
73 1441
73 1883
74 139
74 183
74 309
74 352
74 530
74 587
74 604
74 617
74 844
74 995
74 1315
74 1578
74 1599
74 1783
74 1881
75 229
75 232
75 582
75 606
75 784
75 1083
75 1272
75 1677
76 285
76 513
76 561
76 913
76 1635
76 1743
76 1903
77 484
77 522
77 988
77 1004
77 1085
77 1105
77 1327
77 1866
77 1877
78 262
78 414
78 616
78 737
78 1424
78 1654
78 1904
79 291
79 434
79 1021
79 1482
79 1596
79 1610
80 162
80 254
80 322
80 383
80 945
80 971
80 1128
80 1184
80 1589
80 1655
81 299
81 312
81 782
81 1075
81 1204
81 1458
81 1571
82 119
82 355
82 514
82 856
82 1087
82 1271
83 264
83 277
83 367
83 489
83 1166
83 1357
83 1459
83 1926
84 644
84 996
84 1273
84 1309
85 345
85 463
85 881
85 1023
85 1026
85 1131
85 1209
85 1359
85 1710
85 1843
85 1865
86 185
86 465
86 722
86 762
86 839
86 858
86 977
86 1700
86 1713
86 1954
87 586
87 819
87 1120
87 1394
87 1617
87 1887
88 149
88 186
88 343
88 1028
88 1064
88 1265
88 1374
88 1380
88 1412
88 1525
88 1871
89 117
89 175
89 281
89 327
89 556
89 590
89 751
89 795
89 978
89 1164
89 1438
89 1482
89 1570
89 1646
90 492
90 577
90 753
90 755
90 766
90 848
90 1032
90 1045
90 1371
90 1491
90 1621
91 927
91 1060
91 1303
91 1357
91 1584
91 1653
91 1996
92 148
92 282
92 751
92 1048
92 1110
92 1167
92 1327
92 1381
92 1473
92 1746
92 1902
93 126
93 200
93 586
93 898
93 1072
93 1371
93 1501
93 1843
94 117
94 291
94 366
94 400
94 467
94 611
94 627
94 1030
94 1231
94 1647
94 1668
94 1848
95 334
95 336
95 510
95 1215
95 1262
95 1380
95 1863
95 1926
96 529
96 752
96 831
96 980
96 1167
96 1432
96 1748
96 1824
97 385
97 415
97 595
97 623
97 993
97 1213
97 1378
97 1455
97 1486
97 1501
97 1537
97 1799
97 1917
98 221
98 669
98 1109
98 1454
98 1601
98 1675
98 1714
98 1736
98 1947
99 126
99 172
99 288
99 379
99 451
99 657
99 997
99 1517
99 1903
100 767
100 803
100 901
100 1027
100 1129
100 1268
100 1541
100 1692
100 1719
100 1854
100 1956
100 1983
101 211
101 354
101 633
101 654
101 980
101 1579
101 1631
102 638
102 683
102 1095
102 1350
102 1355
102 1438
102 1598
102 1809
102 1923
103 141
103 142
103 241
103 732
103 817
103 939
103 1580
103 1684
103 1845
103 1982
104 188
104 265
104 272
104 275
104 1132
104 1264
104 1450
104 1472
104 1919
105 181
105 1136
105 1201
105 1239
105 1420
105 1485
105 1779
105 1862
106 170
106 249
106 455
106 619
106 889
106 1097
106 1285
106 1298
106 1757
106 1831
106 1838
107 154
107 321
107 417
107 665
107 1139
107 1262
107 1572
107 1687
107 1934
108 281
108 438
108 765
108 777
108 1274
108 1759
108 1834
109 603
109 911
109 1467
109 1718
109 1745
109 1900
110 234
110 757
110 776
110 859
110 1133
110 1148
110 1251
110 1496
110 1694
110 1713
110 1737
110 1796
110 1915
111 148
111 464
111 480
111 789
111 817
111 1124
111 1204
111 1325
111 1388
111 1522
111 1679
111 1922
111 1976
112 179
112 366
112 380
112 558
112 767
112 773
112 1000
112 1365
112 1693
113 562
113 563
113 775
113 882
113 1037
113 1101
113 1163
113 1268
113 1367
113 1549
113 1663
113 1830
114 212
114 640
114 695
114 757
114 1157
114 1248
114 1394
114 1727
114 1854
114 1886
114 1929
115 274
115 390
115 411
115 709
115 1060
115 1086
115 1302
115 1304
115 1341
115 1402
115 1536
115 1731
115 1850
115 1931
115 1999
116 243
116 957
116 1765
117 392
117 675
117 889
117 1101
117 1408
117 1923
118 317
118 516
118 797
118 1551
118 1609
119 552
119 572
119 832
119 978
119 1003
119 1209
119 1217
119 1425
119 1735
119 1812
119 1948
120 281
120 1013
120 1186
120 1219
120 1343
120 1652
121 583
121 889
121 994
121 1032
121 1230
121 1446
121 1498
121 1500
121 1642
121 1728
121 1802
122 176
122 193
122 249
122 621
122 842
122 1197
122 1381
122 1830
123 454
123 566
123 761
123 1522
123 1593
123 1594
123 1738
123 1777
123 1786
124 384
124 692
124 754
124 1234
124 1242
125 146
125 158
125 794
125 869
125 1280
125 1333
125 1436
125 1673
125 1713
125 1714
125 1855
126 219
126 480
126 625
126 656
126 804
126 808
126 877
126 896
126 902
126 911
126 996
126 1111
126 1129
126 1291
126 1379
126 1448
126 1639
126 1961
127 322
127 409
127 412
127 974
127 1973
128 230
128 310
128 418
128 738
128 953
128 1352
128 1507
128 1865
129 217
129 561
129 1452
129 1773
130 168
130 208
130 328
130 330
130 456
130 729
130 920
130 1064
130 1255
130 1264
130 1527
130 1612
130 1688
130 1907
131 196
131 206
131 318
131 469
131 572
131 930
131 1668
131 1671
132 388
132 431
132 1610
132 1697
132 1740
132 1795
132 1876
133 432
133 471
133 887
133 1129
133 1170
133 1261
133 1373
133 1503
133 1675
133 1961
134 307
134 443
134 544
134 575
134 640
134 736
134 1197
134 1450
134 1457
134 1721
135 242
135 501
135 942
135 1046
135 1222
135 1640
136 189
136 221
136 291
136 307
136 478
136 641
136 843
136 1103
136 1393
136 1752
136 1945
137 357
137 468
137 1165
137 1211
137 1287
137 1666
137 1752
137 1785
137 1797
137 1896
138 186
138 277
138 405
138 631
138 897
138 1029
138 1200
138 1271
138 1594
138 1678
138 1685
139 630
139 721
139 797
139 819
139 1049
139 1966
140 355
140 983
140 1654
140 1841
140 1861
140 1872
141 423
141 528
141 552
141 1053
141 1075
141 1259
141 1478
141 1997
142 239
142 288
142 365
142 591
142 845
142 1201
142 1356
142 1396
142 1590
143 363
143 603
143 972
143 1622
143 1629
143 1815
144 255
144 435
144 436
144 515
144 577
144 745
144 1045
144 1095
144 1129
144 1536
144 1801
144 1802
144 1845
145 339
145 544
145 602
145 638
145 1039
145 1062
145 1308
145 1433
145 1912
145 1941
146 511
146 875
146 1210
146 1387
146 1549
146 1592
146 1610
147 577
147 775
147 819
147 884
147 1025
147 1176
147 1212
147 1330
147 1377
148 384
148 466
148 721
148 1246
148 1262
148 1346
148 1373
148 1512
148 1563
148 1665
149 185
149 1205
149 1216
149 1542
149 1780
150 506
150 514
150 540
150 569
150 622
150 866
150 908
150 1489
150 1538
150 1555
150 1578
150 1582
150 1706
151 223
151 302
151 547
151 802
151 927
151 1643
151 1833
151 1878
152 581
152 948
152 1172
152 1234
152 1280
152 1668
152 1691
153 242
153 330
153 633
153 635
153 813
153 834
153 932
153 1045
153 1101
153 1182
153 1264
153 1336
153 1341
153 1424
153 1609
154 590
154 592
154 770
154 856
154 1869
154 1976
155 213
155 330
155 372
155 508
155 677
155 1163
155 1268
155 1442
155 1576
155 1677
155 1826
155 1974
156 168
156 709
156 728
156 1093
156 1129
156 1147
156 1154
156 1192
156 1366
156 1527
157 176
157 388
157 599
157 684
157 715
157 717
157 849
157 1050
157 1135
157 1230
157 1295
157 1314
157 1409
157 1717
157 1781
158 190
158 256
158 272
158 683
158 835
158 1022
158 1376
158 1489
158 1914
159 213
159 338
159 507
159 532
159 1053
159 1056
159 1137
159 1256
159 1334
159 1357
160 562
160 574
160 616
160 641
160 769
160 824
160 877
160 996
160 1023
160 1281
160 1636
160 1854
160 1890
161 250
161 273
161 394
161 550
161 1389
161 1657
161 1831
161 1984
162 273
162 302
162 359
162 630
162 668
162 1051
162 1912
163 303
163 306
163 414
163 575
163 694
163 1228
163 1710
163 1827
164 231
164 517
164 518
164 555
164 586
164 719
164 725
164 1053
164 1058
164 1535
164 1782
164 1887
164 1897
165 443
165 688
165 838
165 898
165 1216
165 1456
165 1486
165 1545
165 1647
165 1756
165 1784
166 278
166 364
166 717
166 1064
166 1210
166 1408
166 1545
167 224
167 506
167 1064
167 1261
167 1314
167 1523
167 1599
167 1754
167 1803
168 211
168 311
168 451
168 531
168 843
168 979
168 1445
168 1446
168 1517
168 1538
168 1625
168 1695
168 1822
168 1972
169 309
169 371
169 444
169 726
169 819
169 988
169 1172
169 1269
169 1682
170 347
170 379
170 733
170 1105
170 1147
170 1766
170 1845
170 1982
171 492
171 521
171 666
171 845
171 1248
171 1284
171 1465
171 1561
171 1746
171 1781
171 1790
171 1894
172 269
172 293
172 371
172 1152
172 1271
172 1452
172 1782
172 1984
172 1987
173 576
173 706
173 845
173 1136
173 1464
173 1559
173 1984
174 300
174 547
174 630
174 647
174 786
174 1133
174 1210
174 1258
174 1418
174 1454
174 1506
174 1973
175 1097
175 1246
175 1334
175 1622
176 181
176 698
176 869
176 936
176 1016
176 1123
176 1316
176 1589
176 1591
176 1694
177 229
177 903
177 969
177 1178
177 1224
177 1279
177 1577
178 403
178 408
178 661
178 852
178 1529
178 1749
178 1953
179 250
179 399
179 483
179 571
179 629
179 1251
179 1390
179 1547
179 1717
179 1997
180 410
180 623
180 633
180 1141
180 1982
181 245
181 258
181 285
181 889
181 942
181 1308
181 1377
181 1467
181 1618
181 1903
181 1925
181 1927
182 262
182 510
182 1130
182 1491
182 1742
183 191
183 243
183 288
183 297
183 384
183 585
183 607
183 853
183 1115
183 1481
183 1630
184 398
184 459
184 984
184 1028
184 1030
184 1373
184 1578
185 485
185 603
185 626
185 799
185 1404
186 347
186 399
186 423
186 440
186 759
186 770
186 860
186 972
186 1102
186 1108
186 1353
186 1554
186 1673
186 1789
186 1838
186 1944
187 205
187 251
187 650
187 1158
187 1257
187 1966
188 269
188 834
188 926
188 935
188 1463
188 1695
188 1901
188 1905
188 1912
189 223
189 556
189 741
189 1799
190 271
190 1256
190 1349
190 1501
190 1590
190 1607
191 333
191 351
191 968
191 1011
191 1293
191 1975
192 212
192 351
192 586
192 845
192 980
192 1376
192 1888
193 211
193 257
193 353
193 510
193 523
193 724
193 818
193 924
193 1120
193 1186
193 1511
193 1562
193 1574
193 1712
194 212
194 1152
194 1185
194 1245
194 1519
195 278
195 328
195 403
195 565
195 711
195 793
195 795
195 1086
195 1424
195 1481
195 1494
195 1509
195 1532
195 1958
196 224
196 533
196 672
196 714
196 792
196 853
196 1205
196 1408
196 1524
196 1638
196 1890
197 249
197 372
197 1187
197 1255
197 1712
197 1783
198 630
198 932
198 1541
198 1585
198 1707
198 1928
199 524
199 739
199 803
199 824
199 857
199 971
199 1110
199 1344
199 1520
199 1697
199 1706
199 1755
199 1805
199 1827
199 1903
199 1919
200 330
200 722
200 737
200 868
200 939
200 1063
200 1165
200 1204
200 1254
200 1621
200 1877
201 553
201 642
201 853
201 955
201 1271
201 1356
201 1362
201 1748
201 1888
201 1964
202 296
202 417
202 772
202 931
202 1100
202 1128
202 1444
202 1677
202 1978
203 213
203 295
203 589
203 767
203 1072
203 1499
203 1502
203 1765
204 240
204 284
204 390
204 490
204 667
204 818
204 830
204 1427
204 1786
204 1823
205 258
205 343
205 1329
205 1575
205 1638
205 1697
205 1705
205 1845
205 1863
205 1940
206 437
206 690
206 787
206 869
206 1000
206 1085
206 1126
206 1335
206 1480
206 1815
206 1816
207 417
207 636
207 914
207 1100
207 1569
207 1605
208 345
208 582
208 663
208 884
208 1174
208 1201
208 1684
209 592
209 923
209 1360
209 1475
209 1567
209 1765
209 1952
209 1978
210 313
210 379
210 401
210 870
210 1125
210 1162
210 1265
210 1639
210 1770
210 1880
211 273
211 390
211 648
211 887
211 1267
211 1324
211 1433
211 1511
211 1794
211 1835
212 404
212 740
212 765
212 809
212 1132
212 1138
212 1266
212 1569
213 388
213 643
213 897
213 1017
213 1146
213 1365
213 1634
213 1827
213 1857
213 1935
213 1997
214 228
214 570
214 608
214 645
214 948
214 1160
214 1282
214 1453
214 1855
214 1889
215 293
215 305
215 794
215 1706
215 1726
215 1985
216 253
216 343
216 767
216 1028
216 1096
216 1656
216 1864
216 1922
217 737
217 1015
217 1085
217 1341
217 1442
217 1541
217 1890
218 491
218 820
218 864
218 900
218 1068
218 1183
218 1187
218 1309
218 1621
218 1747
218 1949
219 232
219 368
219 647
219 936
219 1304
219 1733
220 359
220 411
220 493
220 500
220 538
220 897
220 1125
220 1141
220 1252
221 436
221 524
221 582
221 1092
221 1233
221 1308
221 1379
221 1660
222 275
222 602
222 679
222 697
222 1125
222 1499
222 1553
223 308
223 685
223 852
223 1070
223 1195
223 1466
223 1527
224 1091
224 1092
224 1206
224 1371
225 409
225 455
225 735
225 768
225 902
225 1700
225 1735
225 1773
226 1013
226 1713
227 288
227 724
227 1121
227 1325
227 1496
227 1626
227 1953
228 395
228 1246
228 1334
228 1837
228 1859
228 1990
229 309
229 564
229 581
229 971
229 1484
229 1551
229 1883
229 1988
229 1992
230 298
230 656
230 805
230 976
230 1542
230 1563
230 1774
230 1789
230 1814
231 309
231 666
231 1676
231 1938
232 551
232 607
232 825
232 911
232 966
232 986
232 1061
232 1376
232 1548
232 1639
232 1826
232 1938
233 349
233 428
233 608
233 688
233 1046
233 1265
233 1342
233 1478
233 1479
234 347
234 436
234 454
234 1097
234 1173
234 1276
234 1569
234 1586
234 1634
234 1849
234 1871
235 714
235 871
235 955
235 976
235 997
235 1192
235 1390
235 1456
235 1936
236 314
236 410
236 440
236 459
236 552
236 1269
236 1585
236 1661
236 1713
236 1755
237 496
237 686
237 742
237 889
237 1293
237 1433
237 1966
237 1992
238 251
238 688
238 713
238 715
238 740
238 1139
238 1195
238 1454
238 1685
239 251
239 754
239 780
239 941
239 1198
239 1645
239 1653
239 1800
239 1917
240 656
240 843
240 964
240 1395
240 1498
240 1534
240 1587
240 1696
240 1762
241 243
241 774
241 775
241 869
241 883
241 1067
241 1233
241 1247
241 1315
241 1365
242 297
242 1411
242 1428
242 1439
242 1571
242 1958
243 261
243 1073
243 1148
243 1533
243 1663
243 1937
244 371
244 727
244 1167
244 1516
244 1571
244 1749
245 301
245 436
245 568
245 798
245 1229
245 1338
245 1481
245 1847
246 345
246 673
246 784
246 808
246 975
246 1502
246 1550
246 1935
246 1964
246 1969
247 468
247 528
247 901
247 1120
247 1596
247 1715
247 1843
248 812
248 886
248 1302
249 544
249 618
249 1332
249 1373
249 1651
250 518
250 588
250 621
250 641
250 1052
250 1483
250 1763
251 474
251 845
251 1166
251 1187
251 1284
251 1385
251 1440
251 1554
251 1617
251 1787
252 287
252 297
252 431
252 753
252 811
252 919
252 1642
252 1881
253 320
253 393
253 1192
253 1273
253 1297
254 346
254 374
254 592
254 1111
254 1256
254 1270
254 1645
254 1659
254 1870
254 1877
254 1923
254 1993
255 295
255 704
255 761
255 803
255 1042
255 1201
255 1400
255 1552
256 402
256 818
256 840
256 911
256 1080
256 1163
256 1194
256 1242
256 1584
256 1700
256 1900
257 275
257 300
257 441
257 734
257 801
257 989
257 998
257 1371
257 1399
257 1431
258 277
258 564
258 1021
258 1064
258 1110
258 1350
258 1439
258 1508
258 1558
258 1723
259 343
259 394
259 743
259 782
259 896
259 934
259 938
259 1163
259 1209
259 1275
259 1777
260 564
260 960
260 987
260 1011
260 1133
260 1137
260 1342
260 1501
260 1507
260 1551
260 1672
260 1891
260 1954
261 482
261 1001
261 1005
261 1363
261 1446
261 1620
261 1839
261 1857
262 489
262 633
262 672
262 751
262 796
262 999
262 1508
262 1780
262 1863
263 473
263 796
263 841
263 1433
263 1499
263 1759
263 1971
264 502
264 610
264 641
265 398
265 494
265 518
265 541
265 835
265 972
265 1018
265 1475
265 1537
265 1947
266 534
266 589
266 711
266 727
266 960
266 1021
266 1186
266 1276
266 1477
266 1951
267 440
267 605
267 996
267 1064
267 1123
267 1173
267 1366
267 1377
267 1423
267 1464
267 1503
267 1567
267 1685
267 1958
268 285
268 429
268 597
268 736
268 896
268 1297
268 1535
269 901
269 1031
269 1132
269 1222
269 1253
269 1260
269 1312
269 1979
270 384
270 557
270 610
270 716
270 832
270 901
270 1685
270 1975
271 470
271 549
271 637
271 665
271 822
271 953
271 962
271 1141
271 1329
271 1378
271 1393
271 1420
271 1660
271 1788
271 1890
272 545
272 849
272 1086
272 1114
272 1436
272 1882
272 1930
273 369
273 585
273 793
273 804
273 832
273 840
273 933
273 1102
273 1247
273 1554
273 1976
274 349
274 622
274 730
274 774
274 1221
274 1252
274 1390
274 1488
274 1947
275 762
275 808
275 1116
275 1129
275 1524
275 1802
276 741
276 1046
276 1078
276 1116
276 1220
276 1305
276 1546
276 1747
276 1898
276 1935
277 308
277 386
277 488
277 1082
277 1376
277 1378
277 1573
277 1608
277 1679
277 1964
277 1991
278 290
278 443
278 444
278 613
278 662
278 751
278 1132
278 1304
278 1579
278 1608
278 1833
279 290
279 817
279 827
279 853
279 1209
279 1233
279 1501
279 1588
279 1726
279 1838
279 1942
280 650
280 956
280 1184
280 1764
280 1821
281 396
281 661
281 816
281 925
281 1638
282 475
282 1044
282 1088
282 1364
282 1520
282 1697
282 1734
283 845
283 896
283 1080
283 1424
283 1514
283 1583
283 1724
283 1829
283 1903
284 401
284 562
284 1226
284 1507
284 1560
284 1813
285 346
285 351
285 517
285 957
285 1211
285 1663
285 1720
285 1746
285 1833
286 429
286 571
286 584
286 788
286 857
286 1151
286 1260
286 1269
286 1660
286 1795
287 421
287 579
287 786
287 1092
287 1239
287 1337
287 1559
287 1565
287 1721
288 527
288 636
288 1139
288 1424
288 1544
288 1903
288 1931
289 421
289 1026
289 1108
289 1276
289 1697
289 1835
290 786
290 960
290 1018
290 1153
290 1278
290 1303
290 1472
290 1480
290 1713
290 1751
290 1790
290 1960
291 410
291 433
291 452
291 481
291 492
291 860
291 954
291 1504
292 354
292 418
292 527
292 618
292 1014
292 1230
292 1242
292 1425
292 1696
293 450
293 599
293 802
294 841
294 1422
294 1509
294 1535
294 1881
295 565
295 804
295 925
295 1170
295 1282
295 1292
295 1373
295 1513
295 1538
295 1709
295 1910
296 353
296 462
296 1091
296 1554
296 1556
296 1662
297 363
297 569
297 708
297 1275
297 1647
297 1773
297 1797
298 677
298 970
298 1296
298 1611
298 1641
298 1649
298 1755
299 340
299 396
299 402
299 486
299 528
299 559
299 1030
299 1191
299 1221
299 1437
299 1659
299 1693
299 1986
300 590
300 840
300 1050
300 1165
300 1480
300 1550
300 1555
300 1700
300 1726
300 1755
300 1775
301 1252
301 1733
301 1820
301 1918
301 1944
301 1974
302 785
302 828
302 925
302 938
302 961
302 1856
302 1927
303 470
303 556
303 624
303 682
303 737
303 794
303 877
303 986
303 1466
303 1635
304 363
304 464
304 872
304 996
304 1013
304 1310
304 1311
304 1375
304 1401
305 334
305 555
305 1153
305 1343
305 1529
305 1806
305 1914
305 1988
306 774
306 1078
306 1280
306 1515
306 1978
307 308
307 418
307 469
307 496
307 536
307 794
307 913
307 1130
307 1310
308 440
308 619
308 863
308 1021
308 1108
308 1210
308 1682
308 1716
308 1752
309 484
309 500
309 516
309 742
309 851
309 854
309 1011
309 1313
309 1419
309 1422
309 1423
309 1490
309 1540
309 1853
309 1905
310 771
310 820
310 938
310 1080
310 1147
310 1203
310 1427
311 339
311 634
311 862
311 1480
311 1700
312 961
312 1871
313 404
313 420
313 479
313 565
313 601
313 687
313 699
313 768
313 936
313 1150
313 1332
313 1852
314 753
314 1045
314 1140
314 1264
314 1337
315 648
315 1190
315 1652
315 1757
315 1885
316 329
316 535
316 678
316 1041
316 1066
316 1133
316 1210
316 1290
317 403
317 509
317 1038
317 1780
317 1794
317 1964
318 467
318 878
318 1061
318 1146
318 1580
318 1887
319 496
319 514
319 635
319 726
319 901
319 1116
319 1469
319 1570
320 469
320 952
320 958
320 1019
320 1180
320 1317
320 1802
321 544
321 616
322 537
322 605
322 924
322 1228
323 375
323 699
323 893
323 1086
323 1100
323 1182
323 1306
323 1377
323 1395
323 1579
323 1925
324 538
324 788
324 891
324 993
324 1137
324 1147
324 1887
324 1936
324 1951
325 1149
325 1311
325 1385
325 1432
325 1434
325 1595
325 1663
325 1715
326 624
326 763
326 950
326 1051
326 1274
326 1322
326 1491
326 1877
327 378
327 398
327 901
327 1153
327 1384
327 1439
327 1492
327 1614
327 1961
328 423
328 636
328 861
328 1295
328 1306
328 1515
328 1624
328 1737
329 542
329 590
329 599
329 729
329 936
329 967
329 1033
329 1151
329 1678
329 1953
330 333
330 338
330 391
330 526
330 827
330 921
330 1307
330 1510
330 1831
330 1948
330 1990
331 659
331 709
331 731
331 803
331 985
331 1182
331 1234
331 1439
331 1654
331 1667
331 1716
332 386
332 570
332 778
332 930
332 1411
332 1460
332 1627
332 1634
332 1769
332 1947
333 636
333 808
333 1000
333 1732
333 1854
333 1891
334 364
334 599
334 1012
334 1051
334 1070
334 1797
335 623
335 1267
335 1295
335 1780
335 1823
336 462
336 555
336 658
336 1056
336 1326
336 1426
336 1473
336 1592
336 1739
336 1871
336 1924
337 455
337 489
337 608
337 677
337 865
337 969
337 1705
337 1841
338 413
338 541
338 758
338 1052
338 1128
338 1192
338 1237
338 1239
338 1289
338 1469
338 1472
338 1590
338 1603
338 1991
339 546
339 550
339 589
339 687
339 1100
339 1483
339 1644
339 1946
340 957
340 1011
340 1378
340 1684
340 1712
340 1857
341 358
341 530
341 772
341 876
341 956
341 1092
341 1176
341 1187
341 1384
341 1442
341 1537
341 1615
341 1640
341 1766
341 1924
342 467
342 958
342 1017
342 1051
342 1168
342 1269
342 1759
343 866
343 953
343 1099
343 1370
344 763
344 874
344 1157
344 1398
344 1792
344 1885
345 409
345 826
345 1200
345 1385
345 1595
345 1599
345 1731
345 1874
345 1876
346 374
346 418
346 456
346 543
346 653
346 848
346 1289
347 367
347 401
347 515
347 628
347 851
347 1012
347 1315
347 1413
347 1431
347 1486
347 1531
347 1639
347 1824
347 1835
347 1898
348 438
348 868
348 938
348 1338
348 1918
348 1923
349 794
349 800
349 912
349 994
349 1028
349 1195
349 1355
349 1449
349 1708
349 1783
349 1796
349 1817
349 1895
350 353
350 364
350 407
350 569
350 773
350 1011
350 1087
350 1355
350 1482
350 1545
350 1550
350 1563
350 1621
350 1719
351 410
351 645
351 924
351 1142
351 1426
351 1562
351 1628
351 1693
351 1977
352 858
352 952
352 1621
352 1988
353 710
353 803
353 966
353 1439
353 1626
353 1982
354 765
354 862
354 863
354 1170
354 1496
354 1601
355 635
355 911
355 1355
355 1458
355 1821
355 1833
355 1876
355 1985
356 883
356 993
356 1471
356 1880
356 1913
357 462
357 544
357 835
357 1038
357 1109
357 1185
357 1213
357 1266
357 1409
358 655
358 719
358 1004
358 1234
358 1503
358 1544
358 1561
358 1890
358 1946
359 375
359 477
359 635
359 749
359 1370
359 1448
359 1673
359 1713
359 1942
359 1991
359 2000
360 440
360 876
360 932
360 1196
360 1809
361 618
361 829
361 1319
361 1379
361 1808
361 1828
361 1882
362 407
362 1125
362 1143
362 1204
362 1358
362 1550
362 1737
363 376
363 743
363 807
363 1346
363 1601
363 1786
363 1830
364 656
364 684
364 688
364 791
364 1160
364 1661
364 1695
364 1747
364 1936
364 1986
365 425
365 925
365 1015
365 1140
365 1644
365 1711
366 467
366 962
366 1036
366 1126
366 1149
366 1157
366 1351
366 1478
366 1517
366 1717
366 1774
366 1879
366 1897
367 676
367 780
367 908
367 916
367 1437
367 1612
367 1648
367 1721
368 528
368 814
368 858
368 861
368 891
368 925
368 1055
368 1164
368 1189
368 1865
369 591
369 642
369 684
369 744
369 1220
369 1367
369 1506
369 1906
370 392
370 566
370 1163
370 1345
370 1399
370 1551
370 1583
370 1742
370 1913
370 1934
371 523
371 586
371 706
371 744
371 941
371 1271
371 1289
371 1307
371 1807
371 1892
371 1921
372 956
372 1024
372 1111
372 1772
372 1849
373 560
373 657
373 915
373 1121
373 1141
373 1410
373 1631
373 1784
373 1796
373 1961
374 901
374 1041
374 1376
374 1453
374 1628
374 1907
374 2000
375 409
375 433
375 836
375 870
375 895
375 962
375 1328
375 1677
376 689
376 923
376 1152
376 1264
376 1275
376 1473
376 1590
376 1625
376 1632
376 1675
376 1754
377 403
377 447
377 771
377 1185
377 1299
377 1766
378 390
378 461
378 617
378 917
378 1196
378 1785
379 506
379 649
379 687
379 777
379 1198
379 1282
379 1580
379 1728
380 485
380 565
380 658
380 836
380 894
380 1780
381 946
381 1177
381 1334
381 1394
381 1501
381 1881
381 1910
381 1950
381 1952
382 414
382 430
382 449
382 485
382 492
382 573
382 634
382 713
382 844
382 959
382 1128
382 1302
382 1378
382 1466
383 446
383 448
383 486
383 674
383 1219
383 1238
383 1417
383 1778
383 1791
383 1934
384 428
384 916
384 1091
384 1092
384 1102
384 1112
384 1199
384 1557
384 1624
384 1979
385 527
385 657
385 942
385 1247
385 1722
385 1750
385 1822
386 675
386 733
386 1073
386 1185
386 1535
386 1659
387 596
387 694
387 1194
387 1228
387 1669
387 1748
387 1878
388 582
388 725
388 856
388 876
388 1233
388 1244
388 1335
388 1442
389 655
389 886
389 1168
389 1288
389 1589
389 1642
389 1904
389 1972
390 531
390 556
390 835
390 1019
390 1079
390 1605
391 402
391 434
391 447
391 515
391 531
391 666
391 1119
391 1437
391 1577
391 1602
391 1711
392 456
392 824
392 1004
392 1194
392 1675
392 1872
393 532
393 619
393 1023
393 1112
393 1270
393 1454
393 1465
393 1629
393 1749
393 1966
394 835
394 974
394 1369
394 1582
394 1811
394 1858
394 1976
395 702
395 954
395 998
395 1057
395 1242
395 1443
395 1548
395 1719
395 1721
395 1739
395 1770
395 1950
395 1991
396 428
396 854
396 938
396 1330
396 1637
396 1776
397 398
397 456
397 960
397 993
397 1095
397 1184
397 1230
397 1243
397 1309
397 1310
397 1680
397 1787
398 441
398 690
398 715
398 763
398 824
398 1054
398 1202
398 1243
398 1276
398 1307
398 1422
398 1518
398 1664
398 1669
398 1987
399 454
399 484
399 609
399 849
399 1129
399 1258
399 1651
399 1654
399 1719
399 1770
399 1814
400 404
400 588
400 808
400 825
400 840
400 916
400 1105
400 1120
400 1486
400 1881
400 1888
401 414
401 491
401 720
401 1078
401 1084
401 1134
401 1431
401 1645
401 1868
401 1921
401 1947
402 946
402 1067
402 1106
402 1204
402 1437
402 1709
402 1846
402 1860
402 1959
403 413
403 818
403 1132
403 1503
403 1639
403 1644
403 1751
403 1767
403 1866
404 485
404 692
404 812
404 884
404 896
404 1282
404 1406
404 1471
404 1584
404 1645
404 1695
404 1730
405 678
405 697
405 1029
405 1043
405 1114
405 1332
405 1814
406 684
406 938
406 1390
406 1423
406 1719
406 1790
406 1878
407 481
407 565
407 792
407 1072
407 1384
407 1574
407 1762
407 1774
408 444
408 463
408 738
408 1043
408 1232
408 1356
408 1387
408 1485
408 1544
408 1621
408 1998
409 487
409 727
409 968
409 1014
409 1200
409 1214
409 1243
409 1315
409 1665
409 1882
410 464
410 487
410 578
410 1141
410 1354
410 1561
410 1674
410 1718
410 1822
410 1882
410 1894
411 492
411 514
411 520
411 672
411 715
411 855
411 980
411 1197
411 1218
411 1345
411 1615
411 1682
412 1052
412 1057
412 1282
412 1436
413 456
413 860
413 971
413 1413
413 1525
413 1892
414 748
414 800
414 1064
414 1222
414 1235
414 1612
414 1870
415 613
415 771
415 1222
415 1281
415 1774
415 1834
416 514
416 641
416 819
416 912
416 1188
416 1365
416 1598
416 1986
417 458
417 1095
417 1186
417 1951
417 1997
418 642
418 985
418 995
418 1142
418 1396
418 1740
418 1893
419 432
419 663
419 976
419 1092
419 1141
419 1163
419 1420
419 1478
419 1946
420 761
420 1321
420 1443
420 1630
420 1806
421 493
421 777
421 830
421 979
421 1077
421 1256
421 1354
421 1450
421 1660
421 1716
421 1748
421 1750
421 1939
422 570
422 782
422 833
422 849
422 1206
422 1463
422 1573
422 1799
423 518
423 1025
423 1275
423 1501
424 477
424 525
424 1238
424 1643
424 1968
425 431
425 509
425 514
425 522
425 571
425 768
425 1277
425 1775
425 1942
426 659
426 711
426 1097
426 1236
426 1389
426 1392
426 1444
426 1787
426 1958
427 679
427 740
427 797
427 956
427 1239
427 1412
427 1531
427 1828
427 1891
428 516
428 640
428 840
428 1080
428 1602
429 755
429 808
429 882
429 918
429 1159
429 1394
429 1744
429 1850
429 1999
430 761
430 784
430 1080
430 1251
430 1301
430 1490
430 1604
430 1826
430 1908
430 1917
431 872
431 1052
431 1224
431 1646
431 1649
432 607
432 805
432 1190
432 1407
432 1774
432 1931
432 1948
433 483
433 566
433 830
433 1114
433 1577
433 1641
433 1830
434 502
434 508
434 727
434 1099
434 1260
434 1452
434 1553
434 1804
434 1937
435 457
435 878
435 1819
435 1966
436 620
436 1061
436 1298
436 1442
436 1799
436 1900
437 815
437 1178
437 1821
437 1878
438 557
438 890
438 943
438 1721
438 1867
439 623
439 936
439 1066
439 1067
439 1304
439 1359
439 1595
439 1854
439 1953
440 468
440 505
440 1790
440 1891
440 1940
441 442
441 1043
441 1213
441 1400
441 1829
441 1871
441 1875
441 1980
442 622
442 625
442 1389
442 1853
442 1912
443 470
443 483
443 566
443 568
443 1247
443 1358
443 1672
443 1777
444 689
444 729
444 967
444 1700
444 1703
445 555
445 570
445 598
445 680
445 943
445 1167
445 1179
445 1439
445 1535
445 1824
445 1985
445 1993
446 710
446 1273
446 1636
446 1672
446 1730
447 843
447 1124
447 1410
447 1634
447 1713
448 731
448 820
448 1418
448 1852
449 450
449 509
449 525
449 663
449 949
449 964
449 998
449 1462
449 1498
449 1653
449 1804
449 1841
450 698
450 836
450 905
450 924
450 998
450 1415
450 1481
450 1675
450 1691
450 1741
451 603
451 944
451 1191
451 1212
451 1426
452 466
452 1115
452 1272
452 1777
453 483
453 991
453 1485
453 1539
453 1643
453 1677
453 1995
454 493
454 512
454 1314
454 1455
454 1580
454 1672
454 1682
454 1750
454 1871
454 1960
455 772
455 824
455 849
455 1044
455 1108
455 1495
455 1563
455 1889
456 738
456 853
456 1057
456 1091
456 1226
456 1243
456 1365
456 1435
456 1540
456 1700
457 514
457 950
457 1509
458 485
458 588
458 762
458 971
458 1325
458 1419
458 1533
458 1941
459 664
459 734
459 827
459 1104
459 1339
459 1394
459 1408
460 462
460 756
460 866
460 1193
460 1298
460 1307
460 1522
460 1632
460 1820
461 1101
461 1177
461 1250
461 1255
461 1775
461 1993
462 745
462 1347
462 1400
462 1802
463 1316
463 1373
463 1667
464 565
464 572
464 838
464 1275
464 1818
464 1828
465 578
465 605
465 1073
465 1258
465 1508
465 1881
465 1943
466 474
466 702
466 883
466 957
466 1105
466 1438
466 1503
466 1908
467 943
467 1003
467 1063
467 1262
467 1296
467 1486
467 1533
467 1645
467 1946
468 526
468 1038
468 1202
468 1599
469 593
469 888
469 1061
469 1173
469 1663
469 1692
470 898
470 916
470 985
470 1079
470 1538
470 1825
471 792
471 1017
471 1055
471 1135
471 1203
471 1435
471 1728
471 1833
472 684
472 766
472 800
472 1071
472 1432
472 1928
472 1966
473 562
473 840
473 856
473 946
473 976
473 1045
473 1418
473 1591
473 1612
474 580
474 750
474 772
474 791
474 1618
474 1930
475 538
475 801
475 1141
475 1238
475 1362
475 1473
475 1572
475 1636
475 1710
475 1807
476 714
476 884
476 1271
476 1979
477 736
477 875
477 881
477 981
477 983
477 1692
477 1797
477 1885
478 554
478 623
478 802
478 1614
478 1986
479 506
479 1004
479 1056
479 1501
479 1522
479 1550
479 1591
479 1769
479 1861
479 1913
479 1927
480 1073
480 1223
480 1917
481 968
481 1216
481 1446
481 1452
481 1609
482 516
482 866
482 868
482 1175
482 1766
482 1819
483 497
483 536
483 571
483 732
483 1205
483 1267
483 1353
483 1967
483 1975
484 713
484 918
484 1019
484 1183
484 1304
484 1341
484 1428
484 1543
484 1595
484 1885
485 657
485 829
485 841
485 974
485 1191
485 1202
485 1230
486 680
486 857
486 879
486 1250
486 1454
486 1906
487 551
487 632
487 784
487 912
487 979
487 1406
487 1568
487 1748
488 544
488 711
488 822
488 926
488 946
488 1056
488 1155
488 1536
488 1578
488 1795
488 1807
489 644
489 1061
489 1075
489 1266
489 1361
489 1372
489 1373
489 1575
489 1577
489 1611
490 574
490 827
490 935
490 944
490 1024
490 1332
490 1806
491 600
491 1357
491 1431
491 1458
491 1467
492 503
492 760
492 1541
492 1730
492 1797
492 1927
493 714
493 829
493 1170
493 1364
493 1408
493 1998
494 842
494 910
494 979
494 1054
494 1433
494 1651
494 1751
495 652
495 743
495 1142
495 1283
495 1792
495 1794
495 1804
495 1821
495 1865
496 764
496 1034
496 1151
496 1731
496 1769
496 1812
496 1972
497 767
497 1202
497 1445
497 1727
497 1936
498 643
498 706
498 774
498 992
498 1266
498 1335
498 1482
498 1538
498 1978
499 793
499 917
499 923
499 1039
499 1049
499 1711
499 1934
499 1982
500 1232
500 1242
500 1355
500 1560
500 1818
500 1944
501 540
501 700
501 896
501 920
501 1124
501 1481
501 1543
501 1795
501 1840
502 513
502 957
502 1246
502 1294
502 1404
502 1489
502 1561
502 1623
502 1645
502 1727
502 1737
502 1840
503 609
503 859
503 1117
503 1413
503 1495
503 1513
503 1827
504 1011
504 1243
504 1378
504 1594
504 1638
504 1878
505 710
505 1157
505 1215
505 1488
505 1765
505 1814
505 1930
506 671
506 743
506 888
506 1145
506 1241
506 1584
506 1777
507 942
507 1044
507 1281
507 1315
507 1397
507 1691
507 1865
508 784
508 846
508 882
508 933
508 965
508 1218
508 1710
508 1882
509 851
509 1205
509 1268
509 1319
509 1731
509 1847
510 662
510 991
510 1243
510 1248
510 1647
511 552
511 644
511 1012
511 1181
511 1341
511 1347
511 1420
511 1439
511 1558
511 1764
511 1838
512 721
512 757
512 899
512 1168
512 1196
512 1440
513 702
513 1197
513 1234
513 1364
513 1372
513 1461
513 1683
513 1930
514 528
514 773
514 878
514 978
514 1075
514 1202
514 1306
514 1725
515 620
515 656
515 781
515 869
515 1247
515 1249
515 1326
515 1423
515 1467
515 1763
515 1964
515 1985
516 566
516 650
516 698
516 1178
516 1271
516 1492
516 1871
517 539
517 889
517 914
517 927
517 1233
517 1250
517 1260
517 1315
517 1407
517 1676
517 1887
518 697
518 1166
518 1416
518 1502
518 1584
518 1838
518 1988
519 583
519 688
519 1375
519 1892
520 654
520 717
520 1062
520 1310
520 1544
520 1571
520 1776
520 1951
521 1101
521 1312
521 1313
521 1408
521 1546
522 573
522 622
522 644
522 1139
522 1232
522 1443
523 575
523 977
523 1012
523 1126
523 1467
523 1562
523 1877
523 1919
524 527
524 664
524 851
524 980
524 1027
524 1184
524 1829
524 1910
524 1933
524 1973
524 1992
525 693
525 809
525 1105
525 1125
525 1151
525 1825
525 1970
526 717
526 1007
526 1332
526 1590
526 1691
527 550
527 1093
527 1305
527 1418
527 1741
528 561
528 698
528 1306
528 1335
528 1622
528 1727
529 1011
529 1140
529 1279
529 1335
529 1631
529 1669
529 1852
529 1945
530 1069
530 1145
530 1387
531 759
531 1009
531 1192
531 1222
531 1267
531 1530
531 1960
532 676
532 713
532 882
532 1278
532 1375
532 1458
532 1639
532 1719
532 1730
532 1961
532 1984
533 802
533 890
533 1167
533 1193
533 1863
533 1931
534 1105
534 1345
534 1391
534 1450
534 1464
534 1476
534 1880
534 1967
535 883
535 896
535 984
535 1408
535 1673
535 1774
535 1826
536 774
536 834
536 1107
536 1116
536 1144
536 1207
536 1477
536 1622
536 1653
536 1709
536 1844
537 871
537 889
537 978
537 1142
537 1190
537 1193
537 1414
537 1477
537 1577
537 1684
537 1699
538 584
538 696
538 1321
538 1569
538 1740
538 1773
538 1827
538 1898
539 622
539 731
539 768
539 831
539 886
539 910
539 1084
539 1153
539 1341
539 1511
539 1540
539 1618
539 1660
540 653
540 885
540 1060
540 1388
540 1432
540 1574
541 622
541 1041
541 1077
541 1447
541 1522
541 1850
542 719
542 839
542 846
542 1402
542 1643
543 658
543 917
543 1743
544 547
544 864
544 921
544 931
544 1026
544 1401
544 1719
544 1740
545 677
545 681
545 869
545 882
545 1535
545 1837
546 886
546 1092
546 1312
546 1489
546 1546
546 1947
546 1964
547 788
547 913
547 973
547 1088
547 1096
547 1196
547 1411
547 1428
547 1463
547 1567
548 574
548 578
548 962
548 1073
548 1265
548 1271
548 1305
548 1374
548 1635
548 1960
549 681
549 820
549 895
549 1615
550 1129
550 1259
550 1311
550 1390
551 617
551 741
551 809
551 1208
551 1895
552 1199
552 1219
552 1325
552 1358
552 1658
552 1791
552 1978
553 568
553 623
553 641
553 957
553 1015
553 1307
553 1413
553 1620
553 1817
553 1949
554 668
554 1003
554 1147
554 1206
554 1463
554 1517
554 1656
555 721
555 949
555 1005
555 1065
555 1303
555 1489
555 1531
555 1568
555 1900
556 651
556 736
556 924
556 1029
556 1307
556 1384
556 1570
556 1640
556 1688
556 1695
556 1901
557 769
557 899
557 1030
557 1144
557 1329
557 1341
557 1369
557 1527
557 1560
557 1583
557 1596
557 1776
558 562
558 678
558 1162
558 1253
558 1413
558 1467
559 623
559 706
559 1344
559 1438
559 1899
559 1922
559 1959
560 667
560 763
560 814
560 964
560 1106
560 1147
560 1359
560 1778
560 1905
560 1972
561 871
561 1509
561 1599
561 1950
561 1976
562 693
562 1335
562 1494
562 1566
562 1723
562 1759
562 1940
563 569
563 615
563 1088
563 1168
563 1189
563 1347
563 1493
563 1569
563 1717
563 1942
563 1991
564 612
564 1067
564 1101
564 1116
564 1215
564 1467
564 1674
564 1771
564 1847
564 1971
565 1060
565 1357
565 1473
565 1749
566 631
566 751
566 799
566 1184
566 1276
566 1580
566 1678
566 1923
567 578
567 767
567 1527
567 1595
567 1638
567 1655
567 1658
567 1671
567 1856
568 877
568 1189
568 1210
568 1614
568 1702
568 1737
569 792
569 1160
569 1336
569 1370
569 1427
569 1557
569 1688
569 1751
569 1752
570 685
570 777
570 831
570 914
570 919
570 1458
570 1639
570 1705
571 732
571 804
571 1063
571 1069
571 1532
571 1817
572 603
572 667
572 684
572 1980
573 843
573 1480
573 1578
573 1656
573 1928
574 1051
574 1099
574 1159
574 1758
575 815
575 858
575 912
575 1271
575 1291
575 1608
575 1700
575 1913
576 716
576 948
576 1125
576 1221
576 1277
576 1391
576 1439
576 1686
576 1835
576 1836
577 920
577 1141
577 1333
577 1417
577 1428
577 1465
577 1531
577 1796
578 724
578 943
578 1083
578 1448
578 1530
578 1636
578 1879
579 727
579 1209
579 1272
579 1670
579 1710
579 1737
579 1923
579 1929
580 1008
580 1189
580 1524
580 1623
580 1679
581 725
581 950
581 1088
581 1660
581 1748
582 643
582 1286
582 1669
582 1920
583 616
583 719
583 939
583 1295
584 756
584 1064
584 1645
584 1794
584 1804
584 1897
584 1995
585 981
585 1171
585 1181
585 1660
585 1810
585 1871
585 1899
586 716
586 774
586 786
586 807
586 827
586 1038
586 1293
586 1795
586 1820
586 1956
587 993
587 1015
587 1314
587 1438
587 1466
587 1743
588 662
588 755
588 962
588 975
588 1010
588 1152
588 1313
588 1677
588 1686
588 1831
589 647
589 758
589 764
589 1154
590 808
590 1033
590 1363
591 886
591 977
591 1102
591 1283
591 1521
591 1675
591 1685
591 1767
591 1964
592 718
592 733
592 756
592 978
592 996
592 1308
592 1409
592 1578
593 683
593 1189
593 1401
593 1440
593 1615
594 695
594 945
594 1073
594 1377
594 1556
594 1832
594 1840
595 650
595 847
595 937
595 1002
595 1131
595 1237
595 1466
595 1694
595 1885
596 707
596 1184
596 1627
596 1711
596 1805
596 1807
596 1856
597 610
597 802
597 956
597 1017
597 1119
597 1205
597 1401
597 1416
597 1619
597 1622
598 1079
598 1411
598 1531
598 1566
599 703
599 1090
599 1282
599 1354
599 1740
599 1862
599 1915
600 974
600 1474
600 1700
600 1802
600 1912
600 1986
601 670
601 696
601 911
601 1161
601 1615
601 1962
602 629
602 740
602 1030
602 1228
602 1383
602 1618
602 1660
602 1768
602 1964
603 860
603 875
603 936
603 1187
603 1225
603 1241
603 1285
603 1521
603 1583
603 1786
604 745
604 810
604 1315
604 1353
604 1597
604 1600
604 1765
605 628
605 697
605 819
605 995
605 1002
605 1175
605 1676
605 1764
605 1973
606 691
606 1009
606 1269
606 1388
606 1580
607 970
607 1530
608 616
608 800
608 805
608 959
608 1060
608 1140
608 1253
608 1331
608 1431
608 1475
608 1909
609 656
609 996
609 1141
609 1248
609 1365
609 1879
609 1963
609 1968
610 1155
610 1604
610 1823
610 1899
611 755
611 892
611 902
611 1065
611 1230
611 1232
611 1494
612 1256
612 1272
612 1280
612 1412
612 1808
612 1867
613 758
613 924
613 1114
613 1726
613 1757
613 1822
614 758
614 1134
614 1320
615 620
615 653
615 677
615 981
615 1304
615 1703
615 1772
615 1941
616 671
616 967
616 1158
616 1283
616 1326
616 1522
616 1592
616 1764
617 1028
617 1076
617 1335
617 1649
617 1891
617 1977
618 762
618 973
618 1073
618 1263
618 1322
618 1347
618 1554
618 1601
619 638
619 1457
619 1687
619 1804
619 1954
619 1981
620 643
620 1045
620 1205
620 1403
620 1576
620 1713
620 1773
621 670
621 984
621 993
621 1020
621 1741
622 1227
622 1287
622 1320
623 670
623 699
623 879
623 924
623 1998
624 732
624 1280
624 1299
624 1332
624 1431
624 1465
624 1569
624 1750
624 1793
624 1978
625 980
625 1040
625 1167
625 1765
625 1957
626 650
626 836
626 1494
627 648
627 772
627 960
627 1161
627 1189
627 1362
627 1395
627 1548
627 1720
627 1810
627 1895
627 1920
628 835
628 975
628 1197
628 1221
628 1822
628 1923
629 790
629 969
629 1527
629 1735
629 1761
630 674
630 746
630 771
630 1292
630 1381
630 1434
630 1938
630 1949
631 815
631 1264
631 1420
631 1472
631 1608
631 1646
632 664
632 1193
632 1539
633 774
633 1039
633 1086
633 1490
633 1919
633 1976
634 1632
635 932
635 934
635 1085
635 1388
635 1754
636 754
636 852
636 876
636 1255
636 1467
636 1589
636 1726
636 1775
637 972
637 1087
637 1222
637 1921
638 714
638 717
638 1159
638 1254
638 1349
638 1612
638 1721
639 739
639 932
639 1196
639 1354
639 1468
639 1605
639 1856
639 1905
639 1934
640 749
640 862
640 1118
640 1447
640 1679
640 1989
641 825
641 1453
641 1582
641 1861
641 1900
641 1946
642 1403
643 767
643 874
643 1256
643 1369
643 1847
644 913
644 1549
644 1600
644 1681
644 1746
644 1770
644 1779
644 1791
644 1827
645 648
645 722
645 960
645 1036
646 933
646 985
646 1266
646 1742
647 910
647 1120
647 1242
647 1344
648 713
648 810
648 1134
648 1249
648 1429
648 1700
648 1937
649 750
649 768
649 777
649 825
649 1221
649 1843
649 1976
650 1264
650 1366
650 1529
650 1999
651 721
651 744
651 1072
651 1181
652 805
652 1393
652 1402
652 1435
652 1485
652 1623
652 1959
653 842
653 1018
653 1291
654 805
654 1045
654 1274
654 1510
654 1546
654 1556
654 1642
654 1666
654 1835
654 1859
655 792
655 947
655 948
655 960
655 1038
655 1074
655 1237
655 1624
655 1665
655 1735
655 1772
655 1846
655 1888
655 1946
656 1195
656 1882
657 945
657 1052
657 1356
657 1785
657 1867
657 1998
658 765
658 830
658 1247
658 1516
658 1536
658 1752
659 828
659 967
659 1024
659 1026
659 1221
659 1261
659 1596
659 1709
660 926
660 1107
660 1291
660 1338
660 1890
661 769
661 875
661 1347
661 1705
661 1968
662 747
662 1002
662 1118
662 1179
662 1593
662 1711
662 1873
662 1917
663 782
663 1017
663 1190
663 1305
663 1534
663 1631
664 838
664 1568
664 1983
665 965
665 1007
665 1160
665 1376
665 1520
665 1645
666 1253
666 1631
667 949
667 1252
667 1321
667 1484
667 1922
668 1436
668 1521
668 1760
668 1929
669 732
669 1043
669 1065
669 1931
670 809
670 985
670 1389
671 690
671 976
671 1744
671 1754
671 1910
672 902
672 933
672 1033
672 1086
672 1408
672 1551
672 1580
672 1882
672 1955
672 1963
673 697
673 716
673 762
673 833
673 857
673 1002
673 1080
673 1847
673 1974
674 927
674 1171
674 1203
674 1226
674 1250
674 1338
674 1532
674 1919
674 1949
675 714
675 1268
675 1728
675 1774
676 1298
676 1790
676 1960
677 921
677 926
677 1054
677 1278
677 1281
677 1367
677 1400
677 1466
677 1482
677 1580
677 1876
677 1881
677 1970
678 796
678 1404
678 1733
678 1840
679 682
679 721
679 866
679 869
679 1257
679 1277
679 1389
679 1392
679 1439
679 1602
679 1697
679 1728
679 1921
680 843
680 904
680 960
680 1441
680 1504
680 1536
680 1585
680 1933
681 1056
681 1116
681 1266
681 1299
681 1711
681 1741
682 712
682 1163
682 1182
682 1562
682 1944
683 790
683 1258
683 1275
683 1549
683 1577
683 1754
683 1994
684 729
684 904
684 990
684 1162
684 1180
684 1242
684 1940
685 823
685 853
685 1105
685 1340
685 1904
686 690
686 965
686 1376
686 1563
687 1388
687 1814
688 809
688 928
688 1259
688 1426
688 1526
688 1579
688 1733
688 1821
689 748
689 1173
689 1211
689 1456
689 1627
689 1638
689 1743
689 1751
689 1944
689 1946
690 1118
690 1142
690 1345
690 1421
690 1522
690 1531
691 862
691 1133
691 1579
691 1629
691 1637
691 1754
692 875
692 953
692 973
692 1193
692 1547
692 1957
692 1964
692 1977
693 796
693 1078
693 1112
693 1353
693 1935
694 1144
694 1463
694 1728
694 1845
694 1871
695 1319
695 1445
695 1711
696 1128
696 1382
696 1736
696 1812
696 1925
697 930
697 1461
697 1587
697 1744
697 1820
697 1924
698 718
698 946
698 1029
698 1037
698 1220
698 1428
698 1584
698 1673
699 782
699 842
699 1349
699 1672
700 707
700 775
700 793
700 1127
700 1828
700 1888
700 1889
700 1897
700 1914
700 1975
701 916
701 1077
701 1176
701 1287
701 1737
702 748
702 775
702 789
702 1453
703 783
703 990
703 1002
703 1168
703 1172
703 1300
703 1715
703 1963
704 806
704 1071
704 1271
704 1461
704 1631
704 1882
704 1909
705 804
705 854
705 931
705 1110
705 1117
705 1413
705 1528
705 1589
705 1896
705 1969
706 757
706 1231
706 1387
706 1663
706 1756
706 1807
707 1025
707 1294
707 1704
707 1929
708 721
708 810
708 1015
708 1036
708 1100
708 1179
708 1327
708 1521
708 1660
708 1742
708 1929
708 1952
709 923
709 996
709 1341
709 1382
709 1649
709 1706
710 745
710 772
710 778
710 916
710 1063
710 1087
711 915
711 959
711 1035
711 1037
711 1077
711 1170
711 1240
711 1323
711 1360
711 1749
711 1810
712 850
712 1423
712 1439
712 1444
712 1858
712 1979
713 762
713 965
713 1542
713 1644
713 1658
713 1810
713 1881
714 1129
714 1244
714 1338
714 1624
714 1772
714 1923
715 810
715 926
715 1610
716 808
716 868
716 968
716 1089
716 1292
716 1418
716 1865
717 877
717 1107
717 1215
717 1277
717 1348
717 1468
717 1484
717 1543
717 1581
717 1756
718 991
718 1399
718 1539
718 1834
719 919
719 1248
719 1356
719 1669
719 1672
719 1726
719 1960
720 1064
720 1065
720 1116
720 1154
720 1161
721 1041
721 1126
721 1265
721 1509
721 1663
721 1776
721 1876
722 745
722 869
722 1091
722 1116
722 1176
722 1249
722 1597
722 1608
722 1975
723 882
723 1054
723 1134
723 1258
723 1512
723 1699
724 829
724 913
724 993
724 1041
724 1391
724 1414
724 1732
724 1889
725 755
725 776
725 792
725 1031
725 1082
725 1468
725 1547
725 1727
725 1924
725 1936
726 1070
726 1074
726 1181
726 1596
726 1963
726 1966
727 760
727 788
727 849
727 1265
727 1321
727 1346
727 1531
727 1653
727 1699
727 1739
727 1840
728 1149
728 1414
728 1526
728 1575
728 1659
728 1978
729 746
729 787
729 790
729 897
729 1642
730 966
730 990
730 1262
731 790
731 839
731 1214
731 1305
732 969
732 1254
732 1288
732 1303
732 1582
732 1629
732 1648
732 1663
732 1793
733 864
733 1026
733 1050
733 1201
733 1223
733 1654
733 1783
733 1907
733 1918
734 974
734 987
734 1280
734 1316
734 1366
735 914
735 946
735 1130
735 1136
735 1379
735 1444
735 1462
736 1418
736 1639
736 1710
736 1726
737 815
737 867
737 955
737 1061
737 1219
737 1430
737 1972
738 1023
738 1779
738 1918
739 770
739 1457
739 1693
739 1842
739 1849
739 1856
740 1206
740 1694
740 1886
741 1074
741 1474
742 774
742 801
742 1003
742 1338
742 1538
742 1600
742 1632
742 1687
742 1706
743 747
743 860
743 929
743 941
743 1071
743 1558
743 1588
743 1803
743 1838
743 1849
744 842
744 896
744 968
744 1115
744 1500
744 1689
745 841
745 853
745 978
745 1023
745 1305
745 1718
746 761
746 1077
746 1801
746 1819
747 896
747 1070
747 1115
747 1648
748 891
748 1448
748 1484
748 1887
749 911
749 984
750 1595
750 1754
750 1799
750 1826
750 1901
751 1219
751 1289
751 1472
751 1633
751 1643
752 1144
752 1597
752 1732
752 1906
752 1954
753 783
753 887
753 1077
753 1112
753 1539
753 1607
754 898
754 1535
754 1641
754 1682
754 1805
754 1822
755 810
755 859
755 1070
755 1732
756 1103
756 1282
756 1340
756 1454
756 1513
756 1547
756 1886
756 1910
756 1961
757 821
757 881
757 938
757 1004
757 1008
757 1093
757 1393
757 1579
757 1685
757 1938
757 1983
758 1036
758 1149
758 1181
758 1209
758 1234
758 1393
758 1927
758 1948
759 832
759 1129
759 1970
760 1602
760 1679
760 1762
760 1857
761 845
761 876
761 1016
761 1193
761 1744
762 829
762 847
762 1047
762 1091
762 1186
762 1192
762 1335
762 1436
762 1594
762 1995
763 943
763 1006
763 1029
763 1266
763 1349
763 1524
763 1557
763 1876
763 1992
764 809
764 823
764 1357
764 1443
764 1463
764 1941
765 767
765 1118
765 1657
765 1749
765 1864
765 1946
765 1956
765 1964
766 1247
766 1400
766 1644
766 1844
766 1973
767 949
767 1183
767 1481
767 1581
767 1944
768 1167
768 1558
768 1667
768 1743
768 1800
769 828
769 863
769 957
769 1035
769 1107
769 1874
769 1979
770 975
770 1149
770 1179
770 1212
770 1546
770 1589
770 1597
771 828
771 927
771 1187
771 1201
771 1264
771 1581
772 886
772 923
772 965
772 1125
772 1286
772 1434
772 1479
772 1701
772 1810
772 1813
772 1917
773 962
773 1361
773 1426
773 1827
773 1936
774 879
774 1671
775 1079
775 1113
775 1510
775 1833
775 1928
775 1941
776 1008
776 1254
776 1343
776 1424
776 1613
776 1638
776 1680
776 1789
776 1970
777 832
777 1398
777 1427
777 1656
778 1005
778 1127
778 1435
778 1606
778 1687
778 1740
778 1827
778 1876
779 1271
779 1524
779 1577
779 1992
780 1862
780 1943
780 1946
780 1997
781 805
781 912
781 965
781 1126
781 1188
781 1296
781 1320
781 1966
782 874
782 919
782 998
782 1018
782 1037
782 1391
782 1510
782 1640
783 1576
783 1648
783 1815
784 820
784 872
784 1893
785 1081
785 1401
785 1609
785 1844
785 1912
786 1215
786 1505
787 804
787 866
787 940
787 942
787 1366
788 850
788 1009
788 1061
788 1386
788 1637
789 873
789 904
789 968
789 1413
789 1822
789 1852
790 850
790 928
790 1138
790 1691
790 1934
790 1970
791 921
791 963
791 1192
791 1203
791 1533
791 1737
791 1875
791 1940
791 1955
792 853
792 901
792 1190
792 1506
792 1779
793 1159
793 1647
793 1905
794 905
794 923
794 1193
794 1328
794 1383
794 1498
794 1999
795 1010
795 1128
795 1308
795 1367
795 1409
795 1605
795 1694
795 1699
796 891
796 1028
796 1064
796 1094
796 1180
796 1236
796 1305
796 1362
796 1373
796 1444
796 1731
796 1774
797 961
797 1174
797 1430
797 1553
797 1892
798 1262
798 1387
798 1417
798 1672
798 1705
798 1931
798 1953
798 1958
799 923
799 1434
799 1908
800 947
800 952
800 1352
801 1222
801 1259
801 1294
801 1316
801 1502
801 1669
801 1824
802 974
802 982
802 1072
802 1135
802 1403
802 1593
802 1859
802 1951
802 1963
803 924
803 1167
803 1303
803 1307
803 1453
803 1695
804 1197
804 1264
804 1278
804 1318
804 1662
804 1664
804 1984
805 935
805 1198
805 1200
805 1206
805 1290
805 1334
805 1519
805 1562
805 1963
806 1317
806 1320
806 1570
806 1776
806 1822
807 943
807 1044
807 1168
807 1299
807 1405
807 1459
807 1513
807 1795
807 1850
808 1083
808 1320
808 1380
808 1408
808 1575
808 1731
809 1003
809 1234
809 1611
809 1711
809 1730
809 1822
809 1943
810 1043
810 1077
810 1124
810 1696
810 1928
811 1149
811 1216
811 1526
811 1548
811 1566
811 1568
811 1783
812 927
812 962
812 1479
812 1500
812 1734
813 967
813 1284
813 1514
813 1850
813 1955
814 1009
814 1054
814 1562
814 1611
814 1821
815 1282
815 1511
815 1822
815 1882
816 1106
816 1268
816 1711
816 1714
816 1724
816 1787
816 1815
816 1975
817 1202
817 1472
817 1475
817 1504
817 1580
817 1706
818 1025
818 1081
818 1392
818 1422
818 1853
818 1918
819 840
819 1141
820 873
820 1248
820 1480
821 891
821 945
821 1113
821 1234
821 1240
821 1440
821 1456
821 1523
821 1735
822 1052
822 1095
822 1459
822 1667
822 1694
822 1885
823 871
823 888
823 1546
823 1644
823 1657
823 1753
824 858
824 941
824 978
824 1083
824 1279
824 1401
824 1450
824 1487
824 1506
824 1514
824 1566
824 1640
825 843
825 1113
825 1312
825 1383
825 1468
825 1469
825 1523
825 1534
825 1603
825 1916
826 912
826 918
826 951
826 1144
826 1353
826 1606
826 1740
826 1814
827 871
827 1533
827 1980
828 952
828 1013
828 1187
828 1238
828 1392
828 1679
828 1694
829 1467
829 1960
830 1000
830 1069
830 1545
830 1618
831 1002
831 1724
832 954
832 1055
832 1125
832 1193
832 1285
832 1397
832 1828
832 1952
833 1044
833 1147
833 1252
833 1484
833 1489
833 1586
833 1829
834 1165
834 1669
834 1957
835 918
835 1342
835 1375
835 1761
835 1937
836 925
836 1557
836 1622
836 1962
836 1984
837 1118
837 1361
837 1495
837 1743
837 1981
837 1990
838 1311
838 1365
838 1454
838 1470
838 1511
838 1656
838 1700
838 1740
838 1816
839 1066
839 1733
840 935
840 995
840 1230
840 1346
840 1347
840 1362
841 875
841 1594
841 1679
841 1824
841 1874
841 1951
842 1035
842 1115
842 1249
842 1431
842 1546
842 1666
842 1669
843 872
843 1013
843 1042
843 1064
843 1438
843 1597
843 1599
843 1802
844 952
844 966
844 983
844 1321
844 1936
845 874
845 913
845 1040
845 1057
845 1175
845 1273
845 1460
846 1390
846 1649
846 1832
846 1897
847 1407
847 1652
847 1826
847 1913
848 1050
848 1172
848 1285
849 1061
849 1752
849 1799
849 1972
850 1103
850 1237
850 1355
850 1529
850 1695
850 1795
851 1050
851 1209
851 1237
851 1288
851 1300
851 1458
851 1835
852 1215
852 1360
852 1499
852 1641
852 1835
852 1862
853 1005
853 1049
853 1229
853 1361
853 1674
853 1709
853 1811
854 987
854 1314
854 1450
854 1585
854 1741
854 1750
855 1075
855 1248
855 1348
855 1408
855 1418
855 1467
855 1541
855 1594
856 888
856 1055
856 1179
856 1239
856 1308
856 1404
856 1882
856 1925
856 1977
857 955
857 1163
857 1203
857 1355
857 1445
857 1677
857 1819
858 1490
859 951
859 957
859 1036
859 1091
859 1274
859 1324
859 1944
859 1975
860 1080
860 1282
860 1602
861 1080
861 1225
861 1267
861 1520
861 1618
861 1660
861 1750
862 1479
862 1527
862 1645
862 1946
863 1277
863 1322
863 1399
863 1418
863 1462
863 1464
863 1537
863 1861
864 869
864 1104
864 1226
864 1289
864 1735
865 973
865 1399
865 1432
865 1652
866 1020
866 1022
866 1073
866 1326
866 1467
866 1548
866 1571
866 1628
866 1957
867 996
867 1120
867 1368
867 1399
867 1662
867 1694
867 1804
867 1944
868 923
868 1494
868 1619
868 1904
868 1915
868 1936
868 1983
869 967
869 976
869 1007
869 1409
869 1484
869 1641
870 993
870 1100
870 1109
870 1213
870 1371
870 1512
870 1558
870 1853
870 1995
871 877
871 929
871 949
871 1067
871 1557
871 1786
872 1148
872 1294
872 1411
872 1551
872 1592
873 1394
873 1420
873 1438
873 1672
873 1864
874 1153
874 1293
874 1569
874 1852
874 1921
874 1937
875 1153
875 1193
875 1326
875 1380
875 1406
875 1459
876 1416
876 1493
876 1582
876 1688
876 1739
876 1837
876 1936
876 1994
876 1996
877 1391
877 1474
877 1524
877 1641
877 1679
877 1851
878 1087
878 1141
878 1498
878 1591
878 1751
878 1985
879 1408
879 1589
879 1630
879 1806
879 1860
880 1042
880 1843
880 1952
880 1990
881 957
881 1181
881 1395
881 1520
881 1636
881 1740
881 1851
882 1021
882 1540
882 1574
882 1996
883 1324
883 1955
884 973
884 1093
884 1349
885 1098
885 1463
885 1552
886 1066
886 1446
886 1526
886 1633
887 1206
887 1242
887 1392
887 1689
887 1771
887 1955
888 1402
888 1413
888 1527
888 1929
889 1227
889 1547
889 1651
889 1698
889 1806
889 1833
890 1018
890 1088
890 1246
890 1271
890 1461
890 1764
890 1894
890 1923
891 1258
891 1418
891 1852
891 1927
892 1325
893 999
893 1130
893 1233
893 1710
893 1714
893 1927
894 1064
894 1115
894 1183
894 1450
894 1565
894 1712
894 1745
894 1806
894 1883
895 1127
895 1400
895 1429
895 1965
896 954
896 1346
896 1351
896 1410
896 1486
896 1835
897 931
897 1065
897 1149
897 1186
897 1401
897 1557
897 1663
897 1683
897 1937
898 909
898 1153
898 1273
898 1521
898 1695
899 1046
899 1150
899 1237
899 1317
899 1463
899 1527
899 1852
900 1035
900 1163
900 1401
900 1881
900 1909
900 1912
900 1929
901 944
901 1456
901 1736
902 1056
902 1109
902 1182
902 1549
902 1591
902 1602
902 1719
902 1721
903 961
903 1168
903 1248
903 1328
903 1447
903 1623
903 1641
903 1697
904 1446
904 1618
904 1622
904 1679
904 1775
904 1839
904 1895
905 1326
905 1402
905 1452
906 1428
906 1979
907 1012
907 1089
907 1259
907 1287
907 1636
907 1665
907 1686
908 947
908 1115
908 1188
908 1327
908 1447
908 1486
908 1631
909 989
909 1103
909 1682
909 1759
910 1048
910 1194
910 1401
910 1857
910 1921
911 1004
911 1375
911 1634
912 1035
912 1550
912 1646
912 1694
912 1705
913 934
913 1064
913 1410
914 1236
914 1415
914 1428
914 1464
914 1725
914 1806
915 977
915 1005
915 1082
915 1414
915 1489
915 1710
916 921
916 1169
916 1918
916 1945
917 1058
917 1095
917 1434
917 1490
917 1888
918 1500
918 1716
919 1109
919 1138
919 1254
919 1292
919 1573
919 1649
919 1662
919 1729
920 1109
920 1311
920 1371
920 1864
920 1873
920 1987
921 1048
921 1178
921 1542
921 1574
922 1083
922 1171
922 1684
922 1837
922 1891
923 1006
923 1043
923 1282
923 1573
923 1778
923 1810
923 1814
923 1954
924 1040
924 1933
924 1934
924 1945
924 1996
925 950
925 959
925 1510
925 1600
925 1618
926 994
926 1007
926 1089
926 1749
926 1893
927 961
927 1010
927 1137
927 1414
927 1668
927 1921
928 1394
928 1429
928 1572
928 1963
928 1973
929 1219
929 1227
929 1290
929 1352
929 1378
929 1740
929 1939
930 1092
930 1421
930 1471
930 1696
931 933
931 1013
931 1210
931 1272
931 1793
932 934
932 1133
932 1150
932 1153
932 1235
932 1380
932 1385
932 1409
932 1899
933 948
933 1198
933 1287
933 1466
933 1787
933 1825
933 1856
934 1575
934 1583
934 1640
934 1669
934 1692
934 1747
934 1919
936 1156
936 1322
936 1328
936 1559
936 1570
936 1769
936 1903
936 1972
937 1069
937 1177
937 1351
937 1544
937 1759
938 1047
938 1182
939 962
939 1122
939 1201
939 1272
939 1763
939 1812
939 1827
939 1857
939 1877
939 1999
940 1143
940 1360
940 1706
940 1743
940 1768
940 1802
940 1867
941 1434
941 1487
941 1582
941 1732
942 1504
942 1904
942 1995
943 1134
943 1269
943 1594
943 1731
943 1772
944 1223
944 1364
945 1276
945 1567
945 1611
945 1657
945 1874
945 2000
946 1078
946 1156
946 1579
946 1718
946 1719
946 1973
947 1182
947 1753
947 1929
947 1953
948 1096
948 1437
948 1559
949 1098
949 1101
949 1358
949 1416
949 1441
949 1450
949 1548
949 1937
949 1989
950 1066
950 1147
950 1237
951 1139
951 1170
951 1222
951 1637
952 1005
952 1022
952 1060
952 1182
952 1221
952 1250
952 1390
952 1575
953 1029
953 1095
953 1564
953 1874
953 1899
954 1882
954 1999
955 1118
955 1310
955 1756
955 1912
955 1936
956 997
956 1580
956 1691
957 971
957 1400
957 1531
957 1618
957 1966
958 1322
958 1484
958 1520
958 1533
959 1007
959 1100
959 1287
959 1596
959 1720
959 1732
960 1093
960 1222
960 1363
960 1812
961 1062
961 1309
961 1793
961 1884
961 1935
961 1938
962 1193
962 1199
962 1568
962 1814
963 1408
963 1537
963 1789
963 1910
963 1911
963 1953
964 1100
964 1372
964 1578
964 1584
964 1642
964 1971
965 1681
965 1732
965 1760
965 1886
966 1218
966 1358
966 1699
966 1731
966 1894
966 1960
967 1032
967 1169
967 1731
967 1896
967 1920
968 1263
968 1306
968 1435
968 1780
968 1785
968 1897
968 1941
969 1389
969 1792
969 1857
970 1177
970 1577
971 1355
971 1375
971 1474
971 1530
972 1087
972 1215
972 1524
972 1733
972 1766
972 1855
972 1864
972 1956
973 1698
973 1959
974 1281
974 1489
974 1704
975 1140
975 1472
975 1685
975 1754
976 1193
976 1382
976 1514
976 1534
976 1939
977 1229
977 1315
977 1457
977 1645
978 1041
978 1316
978 1318
978 1752
978 1786
978 1891
979 1255
979 1265
979 1691
979 1909
980 1319
980 1322
980 1902
981 1003
981 1111
981 1133
981 1232
981 1448
981 1767
981 1835
982 987
982 1068
982 1251
982 1827
982 1843
982 1899
982 1945
983 1158
983 1258
983 1417
983 1445
983 1454
983 1553
983 1939
984 1068
984 1108
984 1239
984 1246
984 1326
984 1359
984 1624
984 1629
984 1794
984 1930
984 1959
985 1628
985 1756
985 1832
985 1906
985 1985
986 1301
987 1286
987 1341
987 1400
987 1415
987 1434
987 1621
987 1746
987 1767
988 1072
988 1268
988 1534
988 1632
988 1774
989 1347
989 1416
989 1427
989 1454
989 1603
989 1833
990 1128
990 1531
990 1842
991 1071
991 1337
991 1478
991 1660
991 1728
991 1978
992 1250
992 1399
992 1417
992 1546
992 1725
992 1879
992 1973
993 1037
993 1081
993 1148
993 1211
993 1818
994 1692
994 1817
994 1846
995 1267
995 1333
995 1379
995 1394
995 1731
995 1795
995 1798
995 1868
996 1190
996 1234
996 1634
996 1670
996 1770
997 1011
997 1020
997 1075
997 1199
997 1354
997 1454
997 1586
997 1663
998 1350
998 1404
998 1795
999 1024
999 1041
999 1535
999 1637
999 1708
1000 1040
1000 1211
1000 1284
1000 1606
1000 1686
1001 1251
1001 1499
1001 1619
1001 1835
1002 1010
1002 1246
1002 1362
1002 1407
1002 1416
1002 1473
1002 1852
1002 1992
1003 1287
1003 1369
1003 1430
1003 1621
1003 1642
1003 1783
1003 1925
1004 1127
1004 1451
1004 1506
1004 1545
1004 1705
1004 1924
1005 1082
1005 1249
1005 1297
1005 1639
1005 1747
1006 1128
1006 1137
1006 1263
1006 1911
1006 1986
1007 1040
1007 1230
1007 1638
1007 1653
1007 1843
1008 1059
1008 1231
1008 1345
1008 1668
1009 1010
1009 1317
1009 1537
1009 1612
1009 1779
1009 1833
1009 1952
1009 1982
1010 1442
1010 1589
1010 1796
1011 1275
1011 1799
1012 1153
1012 1384
1012 1468
1012 1535
1012 1654
1013 1404
1013 1584
1013 1825
1014 1347
1014 1852
1014 1860
1014 1865
1014 1978
1015 1273
1015 1702
1016 1405
1016 1786
1016 1945
1017 1030
1017 1316
1017 1399
1017 1512
1017 1694
1018 1373
1018 1400
1018 1415
1018 1651
1018 1959
1019 1077
1019 1348
1019 1667
1019 1688
1019 1853
1020 1063
1020 1171
1020 1410
1020 1462
1020 1529
1020 1894
1020 1921
1020 1928
1021 1372
1021 1452
1021 1595
1021 1668
1021 1700
1021 1852
1021 1903
1021 1930
1021 1993
1022 1211
1022 1567
1022 1624
1022 1682
1023 1119
1023 1122
1023 1269
1023 1411
1023 1491
1023 1544
1023 1687
1024 1179
1024 1210
1024 1300
1024 1484
1024 1676
1025 1134
1025 1416
1025 1483
1025 1718
1025 1778
1025 1902
1026 1843
1026 1861
1027 1218
1027 1388
1027 1851
1027 1943
1028 1237
1028 1337
1028 1642
1028 1685
1028 1752
1029 1260
1029 1303
1029 1444
1029 1672
1029 1927
1030 1251
1030 1553
1030 1649
1031 1102
1031 1103
1031 1157
1031 1189
1031 1251
1031 1478
1031 1558
1031 1624
1031 1748
1031 1780
1031 1850
1031 1947
1032 1249
1032 1578
1032 1615
1032 1630
1033 1039
1033 1111
1033 1452
1033 1573
1033 1807
1033 1811
1033 1852
1033 1902
1034 1238
1034 1246
1034 1465
1034 1796
1034 1849
1035 1393
1035 1552
1035 1666
1036 1158
1036 1241
1036 1392
1036 1742
1036 1877
1037 1224
1037 1676
1037 1840
1038 1161
1038 1626
1038 1873
1038 1980
1039 1496
1039 1623
1039 1774
1039 1841
1039 1861
1040 1079
1040 1263
1040 1268
1040 1321
1040 1325
1041 1215
1041 1223
1041 1319
1041 1353
1041 1368
1041 1383
1041 1629
1042 1321
1042 1426
1043 1068
1043 1147
1043 1253
1043 1283
1043 1565
1043 1682
1043 1691
1043 1795
1043 1924
1043 1925
1044 1143
1044 1322
1044 1923
1045 1060
1045 1572
1045 1619
1045 1667
1045 1779
1045 1855
1045 1936
1046 1345
1046 1398
1047 1203
1047 1604
1047 1735
1047 1884
1047 1988
1048 1281
1048 1296
1048 1344
1048 1508
1048 1647
1048 1668
1049 1377
1049 1506
1049 1508
1049 1566
1049 1657
1049 1732
1049 1777
1050 1215
1050 1758
1050 1889
1051 1109
1051 1257
1051 1336
1051 1881
1051 1915
1052 1279
1052 1344
1052 1448
1052 1616
1052 1760
1053 1159
1053 1538
1053 1772
1053 1786
1053 1831
1053 1888
1054 1178
1054 1415
1054 1860
1055 1143
1055 1359
1055 1481
1055 1701
1056 1203
1056 1352
1056 1476
1056 1866
1057 1462
1057 1669
1057 1765
1057 1876
1058 1634
1058 1806
1058 1814
1058 1962
1059 1077
1059 1282
1059 1454
1059 1576
1059 1695
1059 1780
1060 1427
1060 1628
1060 1659
1060 1665
1061 1113
1061 1365
1061 1641
1061 1652
1061 1720
1062 1131
1062 1510
1062 1562
1063 1149
1063 1195
1063 1465
1063 1597
1063 1930
1064 1068
1064 1271
1064 1824
1065 1270
1065 1449
1065 1564
1065 1587
1066 1071
1066 1333
1066 1359
1066 1453
1066 1643
1066 1757
1067 1202
1067 1311
1067 1414
1067 1431
1067 1563
1067 1719
1067 1781
1067 1887
1068 1112
1068 1318
1068 1839
1069 1170
1069 1257
1069 1781
1070 1430
1070 1445
1070 1592
1071 1526
1071 1673
1071 1924
1072 1303
1072 1331
1072 1803
1072 1815
1072 1950
1072 1952
1073 1194
1073 1496
1073 1731
1074 1154
1074 1382
1074 1446
1074 1737
1074 1923
1075 1151
1075 1642
1075 1924
1076 1434
1076 1767
1076 1901
1076 1970
1077 1204
1077 1255
1077 1326
1077 1506
1077 1619
1077 1680
1077 1682
1077 1838
1077 1842
1077 1851
1077 1932
1077 1933
1078 1099
1078 1136
1079 1217
1079 1276
1079 1549
1079 1671
1079 1967
1080 1194
1080 1374
1080 1480
1080 1633
1080 1746
1080 1773
1080 1814
1080 1950
1081 1477
1081 1624
1081 1956
1081 1972
1081 1990
1082 1178
1082 1196
1082 1720
1083 1272
1083 1581
1083 1915
1084 1315
1085 1215
1085 1222
1085 1745
1086 1847
1086 1938
1087 1263
1087 1267
1087 1541
1087 1600
1087 1659
1087 1789
1087 1913
1087 1960
1087 1969
1088 1524
1088 1556
1088 1614
1088 1725
1088 1862
1088 1904
1089 1161
1089 1315
1089 1429
1089 1483
1089 1731
1089 1753
1089 1915
1089 1949
1090 1229
1090 1380
1090 1906
1091 1147
1091 1171
1091 1760
1091 1982
1092 1223
1092 1266
1092 1749
1093 1195
1093 1577
1093 1666
1093 1795
1094 1119
1094 1462
1094 1552
1094 1864
1095 1117
1095 1162
1095 1166
1095 1460
1095 1683
1095 1939
1095 1970
1096 1442
1096 1682
1096 1807
1096 1847
1097 1208
1097 1227
1097 1457
1097 1690
1098 1323
1098 1434
1099 1475
1099 1553
1099 1673
1100 1241
1100 1324
1100 1343
1100 1466
1100 1528
1100 1723
1100 1914
1101 1234
1101 1336
1101 1396
1101 1413
1101 1949
1102 1944
1102 1961
1103 1346
1103 1809
1103 1858
1103 1886
1104 1144
1104 1163
1104 1338
1104 1472
1104 1625
1104 1802
1105 1310
1105 1332
1105 1395
1105 1651
1105 1671
1105 1690
1106 1202
1106 1341
1106 1466
1106 1755
1106 1857
1106 1915
1107 1157
1107 1663
1107 1686
1107 1802
1107 1987
1108 1151
1108 1559
1108 1623
1108 1728
1109 1310
1109 1321
1109 1497
1109 1540
1109 1574
1109 1619
1109 1823
1109 1903
1110 1154
1110 1209
1110 1241
1110 1479
1110 1505
1110 1776
1110 1825
1110 1889
1110 1926
1110 1995
1111 1179
1111 1286
1111 1489
1111 1605
1112 1237
1112 1441
1112 1445
1112 1546
1112 1735
1113 1303
1113 1325
1113 1418
1113 1440
1113 1670
1113 1748
1113 1907
1113 1988
1114 1384
1114 1466
1114 1474
1114 1520
1114 1521
1114 1949
1115 1383
1115 1819
1115 1890
1116 1385
1116 1419
1116 1455
1116 1782
1116 1995
1117 1141
1117 1584
1117 1626
1117 1697
1117 1970
1118 1691
1118 1710
1118 1777
1119 1354
1119 1454
1119 1502
1119 1537
1120 1136
1120 1599
1120 1945
1121 1474
1121 1782
1121 1962
1121 1986
1122 1128
1122 1768
1122 1861
1123 1487
1123 1517
1123 1792
1123 1947
1123 1998
1124 1389
1124 1947
1125 1273
1125 1377
1125 1435
1125 1456
1125 1707
1125 1937
1126 1127
1126 1364
1126 1542
1126 1554
1126 1584
1126 1824
1126 1956
1127 1756
1127 1799
1128 1479
1128 1485
1128 1586
1128 1766
1129 1183
1129 1400
1129 1739
1130 1255
1130 1542
1130 1609
1131 1279
1131 1450
1131 1552
1131 1680
1131 1714
1131 1776
1131 1990
1132 1381
1132 1476
1132 1501
1132 1626
1132 1831
1133 1501
1133 1743
1133 1804
1133 1816
1134 1160
1134 1174
1134 1184
1134 1302
1134 1841
1135 1150
1135 1314
1135 1415
1136 1307
1136 1703
1137 1529
1137 1635
1137 1813
1137 1973
1138 1140
1138 1178
1138 1742
1138 1813
1138 1993
1139 1361
1139 1642
1139 1960
1140 1360
1140 1595
1140 1628
1140 1639
1140 1855
1140 1960
1140 1965
1140 1987
1141 1245
1141 1246
1141 1338
1141 1437
1142 1511
1142 1676
1142 1937
1143 1208
1143 1687
1143 1849
1144 1356
1144 1473
1144 1518
1144 1544
1144 1870
1145 1774
1145 1789
1145 1856
1146 1362
1146 1746
1146 1834
1146 1836
1147 1333
1147 1381
1147 1487
1147 1533
1147 1586
1148 1390
1148 1553
1148 1601
1148 1705
1150 1400
1150 1418
1150 1940
1151 1281
1151 1668
1152 1529
1152 1542
1152 1765
1153 1199
1153 1285
1153 1294
1153 1525
1153 1714
1153 1750
1153 1754
1153 1831
1153 1935
1154 1263
1154 1428
1154 1910
1155 1208
1155 1240
1155 1304
1155 1446
1155 1915
1155 1996
1156 1392
1156 1646
1156 1958
1156 1976
1157 1389
1157 1494
1157 1677
1157 1829
1158 1262
1158 1476
1158 1620
1158 1651
1158 1726
1158 1804
1159 1637
1159 1782
1159 1821
1160 1242
1160 1433
1160 1550
1160 1826
1160 1831
1161 1186
1161 1416
1161 1482
1161 1500
1162 1164
1162 1316
1162 1462
1162 1609
1162 1686
1162 1959
1163 1177
1163 1218
1163 1235
1163 1412
1163 1763
1163 1940
1164 1364
1164 1504
1164 1527
1164 1698
1164 1840
1165 1188
1165 1192
1165 1271
1165 1516
1165 1606
1165 1785
1166 1221
1166 1265
1166 1751
1166 1912
1167 1187
1167 1268
1167 1598
1167 1955
1168 1266
1168 1510
1168 1593
1168 1693
1168 1739
1168 1925
1169 1292
1169 1428
1169 1498
1169 1542
1169 1735
1169 1797
1170 1238
1170 1257
1170 1312
1170 1447
1170 1504
1170 1681
1171 1661
1171 1768
1171 1814
1171 1876
1171 1943
1172 1588
1172 1627
1172 1984
1173 1190
1173 1333
1174 1556
1174 1913
1174 1938
1174 1944
1175 1621
1175 1711
1175 1934
1175 1987
1176 1403
1176 1490
1176 1524
1176 1682
1176 1706
1176 1713
1176 1717
1176 1874
1176 1942
1177 1188
1177 1369
1177 1857
1177 1982
1178 1334
1178 1358
1178 1534
1178 1535
1178 1649
1179 1191
1179 1468
1180 1185
1180 1198
1180 1213
1180 1237
1181 1337
1181 1550
1181 1688
1182 1692
1182 1701
1183 1444
1183 1501
1183 1586
1183 1626
1183 1648
1183 1898
1183 1989
1185 1282
1185 1505
1185 1759
1185 1878
1185 1958
1186 1315
1186 1570
1186 1714
1186 1905
1186 1925
1187 1600
1187 1626
1188 1235
1188 1456
1189 1393
1189 1505
1189 1600
1189 1630
1189 1658
1189 1721
1189 1866
1189 1888
1189 1911
1190 1716
1190 1821
1190 1927
1191 1993
1192 1244
1192 1706
1193 1291
1193 1695
1193 1770
1194 1560
1195 1359
1195 1462
1195 1619
1196 1436
1196 1451
1196 1546
1197 1310
1197 1442
1197 1676
1198 1273
1198 1313
1198 1347
1199 1333
1199 1464
1199 1759
1199 1991
1200 1390
1200 1618
1200 1651
1200 1884
1201 1353
1201 1761
1201 1927
1202 1573
1202 1650
1202 1748
1202 1882
1203 1403
1203 1534
1203 1688
1203 1719
1203 1848
1203 1921
1204 1416
1204 1514
1204 1671
1204 1704
1205 1305
1205 1539
1205 1622
1205 1697
1205 1913
1205 1951
1206 1242
1206 1273
1206 1800
1207 1272
1207 1473
1207 1628
1207 1634
1208 1217
1209 1411
1209 1451
1209 1479
1209 1534
1209 1786
1210 1240
1210 1416
1210 1868
1211 1306
1211 1672
1211 1823
1211 1983
1211 1992
1212 1718
1212 1813
1212 1815
1212 1858
1212 1888
1212 1921
1213 1289
1213 1452
1213 1524
1213 1586
1213 1974
1213 1975
1214 1388
1214 1525
1214 1761
1214 1792
1214 1952
1215 1293
1215 1315
1215 1429
1215 1494
1215 1620
1215 1774
1215 1797
1215 1804
1216 1955
1217 1507
1217 1928
1218 1384
1218 1772
1218 1909
1219 1494
1219 1534
1219 1558
1219 1852
1220 1299
1220 1443
1220 1466
1220 1645
1220 1702
1220 1756
1221 1541
1221 1709
1221 1767
1222 1282
1222 1349
1222 1961
1223 1525
1223 1664
1224 1311
1224 1350
1224 1718
1224 1902
1224 1949
1225 1237
1225 1306
1225 1485
1225 1560
1225 1838
1225 1840
1226 1622
1226 1864
1226 1874
1226 1929
1226 1936
1227 1257
1227 1319
1227 1346
1227 1494
1227 1547
1227 1711
1227 1734
1227 1828
1227 1953
1228 1509
1228 1959
1229 1435
1229 1487
1229 1495
1229 1681
1229 1745
1229 1948
1230 1349
1230 1659
1230 1827
1230 1833
1231 1261
1231 1324
1231 1367
1231 1862
1231 1987
1232 1623
1232 1826
1232 1850
1232 1865
1233 1241
1233 1324
1233 1809
1233 1908
1234 1277
1234 1862
1235 1248
1235 1478
1235 1599
1235 1603
1235 1609
1235 1681
1235 1850
1235 1980
1236 1374
1236 1625
1236 1753
1236 1840
1237 1932
1238 1383
1238 1495
1238 1561
1238 1598
1238 1815
1239 1261
1239 1545
1239 1790
1239 1911
1240 1797
1241 1479
1241 1739
1241 1775
1241 1885
1241 1901
1242 1753
1242 1756
1242 1810
1242 1844
1243 1294
1244 1280
1244 1461
1244 1740
1244 1850
1246 1578
1246 1657
1246 1736
1247 1260
1247 1305
1247 1554
1247 1647
1247 1989
1248 1602
1249 1404
1249 1512
1249 1901
1250 1667
1251 1576
1251 1668
1251 1698
1251 1760
1251 1993
1252 1329
1252 1844
1252 1986
1253 1312
1253 1409
1253 1477
1253 1836
1253 1949
1254 1930
1255 1387
1255 1521
1255 1807
1255 1829
1256 1405
1256 1902
1257 1345
1257 1553
1257 1605
1257 1765
1258 1464
1258 1588
1258 1608
1258 1614
1258 1780
1258 1795
1258 1998
1260 1342
1260 1534
1260 1777
1261 1713
1262 1586
1263 1323
1263 1533
1263 1611
1263 1829
1263 1849
1264 1700
1264 1744
1265 1346
1265 1410
1265 1664
1265 1738
1265 1867
1265 1951
1266 1905
1266 1909
1266 1942
1267 1391
1267 1433
1267 1982
1268 1471
1268 1543
1269 1707
1269 1833
1269 1950
1269 1998
1270 1452
1270 1978
1271 1456
1271 1546
1271 1975
1272 1645
1272 1833
1272 1864
1273 1431
1273 1455
1273 1704
1273 1767
1273 1909
1273 1985
1274 1276
1274 1376
1274 1662
1275 1276
1275 1366
1275 1426
1275 1863
1276 1429
1276 1788
1277 1360
1277 1635
1277 1652
1277 1743
1277 1963
1278 1292
1279 1618
1279 1977
1280 1555
1280 1676
1280 1743
1280 1814
1280 1901
1282 1355
1282 1841
1282 1870
1282 1925
1282 1930
1283 1398
1283 1522
1283 1802
1284 1541
1284 1846
1285 1941
1286 1364
1286 1385
1286 1407
1286 1710
1287 1346
1287 1422
1287 1882
1287 1894
1288 1355
1288 1630
1288 1711
1289 1430
1289 1526
1289 1602
1289 1860
1289 1999
1290 1313
1290 1319
1291 1396
1291 1659
1292 1391
1292 1424
1292 1500
1292 1569
1292 1606
1292 1712
1292 1715
1292 1997
1293 1364
1293 1560
1294 1633
1294 1670
1294 1720
1294 1733
1295 1394
1295 1667
1295 1719
1295 1733
1295 1872
1296 1534
1296 1879
1297 1643
1297 1727
1297 1858
1298 1376
1298 1533
1298 1774
1298 1882
1299 1334
1299 1441
1299 1541
1299 1675
1300 1342
1300 1384
1300 1509
1300 1785
1301 1310
1301 1549
1301 1893
1301 1907
1301 1957
1301 2000
1302 1315
1302 1346
1302 1444
1302 1476
1303 1557
1303 1606
1303 1898
1303 1964
1304 1463
1304 1502
1304 1865
1305 1412
1305 1427
1305 1514
1306 1708
1306 1722
1307 1862
1307 1994
1308 1350
1308 1552
1308 1679
1308 1808
1308 1992
1309 1777
1309 1802
1309 1829
1309 1943
1310 1414
1310 1509
1310 1705
1310 1833
1310 1880
1311 1313
1312 1528
1312 1541
1312 1823
1313 1486
1313 1494
1313 1791
1313 1923
1314 1494
1314 1500
1314 1617
1315 1350
1315 1648
1315 1920
1316 1462
1316 1466
1317 1472
1317 1629
1317 1706
1317 1854
1317 1858
1318 1319
1318 1395
1318 1718
1318 1828
1318 1916
1318 1930
1318 1955
1319 1884
1320 1473
1320 1521
1320 1614
1320 1660
1320 1909
1321 1523
1321 1684
1321 1925
1322 1644
1323 1637
1323 1762
1323 1819
1324 1332
1324 1433
1324 1514
1324 1539
1324 1676
1325 1334
1325 1657
1326 1359
1326 1549
1326 1595
1326 1623
1326 1746
1326 1753
1326 1922
1327 1476
1327 1509
1327 1739
1328 1752
1328 1895
1329 1394
1329 1447
1329 1649
1329 1965
1330 1632
1330 1832
1330 1911
1332 1507
1333 1348
1333 1847
1333 1887
1334 1398
1334 1618
1335 1360
1335 1696
1335 1941
1335 1945
1335 1976
1336 1381
1336 1575
1336 1885
1337 1465
1337 1773
1337 1780
1337 1956
1338 1547
1338 1839
1339 1572
1340 1641
1340 1830
1340 1862
1341 1375
1341 1642
1341 1696
1341 1717
1342 1890
1344 1734
1344 1908
1345 1454
1345 1456
1345 1588
1345 1646
1345 1868
1346 1601
1347 1980
1348 1537
1348 1797
1348 1923
1349 1393
1349 1569
1349 1581
1349 1882
1350 1352
1350 1573
1350 1626
1350 1717
1351 1766
1351 1895
1351 1932
1351 1989
1352 1605
1352 1610
1352 1725
1352 1882
1352 1940
1353 1368
1354 1402
1354 1537
1354 1566
1354 1838
1354 1883
1354 1990
1355 1590
1356 1720
1356 1729
1356 1892
1356 1910
1357 1392
1357 1414
1357 1568
1357 1908
1357 1965
1358 1785
1358 1962
1359 1599
1360 1413
1360 1439
1362 1409
1362 1910
1363 1640
1363 1830
1363 1870
1364 1429
1364 1505
1364 1512
1364 1535
1364 1597
1364 1663
1364 1879
1365 1645
1365 1680
1366 1525
1366 1697
1366 1735
1366 1884
1367 1785
1367 1905
1368 1851
1368 1904
1368 1905
1369 1501
1369 1648
1369 1831
1370 1405
1370 1526
1370 1813
1370 1904
1371 1390
1371 1413
1371 1983
1372 1407
1372 1504
1372 1791
1372 1946
1373 1839
1373 1841
1374 1619
1374 1646
1374 1810
1374 1818
1374 1881
1374 1919
1374 1975
1375 1485
1375 1731
1375 1747
1375 1781
1376 1662
1376 1669
1376 1694
1379 1457
1379 1509
1379 1729
1379 1732
1379 1978
1380 1672
1380 1793
1381 1531
1381 1590
1381 1824
1382 1422
1382 1537
1382 1670
1382 1806
1383 1606
1383 1629
1383 1915
1384 1457
1384 1470
1384 1573
1384 1808
1385 1581
1385 1925
1386 1443
1386 1949
1387 1717
1388 1591
1388 1954
1389 1520
1390 1725
1390 1768
1391 1469
1391 1533
1391 1563
1391 1689
1391 1732
1392 1644
1392 1820
1392 1882
1392 1979
1393 1726
1394 1705
1394 1735
1394 1908
1394 1966
1395 1638
1395 1662
1395 1682
1395 1871
1395 1872
1396 1549
1396 1732
1396 1778
1396 1813
1396 1821
1396 1891
1396 1938
1397 1831
1398 1809
1398 1926
1398 1933
1399 1676
1399 1702
1399 1904
1400 1451
1400 1621
1400 1725
1400 1764
1400 1826
1401 1928
1402 1522
1402 1657
1402 1717
1402 1982
1403 1439
1403 1615
1404 1458
1404 1578
1404 1718
1405 1457
1405 1901
1406 1636
1406 1637
1406 1979
1406 1986
1406 1992
1406 1999
1407 1573
1408 1449
1408 1520
1408 1585
1408 1639
1408 1767
1409 1555
1409 1689
1409 1811
1410 1792
1411 1620
1411 1876
1412 1469
1412 1487
1412 1562
1413 1706
1413 1948
1413 1974
1414 1481
1414 1819
1414 1984
1415 1714
1415 1803
1415 1889
1416 1555
1416 1779
1417 1537
1417 1586
1417 1642
1417 1748
1418 1680
1418 1744
1418 1904
1419 1834
1420 1436
1420 1690
1420 1801
1420 1932
1421 1653
1421 1946
1422 1704
1422 1979
1423 1503
1423 1706
1423 1821
1424 1599
1424 1990
1425 1437
1425 1646
1425 1845
1426 1609
1427 1744
1427 1961
1428 1591
1428 1780
1429 1447
1429 1573
1429 1801
1429 1964
1429 1988
1430 1508
1430 1546
1430 1667
1430 1677
1431 1444
1431 1453
1431 1555
1431 1563
1431 1580
1431 1864
1432 1595
1432 1819
1432 1846
1433 1658
1433 1684
1433 1816
1433 1898
1435 1981
1436 1502
1436 1565
1436 1566
1436 1815
1437 1502
1437 1814
1438 1763
1438 1807
1439 1589
1439 1749
1439 1768
1439 1860
1439 1926
1439 1948
1442 1705
1443 1653
1443 1699
1444 1573
1444 1614
1445 1666
1445 1941
1446 1942
1447 1535
1447 1796
1447 1896
1447 1910
1448 1781
1448 1840
1448 1957
1449 1963
1451 1453
1451 1697
1451 1902
1451 1916
1452 1644
1452 1679
1453 1645
1453 1760
1453 1978
1454 1653
1454 1748
1454 1846
1455 1998
1456 1477
1456 1484
1456 1558
1456 1609
1456 1636
1457 1505
1457 1738
1457 1937
1457 1982
1458 1670
1458 1671
1458 1930
1458 1952
1459 1541
1459 1657
1459 1727
1460 1726
1460 1867
1461 1836
1461 1908
1461 1987
1462 1611
1462 1677
1462 1707
1462 1720
1462 1845
1463 1517
1463 1535
1463 1697
1463 1990
1465 1523
1466 1515
1466 1552
1466 1565
1466 1606
1466 1792
1466 1990
1467 1762
1467 1975
1468 1792
1469 1471
1469 1508
1469 1540
1469 1761
1469 1782
1469 1868
1472 1847
1473 1491
1473 1514
1473 1744
1473 1793
1473 1937
1474 1582
1474 2000
1475 1771
1476 1761
1476 1952
1477 1483
1477 1721
1477 1724
1477 1768
1477 1802
1478 1925
1479 1596
1479 1859
1480 1810
1480 1896
1481 1548
1481 1558
1482 1587
1483 1578
1483 1585
1483 1645
1483 1869
1484 1741
1485 1531
1485 1583
1485 1769
1485 1850
1486 1497
1486 1666
1486 1898
1487 1546
1487 1870
1487 1933
1487 1988
1488 1881
1488 1991
1489 1517
1489 1691
1489 1849
1489 1887
1489 1946
1490 1610
1490 1858
1490 1866
1491 1801
1492 1529
1492 1580
1492 1635
1492 1785
1493 1888
1494 1937
1495 1548
1496 1641
1497 1649
1497 1703
1497 1892
1497 1996
1498 1839
1499 1746
1500 1525
1500 1560
1500 1714
1500 1738
1501 1934
1501 1972
1501 1977
1502 1549
1502 1600
1502 1603
1502 1850
1502 1921
1503 1833
1504 1916
1504 1939
1506 1508
1506 1573
1506 1634
1506 1712
1507 1577
1507 1732
1507 1908
1508 1592
1508 1623
1509 1519
1509 1624
1509 1701
1509 1742
1509 1799
1510 1533
1510 1606
1510 1611
1510 1869
1511 1635
1511 1789
1512 1516
1512 1645
1512 1666
1512 1675
1512 1768
1512 1972
1513 1532
1513 1545
1513 1686
1513 1883
1514 1744
1514 1746
1515 1750
1515 1754
1515 1859
1515 1862
1516 1530
1516 1697
1516 1731
1516 1813
1516 1961
1517 1769
1518 1554
1518 1578
1518 1581
1518 1734
1518 1837
1518 1937
1520 1649
1520 1707
1521 1583
1521 1799
1522 1954
1523 1533
1523 1555
1523 1591
1523 1842
1523 1865
1524 1707
1524 1789
1524 1998
1525 1611
1525 1661
1525 1958
1526 1540
1526 1776
1527 1607
1527 1661
1527 1667
1527 1676
1527 1776
1527 1880
1528 1554
1528 1787
1528 1915
1529 1652
1529 1976
1529 1988
1530 1997
1532 1665
1532 1681
1532 1720
1534 1768
1534 1904
1534 1949
1535 1590
1535 1859
1536 1653
1536 1877
1536 1923
1537 1593
1537 1594
1538 1540
1538 1703
1538 1996
1539 1772
1539 1819
1540 1553
1540 1653
1541 1770
1541 1818
1542 1676
1543 1624
1543 1636
1543 1895
1543 1967
1544 1694
1545 1676
1545 1791
1545 1838
1545 1951
1546 1551
1546 1703
1546 1719
1546 1774
1546 1994
1547 1562
1547 1719
1547 1882
1549 1696
1549 1857
1550 1813
1550 1925
1550 1989
1551 1564
1553 1599
1553 1615
1554 1697
1555 1616
1555 1856
1555 1877
1555 1918
1555 1966
1556 1982
1557 1686
1558 1608
1558 1976
1559 1687
1560 1939
1561 1674
1561 1776
1562 1851
1562 1947
1563 1617
1563 1643
1563 1741
1564 1856
1564 1938
1565 1790
1565 1923
1566 1670
1566 1749
1566 1818
1566 1963
1566 1971
1567 1826
1567 1981
1568 1787
1568 1922
1568 1943
1569 1821
1570 1701
1570 1727
1571 1769
1571 1814
1572 1607
1572 1615
1572 1649
1572 1929
1572 1934
1573 1641
1573 1976
1573 1986
1574 1672
1574 1845
1575 1587
1575 1737
1575 1807
1576 1596
1576 1698
1576 1815
1577 1896
1579 1598
1580 1596
1581 1583
1581 1618
1581 1622
1581 1623
1581 1741
1581 1896
1582 1608
1583 1635
1583 1869
1584 1770
1585 1691
1585 1944
1586 1846
1587 1931
1588 1806
1588 1816
1589 1662
1590 1592
1590 1879
1590 1956
1591 1838
1592 1599
1592 1785
1592 1888
1593 1689
1593 1857
1594 1670
1594 1709
1594 1822
1594 1936
1595 1939
1596 1606
1596 1667
1596 1704
1596 1762
1597 1666
1597 1670
1597 1802
1598 1722
1598 1896
1598 1979
1599 1786
1599 1897
1599 1999
1600 1965
1601 1917
1602 1953
1604 1689
1605 1818
1605 1831
1606 1941
1607 1664
1607 1713
1607 1826
1608 1640
1608 1687
1608 1852
1609 1903
1609 1979
1610 1621
1610 1707
1610 1782
1610 1804
1610 1944
1611 1787
1612 1811
1612 1910
1612 1992
1613 1646
1613 1653
1614 1645
1614 1681
1614 1685
1614 1690
1614 1816
1614 1894
1615 1630
1615 1881
1616 1916
1618 1790
1618 1826
1618 1882
1619 1877
1619 1917
1619 1976
1620 1692
1620 1768
1621 1713
1621 1945
1622 1658
1622 1695
1622 1859
1622 1983
1623 1734
1623 1817
1623 1950
1624 1670
1624 1800
1624 1861
1625 1859
1625 1968
1626 1692
1626 1738
1626 1915
1627 1796
1627 1808
1627 1865
1628 1660
1628 1878
1629 1643
1629 1867
1629 1879
1630 1740
1631 1909
1632 1765
1633 1708
1633 1798
1634 1727
1635 1781
1636 1872
1637 1883
1639 1727
1639 1763
1639 1792
1639 1933
1640 1839
1641 1862
1642 1709
1642 1788
1642 1793
1643 1647
1643 1716
1643 1809
1643 1832
1644 1686
1644 1754
1644 1789
1646 1679
1649 1710
1649 1952
1649 1964
1649 1994
1650 1688
1650 1723
1650 1844
1651 1776
1651 1833
1652 1653
1652 1679
1652 1731
1653 1699
1653 1837
1654 1702
1654 1730
1654 1868
1655 1718
1656 1716
1656 1741
1656 1882
1657 1666
1657 1789
1657 1925
1658 1888
1659 1754
1659 1776
1659 1845
1659 1864
1660 1773
1660 1817
1661 1720
1661 1913
1662 1663
1663 1723
1663 1870
1663 1907
1663 1966
1664 1971
1665 1713
1665 1860
1666 1778
1666 1818
1670 1688
1671 1697
1671 1724
1671 1784
1671 1935
1671 1962
1672 1913
1673 1779
1673 1817
1673 1908
1677 1681
1677 1821
1680 1725
1680 1736
1680 1852
1680 1971
1682 1769
1682 1880
1685 1985
1686 1828
1686 1851
1686 1912
1687 1751
1689 1821
1690 1727
1691 1921
1692 1761
1693 1754
1693 1949
1694 1700
1695 1770
1697 1722
1697 1771
1697 1775
1698 1711
1698 1773
1698 1968
1699 1823
1701 1994
1702 1937
1703 1939
1705 1882
1706 1736
1707 1708
1707 1710
1707 1828
1707 1841
1707 1888
1708 1948
1709 1992
1711 1791
1711 1942
1711 1974
1712 1718
1712 1796
1712 1916
1712 1989
1713 1910
1714 1819
1714 1892
1714 1932
1714 1961
1715 1791
1715 1810
1715 1884
1715 1986
1717 1944
1718 1840
1718 1935
1718 1988
1721 1932
1722 1754
1723 1849
1724 1950
1725 1747
1726 1753
1726 1902
1728 1746
1729 1950
1730 1833
1731 1895
1732 1847
1733 1843
1734 1754
1734 2000
1735 1843
1735 1869
1735 1902
1735 1924
1735 1926
1736 1746
1736 1838
1736 1986
1737 1845
1738 1990
1739 1740
1739 1765
1739 1811
1739 1901
1739 1918
1739 1963
1740 1954
1742 1993
1743 1850
1743 1915
1743 1929
1744 1936
1745 1842
1745 1844
1746 1952
1747 1757
1747 1856
1748 1759
1748 1817
1749 1831
1749 1864
1750 1902
1750 1910
1752 1850
1753 1815
1753 1902
1754 1803
1754 1868
1755 1833
1755 1966
1756 1866
1756 1903
1757 1922
1757 1958
1758 1867
1759 1827
1759 1872
1760 1907
1760 1918
1761 1883
1762 1778
1764 1927
1766 1908
1766 1920
1767 1836
1768 1769
1768 1860
1768 1951
1769 1771
1769 1892
1770 1900
1770 1977
1772 1965
1774 1955
1774 1968
1775 1791
1776 1955
1777 1859
1778 1865
1779 1792
1779 1808
1779 1945
1781 1821
1782 1880
1785 1999
1786 1960
1787 1915
1787 1935
1787 1943
1788 1813
1790 1864
1790 1886
1798 1803
1798 1808
1798 1855
1798 1960
1799 1934
1801 1905
1801 1964
1802 1910
1802 1923
1802 1958
1803 1971
1807 1841
1809 1872
1812 1982
1813 1863
1813 1878
1813 1996
1815 1937
1817 1976
1818 1827
1820 1964
1820 1980
1821 1896
1822 1913
1824 1855
1824 1951
1826 1829
1826 1854
1831 1882
1833 1971
1838 1935
1838 1992
1839 1856
1840 1933
1842 1920
1845 1883
1845 1964
1846 1862
1847 1915
1847 1951
1848 1880
1849 1923
1850 1916
1850 1925
1852 1863
1852 1998
1856 1873
1857 1970
1858 1948
1859 1970
1859 1994
1861 1945
1864 1923
1867 1942
1867 1977
1871 1974
1872 1960
1874 1885
1876 1901
1878 1881
1882 1992
1886 1918
1889 1942
1891 1923
1896 1979
1896 1988
1897 2000
1898 1952
1901 1918
1907 1935
1910 1912
1911 1984
1912 1997
1915 1983
1919 1959
1925 1979
1928 1951
1936 1949
1936 1970
1938 1959
1941 1976
1941 1991
1942 1954
1948 1961
1950 1964
1950 1981
1951 1963
1951 1971
1956 1992
1961 2000
1969 1980
1974 1985
1975 1984