2000
1 257
1 521
1 880
1 1279
1 1288
1 1329
1 1850
1 1896
2 255
2 495
2 670
2 1368
2 1697
2 1842
2 1972
3 133
3 265
3 326
3 1148
3 1439
3 1461
3 1597
3 1814
3 1917
4 51
4 207
4 209
4 575
4 849
4 1069
4 1138
4 1275
4 1429
4 1751
5 50
5 102
5 253
5 440
5 1400
5 1741
6 62
6 287
6 290
6 331
6 605
6 721
6 772
6 931
6 1030
6 1255
6 1536
6 1651
6 1750
6 1848
7 220
7 468
7 512
7 686
7 757
7 850
7 1134
7 1512
7 1553
7 1580
7 1653
7 1763
7 1991
7 1994
8 180
8 600
8 920
8 1040
8 1102
8 1544
8 1909
9 247
9 296
9 532
9 611
9 1066
9 1161
9 1250
9 1402
9 1446
9 1576
9 1675
9 1829
10 73
10 855
10 1409
10 1825
11 497
11 1021
11 1268
11 1591
11 1643
11 1816
12 249
12 363
12 856
12 1216
12 1274
12 1418
12 1605
12 1688
12 1808
12 1891
13 19
13 140
13 372
13 476
13 544
13 852
13 1158
13 1192
13 1448
13 1703
13 1755
14 253
14 370
14 474
14 1146
14 1258
14 1787
14 1959
14 1977
15 23
15 77
15 399
15 643
15 871
15 922
15 1008
15 1015
15 1050
15 1173
15 1244
15 1373
15 1538
15 1564
15 1997
16 31
16 136
16 217
16 340
16 578
16 596
16 731
16 767
16 773
16 902
16 1207
16 1592
16 1645
16 1725
16 1816
17 121
17 203
17 215
17 437
17 646
17 758
17 1050
17 1148
17 1882
17 1983
18 285
18 364
18 674
18 977
18 1012
18 1062
18 1324
18 1384
18 1420
18 1443
18 1461
18 1557
18 1741
18 1802
18 1977
19 69
19 131
19 306
19 838
19 936
19 1413
19 1441
20 233
20 266
20 355
20 395
20 1012
20 1310
20 1539
21 432
21 521
21 672
21 774
21 889
21 1335
21 1456
21 1519
21 1936
22 215
22 329
22 487
22 537
22 764
22 868
22 1371
22 1445
22 1551
22 1795
22 1825
22 1894
22 1927
23 400
23 445
23 463
23 531
23 568
23 633
23 657
23 680
23 741
23 1436
23 1463
23 1501
23 1613
23 1782
24 115
24 279
24 593
24 698
24 1038
24 1273
24 1930
25 389
25 1289
25 1495
25 1523
25 1659
25 1678
25 1887
26 170
26 298
26 669
26 722
26 868
26 875
26 896
26 1039
26 1052
26 1311
26 1479
26 1599
26 1659
26 1675
26 1803
26 1811
27 176
27 252
27 485
27 616
27 1147
27 1563
27 1617
28 642
29 61
29 103
29 349
29 362
29 469
29 767
29 803
29 1332
29 1552
29 1618
30 42
30 197
30 232
30 402
30 1117
30 1196
30 1513
30 1730
30 1927
31 76
31 138
31 202
31 222
31 682
31 728
31 1112
31 1275
31 1282
31 1708
31 1743
31 1837
31 1916
32 206
32 314
32 529
32 553
32 856
32 867
32 1031
32 1241
32 1276
32 1308
32 1444
32 1474
32 1998
33 409
33 476
33 517
33 633
33 968
33 1048
33 1329
33 1333
33 1582
33 1758
33 1842
33 1961
33 1976
34 255
34 719
34 778
34 791
34 1124
34 1389
34 1447
34 1483
34 1912
35 193
35 277
35 471
35 623
35 624
35 1093
35 1235
35 1245
35 1397
35 1530
35 1686
35 1762
35 1897
36 420
36 445
36 515
36 709
36 1124
36 1496
36 1735
37 152
37 292
37 419
37 702
37 1358
37 1386
37 1872
37 1936
38 169
38 416
38 824
38 1443
38 1450
38 1540
38 1774
39 200
39 325
39 391
39 807
39 942
39 957
39 1088
39 1134
39 1135
39 1369
39 1509
39 1912
40 443
40 798
40 1469
40 1592
40 1806
40 1905
41 57
41 348
41 384
41 385
41 964
41 1138
41 1201
41 1607
41 1672
41 1902
41 1942
42 104
42 128
42 266
42 453
42 512
42 669
42 718
42 756
42 1040
42 1056
42 1070
42 1349
42 1468
42 1544
42 1692
42 1813
43 82
43 106
43 316
43 507
43 1036
43 1081
43 1114
43 1150
43 1468
43 1751
43 1983
44 443
44 912
44 914
44 1190
44 1238
44 1291
45 298
45 703
45 711
45 883
45 948
45 1211
45 1276
45 1597
45 1989
46 265
46 829
46 1115
46 1160
46 1177
46 1686
46 1755
47 226
47 268
47 306
47 368
47 449
47 487
47 750
47 795
47 816
47 875
47 1388
47 1525
47 1705
48 527
48 558
48 703
48 971
48 1167
48 1188
48 1289
48 1300
48 1424
48 1477
48 1743
49 726
49 820
49 919
49 1070
49 1134
49 1381
49 1536
49 1827
49 1848
50 116
50 196
50 222
50 313
50 1032
50 1166
50 1470
50 1614
50 1697
50 1948
51 162
51 415
51 417
51 527
51 968
51 1137
51 1274
51 1537
51 1871
52 338
52 627
52 777
52 831
52 1070
52 1590
52 1871
52 1912
53 261
53 473
53 567
53 869
53 906
53 1004
53 1246
53 1258
53 1368
53 1896
54 566
54 835
54 1398
54 1538
54 1832
54 1951
55 67
55 115
55 232
55 514
55 568
55 937
55 1343
55 1644
55 1862
55 1925
56 309
56 794
56 884
56 1432
56 1583
56 1767
57 400
57 418
57 569
57 954
57 981
57 1017
57 1082
57 1306
57 1557
57 1950
58 327
58 527
58 633
58 1412
58 1885
58 1898
58 1948
59 154
59 275
59 300
59 383
59 461
59 497
59 726
60 406
60 421
60 474
60 623
60 943
60 1121
60 1200
60 1302
60 1405
60 1502
60 1507
60 1896
61 75
61 269
61 311
61 564
61 1589
61 1630
61 1661
62 218
62 434
62 1508
62 1638
63 288
63 514
63 1402
63 1420
63 1563
63 1684
63 1855
63 1924
64 229
64 545
64 559
64 728
64 774
64 1798
64 1825
65 173
65 194
65 486
65 683
65 789
65 797
65 892
65 1001
65 1211
65 1277
65 1793
65 1879
65 1925
66 238
66 356
66 507
66 518
66 634
66 657
66 925
66 1535
66 1544
66 1548
67 246
67 1022
67 1114
67 1254
67 1303
67 1325
67 1503
67 1523
67 1552
67 1636
67 1732
67 1813
68 941
68 1007
68 1099
68 1195
68 1249
68 1841
68 1873
68 1964
69 136
69 501
69 628
69 850
69 1129
69 1247
69 1464
69 1668
69 1743
69 1948
69 1973
70 161
70 162
70 684
70 1401
70 1655
70 1712
70 1787
71 278
71 554
71 1063
71 1178
71 1414
71 1482
71 1720
72 100
72 326
72 449
72 483
72 1208
72 1571
72 1574
73 93
73 125
73 264
73 405
73 446
73 467
73 602
73 727
73 1148
73 1216
73 1260
73 1525
73 1545
73 1723
73 1724
73 1859
74 965
74 1103
74 1226
74 1291
74 1440
74 1544
74 1657
74 1709
74 1720
74 1953
75 166
75 770
75 1367
75 1427
75 1438
76 480
76 551
76 709
76 871
76 1205
76 1342
76 1557
76 1958
77 109
77 263
77 630
77 653
77 1638
77 1804
77 1850
77 1947
77 1973
78 345
78 374
78 534
78 643
78 678
78 1111
78 1193
78 1217
78 1285
78 1657
78 1722
78 1801
78 1859
78 1912
79 489
79 574
79 843
79 1122
79 1534
79 1538
79 1646
79 1683
80 321
80 435
80 619
80 746
80 980
80 1252
80 1302
80 1510
80 1882
81 643
81 964
81 1184
81 1335
81 1390
81 1659
81 1814
81 1947
82 132
82 338
82 394
82 753
82 1441
82 1459
82 1593
82 1812
82 1816
82 1999
83 296
83 913
83 1062
83 1463
83 1556
83 1663
84 118
84 712
84 844
84 1075
84 1231
84 1389
84 1522
84 1557
84 1873
84 2000
85 131
85 469
85 603
85 605
85 654
85 703
85 888
85 895
85 1184
85 1498
85 1840
85 1844
86 166
86 366
86 611
86 688
86 723
86 772
86 997
86 1024
86 1275
86 1594
86 1962
87 1174
87 1595
87 1634
87 1684
87 1962
88 301
88 357
88 450
88 848
88 1205
88 1507
88 1905
89 128
89 493
89 1072
89 1306
89 1523
89 1706
89 1725
89 1913
90 556
90 893
90 1035
90 1144
90 1150
90 1632
90 1636
90 1709
90 1790
91 380
91 532
91 569
91 921
91 1149
91 1214
91 1295
91 1785
91 1787
91 1940
92 113
92 131
92 620
92 622
92 726
92 863
92 914
92 1819
93 139
93 640
93 902
93 1002
93 1071
93 1081
93 1994
94 162
94 326
94 337
94 427
94 671
94 790
94 807
94 1073
94 1392
94 1399
94 1492
94 1954
95 226
95 794
95 936
95 1010
95 1640
95 1667
95 1672
95 1744
95 1772
95 1893
96 228
96 329
96 498
96 586
96 774
96 1247
96 1260
96 1265
96 1542
96 1930
97 144
97 394
97 576
97 1007
97 1226
97 1263
97 1388
97 1555
97 1585
97 1671
97 1689
98 216
98 266
98 631
98 659
98 1020
98 1614
98 1734
98 1748
98 1808
98 1871
99 340
99 432
99 536
99 752
99 963
99 1161
99 1172
99 1552
99 1695
100 250
100 349
100 804
100 903
100 1452
100 1470
100 1505
100 1533
100 1680
100 1974
101 235
101 338
101 751
101 1039
101 1289
101 1744
101 1790
102 406
102 545
102 598
102 833
102 1160
102 1170
102 1238
102 1375
102 1438
103 130
103 328
103 577
103 1029
103 1049
103 1185
103 1379
104 164
104 325
104 783
104 1000
104 1126
104 1441
104 1466
104 1670
104 1679
105 366
105 474
105 541
105 589
105 1344
105 1827
105 1948
106 1375
106 1538
106 1618
106 1764
106 1817
106 1915
106 1943
106 1977
107 178
107 262
107 300
107 395
107 525
107 787
107 794
107 1105
107 1570
107 1599
107 1643
107 1767
108 577
108 591
108 747
108 799
108 976
108 1017
108 1066
108 1816
108 1826
109 230
109 778
109 888
109 889
109 995
109 1378
109 1441
109 1779
109 1826
110 167
110 428
110 467
110 1080
110 1153
110 1315
110 1412
110 1569
110 1609
110 1632
110 1702
110 1762
110 1807
110 1959
111 463
111 687
111 969
111 1196
111 1566
111 1694
111 1829
111 1856
112 173
112 544
112 1145
112 1530
112 1939
113 927
113 1011
113 1078
114 174
114 196
114 302
114 338
114 533
114 601
114 957
114 1653
115 530
115 983
115 1480
115 1888
115 1995
116 408
116 533
116 607
116 1036
116 1358
116 1572
116 1970
117 149
117 198
117 394
117 573
117 597
117 1691
118 340
118 358
118 610
118 817
118 908
118 1021
118 1151
118 1500
118 1688
118 1901
119 462
119 514
119 625
119 1017
119 1108
119 1263
119 1956
119 1987
120 526
120 668
120 809
120 831
120 1244
120 1653
121 130
121 191
121 297
121 369
121 389
121 614
121 1328
121 1503
121 1723
121 1739
121 1835
121 1916
121 1970
122 219
122 694
122 817
122 1113
122 1212
122 1519
122 1576
122 1650
122 1993
123 344
123 552
123 679
123 1800
124 776
124 818
124 993
124 1055
124 1060
124 1647
124 1996
125 496
125 546
125 748
125 1018
125 1368
125 1436
126 210
126 258
126 283
126 453
126 488
126 552
126 721
126 744
126 747
126 1002
126 1080
126 1388
126 1440
126 1454
126 1498
126 1564
126 1657
126 1825
126 1919
127 452
127 476
127 809
127 978
127 1020
127 1184
127 1325
127 1489
127 1658
127 1777
128 161
128 377
128 744
128 765
128 864
128 1084
128 1164
128 1207
128 1266
128 1311
128 1776
128 1790
128 1884
128 1991
128 1997
129 144
129 309
129 340
129 467
129 494
129 507
129 557
129 1763
130 283
130 477
130 509
130 792
130 879
130 1164
130 1269
131 321
131 324
131 766
131 770
131 1097
131 1470
131 1896
131 1912
132 203
132 578
132 605
132 898
132 955
132 1203
132 1249
132 1477
132 1604
132 1665
133 232
133 379
133 535
133 581
133 826
133 1021
133 1123
133 1285
133 1374
133 1683
133 1892
134 291
134 387
134 478
134 746
134 1236
134 1705
134 1719
135 303
135 452
135 556
135 874
135 901
135 1343
135 1444
135 1492
135 1585
135 1662
135 1677
135 1981
136 145
136 516
136 921
136 1062
136 1272
136 1394
136 1410
136 1757
136 1825
137 449
137 1100
137 1168
137 1461
137 1607
138 461
138 879
138 1058
138 1247
138 1562
138 1820
138 1972
139 384
139 528
139 666
139 784
139 808
139 1117
139 1226
139 1793
139 1797
139 1867
139 1879
139 1952
140 194
140 601
140 672
140 1197
140 1237
140 1844
140 1864
140 1875
141 468
141 552
141 621
141 684
141 880
141 908
141 997
141 1088
141 1204
141 1254
141 1298
141 1360
141 1735
141 1764
141 1863
141 1932
142 250
142 593
142 671
142 792
142 1201
142 1458
142 1516
142 1675
142 1761
142 1806
142 1845
143 240
143 680
143 755
143 758
143 1045
143 1097
143 1370
143 1575
143 1627
143 1724
144 337
144 377
144 394
144 703
144 1295
144 1366
144 1452
144 1464
144 1551
144 1752
144 1812
145 149
145 224
145 622
145 954
145 1174
145 1279
145 1281
145 1454
145 1549
145 1711
145 1822
145 1930
146 377
146 472
146 497
146 841
146 845
146 867
146 916
146 1374
146 1449
146 1457
146 1529
146 1743
146 1864
146 1943
146 1988
147 265
147 423
147 615
147 774
147 779
147 923
147 972
147 1389
147 1503
147 1556
147 1640
148 1155
148 1284
148 1563
148 1724
148 1999
149 157
149 706
149 886
149 1078
149 1106
149 1302
149 1403
149 1551
150 340
150 1086
150 1123
150 1405
150 1810
150 1836
151 286
151 1258
151 1864
151 1940
152 199
152 221
152 343
152 876
152 991
152 993
152 1046
152 1308
152 1448
152 1524
153 600
153 868
153 889
153 1302
153 1319
153 1434
153 1693
154 234
154 400
154 406
154 469
154 588
154 657
154 787
154 799
154 859
154 927
154 1153
154 1181
154 1187
154 1225
154 1342
154 1480
154 1538
154 1539
154 1624
154 1891
155 243
155 258
155 283
155 363
155 459
155 480
155 617
155 637
155 1071
155 1268
155 1311
156 289
156 356
156 773
156 799
156 867
156 872
156 932
156 1099
156 1177
156 1324
156 1424
156 1442
156 1484
157 289
157 328
157 382
157 793
157 909
157 929
157 966
157 1183
157 1197
157 1616
158 234
158 356
158 714
158 896
158 947
158 1026
158 1055
158 1130
158 1393
158 1474
158 1598
158 1909
159 415
159 801
159 880
159 1163
159 1176
159 1192
159 1258
159 1486
159 1577
159 1835
159 1923
160 202
160 619
160 1745
161 416
161 546
161 582
161 753
161 887
161 1054
161 1330
161 1488
161 1617
161 1695
162 234
162 328
162 383
162 910
162 1048
162 1369
162 1790
163 165
163 169
163 301
163 379
163 724
163 850
163 860
163 1635
163 1713
163 1902
164 319
164 549
164 638
164 674
164 779
164 1017
164 1354
164 1806
164 1839
164 1871
164 1881
164 1970
165 308
165 536
165 747
165 965
165 1172
165 1319
165 1449
165 1734
165 1861
166 286
166 337
166 588
166 677
166 708
166 785
166 797
166 935
166 1014
166 1409
166 1576
166 1788
167 321
167 656
167 766
167 1186
167 1290
167 1500
167 1511
167 1699
167 1783
167 1799
167 1989
168 360
168 476
168 894
168 895
168 1017
168 1298
168 1313
168 1432
168 1451
168 1561
168 1681
168 1854
168 1858
169 310
169 398
169 620
169 800
169 828
169 897
169 988
169 1306
169 1473
169 1482
169 1764
170 292
170 369
170 648
170 804
170 820
170 956
170 981
170 1081
170 1385
170 1416
170 1600
170 1664
170 1877
171 216
171 494
171 715
172 603
172 1123
172 1380
172 1448
172 1612
172 1618
173 318
173 500
173 506
173 650
173 669
173 773
173 798
173 934
173 976
173 1019
173 1040
173 1107
173 1262
173 1336
173 1831
173 1953
174 313
174 449
174 726
174 763
174 821
174 886
174 1125
174 1478
174 1535
174 1616
174 1771
175 434
175 845
175 927
175 1108
175 1124
175 1417
175 1655
175 1858
176 322
176 592
176 1293
176 1478
176 1745
177 256
177 286
177 299
177 699
177 1038
177 1070
177 1133
177 1160
177 1565
177 1566
177 1655
177 1710
177 1805
178 254
178 984
178 1155
178 1167
178 1190
178 1198
178 1356
178 1443
178 1479
178 1591
178 1876
178 1953
179 259
179 274
179 557
179 651
179 749
179 811
179 951
179 1132
179 1287
179 1578
179 1656
179 1983
180 256
180 289
180 476
180 552
180 1382
180 1559
180 1640
180 1751
181 465
181 596
181 1249
181 1652
181 1908
182 256
182 954
182 1521
182 1921
183 266
183 269
183 490
183 658
183 694
183 941
183 982
183 1387
183 1617
183 1657
183 1927
184 202
184 231
184 431
184 468
184 571
184 578
184 644
184 735
184 906
184 1074
184 1682
184 1768
184 1773
185 300
185 307
185 384
185 611
185 876
185 900
185 967
185 1083
185 1398
186 280
186 377
186 545
186 851
186 892
186 986
186 1175
186 1230
186 1370
186 1484
186 1534
186 1675
186 1688
187 500
187 698
187 921
187 1153
187 1434
187 1458
187 1582
187 1788
188 492
188 528
188 575
188 694
188 882
188 967
188 1225
188 1501
188 1641
188 1763
188 1786
188 1815
188 1947
189 309
189 375
189 492
189 794
189 891
189 1514
189 1524
190 197
190 385
190 389
190 455
190 720
190 828
190 1570
190 1848
191 750
191 875
191 1037
191 1284
191 1341
191 1657
191 1978
192 234
192 408
192 438
192 620
192 934
192 1056
192 1379
192 1470
192 1675
192 1856
192 1898
193 558
193 639
193 760
193 791
193 818
193 927
193 1282
193 1488
193 1622
193 1707
193 1736
193 1821
193 1963
194 391
194 899
194 1364
194 1382
194 1444
194 1532
194 1534
194 1597
194 1617
194 1787
195 230
195 247
195 436
195 507
195 654
195 722
195 1102
195 1164
195 1205
195 1313
195 1341
195 1365
196 327
196 424
196 457
196 708
196 732
196 801
196 1241
196 1444
196 1779
197 225
197 272
197 520
197 1024
197 1299
197 1521
197 1934
198 355
198 989
198 1010
198 1120
198 1408
198 1757
198 1952
199 245
199 798
199 917
199 1415
199 1416
199 1856
200 325
200 438
200 517
200 539
200 799
200 1199
200 1576
200 1660
200 1747
201 446
201 621
201 877
201 1424
201 1870
201 1871
201 1954
202 284
202 308
202 1203
202 1376
202 1597
203 796
203 797
203 904
203 1345
203 1435
203 1480
203 1526
203 1539
203 1610
203 1820
203 1861
203 1909
204 526
204 618
204 634
204 726
204 964
204 1028
204 1043
204 1288
204 1779
204 1791
204 1919
205 209
205 675
205 730
205 901
205 1640
206 269
206 372
206 906
206 1576
206 1650
206 1902
206 1954
206 1966
207 624
207 711
207 743
207 1286
207 1389
207 1709
207 1817
208 235
208 605
208 894
208 1135
208 1470
208 1689
208 1696
208 1768
209 380
209 921
209 924
209 983
209 1243
209 1447
209 1466
209 1620
209 1742
209 1844
210 727
210 966
210 1027
210 1366
210 1424
210 1757
210 1890
211 329
211 409
211 420
211 477
211 607
211 647
211 1217
211 1327
211 1375
211 1417
211 1883
211 1904
211 1928
212 1151
212 1382
212 1469
212 1599
212 1884
213 479
213 723
213 967
213 1003
213 1096
213 1105
213 1133
213 1727
213 1901
214 533
214 614
214 730
214 853
214 865
214 1109
214 1110
214 1292
214 1304
214 1339
214 1525
214 1773
214 1815
215 449
215 450
215 540
215 917
215 927
215 1132
215 1268
215 1419
215 1522
215 1671
216 364
216 373
216 548
216 559
216 727
216 982
216 1126
216 1246
216 1334
216 1935
217 373
217 1062
217 1104
217 1193
217 1229
217 1338
217 1655
217 1698
217 1729
217 1769
218 238
218 244
218 698
218 724
218 1129
218 1210
218 1330
218 1757
218 1798
218 1994
219 583
219 782
219 939
219 1000
219 1353
219 1404
219 1592
219 1731
219 1948
220 249
220 368
220 445
220 713
220 734
220 775
220 1373
220 1583
220 1809
220 1833
221 602
221 1025
221 1414
221 1697
222 786
222 818
222 836
222 1053
222 1296
222 1571
222 1923
223 337
223 390
223 549
223 743
223 845
223 997
223 1030
223 1621
223 1627
223 1674
223 1933
223 1961
224 695
224 949
224 1017
224 1471
224 1884
224 1912
225 1391
225 1407
225 1453
225 1546
225 1751
225 1780
226 376
226 458
226 475
226 512
226 547
226 839
226 886
226 956
226 1254
226 1313
226 1481
227 233
227 337
227 373
227 902
227 1542
227 1672
227 1950
228 259
228 586
228 800
228 808
228 867
228 879
228 1032
228 1065
228 1496
228 1544
228 1654
228 1991
229 572
229 690
229 1241
229 1542
229 1577
229 1684
229 1895
230 611
230 855
230 901
230 1099
230 1159
230 1740
230 1856
230 1975
231 302
231 361
231 513
231 1003
231 1104
231 1330
231 1384
231 1453
231 1469
231 1485
231 1517
231 1599
231 1723
231 1821
231 1930
232 239
232 271
232 493
232 579
232 599
232 693
232 786
232 857
232 930
232 1507
232 1595
232 1834
233 258
233 263
233 444
233 1071
233 1266
233 1297
233 1562
233 1938
234 267
234 544
234 546
234 652
234 1294
234 1334
234 1378
234 1420
234 1445
234 1486
234 1737
234 1821
235 286
235 361
235 405
235 1089
235 1188
235 1568
235 1812
236 411
236 508
236 530
236 610
236 623
236 712
236 1018
236 1878
237 307
237 438
237 654
237 678
237 744
237 748
237 877
237 1215
237 1301
237 1633
237 1760
237 1927
237 1938
237 1974
237 1975
238 281
238 549
238 557
238 813
238 842
238 948
238 996
238 1056
238 1513
238 1516
238 1571
238 1845
238 1893
239 398
239 615
239 874
239 1214
239 1274
239 1550
239 1621
239 1674
239 1765
240 284
240 450
240 596
240 1026
240 1408
240 1662
240 1848
241 315
241 388
241 600
241 616
241 881
241 886
241 1343
241 1672
241 1920
242 356
242 387
242 409
242 1320
242 1373
243 469
243 553
243 565
243 756
243 1017
243 1265
243 1270
243 1313
243 1329
243 1390
243 1785
243 1819
243 1825
243 1999
244 941
244 1308
244 1754
244 1940
245 262
245 455
245 616
245 893
245 930
245 1904
246 900
246 1032
246 1157
246 1244
246 1362
246 1650
246 1756
246 1861
246 1877
246 1930
247 318
247 698
247 829
247 1020
247 1024
247 1062
247 1277
247 1302
247 1718
247 1950
248 511
248 514
248 544
248 576
248 629
248 659
248 936
248 995
248 1047
248 1220
248 1290
248 1323
249 465
249 797
249 1029
249 1198
249 1225
249 1299
249 1320
249 1639
250 810
250 825
250 1052
250 1111
250 1301
250 1828
251 935
251 1627
251 1629
251 1842
252 261
252 317
252 355
252 384
252 474
252 768
252 1501
252 1606
252 1888
253 335
253 385
253 471
253 504
253 870
253 977
253 982
253 1074
253 1116
253 1137
253 1194
253 1383
253 1391
253 1437
254 913
254 1144
254 1172
254 1204
254 1632
255 504
255 542
255 772
255 942
255 1756
255 1950
256 449
256 777
256 1043
256 1140
256 1346
256 1625
256 1693
257 587
257 773
257 1503
257 1795
257 1805
257 1881
257 1976
258 409
258 738
258 840
258 981
258 1031
258 1228
258 1310
258 1483
258 1709
258 1778
258 1874
259 500
259 918
259 1052
259 1167
259 1286
259 1432
259 1537
259 1940
260 342
260 554
260 610
260 797
260 847
260 896
260 1169
260 1286
260 1966
261 285
261 528
261 610
261 630
261 637
261 1354
261 1390
261 1631
261 1766
261 1786
261 1794
261 1917
261 1936
262 274
262 395
262 627
262 788
262 858
262 939
262 945
262 946
262 1478
262 1526
263 373
263 488
263 566
263 575
263 862
263 868
263 872
263 932
263 1313
263 1463
263 1711
264 1023
264 1096
264 1619
264 1649
264 1767
264 1842
265 389
265 421
265 662
265 819
265 1550
266 571
266 758
266 938
266 989
266 1249
266 1618
266 1714
266 1742
266 1775
266 1811
266 1837
267 591
267 675
267 963
267 1432
267 1711
267 1836
267 1849
268 306
268 393
268 512
268 516
268 757
268 1553
268 1656
268 1906
269 1035
269 1208
269 1579
269 1631
269 1903
270 494
270 796
270 971
270 1411
270 1547
270 1658
270 1663
270 1966
271 852
271 1027
271 1105
271 1626
272 401
272 506
272 575
272 645
272 776
272 846
272 1471
272 1663
272 1700
272 1705
272 1977
273 439
273 447
273 508
273 1157
273 1478
273 1703
273 1715
273 1807
274 500
274 703
274 781
274 889
274 1233
275 350
275 539
275 584
275 628
275 872
275 965
275 1193
275 1217
275 1224
276 1331
276 1441
276 1566
276 1588
276 1611
276 1625
276 1746
276 1868
276 1902
276 1941
277 346
277 466
277 518
277 624
277 744
277 758
277 1566
277 1582
277 1648
278 446
278 462
278 547
278 609
278 816
278 819
278 927
278 1106
278 1206
278 1320
278 1339
278 1429
278 1441
278 1677
279 591
279 790
279 845
279 1142
279 1767
279 1795
279 1968
280 407
280 510
280 651
280 745
280 1119
280 1175
280 1383
280 1504
280 1735
280 1829
280 1912
280 1921
281 433
281 597
281 1034
281 1142
281 1588
281 1754
282 467
282 468
282 744
282 747
282 1069
282 1297
282 1487
282 1672
282 1741
283 377
283 379
283 683
283 793
283 929
283 1030
283 1639
283 1664
283 1784
284 330
284 867
284 879
284 1101
284 1189
284 1366
284 1559
285 505
285 634
285 748
285 898
285 1003
285 1021
285 1049
285 1378
285 1407
285 1525
285 1740
285 1750
285 1993
286 592
286 728
286 1643
287 427
287 442
287 453
287 696
287 759
287 1128
287 1166
287 1168
287 1433
287 1515
287 1517
287 1680
287 1707
287 1917
287 1986
288 744
288 1185
288 1249
288 1523
288 1539
288 1684
288 1748
289 440
289 755
289 1007
289 1598
289 1639
289 1983
290 1103
290 1239
290 1278
290 1451
290 1685
290 1894
290 1974
291 332
291 1093
291 1196
291 1565
291 1614
291 1990
292 392
292 1092
292 1123
292 1423
292 1677
292 1818
293 730
293 754
293 1042
293 1060
293 1086
294 484
294 846
294 957
294 1274
294 1710
295 310
295 394
295 464
295 639
295 853
295 867
295 1269
295 1374
295 1741
295 1756
295 1947
296 689
296 942
296 1051
296 1190
296 1563
296 1738
296 1741
297 565
297 1227
297 1479
297 1573
297 1799
297 1997
298 379
298 533
298 589
298 752
298 808
298 1130
298 1312
298 1468
298 1715
298 1966
299 377
299 809
299 881
299 1346
299 1385
299 1895
300 608
300 637
300 1044
300 1577
300 1597
300 1878
301 615
301 904
301 931
301 1040
301 1070
301 1167
301 1604
301 1799
301 1899
302 338
302 546
302 619
302 643
302 690
302 1231
302 1246
302 1608
302 1634
302 1706
302 1801
303 324
303 435
303 520
303 583
303 935
303 1192
303 1560
303 1721
303 1788
303 1905
304 334
304 530
304 545
304 625
304 701
304 765
304 1676
304 1806
304 1997
305 365
305 416
305 794
305 868
305 1276
305 1642
305 1671
305 1970
305 1971
306 488
306 594
306 669
306 1013
306 1248
306 1420
306 1820
306 1830
307 355
307 1094
307 1134
307 1210
307 1226
307 1408
308 599
308 873
308 1059
308 1231
308 1300
308 1542
308 1556
308 1782
308 1997
309 462
309 662
309 798
309 976
309 1507
309 1545
309 1868
309 1876
309 1894
309 1954
310 695
310 729
310 860
310 1018
310 1405
310 1529
310 1627
310 1668
310 1737
310 1839
311 523
311 788
311 870
311 878
311 883
311 929
311 1087
311 1408
311 1812
312 595
312 833
312 883
312 993
312 1127
312 1224
312 1225
312 1354
312 1367
312 1590
312 1792
312 1924
312 1927
312 2000
313 353
313 562
313 592
313 962
313 1033
313 1410
313 1596
313 1775
313 1778
313 1910
314 654
314 950
314 1125
315 325
315 430
315 438
315 449
315 971
315 980
315 1281
315 1392
315 1465
315 1496
315 1793
316 373
316 439
316 770
316 795
316 1043
316 1339
316 1373
316 1472
316 1562
316 1629
316 1631
316 1942
317 321
317 888
317 896
317 919
317 931
317 960
317 994
317 1014
317 1207
317 1441
317 1624
317 1930
318 570
318 1379
318 1398
318 1493
318 1608
318 1678
319 812
319 921
319 1598
319 1625
320 701
320 933
320 947
320 1239
320 1772
320 1833
321 329
321 415
321 1225
321 1356
321 1400
321 1619
321 1735
322 813
322 1145
322 1216
322 1866
323 657
323 676
323 1508
323 1826
324 341
324 427
324 767
324 1097
324 1193
324 1211
324 1780
325 326
325 487
325 501
325 797
325 896
325 943
325 1299
325 1647
326 895
326 906
326 1066
326 1387
326 1527
326 1582
326 1822
327 377
327 670
327 698
327 1328
327 1434
328 555
328 943
328 960
328 1258
328 1324
328 1412
328 1447
328 1670
328 1745
328 1759
329 580
329 595
329 786
329 811
329 922
329 929
329 1077
329 1161
329 1321
329 1523
329 1870
329 1883
330 1406
330 1422
330 1459
330 1476
330 1552
330 1621
330 1765
330 1955
330 1965
331 479
331 694
331 855
331 916
331 1272
331 1575
331 1698
332 590
332 723
332 926
332 991
332 1086
332 1097
332 1134
332 1326
332 1466
332 1801
332 1928
332 1941
332 1970
332 1997
333 463
333 732
333 759
333 978
333 1497
333 1554
333 1685
333 1882
333 1963
334 367
334 570
334 788
334 835
334 1304
334 1470
334 1616
334 1740
335 478
335 611
335 692
335 988
335 1069
335 1228
335 1642
335 1773
336 576
336 867
336 905
336 942
336 957
336 1069
336 1166
336 1167
336 1188
337 1033
337 1310
337 1395
337 1720
338 636
338 681
338 968
338 1037
338 1599
338 1896
338 1975
339 642
339 820
339 881
339 974
339 1252
339 1442
339 1976
340 1211
340 1397
340 1624
340 1867
340 1904
341 445
341 688
341 879
341 1068
341 1365
341 1414
341 1417
341 1663
342 413
342 820
342 863
342 968
342 1133
342 1234
342 1259
342 1357
342 1723
343 570
343 597
343 721
343 1148
343 1722
344 710
344 934
344 954
344 1083
344 1255
344 1556
344 1819
344 1900
344 1903
345 402
345 893
345 1142
345 1253
345 1292
345 1305
345 1370
345 1378
345 1455
345 1797
345 1958
346 369
346 1088
346 1480
346 1498
346 1762
346 1946
347 349
347 417
347 520
347 567
347 940
347 1026
347 1117
347 1433
347 1448
347 1550
347 1638
347 1762
347 1771
347 1827
348 423
348 424
348 684
348 1162
348 1364
348 1621
348 1974
349 731
349 738
349 1351
349 1447
349 1563
349 1696
349 1927
350 722
350 866
350 1430
350 1465
350 1688
351 365
351 483
351 678
351 687
351 910
351 969
351 1126
351 1370
351 1421
351 1509
351 1545
352 810
352 1076
352 1210
352 1251
352 1259
352 1361
352 1444
352 1741
353 872
353 1751
353 1977
354 502
354 951
355 389
355 501
355 900
355 1015
355 1173
355 1543
355 1739
355 1887
356 496
356 1179
356 1462
356 1808
356 1917
356 1968
357 637
357 668
357 711
357 997
357 1100
357 1120
357 1189
357 1199
357 1683
357 1741
357 1807
357 1845
358 621
358 698
358 1124
358 1236
358 1596
358 1658
358 1943
359 442
359 638
359 777
359 811
359 912
359 969
359 970
359 1252
359 1333
359 1396
359 1454
359 1492
360 515
360 520
360 549
360 626
360 662
360 943
360 1072
361 378
361 1087
361 1362
361 1715
361 1916
361 1939
362 505
362 566
362 622
362 1052
362 1112
362 1224
362 1714
362 1816
362 1850
363 375
363 680
363 824
363 1105
363 1205
363 1736
363 1743
364 690
364 701
364 777
364 1214
364 1260
364 1712
364 1958
364 1961
365 407
365 605
365 628
365 752
365 1283
365 1436
365 1822
365 1924
366 382
366 519
366 546
366 638
366 1560
366 1573
366 1609
366 1870
367 432
367 528
367 692
367 1163
367 1256
367 1307
367 1412
367 1561
367 1627
367 1647
367 1725
367 1976
368 921
368 1092
368 1315
368 1374
369 504
369 1268
369 1313
369 1649
370 411
370 636
370 1378
370 1396
370 1660
371 622
371 630
371 634
371 752
371 1192
371 1387
371 1396
371 1418
371 1493
371 1557
371 1588
371 1872
371 1975
372 393
372 490
372 515
372 579
372 769
372 905
372 1010
372 1186
372 1360
372 1383
372 1615
372 1835
373 723
373 746
373 866
373 918
373 952
373 965
373 1316
373 1708
373 1985
374 417
374 1343
374 1505
374 1532
374 1621
374 1970
375 596
375 694
375 844
375 912
375 959
375 1191
375 1285
375 1392
375 1433
375 1827
375 1964
376 670
376 974
377 396
377 444
377 462
377 499
377 827
377 848
377 1193
377 1253
377 1425
377 1626
377 1662
377 1710
377 1927
377 1962
378 396
378 583
378 671
378 780
378 941
378 1169
378 1244
378 1378
378 1412
378 1496
378 1501
378 1540
378 1562
378 1709
379 901
379 1494
379 1518
379 1595
379 1795
379 1897
379 1941
380 908
380 976
380 1520
381 549
381 558
381 606
381 627
381 700
381 791
381 850
381 1075
381 1267
381 1279
381 1582
381 1641
381 1780
381 1815
381 1851
382 411
382 547
382 563
382 1277
382 1370
382 1506
382 1654
382 1879
382 1999
383 663
383 756
383 1026
383 1047
383 1067
383 1144
383 1298
383 1493
383 1789
384 494
384 984
384 1024
384 1337
384 1356
384 1522
385 654
385 939
385 970
385 1095
385 1132
385 1352
385 1392
385 1785
385 1795
385 1800
385 1950
385 1971
386 400
386 543
386 687
386 750
386 1172
386 1314
386 1361
386 1507
386 1654
386 1780
386 1930
386 1964
387 493
387 582
387 999
387 1306
387 1785
387 1831
388 1383
388 1596
388 1880
389 575
389 625
389 1137
389 1449
389 1456
389 1645
389 1842
389 1929
390 508
390 671
390 795
390 1315
390 1865
390 1942
391 490
391 602
391 692
391 742
391 799
391 885
391 1200
391 1739
391 1935
392 508
392 522
392 526
392 785
392 924
392 1258
392 1966
393 912
393 1181
393 1334
393 1423
393 1434
393 1581
393 1676
394 861
394 864
394 1249
394 1433
394 1616
394 1848
394 1937
395 553
395 767
395 774
395 1032
395 1213
395 1219
395 1302
395 1398
395 1490
395 1519
395 1648
395 1744
396 997
396 1126
396 1140
396 1447
396 1504
396 1675
397 405
397 428
397 460
397 1182
397 1378
397 1534
397 1597
397 1725
397 1992
398 406
398 415
398 562
398 614
398 767
398 1473
398 1628
398 1801
399 881
399 1055
399 1061
399 1091
399 1245
399 1626
399 1645
399 1692
399 1706
399 1897
400 590
400 611
400 638
400 856
400 891
400 1049
400 1784
401 947
401 978
401 1045
401 1052
401 1090
401 1264
401 1303
401 1336
401 1486
401 1595
401 1674
401 1875
402 437
402 574
402 589
402 600
402 1315
402 1469
403 551
403 626
403 1038
403 1327
403 1380
403 1764
404 414
404 759
404 848
404 959
404 988
404 1258
404 1425
404 1658
404 1908
405 465
405 746
405 832
405 909
405 945
405 953
405 1012
405 1462
405 1664
405 1984
406 467
406 994
406 1003
406 1016
406 1109
406 1154
406 1220
406 1302
406 1337
406 1561
407 481
407 851
407 994
407 1008
407 1071
407 1373
408 710
408 764
408 860
408 961
408 1121
408 1234
408 1241
408 1693
408 1801
409 563
409 633
409 736
409 1089
409 1291
409 1707
409 1802
409 1867
410 739
410 972
410 1000
410 1099
410 1115
410 1186
410 1188
410 1210
410 1417
410 1516
410 1629
410 1679
411 518
411 638
411 771
411 784
411 1377
411 1732
412 432
412 442
412 536
412 727
412 1230
412 1378
412 1644
412 1899
412 1961
413 434
413 634
413 960
413 1112
413 1129
413 1205
413 1436
413 1467
414 448
414 616
414 999
414 1185
414 1241
414 1266
414 1673
414 1866
414 1892
415 548
415 760
415 1173
415 1272
415 1961
416 576
416 1199
416 1467
416 1673
416 1735
417 603
417 618
417 723
417 1192
417 1287
417 1622
417 1726
417 1882
418 513
418 552
418 750
418 925
418 1259
418 1550
418 1564
418 1614
418 1638
418 1892
418 1951
419 571
419 625
419 729
419 853
419 1132
419 1269
419 1900
420 609
420 1161
420 1309
420 1597
420 1690
420 1702
420 1820
421 889
421 1027
421 1474
421 1560
421 1581
422 484
422 538
422 616
422 695
422 825
422 911
422 1006
422 1090
422 1191
422 1405
422 1442
422 1955
423 629
423 631
423 725
423 878
423 1023
423 1139
423 1526
423 1639
423 1713
423 1725
423 1939
424 900
424 1061
424 1075
424 1083
424 1411
424 1815
424 1980
425 653
425 1037
425 1426
425 1437
426 1704
427 706
427 1004
427 1265
427 1307
427 1377
427 1471
427 1999
428 495
428 846
428 965
428 1128
428 1404
428 1559
428 1745
428 1788
428 1911
429 479
429 568
429 709
429 733
429 760
429 1019
429 1027
429 1051
429 1103
429 1231
429 1353
429 1414
429 1433
429 1627
429 1715
429 1885
430 613
430 686
430 853
430 1202
430 1277
430 1403
430 1416
430 1656
430 1894
431 463
431 1120
431 1182
431 1441
431 1509
432 667
432 1072
432 1333
432 1383
432 1946
433 448
433 640
433 660
433 754
433 789
433 1339
433 1630
433 1968
434 779
434 814
434 901
434 1353
434 1367
434 1419
434 1553
434 1820
434 1990
435 482
435 763
435 806
435 830
435 1094
435 1177
435 1705
435 1800
435 1952
436 511
436 532
436 594
436 902
436 925
436 960
436 1160
436 1364
436 1574
437 1089
437 1391
437 1581
437 1595
437 1622
437 1780
437 1932
438 672
438 838
438 1141
438 1222
438 1291
438 1366
438 1567
439 494
439 506
439 582
439 671
439 770
439 928
439 1284
439 1462
439 1579
439 1817
440 710
440 892
440 1127
440 1269
440 1459
440 1477
440 1500
440 1543
440 1844
441 515
441 559
441 728
441 901
441 1086
441 1159
441 1192
441 1405
441 1830
441 1893
441 1962
442 710
442 919
442 1016
442 1371
442 1697
443 485
443 696
443 1040
443 1097
443 1186
443 1227
443 1583
444 474
444 704
444 900
444 1271
444 1421
444 1739
445 646
445 858
445 890
445 953
445 1600
445 1917
446 942
446 1178
446 1367
446 1648
446 1742
446 1758
446 1908
446 1912
447 455
447 552
447 568
447 584
447 768
447 952
447 1022
447 1101
447 1357
447 1434
447 1814
448 516
448 603
448 705
448 938
448 1004
448 1365
448 1684
448 1709
448 1844
449 508
449 646
449 664
449 727
449 747
449 844
449 863
449 925
449 1396
449 1440
449 1618
449 1630
449 1631
450 619
450 775
450 779
450 1038
450 1157
450 1219
450 1294
450 1741
450 1894
450 1910
450 1990
451 460
451 665
451 975
451 1063
451 1430
451 1688
451 1905
452 516
452 676
452 876
452 1010
452 1012
452 1160
452 1242
452 1395
452 1919
452 1937
453 1066
453 1677
453 1868
454 583
454 753
454 1050
454 1142
454 1268
454 1735
454 1867
454 1900
455 556
455 574
455 800
455 1194
455 1259
455 1327
455 1917
455 1989
456 517
456 540
456 578
456 688
456 920
456 927
456 996
456 1061
456 1199
456 1214
456 1632
456 1858
456 1875
456 1956
457 469
457 538
457 605
457 756
457 1036
457 1218
457 1313
457 1341
457 1516
457 1795
457 1992
458 488
458 540
458 788
458 986
458 1425
458 1462
458 1585
458 1587
458 1982
459 556
459 695
459 767
459 830
459 1114
459 1252
459 1532
459 1548
459 1811
459 1948
459 1994
460 684
460 932
460 1112
460 1217
461 1509
461 1543
461 1595
461 1620
461 1628
462 475
462 508
462 742
462 743
462 823
462 1112
462 1452
462 1483
462 1487
463 610
463 999
463 1007
463 1083
463 1305
463 1360
463 1485
463 1596
464 666
464 763
464 1070
464 1118
464 1422
464 1470
464 1686
465 501
465 515
465 542
465 760
465 986
465 999
465 1205
465 1207
465 1281
465 1564
465 1705
466 694
466 957
466 987
466 1068
466 1568
466 1676
466 1965
467 560
467 849
467 940
467 1211
467 1249
467 1277
467 1691
467 1986
468 542
468 1125
468 1449
469 700
469 1113
469 1192
469 1321
469 1551
469 1590
469 1792
469 1842
470 547
470 642
470 743
470 888
470 1049
470 1249
470 1509
470 1942
470 1952
471 619
471 909
471 1089
471 1450
471 1819
472 579
472 821
472 916
472 1268
472 1435
472 1487
472 1789
472 1821
472 1953
473 626
473 1059
473 1238
473 1552
473 1939
474 604
474 663
474 890
474 891
474 1455
474 1486
474 1598
474 1810
474 1819
475 787
475 863
475 891
475 995
475 1035
475 1588
476 715
476 758
476 794
476 943
476 1022
476 1304
476 1325
476 1861
476 1879
477 1161
477 1197
477 1305
477 1340
477 1735
477 1888
477 1902
477 1946
478 604
478 896
478 1488
478 1653
478 1656
478 1919
479 653
479 1027
479 1818
479 1911
480 661
480 693
480 821
480 982
480 1018
480 1022
480 1217
480 1483
480 1598
480 1794
481 506
481 795
481 812
481 1166
481 1442
481 1466
481 1602
481 1823
481 1824
481 1996
482 821
482 1134
482 1508
482 1709
482 1785
483 736
483 1198
483 1485
483 1488
483 1501
483 1813
483 1818
483 1821
483 1904
484 590
484 743
484 786
484 809
484 957
484 1247
484 1382
484 1477
484 1545
484 1756
485 532
485 539
485 687
485 881
485 939
485 1298
485 1599
485 1622
485 1808
485 1935
485 1993
486 792
486 1179
486 1455
486 1460
486 1930
487 744
487 821
487 1156
487 1440
487 1759
487 1811
487 1839
487 1891
488 526
488 622
488 631
488 1122
488 1271
488 1348
488 1698
488 1748
489 598
489 600
489 706
489 862
489 1387
489 1562
489 1743
489 1882
490 591
490 1254
490 1497
490 1541
490 1678
490 1865
490 1919
490 1980
491 561
491 1293
491 1325
491 1574
491 1722
491 1850
492 591
492 680
492 724
492 1109
492 1174
492 1202
492 1630
493 720
493 721
493 742
493 887
493 991
493 1136
493 1529
494 501
494 541
494 698
494 788
494 840
494 902
494 945
494 1094
494 1157
494 1170
494 1311
494 1433
494 1461
494 1581
494 1969
494 1972
494 1977
494 1980
495 510
495 688
495 936
495 942
495 968
495 1234
495 1819
495 1821
495 1969
496 498
496 657
496 779
496 801
496 866
496 880
496 1125
496 1238
497 500
497 837
497 912
497 988
497 1546
497 1574
497 1577
498 558
498 851
498 1228
498 1391
498 1471
498 1637
498 1820
498 1893
499 508
499 524
499 821
499 967
499 1053
499 1102
499 1225
499 1361
499 1459
499 1816
500 675
500 799
500 1047
500 1327
500 1338
500 1668
500 1693
501 516
501 669
501 1461
501 1571
502 540
502 789
502 1144
502 1398
502 1868
502 1891
502 1980
502 2000
503 861
503 1052
503 1053
503 1301
503 1808
504 1048
504 1335
504 1743
504 1868
505 718
505 926
505 983
505 1135
505 1350
505 1354
505 1883
505 1911
506 523
506 679
506 868
506 1190
506 1677
506 1769
506 1879
506 1952
507 508
507 745
507 1701
508 690
508 859
508 1367
508 1450
508 1593
508 1667
508 1757
508 1830
508 1863
508 1874
509 663
509 893
509 1642
509 1868
509 1982
510 610
510 1260
510 1498
510 1879
511 530
511 588
511 593
511 1000
511 1161
511 1325
511 1523
511 1785
511 1850
511 1935
511 1961
512 625
512 865
512 1153
512 1564
512 1728
512 1813
512 1985
513 560
513 635
513 815
513 896
513 954
513 979
513 1020
513 1175
513 1217
513 1545
513 1891
514 594
514 1083
514 1087
514 1234
514 1740
515 875
515 1146
515 1344
515 1351
515 1434
515 1507
515 1690
515 1740
515 1828
516 521
516 1193
516 1445
516 1828
516 1832
516 1911
517 600
517 1480
517 1539
518 806
518 972
518 1173
518 1334
518 1504
518 1543
518 1682
518 1689
518 1783
518 1897
520 623
520 744
520 1000
520 1102
520 1112
520 1592
520 1695
520 1707
520 1794
520 1989
521 1207
521 1354
521 1954
522 999
522 1008
522 1088
522 1187
522 1204
522 1390
522 1683
522 1890
523 856
523 1049
523 1108
523 1209
523 1411
523 1574
523 1855
523 1857
523 1991
524 874
524 888
524 945
524 980
524 1072
524 1717
525 665
525 1012
525 1215
525 1234
525 1282
525 1438
526 748
526 1028
526 1072
526 1098
526 1119
526 1478
526 1757
526 1799
526 1868
527 569
527 649
527 812
527 1050
527 1134
527 1393
527 1677
527 1749
528 961
528 1005
528 1168
528 1242
528 1434
528 1788
528 1804
528 1891
528 1901
529 561
529 931
529 968
529 977
529 1481
529 1594
530 546
530 975
530 1649
530 1753
530 1873
530 1878
531 642
531 1017
531 1049
531 1780
531 1964
532 1062
532 1249
532 1408
532 1712
532 1736
532 1751
532 1860
532 1871
532 1984
533 891
533 1378
533 1566
533 1707
533 1956
534 567
534 715
534 716
534 780
534 799
534 862
534 1134
534 1593
534 1628
534 1748
534 1759
535 569
535 812
535 1025
535 1074
535 1113
535 1434
535 1886
535 1928
536 925
536 1141
536 1607
536 1813
537 1112
537 1246
537 1569
537 1703
538 1536
538 1606
538 1767
538 1962
539 553
539 761
539 826
539 901
539 1084
539 1700
539 1911
539 1963
540 1216
540 1434
540 1527
540 1598
540 1644
541 668
541 821
541 873
541 887
541 1231
542 743
542 906
542 1045
542 1231
542 1515
542 1614
542 1657
543 603
543 640
543 680
543 717
543 842
543 963
543 1129
544 732
544 1042
544 1103
544 1216
544 1684
544 1862
544 1939
545 843
545 916
545 1145
545 1317
545 1700
545 1764
545 1842
545 1920
546 606
546 714
546 903
546 1061
546 1246
546 1479
547 596
547 725
547 1155
547 1243
547 1901
548 772
548 932
548 976
548 1075
548 1247
549 603
549 707
549 1002
549 1169
549 1245
549 1407
549 1801
549 1832
550 908
550 942
550 974
550 1056
550 1072
550 1597
550 1631
550 1740
550 1747
550 1986
551 643
551 1280
551 1468
551 1846
551 1858
552 729
552 926
553 1038
553 1161
553 1595
553 1854
553 1968
554 793
554 909
554 975
554 1126
554 1300
554 1503
554 1828
555 634
555 884
555 904
555 937
555 1084
555 1316
555 1665
555 1716
555 1848
556 1278
556 1323
556 1361
556 1425
556 1714
556 1911
557 634
557 728
557 842
557 1065
557 1148
557 1201
557 1487
557 1521
557 1603
557 1854
557 1863
557 1901
558 697
558 866
558 928
558 1123
558 1536
558 1780
559 722
559 956
559 1184
559 1292
559 1294
559 1377
559 1558
559 1704
559 1709
559 1980
560 760
560 1358
561 743
561 884
561 925
561 1176
561 1805
562 577
562 605
562 708
562 721
562 835
562 860
562 929
562 1133
562 1484
562 1715
562 1773
562 1955
562 1962
563 1294
563 1391
563 1710
564 850
564 1797
565 576
565 746
565 910
565 1113
565 1201
565 1243
565 1295
565 1427
565 1618
565 1662
565 1714
565 1811
565 1884
566 631
566 954
566 967
566 1410
566 1559
567 597
567 616
567 896
567 1069
567 1072
567 1351
567 1410
567 1599
567 1677
567 1702
567 1850
568 1517
568 1752
568 1771
569 637
569 782
569 842
569 1328
569 1404
569 1932
570 1261
570 1398
570 1511
570 1722
571 772
571 940
571 1050
571 1328
571 1412
571 1436
571 1540
571 1606
571 1741
571 1758
571 1907
571 1950
572 753
572 1236
572 1361
572 1382
572 1384
572 1980
572 1981
573 1051
573 1887
573 1933
574 1065
574 1283
574 1356
575 948
575 1664
576 949
576 1671
576 1749
576 1987
577 620
577 632
577 889
577 1153
577 1762
577 1884
577 1926
578 612
578 627
578 860
578 1263
578 1912
579 673
579 797
579 1049
579 1072
579 1087
579 1232
579 1465
579 1686
579 1691
579 1902
579 1924
580 599
580 606
580 804
580 1173
580 1335
580 1445
580 1606
580 1848
580 1883
580 1983
581 731
581 1095
581 1248
581 1431
581 1469
581 1516
581 1847
581 1859
581 1999
582 610
582 861
582 894
582 1024
582 1114
582 1146
582 1206
582 1355
583 842
583 1060
583 1264
583 1734
584 903
584 1043
584 1084
584 1161
584 1369
584 1534
584 1885
585 663
585 1245
585 1366
585 1418
585 1511
586 748
586 788
586 1005
586 1280
586 1361
586 1649
586 1759
586 1999
587 1652
588 1499
589 674
589 692
589 820
589 992
589 1000
589 1031
589 1046
589 1724
589 1787
589 1878
589 1902
590 959
590 1481
591 702
591 742
591 968
591 973
591 1182
591 1532
591 1741
592 836
592 958
592 1225
592 1294
592 1564
592 1916
593 831
593 956
593 1121
593 1182
593 1299
593 1404
593 1510
593 1701
593 1749
594 643
594 1127
594 1147
594 1496
594 1785
595 693
595 860
595 1166
595 1835
595 1846
596 692
596 964
596 1192
596 1199
596 1851
597 617
597 896
597 1167
597 1340
597 1777
597 1867
598 599
598 1050
598 1304
598 1373
598 1940
599 688
599 858
599 990
599 1019
599 1139
599 1183
599 1264
599 1458
599 1635
600 760
600 777
600 806
600 1190
600 1471
600 1762
600 1812
600 1814
601 608
601 788
601 963
601 1240
602 749
602 921
602 1004
602 1504
602 1727
602 1987
603 664
603 916
603 1003
603 1123
603 1405
603 1991
604 632
604 841
604 1039
604 1184
604 1226
604 1645
604 1735
604 1929
605 751
605 813
605 1260
605 1268
605 1356
605 1523
605 1725
605 1806
605 1959
605 1972
606 912
606 926
606 1114
606 1118
606 1153
606 1374
606 1604
606 1708
606 1905
606 1990
607 613
607 825
607 841
607 927
607 980
607 1005
607 1308
607 1556
607 1639
608 687
608 722
608 793
608 1009
608 1191
608 1491
608 1500
608 1862
609 707
609 838
609 1051
609 1158
609 1221
609 1280
609 1306
609 1853
609 1938
609 1988
610 863
610 1134
610 1294
610 1441
610 1726
610 1831
611 1173
611 1820
611 1879
612 726
612 869
612 933
612 1220
612 1937
613 625
613 652
613 945
613 1035
613 1304
613 1491
613 1827
613 1991
614 649
614 759
614 984
614 1520
614 1628
614 1688
615 667
615 743
615 1195
615 1266
615 1621
615 1758
615 1769
615 1784
615 1816
615 1991
616 775
616 927
616 1028
616 1388
616 1409
616 1479
616 1697
616 1938
617 816
617 1026
617 1127
617 1226
617 1300
617 1470
617 1678
618 913
618 973
618 975
618 1056
618 1516
618 1538
618 1940
619 928
619 957
619 1066
619 1223
619 1302
620 817
620 829
620 1291
620 1412
620 1526
620 1690
620 1770
620 1870
621 1492
621 1725
621 1862
622 694
622 741
622 1516
622 1873
623 815
623 846
623 852
623 859
623 1091
623 1101
623 1496
623 1685
623 1726
623 1903
624 795
624 957
624 1236
624 1450
624 1484
624 1528
624 1917
624 1998
625 733
625 1362
625 1541
625 1713
625 1798
625 1819
626 896
626 935
626 1238
626 1356
626 1415
626 1519
626 1550
626 1888
626 2000
627 671
627 877
627 991
627 1213
627 1254
627 1446
627 1454
627 1548
627 1665
628 710
628 793
628 811
628 834
628 906
628 1081
628 1286
628 1560
629 942
629 1215
629 1386
629 1527
629 1640
630 982
630 1223
630 1313
630 1395
630 1535
630 1566
630 1699
630 1966
630 1967
631 679
631 684
631 721
631 1377
631 1627
631 1810
631 1981
632 722
632 756
632 1311
632 1491
632 1696
633 714
633 812
633 853
633 1049
633 1507
633 1571
633 1745
633 1940
633 1996
634 686
634 772
634 1810
634 1901
635 1146
635 1714
636 805
636 896
636 1639
636 1908
636 1987
637 1013
637 1442
637 1660
638 818
638 934
638 1054
638 1435
638 1493
638 1778
639 964
639 1109
639 1128
639 1178
639 1290
639 1527
639 1529
639 1872
640 717
640 814
640 1227
640 1285
640 1523
640 1554
640 1654
641 675
641 1133
641 1165
641 1288
641 1310
642 932
642 939
642 1120
642 1176
642 1544
642 1682
642 1689
642 1721
643 666
643 698
643 989
643 1614
643 1860
644 744
644 935
644 966
644 1446
644 1894
645 849
645 932
645 1211
645 1278
645 1363
645 1456
645 1538
645 1636
646 730
646 870
646 881
646 1528
646 1543
646 1787
647 676
647 950
647 974
647 1002
647 1524
647 1765
648 839
648 968
648 1465
648 1479
648 1520
648 1606
648 1636
648 1699
648 1766
648 1926
648 1964
649 842
649 939
649 958
649 1060
649 1143
649 1307
649 1434
649 1835
650 1221
650 1369
650 1463
650 1893
651 1022
651 1259
651 1390
651 1409
651 1857
652 676
652 796
652 968
652 1060
652 1454
652 1963
653 774
653 784
653 1268
653 1284
653 1445
653 1674
653 1763
653 1904
654 707
654 806
654 920
654 974
654 1017
654 1352
654 1365
654 1728
654 1857
654 1967
655 718
655 760
655 1271
655 1473
655 1551
655 1572
655 1799
655 1815
655 1826
655 1960
656 1171
656 1467
656 1544
656 1636
656 1656
656 1779
656 1971
657 868
657 979
657 1281
657 1657
657 1817
658 747
658 797
658 1326
658 1452
658 1676
658 1797
658 1807
658 1849
659 1244
659 1577
659 1585
660 682
660 1042
660 1146
660 1184
660 1501
660 1621
660 1733
660 1813
660 1829
661 722
661 756
661 777
661 1380
661 1440
661 1594
661 1814
661 1816
662 738
662 909
662 1115
662 1150
662 1249
662 1253
662 1323
662 1360
662 1367
662 1779
662 1837
663 820
663 1317
663 1409
663 1662
663 1820
664 800
664 981
664 1207
664 1421
664 1721
664 1783
665 744
665 913
665 914
665 1243
665 1401
665 1599
666 697
666 791
666 885
666 1219
666 1533
666 1627
666 1941
666 1948
666 1991
667 842
667 1034
667 1060
667 1166
667 1307
667 1482
667 1485
667 1665
667 1752
667 1766
667 1774
667 1833
668 962
668 1029
668 1033
668 1165
669 826
669 1492
670 730
670 860
670 905
670 1537
670 1597
670 1840
670 1842
671 840
671 876
671 1119
671 1219
671 1242
671 1537
671 1972
672 1247
672 1613
672 1675
673 1042
673 1237
674 1848
674 1879
674 1890
675 1025
675 1168
675 1441
676 780
676 925
676 990
676 1313
676 1747
676 1943
677 879
677 1126
677 1187
677 1351
677 1422
677 1579
677 1696
677 1854
678 811
678 849
678 948
678 1087
678 1219
678 1322
678 1590
678 1778
678 1958
679 957
679 1022
679 1460
679 1551
679 1586
680 804
680 1076
680 1154
680 1171
680 1570
680 1758
680 1828
680 1874
681 918
681 1187
681 1247
681 1297
681 1387
682 946
682 1061
682 1113
682 1141
682 1163
682 1409
682 1499
682 1886
683 770
683 1076
683 1152
683 1292
683 1333
683 1615
683 1653
684 720
684 1286
684 1573
684 1926
685 874
685 994
685 1378
685 1513
685 1596
685 1822
686 833
686 835
686 1563
686 1656
686 1945
687 749
687 806
687 1058
687 1461
687 1474
687 1546
687 1564
687 1737
688 1236
688 1333
688 1575
688 1635
689 714
689 1485
689 1614
689 1844
689 1935
690 836
690 1216
690 1226
690 1292
690 1388
690 1549
690 1804
691 780
691 1010
691 1391
691 1815
691 1899
691 1907
692 1500
692 1574
692 1612
692 1878
692 1887
692 1893
693 707
693 892
693 1076
693 1492
694 955
694 1256
694 1366
694 1475
694 1806
694 1824
695 721
695 864
695 1167
695 1518
695 1753
696 763
696 859
696 1555
696 1603
696 1845
696 1875
696 1980
697 886
697 1030
697 1228
697 1711
697 1907
697 1987
698 951
698 1104
698 1166
698 1490
698 1521
698 1809
699 967
699 1107
699 1141
699 1602
699 1702
699 1817
699 1846
699 1896
700 1224
700 1251
700 1309
700 1412
700 1413
700 1418
700 1658
701 722
701 822
701 840
701 1165
701 1617
701 1619
701 1653
702 1190
702 1230
702 1569
702 1609
703 779
703 857
703 929
703 1017
703 1298
703 1321
703 1356
703 1698
703 1867
703 1987
704 865
704 947
704 955
704 1045
704 1064
704 1674
704 1832
705 757
705 829
705 851
705 1031
705 1413
705 1443
705 1808
705 1870
706 1054
706 1060
706 1261
706 1524
707 1121
707 1761
707 1909
707 1959
708 756
708 773
708 1251
708 1587
708 1634
708 1774
708 1796
708 1925
709 726
709 837
709 1641
709 1940
710 870
710 925
710 1464
710 1604
710 1616
710 1685
711 817
711 949
711 1062
711 1089
711 1489
711 1602
711 1620
711 1784
711 1965
712 782
712 832
712 1324
712 1479
712 1835
713 1068
713 1176
713 1210
713 1477
713 1738
713 1792
714 796
714 968
714 1000
714 1305
714 1385
714 1472
714 1572
714 1573
714 1760
714 1859
715 951
715 1212
715 1400
715 1792
716 768
716 908
716 1117
716 1573
716 1699
717 726
717 739
717 978
717 1007
717 1275
718 869
718 1034
718 1352
718 1450
718 1908
719 905
719 922
719 1147
719 1471
719 1572
719 1743
719 1968
720 812
720 1016
720 1042
720 1075
720 1874
721 993
721 1028
721 1251
721 1793
721 1963
721 1999
722 1208
722 1419
722 1574
722 1629
722 1708
723 759
723 1152
723 1408
723 1482
723 1673
723 1762
724 730
724 1381
724 1478
724 1785
724 1894
725 758
725 991
725 1290
725 1525
725 1585
725 1605
725 1728
726 729
726 813
726 932
726 1492
726 1599
726 1704
726 1869
727 1754
727 1960
728 887
728 1279
728 1566
728 1568
728 1895
729 963
729 1021
729 1264
729 1441
729 1706
729 1999
730 1021
730 1026
730 1050
730 1052
730 1228
730 1235
730 1793
730 1906
730 1909
731 849
731 1044
731 1108
731 1197
731 1242
731 1300
731 1574
731 1972
732 1058
732 1420
732 1848
732 1906
733 783
733 828
733 1104
733 1162
733 1363
733 1388
733 1747
733 1791
734 758
734 779
734 796
734 884
734 991
734 1292
734 1348
734 1672
734 1726
735 933
735 1143
735 1344
735 1369
735 1472
735 1484
735 1753
735 1790
735 1830
735 1979
736 1147
736 1168
736 1276
736 1772
736 1945
737 887
737 942
737 1097
737 1120
737 1327
737 1376
737 1512
737 1947
738 1001
738 1017
738 1348
738 1672
739 865
739 942
739 976
739 1902
740 919
740 948
740 1254
740 1421
740 1547
740 1664
740 1796
741 838
741 1026
741 1481
741 1586
741 1606
741 1747
741 1770
742 808
742 1012
742 1413
742 1537
742 1894
743 821
743 1072
743 1190
743 1276
743 1376
743 1436
743 1784
743 1862
744 1044
744 1091
744 1142
744 1223
744 1394
744 1544
744 1596
744 1748
744 1872
744 1962
745 757
745 813
745 1190
745 1373
745 1524
745 1577
745 1700
745 1710
746 920
746 1118
746 1328
746 1501
746 1562
746 1994
747 952
747 975
747 1002
747 1148
747 1442
747 1546
747 1595
747 1749
747 1884
747 1963
748 992
748 1003
748 1535
748 1539
748 1606
748 1869
748 1952
749 1018
749 1054
749 1140
749 1286
749 1542
749 1894
749 1921
750 900
750 1026
750 1583
750 1615
750 1822
751 837
751 854
751 1063
751 1622
751 1652
751 1808
752 1084
752 1146
752 1578
752 1812
752 1816
753 794
753 895
753 1097
753 1261
753 1595
754 783
754 862
754 940
754 953
754 1090
754 1210
754 1308
754 1414
754 1478
754 1488
754 1545
754 1825
754 1848
755 839
755 1012
755 1124
755 1311
755 1599
755 1657
755 1720
755 1944
756 904
756 1240
756 1699
756 1777
756 1895
757 830
757 1064
757 1098
757 1109
757 1332
757 1588
757 1757
757 1801
758 767
758 1187
758 1371
758 1434
758 1534
758 1604
758 1679
758 1754
758 1811
758 1902
759 828
759 985
759 1195
759 1303
759 1469
759 1525
759 1542
759 1584
759 1871
760 886
760 1057
760 1765
761 804
761 920
761 928
761 939
761 1299
761 1344
762 1264
762 1517
763 773
763 1028
763 1098
763 1812
763 1945
763 1983
764 913
764 1258
764 1362
764 1415
764 1429
764 1712
765 769
765 780
765 957
765 1048
765 1448
765 1469
765 1502
765 1924
766 908
766 1277
766 1383
766 1557
766 1594
766 1632
766 1839
767 803
767 1638
767 1752
767 1953
768 819
768 826
768 872
768 1253
768 1493
768 1975
769 904
769 979
769 1048
769 1271
769 1536
769 1541
769 1892
770 1417
770 1573
771 1161
771 1221
771 1357
771 1747
771 1971
772 785
772 1708
772 1735
772 1801
772 1874
773 1136
773 1376
773 1908
774 941
774 997
774 1435
774 1882
775 785
775 954
775 1186
775 1227
775 1232
775 1246
776 1082
776 1106
776 1179
776 1680
776 1681
776 1860
777 1536
777 1842
777 1946
778 786
778 808
778 909
778 1052
778 1160
778 1229
778 1534
778 1837
778 1936
779 827
779 936
779 1067
779 1080
779 1365
779 1537
779 1571
779 1635
779 1751
779 1914
779 1958
779 1967
780 1213
780 1708
781 856
781 1425
781 1451
781 1774
782 889
782 950
782 1358
782 1810
782 1856
783 803
783 1143
783 1476
783 1484
783 1887
784 1233
784 1350
784 1602
784 1968
785 822
785 825
785 939
785 948
785 1190
785 1613
786 897
786 915
786 1014
786 1277
786 1583
786 1681
786 1949
786 1986
787 1387
787 1432
787 1618
787 1654
787 1712
787 1714
787 1933
788 819
788 1215
788 1253
788 1451
788 1964
789 852
789 1330
789 1583
789 1915
790 806
790 850
790 1012
790 1309
790 1329
790 1801
790 1901
791 838
791 1048
791 1066
791 1168
791 1267
791 1308
791 1345
791 1364
791 1470
791 1675
791 1794
791 1835
792 1528
792 1741
792 1821
792 1888
793 852
793 1168
793 1350
793 1663
794 852
794 942
794 1032
794 1045
794 1074
794 1150
794 1240
795 1177
795 1186
795 1275
795 1286
795 1568
795 1759
795 1971
796 1119
796 1169
796 1308
796 1488
796 1709
796 1932
796 1977
797 818
797 1460
797 1647
797 1667
797 1672
797 1776
797 1860
798 1164
798 1326
798 1433
798 1634
798 1763
799 1105
799 1151
799 1235
799 1709
799 1940
800 937
800 1378
800 1496
800 1499
800 1653
800 1810
800 1904
800 1980
801 836
801 1020
801 1802
802 1080
803 959
803 1142
803 1315
803 1597
803 1809
804 817
804 1209
804 1689
804 1725
804 1812
804 1878
805 1265
805 1327
805 1331
805 1894
805 1931
806 1210
806 1286
806 1700
806 1744
806 1907
807 823
807 1430
807 1477
807 1510
807 1580
807 1801
807 1934
808 837
808 861
808 870
808 980
808 1026
808 1288
808 1300
808 1362
808 1785
809 999
809 1088
809 1255
809 1745
809 1824
810 836
810 856
810 1072
810 1073
810 1167
810 1289
810 1338
810 1529
810 1792
811 1086
811 1154
811 1351
811 1392
811 1428
811 1672
812 817
812 882
812 968
812 1316
812 1369
812 1561
813 876
813 1111
813 1360
813 1616
813 1678
813 1684
814 1199
814 1329
814 1379
814 1478
814 1667
814 1954
814 1976
815 1007
815 1235
815 1381
815 1598
815 1719
815 1761
815 1929
816 987
816 1890
816 1965
817 903
817 1025
817 1146
817 1184
817 1698
817 1797
817 1841
817 1881
817 1897
817 1912
818 921
818 1223
818 1322
819 826
819 1027
819 1175
819 1961
820 1290
820 1577
820 1634
821 871
821 1163
821 1463
821 1682
821 1750
821 1907
822 1010
822 1012
822 1032
822 1093
822 1154
822 1183
822 1273
822 1339
822 1418
822 1419
822 1735
822 1872
822 1929
822 1941
823 855
823 979
823 1299
823 1444
823 1809
823 1991
824 835
824 984
824 1094
824 1109
824 1234
824 1240
824 1564
824 1657
824 1705
824 1736
825 889
825 920
825 1005
825 1308
825 1387
825 1676
826 834
826 1146
826 1326
826 1392
826 1396
826 1629
826 1993
827 871
827 1014
827 1274
827 1927
828 838
828 1006
828 1143
828 1201
828 1347
828 1766
829 852
829 1368
829 1469
829 1485
829 1496
829 1870
829 1971
829 1998
830 1004
830 1077
830 1457
830 1609
830 1701
830 1843
830 1910
830 1954
831 1094
831 1188
831 1216
831 1323
831 1396
831 1583
832 833
832 1036
832 1155
832 1430
832 1686
832 1799
833 1145
833 1234
833 1255
833 1425
833 1449
833 1706
833 1862
834 881
834 1067
834 1274
834 1391
834 1439
835 999
835 1156
835 1408
835 1528
835 1536
835 1605
836 976
836 1401
836 1454
836 1608
836 1662
837 1476
837 1487
837 1757
838 871
838 921
838 955
838 999
838 1125
838 1306
838 1342
838 1707
838 1791
838 1830
838 1974
839 948
839 1458
839 1865
840 1000
840 1154
840 1467
840 1471
840 1553
840 1621
840 1695
840 1805
840 1839
841 1193
841 1282
841 1413
841 1642
842 899
842 1015
842 1113
842 1321
842 1456
842 1548
842 1626
842 1662
842 1943
843 860
843 1172
843 1218
843 1309
843 1780
843 1784
844 991
844 1190
844 1216
844 1342
844 1514
844 1525
844 1548
845 976
845 1506
845 1621
845 1813
846 898
846 1147
846 1219
846 1506
846 1576
846 1581
846 1863
847 926
847 1243
847 1317
847 1459
847 1509
847 1719
847 1739
847 1752
847 1895
848 1117
848 1265
848 1679
849 890
849 1003
849 1032
849 1046
849 1119
849 1133
849 1351
849 1378
849 1617
849 1817
850 1437
850 1546
850 1605
851 960
851 1020
851 1249
851 1304
851 1330
851 1526
851 1566
851 1715
851 1856
852 959
853 882
853 1433
854 1244
854 1412
854 1466
854 1551
854 1663
854 1980
855 1762
855 1943
856 893
856 1248
856 1387
856 1488
856 1561
856 1632
856 1827
857 1069
857 1114
857 1168
857 1425
857 1505
857 1538
857 1931
857 1942
857 1978
858 1267
858 1483
858 1531
858 1698
858 1928
859 913
859 935
860 1282
860 1434
860 1796
861 926
861 1043
861 1053
861 1426
861 1669
861 1775
861 1895
861 1970
862 984
862 1013
862 1270
862 1355
862 1467
862 1926
862 1962
862 1985
862 1996
863 1046
863 1330
863 1917
863 1947
864 996
864 1100
864 1576
864 1587
864 1612
864 1717
864 1775
864 1828
865 1215
865 1327
865 1449
865 1452
865 1819
866 928
866 1057
866 1186
866 1373
866 1575
866 1820
867 1322
867 1326
867 1487
867 1741
867 1747
867 1960
868 918
868 948
868 1419
868 1487
868 1543
868 1907
869 940
869 1177
869 1468
869 1603
869 1854
869 1940
870 1352
870 1369
870 1379
871 1475
871 1480
871 1669
871 1672
871 1771
871 1981
871 1991
872 1884
873 929
873 1043
873 1056
873 1271
873 1303
873 1389
873 1459
873 1533
873 1651
873 1860
874 1052
874 1273
874 1544
874 1824
875 1534
876 922
876 966
876 1105
876 1159
876 1168
876 1582
876 1628
876 1775
876 1976
877 965
877 1069
877 1126
877 1451
877 1716
878 1027
878 1063
878 1407
878 1444
878 1640
878 1750
879 1168
879 1321
879 1340
879 1707
879 1949
880 927
880 1000
880 1010
880 1165
880 1514
880 1600
880 1614
880 1675
880 1691
880 1830
881 946
881 965
881 1179
881 1261
881 1313
881 1350
881 1424
881 1484
881 1557
881 1978
882 946
882 1386
882 1427
882 1501
882 1508
882 1716
882 1747
882 1830
882 1859
882 1899
883 971
883 1066
883 1124
883 1305
883 1436
883 1732
884 1342
884 1577
884 1946
885 901
885 972
885 1170
885 1429
885 1587
885 1660
885 1736
885 1785
885 1923
886 950
886 1123
886 1650
887 1240
887 1323
887 1463
887 1487
887 1941
888 1143
888 1596
888 1679
888 1783
888 1885
889 1136
889 1401
889 1460
889 1468
889 1510
889 1838
890 918
890 1242
890 1423
890 1569
890 1660
890 1668
891 904
891 935
891 1241
891 1269
891 1521
891 1826
892 1160
892 1199
892 1376
892 1484
892 1992
893 906
893 936
893 1053
893 1263
893 1301
893 1336
893 1357
893 1482
893 1622
893 1755
894 1216
894 1370
894 1493
894 1596
894 1616
894 1928
894 1965
895 933
895 1025
895 1190
895 1901
896 1077
896 1138
896 1332
896 1419
896 1744
896 1751
896 1798
897 1299
897 1368
897 1441
897 1788
897 1939
898 1425
898 1732
898 1831
899 1085
899 1121
899 1180
899 1637
899 1731
899 1787
899 1866
899 1972
900 912
900 917
900 928
900 981
900 1010
900 1172
900 1505
900 1722
900 1769
900 1770
900 1812
900 1893
901 981
901 1119
901 1330
901 1432
901 1433
901 1957
902 950
902 1011
902 1312
902 1319
902 1505
902 1546
903 911
903 916
903 1098
903 1172
903 1179
903 1446
903 1587
903 1703
903 1747
903 1778
903 1881
903 1896
904 1142
904 1143
904 1246
904 1272
904 1473
904 1499
904 1564
904 1732
904 1813
904 1917
904 1933
905 1014
905 1226
905 1330
905 1499
905 1687
905 1791
905 1795
906 1024
906 1431
906 1535
906 1660
906 1835
907 1094
907 1303
907 1428
907 1596
907 1621
908 1014
908 1102
908 1176
908 1284
908 1290
908 1732
908 1843
909 1042
909 1202
909 1416
909 1527
909 1584
909 1608
909 1708
909 1756
909 1772
909 1976
910 1102
910 1267
910 1530
910 1591
911 1182
911 1346
911 1539
911 1832
912 921
912 1186
912 1318
912 1463
912 1526
912 1727
913 925
913 960
913 986
913 1185
913 1409
913 1587
913 1728
913 1943
914 1089
914 1359
914 1866
914 1956
915 1417
915 1694
915 1738
915 1864
915 1871
915 1937
916 984
916 1127
916 1504
916 1636
916 1664
916 1691
916 1708
916 1816
916 1946
917 1065
917 1093
917 1237
917 1385
917 1662
917 1795
918 949
918 1402
918 1526
918 1564
918 1767
919 1061
919 1108
919 1638
919 1950
919 1967
920 980
920 1191
920 1802
920 1899
921 986
921 1199
921 1231
921 1297
921 1380
921 1411
921 1657
921 1768
921 1787
921 1862
922 1004
922 1167
922 1271
922 1304
922 1366
922 1809
923 1380
923 1572
924 1139
924 1157
924 1679
924 1690
924 1795
924 1876
925 990
925 1064
925 1176
925 1234
925 1506
925 1646
925 1730
926 983
926 992
926 1476
926 1692
926 1747
927 959
927 1313
928 930
928 1128
928 1244
928 1329
928 1741
928 1958
929 1102
929 1150
929 1209
929 1398
929 1457
929 1671
929 1731
929 1819
930 1551
930 1912
931 1165
931 1751
931 1965
932 1142
932 1150
932 1200
932 1251
932 1287
932 1342
932 1427
932 1509
933 1495
933 1904
934 1157
934 1201
934 1281
934 1685
935 1027
935 1251
935 1307
935 1423
936 1123
936 1148
936 1230
936 1796
936 1797
937 1099
937 1378
937 1539
937 1590
937 1898
938 993
938 1109
938 1185
938 1312
939 1150
939 1259
939 1335
939 1481
939 1943
939 1990
939 1998
940 1090
940 1386
940 1437
940 1448
940 1487
940 1666
940 1941
941 949
941 1124
941 1194
941 1655
941 1743
942 1111
942 1374
942 1748
942 1803
943 1009
943 1119
943 1177
943 1196
943 1245
943 1381
944 1237
944 1525
944 1577
944 1737
945 965
945 974
945 1075
945 1452
945 1552
946 948
946 952
946 1079
946 1254
946 1313
946 1647
946 1749
946 1750
946 1814
947 1032
947 1113
947 1550
947 1712
947 1915
948 980
948 1323
948 1785
949 1075
949 1226
949 1322
949 1576
949 1611
949 1619
949 1760
949 1777
949 1903
950 1193
950 1279
950 1366
950 1906
951 1126
951 1168
951 1294
951 1574
951 1758
951 1832
951 1893
952 981
952 1268
952 1619
953 1010
953 1070
953 1146
953 1346
953 1352
953 1430
953 1584
953 1741
953 1971
954 1346
954 1611
955 1017
955 1112
955 1160
955 1538
955 1558
956 1184
956 1202
956 1317
956 1958
957 1219
957 1545
957 1773
957 1818
957 1855
957 1953
958 1031
959 1047
959 1328
959 1340
959 1725
959 1784
959 1897
959 1934
960 991
960 1015
960 1056
960 1092
960 1139
960 1669
960 1884
960 1946
960 2000
961 1233
961 1255
961 1280
961 1286
961 1625
962 983
962 1071
962 1275
962 1305
962 1923
963 970
963 1063
963 1353
963 1491
963 1634
963 1753
963 1837
963 1959
964 1014
964 1314
964 1674
964 1729
964 1730
965 1156
965 1188
965 1485
965 1871
965 1909
966 969
966 1232
966 1233
966 1311
966 1429
966 1855
967 1141
967 1151
967 1182
967 1191
967 1939
967 1985
968 993
968 1343
968 1417
968 1546
968 1720
968 1999
969 1061
969 1305
969 1504
969 1809
969 1842
969 1937
970 1030
970 1268
970 1517
970 1531
970 1625
971 1068
971 1364
971 1731
972 1753
972 1833
973 1174
973 1328
973 1442
973 1543
973 1796
973 1938
974 1244
974 1379
974 1762
974 1893
975 1013
975 1394
975 1425
975 1582
975 1674
975 1888
976 1360
976 1486
976 1784
977 1430
977 1492
977 1886
978 1222
978 1233
978 1355
978 1521
978 1545
978 1886
978 1979
979 1326
979 1367
979 1521
979 1617
979 1763
979 1904
979 1947
980 1119
980 1137
980 1183
980 1205
980 1424
980 1933
981 1835
981 1955
982 1030
982 1160
982 1238
982 1726
982 1844
982 1872
982 1952
983 1071
983 1166
983 1284
983 1326
983 1339
984 1169
985 1205
985 1284
985 1304
985 1664
986 1005
986 1252
986 1284
986 1436
986 1886
987 1654
988 1670
988 1878
989 1005
989 1057
989 1211
989 1259
989 1441
989 1750
990 1406
990 1411
990 1551
990 1556
990 1706
990 1851
991 1087
991 1111
991 1224
991 1477
991 1850
992 1094
992 1116
992 1122
992 1302
992 1316
992 1377
992 1689
993 1037
993 1355
993 1980
994 1072
994 1333
994 1519
994 1687
994 1862
995 1095
995 1434
995 1660
995 1731
996 1048
996 1174
996 1201
996 1461
996 1943
997 1026
997 1178
997 1179
997 1216
997 1515
997 1606
997 1611
997 1897
998 1163
998 1177
998 1468
999 1165
999 1354
999 1369
999 1403
999 1925
999 1944
1000 1034
1000 1181
1000 1298
1000 1498
1000 1620
1000 1965
1001 1206
1001 1269
1001 1432
1001 1689
1001 1887
1001 1949
1001 1982
1002 1177
1002 1279
1002 1314
1002 1317
1002 1489
1003 1465
1003 1508
1003 1620
1003 1674
1003 1906
1003 1927
1003 1958
1003 1960
1004 1589
1004 1732
1005 1037
1005 1052
1005 1155
1005 1210
1005 1285
1005 1803
1005 1804
1006 1129
1006 1310
1006 1319
1006 1423
1006 1653
1006 1803
1006 1873
1007 1009
1007 1055
1007 1082
1007 1200
1007 1624
1007 1644
1007 1993
1008 1140
1008 1231
1008 1482
1008 1576
1008 1709
1008 1770
1008 1886
1009 1037
1009 1181
1009 1212
1009 1783
1009 1784
1009 1850
1010 1225
1010 1430
1010 1536
1010 1541
1011 1284
1011 1621
1011 1818
1012 1108
1012 1182
1012 1421
1012 1694
1012 1976
1013 1110
1013 1154
1013 1157
1013 1316
1013 1349
1013 1579
1013 1722
1013 1925
1013 2000
1014 1027
1014 1460
1014 1939
1014 1940
1015 1111
1015 1285
1015 1735
1015 1748
1016 1135
1016 1173
1016 1192
1016 1919
1016 1994
1017 1030
1017 1142
1017 1647
1017 1736
1017 1796
1017 1798
1017 1883
1017 1961
1017 1989
1018 1318
1018 1395
1018 1425
1018 1780
1018 1811
1019 1195
1019 1246
1019 1747
1019 1801
1020 1145
1020 1165
1020 1261
1020 1351
1020 1379
1020 1566
1020 1714
1020 1780
1020 1822
1021 1260
1021 1366
1021 1594
1022 1372
1022 1431
1022 1694
1022 1865
1022 1885
1022 1996
1023 1104
1023 1128
1023 1133
1023 1478
1023 1517
1023 1824
1023 1884
1024 1207
1024 1298
1024 1358
1024 1481
1024 1588
1024 1835
1024 1929
1025 1081
1025 1205
1025 1224
1025 1470
1025 1587
1025 1669
1025 1774
1025 1785
1026 1041
1026 1184
1026 1338
1026 1406
1026 1838
1027 1046
1027 1220
1027 1307
1027 1684
1027 1720
1027 1857
1028 1052
1028 1287
1028 1311
1028 1789
1028 1942
1030 1083
1030 1114
1030 1144
1030 1176
1030 1637
1031 1177
1031 1767
1032 1278
1032 1397
1032 1967
1033 1197
1033 1267
1033 1353
1033 1951
1033 1977
1034 1326
1034 1350
1034 1651
1034 1739
1035 1134
1035 1324
1035 1901
1036 1045
1036 1646
1036 1701
1036 1822
1036 1929
1036 1975
1037 1315
1037 1342
1037 1449
1037 1685
1037 1833
1037 1880
1037 1964
1038 1118
1038 1230
1038 1784
1038 1864
1038 1911
1039 1245
1039 1289
1039 1332
1039 1887
1040 1048
1040 1399
1040 1495
1040 1570
1040 1642
1040 1674
1040 1682
1040 1770
1040 1962
1041 1467
1041 1583
1042 1044
1042 1436
1042 1455
1042 1550
1042 1777
1042 1896
1043 1075
1043 1199
1043 1678
1043 1812
1043 1863
1043 1907
1044 1143
1044 1421
1044 1473
1044 1712
1044 1886
1045 1169
1045 1219
1045 1242
1045 1306
1045 1679
1046 1097
1046 1277
1046 1278
1046 1285
1046 1480
1046 1532
1046 1639
1046 1702
1046 1844
1046 1935
1047 1081
1047 1354
1047 1536
1047 1671
1047 1681
1047 1868
1048 1555
1048 1753
1048 1851
1048 1932
1049 1505
1049 1639
1049 1656
1049 1776
1050 1358
1050 1365
1050 1493
1050 1501
1050 1633
1050 1655
1050 1804
1051 1533
1051 1560
1051 1839
1051 1872
1052 1463
1052 1554
1052 1577
1052 1745
1053 1172
1053 1183
1053 1905
1053 1938
1054 1137
1054 1198
1054 1349
1054 1360
1054 1640
1054 1937
1055 1125
1055 1351
1056 1135
1056 1150
1056 1288
1056 1480
1056 1566
1056 1616
1056 1705
1056 1809
1056 1829
1057 1204
1058 1280
1058 1562
1058 1688
1058 1762
1058 1777
1059 1259
1059 1285
1059 1586
1060 1061
1060 1184
1061 1518
1061 1622
1062 1300
1062 1503
1062 1584
1062 1733
1062 1859
1063 1176
1063 1369
1063 1544
1063 1771
1063 1909
1063 1924
1064 1818
1064 1979
1065 1215
1066 1668
1066 1712
1066 1753
1066 1787
1066 1891
1066 1893
1066 1963
1066 1982
1067 1077
1067 1230
1067 1277
1067 1869
1067 1965
1068 1536
1068 1558
1068 1563
1068 1905
1068 1914
1069 1210
1069 1569
1069 1781
1069 1798
1070 1279
1070 1883
1071 1407
1071 1412
1071 1623
1071 1715
1071 1872
1071 1997
1072 1416
1072 1468
1072 1572
1072 1720
1072 1789
1072 1996
1073 1338
1073 1390
1073 1763
1074 1173
1074 1472
1074 1484
1074 1522
1074 1538
1075 1945
1076 1318
1076 1337
1076 1948
1077 1157
1077 1207
1077 1415
1077 1566
1077 1592
1077 1872
1077 1894
1077 1912
1078 1237
1078 1377
1078 1426
1079 1106
1079 1147
1079 1151
1080 1594
1080 1618
1080 1688
1080 1840
1080 1898
1081 1122
1081 1203
1081 1594
1081 1692
1081 1847
1082 1741
1083 1189
1083 1215
1083 1377
1083 1582
1083 1588
1083 1680
1083 1764
1083 1875
1083 1897
1084 1298
1084 1378
1084 1386
1084 1629
1085 1162
1085 1332
1085 1913
1086 1388
1086 1468
1086 1964
1087 1127
1087 1152
1087 1268
1087 1483
1087 1636
1087 1808
1087 1928
1088 1265
1088 1530
1088 1759
1088 1770
1088 1972
1089 1317
1089 1341
1089 1461
1089 1759
1090 1094
1090 1541
1090 1850
1090 1882
1091 1833
1092 1136
1092 1148
1092 1246
1092 1415
1092 1471
1092 1595
1092 1789
1092 1794
1092 1905
1093 1344
1093 1399
1093 1424
1093 1463
1093 1704
1093 1827
1093 1919
1093 1983
1094 1138
1094 1700
1094 1771
1094 1783
1094 1823
1094 1840
1094 1984
1095 1499
1095 1967
1096 1128
1096 1473
1096 1683
1096 1709
1097 1374
1097 1614
1098 1123
1098 1262
1098 1499
1098 1610
1098 1909
1099 1718
1099 1803
1100 1598
1100 1634
1100 1649
1100 1752
1100 1872
1100 1876
1100 1897
1101 1601
1101 1764
1101 1946
1101 1974
1102 1129
1102 1230
1102 1370
1102 1381
1102 1549
1102 1642
1102 1842
1103 1351
1103 1469
1103 1588
1104 1125
1104 1328
1104 1645
1104 1822
1104 1823
1104 1891
1105 1319
1105 1321
1105 1401
1105 1836
1105 1890
1106 1107
1106 1227
1106 1566
1106 1589
1106 1721
1107 1214
1107 1735
1107 1784
1108 1698
1108 1994
1109 1425
1109 1470
1109 1857
1110 1147
1110 1679
1110 1821
1111 1152
1111 1379
1111 1550
1111 1829
1111 1837
1112 1142
1112 1688
1112 1864
1113 1162
1113 1348
1113 1398
1113 1529
1113 1636
1113 1964
1114 1172
1114 1178
1114 1267
1114 1379
1114 1501
1114 1647
1114 1649
1114 1767
1115 1157
1115 1355
1115 1383
1115 1827
1115 1867
1116 1164
1116 1563
1117 1118
1117 1119
1117 1134
1117 1940
1118 1634
1118 1731
1118 1751
1119 1227
1119 1249
1120 1411
1120 1544
1120 1773
1121 1322
1121 1652
1121 1961
1122 1232
1122 1284
1122 1404
1122 1661
1122 1971
1122 1998
1123 1934
1123 1953
1124 1132
1124 1162
1124 1374
1124 1471
1124 1539
1124 1878
1125 1129
1125 1153
1125 1477
1126 1635
1126 1757
1126 1794
1126 1964
1127 1301
1127 1336
1127 1408
1127 1481
1127 1690
1128 1255
1128 1462
1128 1588
1128 1597
1128 1658
1128 1674
1128 1681
1128 1734
1128 1922
1128 1954
1129 1524
1129 1696
1130 1184
1130 1273
1130 1519
1130 1611
1130 1756
1130 1784
1130 1788
1131 1450
1131 1809
1132 1144
1132 1359
1132 1385
1132 1493
1132 1594
1132 1740
1133 1420
1133 1422
1134 1192
1134 1661
1134 1714
1134 1873
1135 1540
1135 1764
1135 1825
1135 1923
1136 1245
1136 1827
1137 1447
1137 1620
1137 1711
1137 1776
1137 1873
1137 1939
1138 1340
1138 1558
1138 1705
1138 1813
1138 1835
1139 1182
1139 1261
1139 1411
1139 1572
1139 1691
1139 1771
1139 1838
1139 1849
1139 1975
1140 1187
1140 1486
1140 1760
1141 1287
1141 1972
1142 1152
1142 1220
1142 1305
1142 1579
1143 1801
1144 1361
1144 1761
1144 1986
1145 1794
1145 1891
1146 1275
1146 1515
1146 1905
1147 1281
1147 1621
1147 1981
1148 1431
1148 1846
1149 1881
1151 1606
1152 1233
1152 1448
1152 1544
1153 1486
1153 1496
1153 1827
1153 1916
1154 1260
1154 1548
1155 1211
1155 1533
1155 1578
1155 1803
1155 1855
1155 1934
1156 1183
1156 1599
1156 1933
1157 1318
1157 1401
1157 1425
1157 1730
1157 1764
1157 1832
1157 1957
1158 1800
1159 1265
1159 1299
1159 1348
1159 1806
1160 1209
1160 1286
1161 1415
1161 1505
1161 1570
1161 1894
1161 1953
1162 1164
1162 1369
1162 1542
1162 1613
1162 1644
1163 1287
1163 1391
1163 1556
1164 1200
1164 1556
1165 1173
1165 1507
1165 1584
1165 1712
1165 1761
1165 1805
1165 1887
1165 1904
1166 1343
1166 1545
1166 1653
1166 1787
1166 1790
1166 1874
1167 1452
1167 1945
1167 1961
1168 1512
1169 1649
1169 1664
1169 1724
1170 1233
1170 1454
1170 1528
1170 1551
1170 1742
1170 1758
1171 1574
1171 1697
1171 1833
1171 1887
1172 1219
1172 1421
1172 1499
1172 1790
1173 1431
1173 1448
1173 1926
1174 1266
1174 1324
1174 1982
1175 1556
1175 1685
1175 1707
1175 1732
1175 1892
1176 1212
1176 1321
1176 1438
1176 1443
1176 1719
1176 1878
1177 1213
1177 1319
1177 1716
1177 1868
1177 1950
1178 1371
1178 1525
1178 1622
1178 1630
1179 1258
1179 1764
1180 1401
1180 1436
1180 1637
1180 1657
1180 1688
1180 1705
1180 1842
1181 1215
1181 1232
1181 1288
1181 1461
1181 1688
1182 1233
1182 1258
1182 1565
1182 1784
1183 1286
1183 1515
1183 1640
1183 1755
1183 1771
1184 1755
1185 1766
1186 1507
1186 1572
1186 1681
1187 1341
1187 1674
1187 1968
1188 1241
1188 1257
1188 1418
1188 1968
1189 1287
1189 1397
1190 1467
1190 1725
1190 1801
1190 1860
1191 1216
1191 1634
1192 1466
1192 1805
1193 1846
1193 1876
1193 1895
1194 1446
1194 1646
1195 1376
1195 1622
1195 1857
1196 1327
1196 1485
1196 1625
1197 1432
1197 1503
1197 1809
1197 1994
1199 1394
1199 1505
1200 1206
1200 1658
1201 1308
1201 1311
1201 1323
1201 1441
1201 1475
1201 1666
1201 1759
1201 1907
1201 1987
1202 1305
1202 1311
1202 1651
1202 1654
1202 1799
1203 1405
1203 1706
1203 1747
1203 1751
1203 1996
1204 1244
1204 1992
1205 1275
1205 1463
1205 1666
1205 1770
1205 1877
1205 1932
1206 1268
1206 1270
1207 1215
1207 1455
1207 1467
1207 1505
1207 1945
1208 1268
1208 1854
1208 1903
1208 2000
1209 1210
1209 1292
1209 1362
1210 1949
1211 1758
1211 1863
1212 1613
1212 1795
1213 1509
1213 1561
1213 1646
1213 1793
1214 1334
1214 1377
1214 1745
1214 1938
1214 1968
1215 1804
1215 1839
1215 1919
1215 1982
1216 1231
1216 1545
1216 1655
1216 1722
1216 1761
1216 1877
1216 1900
1216 1917
1218 1398
1218 1520
1218 1602
1218 1654
1219 1231
1219 1482
1219 1509
1219 1678
1219 1884
1220 1255
1220 1436
1220 1488
1220 1659
1220 1989
1221 1311
1221 1405
1221 1577
1221 1917
1222 1663
1222 1770
1223 1236
1223 1456
1223 1680
1224 1439
1224 1478
1224 1482
1224 1568
1224 1616
1224 1804
1224 1891
1225 1398
1225 1682
1226 1310
1226 1311
1226 1499
1226 1643
1226 1875
1226 1914
1226 1918
1227 1500
1227 1653
1227 1693
1227 1750
1227 1978
1228 1386
1228 1702
1228 1973
1229 1274
1229 1338
1229 1522
1229 1632
1229 1665
1229 1910
1230 1350
1230 1361
1230 1376
1230 1455
1230 1612
1230 1859
1231 1644
1231 1767
1232 1307
1232 1358
1232 1421
1232 1552
1232 1726
1232 1787
1232 1909
1233 1432
1234 1536
1234 1578
1234 1664
1235 1796
1236 1242
1236 1266
1236 1675
1236 1764
1236 1933
1237 1599
1237 1774
1237 1791
1237 1797
1238 1243
1238 1606
1238 1718
1238 1920
1238 1935
1239 1290
1239 1354
1239 1751
1239 1961
1240 1283
1240 1371
1240 1728
1240 1963
1241 1473
1241 1592
1241 1693
1241 1815
1241 1910
1242 1602
1242 1735
1242 1886
1244 1314
1244 1593
1245 1667
1245 1683
1245 1797
1246 1490
1246 1498
1246 1792
1246 1937
1247 1394
1247 1523
1247 1614
1247 1678
1247 1883
1247 1915
1248 1413
1248 1437
1248 1735
1249 1641
1249 1645
1249 1667
1249 1751
1250 1319
1250 1503
1250 1533
1250 1538
1250 1567
1251 1318
1251 1403
1251 1468
1251 1660
1252 1267
1252 1618
1253 1269
1253 1407
1253 1747
1253 1765
1254 1552
1254 1682
1255 1382
1255 1615
1255 1755
1255 1937
1256 1271
1256 1399
1256 1471
1256 1550
1257 1457
1258 1312
1258 1407
1258 1427
1258 1617
1258 1733
1258 1738
1258 1790
1258 1856
1259 1854
1259 1995
1260 1388
1260 1554
1260 1635
1260 1687
1260 1703
1260 1706
1260 1965
1261 1417
1261 1515
1261 1648
1261 2000
1262 1831
1262 1897
1262 1949
1263 1624
1263 1651
1263 1752
1263 1845
1264 1313
1264 1358
1264 1856
1265 1270
1265 1566
1265 1663
1265 1707
1266 1353
1266 1439
1266 1471
1267 1405
1267 1498
1267 1586
1267 1766
1267 1843
1268 1543
1269 1434
1269 1544
1269 1715
1270 1282
1270 1293
1270 1466
1270 1550
1270 1699
1271 1563
1271 1686
1272 1587
1272 1890
1272 1950
1273 1432
1273 1498
1273 1564
1273 1709
1273 1861
1273 1959
1274 1487
1274 1819
1275 1349
1275 1505
1275 1655
1275 1684
1276 1427
1276 1672
1276 1763
1277 1286
1277 1752
1278 1296
1278 1504
1278 1932
1278 1982
1279 1663
1279 1840
1279 1907
1280 1296
1280 1372
1280 1900
1281 1371
1281 1930
1281 1939
1282 1946
1283 1642
1283 1973
1283 1976
1283 1983
1284 1436
1284 1489
1284 1566
1284 1664
1284 1673
1284 1772
1284 1809
1284 1992
1285 1365
1285 1416
1285 1535
1285 1556
1285 1642
1285 1719
1286 1698
1286 1745
1286 1814
1286 1838
1286 1897
1287 1581
1287 1600
1287 1793
1287 1867
1287 1973
1288 1290
1288 1918
1289 1400
1289 1506
1289 1513
1289 1598
1289 1779
1289 1989
1290 1588
1290 1643
1290 1878
1290 1982
1291 1562
1291 1639
1291 1711
1291 1827
1292 1299
1292 1598
1292 1623
1293 1404
1293 1417
1293 1936
1293 1982
1294 1540
1294 1562
1294 1814
1295 1354
1295 1395
1295 1940
1295 1941
1296 1325
1296 1374
1296 1509
1296 1712
1296 1995
1297 1447
1298 1797
1299 1315
1299 1333
1299 1640
1299 1889
1300 1428
1300 1536
1300 1889
1301 1368
1302 1371
1302 1531
1302 1858
1302 1925
1303 1473
1303 1666
1303 1998
1304 1919
1305 1450
1305 1503
1305 1816
1306 1377
1306 1760
1306 1776
1307 1557
1307 1849
1307 1905
1307 1927
1307 1940
1308 1324
1308 1925
1309 1615
1309 1963
1310 1415
1310 1437
1310 1534
1310 1852
1311 1475
1311 1480
1311 1547
1311 1681
1311 1831
1311 1836
1311 1945
1312 1378
1312 1421
1312 1511
1312 1576
1312 1849
1313 1375
1313 1424
1313 1478
1313 1565
1313 1753
1313 1955
1314 1668
1314 1870
1315 1318
1315 1707
1315 1709
1315 1866
1315 1881
1315 1922
1316 1873
1316 1910
1317 1468
1317 1547
1317 1719
1317 1910
1318 1714
1318 1933
1318 1964
1318 1974
1319 1360
1319 1660
1319 1680
1320 1326
1320 1686
1321 1501
1321 1730
1321 1886
1322 1411
1322 1676
1322 1976
1323 1337
1323 1716
1324 1696
1325 1705
1325 1797
1326 1456
1326 1460
1326 1776
1326 1921
1326 1984
1326 1985
1327 1451
1327 1857
1328 1418
1328 1501
1328 1739
1329 1749
1329 1845
1330 1483
1330 1499
1330 1548
1330 1650
1331 1485
1331 1507
1331 1616
1331 1771
1332 1380
1332 1505
1332 1849
1333 1389
1334 1343
1334 1677
1334 1786
1335 1472
1335 1685
1335 1781
1335 1861
1336 1367
1336 1447
1336 1581
1336 1634
1336 1890
1336 1909
1337 1443
1338 1550
1338 1558
1338 1617
1338 1671
1338 1685
1339 1664
1340 1397
1341 1889
1341 1996
1342 1530
1343 1568
1343 1867
1343 1908
1344 1501
1344 1736
1344 1865
1344 1934
1345 1351
1345 1607
1345 1932
1346 1472
1346 1647
1346 1998
1347 1391
1347 1498
1347 1502
1347 1626
1347 1893
1347 1939
1347 1960
1348 1712
1349 1615
1350 1732
1350 1910
1351 1394
1351 1585
1351 1627
1351 1860
1351 1922
1353 1386
1353 1964
1354 1513
1354 1566
1354 1741
1354 1889
1354 1941
1355 1694
1355 1906
1356 1491
1356 1495
1356 1866
1356 1997
1357 1407
1357 1555
1357 1613
1357 1780
1358 1391
1358 1930
1359 1393
1359 1624
1359 1732
1359 1885
1360 1624
1361 1645
1361 1676
1361 1706
1361 1974
1362 1365
1362 1366
1362 1410
1362 1414
1362 1931
1362 1989
1363 1401
1363 1814
1363 1919
1364 1807
1364 1905
1365 1584
1365 1665
1365 1707
1365 1771
1365 1962
1366 1432
1366 1457
1366 1793
1366 1838
1366 1932
1367 1455
1367 1618
1367 1933
1367 1990
1368 1788
1368 1820
1369 1428
1369 1792
1370 1602
1370 1698
1370 1895
1370 1946
1371 1695
1371 1896
1372 1399
1372 1433
1372 1679
1372 1866
1373 1386
1373 1575
1373 1740
1374 1427
1374 1967
1375 1385
1375 1589
1375 1934
1375 1944
1377 1530
1377 1574
1378 1556
1378 1612
1379 1408
1379 1450
1379 1726
1380 1838
1380 1897
1381 1404
1381 1628
1381 1743
1381 1952
1382 1539
1382 1585
1382 1809
1382 1899
1382 1955
1383 1460
1383 1508
1383 1580
1383 1806
1383 1869
1384 1468
1384 1475
1384 1562
1384 1627
1384 1639
1384 1648
1385 1641
1385 1827
1386 1408
1386 1428
1386 1637
1386 1788
1386 1843
1386 1882
1387 1927
1388 1531
1388 1727
1388 1871
1389 1951
1389 2000
1390 1446
1390 1457
1390 1868
1391 1446
1391 1775
1392 1524
1392 1628
1392 1643
1392 1873
1393 1858
1393 1960
1394 1640
1394 1693
1394 1732
1395 1657
1396 1827
1397 1539
1397 1705
1399 1534
1399 1778
1400 1774
1400 1823
1400 1848
1401 1626
1401 1733
1401 1801
1401 1874
1402 1712
1403 1748
1403 1828
1403 1921
1403 1971
1403 1990
1404 1435
1405 1427
1405 1506
1405 1675
1406 1870
1407 1561
1407 1916
1409 1414
1409 1417
1409 1761
1409 1988
1410 1448
1410 1579
1410 1677
1410 1875
1410 1921
1411 1536
1411 1798
1412 1460
1412 1935
1412 1989
1413 1503
1413 1619
1414 1644
1415 1554
1416 1546
1416 1776
1416 1919
1417 1790
1417 1827
1417 1969
1418 1570
1418 1584
1418 1611
1418 1666
1419 1488
1419 1680
1419 1962
1420 1443
1420 1648
1420 1844
1421 1549
1422 1525
1422 1753
1423 1606
1423 1915
1424 1500
1424 1864
1424 1920
1425 1903
1426 1695
1426 1960
1427 1488
1427 1636
1427 1705
1427 1824
1428 1765
1429 1588
1429 1593
1429 1853
1430 1559
1430 1637
1431 1494
1431 1707
1431 1713
1431 1781
1432 1669
1433 1681
1433 1682
1433 1883
1433 1967
1434 1864
1434 1947
1435 1604
1436 1581
1436 1836
1436 1884
1436 1945
1437 1462
1437 1496
1437 1542
1437 1599
1438 1668
1438 1866
1438 1875
1438 1887
1438 1941
1439 1593
1439 1803
1440 1498
1440 1517
1440 1555
1440 1821
1441 1500
1441 1746
1441 1793
1441 1849
1441 1908
1442 1715
1442 1797
1443 1655
1443 1684
1443 1713
1443 1727
1444 1912
1445 1469
1445 1630
1445 1757
1445 1857
1445 1891
1445 1922
1445 1947
1446 1592
1446 1628
1446 1701
1446 1776
1446 1859
1447 1983
1447 1989
1449 1468
1449 1747
1449 1767
1450 1469
1450 1503
1450 1785
1450 1803
1450 1853
1450 1923
1451 1502
1451 1927
1452 1469
1452 1701
1452 1761
1453 1560
1453 1876
1454 1543
1454 1686
1454 1828
1455 1593
1456 1838
1456 1887
1457 1626
1457 1709
1457 1734
1458 1758
1458 1806
1458 1894
1459 1514
1459 1891
1460 1484
1461 1537
1462 1577
1463 1690
1463 1797
1464 1670
1464 1953
1465 1564
1465 1779
1466 1498
1466 1523
1466 1530
1466 1609
1466 1710
1466 1718
1466 1729
1467 1719
1467 1786
1468 1734
1468 1992
1470 1799
1470 1852
1470 1998
1471 1759
1471 1831
1471 1905
1471 1993
1472 1525
1472 1595
1472 1781
1473 1869
1473 1918
1474 1513
1474 1518
1475 1495
1475 1916
1475 2000
1476 1636
1476 1962
1477 1538
1477 1880
1478 1721
1478 1752
1478 1901
1478 1929
1481 1630
1482 1581
1482 1759
1482 1975
1484 1580
1484 1970
1486 1521
1486 1632
1486 1681
1486 1912
1486 1931
1487 1512
1487 1882
1488 1491
1488 1775
1488 1847
1488 1872
1489 1503
1489 1536
1489 1660
1489 1720
1490 1719
1490 1812
1490 1954
1491 1494
1492 1518
1492 1569
1493 1639
1493 1711
1493 1832
1494 1594
1494 1619
1494 1626
1494 1677
1494 1817
1495 1770
1496 1569
1497 1561
1497 1725
1497 1775
1498 1561
1498 1570
1498 1888
1499 1773
1500 1568
1500 1669
1501 1553
1501 1782
1501 1837
1502 1886
1503 1507
1503 1597
1504 1722
1504 1809
1504 1828
1504 1834
1505 1624
1505 1742
1506 1629
1507 1571
1507 1576
1507 1726
1508 1959
1509 1815
1510 1513
1510 1835
1510 1947
1512 1532
1512 1583
1512 1830
1513 1633
1513 1869
1514 1923
1515 1791
1515 1995
1516 1628
1516 1786
1516 1986
1517 1760
1517 1936
1518 1783
1519 1979
1520 1621
1520 1681
1520 1754
1521 1953
1521 1954
1522 1624
1523 1656
1524 1988
1525 1697
1525 1726
1525 1728
1526 1562
1526 1958
1526 1961
1527 1904
1527 1937
1527 1956
1528 1856
1529 1704
1529 1925
1529 1994
1530 1541
1530 1542
1530 1588
1530 1681
1530 1822
1530 1849
1531 1704
1532 1886
1533 1560
1533 1584
1533 1665
1533 1773
1534 1597
1534 1654
1534 1726
1534 1954
1535 1545
1537 1665
1537 1672
1537 1730
1537 1817
1538 1698
1538 1727
1538 1748
1538 1834
1538 1867
1539 1728
1539 1871
1540 1914
1541 1556
1541 1607
1541 1634
1541 1751
1541 1880
1542 1762
1542 1994
1543 1600
1543 1798
1543 1897
1544 1787
1544 1837
1545 1688
1546 1812
1546 1833
1547 1578
1548 1556
1548 1695
1549 1832
1549 1911
1551 1614
1551 1749
1552 1801
1553 1753
1553 1843
1553 1855
1553 1857
1554 1901
1555 1736
1555 1783
1557 1593
1557 1764
1558 1661
1558 1726
1559 1751
1560 1782
1560 1906
1561 1841
1562 1625
1562 1956
1563 1641
1563 1798
1563 1999
1564 1969
1565 1613
1565 1751
1565 1765
1565 1911
1566 1600
1566 1721
1566 1735
1567 1626
1567 1645
1567 1669
1567 1687
1567 1725
1568 1911
1569 1941
1570 1598
1570 1780
1570 1920
1570 1930
1571 1815
1572 1825
1572 1876
1572 1878
1573 1592
1573 1683
1573 1745
1574 1668
1574 1811
1574 1815
1574 1924
1575 1648
1575 1799
1575 1837
1575 1887
1575 1977
1576 1701
1576 1883
1577 1673
1578 1608
1578 1723
1578 1729
1578 1860
1579 1687
1580 1773
1580 1892
1581 1646
1583 1619
1583 1656
1583 1672
1583 1683
1584 1761
1585 1902
1586 1658
1587 1743
1588 1768
1588 1834
1589 1782
1590 1644
1590 1759
1590 1871
1591 1771
1591 1773
1592 1733
1592 1755
1592 1765
1592 1823
1592 1868
1592 1968
1593 1719
1593 1772
1593 1800
1593 1977
1594 1940
1596 1644
1596 1649
1596 1665
1597 1643
1597 1901
1597 1935
1598 1822
1598 1969
1599 1653
1599 1996
1600 1717
1600 1849
1602 1613
1602 1655
1602 1719
1602 1803
1602 1907
1603 1677
1603 1983
1604 1781
1604 1899
1604 1968
1605 1654
1606 1939
1607 1645
1607 1848
1608 1791
1610 1710
1610 1800
1610 1807
1611 1620
1611 1712
1612 1624
1612 1659
1612 1833
1612 1926
1613 1654
1613 1671
1613 1782
1613 1983
1615 1770
1616 1722
1616 1891
1616 1946
1618 1716
1618 1783
1619 1640
1619 1911
1620 1839
1621 1625
1621 1724
1621 1776
1621 1917
1622 1733
1622 1747
1623 1624
1624 1798
1625 1712
1625 1761
1625 1779
1625 1947
1626 1931
1626 1936
1628 1917
1628 1960
1628 1992
1629 1784
1629 1854
1629 1998
1630 1831
1630 1911
1631 1633
1631 1932
1632 1711
1632 1873
1632 1949
1634 1839
1636 1838
1637 1892
1639 1950
1640 1931
1641 1665
1641 1737
1641 1863
1641 1881
1641 1933
1642 1707
1642 1778
1643 1654
1643 1687
1643 1856
1643 1883
1644 1746
1644 1866
1644 1937
1645 1908
1645 1983
1647 1801
1647 1884
1647 1992
1648 1797
1648 1926
1649 1931
1650 1757
1650 1785
1650 1993
1651 1836
1651 1899
1652 1694
1652 1888
1654 1905
1654 1908
1654 1999
1655 1679
1655 1888
1655 1992
1656 1843
1656 1899
1657 1703
1658 1749
1658 1821
1658 1899
1659 1825
1659 1948
1660 1876
1661 1692
1661 1694
1661 1818
1661 1960
1662 1902
1662 1967
1663 1763
1668 1791
1669 1911
1669 1977
1670 1770
1670 1868
1670 1897
1671 1783
1672 1748
1672 1784
1672 1799
1672 1844
1672 1929
1673 1788
1675 1812
1675 1847
1675 1985
1676 1817
1676 1823
1679 1958
1681 1712
1681 1817
1681 1885
1682 1879
1683 1999
1684 1791
1684 1975
1685 1799
1685 1840
1685 1852
1685 1992
1686 1756
1686 1763
1686 1838
1688 1726
1689 1725
1690 1699
1690 1762
1690 1906
1690 1937
1691 1860
1692 1810
1693 1817
1694 1774
1694 1955
1695 1880
1695 1940
1695 1993
1696 1831
1697 1780
1697 1954
1698 1734
1698 1753
1698 1972
1699 1806
1699 1812
1700 1737
1700 1848
1701 1718
1701 1851
1702 1826
1702 1947
1703 1756
1704 1845
1705 1892
1705 1908
1706 1730
1706 1991
1707 1988
1708 1877
1708 1892
1709 1869
1710 1862
1710 1899
1711 1729
1711 1994
1713 1943
1714 1888
1714 1963
1715 1785
1716 1921
1717 1978
1718 1764
1718 1908
1718 1951
1719 1732
1720 1800
1720 1834
1720 1939
1720 1954
1721 1727
1723 1838
1724 1841
1725 1744
1725 1905
1726 1793
1726 1877
1726 1900
1726 1925
1727 1738
1727 1843
1727 1873
1727 1965
1728 1822
1728 1975
1729 1919
1731 1792
1731 1965
1733 1794
1734 1811
1734 1963
1736 1788
1738 1742
1738 1750
1738 1791
1738 1822
1738 1953
1739 1887
1739 1909
1740 1795
1741 1852
1742 1774
1742 1850
1744 1901
1745 1803
1745 1852
1745 1978
1746 1783
1746 1839
1747 1766
1748 1797
1748 1800
1748 1877
1749 1985
1750 1786
1753 1773
1753 1874
1754 1903
1755 1800
1755 1890
1756 1983
1759 1891
1759 1934
1759 1937
1760 1981
1761 1772
1761 1962
1764 1820
1764 1821
1764 1940
1765 1848
1765 1993
1766 1794
1767 1803
1768 1800
1770 1893
1771 1807
1772 1827
1772 1933
1773 1887
1773 1933
1775 1805
1775 1825
1776 1818
1776 1857
1776 1964
1777 1832
1778 1846
1778 1911
1780 1878
1781 1952
1782 1791
1782 1923
1784 1887
1784 1967
1784 1970
1785 1965
1787 1804
1788 1823
1793 1821
1795 1808
1795 1863
1797 1954
1800 1952
1801 1972
1802 1911
1806 1939
1806 1974
1807 1912
1809 1985
1811 1839
1813 1861
1813 1942
1813 1963
1814 1865
1814 1869
1819 1943
1820 1967
1823 1957
1824 1867
1825 1902
1825 1923
1827 1974
1828 1985
1832 1852
1834 1857
1834 1984
1835 1867
1835 1942
1836 1892
1837 1926
1839 1980
1840 1847
1840 1958
1840 1986
1843 1875
1845 1948
1847 1927
1850 1890
1851 1892
1852 1965
1853 1886
1853 1928
1853 1978
1854 1874
1854 1923
1856 1973
1857 1894
1858 1912
1858 1969
1862 1921
1863 1886
1864 1882
1864 1926
1867 1981
1868 1876
1869 1977
1870 1927
1870 1979
1875 1876
1876 1914
1880 1911
1882 1966
1883 1887
1883 1914
1884 1888
1884 1918
1890 1913
1891 1976
1892 1957
1896 1963
1899 1926
1901 1973
1902 1962
1904 1988
1911 1948
1911 1965
1916 1949
1919 1946
1921 1992
1922 1958
1925 1970
1929 1946
1930 1984
1932 1993
1936 1990
1937 1961
1940 1953
1948 1970
1951 2000
1954 1955
1954 1958
1958 1991
1963 1980
1972 1993
1974 1989
1981 1992
1982 1998