2000
1 246
1 676
1 746
1 1230
1 1271
1 1690
2 75
2 155
2 539
2 661
2 715
2 908
2 947
2 1469
2 1937
2 1992
3 504
3 933
3 1112
3 1326
4 396
4 1010
4 1013
4 1108
4 1209
4 1217
4 1448
4 1672
4 1982
5 586
5 727
5 1113
5 1226
5 1941
6 43
6 794
6 1379
6 1516
6 1654
6 1840
7 1160
7 1575
7 1603
7 1607
8 638
8 1189
9 552
9 1554
10 425
10 660
10 790
10 829
10 1754
11 212
11 416
11 1055
11 1589
11 1818
11 1870
12 98
12 251
12 456
12 517
12 556
12 935
12 1374
12 1986
13 216
13 431
13 808
13 853
13 1356
13 1375
13 1789
14 84
14 1746
14 1822
15 188
15 659
15 1015
15 1057
15 1158
15 1641
15 1668
15 1764
16 38
16 250
16 325
16 363
16 958
16 1223
16 1492
17 932
17 1363
18 1115
18 1372
18 1631
19 1182
19 1677
19 1821
20 280
20 325
20 641
20 1679
20 1868
21 396
21 463
21 782
21 784
22 50
22 505
22 626
22 1009
22 1021
22 1303
22 1338
22 1447
22 1490
22 1614
22 1619
22 1728
22 1768
22 1839
23 1215
23 1487
23 1866
24 329
24 953
24 1356
24 1905
25 89
25 174
25 282
25 1073
25 1936
26 83
26 703
26 759
26 932
26 1493
26 1521
27 830
27 988
27 1844
27 1858
27 1970
27 1995
28 146
28 231
28 302
28 505
28 623
28 833
28 865
28 1279
29 618
29 750
29 939
29 1039
29 1394
29 1998
30 271
30 1869
31 307
31 812
31 1330
31 1690
31 1963
32 292
32 463
32 468
32 641
32 1090
32 1974
33 119
33 709
33 846
33 975
33 1291
33 1578
33 1791
33 1909
33 1931
34 1107
34 1257
34 1507
35 516
35 1252
35 1284
35 1459
35 1965
36 356
36 582
36 887
36 1048
36 1073
36 1370
37 82
37 414
37 1041
37 1438
38 320
38 398
38 629
38 1183
39 967
39 1198
39 1604
39 1847
39 1933
40 68
40 687
40 698
40 959
40 1053
40 1746
41 316
41 677
41 885
41 1001
41 1206
41 1452
42 725
42 759
42 1294
42 1519
43 1375
43 1453
43 1517
43 1732
43 1887
44 208
44 214
44 367
44 489
44 870
44 947
44 1893
44 1969
45 415
45 925
45 973
45 1094
45 1429
46 202
46 817
46 852
46 876
46 954
47 266
47 534
47 1595
48 1167
48 1807
49 818
50 468
50 522
50 544
50 584
50 1121
50 1222
51 340
51 852
51 1299
51 1451
51 1598
51 1831
52 164
52 1413
52 1754
53 54
53 317
53 860
53 1524
53 1586
54 286
54 737
55 529
55 1449
55 1905
56 256
56 297
56 549
56 1827
57 288
57 500
57 848
58 1019
58 1022
58 1281
58 1585
59 293
59 338
59 1314
59 1877
60 425
60 516
60 728
60 749
60 1181
60 1866
60 1871
60 1957
61 638
61 1557
62 434
63 104
63 324
63 467
63 568
63 665
63 751
63 956
63 1053
63 1456
63 1603
63 1821
63 1982
64 139
64 977
65 126
65 334
65 420
65 697
65 727
65 742
65 854
65 1524
65 1606
66 890
66 985
66 1462
67 721
67 1266
67 1348
68 83
68 165
68 227
68 448
68 512
68 1396
69 599
69 795
70 598
70 658
70 672
70 682
70 827
70 1002
70 1750
70 1889
72 943
72 1143
72 1177
72 1827
73 1105
73 1298
73 1486
73 1765
73 1837
74 450
74 1918
74 1970
75 177
75 210
75 611
75 1549
75 1775
76 141
76 892
76 1080
76 1190
76 1731
77 549
77 947
77 1052
77 1284
77 1395
77 1881
78 1275
78 1431
79 436
79 464
79 670
79 806
79 1348
79 1852
80 205
80 1502
80 1681
80 1916
80 1973
81 102
81 830
81 1182
81 1195
81 1289
81 1547
81 1740
81 1764
82 709
82 730
82 798
82 1081
82 1795
82 1857
83 224
83 392
83 442
83 1720
84 384
84 918
84 1083
84 1516
84 1847
85 792
85 1220
85 1363
85 1542
86 1275
86 1837
86 1850
87 848
87 1404
87 1503
87 1619
87 1905
88 665
88 935
88 1112
88 1633
89 257
89 605
89 692
89 1965
90 222
90 617
90 846
90 879
90 1021
90 1498
90 1890
91 577
91 581
91 1911
92 664
92 711
92 1719
92 1998
93 120
93 359
93 1147
94 507
94 881
94 1946
95 851
95 1237
95 1297
95 1680
95 1737
96 107
96 1618
97 903
97 1830
98 170
98 262
98 420
98 755
98 757
98 823
98 1176
98 1724
98 1982
100 993
100 1107
101 121
101 663
101 1334
101 1908
102 135
102 1144
102 1836
103 107
103 596
103 1067
103 1609
104 613
104 1121
104 1583
105 233
105 899
105 1718
106 738
106 1283
106 1738
107 472
107 1701
107 1818
107 1845
108 750
108 1117
109 568
109 983
109 1180
109 1276
110 973
110 1301
110 1367
110 1514
110 1889
111 172
111 460
111 1010
112 1244
112 1334
113 262
113 725
113 1678
114 1429
114 1520
115 466
115 889
115 1000
115 1755
116 123
116 464
116 580
116 990
116 1340
116 1565
117 660
118 1206
118 1394
118 1506
118 1846
119 659
119 1059
119 1074
119 1475
119 1577
120 657
120 753
120 909
120 1173
120 1246
120 1271
120 1413
120 1504
120 1582
122 569
122 678
122 1749
122 1981
123 454
123 737
123 1428
123 1989
124 237
124 258
124 394
124 1094
124 1114
124 1790
125 636
125 1171
125 1537
125 1815
126 705
126 1070
126 1604
127 177
127 429
127 534
127 1315
127 1524
127 1882
128 593
128 1597
128 1628
129 423
129 565
129 691
129 820
129 1819
130 520
130 668
131 185
131 1169
131 1328
131 1582
131 1863
132 239
132 467
132 720
132 979
132 1568
132 1908
133 556
133 990
133 1483
133 1962
133 1990
134 1844
134 1918
135 893
135 960
135 993
135 1463
136 719
136 724
136 738
136 813
136 1020
136 1667
136 1892
137 235
137 1204
137 1722
138 584
138 967
138 1941
139 266
139 958
139 1778
140 407
140 491
140 631
140 648
140 1006
140 1029
140 1081
140 1754
140 1830
141 275
141 425
141 731
141 1317
141 1676
142 459
142 1262
142 1921
143 1707
143 1923
143 1968
144 1402
144 1699
145 203
145 678
145 862
145 901
145 1235
145 1328
146 505
146 1357
146 1597
146 1998
147 1276
147 1834
148 320
148 579
148 648
148 1324
148 1540
148 1631
149 921
149 1065
149 1137
149 1717
149 1770
150 208
150 470
150 543
150 1110
150 1169
150 1193
150 1911
151 341
151 609
151 853
151 1270
152 447
152 930
152 938
152 1139
152 1367
153 1028
153 1567
153 1715
153 1798
154 308
154 318
154 432
154 535
154 657
154 920
154 1115
154 1226
154 1378
155 227
155 286
155 387
155 1369
156 1232
156 1350
156 1633
157 621
157 1536
157 1610
157 1906
158 593
158 789
158 1220
159 1726
159 1836
160 1045
160 1856
161 756
161 890
161 1670
162 721
163 446
163 1821
164 218
164 588
164 857
164 1919
165 778
165 1054
165 1104
165 1234
166 253
166 374
166 584
166 591
166 1190
166 1863
166 2000
167 568
167 763
167 992
167 1024
167 1045
167 1527
167 1585
168 395
168 1023
168 1463
168 1578
168 1858
169 390
169 1720
169 1965
170 1004
170 1166
170 1385
170 1568
170 1841
171 1531
171 1549
172 286
172 1381
173 939
173 1278
173 1704
174 556
174 603
175 310
175 339
175 737
175 975
175 976
175 1036
175 1359
175 1395
176 378
176 1547
177 531
177 692
177 1129
177 1167
177 1415
178 1297
179 1373
180 1143
180 1247
180 1298
180 1379
180 1701
180 1716
180 1930
182 264
182 579
182 651
182 838
182 1568
182 1826
182 1848
182 1849
182 1953
183 368
184 697
184 860
185 369
185 841
185 1128
185 1396
185 1465
186 780
186 1296
187 302
187 360
187 467
187 1132
188 275
189 358
190 455
190 539
190 1463
190 1930
191 209
191 508
191 1051
191 1159
191 1403
191 1459
191 1699
191 1715
193 204
193 258
193 888
193 1288
193 1642
193 1781
194 1078
194 1305
194 1580
195 428
195 443
195 608
195 694
195 1198
195 1482
195 1700
195 1721
195 1845
195 1865
195 1983
196 309
196 988
196 1661
196 1752
196 1903
196 1918
196 1943
197 700
197 777
197 1186
198 515
198 788
198 1037
198 1095
198 1443
198 1529
199 651
200 583
200 1210
200 1278
200 1446
201 621
201 1096
201 1560
201 1779
201 1862
201 1920
202 1055
202 1122
202 1875
203 277
203 849
203 1553
203 1656
204 225
204 657
204 775
204 874
204 888
205 316
205 373
205 758
205 1147
205 1757
206 1408
207 523
207 1043
207 1098
207 1389
207 1548
207 1688
207 1715
207 1804
208 250
208 1413
208 1704
208 1881
208 1890
208 1946
209 506
209 1116
209 1281
209 1283
210 216
210 885
210 1191
210 1757
210 1829
211 428
211 1602
212 305
212 863
212 1069
213 508
213 1160
213 1236
213 1277
213 1321
213 1510
213 1544
213 1832
214 1266
214 1604
214 1625
214 1849
215 249
215 830
215 933
215 1122
215 1792
216 842
216 1194
216 1287
216 1578
216 1972
217 1516
217 1702
217 1823
218 291
218 938
218 1432
218 1820
219 931
219 1241
219 1827
220 431
220 896
220 1017
220 1207
220 1337
220 1561
220 1772
220 1989
221 288
221 528
221 976
221 1395
222 466
222 659
222 843
223 572
223 715
223 847
223 904
223 917
223 1398
223 1473
223 1712
224 659
224 732
224 734
224 1172
225 321
225 938
226 1266
226 1512
226 1516
227 397
227 1094
227 1487
228 250
228 772
228 1582
228 1847
228 1944
229 1125
229 1271
229 1654
230 1796
230 1950
231 450
231 526
231 827
231 1204
231 1258
231 1368
231 1602
232 313
232 470
232 737
232 830
233 1997
234 794
234 1242
234 1443
234 1677
234 1848
235 249
235 1433
235 1759
236 816
236 964
236 1176
236 1385
236 1818
237 292
237 756
237 990
237 1276
237 1372
237 1686
238 330
238 741
238 949
238 1799
239 1215
239 1384
239 1560
239 1576
240 494
240 1132
240 1476
240 1529
240 1711
240 1857
241 437
241 723
241 838
241 866
241 1297
241 1325
242 291
242 399
242 892
242 1128
242 1647
242 1893
242 1949
242 1952
243 731
243 1030
243 1583
243 1946
244 580
244 757
244 911
244 1294
245 1353
245 1907
246 268
246 390
246 403
246 1451
246 1892
246 1950
247 960
247 1880
247 1936
248 464
248 647
248 704
248 1109
248 1378
248 1384
249 338
249 401
249 837
249 1119
249 1790
250 283
250 385
250 628
250 887
250 970
250 1931
251 851
251 1492
251 1806
251 1852
252 470
252 887
252 1014
252 1543
252 1552
252 1708
253 514
253 543
253 777
253 890
253 903
253 933
253 999
253 1025
253 1153
253 1561
254 290
255 293
255 581
255 620
255 725
255 1012
255 1259
255 1640
255 1913
255 1971
256 310
256 704
256 976
256 1019
256 1165
256 1180
256 1553
257 638
257 1717
257 1943
258 296
258 365
258 533
258 956
258 1349
258 1362
258 1534
258 1929
258 1972
259 261
259 1129
259 1951
260 315
260 341
260 586
260 1596
261 490
261 1023
262 355
262 500
262 1603
262 1955
263 574
263 877
263 1000
263 1084
263 1434
264 653
264 1212
265 408
265 722
265 1084
265 1680
266 1576
266 1667
266 1964
267 280
267 841
267 1580
267 1873
269 762
269 1234
269 1940
270 644
271 518
271 611
271 875
271 1773
272 629
272 974
272 1278
273 599
273 1113
273 1122
274 282
274 307
274 524
274 812
275 985
275 1063
275 1766
275 1829
275 1907
276 562
276 786
276 885
277 301
277 896
277 1048
277 1321
277 1474
277 1597
277 1995
278 491
278 943
278 1697
278 1917
279 409
279 1054
279 1363
279 1366
280 704
280 822
281 992
281 1150
281 1196
282 1666
283 897
284 400
284 505
284 1262
284 1538
284 1870
285 406
285 473
285 1156
285 1270
285 1698
285 1869
286 882
286 1164
286 1999
287 564
287 711
287 1072
287 1166
288 1753
288 1766
289 1221
289 1224
289 1411
289 1809
290 588
290 1004
290 1229
290 1342
290 1489
290 1638
291 733
291 777
291 1605
292 395
292 673
292 1254
292 1525
292 1874
292 1992
293 616
293 1047
293 1868
294 1053
294 1309
294 1457
294 1514
294 1537
295 1949
296 474
296 1020
296 1795
296 1956
297 343
297 632
297 633
297 662
297 823
297 1748
298 375
298 488
298 831
298 1339
298 1419
299 318
299 590
299 758
299 848
299 1255
299 1543
299 1903
299 1917
300 359
300 944
300 1684
301 661
301 669
301 1085
301 1403
302 823
302 1629
302 1733
302 1893
303 701
303 966
303 1354
303 1669
304 1014
304 1254
304 1382
304 1696
305 998
305 1005
305 1266
305 1711
305 1780
305 1990
306 487
306 684
306 1105
306 1318
306 1619
307 393
307 636
307 720
307 935
307 986
309 525
309 618
309 777
309 1526
309 1527
309 1635
309 1900
309 1907
310 446
310 454
310 607
310 655
310 784
310 1489
311 393
311 1113
311 1322
311 1346
312 461
312 1051
312 1297
312 1628
313 1509
314 424
314 456
314 556
314 1021
315 330
315 374
315 998
315 1441
315 1759
316 351
316 720
316 780
316 973
316 1562
317 467
317 1229
317 1578
317 1741
318 1123
318 1620
319 388
319 989
319 1877
320 623
320 713
320 1138
320 1305
320 1442
320 1486
320 1584
320 1621
321 530
321 1878
323 755
323 1045
324 757
324 1384
324 1800
325 528
325 880
325 1719
325 1740
325 1781
325 1886
325 1963
326 379
326 532
326 548
326 1413
326 1633
326 1926
326 1994
327 827
327 1110
327 1484
327 1716
327 1764
327 1783
327 1826
328 539
328 1106
329 361
329 394
329 1774
330 397
330 769
330 1265
331 509
331 1487
331 1860
332 509
332 850
332 1178
332 1336
333 1824
334 535
334 957
334 1139
334 1164
335 670
335 945
335 1380
335 1401
336 1329
336 1623
336 1672
336 1804
337 1126
337 1256
337 1499
337 1506
337 1863
338 1250
339 596
339 962
339 1271
339 1529
339 1534
339 1640
340 622
340 1165
340 1455
340 1539
341 383
341 585
341 1041
341 1394
341 1629
341 1742
342 890
342 1269
342 1597
343 356
343 738
343 1681
343 1904
345 850
345 1067
345 1517
345 1844
346 1504
346 1641
347 1359
348 376
348 1193
348 1551
349 955
349 1457
349 1570
349 1679
349 1703
349 1729
350 1346
350 1434
350 1498
350 1750
351 546
351 831
351 1133
351 1249
351 1702
351 1726
352 411
352 475
352 966
352 1346
353 621
353 1495
353 1620
353 1925
353 1938
354 1354
354 1651
354 1667
354 1731
355 729
355 1432
356 1868
356 1903
356 1914
357 580
357 1111
358 1219
358 1233
358 2000
359 462
359 735
359 1642
359 1708
360 417
360 839
360 1783
361 1861
362 620
362 1001
362 1229
362 1852
363 415
363 443
363 721
363 1743
364 518
364 673
364 968
364 1304
364 1561
364 1919
365 708
366 913
366 1060
366 1240
366 1299
367 422
367 723
367 1311
368 627
368 737
369 430
369 743
369 1143
369 1970
370 657
370 952
370 1449
370 1925
371 485
371 594
371 617
371 633
371 1742
372 530
372 1443
373 581
373 1123
373 1560
373 1989
374 694
374 905
374 1110
374 1528
375 701
375 1058
375 1450
376 381
376 410
376 421
376 1974
377 768
377 831
377 884
377 987
377 1057
377 1450
378 426
378 534
378 682
378 1693
379 396
379 821
379 1180
379 1550
379 1708
380 594
380 734
380 1782
380 1798
381 933
381 1313
381 1328
381 1819
382 991
382 1153
382 1563
382 1567
383 590
383 1197
383 1212
384 411
384 1316
385 722
385 1824
385 1838
386 614
386 621
386 708
386 922
386 1524
387 855
387 977
387 1238
387 1867
389 594
389 1822
390 510
390 1173
390 1493
390 1598
390 1687
390 1912
390 1920
391 467
391 1142
391 1577
392 1051
392 1858
393 432
393 644
393 1495
393 1695
394 406
395 594
395 686
395 1935
396 614
396 675
396 859
396 1015
396 1600
396 1628
396 1772
397 536
397 729
397 781
397 847
397 879
397 1106
397 1220
397 1524
397 1719
398 1206
399 1181
399 1770
400 1258
401 1457
401 1487
402 523
402 590
402 611
402 763
402 1195
402 1705
402 1842
402 1944
403 613
403 882
403 1771
403 1804
403 1833
404 539
404 792
404 1947
405 629
405 1544
406 526
406 692
406 1127
406 1363
406 1684
407 423
407 1678
407 1721
408 782
408 1421
408 1714
409 609
409 1155
409 1628
409 1642
409 1680
409 1882
410 499
410 644
410 1102
410 1307
410 1491
410 1995
411 548
411 887
411 1306
411 1527
412 472
412 704
412 948
412 1754
413 652
413 1234
413 1595
413 1695
414 673
414 1112
414 1421
414 1516
414 1851
415 1267
415 1506
415 1762
415 1836
416 459
416 1469
418 681
418 1090
418 1387
418 1640
419 474
419 985
419 1460
419 1543
419 1874
420 716
420 743
420 1201
420 1480
420 1598
420 1896
421 447
421 1370
421 1575
421 1667
422 660
422 1231
422 1950
423 481
423 584
423 796
423 1259
423 1412
424 707
424 1023
424 1052
424 1442
424 1495
425 531
425 829
425 1605
425 1952
427 696
427 1379
427 1591
427 1773
427 1938
428 1438
429 787
429 1407
429 1766
429 1941
430 549
430 985
430 1140
430 1396
430 1633
430 1662
430 1967
431 1086
431 1519
431 1854
432 839
432 878
432 909
432 1815
432 1872
433 770
433 1217
433 1258
433 1924
434 845
434 1117
434 1918
435 598
435 1284
435 1686
435 1844
435 1858
435 1930
435 1975
435 1997
436 874
436 1246
436 1978
437 509
437 1026
438 809
438 1005
438 1257
438 1853
439 484
439 716
439 801
439 1252
439 1777
440 735
440 985
440 1081
440 1214
440 1365
440 1871
441 1185
441 1274
441 1741
442 786
442 1410
442 1634
443 1539
444 1875
445 515
445 1813
446 469
446 1130
446 1936
447 1025
448 835
448 1188
448 1626
448 1680
449 678
449 682
449 1142
449 1242
449 1670
449 1998
450 457
450 487
450 636
450 1242
450 1877
451 768
451 858
451 1390
451 1414
451 1557
451 1976
452 675
452 1431
452 1920
453 641
453 1354
454 775
454 1207
454 1295
454 1649
455 1189
455 1269
455 1343
456 671
456 1091
456 1273
456 1403
456 1535
456 1615
456 1726
456 1941
457 1302
457 1345
457 1414
457 1772
458 578
459 716
459 958
459 997
459 1470
460 1246
460 1433
460 1802
461 497
462 1501
463 1282
463 1467
464 977
464 1126
464 1860
464 1900
464 1908
465 874
465 1427
466 995
466 1794
466 1907
466 1927
467 633
467 1383
467 1834
467 1842
468 513
468 749
468 852
468 880
468 1266
469 1152
469 1751
469 1887
470 741
470 904
470 928
470 1663
471 682
471 690
472 865
472 1407
472 1413
473 1036
473 1914
473 1963
474 698
475 622
475 1150
475 1371
475 1871
476 816
476 876
476 925
476 1247
476 1395
476 1615
477 788
477 1294
477 1607
477 1946
478 785
478 1259
478 1461
478 1510
478 1873
479 1180
479 1462
480 1809
481 1027
481 1769
482 520
482 578
482 642
482 659
482 736
482 851
482 1128
483 686
483 688
483 1336
483 1409
484 659
484 727
484 1359
485 1690
486 1121
487 553
487 656
487 806
487 946
487 1024
487 1546
487 1606
487 1982
488 786
488 1515
488 1684
488 1789
489 506
489 544
489 634
489 655
489 1938
490 1454
490 1492
490 1605
491 1034
491 1058
491 1758
492 1314
492 1552
493 1378
494 1142
494 1193
494 1466
494 1922
495 741
495 1078
495 1150
495 1175
495 1676
495 1741
495 1887
495 1906
496 632
496 676
496 1052
496 1358
496 1888
498 715
498 1708
498 1809
499 685
499 713
499 908
499 1329
499 1813
499 1946
500 944
501 616
501 638
501 767
501 819
501 890
501 1356
503 1248
504 529
504 756
505 684
505 920
505 1843
506 927
506 1066
507 1000
507 1732
507 1742
508 811
508 1162
509 1600
510 1012
510 1242
510 1261
510 1386
510 1462
510 1932
511 725
511 838
511 1114
512 830
512 1137
513 647
513 1143
513 1423
513 1571
514 639
514 1160
514 1200
515 620
515 796
515 1122
515 1153
515 1314
515 1794
515 1801
516 706
516 849
516 1223
516 1799
517 1195
517 1373
517 1378
517 1665
518 546
518 579
518 1247
519 537
519 544
519 992
519 1310
519 1685
519 1911
519 1949
520 681
520 833
521 531
521 1381
521 1672
521 1753
522 577
523 1030
523 1713
523 1839
524 1884
525 695
525 711
525 718
525 736
525 923
525 1066
525 1400
526 1559
528 623
528 1145
528 1169
529 1097
530 741
530 1113
530 1699
531 535
532 1173
532 1812
532 1907
533 1414
533 1954
534 789
534 1049
534 1063
534 1102
534 1786
534 1837
535 813
535 1609
536 1029
536 1514
537 768
537 838
537 1065
537 1421
537 1627
537 1703
537 1792
538 1253
538 1507
538 1696
539 669
540 1119
540 1134
540 1135
540 1239
540 1521
541 605
541 874
542 931
542 1023
542 1284
542 1472
543 1200
543 1220
544 911
544 913
544 1874
545 571
545 736
545 840
545 1046
545 1219
545 1368
545 1552
547 755
547 961
547 1129
548 1182
549 626
549 1044
549 1426
550 663
550 678
550 851
550 1032
550 1606
550 1720
551 657
551 1534
551 1735
552 1595
553 1612
554 1917
555 740
555 829
555 1057
555 1240
555 1269
555 1338
555 1644
556 897
556 952
556 1423
557 1442
557 1627
557 1693
557 1800
557 1966
558 1477
558 1721
559 1332
559 1766
560 854
561 773
561 1221
561 1363
561 1398
562 1865
563 637
563 911
564 840
564 867
564 1217
564 1847
565 985
565 1127
565 1833
566 716
566 1300
566 1327
566 1608
566 1756
566 1795
566 1886
567 760
567 816
567 1305
567 1309
567 1370
567 1892
568 1545
568 1598
569 1470
570 1509
570 1538
571 1216
571 1692
572 786
572 1344
572 1714
574 794
574 1035
574 1108
574 1304
574 1791
575 1629
576 1742
576 1772
577 670
577 683
577 1304
577 1390
577 1948
578 912
578 980
578 1106
578 1778
578 1905
578 1915
579 864
581 1426
581 1665
582 1450
583 610
583 667
583 806
583 1123
583 1603
584 1567
584 1685
585 591
585 758
585 1459
585 1968
586 936
586 1225
586 1567
586 1822
587 1134
587 1286
587 1325
587 1732
588 1501
588 1888
589 1883
590 622
590 891
590 1023
590 1041
590 1302
590 1531
590 1680
590 1903
591 626
591 646
591 704
591 740
591 1298
591 1989
592 757
592 1164
592 1275
593 874
593 1237
594 1238
594 1794
594 1875
595 1247
596 915
596 1666
597 685
597 887
597 1453
597 1681
598 1170
598 1463
598 1850
599 626
599 841
599 1337
599 1901
600 661
601 772
601 971
601 1820
602 730
602 910
602 1499
602 1665
602 1890
603 967
604 983
605 619
606 648
606 753
606 851
606 976
606 988
606 1123
606 1547
606 1879
607 608
607 1057
607 1139
607 1413
607 1525
607 1859
608 672
608 707
608 1122
608 1238
608 1445
608 1887
609 750
609 962
609 1796
610 808
610 951
611 670
611 1493
612 852
612 996
612 1427
613 1409
613 1568
613 1761
614 827
614 894
614 1116
614 1184
614 1694
614 1825
615 1373
615 1489
615 1980
616 1395
617 825
619 1181
620 715
620 744
620 913
620 1448
621 1717
621 1859
622 705
622 874
622 1778
622 1806
623 835
623 1126
624 1233
624 1444
624 1642
624 1875
624 1884
625 1182
625 1312
625 1399
625 1764
626 1006
626 1483
626 1514
628 1149
628 1826
629 638
629 643
629 818
629 1469
629 1842
630 687
630 1174
630 1761
632 684
632 948
632 1158
632 1351
632 1878
632 1963
633 750
633 1341
633 1578
635 702
635 1200
636 743
636 1009
636 1478
637 883
637 943
637 1551
637 1747
638 819
638 1674
639 721
639 1176
639 1282
639 1489
640 1032
640 1240
640 1297
640 1350
640 1378
640 1438
640 1896
640 1952
641 1556
641 1560
642 1400
642 1441
643 701
643 1433
643 1586
643 1833
643 1926
644 788
644 830
644 1010
644 1806
645 1216
645 1272
646 765
646 1240
646 1272
646 1388
646 1442
647 798
647 891
647 1333
647 1563
647 1783
648 805
648 872
648 1109
648 1178
649 837
649 1221
649 1551
649 1821
650 913
650 1094
650 1720
651 858
651 1277
651 1696
651 1852
652 1051
652 1799
653 780
653 827
653 874
653 1241
653 1418
654 857
654 1821
654 1871
655 719
655 1990
656 1492
657 1162
657 1185
657 1924
658 889
658 1331
659 723
659 947
660 1582
661 840
661 1699
661 1896
662 1037
662 1350
662 1403
662 1886
663 1035
663 1230
663 1522
663 1546
664 990
664 1129
664 1414
664 1428
665 992
665 1535
665 1841
665 1896
666 947
666 1754
667 1483
667 1562
667 1792
668 705
668 906
668 953
668 966
668 1113
668 1155
668 1380
668 1766
669 1030
669 1253
669 1297
669 1687
670 1993
671 913
671 1052
671 1368
671 1654
673 870
673 1048
673 1141
673 1342
673 1497
673 1520
673 1577
673 1594
674 791
674 1245
674 1567
675 1100
675 1199
675 1505
675 1512
675 1841
676 701
676 735
676 833
676 1420
676 1762
676 1764
676 1818
677 1144
678 1147
678 1450
678 1700
679 1471
679 1980
680 800
680 927
680 1238
680 1518
680 1906
681 1495
681 1730
681 1892
682 1897
683 1337
685 1362
686 996
686 1093
686 1528
686 1928
687 1377
687 1498
687 1893
688 1769
689 1010
689 1741
690 1220
691 834
691 931
691 1030
692 1738
693 755
693 845
694 713
694 843
694 1337
695 797
695 859
695 1402
695 1469
695 1873
696 859
696 1505
696 1856
696 1992
697 1303
697 1510
697 1758
698 920
698 1864
700 1874
701 829
701 1224
701 1399
701 1497
701 1922
702 726
702 1585
702 1604
702 1684
702 1829
703 1234
703 1265
703 1632
703 1996
704 1651
705 776
705 1057
705 1216
705 1223
705 1593
705 1786
705 1910
706 804
707 894
707 926
707 1605
708 943
708 1100
708 1497
708 1691
708 1719
709 1412
709 1687
710 1983
711 1040
711 1097
711 1237
712 1007
712 1019
712 1833
712 1985
713 777
713 1082
713 1270
713 1705
714 893
715 1326
716 1281
716 1645
717 1027
717 1351
718 874
718 1173
719 721
719 1217
719 1275
719 1504
720 880
720 1027
720 1542
720 1764
720 1775
721 1152
721 1466
722 1491
722 1998
723 914
723 1039
724 988
724 1616
725 1180
725 1204
725 1213
726 897
726 1204
727 1304
728 858
728 1037
728 1964
729 735
729 1019
730 1577
730 1761
730 1852
731 1477
731 1478
731 1755
732 846
732 1537
734 816
734 908
734 1456
735 1230
735 1414
736 925
736 1468
736 1485
736 1695
737 1494
737 1540
737 1939
738 795
738 1226
738 1434
738 1554
738 1622
738 1946
738 1979
740 1169
740 1539
740 1829
741 1438
741 1794
741 1909
741 1951
742 1894
743 942
743 1368
743 1387
743 1920
744 1201
744 1644
744 1919
745 801
745 1323
746 1238
746 1622
746 1775
747 1251
747 1483
747 1557
748 1015
748 1020
748 1231
748 1732
749 928
749 1257
749 1489
749 1945
749 1985
750 1757
750 1917
751 766
751 1572
751 1806
751 1882
752 1189
752 1551
753 1288
753 1614
753 1693
754 992
755 1213
755 1224
755 1300
756 1176
756 1425
757 903
757 938
757 1268
757 1303
758 948
759 1065
760 1659
760 1664
760 1748
760 1855
760 1873
761 1904
762 1788
763 830
763 1930
763 1997
764 1173
764 1174
765 930
765 1230
765 1335
766 1205
766 1814
767 1672
768 895
768 916
770 1439
771 824
771 1112
771 1383
771 1606
771 1708
771 1942
772 822
772 925
772 954
772 1397
772 1994
773 1156
774 1473
775 1556
775 1901
776 1275
776 1576
777 1139
777 1251
777 1872
778 889
779 1587
779 1849
779 1990
780 1036
780 1408
780 1765
781 793
781 1117
781 1366
781 1829
782 1330
782 1571
783 1405
784 818
784 1055
784 1131
784 1267
784 1646
784 1700
784 1907
785 1102
785 1213
786 965
786 1120
786 1209
786 1280
786 1380
786 1869
787 963
787 1730
787 1733
787 1846
788 1171
788 1556
788 1705
789 825
789 1838
790 1175
790 1210
790 1378
790 1620
790 1793
790 1908
791 811
791 1237
791 1373
791 1577
791 1622
791 1825
792 1071
792 1410
793 1289
793 1607
793 1759
794 1172
794 1393
794 1430
794 1956
795 1522
795 1595
795 1754
797 1249
797 1347
797 1389
797 1917
799 867
799 978
799 1085
799 1810
801 1106
801 1734
801 1969
802 916
802 1070
802 1315
802 1572
803 891
803 1709
804 1743
805 1605
806 1386
807 1817
808 1365
808 1831
808 1839
809 903
809 921
809 985
809 1014
809 1046
809 1520
810 1193
811 1241
811 1348
811 1433
811 1522
812 1008
812 1022
813 865
813 891
813 929
813 1458
814 923
814 1076
814 1167
814 1187
814 1530
814 1652
814 1703
815 1568
816 965
816 1291
816 1529
816 1885
817 1375
817 1461
818 1466
818 1834
819 1161
819 1240
819 1625
819 1727
820 1584
820 1899
821 990
821 1352
821 1408
821 1693
821 1835
821 1887
822 1030
822 1162
822 1545
823 1345
823 1625
823 1801
823 1913
824 919
825 964
825 1248
825 1391
825 1581
826 827
826 1395
826 1462
826 1609
826 1723
827 1849
828 999
828 1028
828 1059
828 1714
829 1027
829 1256
829 1847
830 1057
830 1767
831 1776
831 1965
832 1120
832 1637
832 1842
832 1876
833 1267
833 1277
834 1245
835 1217
837 1179
837 1962
838 1005
838 1034
839 1009
839 1676
840 1410
840 1639
840 1747
840 1798
840 1810
840 1852
840 1858
841 1510
841 1545
842 1372
842 1653
843 892
843 1466
843 1547
844 1616
844 1623
845 1194
845 1415
845 1619
845 1635
846 1996
847 1016
847 1210
847 1215
847 1412
847 1649
848 1167
848 1698
848 1900
850 1358
850 1362
851 1121
851 1148
851 1776
852 1161
852 1198
852 1432
853 1040
853 1752
854 993
854 1709
855 1257
855 1569
855 1641
855 1672
856 1479
857 1863
857 1975
858 1482
858 1568
858 1679
859 871
859 1222
859 1631
860 1837
860 1841
861 1803
862 1229
862 1231
862 1739
862 1749
863 961
863 1165
863 1512
863 1789
864 1074
864 1176
864 1217
864 1306
865 1656
866 1839
867 903
867 1054
867 1626
867 1904
868 1320
868 1653
868 1712
869 986
869 1396
869 1931
871 1286
871 1382
871 1816
872 1101
872 1663
873 1822
873 1977
874 1349
874 1561
874 1800
875 1203
876 1255
876 1259
877 1230
877 1256
877 1764
878 989
878 1875
879 921
879 1294
879 1568
881 1097
881 1343
881 1514
881 1859
881 1990
882 1383
882 1829
883 1313
883 1565
883 1705
883 1849
884 952
884 1019
884 1079
884 1557
885 1442
886 1235
887 912
887 1100
887 1298
888 978
888 1117
888 1270
888 1418
888 1520
888 1713
889 934
889 1252
889 1273
889 1746
890 1038
890 1123
890 1213
890 1656
890 1682
890 1934
890 1943
891 1487
891 1794
892 1300
892 1891
893 1990
896 1264
896 1302
896 1310
896 1904
897 1083
897 1172
897 1921
898 1759
898 1834
898 1987
899 1212
899 1385
900 909
900 1221
901 995
901 1633
902 912
902 940
902 960
902 1129
902 1284
902 1580
902 1863
903 1120
903 1599
904 1088
904 1250
904 1499
904 1957
905 1144
905 1669
905 1725
905 1883
906 1346
906 1660
907 1275
907 1309
907 1387
907 1468
907 1536
907 1793
908 1023
909 979
909 1098
909 1204
909 1450
909 1560
909 1848
910 1231
910 1631
911 1115
911 1383
913 1209
913 1263
913 1286
913 1874
914 1862
915 1349
915 1497
916 1453
917 1088
917 1983
918 1012
918 1792
919 1005
919 1510
919 1536
919 1696
919 1768
919 1932
920 1846
921 1931
923 1156
923 1261
923 1290
923 1312
923 1565
923 1741
924 1089
924 1348
924 1614
925 1035
925 1879
926 1267
928 1105
928 1513
928 1717
928 1832
928 1899
928 1955
929 1214
931 1161
932 1313
932 1439
932 1495
932 1532
935 1057
935 1119
935 1272
935 1653
935 1799
935 1923
936 1874
937 1334
937 1538
940 1225
940 1531
940 1689
941 976
941 998
941 1816
942 1430
942 1501
942 1894
943 1210
944 1896
945 1360
945 1371
946 1135
946 1808
946 1889
947 1269
947 1540
947 1541
947 1600
947 1897
948 1027
948 1345
948 1619
949 1149
949 1384
949 1418
949 1499
949 1839
950 1076
950 1118
950 1674
951 957
952 1384
952 1404
952 1471
953 1091
953 1262
953 1264
953 1301
953 1323
954 1650
954 1747
955 1883
956 1543
957 1449
958 1023
959 1696
960 994
960 1731
962 1202
962 1321
962 1333
962 1374
963 1131
963 1575
963 1864
964 1056
964 1335
964 1566
965 1538
965 1562
965 1999
966 1301
966 1419
966 1845
966 1888
966 1925
967 991
967 1805
968 982
968 1091
968 1172
968 1626
968 1777
969 1871
970 1705
970 1740
970 1974
971 1287
971 1433
971 1434
971 1936
973 1201
974 1540
974 1987
975 1928
976 1774
977 1634
977 1977
978 1156
978 1330
978 1700
979 1398
979 1964
980 1772
981 1221
981 1670
982 1739
983 1089
983 1130
983 1276
983 1419
983 1783
984 1077
984 1169
984 1225
984 1528
984 1606
984 1627
984 1860
985 1366
986 1215
986 1921
987 1974
988 1126
988 1365
988 1431
988 1571
988 1901
989 1322
989 1475
989 1642
990 1169
990 1758
991 1023
991 1139
991 1616
991 1651
991 1747
991 1830
991 1897
992 1055
992 1322
992 1970
993 1563
995 1137
995 1292
996 1139
996 1162
996 1609
998 1623
998 1657
999 1042
999 1156
1000 1940
1001 1232
1001 1648
1002 1373
1002 1448
1002 1579
1003 1007
1003 1683
1004 1885
1005 1246
1006 1108
1006 1622
1006 1793
1007 1068
1007 1747
1008 1197
1008 1287
1008 1296
1008 1947
1009 1530
1010 1302
1010 1964
1011 1197
1012 1027
1014 1032
1014 1760
1015 1106
1015 1186
1015 1818
1016 1063
1016 1742
1017 1433
1017 1963
1018 1246
1018 1360
1018 1459
1019 1117
1019 1194
1019 1476
1019 1494
1019 1872
1020 1716
1020 1746
1021 1052
1021 1608
1021 1882
1022 1313
1022 1373
1022 1505
1022 1545
1022 1849
1023 1246
1023 1825
1025 1273
1025 1856
1025 1963
1026 1459
1026 1839
1027 1082
1027 1278
1027 1536
1027 1660
1028 1322
1028 1854
1028 1886
1028 1952
1029 1570
1029 1994
1030 1379
1030 1676
1030 1768
1030 1883
1031 1193
1031 1862
1031 1926
1031 1954
1032 1635
1032 1788
1033 1138
1033 1760
1034 1859
1035 1228
1035 1270
1035 1281
1035 1344
1035 1578
1035 1989
1038 1142
1038 1938
1040 1460
1040 1629
1040 1709
1040 1744
1040 1841
1041 1271
1041 1534
1041 1547
1041 1838
1042 1369
1043 1235
1043 1702
1043 1774
1044 1156
1044 1426
1044 1455
1044 1791
1045 1081
1045 1764
1045 1792
1046 1383
1046 1841
1046 1968
1047 1275
1047 1625
1048 1548
1049 1176
1049 1191
1049 1761
1051 1176
1051 1184
1051 1302
1052 1272
1052 1645
1053 1108
1053 1498
1053 1519
1054 1189
1054 1563
1055 1241
1055 1325
1055 1477
1056 1602
1056 1975
1057 1760
1058 1711
1058 1922
1059 1358
1059 1713
1060 1129
1060 1989
1061 1370
1061 1668
1062 1691
1063 1551
1063 1852
1064 1162
1066 1218
1066 1489
1066 1782
1068 1418
1068 1727
1068 1762
1069 1121
1069 1465
1069 1510
1070 1567
1070 1998
1071 1224
1071 1454
1072 1259
1072 1261
1073 1185
1073 1625
1073 1778
1074 1114
1074 1952
1075 1649
1078 1190
1078 1242
1078 1644
1078 1759
1079 1171
1079 1928
1081 1209
1081 1633
1082 1330
1083 1527
1084 1226
1084 1996
1085 1114
1085 1615
1086 1655
1086 1735
1087 1426
1087 1555
1088 1285
1088 1373
1089 1301
1089 1707
1090 1774
1090 1921
1090 1970
1091 1319
1091 1723
1092 1301
1092 1313
1092 1648
1092 1732
1092 1803
1093 1877
1097 1732
1099 1464
1099 1509
1100 1186
1100 1264
1100 1284
1100 1305
1100 1376
1100 1585
1100 1793
1100 1822
1101 1806
1103 1804
1104 1196
1104 1290
1104 1424
1104 1872
1105 1571
1105 1871
1106 1724
1106 1774
1107 1393
1107 1537
1108 1261
1108 1531
1108 1538
1108 1737
1109 1258
1110 1704
1110 1974
1111 1931
1112 1307
1112 1742
1112 1753
1113 1225
1113 1825
1114 1125
1114 1218
1114 1521
1114 1675
1115 1702
1115 1828
1116 1291
1116 1345
1116 1495
1116 1833
1116 1998
1117 1681
1117 1701
1117 1947
1118 1367
1118 1677
1119 1486
1120 1151
1120 1250
1121 1924
1123 1208
1124 1477
1124 1504
1124 1627
1124 1633
1125 1516
1125 1714
1125 1826
1126 1546
1126 1922
1127 1132
1127 1610
1127 1661
1127 1683
1127 1834
1128 1259
1128 1546
1128 1764
1128 1769
1131 1302
1131 1507
1131 1543
1132 1961
1133 1210
1135 1141
1135 1303
1135 1947
1136 1771
1136 1834
1137 1203
1137 1366
1137 1768
1138 1371
1138 1612
1139 1247
1139 1299
1139 1428
1139 1728
1140 1405
1141 1332
1142 1445
1142 1581
1143 1217
1145 1425
1145 1771
1146 1241
1146 1881
1147 1517
1147 1852
1148 1552
1149 1804
1150 1252
1150 1520
1151 1413
1151 1996
1152 1319
1152 1537
1152 1847
1153 1391
1153 1974
1154 1272
1154 1558
1156 1163
1157 1203
1158 1815
1158 1821
1159 1966
1160 1350
1160 1474
1160 1483
1160 1588
1160 1993
1161 1503
1162 1495
1163 1790
1163 1897
1163 1898
1164 1326
1164 1706
1165 1196
1165 1396
1166 1173
1166 1592
1167 1518
1167 1650
1168 1620
1168 1656
1168 1717
1168 1950
1169 1217
1169 1609
1170 1852
1171 1641
1171 1799
1171 1909
1172 1502
1174 1206
1174 1817
1175 1176
1175 1443
1175 1715
1176 1258
1176 1423
1176 1898
1177 1435
1178 1198
1178 1489
1178 1549
1179 1255
1179 1810
1180 1885
1180 1905
1181 1503
1183 1191
1184 1322
1184 1491
1185 1249
1185 1399
1185 1736
1186 1312
1186 1391
1187 1265
1187 1799
1189 1284
1189 1611
1191 1893
1192 1467
1193 1617
1194 1932
1195 1504
1196 1825
1196 1915
1197 1766
1197 1827
1198 1266
1198 1622
1198 1658
1198 1862
1200 1332
1200 1348
1200 1428
1200 1443
1201 1599
1202 1767
1203 1301
1203 1735
1203 1970
1204 1652
1204 1764
1204 1837
1204 1869
1205 1945
1206 1572
1206 1848
1207 1364
1207 1903
1208 1359
1208 1930
1209 1607
1209 1640
1210 1622
1213 1231
1213 1327
1213 1605
1213 1718
1213 1738
1214 1540
1214 1796
1215 1227
1216 1282
1216 1886
1216 1982
1217 1351
1217 1835
1218 1524
1218 1965
1219 1589
1219 1760
1220 1315
1222 1499
1224 1362
1225 1398
1226 1230
1228 1406
1229 1617
1229 1791
1230 1401
1231 1470
1232 1475
1232 1524
1232 1740
1233 1439
1233 1660
1234 1309
1234 1474
1235 1767
1235 1969
1236 1871
1237 1407
1237 1503
1239 1438
1239 1998
1240 1564
1241 1524
1241 1526
1241 1983
1243 1573
1243 1923
1244 1261
1244 1523
1244 1571
1244 1825
1245 1368
1245 1662
1245 1971
1247 1701
1251 1424
1251 1712
1252 1320
1252 1776
1252 1799
1252 1890
1253 1493
1254 1472
1254 1695
1254 1764
1255 1646
1256 1268
1256 1666
1258 1430
1258 1841
1258 1868
1259 1846
1259 1897
1259 1951
1259 1976
1259 1991
1260 1268
1260 1712
1260 1979
1261 1295
1261 1376
1262 1362
1262 1618
1262 1649
1262 1874
1263 1396
1263 1893
1264 1547
1264 1645
1265 1709
1266 1545
1266 1649
1267 1356
1267 1835
1268 1542
1268 1690
1270 1383
1272 1311
1273 1563
1273 1923
1274 1551
1276 1448
1276 1874
1276 1920
1277 1300
1277 1926
1278 1793
1279 1499
1279 1966
1280 1741
1280 1833
1281 1336
1281 1343
1281 1911
1282 1908
1283 1763
1283 1975
1284 1610
1284 1637
1286 1339
1286 1415
1286 1600
1286 1861
1286 1925
1288 1368
1288 1556
1289 1482
1289 1848
1289 1941
1290 1689
1293 1371
1293 1837
1293 1994
1294 1650
1294 1749
1295 1383
1296 1306
1296 1542
1296 1695
1296 1832
1296 1880
1296 1927
1298 1521
1300 1613
1300 1936
1301 1415
1301 1426
1301 1922
1301 1986
1302 1474
1302 1644
1303 1334
1303 1484
1303 1623
1303 1828
1304 1928
1306 1434
1306 1503
1306 1903
1306 1992
1307 1762
1308 1333
1308 1994
1309 1566
1309 1710
1309 1765
1310 1856
1312 1820
1313 1379
1313 1505
1313 1869
1313 1908
1314 1532
1314 1969
1315 1588
1316 1772
1318 1627
1318 1873
1318 1939
1319 1542
1319 1838
1320 1346
1320 1446
1320 1513
1320 1592
1320 1619
1320 1890
1322 1643
1322 1651
1322 1700
1323 1677
1323 1843
1323 1929
1324 1841
1324 1922
1325 1374
1325 1800
1327 1515
1328 1609
1328 1701
1328 1723
1329 1607
1329 1898
1330 1643
1330 1647
1330 1810
1331 1875
1332 1395
1332 1436
1332 1749
1332 1948
1333 1508
1333 1687
1333 1700
1333 1757
1334 1557
1334 1828
1335 1352
1336 1718
1336 1736
1337 1347
1337 1962
1338 1510
1339 1445
1339 1986
1340 1377
1341 1823
1342 1546
1342 1750
1342 1849
1343 1455
1345 1933
1347 1760
1347 1856
1348 1618
1348 1766
1349 1873
1351 1520
1354 1819
1354 1858
1354 1868
1355 1936
1355 1966
1356 1465
1357 1648
1358 1375
1358 1856
1360 1411
1363 1708
1363 1887
1363 1998
1364 1447
1364 1529
1364 1772
1365 1476
1365 1593
1366 1619
1368 1757
1369 1453
1369 1886
1370 1411
1370 1634
1370 1657
1370 1668
1371 1527
1371 1573
1371 1997
1373 1980
1374 1494
1375 1699
1375 1710
1376 1714
1377 1397
1378 1499
1378 1588
1379 1894
1379 1916
1379 1954
1380 1725
1380 1809
1381 1425
1381 1437
1381 1679
1381 1696
1382 1466
1382 1517
1382 1928
1383 1717
1384 1512
1385 1898
1386 1620
1387 1835
1387 1866
1388 1452
1389 1517
1391 1493
1391 1525
1391 1604
1392 1740
1393 1516
1393 1547
1394 1420
1394 1435
1394 1592
1394 1617
1394 1645
1394 1884
1395 1650
1395 1760
1396 1670
1398 1657
1400 1906
1401 1482
1401 1796
1401 1829
1406 1606
1406 1711
1407 1530
1407 1726
1408 1675
1408 1994
1411 1845
1412 1676
1412 1781
1412 1800
1412 1828
1412 1942
1414 1641
1414 1664
1415 1870
1416 1464
1416 1812
1418 1584
1420 1834
1420 1841
1421 1803
1422 1741
1423 1759
1423 1896
1424 1504
1425 1682
1426 1991
1428 1467
1428 1916
1430 1962
1431 1597
1431 1647
1432 1867
1433 1527
1433 1614
1433 1780
1434 1865
1435 1516
1435 1591
1435 1839
1435 1860
1435 1896
1439 1603
1442 1509
1442 1774
1442 1906
1443 1960
1445 1880
1446 1775
1447 1457
1447 1805
1448 1556
1449 1601
1450 1926
1451 1706
1452 1710
1452 1776
1452 1928
1453 1950
1454 1998
1455 1923
1455 1991
1456 1506
1456 1600
1456 1864
1457 1882
1459 1858
1460 1520
1461 1877
1464 1616
1464 1701
1464 1754
1466 1622
1466 1750
1466 1989
1467 1615
1469 1482
1469 1892
1470 1886
1471 1822
1473 1494
1475 1721
1477 1587
1477 1713
1479 1852
1479 1966
1480 1696
1480 1733
1480 1749
1481 1834
1482 1493
1482 1865
1483 1564
1489 1732
1489 1888
1490 1956
1492 1940
1494 1661
1495 1951
1496 1756
1496 1770
1496 1942
1498 1711
1498 1814
1499 1882
1499 1886
1499 1937
1500 1720
1501 1637
1502 1692
1503 1582
1504 1715
1505 1974
1506 1696
1506 1949
1507 1626
1507 1912
1508 1516
1508 1892
1509 1586
1509 1824
1511 1714
1512 1990
1514 1543
1514 1617
1515 1607
1515 1840
1516 1989
1517 1599
1517 1609
1517 1627
1517 1734
1518 1945
1518 1954
1520 1642
1520 1957
1522 1561
1522 1838
1523 1839
1524 1912
1524 1991
1525 1596
1526 1737
1527 1628
1527 1712
1527 1826
1527 1910
1529 1718
1531 1556
1531 1627
1531 1962
1531 1997
1533 1797
1533 1969
1534 1701
1534 1822
1535 1560
1536 1602
1536 1824
1536 1972
1537 1927
1539 1780
1540 1579
1541 1805
1542 1549
1542 1838
1543 1869
1547 1844
1548 1679
1549 1984
1551 1964
1552 1578
1553 1697
1555 1794
1556 1702
1557 1793
1557 1978
1557 1991
1560 1749
1560 1985
1562 1670
1562 1940
1563 1849
1563 1923
1564 1989
1565 1573
1565 1582
1566 1827
1566 1831
1568 1633
1569 1984
1571 1597
1573 1777
1573 1875
1573 1902
1574 1666
1574 1885
1575 1815
1577 1804
1578 1613
1578 1629
1578 1719
1579 1640
1580 1806
1582 1633
1582 1912
1582 1982
1584 1930
1585 1808
1585 1950
1586 1883
1586 1921
1586 1949
1588 1819
1589 1734
1590 1883
1591 1990
1594 1799
1594 1821
1596 1843
1597 1988
1599 1962
1600 1812
1600 1991
1603 1976
1604 1641
1604 1673
1608 1728
1610 1852
1611 1759
1611 1808
1615 1706
1615 1807
1615 1971
1616 1919
1616 1944
1616 1964
1617 1635
1617 1761
1618 1779
1620 1953
1623 1923
1626 1639
1626 1837
1626 1994
1627 1841
1628 1764
1629 1755
1629 1931
1630 1638
1630 1676
1630 1898
1631 1897
1631 1942
1632 1795
1633 1971
1634 1875
1635 1653
1635 1719
1635 1911
1636 1888
1636 1925
1636 1960
1637 1856
1638 1983
1639 1659
1640 1687
1642 1857
1643 1982
1645 1993
1646 1914
1646 1988
1647 1669
1647 1787
1648 1763
1650 1919
1651 1705
1653 1919
1653 1992
1655 1723
1655 1991
1656 1680
1658 1764
1658 1852
1658 1857
1658 1968
1658 1985
1660 1690
1663 1729
1664 1677
1666 1829
1668 1700
1670 1759
1670 1826
1671 1920
1675 1875
1677 1713
1677 1993
1681 1810
1682 1854
1682 1972
1683 1762
1683 1822
1685 1968
1687 1691
1687 1736
1688 1972
1689 1738
1691 1822
1691 1828
1691 1955
1695 1893
1695 1960
1696 1746
1696 1792
1700 1930
1702 1933
1707 1749
1707 1898
1710 1879
1713 1932
1715 1814
1715 1965
1716 1895
1717 1848
1717 1990
1722 1786
1727 1870
1729 1770
1730 1774
1731 1986
1733 1805
1734 1751
1734 1877
1735 1895
1737 1756
1737 1819
1738 1871
1739 1763
1741 1980
1743 1831
1743 1948
1746 1954
1747 1845
1747 1846
1747 1926
1749 1917
1750 1893
1750 1951
1753 1817
1755 1828
1760 1990
1762 1814
1763 1776
1767 1770
1779 1918
1783 1913
1783 1933
1784 1854
1785 1839
1786 1861
1786 1888
1788 1796
1788 1799
1790 1987
1791 1881
1792 1935
1794 1848
1795 1958
1796 1989
1800 1965
1801 1815
1802 1845
1802 1944
1803 1811
1808 1943
1808 1949
1813 1960
1816 1970
1818 1921
1818 1923
1819 1865
1820 1995
1827 1984
1828 1843
1828 1914
1828 1986
1830 1938
1834 1905
1835 1865
1835 1886
1835 1995
1840 1939
1843 1866
1845 1999
1848 1970
1850 1941
1859 1990
1868 1885
1871 1919
1873 1886
1875 1956
1880 1945
1893 1947
1900 1905
1907 1915
1910 1913
1913 1915
1917 1989
1924 1997
1927 1930
1936 1937
1936 1980
1961 1987
1962 1998
1975 1980
1977 1991