2000
1 153
1 259
1 591
1 669
1 770
1 955
1 1547
1 1608
1 1751
1 1873
1 1929
2 460
2 746
2 904
2 1432
2 1493
2 1734
2 1794
2 1871
3 483
3 680
3 698
3 759
3 797
3 1221
3 1236
3 1294
3 1809
3 1888
4 272
4 419
4 442
4 447
4 795
4 1060
4 1289
4 1412
4 1473
4 1485
4 1733
5 265
5 811
5 1426
5 1881
6 49
6 281
6 481
6 787
6 1108
6 1233
6 1239
6 1256
6 1354
7 523
7 652
7 922
7 1341
7 1416
7 1673
7 1674
7 1806
8 360
8 404
8 611
8 878
8 885
8 1408
8 1463
8 1975
9 17
9 42
9 69
9 115
9 353
9 365
9 534
9 1707
9 1723
9 1857
9 1960
10 117
10 697
10 709
10 717
10 818
10 833
10 884
10 906
10 1100
10 1377
10 1744
10 1956
11 30
11 53
11 314
11 389
11 929
11 1469
11 1924
12 82
12 396
12 482
12 664
12 1146
12 1989
12 1993
13 19
13 592
13 716
13 1163
13 1225
13 1828
14 43
14 413
14 717
14 782
14 804
14 841
14 1980
15 374
15 376
15 429
15 727
15 1565
16 672
16 869
16 977
16 1010
16 1244
16 1646
16 1930
16 1983
17 381
17 660
18 51
18 103
18 241
18 283
18 660
18 670
18 1275
18 1489
18 1519
18 1552
18 1973
19 163
19 307
19 440
19 763
19 1032
19 1738
19 1898
19 1946
20 603
20 690
20 714
20 871
20 1268
20 1455
20 1472
20 1553
20 1569
21 1032
21 1392
21 1550
21 1745
22 30
22 907
22 1170
22 1337
22 1537
22 1742
23 133
23 1175
23 1400
23 1799
23 1972
24 118
24 650
25 1279
25 1425
25 1496
25 1644
25 1757
25 1816
25 1848
25 1866
25 1931
25 1961
26 184
26 796
26 955
26 973
26 1104
26 1744
26 1836
27 394
27 426
27 634
27 751
27 1902
28 328
28 909
28 1268
28 1317
29 78
29 258
29 881
30 57
30 105
30 107
30 161
30 280
30 442
30 452
30 1231
30 1654
31 70
31 766
31 779
31 837
31 1516
31 1747
32 56
32 220
32 741
32 801
32 824
32 1013
32 1208
32 1229
32 1392
32 1538
32 1914
32 1974
33 586
33 691
33 1137
33 1263
33 1628
33 1684
33 1851
34 272
34 288
34 411
34 1109
34 1112
34 1637
35 677
35 763
35 766
35 943
35 1082
35 1396
35 1884
35 1934
36 254
36 348
36 391
36 1032
36 1071
36 1255
37 71
37 289
37 307
37 368
37 984
37 1314
37 1371
37 1382
37 1786
38 790
38 1013
38 1445
38 1550
38 1578
38 1804
39 183
39 713
39 823
39 995
39 1199
39 1376
39 1736
40 181
40 592
40 963
40 1176
40 1658
40 1829
41 125
41 169
41 290
41 631
41 926
42 174
42 435
42 1350
42 1378
42 1573
42 1593
42 1761
43 46
43 54
43 256
43 415
43 791
43 1003
43 1056
43 1215
43 1320
43 1498
43 1631
44 126
44 855
44 1484
44 1771
44 1839
45 1268
45 1286
46 136
46 447
46 537
46 615
46 866
46 1075
46 1100
46 1393
46 1515
46 1700
46 1843
46 1876
47 143
47 162
47 719
47 1095
47 1251
47 1363
48 1082
48 1295
48 1544
48 1927
48 1983
49 89
49 365
49 378
49 666
49 1250
49 1283
49 1656
49 1856
49 1877
50 79
50 518
50 678
50 763
50 786
50 893
51 138
51 359
51 603
51 639
51 798
51 854
51 1344
51 1534
51 1546
52 72
52 314
52 728
52 865
53 71
53 91
53 373
53 528
53 656
53 834
53 889
53 1108
53 1597
53 1607
53 1881
54 325
54 517
54 611
54 1486
54 1612
55 808
55 1260
55 1267
55 1807
56 380
56 696
56 1672
56 1698
56 1983
57 72
57 252
57 1008
57 1032
57 1076
57 1225
58 546
58 701
58 1021
58 1025
58 1445
58 1468
58 1483
58 1699
59 108
59 295
59 419
59 561
59 991
59 1530
59 1916
59 1938
60 304
60 390
60 1374
60 1859
61 117
61 456
61 629
61 1062
61 1205
61 1228
61 1345
61 1519
61 1714
61 1977
62 160
62 509
62 1062
62 1132
62 1138
62 1667
62 1687
62 1737
63 410
63 580
63 692
63 970
63 977
63 1643
64 1326
64 1340
64 1605
64 1681
64 1895
65 119
65 239
65 498
65 909
65 1025
65 1336
65 1547
66 151
66 589
66 726
66 1170
66 1608
66 1783
67 542
67 627
67 1887
67 1906
68 501
68 695
68 703
68 883
68 1412
68 1764
68 1921
69 721
69 736
69 1139
69 1233
69 1238
69 1527
69 1681
69 1742
69 1760
70 223
70 403
70 1135
70 1250
70 1334
70 1350
70 1433
70 1544
71 172
71 861
71 1064
71 1526
72 250
72 564
72 765
72 1390
72 1471
72 1661
72 1756
72 1804
73 109
73 477
73 618
73 852
73 1059
73 1268
73 1577
73 1586
74 370
74 1152
74 1241
74 1401
74 1801
75 491
75 627
75 1581
75 1905
76 133
76 677
76 1110
76 1323
76 1339
76 1386
76 1442
76 1573
76 1591
76 1701
76 1779
77 696
77 1270
78 725
78 998
78 1480
78 1812
78 1895
78 1924
79 167
79 287
79 780
79 803
79 852
79 986
79 1517
79 1643
79 1945
79 1957
80 235
80 271
80 548
80 876
80 936
80 1026
80 1170
80 1397
80 1880
81 87
81 170
81 326
81 1386
81 1391
81 1512
81 1957
82 308
82 339
82 525
82 995
82 1020
82 1126
82 1685
82 1741
83 102
83 158
83 178
83 295
83 955
83 1042
83 1219
83 1683
84 98
84 227
84 406
84 408
84 455
84 631
84 633
84 1001
84 1077
84 1458
84 1932
85 109
85 128
85 180
85 374
85 412
85 741
85 775
85 993
85 1256
85 1597
85 1696
85 1801
86 268
86 386
86 657
86 785
86 1148
86 1361
86 1542
86 1611
86 1670
86 1685
86 1795
86 1890
87 453
87 811
87 878
87 1059
87 1100
87 1299
87 1379
87 1603
88 804
88 1119
88 1475
88 1879
89 435
89 624
89 1498
89 1777
90 656
90 825
90 979
91 97
91 214
91 230
91 742
91 1459
91 1652
91 1726
91 1883
92 381
92 556
92 717
92 860
92 1728
92 1964
92 1991
93 239
93 534
93 615
93 711
93 902
93 1058
93 1316
93 1364
93 1468
93 1477
93 1975
94 265
94 1360
94 1394
94 1526
94 1847
95 524
95 657
95 897
95 934
95 1114
95 1306
95 1420
95 1623
96 630
96 765
96 1067
96 1193
96 1383
96 1627
96 1848
96 1863
96 1961
97 611
97 976
97 1180
97 1520
98 498
98 609
98 1040
98 1160
98 1161
98 1500
98 1674
99 121
99 278
99 624
99 640
99 668
99 702
99 848
99 1365
99 1608
99 1702
99 1874
100 174
100 442
100 473
100 1375
100 1488
100 1646
100 1806
100 1988
101 233
101 541
101 571
101 857
101 866
101 938
101 1044
101 1337
101 1630
101 1945
101 1980
102 845
102 1023
102 1149
102 1426
102 1608
102 1664
102 1741
102 1912
103 893
103 1663
103 1898
104 204
104 327
104 396
104 635
104 738
104 768
104 1366
104 1892
105 122
105 837
105 841
105 1307
105 1446
105 1451
105 1788
106 233
106 407
106 414
106 451
106 1189
106 1285
106 1578
106 1888
107 274
107 886
107 926
107 930
107 957
107 1115
107 1144
107 1248
107 1349
107 1674
108 372
108 807
108 968
108 1514
109 126
109 256
109 670
109 980
109 1170
109 1602
109 1835
109 1963
110 168
110 233
110 592
110 859
110 1158
110 1415
110 1624
110 1849
111 976
111 1062
111 1321
111 1431
111 1446
111 1989
112 194
112 290
112 434
112 469
112 663
112 1281
112 1296
112 1311
112 1396
112 1489
113 312
113 559
113 1229
113 1269
113 1295
113 1510
114 232
114 675
114 1339
114 1553
114 1672
115 741
115 802
115 1356
115 1364
115 1613
115 1932
116 169
116 195
116 202
116 274
116 783
116 925
116 1566
116 1605
116 1989
117 1303
117 1480
117 1536
117 1611
117 1754
118 1772
118 1780
118 1965
119 176
119 234
119 457
119 540
119 728
119 827
119 1069
119 1385
119 1423
119 1527
119 1628
119 1688
119 1896
119 1906
120 296
120 526
120 939
120 1323
120 1594
120 1927
120 1932
121 167
121 387
121 735
121 992
121 1574
122 210
122 308
122 332
122 437
122 507
122 1102
122 1382
122 1649
122 1868
122 1891
122 1906
123 147
123 419
123 655
123 880
123 905
123 936
123 1176
123 1259
123 1481
123 1631
123 1749
124 186
124 493
124 578
124 883
124 1833
125 561
125 627
125 1115
125 1209
125 1242
125 1297
125 1845
125 1902
126 444
126 677
126 761
126 830
126 1222
126 1816
127 162
127 247
127 674
127 681
127 754
127 1277
127 1396
127 1514
127 1634
127 1665
128 823
128 1327
128 1394
128 1619
128 1877
129 191
129 508
129 775
129 988
129 1292
129 1478
130 280
130 633
130 849
130 1088
130 1348
130 1527
130 1747
131 161
131 267
131 688
131 1158
131 1803
132 376
132 483
132 665
132 688
132 743
132 1001
132 1302
132 1955
133 476
133 903
133 980
134 753
135 267
135 312
135 456
135 730
135 962
135 1416
135 1694
136 444
136 823
136 925
136 1175
136 1463
137 1131
137 1154
137 1729
137 1755
138 190
138 334
138 680
138 837
138 1102
138 1146
138 1258
138 1577
138 1663
139 152
139 217
139 660
139 748
139 1033
139 1249
139 1570
139 1729
140 265
140 554
140 1232
140 1306
140 1531
140 1563
140 1765
140 1819
141 367
141 553
141 666
141 999
141 1016
141 1086
141 1175
141 1470
141 1547
142 278
142 574
142 590
142 820
142 1176
142 1317
142 1680
143 356
143 629
143 770
143 1158
143 1373
143 1613
143 1816
144 1098
144 1805
144 1922
145 286
145 1684
145 1732
146 353
146 404
146 569
146 871
146 1101
146 1229
146 1235
146 1390
146 1863
147 174
147 225
147 250
147 527
147 898
147 1408
147 1530
147 1886
147 1907
147 1959
148 242
148 685
148 1381
148 1451
148 1462
148 1507
148 1995
149 186
149 534
149 602
149 1248
150 163
150 315
150 345
150 1022
150 1031
150 1270
150 1839
150 1865
151 182
151 992
151 1290
152 753
152 862
152 905
152 918
152 1485
152 1865
153 595
153 846
153 993
153 1160
153 1331
153 1784
154 577
154 726
154 1719
154 1834
154 1858
155 176
155 532
155 858
155 918
155 1004
155 1154
155 1342
155 1908
155 2000
156 333
156 528
156 859
156 965
156 979
156 1180
156 1361
156 1575
156 1843
157 206
157 208
157 654
157 728
157 838
157 863
157 1352
157 1790
158 568
158 853
158 988
158 1252
158 1264
158 1301
158 1320
158 1427
158 1737
158 1926
159 805
159 1356
159 1431
160 608
160 761
160 1352
160 1389
160 1663
161 559
161 747
161 1314
161 1325
161 1366
161 1411
161 1729
161 1857
162 244
162 334
162 438
162 898
162 1172
162 1213
162 1414
162 1423
163 435
163 752
163 1426
163 1431
163 1948
164 653
164 930
164 1536
164 1758
165 277
165 563
165 640
165 1030
166 287
166 907
166 1124
166 1499
166 1922
167 1530
167 1585
167 1724
168 184
168 185
168 264
168 1338
168 1404
168 1589
169 740
169 742
169 1073
169 1810
169 1829
170 423
170 582
170 728
170 936
170 1267
171 277
171 390
171 456
171 848
171 1104
171 1146
171 1593
171 1690
171 1759
172 485
172 650
172 1430
173 268
173 478
173 950
173 1291
173 1302
173 1416
173 1461
173 1832
173 1950
173 1971
173 1993
174 503
174 1069
175 429
175 535
175 919
175 1449
175 1469
176 843
176 844
176 1105
176 1418
176 1715
176 1853
176 1958
177 253
177 987
177 1647
177 1657
178 628
178 659
178 761
178 1142
178 1688
179 475
179 656
179 678
179 899
179 1064
179 1261
180 709
180 787
180 838
180 954
180 1411
180 1684
180 1732
180 1991
181 231
181 272
181 424
181 634
181 1764
181 1802
181 1974
182 650
182 1276
182 1444
182 1491
182 1991
183 454
183 736
183 1004
183 1528
183 1935
184 194
184 291
184 352
184 355
184 1057
184 1301
184 1332
184 1537
185 1054
185 1334
185 1653
185 1695
185 1800
185 1813
186 541
186 1083
187 551
187 655
187 985
187 1079
187 1530
187 1932
188 870
188 1242
188 1311
188 1335
188 1514
188 1991
189 330
189 709
189 1329
189 1841
190 316
190 746
190 909
190 1092
190 1177
190 1388
190 1533
190 1646
190 1693
190 1775
190 1807
191 524
191 907
191 1067
191 1078
191 1115
191 1767
192 311
192 772
192 1235
192 1342
192 1819
192 1932
192 1947
193 238
193 268
193 283
193 971
193 1027
193 1379
193 1401
193 1445
193 1676
193 1964
195 305
195 812
195 1216
195 1340
195 1636
196 294
196 371
196 603
196 701
196 755
196 996
196 1792
196 1800
197 343
197 488
197 606
197 768
197 1349
197 1587
197 1650
197 1835
198 210
198 521
198 621
198 639
198 810
198 1243
199 250
199 263
199 280
199 327
199 335
199 524
199 699
199 1485
199 1552
199 1590
199 1854
200 226
200 345
200 536
200 725
200 1125
200 1847
201 210
201 374
201 731
201 755
201 889
201 902
201 1021
201 1104
201 1235
201 1455
202 282
202 283
202 523
202 867
202 1157
202 1604
202 1987
203 373
203 1176
203 1239
203 1377
203 1584
203 1628
204 800
204 885
204 1085
204 1877
204 1979
205 236
205 334
205 508
205 737
205 834
205 874
205 1444
205 1641
205 1699
205 1826
206 259
206 614
206 636
206 674
206 883
206 941
206 1083
206 1420
206 1615
206 1739
206 1990
207 253
207 266
207 295
207 468
207 600
207 788
207 792
207 805
207 1358
207 1423
207 1580
207 1689
207 1837
207 1849
208 705
208 1194
208 1349
208 1498
208 1685
208 1694
208 1836
209 322
209 855
209 1878
210 252
210 1210
210 1279
210 1636
211 337
211 728
211 912
211 953
211 1086
212 970
212 1228
212 1477
212 1623
213 277
213 280
213 362
213 366
213 880
213 1173
213 1470
213 1750
214 285
214 1289
214 1315
214 1532
214 1686
214 1690
214 1837
215 1135
215 1285
215 1629
215 1846
216 347
216 354
216 560
216 601
216 874
216 1739
217 363
217 1336
217 2000
218 393
218 657
218 685
218 787
218 1035
218 1230
218 1311
218 1566
219 489
219 558
219 831
219 858
219 1136
219 1371
219 1843
220 1047
220 1492
220 1660
220 1916
221 336
221 668
221 711
221 1128
221 1971
222 442
222 599
222 1770
222 1800
223 319
223 550
223 726
223 902
223 1183
223 1463
223 1741
224 714
224 804
224 1022
224 1081
224 1387
224 1970
225 411
225 668
225 906
225 969
225 1042
225 1215
225 1488
225 1505
225 1790
225 1855
225 1947
226 584
226 830
226 865
226 1154
226 1170
226 1474
226 1675
227 410
227 904
227 1187
227 1444
227 1590
228 345
228 421
228 488
228 701
228 1014
228 1253
228 1375
228 1552
228 1747
228 1969
229 417
229 855
229 1273
229 1386
229 1484
229 1602
230 618
230 827
230 930
230 986
230 1133
230 1499
230 1810
231 475
231 667
231 676
231 729
231 736
231 872
231 905
231 1666
231 1727
232 420
232 646
232 703
232 802
232 1394
232 1620
233 375
233 422
233 863
233 1072
233 1193
233 1433
234 394
234 670
234 1287
234 1951
235 1354
235 1488
235 1606
235 1622
236 893
236 979
236 1544
236 1877
237 1048
237 1186
237 1460
237 1792
237 1820
237 1918
238 336
238 502
238 771
238 816
238 898
238 1015
238 1096
238 1171
238 1303
238 1498
238 1766
239 520
239 688
239 789
239 1308
240 344
240 676
240 765
240 781
240 1018
240 1044
240 1130
240 1258
240 1666
240 1734
240 1902
240 1980
241 388
241 549
241 574
241 594
241 600
241 813
241 1424
241 1457
241 1868
241 1965
242 276
242 278
242 1133
242 1815
243 565
243 631
243 664
243 765
243 1143
243 1730
243 1930
243 1999
244 382
244 565
244 1096
244 1232
244 1270
244 1891
245 491
245 555
245 638
245 1409
245 1751
245 1866
246 395
246 429
246 835
246 976
246 1156
246 1196
246 1200
246 1451
246 1696
246 1841
247 722
247 808
247 1235
247 1408
247 1587
248 521
248 690
248 850
248 1064
248 1587
249 443
249 559
249 883
249 1486
249 1616
249 1764
250 277
250 696
250 732
250 1042
250 1346
250 1612
250 1656
250 1675
250 1963
250 1967
250 1985
251 339
251 349
251 499
251 768
251 969
251 1095
251 1709
251 1778
251 1910
251 1995
252 305
252 741
252 955
252 1106
252 1147
252 1186
252 1416
252 1675
253 260
253 287
253 387
253 586
253 1109
253 1232
253 1249
253 1609
253 1708
253 1960
254 255
254 724
254 742
254 933
254 954
254 1506
254 1512
254 1779
254 1887
255 549
255 967
255 1503
255 1752
256 771
256 999
256 1043
256 1672
256 1837
256 1889
257 314
257 391
257 754
257 954
257 972
257 1009
257 1125
258 305
258 976
258 1155
258 1438
258 1505
258 1515
258 1524
258 1546
258 2000
259 452
259 549
259 868
259 1012
259 1047
259 1515
259 1729
259 1744
259 1893
260 596
260 883
260 1012
260 1258
260 1328
260 1472
260 1474
260 1582
260 1811
260 1812
260 1905
260 1981
261 311
261 477
261 1117
261 1236
261 1394
261 1453
261 1654
261 1987
262 607
262 694
262 820
262 1122
262 1793
262 1819
263 426
263 500
263 651
263 726
263 888
263 1564
263 1636
264 499
264 559
264 704
264 1706
265 310
265 477
265 1322
265 1683
265 1717
265 1870
266 491
266 612
266 1025
266 1075
266 1335
266 1696
266 1711
266 1748
266 1964
267 287
267 894
267 1443
267 1553
267 1791
268 323
268 561
268 1084
268 1321
268 1357
268 1413
268 1871
269 683
269 690
269 1203
269 1289
269 1474
270 443
270 473
270 596
270 679
270 741
270 1389
270 1506
270 1796
271 383
271 754
271 769
271 877
272 301
272 465
272 506
272 1137
272 1166
272 1207
272 1319
272 1324
272 1456
272 1718
272 1852
273 447
273 687
273 841
273 850
273 851
273 887
273 1149
273 1742
273 1880
274 303
274 342
274 462
274 718
274 741
274 1121
274 1355
274 1812
274 1864
274 1951
274 1996
274 1998
275 1017
275 1395
275 1705
275 1883
276 317
276 324
276 388
276 598
276 1152
276 1445
276 1932
277 739
277 801
277 870
277 1015
277 1174
277 1295
277 1650
277 1682
277 1691
277 1705
277 1728
277 1759
277 1806
278 475
278 757
278 1720
278 1736
278 1836
279 527
279 991
279 1130
279 1392
279 1750
279 1967
280 515
280 633
280 736
280 1165
280 1522
280 1769
280 1883
281 655
281 1170
281 1580
282 494
282 734
282 900
282 1019
282 1666
282 1755
283 374
283 393
283 765
283 1145
283 1243
283 1295
283 1335
283 1464
283 1622
284 489
284 745
284 782
284 883
284 1392
284 1523
284 1647
285 391
285 410
285 415
285 1308
285 1815
286 288
286 347
286 730
286 762
286 850
286 865
286 1466
286 1680
286 1970
287 553
287 1406
287 1709
287 1805
287 1986
288 1137
288 1189
288 1248
289 316
289 339
289 416
289 759
289 856
289 876
289 1060
289 1162
289 1234
289 1303
289 1482
289 1511
289 1544
289 1653
289 1964
289 1985
290 366
290 870
290 1426
290 1570
290 1871
291 303
291 787
291 942
291 1682
291 1836
292 601
292 655
292 770
292 797
292 1807
293 516
293 578
293 811
293 1002
293 1011
293 1670
293 1771
294 779
294 896
294 1151
294 1152
294 1332
295 404
295 903
295 1228
295 1834
296 588
296 613
296 725
296 801
296 883
296 1648
297 324
297 666
297 765
297 1096
297 1709
297 1918
297 1998
298 445
298 476
298 582
298 661
298 1424
298 1446
298 1729
299 478
299 629
299 686
299 1639
299 1848
299 1879
299 1997
300 361
300 1320
300 1547
300 1791
300 1806
300 1811
300 1900
301 351
301 714
301 800
301 1373
301 1380
302 325
302 434
302 636
302 667
302 929
302 1016
302 1024
302 1612
302 1848
303 385
303 542
303 605
303 668
303 701
303 902
303 1179
303 1358
303 1470
303 1660
303 1923
303 1952
303 1996
304 424
304 444
304 679
304 1399
304 1679
304 1725
305 514
305 1038
305 1290
305 1498
306 866
306 1036
306 1345
306 1397
306 1853
306 1858
307 535
307 598
307 1299
307 1379
307 1594
308 982
308 1053
309 1122
309 1191
309 1596
309 1889
310 642
310 781
310 851
310 1481
310 1490
311 350
311 907
311 1296
311 1560
311 1710
311 1727
312 556
312 622
312 665
312 671
312 1333
312 1624
312 1960
313 461
313 529
313 871
313 1968
314 379
314 463
314 945
314 1211
314 1305
314 1550
315 638
315 759
315 1374
315 1561
315 1700
315 1714
315 1775
316 585
316 725
316 1291
316 1724
316 1880
317 366
317 500
317 628
317 879
317 948
317 1086
317 1230
317 1287
317 1351
317 1735
317 1938
318 383
318 856
318 1015
318 1145
318 1219
318 1259
318 1337
319 497
319 606
319 1505
319 1592
319 1640
319 1824
320 391
320 837
320 884
320 1165
320 1377
320 1382
320 1811
320 1923
321 369
321 707
321 1347
321 1850
321 1897
322 636
322 756
322 791
322 871
322 937
322 1064
322 1579
322 1694
322 1881
322 1891
323 325
323 472
323 533
324 342
324 379
324 858
324 1370
324 1809
325 380
325 394
325 1056
325 1770
325 1917
326 439
326 525
326 536
326 590
326 655
326 908
326 1228
326 1679
326 1872
327 639
327 836
327 1111
327 1349
327 1600
327 1914
328 481
328 1177
328 1227
328 1358
328 1926
329 765
329 1102
329 1161
329 1522
329 1663
330 548
330 786
330 1045
330 1791
330 1893
330 1974
331 471
331 552
331 706
331 1323
331 1620
331 1642
331 1830
331 1962
332 358
332 446
332 826
332 946
333 387
333 597
333 609
333 1282
333 1406
334 765
334 839
334 1465
334 1735
334 1783
334 1991
335 864
335 911
335 1949
336 342
336 352
336 632
336 872
336 987
336 996
336 1111
336 1240
336 1547
336 1875
337 653
337 699
337 751
337 769
337 783
337 1267
337 1333
338 1455
338 1968
339 581
339 1473
340 583
340 922
340 1039
340 1120
340 1237
340 1827
341 463
341 1005
341 1928
341 1971
342 444
342 1031
342 1290
342 1834
343 568
343 795
343 1505
343 1531
343 1693
344 375
344 620
344 885
344 1326
344 1578
344 1657
344 1737
345 441
345 465
345 491
345 546
345 594
345 895
345 962
345 1185
345 1442
345 1799
345 1897
345 1919
346 1521
346 1683
347 555
347 1010
347 1943
347 1988
348 402
349 581
349 614
349 694
349 1157
349 1237
349 1631
349 1761
350 567
350 1052
350 1430
350 1766
351 710
351 1148
351 1374
351 1406
351 1781
351 1822
352 454
352 968
352 1085
352 1091
352 1810
352 1968
353 539
353 593
353 1762
353 1872
353 1907
354 547
354 579
354 581
354 1529
355 731
355 1262
355 1354
355 1955
355 1987
356 959
356 1214
356 1371
356 1441
356 1621
356 1812
357 399
357 446
357 1664
358 1367
358 1499
358 1619
358 1795
359 677
359 680
359 1071
359 1072
359 1463
359 1601
359 1784
360 1302
360 1877
361 1376
361 1382
361 1597
361 1709
362 556
362 571
362 594
362 892
362 929
362 1036
362 1551
363 494
363 872
363 1069
363 1232
363 1704
363 1794
364 517
364 522
364 1575
364 1626
364 1812
365 450
365 1280
365 1510
365 1640
365 1824
365 1952
366 1378
366 1416
366 1459
366 1584
367 513
367 855
367 1094
367 1507
367 1567
367 1751
367 1822
368 384
368 764
368 1139
368 1277
368 1549
368 1573
368 1924
368 1939
369 627
369 1116
369 1169
369 1674
369 1680
369 1855
369 1859
369 1996
370 500
370 582
370 879
370 1163
370 1463
371 378
371 502
371 616
371 759
371 1073
371 1085
371 1429
371 1616
372 560
372 606
372 681
372 974
372 1338
372 1606
372 1851
373 448
373 1443
373 1578
373 1588
373 1795
373 1888
373 1913
374 665
374 700
374 737
374 1227
374 1243
374 1322
374 1582
375 811
375 1042
375 1361
375 1546
375 1984
376 418
376 664
376 986
376 1257
376 1465
376 1852
377 1138
377 1281
377 1473
377 1656
378 900
378 916
378 979
378 1085
379 452
379 627
379 927
379 1357
379 1390
379 1469
380 688
380 911
380 943
380 1264
380 1565
380 1699
381 484
381 1168
381 1923
382 647
382 792
382 1444
382 1519
383 449
383 568
383 862
383 930
383 1248
383 1566
383 1807
384 703
384 1446
384 1563
384 1838
384 1970
385 401
385 708
385 791
385 856
385 867
385 874
385 1193
385 1358
385 1514
385 1522
386 505
386 595
386 1427
386 1667
386 1869
387 681
387 1198
387 1216
387 1271
387 1416
388 579
388 842
388 946
388 983
388 1311
388 1363
388 1552
389 391
389 587
389 660
389 681
389 767
389 1105
389 1153
389 1278
390 994
390 1826
390 1849
390 1974
391 547
391 1150
391 1434
391 1677
391 1914
392 416
392 799
392 869
392 1284
392 1439
392 1641
393 1072
393 1522
393 1596
394 509
394 695
394 823
394 1242
394 1328
394 1939
395 736
395 820
395 896
395 1138
395 1443
395 1482
395 1748
395 1885
395 1915
396 548
396 683
396 810
396 1067
396 1366
396 1720
397 999
397 1233
397 1333
397 1712
397 1766
397 1938
398 968
398 1911
399 458
399 608
399 831
399 904
399 1023
399 1058
399 1407
400 1039
400 1142
400 1241
400 1266
400 1787
401 403
401 541
401 1631
401 1687
402 859
402 877
402 1281
402 1422
402 1423
402 1454
402 1741
403 562
403 1199
403 1233
403 1402
403 1571
404 586
404 606
404 753
404 804
404 1126
404 1312
404 1405
404 1431
404 1454
405 553
405 819
405 1018
405 1046
405 1193
405 1530
405 1615
405 1876
406 716
406 1042
406 1145
406 1179
406 1369
406 1400
406 1443
407 475
407 1113
407 1384
408 431
408 594
408 638
408 800
408 948
408 1533
408 1733
408 1872
409 708
409 1535
409 1855
409 1986
410 438
410 888
410 1004
410 1479
410 1711
410 1819
411 818
411 899
411 1143
411 1530
411 1619
411 1728
412 472
412 602
412 922
412 950
412 995
412 1734
412 1972
413 576
413 703
413 904
413 1709
414 497
414 755
414 1501
414 1569
414 1684
415 908
415 1005
415 1117
415 1167
415 1662
415 1764
415 1844
415 1851
416 624
416 1258
416 1909
417 532
417 930
417 1029
417 1070
417 1368
417 1404
417 1564
417 1776
417 1871
417 1930
418 1348
418 1384
418 1438
418 1753
418 1794
419 561
419 648
419 1010
419 1126
419 1497
419 1630
419 1745
419 1853
419 1918
420 464
420 641
420 838
420 902
420 1032
420 1260
420 1463
420 1666
420 1703
421 1568
421 1570
422 628
422 881
422 1106
422 1312
422 1434
422 1661
422 1780
423 841
423 1427
423 1480
423 1505
424 712
424 766
424 886
424 1272
424 1279
424 1475
425 662
425 726
425 1240
425 1247
425 1794
425 1918
426 548
426 1181
426 1424
426 1814
426 1946
427 697
427 806
427 819
427 1024
427 1320
427 1566
427 1978
428 495
428 595
428 596
428 882
428 1079
428 1284
428 1392
428 1699
428 1878
429 652
429 765
429 988
429 1321
429 1412
429 1429
429 1438
429 1510
429 1974
430 687
430 691
430 1382
430 1936
430 1942
430 1949
431 623
431 727
431 778
431 1168
431 1180
431 1425
431 1615
432 1092
432 1351
432 1537
432 1691
433 482
433 653
433 763
433 836
433 1174
434 456
434 543
434 1711
435 437
435 524
435 589
435 710
435 1225
436 869
436 874
436 950
436 977
436 1031
436 1292
436 1459
436 1692
436 1809
436 1856
437 892
437 1037
437 1543
437 1668
437 1902
437 1926
438 787
438 976
438 1076
438 1186
438 1281
438 1777
438 1833
439 1313
439 1740
440 698
440 777
440 1056
440 1810
440 1887
441 488
441 652
441 913
441 1075
441 1263
441 1480
441 1775
441 1959
442 714
442 1197
442 1747
442 1791
442 1869
443 749
443 966
443 1163
443 1268
443 1726
443 1761
443 1814
444 843
444 956
444 1849
445 617
445 628
445 783
445 980
445 1418
445 1677
446 1203
446 1368
447 1186
448 804
448 1098
448 1188
448 1283
448 1838
449 967
449 1291
449 1347
449 1439
449 1574
450 842
450 946
450 1449
450 1717
450 1927
451 537
451 1000
451 1104
451 1766
452 1205
452 1326
453 993
453 1015
453 1284
453 1668
453 1891
454 705
454 853
454 906
454 1265
454 1586
454 1739
454 1800
455 717
455 914
455 1195
456 583
456 843
456 1444
456 1719
456 1807
457 631
457 926
457 961
457 1199
457 1947
458 771
458 1009
458 1158
458 1549
458 1883
459 1407
459 1689
460 818
460 1015
460 1200
460 1687
461 702
461 1354
461 1470
461 1844
461 1861
462 481
462 602
462 709
462 875
462 1045
462 1981
463 549
463 716
463 717
463 787
463 1120
463 1506
463 1775
464 489
464 674
464 1151
465 492
465 856
465 874
465 960
465 962
465 1023
465 1424
465 1517
465 1528
465 1621
465 1870
466 714
466 716
466 1433
466 1950
467 1381
467 1420
467 1754
468 652
468 742
469 523
469 858
469 1351
469 1472
469 1533
470 553
470 596
470 842
470 1172
470 1216
470 1246
470 1314
470 1645
471 749
471 1001
471 1016
471 1028
471 1288
471 1613
472 1134
472 1605
473 862
473 1234
473 1310
473 1474
473 1720
473 1799
473 1879
474 538
474 767
474 955
475 835
475 901
475 994
475 1377
475 1647
475 1792
475 1793
475 1934
476 1504
477 557
477 1163
477 1166
477 1306
477 1946
478 1350
478 1529
478 1762
478 1983
479 1119
479 1215
479 1368
479 1387
479 1579
479 1600
479 1699
479 1754
479 1980
480 704
480 1242
480 1268
480 1275
480 1834
481 828
481 1925
482 533
482 1164
482 1650
482 1660
483 1008
483 1135
483 1454
483 1730
484 709
484 1244
484 1312
484 1878
485 796
485 1035
485 1330
485 1788
485 1868
486 1240
486 1416
486 1486
486 1803
487 691
487 895
487 1689
487 1740
487 1844
488 588
488 1171
488 1245
489 1700
489 1769
489 1794
489 1921
490 699
490 1259
490 1274
491 791
491 1592
491 1852
491 1992
492 600
492 653
493 534
493 1071
493 1076
493 1587
494 761
494 864
494 925
494 944
494 985
494 1488
494 1503
494 1604
494 1714
495 792
495 1868
496 610
496 851
496 1268
496 1398
496 1413
496 1588
496 1921
497 1167
497 1188
497 1610
497 1665
497 1780
497 1829
497 1841
498 529
498 1102
498 1177
498 1447
498 1555
498 1596
499 1088
499 1139
499 1535
499 1542
499 1679
500 1277
500 1472
501 530
501 532
501 813
501 1191
501 1512
501 1676
501 1703
501 1747
501 1800
501 1969
502 784
502 1321
502 1780
503 556
503 571
503 830
503 1016
503 1357
503 1465
503 1755
504 816
504 858
504 925
504 970
504 1445
504 1766
505 1211
505 1342
506 667
506 1196
506 1567
506 1617
507 1746
508 635
508 709
508 839
508 1550
508 1761
508 1797
508 1867
509 620
509 772
509 830
509 1439
509 1516
509 1610
509 1633
509 1814
510 914
510 1167
510 1368
510 1585
510 1650
510 1748
510 1871
511 1345
511 1455
512 717
512 1034
512 1697
513 1363
514 1055
514 1067
514 1141
514 1805
515 852
515 1278
516 697
516 929
516 1014
516 1055
516 1354
516 1455
516 1566
516 1858
516 1859
516 1872
516 1919
517 529
517 645
517 781
517 901
517 912
517 1112
517 1119
517 1262
518 872
518 1166
518 1381
518 1878
519 708
519 765
519 788
519 1100
519 1731
519 1762
520 820
520 974
520 1063
520 1313
520 1714
521 588
521 1063
521 1140
521 1355
521 1422
521 1553
521 1775
522 851
522 859
522 1191
522 1199
522 1300
522 1496
522 1645
522 1677
522 1953
523 690
523 785
523 1037
523 1193
523 1555
523 1662
523 1669
524 1026
524 1046
524 1074
524 1136
524 1236
524 1275
524 1327
524 1450
524 1685
524 1730
524 1871
525 710
525 1230
525 1249
525 1971
526 647
526 1023
526 1050
526 1150
526 1180
526 1188
526 1433
526 1801
526 1831
527 577
527 1789
527 1912
528 697
528 861
528 1346
528 1381
528 1402
528 1487
529 892
529 935
529 978
529 1172
529 1704
529 1944
530 659
530 1761
531 1390
531 1542
531 1993
532 709
532 754
532 1103
532 1334
532 1498
532 1820
532 1984
532 1998
533 831
533 1561
533 1846
533 1893
533 1914
534 968
534 1052
535 806
535 817
535 1216
536 566
536 757
536 1498
536 1550
536 1599
536 1911
537 576
537 797
537 1441
537 1551
537 1808
538 560
538 1239
538 1646
539 681
539 718
539 835
539 974
539 1511
539 1693
540 711
540 899
540 1291
540 1727
541 549
541 962
541 981
541 1021
541 1904
541 1951
542 686
542 932
542 1048
542 1255
542 1524
543 737
543 1136
543 1647
543 1943
544 836
544 1187
544 1447
544 1771
544 1882
545 1362
545 1524
545 1557
545 1608
545 1671
545 1926
546 689
546 738
546 743
546 1106
546 1213
546 1596
546 1652
546 1744
547 823
547 900
547 1091
548 602
548 770
548 822
548 1277
548 1785
549 1002
549 1089
549 1745
550 720
550 1057
550 1141
550 1306
550 1590
551 687
551 1074
551 1302
551 1440
551 1579
552 725
552 1103
552 1388
552 1515
553 738
553 978
553 1516
553 1608
553 1676
553 1941
555 1116
555 1931
556 616
556 733
556 857
556 881
556 890
556 1083
556 1438
556 1996
557 1103
557 1298
557 1330
557 1334
557 1426
557 1629
557 1630
557 1768
557 1903
557 1996
558 1157
558 1639
558 1643
559 691
559 1084
559 1210
559 1252
559 1860
559 1917
560 661
560 1150
560 1232
560 1264
560 1437
560 1802
560 1830
560 1988
561 837
561 1218
561 1246
561 1632
561 1833
561 1978
562 1150
562 1306
562 1501
562 1589
562 1608
563 608
563 725
563 999
563 1065
563 1086
563 1419
563 1487
563 1639
564 645
564 1586
564 1725
565 733
565 1057
565 1264
565 1653
566 919
566 1501
566 1724
566 1919
567 651
567 662
567 1128
567 1195
567 1465
567 1504
567 1737
567 1890
568 613
568 738
568 741
568 1030
569 587
569 872
569 964
569 1102
569 1329
569 1731
570 906
570 1508
570 1760
570 1848
571 613
571 950
571 1257
571 1293
571 1684
571 1840
571 1847
572 589
572 662
572 917
572 1235
572 1411
572 1547
572 1815
572 1953
573 1354
573 1531
573 1827
574 634
574 1410
574 1854
575 1082
575 1476
575 1485
575 1702
575 1906
576 669
576 1045
576 1747
576 1871
577 843
577 928
577 967
577 1118
577 1291
577 1521
577 1782
577 1806
577 1979
578 612
578 1207
578 1215
578 1298
578 1308
578 1371
578 1548
578 1689
578 1733
578 1758
578 1966
579 1207
579 1427
579 1627
579 1694
580 909
580 1195
580 1744
580 1835
580 1956
581 626
581 630
581 1590
581 1876
582 583
582 730
582 742
582 1293
583 595
583 643
583 889
583 1162
583 1367
583 1508
584 780
584 965
584 1729
584 1819
584 1888
584 1970
585 671
585 687
585 763
585 1554
586 639
586 1404
586 1873
587 1282
587 1581
587 1904
588 617
588 719
588 868
588 965
588 1135
588 1336
588 1363
588 1516
588 1630
588 1647
589 751
589 1276
589 1632
590 780
590 916
590 1605
591 1205
591 1596
592 1467
592 1541
593 675
593 766
593 883
593 1293
593 1559
593 1659
593 1729
594 634
594 728
594 1113
594 1450
594 1895
595 713
595 936
595 938
595 959
595 1049
595 1413
595 1421
595 1783
595 1792
596 660
596 984
596 1064
596 1078
596 1678
596 1958
597 822
597 865
597 1088
597 1823
598 956
599 1050
599 1144
599 1786
600 651
600 965
600 996
600 1244
600 1382
600 1395
601 1330
601 1974
602 871
602 1161
602 1260
602 1674
603 674
603 708
603 727
603 1261
604 810
604 911
604 1477
604 1542
604 1842
604 1861
605 1427
605 1526
605 1537
605 1673
606 1325
606 1863
607 1117
607 1261
607 1299
607 1330
607 1521
607 1584
607 1786
607 1827
608 825
608 867
608 1117
608 1694
608 1829
609 1334
609 1457
609 1682
609 1696
609 1743
609 1818
609 1881
609 1955
610 1131
610 1272
610 1397
610 1404
610 1802
610 1817
611 907
611 1242
611 1571
611 1650
611 1900
611 1979
612 632
612 1017
612 1675
613 1156
613 1518
614 672
614 1363
614 1548
614 1676
614 1933
615 645
615 1098
615 1599
615 1668
615 1726
616 1605
617 780
617 932
617 1694
617 1878
617 1881
618 775
618 920
618 1244
618 1312
618 1538
618 1678
618 1707
619 676
619 929
619 1012
619 1051
619 1127
619 1476
619 1617
619 1675
620 1081
620 1234
620 1430
620 1833
620 1994
621 1249
621 1289
621 1773
622 768
622 795
622 1056
622 1619
623 1930
624 862
624 909
624 1353
624 1448
624 1491
624 1499
624 1843
624 1933
625 715
625 982
625 1185
625 1417
625 1470
625 1536
625 1904
626 960
626 1028
627 1058
627 1420
628 935
628 1070
628 1131
628 1155
628 1208
628 1319
628 1335
628 1442
628 1981
629 811
629 1018
629 1126
629 1477
629 1650
629 1748
629 1850
630 875
630 1186
631 770
631 1237
631 1525
631 1763
632 797
632 1224
632 1532
632 1676
633 668
633 689
633 814
633 874
633 1062
633 1064
633 1208
633 1280
633 1892
633 1995
634 966
634 1212
634 1299
634 1309
634 1627
634 1944
634 1950
635 747
635 1020
635 1090
635 1252
635 1261
635 1322
635 1869
635 1887
636 1683
636 1908
637 1062
637 1389
638 1005
638 1102
638 1344
638 1410
638 1603
638 1669
639 641
639 1522
640 657
640 948
640 988
640 1728
641 1110
641 1562
641 1756
642 691
642 732
642 1480
642 1537
642 1683
642 1771
643 1099
643 1421
644 950
644 979
644 1021
644 1702
644 1792
644 1854
645 831
645 1140
645 1310
645 1969
646 943
646 989
646 1246
646 1873
646 1956
646 1992
647 868
647 958
647 1118
647 1195
647 1343
647 1605
647 1655
647 1874
648 859
648 1076
648 1174
648 1440
648 1541
648 1573
648 1714
649 725
649 854
649 903
649 1211
649 1365
649 1436
649 1776
649 1853
650 1254
650 1639
651 793
651 818
651 1224
651 1275
651 1494
651 1687
651 1769
652 1251
652 1459
652 1601
652 1632
652 1901
653 753
653 807
653 1119
653 1270
653 1582
654 1237
654 1310
654 1618
655 1027
655 1833
656 999
656 1486
657 728
657 1174
657 1682
657 1985
658 1883
658 1967
659 682
659 702
659 821
659 827
659 1403
659 1605
660 769
660 773
660 1142
660 1545
660 1745
660 1845
660 1862
660 1927
661 868
661 1015
661 1352
661 1619
661 1694
661 1702
662 1068
662 1505
662 1603
662 1668
662 1997
663 885
663 1099
663 1423
663 1766
664 1485
664 1722
665 753
665 1250
665 1427
665 1560
665 1856
666 847
666 925
666 1011
666 1102
666 1390
666 1594
666 1766
666 1824
666 1940
667 1023
667 1245
667 1290
667 1452
667 1501
667 1612
667 1767
667 1944
668 750
668 1164
668 1254
668 1320
668 1350
668 1520
668 1902
669 1369
669 1374
669 1567
669 1603
669 1790
670 738
670 981
670 1175
670 1755
670 1783
671 999
671 1100
671 1444
671 1842
672 825
672 868
672 1043
672 1169
672 1506
672 1822
672 1881
673 861
673 892
673 1341
673 1350
673 1465
674 1064
674 1473
674 1978
675 684
675 856
676 691
676 1707
677 925
677 946
677 1285
677 1706
678 779
678 850
678 1132
678 1676
679 1008
680 1022
680 1095
680 1291
680 1423
680 1466
680 1966
681 689
681 1429
681 1539
682 1008
682 1225
682 1310
682 1523
682 1626
683 1132
683 1345
683 1625
683 1832
683 1992
684 816
684 873
684 1028
684 1043
684 1626
684 1855
685 970
685 1475
685 1609
685 1754
685 1951
686 894
686 1488
686 1817
686 1922
687 755
687 881
687 1081
687 1282
687 1348
687 1498
687 1556
688 735
688 1295
688 1597
688 1661
688 1682
688 1869
689 889
689 905
689 1193
689 1314
689 1430
689 1615
689 1815
689 1910
689 1924
690 1290
690 1738
691 713
691 1055
691 1246
691 1297
691 1354
691 1628
691 1855
691 1956
692 709
692 1222
692 1348
692 1849
693 784
693 878
693 1785
693 1869
694 1279
694 1437
695 1037
695 1196
695 1855
696 837
696 1040
696 1574
696 1919
697 823
697 1120
697 1192
697 1325
697 1688
697 1790
697 1969
698 892
698 1247
698 1474
698 1712
698 1746
698 1895
699 743
699 767
699 1257
700 899
700 1091
700 1117
700 1283
700 1348
700 1672
700 1729
701 798
701 909
701 953
701 1090
701 1281
702 980
702 1783
703 1221
703 1410
703 1623
703 1671
703 1797
703 1916
704 1116
705 728
705 1145
705 1504
705 1845
705 1846
706 1327
707 747
707 1009
707 1082
707 1214
707 1521
707 1691
707 1701
707 1767
707 1974
708 1077
708 1184
708 1192
708 1414
708 1618
709 820
709 987
709 994
709 1203
709 1225
709 1366
709 1402
709 1456
709 1600
709 1813
710 1072
710 1174
710 1351
710 1858
710 1903
710 1961
711 860
711 1273
711 1562
711 1567
711 1912
712 948
712 1106
712 1200
712 1313
712 1694
712 1702
713 1020
713 1626
714 737
714 920
714 1196
714 1265
714 1468
714 1605
714 1618
715 718
715 720
715 739
715 805
715 970
715 1383
716 833
716 894
716 990
716 1018
716 1442
716 1458
716 1861
717 879
717 1048
717 1557
717 1629
717 1997
718 839
718 1000
718 1187
718 1745
718 1988
719 978
719 1390
719 1983
720 895
720 936
720 986
720 1219
720 1248
720 1621
720 1714
720 1831
720 1940
721 753
721 771
721 1335
721 1382
721 1806
721 1927
722 1028
722 1043
722 1939
723 872
723 1281
723 1399
724 948
725 976
725 1103
725 1343
725 1383
725 1425
725 1499
725 1510
725 1558
725 1639
725 1934
726 900
726 1141
726 1368
726 1504
726 1598
726 1661
726 1694
727 829
727 1566
727 1928
728 766
728 1619
728 1788
729 887
729 1096
729 1178
729 1268
729 1354
729 1837
730 1507
730 1577
730 1802
730 1879
730 1965
731 879
731 898
731 991
731 1225
731 1269
731 1568
731 1744
731 1876
731 1880
732 1350
732 1642
732 1828
733 894
733 1040
733 1761
734 881
734 1588
734 1899
734 1950
735 742
735 788
735 911
735 1539
735 1804
735 1845
735 1848
736 905
736 907
736 1565
737 973
737 1016
737 1221
737 1307
737 1394
737 1589
737 1631
737 1634
737 1636
738 751
738 756
738 842
738 1199
739 756
739 876
739 1266
739 1345
739 1557
739 1599
739 1650
739 1802
740 758
740 1124
740 1466
740 1516
740 1714
740 1809
741 894
741 994
741 1205
741 1477
742 1270
742 1536
742 1696
743 1025
743 1167
743 1635
743 1675
743 1991
744 1079
744 1324
744 1338
745 1203
745 1302
745 1349
745 1430
745 1896
746 1077
746 1272
746 1329
746 1587
746 1709
746 1902
748 759
748 786
748 1128
748 1158
748 1190
748 1233
748 1325
748 1336
748 1380
748 1435
748 1857
748 1910
748 1970
749 957
749 979
749 1121
749 1154
749 1319
749 1537
749 1837
749 1924
750 1701
750 1982
751 841
751 920
751 1165
752 766
752 1166
752 1270
752 1333
752 1474
752 1486
752 1508
753 874
753 1016
753 1050
753 1247
753 1575
754 843
754 1183
754 1466
754 1734
754 1839
755 794
755 864
755 911
755 979
755 1068
755 1536
755 1860
756 1310
756 1431
756 1576
756 1870
756 1913
757 1394
757 1510
757 1865
757 1908
758 771
758 950
758 1470
758 1564
759 1202
759 1287
759 1893
760 792
760 1363
760 1792
760 1799
761 1728
762 899
762 961
762 1020
762 1341
762 1387
762 1437
762 1485
762 1648
762 1653
763 1196
763 1394
763 1445
763 1505
764 798
764 1291
765 1321
765 1358
765 1536
765 1781
765 1807
766 1102
766 1131
766 1242
766 1439
766 1669
767 806
767 1004
767 1030
767 1137
767 1522
767 1995
768 1044
768 1713
768 1963
769 1069
769 1205
769 1355
769 1723
769 1863
769 1911
770 879
770 891
770 1038
770 1314
770 1431
770 1485
770 1710
771 846
771 884
771 927
771 981
771 1130
772 1079
772 1224
772 1847
772 1997
773 926
773 973
773 1083
773 1088
773 1726
773 1757
773 1897
773 1919
774 1550
774 1608
774 1743
774 1917
774 1992
775 833
775 1107
775 1550
775 1581
775 1586
776 835
776 895
776 971
776 1266
776 1327
776 1952
777 1004
777 1598
777 1932
778 914
778 1111
778 1446
778 1502
779 790
779 1051
779 1106
779 1348
779 1430
779 1494
779 1666
780 1250
780 1296
780 1434
780 1506
780 1538
780 1657
780 1660
781 864
781 1536
781 1699
782 1121
782 1129
782 1447
782 1677
782 1901
783 983
783 1069
783 1233
783 1767
784 896
784 1305
784 1329
784 1335
784 1484
784 1510
784 1564
784 1567
785 890
785 1322
785 1411
785 1548
785 1866
786 955
786 989
786 1054
786 1264
786 1526
786 1845
786 1863
787 818
787 834
787 998
787 1026
787 1732
788 997
788 1534
788 1697
788 1721
788 1808
788 1824
788 1941
789 802
789 872
789 994
789 1071
789 1177
789 1962
790 880
790 1092
790 1300
791 1019
791 1028
791 1296
791 1326
792 871
792 998
792 1397
792 1865
793 949
793 988
793 1459
793 1518
794 932
794 1132
794 1163
794 1612
794 1936
795 1635
795 1887
795 1980
796 1316
796 1323
796 1550
796 1919
797 967
797 1141
797 1322
797 1411
797 1595
798 1625
798 1684
798 1699
798 1770
798 1962
798 1982
799 957
799 1265
799 1652
800 916
800 934
800 971
800 1182
800 1554
800 1954
801 954
801 1162
801 1756
802 878
802 1032
802 1315
803 911
804 1412
804 1422
804 1536
804 1624
805 924
805 959
805 1469
805 1502
806 922
806 1084
806 1187
807 1541
807 1918
807 1927
808 970
808 1385
809 1002
809 1307
809 1337
809 1411
809 1626
810 1062
810 1148
810 1262
810 1339
810 1833
810 1874
811 873
811 894
811 988
811 1015
811 1104
811 1120
811 1563
811 1740
812 897
812 1130
812 1191
812 1722
812 1831
812 1949
813 969
813 973
813 1280
813 1339
813 1617
813 1750
814 1363
814 1485
814 1830
815 822
815 844
815 891
815 1642
815 1690
815 1962
816 1008
816 1082
816 1127
816 1533
817 1013
817 1321
817 1455
817 1746
818 839
818 1645
818 1713
818 1714
818 1733
818 1885
819 907
819 997
819 1031
819 1641
819 1757
820 1273
820 1320
821 968
821 1011
821 1057
821 1345
821 1495
821 1628
821 1630
821 1745
821 1849
822 969
822 1082
822 1125
822 1297
822 1416
822 1559
822 1767
823 904
823 1035
823 1318
823 1914
824 1069
824 1349
824 1636
826 1199
826 1243
826 1264
826 1485
826 1647
827 1403
827 1661
827 1827
827 1927
828 1105
828 1211
828 1492
828 1798
828 1997
829 1033
829 1065
829 1119
829 1397
829 1518
829 1813
830 943
830 978
830 1103
830 1148
830 1402
831 1460
831 1528
831 1599
831 1961
832 1342
832 1446
832 1757
832 1947
833 880
833 928
833 1200
833 1565
834 979
834 1055
834 1461
834 1465
834 1773
835 1236
835 1638
835 1863
836 1484
836 1551
836 1553
836 1941
837 1676
838 1302
838 1304
838 1500
838 1827
839 932
839 1089
839 1105
839 1215
839 1856
839 1867
839 1930
839 1985
840 1059
840 1304
840 1368
841 957
841 1343
841 1628
841 1670
841 1812
841 1850
842 942
842 1207
842 1468
842 1531
842 1656
842 1787
843 973
843 979
843 987
843 1065
843 1139
843 1165
843 1227
843 1237
843 1311
843 1756
844 1227
844 1238
844 1288
844 1333
844 1521
844 1781
844 1848
844 1887
845 1023
845 1184
845 1300
845 1486
845 1558
845 1774
845 1801
845 1929
846 854
846 941
846 1689
847 1277
847 1823
847 1959
848 1474
848 1581
848 1667
848 1904
848 1906
849 1216
849 1706
849 1729
849 1785
850 989
850 1011
850 1261
850 1797
851 866
851 896
851 1119
851 1130
851 1632
851 1946
852 1733
853 1170
853 1262
853 1420
853 1953
854 1122
854 1856
855 937
855 1159
855 1171
855 1239
855 1274
855 1641
855 1792
855 1893
856 927
856 1017
856 1417
856 1672
856 1755
857 1394
857 1473
857 1664
858 951
858 1592
858 1758
859 1189
859 1806
860 1011
860 1357
860 1681
861 1020
861 1191
861 1313
861 1475
861 1581
861 1718
862 1295
862 1354
862 1390
862 1415
862 1757
862 1890
862 1917
863 1013
863 1055
863 1790
863 1850
863 1875
864 1825
864 1899
865 945
865 1147
865 1484
865 1580
865 1860
865 1898
866 941
866 1252
866 1359
866 1495
866 1750
866 1894
867 890
867 959
867 1314
867 1383
867 1463
867 1725
868 949
868 1077
868 1292
868 1309
868 1877
868 1909
869 1036
869 1243
869 1401
869 1634
869 1693
869 1872
869 1968
870 1125
870 1156
870 1192
870 1281
870 1382
870 1424
871 936
871 1092
871 1999
872 1751
872 1765
873 1043
873 1251
873 1270
874 1061
874 1723
875 1048
875 1119
875 1133
875 1289
875 1354
876 909
876 918
876 1148
876 1405
876 1528
876 1702
876 1939
877 975
877 999
877 1082
877 1509
877 1691
877 1822
878 1035
878 1149
878 1162
878 1702
878 1990
879 923
879 978
879 1041
879 1233
880 1759
880 1980
881 1180
881 1198
881 1201
881 1654
881 1841
882 1330
882 1563
882 1858
883 1353
883 1371
883 1867
883 1903
884 1029
884 1050
885 918
885 934
885 937
885 1352
885 1411
885 1560
885 1570
885 1615
885 1685
885 1823
885 1875
885 1968
886 1019
886 1621
886 1828
887 1307
887 1609
887 1739
887 1973
888 924
888 1257
888 1480
888 1673
889 1018
889 1093
889 1094
889 1139
889 1749
889 1984
890 1011
890 1049
890 1121
890 1346
890 1413
890 1554
890 1594
890 1602
891 930
891 1272
891 1662
891 1854
891 1860
891 1893
891 1995
892 1257
892 1750
893 897
893 1518
893 1738
894 1030
894 1327
894 1660
894 1724
895 1772
896 923
896 1132
897 937
897 1130
897 1358
897 1426
897 1649
898 1033
898 1051
898 1369
898 1376
898 1712
898 1946
898 1974
899 1156
899 1453
899 1640
899 1758
900 1372
900 1399
900 1675
900 1800
901 1132
901 1231
901 1952
902 968
902 1066
902 1222
902 1828
903 1279
903 1450
903 1688
903 1964
903 1969
904 1006
904 1085
904 1311
904 1875
904 1888
905 1073
905 1686
905 1691
905 1710
905 1871
906 1050
906 1186
906 1487
906 1779
906 1921
907 1156
907 1362
908 1168
908 1205
908 1285
908 1579
908 1712
909 960
909 1068
909 1215
909 1411
909 1414
909 1742
910 1331
910 1666
911 1319
911 1431
911 1528
911 1662
912 1364
912 1412
913 1124
913 1286
913 1665
913 1866
913 1943
914 1138
914 1168
914 1821
915 1303
915 1461
915 1604
915 1671
915 1674
915 1690
915 1799
915 1929
916 1041
916 1233
916 1379
917 1217
917 1300
917 1509
917 1586
917 1672
918 1640
918 1911
919 1194
919 1532
919 1982
919 1986
920 1486
921 1787
921 1915
923 945
924 951
924 1004
924 1368
925 1076
925 1258
925 1303
925 1597
925 1757
926 984
926 1000
926 1251
926 1259
926 1358
926 1555
927 990
927 1110
927 1299
927 1350
927 1582
927 1739
927 1756
927 1842
928 1190
928 1213
928 1249
929 1499
930 1046
931 1543
931 1738
932 992
932 1036
932 1135
932 1173
932 1548
932 1675
933 1189
933 1313
933 1349
933 1758
933 1816
933 1883
934 1409
934 1767
935 1547
936 1214
936 1843
936 1868
937 1081
937 1960
937 1976
938 1132
938 1391
938 1620
939 1332
940 1402
940 1588
940 1958
941 1495
941 1784
942 981
942 1146
942 1147
942 1308
942 1653
942 1793
943 1315
943 1416
943 1509
943 1673
943 1937
944 980
944 1367
944 1650
945 989
945 1015
945 1063
945 1451
945 1497
945 1754
945 1910
945 1970
946 1181
946 1271
947 1024
947 1123
947 1334
947 1433
947 1783
948 1170
948 1595
948 1806
948 1853
949 1050
949 1069
949 1086
949 1443
949 1531
949 1617
949 1831
950 1161
950 1431
950 1768
950 1837
950 1840
951 1137
951 1311
951 1385
951 1709
951 1970
952 1288
952 1814
952 1935
952 1966
953 1262
953 1300
953 1407
953 1579
953 1775
953 1907
953 1940
953 1987
954 1086
954 1150
954 1351
954 1771
954 1784
954 1862
954 1908
954 1950
954 1983
955 1050
955 1170
955 1819
956 1011
956 1352
956 1999
957 1341
957 1700
958 1024
958 1126
958 1708
958 1767
958 1967
959 1016
959 1599
959 1998
960 1210
960 1399
960 1617
960 1742
961 977
961 1384
961 1592
962 1024
962 1327
962 1721
962 1854
962 1917
963 1184
963 1209
963 1224
963 1338
963 1363
963 1824
963 1942
964 1186
964 1286
965 1035
965 1094
965 1457
966 1093
966 1947
967 1753
967 1785
967 1852
968 1161
968 1199
968 1381
969 1165
969 1312
969 1422
969 1554
969 1639
970 1029
970 1560
970 1778
971 1072
971 1346
971 1905
972 1874
973 1529
973 1668
973 1796
974 1387
974 1607
974 1825
975 1297
975 1711
975 1730
975 1906
976 1525
976 1896
977 1288
977 1585
977 1667
977 1684
977 1750
978 1364
978 1375
978 1504
978 1810
979 1862
980 1180
980 1209
980 1231
980 1380
981 1018
981 1172
981 1341
981 1999
982 1030
982 1409
982 1568
982 1656
982 1676
982 1746
982 1770
983 1084
983 1100
983 1197
983 1523
983 1839
984 1027
984 1300
984 1352
984 1553
984 1763
984 1771
984 1821
984 1982
985 1353
985 1496
985 1542
986 1435
987 1297
987 1307
987 1698
988 1155
988 1565
988 1577
988 1970
989 1205
989 1488
989 1663
989 1774
989 1795
990 1145
990 1220
990 1296
990 1355
990 1418
990 1619
990 1835
990 1876
990 1977
991 1437
991 1641
991 1923
992 1222
992 1686
992 1785
992 1826
993 1174
993 1278
993 1484
993 1820
994 1081
994 1284
994 1691
994 1961
995 1162
995 1486
995 1687
995 1969
996 1193
996 1635
996 1646
996 1654
997 1120
997 1284
997 1419
997 1773
997 1783
997 1917
997 1989
997 1993
998 1408
998 1602
999 1327
999 1507
999 1935
1000 1025
1000 1243
1000 1532
1000 1646
1000 1659
1000 1672
1000 1973
1001 1072
1001 1918
1002 1131
1002 1329
1002 1399
1002 1903
1002 1963
1003 1154
1003 1366
1003 1846
1003 1938
1004 1145
1004 1267
1004 1539
1004 1838
1005 1283
1005 1686
1006 1079
1006 1174
1007 1143
1007 1562
1007 1914
1008 1427
1011 1203
1011 1650
1012 1066
1012 1386
1013 1164
1013 1950
1014 1270
1014 1314
1014 1326
1014 1887
1014 1917
1015 1593
1015 1777
1015 1978
1017 1366
1017 1391
1017 1743
1017 1755
1017 1929
1018 1057
1018 1359
1018 1525
1018 1689
1018 1750
1019 1492
1019 1726
1020 1136
1020 1518
1020 1617
1020 1967
1021 1276
1021 1482
1021 1503
1021 1888
1022 1353
1022 1362
1022 1466
1022 1647
1022 1665
1022 1765
1022 1864
1024 1274
1024 1636
1024 1753
1025 1359
1025 1471
1025 1852
1026 1047
1026 1266
1027 1637
1027 1888
1027 1926
1028 1431
1028 1551
1028 1575
1028 1901
1029 1279
1029 1433
1030 1637
1030 1699
1030 1866
1031 1132
1031 1177
1031 1344
1031 1348
1031 1432
1031 1557
1031 1629
1031 1726
1032 1037
1032 1664
1033 1149
1033 1370
1033 1451
1033 1518
1033 1874
1034 1217
1034 1782
1035 1077
1035 1249
1036 1240
1036 1668
1036 1741
1036 1909
1037 1199
1037 1389
1037 1603
1037 1923
1038 1083
1038 1123
1038 1949
1039 1482
1039 1766
1039 1823
1040 1049
1040 1816
1041 1059
1041 1088
1041 1214
1041 1236
1041 1240
1041 1283
1041 1840
1041 1936
1041 1970
1042 1671
1042 1939
1042 1963
1043 1327
1043 1931
1044 1234
1044 1426
1044 1439
1044 1578
1044 1691
1044 1863
1045 1181
1046 1089
1047 1361
1047 1785
1047 1831
1047 1870
1048 1405
1048 1453
1048 1688
1049 1064
1049 1327
1049 1651
1049 1967
1050 1052
1050 1085
1050 1228
1050 1333
1050 1462
1050 1923
1051 1486
1051 1528
1052 1158
1052 1328
1052 1385
1052 1556
1052 1665
1052 1815
1053 1057
1053 1639
1054 1491
1054 1703
1055 1382
1055 1584
1056 1251
1056 1577
1057 1398
1057 1625
1057 1948
1058 1135
1058 1624
1058 1910
1059 1088
1059 1586
1059 1824
1060 1360
1060 1444
1060 1675
1060 1817
1061 1080
1061 1174
1062 1065
1062 1158
1062 1517
1062 1660
1062 1750
1063 1295
1063 1761
1063 1894
1064 1475
1064 1510
1064 1521
1064 1695
1065 1257
1065 1626
1065 1917
1067 1349
1067 1397
1068 1238
1068 1548
1068 1558
1069 1093
1069 1653
1069 1779
1070 1573
1070 1710
1070 1727
1070 1888
1071 1518
1071 1672
1071 1925
1072 1098
1072 1102
1072 1147
1072 1320
1072 1578
1072 1672
1072 1712
1072 1766
1072 1806
1072 1893
1073 1136
1073 1445
1075 1230
1075 1246
1075 1414
1076 1940
1077 1145
1077 1528
1077 1558
1077 1619
1077 1865
1078 1256
1078 1293
1078 1304
1078 1692
1078 1885
1079 1366
1079 1400
1079 1723
1080 1457
1080 1502
1080 1827
1080 1873
1081 1826
1082 1182
1082 1331
1082 1520
1082 1717
1082 1826
1083 1296
1083 1430
1083 1612
1083 1740
1083 1754
1083 1883
1084 1128
1085 1237
1085 1365
1085 1836
1086 1137
1086 1190
1086 1304
1086 1315
1086 1951
1087 1097
1087 1500
1087 1607
1087 1640
1087 1999
1088 1967
1089 1646
1089 1949
1091 1334
1091 1621
1091 1885
1091 2000
1093 1198
1093 1912
1094 1342
1094 1426
1095 1350
1095 1396
1095 1492
1095 1573
1096 1263
1096 1359
1096 1374
1096 1492
1096 1703
1097 1944
1098 1103
1098 1216
1098 1292
1098 1548
1098 1669
1098 1879
1099 1285
1099 1303
1099 1391
1099 1760
1099 1870
1099 1920
1100 1539
1100 1965
1101 1719
1103 1168
1103 1306
1103 1421
1103 1573
1103 1800
1104 1168
1104 1362
1104 1810
1104 1911
1105 1107
1105 1682
1105 1914
1106 1328
1106 1564
1107 1223
1107 1940
1108 1294
1108 1800
1109 1129
1109 1185
1109 1187
1109 1469
1109 1844
1110 1395
1110 1434
1110 1501
1110 1539
1110 1693
1110 1695
1110 1946
1111 1774
1111 1973
1112 1386
1112 1451
1112 1601
1112 1665
1113 1163
1113 1292
1113 1340
1113 1517
1114 1170
1114 1286
1114 1481
1114 1886
1115 1542
1116 1166
1116 1535
1116 1564
1116 1776
1116 1838
1116 1931
1117 1120
1117 1208
1117 1215
1117 1557
1117 1609
1117 1926
1118 1732
1118 1840
1119 1403
1119 1513
1119 1783
1120 1130
1120 1169
1120 1476
1121 1159
1121 1364
1121 1585
1122 1386
1122 1497
1122 1534
1122 1921
1123 1160
1123 1722
1123 1758
1124 1165
1125 1159
1125 1734
1125 1797
1126 1593
1126 1678
1127 1188
1127 1411
1127 1452
1127 1513
1127 1542
1127 1598
1127 1762
1127 1867
1128 1190
1128 1696
1128 1924
1129 1156
1129 1455
1130 1462
1130 1468
1130 1859
1131 1330
1131 1906
1131 1997
1132 1173
1132 1628
1132 1695
1132 1939
1133 1301
1133 1413
1133 1577
1133 1592
1133 1836
1133 1947
1134 1371
1134 1381
1134 1718
1134 1896
1134 1963
1135 1666
1136 1179
1136 1235
1136 1341
1136 1518
1136 1940
1136 1992
1137 1433
1137 1697
1138 1306
1138 1709
1138 1929
1139 1150
1139 1276
1139 1585
1139 1758
1139 1963
1140 1443
1140 1447
1140 1636
1140 1683
1141 1216
1141 1363
1142 1625
1142 1728
1142 1911
1143 1186
1143 1255
1143 1593
1143 1787
1144 1199
1145 1486
1145 1537
1145 1584
1145 1955
1146 1326
1147 1183
1147 1234
1147 1492
1147 1945
1147 1960
1148 1167
1148 1527
1148 1950
1149 1343
1149 1873
1151 1434
1151 1443
1151 1947
1152 1823
1153 1246
1153 1361
1153 1457
1153 1965
1154 1232
1154 1559
1154 1648
1155 1170
1155 1563
1155 1597
1155 1618
1156 1455
1156 1673
1156 1839
1157 1285
1157 1707
1157 1770
1158 1187
1158 1681
1159 1429
1159 1470
1159 1551
1159 1813
1159 1858
1160 1186
1160 1683
1161 1739
1161 1827
1162 1169
1163 1175
1163 1879
1163 1928
1164 1395
1164 1430
1164 1442
1164 1622
1164 1627
1164 1665
1164 1808
1165 1384
1165 1538
1165 1887
1166 1829
1166 1925
1167 1316
1168 1693
1169 1239
1169 1802
1169 1935
1170 1621
1170 1910
1171 1550
1171 1820
1172 1728
1173 1398
1173 1612
1174 1291
1174 1468
1174 1831
1176 1177
1176 1191
1176 1964
1177 1571
1178 1344
1178 1637
1178 1961
1179 1236
1179 1532
1179 1601
1179 1830
1179 1954
1180 1918
1181 1368
1181 1539
1181 1547
1181 1735
1182 1359
1182 1945
1183 1339
1183 1983
1184 1233
1184 1480
1184 1707
1184 1822
1185 1833
1185 1926
1186 1279
1186 1325
1186 1397
1187 1206
1187 1439
1187 1717
1187 1832
1188 1243
1188 1471
1188 1494
1188 1695
1188 1871
1189 1359
1190 1284
1190 1440
1190 1606
1191 1653
1191 1835
1192 1823
1192 1950
1192 1992
1193 1367
1193 1849
1194 1430
1194 1468
1194 1486
1194 1736
1194 2000
1195 1208
1196 1728
1196 1826
1196 1861
1196 1996
1197 1248
1197 1742
1198 1511
1198 1997
1199 1338
1199 1342
1199 1560
1200 1272
1200 1344
1200 1759
1201 1292
1201 1487
1201 1785
1202 1743
1202 1801
1202 1895
1202 1940
1203 1607
1204 1459
1204 1516
1205 1469
1205 1797
1205 1821
1206 1312
1206 1397
1206 1963
1207 1871
1208 1632
1208 1640
1208 1763
1209 1401
1209 1449
1209 1582
1209 1660
1209 1959
1210 1415
1210 1427
1210 1800
1210 1954
1211 1682
1211 1799
1213 1333
1213 1480
1213 1590
1213 1969
1214 1385
1214 1795
1215 1293
1215 1526
1215 1736
1216 1335
1216 1734
1216 1927
1217 1468
1218 1326
1218 1420
1218 1512
1218 1593
1218 1610
1218 1757
1219 1342
1219 1724
1219 1908
1219 1975
1220 1322
1220 1444
1220 1570
1220 1702
1221 1370
1221 1749
1222 1388
1222 1474
1223 1339
1223 1506
1223 1594
1223 1871
1224 1376
1224 1512
1225 1260
1225 1469
1226 1245
1227 1427
1227 1621
1227 1776
1228 1253
1228 1923
1229 1344
1229 1742
1230 1247
1230 1458
1230 1668
1230 1792
1231 1370
1231 1836
1231 1848
1231 1966
1232 1376
1233 1846
1233 1909
1234 1251
1234 1381
1234 1404
1234 1475
1234 1727
1235 1718
1235 1855
1235 1880
1236 1293
1236 1353
1236 1861
1237 1610
1237 1733
1237 1882
1237 1913
1238 1379
1238 1749
1238 1823
1238 1894
1239 1285
1239 1561
1240 1362
1241 1791
1241 1798
1242 1320
1242 1348
1242 1661
1242 1870
1243 1663
1243 1947
1244 1945
1245 1818
1246 1680
1247 1299
1247 1731
1247 1843
1248 1334
1248 1625
1248 1644
1249 1460
1249 1620
1249 1714
1249 1718
1249 1897
1250 1429
1250 1781
1250 1860
1250 1874
1250 1883
1251 1253
1251 1470
1252 1422
1252 1665
1252 1689
1252 1749
1253 1321
1253 1920
1254 1295
1254 1389
1254 1908
1254 1913
1254 1963
1255 1412
1255 1608
1255 1940
1256 1501
1256 1560
1257 1614
1258 1343
1259 1260
1259 1330
1259 1377
1259 1571
1259 1576
1259 1873
1260 1693
1260 1802
1260 1888
1261 1385
1261 1627
1261 1765
1261 1944
1261 1988
1262 1806
1262 1837
1262 1857
1263 1528
1263 1599
1263 1878
1263 1930
1264 1321
1264 1887
1265 1613
1265 1800
1265 1994
1266 1745
1266 1870
1267 1401
1267 1405
1267 1415
1267 1432
1268 1928
1269 1615
1269 1930
1270 1709
1270 1838
1271 1342
1271 1426
1271 1988
1272 1743
1273 1367
1273 1988
1274 1477
1274 1552
1274 1778
1275 1995
1276 1444
1276 1496
1276 1500
1277 1298
1277 1389
1278 1371
1279 1500
1279 1634
1280 1328
1280 1990
1281 1296
1281 1785
1282 1406
1283 1567
1283 1579
1283 1611
1283 1830
1284 1307
1284 1339
1284 1501
1284 1952
1284 1978
1285 1469
1286 1427
1286 1832
1287 1315
1287 1969
1288 1347
1288 1585
1288 1807
1288 1914
1289 1430
1289 1465
1289 1816
1290 1554
1290 1557
1290 1807
1291 1733
1291 1792
1292 1298
1292 1462
1292 1492
1292 1888
1293 1786
1293 1844
1295 1381
1295 1534
1295 1608
1295 1963
1296 1332
1296 1426
1296 1805
1297 1412
1297 1667
1297 1834
1298 1905
1298 1974
1298 1997
1299 1587
1299 1847
1300 1408
1300 1651
1301 1444
1301 1778
1302 1637
1302 1668
1302 1700
1302 1703
1303 1755
1303 1828
1305 1878
1307 1395
1307 1556
1307 1839
1307 1910
1308 1530
1308 1968
1309 1358
1309 1383
1309 1735
1310 1344
1310 1601
1310 1628
1311 1378
1311 1388
1311 1656
1311 1739
1311 1810
1312 1757
1312 1985
1313 1335
1313 1619
1314 1921
1314 1957
1315 1487
1315 1564
1315 1699
1316 1600
1317 1319
1317 1456
1317 1791
1317 1902
1318 1425
1318 1429
1318 1472
1318 1498
1318 1639
1318 1922
1319 1336
1319 1583
1319 1765
1319 1791
1319 1854
1319 1992
1320 1840
1320 1892
1321 1493
1321 1631
1321 1873
1322 1930
1323 1453
1323 1664
1323 1784
1323 1996
1324 1416
1324 1579
1324 1615
1325 1423
1325 1550
1326 1522
1326 1915
1326 1985
1327 1667
1327 1730
1327 1768
1328 1526
1328 1557
1328 1702
1329 1613
1329 1972
1330 1697
1330 1795
1331 1684
1331 1907
1331 1991
1332 1451
1332 1534
1333 1542
1333 1838
1334 1341
1334 1493
1334 1734
1334 1987
1335 1523
1335 1667
1335 1833
1335 1942
1336 1575
1336 1665
1336 1789
1336 1845
1339 1427
1339 1453
1339 1548
1339 1809
1340 1511
1340 1563
1340 1713
1340 1719
1340 1987
1342 1970
1343 1611
1343 1629
1343 1823
1343 1969
1344 1643
1344 1963
1345 1632
1345 1697
1346 1745
1346 1953
1347 1586
1347 1837
1348 1443
1348 1497
1348 1800
1349 1378
1349 1794
1350 1402
1350 1700
1350 1987
1351 1784
1352 1437
1354 1468
1354 1706
1355 1600
1355 1723
1355 1996
1356 1691
1356 1703
1356 1726
1357 1361
1357 1514
1359 1673
1359 1815
1359 1865
1361 1925
1361 1944
1362 1410
1362 1739
1362 1838
1362 1986
1363 1528
1365 1443
1365 1904
1365 1917
1366 1367
1366 1451
1366 1587
1366 1935
1367 1550
1367 1597
1368 1391
1368 1660
1369 1523
1369 1717
1369 1817
1369 1853
1370 1591
1370 1629
1370 1784
1371 1884
1372 1463
1372 1736
1374 1844
1375 1496
1375 1509
1375 1511
1376 1445
1376 1453
1376 1736
1376 1970
1377 1814
1377 1928
1378 1384
1378 1535
1378 1721
1378 1771
1379 1714
1379 2000
1380 1944
1381 1445
1381 1736
1382 1462
1383 1670
1383 1705
1384 1870
1385 1685
1385 1766
1386 1806
1387 1425
1387 1710
1387 1826
1387 1861
1387 1968
1388 1505
1388 1599
1388 1683
1389 1567
1389 1624
1389 1837
1389 1852
1389 1953
1390 1783
1391 1878
1391 1917
1392 1891
1393 1560
1393 1631
1393 1739
1393 1744
1393 1946
1394 1565
1395 1481
1395 1550
1395 1559
1395 1592
1395 1934
1396 1750
1396 1840
1396 1947
1397 1507
1397 1600
1397 1614
1397 1741
1397 1742
1397 1937
1398 1609
1398 1625
1398 1962
1399 1538
1399 1626
1399 1764
1399 1911
1399 1954
1400 1653
1400 1720
1401 1652
1402 1681
1402 1684
1402 1792
1402 1918
1403 1529
1403 1551
1403 1665
1404 1768
1404 1782
1404 1798
1405 1428
1405 1435
1405 1838
1405 1843
1406 1513
1406 1954
1407 1409
1407 1976
1409 1678
1409 1756
1409 1904
1411 1647
1411 1660
1412 1725
1413 1442
1413 1447
1413 1577
1415 1686
1415 1977
1416 1572
1416 1717
1416 1911
1418 1587
1418 1683
1418 1723
1422 1630
1423 1727
1424 1471
1427 1457
1428 1741
1429 1901
1430 1817
1430 1910
1430 1971
1431 1484
1431 1520
1431 1647
1431 1724
1431 1857
1431 1961
1431 1991
1432 1478
1432 1594
1432 1881
1432 1998
1433 1597
1434 1832
1435 1478
1436 1520
1436 1629
1436 1733
1437 1482
1438 1603
1439 1497
1439 1612
1440 1443
1441 1574
1441 1648
1441 1764
1442 1631
1443 1534
1443 1812
1443 1864
1446 1468
1446 1624
1446 1893
1447 1643
1447 1831
1448 1510
1449 1612
1449 1927
1450 1562
1451 1535
1453 1675
1454 1548
1454 1857
1455 1520
1456 1502
1456 1556
1456 1644
1456 1931
1457 1845
1458 1495
1458 1580
1458 1821
1459 1514
1459 1522
1459 1598
1459 1939
1459 1964
1460 1489
1460 1636
1460 1717
1461 1705
1461 1865
1462 1492
1462 1525
1462 1527
1462 1555
1462 1631
1463 1695
1464 1487
1464 1940
1464 1965
1465 1745
1465 1892
1466 1823
1467 1481
1467 1650
1468 1694
1469 1547
1469 1711
1469 1844
1470 1538
1470 1543
1472 1721
1473 1991
1474 1531
1474 1555
1474 1732
1474 1809
1474 1940
1476 1723
1476 1935
1477 1787
1477 1869
1477 1902
1478 1755
1479 1823
1480 1807
1480 1995
1481 1532
1481 1700
1481 1995
1482 1853
1484 1734
1484 1899
1485 1562
1485 1639
1485 1718
1485 1871
1485 1876
1485 1948
1486 1582
1486 1816
1486 1911
1487 1694
1487 1765
1487 1795
1487 1984
1488 1537
1488 1770
1488 1854
1488 1855
1489 1642
1490 1503
1490 1592
1491 1766
1491 1794
1492 1953
1493 1562
1493 1887
1495 1856
1496 1657
1497 1625
1497 1721
1497 1824
1497 1939
1497 1943
1498 1950
1499 1723
1501 1860
1502 1755
1504 1973
1505 1767
1506 1884
1506 1925
1506 1986
1507 1977
1509 1554
1509 1859
1509 1973
1510 1741
1510 1801
1510 1827
1510 1952
1511 1516
1511 1654
1511 1762
1511 1805
1512 1896
1514 1838
1514 1897
1514 1976
1515 1671
1515 1775
1515 1941
1516 1625
1516 1638
1516 1700
1517 1535
1519 1612
1519 1991
1520 1758
1521 1577
1521 1688
1521 1707
1521 1938
1522 1540
1522 1717
1523 1973
1524 1721
1524 1867
1524 1875
1524 1964
1525 1812
1525 1815
1526 1813
1527 1725
1527 1742
1528 1893
1529 1583
1529 1615
1529 1618
1529 1766
1529 1827
1529 1842
1529 1907
1530 1739
1531 1795
1531 1855
1531 1984
1533 1573
1534 1689
1534 1766
1534 1782
1535 1810
1535 1959
1536 1758
1537 1539
1537 1584
1537 1699
1537 1890
1538 1608
1538 1629
1539 1671
1539 1754
1539 1900
1541 1957
1541 1978
1542 1573
1543 1547
1544 1944
1546 1558
1546 1775
1547 1788
1547 1821
1548 1910
1549 1853
1549 1963
1550 1829
1551 1676
1551 1741
1551 1939
1552 1780
1552 1875
1553 1719
1553 1729
1553 1844
1553 1982
1555 1623
1557 1955
1559 1734
1559 1764
1559 1821
1561 1629
1562 1629
1562 1685
1562 1715
1562 1874
1562 1981
1563 1666
1563 1875
1564 1669
1564 1876
1564 1965
1565 1936
1566 1678
1566 1742
1567 1641
1567 1670
1567 1703
1567 1766
1568 1983
1568 1991
1570 1680
1570 1884
1570 1899
1571 1961
1572 1645
1572 1870
1573 1870
1574 1736
1574 1880
1575 1670
1577 1595
1577 1623
1578 1881
1579 1756
1579 1945
1579 1947
1580 1757
1580 1780
1581 1712
1581 1735
1581 1839
1582 1599
1582 1669
1582 1762
1582 1827
1583 1646
1584 1662
1584 1740
1584 1761
1584 1817
1586 1944
1586 1945
1589 1769
1589 1788
1590 1649
1590 1783
1591 1884
1592 1608
1592 1902
1592 1929
1593 1962
1594 1852
1595 1717
1596 1652
1596 1943
1597 1607
1597 1639
1599 1614
1599 1630
1599 1631
1600 1779
1600 1904
1600 1977
1601 1662
1601 1695
1602 1833
1603 1694
1605 1640
1607 1892
1607 1925
1608 1618
1608 1694
1610 1644
1610 1671
1612 1789
1612 1907
1614 1626
1614 1723
1614 1924
1614 1959
1615 1700
1616 1768
1617 1666
1617 1748
1617 1945
1619 1674
1619 1695
1620 1740
1620 1884
1621 1841
1622 1666
1623 1806
1624 1979
1625 1848
1625 1987
1626 1666
1626 1721
1626 1764
1626 1822
1627 1758
1628 1632
1628 1827
1628 1885
1628 1956
1629 1803
1629 1832
1629 1921
1630 1992
1631 2000
1632 1714
1632 1888
1632 1919
1632 1990
1634 1664
1634 1964
1635 1847
1635 1963
1636 1757
1636 1892
1636 1955
1638 1835
1639 1706
1639 1840
1639 1983
1639 1995
1640 1756
1641 1785
1641 1827
1646 1683
1646 1958
1650 1973
1651 1692
1651 1731
1651 1750
1651 1805
1653 1900
1655 1748
1655 1792
1655 1835
1656 1923
1658 1943
1661 1815
1661 1979
1662 1687
1662 1842
1663 1772
1665 1759
1665 1998
1668 1862
1669 1833
1669 1884
1669 1897
1669 1934
1670 1758
1670 1763
1670 1926
1671 1710
1671 1801
1671 1831
1671 1856
1671 1948
1672 1833
1674 1724
1675 1958
1676 1861
1677 1710
1677 1768
1678 1752
1678 1888
1680 1984
1684 1707
1684 1728
1684 1890
1684 1938
1686 1783
1686 1890
1686 1902
1687 1834
1689 1723
1690 1709
1690 1942
1691 1983
1692 1890
1693 1717
1693 1811
1695 1879
1698 1922
1698 1936
1699 1702
1700 1706
1700 1718
1701 1772
1702 1990
1704 1902
1706 1891
1707 1749
1707 1955
1708 1752
1708 1910
1708 1980
1708 1992
1709 1983
1711 1784
1711 1832
1712 1779
1713 1741
1715 1830
1715 1996
1717 1770
1719 1753
1719 1764
1719 1816
1720 1911
1720 1918
1720 1920
1722 1871
1722 1999
1725 1925
1726 1963
1727 1738
1731 1864
1734 1969
1735 1764
1735 1798
1735 1959
1736 1794
1738 1904
1739 1890
1740 1815
1744 1935
1745 1835
1748 1993
1749 1987
1750 1906
1751 1756
1751 1953
1752 1869
1753 1825
1754 1797
1757 1871
1758 1804
1758 1880
1759 1842
1760 1944
1761 1982
1762 1936
1765 1785
1766 1896
1766 1970
1767 1879
1770 1788
1770 1982
1771 1787
1775 1919
1777 1967
1777 1993
1779 1781
1779 1828
1780 1870
1782 1792
1782 1890
1782 1980
1782 1996
1783 1996
1784 1811
1784 1926
1787 1853
1788 1806
1788 1862
1790 1930
1792 1874
1795 1831
1796 1804
1796 1967
1797 1941
1798 1890
1798 1994
1799 1912
1800 1954
1805 1966
1806 1814
1806 1839
1814 1904
1816 2000
1822 1852
1823 1968
1825 1889
1827 1962
1829 1863
1829 1888
1832 1944
1833 1922
1833 1983
1833 1995
1835 1937
1838 1890
1839 1951
1841 1928
1843 1866
1845 1994
1846 1883
1851 1888
1851 1999
1853 1948
1856 1884
1856 1966
1865 1872
1865 1950
1865 1954
1865 1958
1866 1969
1869 1962
1872 1873
1873 1909
1873 1964
1878 1967
1879 1934
1889 1916
1891 1964
1896 1903
1896 1930
1897 1953
1897 1982
1900 1906
1901 1962
1903 1919
1904 1905
1909 1937
1925 1982
1950 1966
1959 1985
1969 1991
1971 2000