2000
1 1124
1 1156
1 1346
1 1496
1 1921
2 758
2 801
2 884
2 887
2 1071
2 1351
3 62
3 894
3 908
3 1454
3 1494
3 1646
4 483
4 1032
4 1050
4 1529
4 1550
4 1797
5 251
5 1242
5 1337
6 105
6 311
6 416
6 762
6 1024
6 1205
7 53
7 1669
9 556
9 960
9 1591
9 1611
9 1788
9 1855
10 69
10 779
10 1668
10 1781
11 99
11 783
12 304
12 586
12 1247
13 524
13 578
13 1122
14 1616
14 1690
15 187
15 713
15 849
15 1426
15 1550
15 1857
15 1921
16 296
16 506
16 571
16 640
16 1132
16 1152
16 1489
17 538
17 1120
18 96
18 1036
18 1478
18 1909
19 130
19 697
19 909
19 926
19 1384
19 1798
19 1899
20 82
20 483
20 525
20 793
20 1132
20 1140
20 1499
21 569
21 1388
21 1646
21 1706
21 1722
22 540
22 762
22 1344
22 1553
23 890
23 1070
23 1534
23 1612
23 1735
24 1255
25 485
25 521
25 797
25 928
25 1055
25 1081
25 1443
25 1525
25 1586
26 1186
26 1360
26 1507
26 1744
27 241
27 890
27 1377
27 1856
28 688
29 75
29 199
29 433
29 568
29 573
29 751
29 878
29 1276
30 1860
31 86
31 380
31 1758
32 134
32 344
32 398
32 823
32 888
32 1014
32 1581
32 1764
33 1673
33 1802
34 207
34 539
34 706
34 1039
35 1552
36 959
36 1017
36 1536
37 863
37 1316
37 1420
38 527
38 559
38 965
38 1239
38 1975
39 175
39 1551
39 1768
39 1809
40 419
40 1508
40 1853
41 1864
42 963
42 1272
43 256
43 288
43 490
43 516
44 566
44 593
44 1285
44 1383
44 1518
44 1700
44 1896
45 591
45 718
45 1938
45 1973
46 455
46 506
46 544
46 820
46 1084
48 1143
48 1327
49 239
49 328
49 644
49 777
49 1730
50 577
50 1778
50 1946
51 1220
52 1087
52 1393
52 1554
52 1782
53 163
53 479
53 1209
53 1210
53 1386
53 1767
54 461
54 579
54 844
54 1121
54 1182
54 1276
54 1883
55 295
55 445
55 676
55 1302
55 1369
55 1882
56 117
56 1578
56 1725
57 99
57 256
57 651
57 822
57 1854
58 600
58 1218
58 1353
59 341
59 412
59 805
59 1098
59 1740
59 1961
60 468
60 494
60 715
60 1140
60 1493
61 387
62 161
62 471
62 1176
62 1544
62 1782
62 1808
63 390
63 583
63 1671
63 1918
63 1960
64 160
64 319
64 1190
64 1366
64 1797
65 257
65 382
65 954
65 998
65 1333
65 1951
66 949
66 1081
66 1382
67 442
67 1111
67 1443
67 1919
68 111
68 919
68 1169
68 1292
69 549
69 1755
69 1769
69 1839
70 860
70 1634
71 410
71 587
71 654
71 770
72 717
72 999
72 1623
72 1856
73 1443
74 391
74 728
74 816
74 1031
74 1275
74 1329
74 1608
74 1771
74 1869
75 283
75 689
75 805
75 1260
75 1268
75 1446
76 598
76 1327
76 1538
76 1733
77 354
77 708
77 1038
77 1412
77 1656
77 1680
77 1756
77 1863
77 1883
78 637
78 1019
79 170
79 799
79 1195
79 1472
80 1261
80 1954
81 569
81 1103
81 1801
82 308
82 1425
82 1529
82 1627
82 1775
83 888
84 103
84 296
84 354
84 777
84 818
84 1405
84 1843
85 363
85 553
85 815
85 1239
85 1384
85 1597
86 113
86 176
86 495
86 1810
87 483
87 541
87 770
87 771
87 1354
88 107
88 669
88 996
88 1337
88 1353
88 1602
88 1620
89 362
89 393
89 528
89 632
89 745
89 986
90 653
90 1092
90 1291
91 125
91 271
91 308
91 1296
91 1781
91 1938
92 193
92 313
93 386
93 632
93 1254
94 786
94 905
94 1994
96 345
96 500
96 1223
97 754
97 759
97 783
97 1338
97 1617
98 194
98 688
98 809
98 986
98 1012
99 696
99 1017
99 1291
100 417
100 1421
101 360
101 540
101 640
101 973
101 1883
102 923
102 1894
102 1909
103 246
103 362
103 799
103 1112
104 259
104 417
104 591
104 810
104 960
104 1339
104 1612
105 208
105 506
105 537
105 932
105 1513
105 1640
105 1794
105 1924
106 947
106 1425
106 1697
107 509
107 969
107 1549
108 642
108 952
108 1636
108 1773
109 141
109 1704
110 1443
110 1707
110 1884
110 1960
111 157
111 293
111 318
111 1365
111 1808
111 1930
112 997
112 1034
112 1343
112 1358
112 1611
113 750
113 975
113 1106
113 1255
113 1275
113 1567
113 1734
113 1751
113 1971
114 1704
115 375
115 939
116 1296
116 1325
117 1543
118 231
118 244
118 1208
119 159
119 410
119 1453
120 253
120 411
120 511
120 632
120 863
120 1351
120 1362
120 1716
121 276
121 1096
121 1263
122 166
122 248
122 733
122 1445
122 1964
123 188
123 584
123 1137
123 1285
125 200
125 331
125 511
125 790
125 1114
125 1439
126 659
126 664
126 741
126 1007
127 286
127 552
127 681
127 1251
127 1586
128 279
128 647
128 725
128 1543
129 211
129 634
129 659
129 942
129 1199
129 1333
130 132
130 309
130 1318
130 1610
130 1842
131 253
131 770
131 913
131 1150
131 1933
132 297
132 327
132 1118
132 1445
132 1491
132 1522
132 1628
132 1648
133 682
133 1320
133 1379
133 1413
134 163
134 1144
134 1741
135 573
135 624
135 1261
135 1402
136 671
136 1351
136 1902
137 1024
138 145
138 1160
138 1934
139 402
139 611
139 635
139 1480
140 271
140 1091
140 1304
140 1833
141 1186
141 1334
142 303
142 431
142 551
142 1294
142 1307
142 1670
143 512
143 544
143 1933
144 300
144 323
144 581
144 663
144 1184
144 1616
144 1940
145 635
145 874
145 941
145 1977
146 1053
146 1089
146 1407
146 1470
146 1694
147 233
147 789
147 1143
147 1195
148 784
148 1561
148 1800
149 1068
149 1168
149 1275
150 300
150 623
150 1760
151 583
151 748
151 1483
151 1712
152 171
152 437
152 939
152 1084
152 1423
153 415
153 1087
153 1793
154 164
154 361
154 972
154 1396
154 1647
155 172
155 1351
155 1480
155 1487
155 1755
155 1948
156 773
156 1970
157 308
157 913
158 1220
159 649
159 908
159 1014
159 1084
159 1758
160 421
161 262
161 1076
162 1028
162 1601
163 1804
164 1149
164 1839
165 198
165 515
165 782
165 850
165 962
165 1141
166 522
166 621
166 1204
167 179
167 319
167 456
167 656
167 1112
167 1498
168 205
168 905
168 1045
169 909
169 1209
169 1828
170 172
170 1578
170 1732
171 212
171 348
171 350
171 777
171 834
171 1059
171 1170
172 1182
172 1284
172 1288
173 665
173 807
173 863
173 1355
173 1607
173 1973
174 310
174 494
174 661
174 815
174 1251
175 778
176 252
176 400
176 827
177 586
177 1540
177 1678
177 1899
177 1924
178 517
178 1167
179 338
179 532
179 700
179 751
179 924
179 1425
179 1508
179 1666
179 1771
180 652
180 733
180 1327
180 1342
181 926
181 1321
181 1623
182 310
182 919
182 1305
182 1511
183 425
183 1085
183 1857
183 1868
184 333
184 391
184 483
184 892
185 581
185 786
185 1072
186 413
186 485
186 756
186 1719
186 1936
187 276
187 473
187 842
187 1249
187 1364
187 1446
187 1535
187 1642
188 202
188 305
188 1404
189 1289
189 1435
189 1437
190 265
190 1230
190 1627
191 571
191 634
191 903
191 1391
191 1519
192 571
192 1743
192 1814
192 1922
193 1586
193 1765
193 1814
194 444
194 1279
194 1370
194 2000
195 433
195 615
195 639
195 681
195 860
195 1463
195 1719
195 1903
195 1947
196 821
197 277
197 392
197 1414
197 1483
197 1660
197 2000
198 899
198 1135
198 1442
198 1786
198 1988
199 208
199 1278
200 222
200 1138
200 1156
200 1381
201 643
201 1190
201 1733
202 529
202 676
202 741
202 1128
202 1527
203 783
203 1616
204 627
204 774
204 1119
204 1386
204 1936
205 862
205 873
205 1803
206 230
206 731
206 772
207 383
207 459
207 615
207 775
207 887
207 909
207 1543
207 1549
207 1992
208 587
208 986
208 1024
208 1079
209 222
209 406
209 1782
209 1904
209 1913
210 668
210 809
210 1380
210 1451
211 455
211 622
211 1557
212 624
212 928
212 1211
212 1591
213 1605
214 797
214 1092
214 1182
215 365
215 825
215 1509
215 1616
215 1750
216 272
216 544
216 569
216 945
218 719
218 1184
218 1447
218 1685
218 1993
219 1959
220 1645
220 1886
221 244
221 458
221 912
221 1012
221 1523
221 1793
221 1840
222 457
222 584
222 1427
222 1806
223 662
223 938
223 1471
223 1550
223 1626
223 1792
224 472
224 541
224 715
224 1606
224 1625
224 1744
224 1869
225 643
225 660
225 1409
226 483
226 706
226 949
226 962
227 1109
227 1223
227 1506
227 1524
227 1747
227 1809
227 1984
228 475
228 1167
229 1293
229 1685
230 402
230 495
230 699
230 762
230 931
230 1185
231 575
231 801
231 897
231 1137
231 1231
231 1253
231 1564
232 348
232 484
232 766
232 832
232 936
232 1200
232 1423
232 1609
233 1103
233 1119
233 1424
234 408
234 850
234 1374
235 582
235 1735
235 1931
236 371
236 439
236 642
237 481
237 1329
237 1367
238 463
238 646
238 1003
238 1043
238 1435
239 330
239 596
239 694
239 874
239 909
239 1125
239 1402
240 575
240 1406
240 1582
240 1699
241 992
241 1239
242 836
242 1365
242 1593
242 1753
242 1914
242 1942
243 752
243 1011
243 1027
244 581
244 1209
244 1420
244 1630
244 1688
244 1950
245 1887
246 374
246 803
246 863
246 1965
247 737
247 1717
248 737
248 1277
248 1774
249 948
249 1590
249 1723
249 1869
250 803
251 1216
251 1966
251 1980
252 455
252 745
252 870
252 1219
252 1294
252 1826
253 463
253 621
253 935
253 1114
253 1234
253 1485
254 361
254 585
254 623
254 1161
254 1162
254 1841
254 1916
255 1757
256 350
256 629
256 883
256 1894
257 783
257 1193
257 1786
258 536
258 618
258 1112
258 1245
258 1322
258 1537
259 1804
259 1922
260 540
260 903
260 947
260 1494
260 1587
260 1797
261 990
262 275
262 646
262 1735
263 1117
263 1298
263 1354
263 1563
264 363
264 569
264 1981
265 890
265 1294
266 460
266 588
266 761
266 845
267 446
267 762
267 1220
267 1662
268 420
268 1058
268 1146
268 1401
268 1811
269 449
269 952
269 1483
269 1687
270 317
270 1745
270 1847
270 1880
271 542
271 787
271 1560
271 1974
272 428
272 437
272 1863
273 894
273 899
273 1852
274 943
274 1826
274 1857
275 734
275 1863
276 1708
276 1716
276 1757
276 1911
277 1170
278 413
278 426
278 521
278 554
278 895
278 1181
278 1381
278 1505
278 1572
278 1581
278 1709
278 1922
279 694
279 816
279 1615
280 287
280 426
280 954
280 1078
280 1370
281 286
281 494
281 523
281 928
281 1892
281 1920
282 625
282 1473
282 1785
282 1791
283 375
283 716
284 563
285 418
285 870
285 1468
285 1918
285 1976
286 531
286 650
286 653
286 926
286 1014
286 1331
286 1830
287 581
287 1448
288 669
288 875
288 884
288 936
288 1465
289 635
289 1026
289 1114
289 1268
289 1407
289 1450
290 299
291 381
291 1442
291 1682
292 319
292 609
292 911
292 1095
293 488
293 1135
294 1207
294 1640
294 1711
294 1856
295 428
295 955
295 1068
295 1562
296 864
296 1188
297 372
297 622
297 1672
298 358
298 388
298 732
298 1883
298 1906
298 1926
299 345
299 447
299 1712
300 1034
300 1076
300 1961
301 322
301 582
301 926
302 1584
303 1301
303 1644
304 561
304 663
304 1234
304 1457
304 1837
305 902
305 1674
305 1777
306 1108
306 1156
306 1238
306 1401
306 1723
306 1777
307 1004
307 1356
307 1997
308 359
308 1790
308 1828
308 1868
309 1043
310 795
310 1090
310 1907
311 671
311 1060
311 1243
312 522
312 1139
312 1895
313 997
313 1036
313 1134
314 828
314 1008
314 1149
314 1295
314 1319
315 391
315 1040
316 639
316 1762
316 1809
317 836
317 1513
317 1789
318 783
318 1525
318 1572
318 1795
318 1857
318 1898
318 1958
319 830
319 1437
320 1013
321 690
321 723
321 1587
321 1911
322 439
322 504
322 1682
322 1771
322 1927
323 1572
324 549
324 905
324 1901
325 1014
325 1703
326 440
326 1088
326 1488
326 1786
326 1804
327 709
327 993
327 1158
327 1253
327 1361
328 564
328 586
328 668
329 356
329 588
329 625
329 664
329 1343
330 728
330 1037
331 1461
331 1787
331 1891
332 1962
333 651
333 1036
333 1186
334 969
334 1866
335 462
335 763
335 1224
335 1965
336 717
336 1278
336 1297
336 1427
337 676
337 1525
337 1595
337 1674
337 1764
337 1821
338 539
338 1503
338 1607
339 1149
339 1982
340 387
340 1194
340 1424
340 1437
340 1800
340 1951
341 453
341 1237
343 848
343 1116
344 934
344 1935
345 846
345 1197
346 1572
346 1748
346 1867
347 506
347 810
347 995
347 1590
347 1911
348 908
348 1224
349 755
349 1128
349 1405
349 1984
350 992
351 1825
352 363
352 1301
352 1826
352 1925
353 1344
353 1961
354 666
354 752
354 1935
355 502
355 726
355 1281
355 1736
356 1030
356 1668
357 673
357 728
357 1075
358 1596
358 1806
358 1883
358 1956
359 819
359 1005
359 1067
359 1300
359 1429
359 1531
359 1997
360 476
360 872
360 1162
360 1268
360 1646
360 1814
360 1892
360 1913
360 1915
361 555
361 754
361 1136
361 1158
361 1714
362 1314
362 1503
362 1743
362 1862
363 553
363 812
363 1184
364 371
364 403
364 1189
365 1431
365 1535
366 421
366 492
366 913
366 1498
366 1631
366 1652
366 1915
367 1164
367 1215
368 608
368 808
368 1329
368 1444
368 1557
368 1569
368 1925
369 494
369 1625
369 1673
371 1630
371 1922
371 1958
372 384
372 464
372 510
373 524
374 545
374 1076
374 1136
375 453
375 567
375 803
375 1109
375 1655
376 741
376 853
376 1576
376 1848
376 1855
377 427
377 856
377 880
377 1668
377 1779
378 574
378 919
378 1308
379 422
379 475
379 1865
381 1124
381 1174
381 1447
381 1924
382 1083
382 1117
382 1127
383 1160
384 617
384 1567
384 1882
385 500
385 694
385 784
386 684
386 1417
386 1618
387 715
387 795
387 1008
387 1052
388 528
388 614
388 920
388 1432
388 1785
389 729
389 1159
389 1392
389 1704
390 675
390 812
390 1936
391 580
391 956
391 1091
391 1308
391 1478
392 447
392 475
392 556
392 662
392 1466
392 1731
393 811
393 953
393 1680
394 993
394 1455
394 1726
395 493
395 676
395 786
395 865
395 897
395 1202
395 1805
396 885
396 995
396 1147
396 1191
396 1641
397 1031
398 551
398 570
398 1579
398 1640
398 1656
398 1921
399 971
400 588
400 816
400 1221
400 1916
400 1988
401 942
401 1002
402 941
402 1068
402 1470
402 1517
402 1640
403 679
403 1127
403 1340
403 1648
404 728
404 865
405 441
405 611
405 1065
405 1232
405 1270
406 605
406 609
406 624
406 1830
407 1028
407 1108
407 1121
407 1557
408 789
408 908
408 1027
408 1253
408 1772
409 623
409 1177
409 1397
410 628
410 629
410 806
410 1103
410 1136
410 1721
410 1790
410 1811
410 1926
411 652
411 1269
412 832
412 1431
412 1901
412 1944
413 486
413 675
413 729
413 1321
413 1493
414 718
414 1221
414 1283
415 889
415 1033
415 1923
416 837
416 1276
416 1964
417 574
417 1038
417 1116
417 1329
418 634
418 661
418 988
418 1408
418 1831
419 693
419 1118
419 1541
419 1596
420 666
421 1861
421 1893
422 443
422 743
422 1162
423 1386
423 1578
424 840
424 1040
424 1498
424 1500
424 1949
425 1687
425 1700
425 1781
425 1845
426 499
426 1611
426 1918
427 1238
427 1798
428 949
428 1828
429 628
429 1446
430 678
430 776
430 991
430 1516
431 500
431 1338
433 1045
433 1622
433 1624
433 1720
433 1811
434 565
434 898
434 979
434 1112
434 1814
435 948
436 591
436 777
436 906
436 954
436 1233
437 1027
437 1212
437 1357
437 1431
438 1564
438 1970
439 540
439 1014
439 1097
439 1215
439 1530
439 1877
440 694
440 1064
441 614
441 665
441 800
441 853
442 487
442 493
442 1171
443 1065
443 1524
444 684
444 789
444 1152
444 1159
444 1632
444 1660
444 1945
445 956
445 1153
446 1545
447 467
447 1028
447 1446
447 1528
448 591
448 903
448 975
448 1616
448 1725
448 1925
448 1991
449 580
449 932
449 1296
449 1682
450 451
450 482
450 695
450 1197
451 515
451 660
451 849
451 1605
452 562
452 820
452 1189
452 1479
452 1649
453 1326
453 1933
454 614
454 691
454 713
454 897
454 1076
454 1142
454 1475
455 915
455 1561
456 1004
456 1978
457 681
457 1197
457 1785
458 969
458 1056
458 1483
458 1796
459 956
459 1156
459 1383
460 475
460 481
460 586
460 693
460 1742
462 931
462 1262
462 1281
462 1517
462 1967
463 838
463 966
463 1924
463 1998
464 1775
465 1077
465 1552
466 581
466 759
466 1068
467 1507
467 1576
468 1421
468 1949
469 512
469 726
469 787
469 1117
469 1564
469 1827
469 1976
470 585
470 1118
470 1356
470 1458
470 1839
471 1942
472 1678
473 792
473 1083
473 1512
473 1588
473 1748
474 659
474 856
474 865
474 1254
474 1721
475 788
475 1087
475 1565
475 1778
475 1837
476 1183
476 1311
476 1404
477 792
477 1814
477 1910
478 927
478 1001
478 1769
478 1942
479 1139
479 1275
479 1764
480 801
480 1461
480 1676
482 1341
482 1424
482 1804
483 946
484 655
484 883
484 960
484 1142
484 1521
484 1671
484 1729
485 835
485 1837
486 1966
487 704
487 928
487 1370
487 1435
487 1869
488 977
488 1099
488 1114
488 1634
489 1087
489 1145
490 570
490 608
490 1438
490 1517
490 1667
491 611
491 1068
491 1114
491 1192
491 1309
491 1695
491 1840
492 660
492 1060
492 1080
492 1700
492 1705
493 741
493 1864
494 707
495 921
495 1292
495 1732
496 502
496 887
496 985
496 1218
496 1297
496 1917
497 701
497 879
497 1041
497 1486
498 583
498 939
498 1023
498 1443
499 1245
499 1349
499 1719
499 1774
500 963
500 1102
501 755
501 1346
502 573
502 663
502 770
502 1019
502 1062
502 1439
502 1906
503 622
503 1545
504 858
504 1385
504 1473
505 752
505 786
505 835
505 1236
505 1273
505 1617
505 1891
506 909
506 1495
506 1535
506 1798
506 1846
506 1903
507 701
507 1051
507 1356
508 1034
508 1200
508 1938
509 794
510 1007
510 1014
510 1083
510 1429
510 1873
510 1937
511 837
511 864
511 1144
511 1475
512 532
512 1299
512 1485
512 1495
513 1174
513 1279
513 1448
513 1925
514 1362
514 1883
515 517
515 1761
515 1931
516 636
516 1288
517 600
517 1618
517 1729
517 1799
518 752
518 1289
518 1426
518 1739
519 1526
520 698
520 756
520 1200
520 1521
521 588
522 1064
522 1327
522 1577
523 697
523 1294
523 1347
523 1382
523 1723
524 1349
525 715
525 831
525 993
525 1013
526 921
527 879
527 1260
527 1320
527 1394
527 1968
528 995
528 1141
528 1924
529 644
529 1475
530 627
530 784
530 1019
530 1410
530 1524
531 1461
532 943
532 1163
532 1374
532 1407
532 1575
532 1899
533 738
533 948
533 1378
533 1386
533 1609
534 867
535 1429
535 1892
536 1189
537 1078
537 1806
538 998
538 1668
539 728
539 739
539 1030
539 1919
540 761
542 549
542 648
542 1146
542 1328
543 771
543 1213
543 1566
543 1626
543 1958
544 1019
544 1116
544 1251
544 1603
544 1753
545 630
545 694
545 953
545 1050
545 1430
545 1981
546 1047
546 1707
547 1990
548 1435
548 1886
548 1897
549 626
549 767
550 709
550 938
550 1224
550 1272
551 1142
551 1241
551 1568
551 1683
552 1333
552 1978
553 653
553 960
553 1082
553 1868
554 650
555 1589
555 1806
556 1023
556 1807
556 1958
557 1310
557 1690
557 1866
557 1915
558 576
558 928
558 1407
558 1447
559 601
559 663
559 723
559 866
559 929
559 1633
560 914
560 1008
560 1682
560 1733
562 1176
562 1799
562 1800
563 1301
563 1641
564 725
564 1862
564 1888
564 1941
565 1128
565 1490
565 1651
565 1733
567 1527
568 767
568 1398
568 1813
568 1821
568 1958
569 1015
569 1485
569 1560
570 656
570 833
570 998
570 1041
570 1152
570 1203
571 796
571 817
571 1073
571 1735
571 1818
571 1834
572 854
572 1244
572 1587
573 1189
573 1510
573 1555
573 1695
574 692
574 797
574 906
574 1920
575 1406
576 655
576 1961
577 669
577 743
577 776
577 954
577 972
577 1106
577 1368
577 1490
577 1620
578 1085
579 872
579 1168
579 1530
579 1700
579 1748
580 839
580 1237
580 1423
580 1745
581 605
581 1420
582 1400
583 886
583 1220
583 1738
584 985
584 1800
585 1128
585 1654
585 1813
585 1815
585 1863
586 1465
586 1638
586 1746
587 709
587 1257
587 1778
588 842
589 701
589 762
589 818
589 1490
590 1128
590 1208
590 1577
591 1401
591 1583
591 1793
592 1016
592 1877
593 952
593 1589
593 1651
593 1753
593 1879
594 643
594 1064
594 1250
594 1388
595 617
595 736
595 1573
596 643
596 713
596 789
596 1281
596 1319
596 1431
596 1458
596 1914
596 1964
597 610
597 817
597 1471
598 750
598 1253
598 1681
598 1754
599 641
599 1047
599 1667
599 1746
600 907
600 1048
600 1115
601 923
601 1284
602 1205
602 1753
603 648
603 769
603 1150
603 1759
603 1929
604 629
604 1299
604 1922
605 973
605 1938
605 1949
606 1220
606 1497
607 615
607 698
607 943
607 946
607 1410
607 1428
607 1675
608 728
608 853
608 1455
608 1657
608 1807
608 1971
609 766
609 1168
609 1285
610 920
610 1483
610 1562
610 1632
611 688
611 1102
611 1602
612 673
612 1475
612 1590
613 1291
613 1363
613 1596
614 1586
615 849
615 940
615 1292
616 1389
616 1504
616 1762
616 1801
617 818
618 1154
618 1345
618 1429
618 1736
618 1853
619 686
619 995
619 1045
619 1179
619 1565
619 1717
621 742
621 839
621 910
621 1504
621 1935
622 1202
622 1535
622 1752
623 740
623 1334
623 1399
624 1455
625 640
625 890
625 1217
625 1473
625 1545
625 1576
625 1596
626 698
626 1362
626 1842
627 768
628 1376
628 1861
629 651
629 724
629 1436
629 1798
629 1799
629 2000
630 1048
630 1974
631 981
631 1072
631 1319
631 1467
631 1573
631 1588
631 1767
631 1976
632 787
632 973
632 1991
632 1994
633 1156
633 1355
633 1475
634 902
634 924
634 1061
634 1589
635 664
636 1393
636 1490
636 1804
637 1260
637 1965
638 756
638 1192
638 1358
639 772
639 1761
639 1863
641 1015
641 1439
641 1954
641 1981
642 874
644 799
645 722
645 1222
645 1418
645 1451
645 1482
646 893
646 1351
646 1371
646 1401
647 837
647 1276
647 1714
648 1732
648 1803
648 1809
649 1230
649 1338
649 1559
649 1617
651 997
651 1391
651 1669
651 1800
652 1514
652 1680
652 1689
653 660
653 859
653 1035
653 1320
653 1321
653 1821
654 1061
654 1254
654 1528
655 885
655 898
656 917
656 968
656 1057
656 1451
656 1736
656 1854
657 1150
658 827
658 835
658 1386
658 1601
659 1583
659 1693
660 1652
661 1278
662 804
662 1138
663 1268
663 1315
664 709
664 1480
665 801
665 1495
665 1581
665 1703
666 699
666 754
666 1352
666 1532
666 1842
668 804
668 950
668 1510
668 1656
669 1528
669 1572
669 1723
669 1969
670 848
670 993
670 1971
671 1746
671 1939
672 852
672 1464
672 1940
672 1942
673 775
673 1159
673 1644
674 1092
674 1507
674 1837
675 1693
676 1420
676 1541
677 906
677 943
677 1037
678 739
678 872
678 1011
678 1137
678 1592
678 1623
679 1777
679 1909
680 1024
680 1705
680 1849
681 809
681 1017
681 1391
681 1886
682 937
682 1028
682 1258
682 1650
682 1777
682 1779
683 1408
683 1921
684 841
684 944
684 1537
684 1781
684 1826
685 916
685 1044
685 1316
686 719
686 1234
686 1646
686 1711
686 1815
687 1443
687 1579
687 1606
687 1704
687 1963
688 917
688 945
688 1013
688 1184
689 846
689 881
689 1945
690 946
690 982
690 1079
691 716
691 869
691 960
691 1141
691 1291
691 1384
692 740
692 1133
692 1388
693 746
694 1227
694 1783
695 1227
695 1252
695 1313
696 1654
698 857
698 941
698 1160
698 1393
698 1402
698 1634
699 1217
699 1257
699 1631
699 1704
700 776
700 1420
700 1624
700 1817
702 1188
702 1367
702 1562
702 1951
703 1114
703 1959
704 1141
704 1184
704 1782
705 853
705 1393
706 1413
707 1668
708 1232
708 1337
708 1539
708 1649
708 1686
708 1912
708 1988
709 919
709 963
709 1189
709 1601
710 773
710 1279
710 1698
711 1082
712 797
712 836
712 1172
712 1290
712 1998
713 1268
714 798
714 1304
714 1696
716 824
716 966
716 1670
717 917
717 1051
717 1713
717 1814
718 812
718 1939
719 779
719 1367
719 1404
719 1421
720 722
721 737
721 820
721 866
721 1145
721 1586
721 1648
721 1884
721 1999
722 1206
722 1365
722 1468
722 1547
723 1046
723 1598
724 1106
724 1175
724 1698
724 1955
725 1073
726 1025
726 1963
728 846
728 1300
729 1264
730 1219
730 1644
731 1467
731 1534
731 1808
732 743
732 1172
732 1430
732 1975
733 808
733 1033
733 1132
733 1495
734 955
734 1124
734 1150
734 1456
734 1528
734 1620
735 1047
735 1719
735 1721
735 1752
735 1873
736 870
736 1815
736 1868
737 843
737 861
737 882
737 1010
737 1453
738 1214
739 989
739 1020
739 1098
739 1196
739 1345
739 1670
739 1736
739 1783
740 1375
740 1996
741 788
741 1657
742 1401
743 1487
743 1577
744 1230
744 1667
744 1764
745 836
745 1919
746 1073
746 1281
746 1841
746 1938
747 1770
747 1869
747 1906
748 1246
748 1636
748 1651
749 872
749 1941
750 1085
751 1162
751 1372
751 1922
752 1430
753 761
753 1133
754 898
754 1203
754 1208
754 1769
754 1812
755 934
755 1101
755 1314
755 1662
755 1840
755 1844
757 1136
757 1439
757 1461
757 1930
757 1990
758 760
758 1106
758 1386
759 1027
760 810
760 1206
760 1262
760 1525
761 776
761 1423
761 1891
762 931
762 1475
763 891
764 791
764 1041
764 1762
766 1319
766 1535
766 1753
767 1643
767 1845
768 832
768 1448
769 959
769 1688
769 1725
769 1996
770 777
770 916
770 1076
770 1453
770 1514
770 1891
770 1981
771 1898
772 1577
772 1696
773 1312
773 1454
773 1941
774 1246
774 1567
774 1789
776 806
776 1223
777 792
777 983
777 1386
778 1859
778 1949
779 1009
779 1859
779 1883
779 1928
779 1952
781 1910
781 1927
782 838
782 1151
782 1355
783 1384
783 1826
783 1977
784 1140
784 1333
785 957
785 1430
785 1970
786 894
786 947
786 972
786 1257
787 838
787 1633
787 1854
788 1068
788 1147
788 1157
789 850
789 1220
790 884
790 917
790 1537
791 965
791 1745
792 1470
793 873
793 972
793 1270
793 1670
794 1008
795 984
795 1040
795 1294
795 1477
795 1694
795 1790
796 1175
796 1313
796 1969
797 815
797 1542
797 1544
797 1551
798 1379
798 1454
799 1693
800 1067
800 1495
800 1715
801 1927
802 921
802 1211
803 810
803 1036
803 1164
804 1336
804 1487
804 1609
804 1623
804 1626
805 1101
805 1148
805 1410
805 1729
805 1806
807 1536
807 1903
807 1944
808 1157
808 1778
808 1809
809 1119
809 1209
809 1307
810 1167
810 1453
810 1741
811 901
811 1840
811 1869
812 817
812 992
812 1046
813 1238
814 857
814 1170
814 1215
814 1576
815 960
815 1524
815 1848
816 1141
816 1213
816 1239
816 1752
816 1873
817 1548
817 1790
817 1857
818 841
818 1083
818 1415
818 1722
818 1966
819 1257
819 1588
820 1031
820 1445
820 1602
821 1149
821 1410
821 1582
821 1808
821 1879
822 1039
822 1202
823 949
823 1097
823 1442
823 1595
824 837
824 1299
824 1937
824 1945
825 888
825 1379
825 1870
827 1264
827 1294
827 1318
827 1586
827 1695
827 1814
827 1851
828 1104
828 1225
828 1536
829 939
830 1384
830 1663
831 958
831 1397
831 1563
831 1801
831 1817
831 1839
832 1401
832 1660
833 901
833 1996
834 1062
834 1166
834 1193
834 1308
834 1500
834 1577
835 1292
835 1301
835 1669
836 1446
836 1774
837 1871
838 1276
838 1458
839 964
839 1347
839 1864
839 1901
839 1947
840 1529
841 1017
841 1627
842 1065
842 1400
843 1262
843 1539
844 1237
844 1711
846 1082
847 1020
847 1057
847 1364
847 1417
848 918
848 987
848 1514
849 1138
850 1460
851 1018
851 1617
851 1946
852 1566
852 1681
853 918
853 1696
853 1767
854 992
854 1164
854 1797
854 1914
854 1995
855 1544
855 1598
857 913
857 1644
858 1499
858 1764
859 1296
859 1380
859 1469
860 1173
860 1316
860 1323
860 1371
860 1677
861 1395
861 1523
861 1650
862 1223
863 1348
863 1913
864 911
864 1029
864 1731
865 1024
866 1364
866 1505
867 1991
868 896
868 1028
868 1093
868 1307
868 1963
870 1577
872 1057
872 1243
872 1554
872 1745
872 1831
872 1957
873 1217
873 1465
874 887
874 1129
875 939
875 1181
875 1572
875 1866
875 1916
876 1070
876 1083
876 1662
876 1853
877 1137
878 1367
878 1779
878 1829
879 932
879 935
879 1804
880 914
880 1170
880 1303
881 1033
881 1149
882 1277
882 1970
883 1656
883 1744
884 1225
884 1377
885 1280
885 1373
885 1442
885 1597
885 1910
886 1265
887 941
887 1746
887 1958
888 938
888 1177
889 958
889 1705
889 1820
890 1340
890 1396
891 1090
892 929
892 1096
892 1367
892 1549
892 1789
893 1245
894 970
894 1456
894 1701
895 1673
895 1928
895 1971
896 980
896 1441
897 1251
897 1290
898 1065
898 1233
898 1368
898 1646
899 1795
900 1027
900 1562
901 984
901 1122
901 1131
902 914
902 916
902 1908
903 1195
903 1560
904 937
904 1116
904 1438
904 1780
904 1957
905 1297
905 1424
905 1878
906 1036
906 1483
906 1541
907 1242
908 1063
908 1867
909 1413
911 1543
911 1797
913 1710
913 1769
913 1841
914 1465
914 1491
915 1509
915 1555
916 1052
916 1071
916 1089
916 1850
916 1943
917 1130
917 1305
917 1433
919 1369
919 1781
920 1053
921 1015
921 1760
922 1128
922 1505
923 962
923 1975
924 1010
924 1378
924 1723
925 1326
925 1438
925 1925
926 1757
927 1991
928 1350
928 1922
929 1494
929 1992
930 1241
930 1598
930 1630
930 1665
931 1135
932 1006
932 1197
932 1322
933 1348
933 1416
933 1524
934 940
934 1315
934 1550
934 1656
935 1440
935 1578
935 1598
935 1787
935 1830
936 1037
936 1314
936 1402
936 1799
936 1970
938 1716
938 1772
940 952
941 1171
941 1815
941 1846
943 1814
943 1844
945 1578
946 1657
946 1969
947 987
947 1476
947 1971
948 1913
948 1938
949 963
950 1627
951 1051
951 1675
951 1938
951 1989
952 1208
952 1733
952 1816
953 1235
953 1506
953 1957
954 1177
954 1885
955 1108
955 1526
955 1570
955 1644
955 1659
956 999
956 1073
956 1297
957 1773
958 1140
958 1321
958 1690
959 1468
959 1513
959 1682
960 1356
960 1553
960 1851
961 1161
961 1414
961 1731
961 1847
961 1885
961 1981
962 1314
962 1376
962 1826
963 1034
963 1038
963 1984
964 997
964 1953
965 1511
965 1588
965 1689
966 1478
967 1221
967 1596
968 1620
968 1714
968 1862
969 1089
969 1112
969 1343
969 1881
970 1218
971 1084
972 1307
972 1622
973 1693
974 1171
974 1191
974 1343
975 1215
976 1426
976 1668
978 986
978 1252
978 1270
978 1528
978 1540
978 1543
981 1366
981 1562
981 1758
982 1261
982 1331
982 1597
982 1875
983 1247
983 1489
983 1683
984 1083
984 1982
984 1988
985 1587
985 1996
987 1032
987 1070
987 1875
987 1942
988 1146
988 1934
989 1689
989 1823
990 1306
990 1691
991 1143
991 1522
991 1710
992 1344
992 1456
992 1809
992 1984
993 1063
993 1075
995 1342
995 1881
996 1107
996 1539
996 1884
997 1575
997 1607
997 1829
998 1366
998 1530
999 1555
1000 1152
1000 1235
1000 1576
1000 1861
1001 1315
1001 1365
1001 1679
1001 1903
1001 1941
1002 1134
1003 1089
1003 1185
1003 1208
1003 1211
1003 1937
1004 1034
1004 1072
1004 1760
1005 1057
1005 1614
1006 1308
1006 1437
1006 1459
1006 1727
1007 1390
1007 1678
1008 1068
1008 1261
1008 1825
1008 1942
1009 1028
1010 1582
1011 1326
1011 1843
1012 1473
1012 1664
1013 1079
1013 1130
1013 1228
1013 1321
1014 1475
1014 1843
1015 1212
1015 1811
1016 1351
1017 1199
1017 1213
1017 1407
1017 1573
1017 1752
1017 1816
1017 1963
1018 1183
1018 1546
1018 1737
1019 1078
1019 1260
1019 1650
1020 1076
1020 1311
1021 1776
1022 1283
1022 1613
1023 1160
1024 1074
1024 1858
1026 1051
1026 1554
1026 1559
1026 1681
1027 1388
1027 1440
1031 1144
1031 1918
1031 1929
1031 1997
1032 1250
1032 1345
1033 1250
1033 1579
1034 1894
1035 1103
1035 1912
1036 1177
1036 1178
1036 1181
1036 1534
1036 1919
1037 1303
1038 1381
1038 1506
1038 1604
1038 1990
1038 1993
1039 1078
1039 1312
1040 1974
1042 1458
1042 1832
1042 1854
1045 1327
1045 1589
1045 1619
1045 1681
1045 1843
1046 1169
1046 1521
1047 1190
1047 1217
1047 1377
1047 1634
1048 1584
1049 1886
1050 1097
1050 1240
1050 1985
1051 1169
1052 1132
1052 1301
1052 1735
1053 1143
1053 1162
1053 1751
1054 1168
1054 1451
1054 1653
1054 1972
1055 1426
1055 1833
1055 1834
1055 1843
1055 1976
1056 1132
1056 1868
1057 1241
1058 1209
1058 1473
1059 1225
1059 1275
1060 1490
1060 1634
1060 1635
1061 1789
1061 1885
1062 1063
1062 1080
1062 1300
1063 1284
1063 1769
1063 1803
1064 1117
1065 1128
1066 1485
1066 1515
1067 1767
1068 1602
1069 1897
1069 1949
1070 1156
1070 1287
1070 1547
1070 1847
1071 1223
1072 1310
1072 1415
1072 1757
1072 1896
1073 1351
1073 1554
1074 1169
1074 1760
1075 1338
1076 1732
1077 1763
1078 1335
1079 1331
1079 1590
1079 1829
1080 1382
1081 1310
1081 1709
1083 1235
1083 1293
1083 1627
1083 1784
1085 1703
1087 1214
1087 1702
1087 1748
1088 1258
1088 1526
1088 1879
1089 1291
1089 1623
1089 1661
1089 1977
1090 1932
1091 1114
1091 1243
1091 1579
1092 1535
1093 1675
1094 1771
1094 1808
1094 1891
1094 1987
1095 1727
1096 1288
1096 1478
1096 1754
1097 1534
1098 1706
1098 1728
1098 1964
1098 1974
1099 1455
1099 1592
1099 1772
1099 1970
1100 1196
1101 1632
1102 1429
1103 1689
1105 1428
1105 1596
1107 1712
1108 1144
1108 1260
1108 1327
1108 1712
1108 1751
1109 1208
1110 1216
1110 1287
1110 1696
1111 1958
1111 1998
1112 1668
1113 1244
1114 1555
1114 1619
1115 1700
1116 1976
1117 1571
1117 1856
1118 1582
1118 1964
1121 1152
1121 1709
1121 1788
1121 1947
1122 1490
1123 1848
1124 1954
1125 1165
1125 1862
1126 1336
1126 1840
1128 1232
1128 1334
1129 1294
1129 1318
1130 1655
1133 1373
1134 1335
1134 1926
1135 1214
1135 1371
1136 1306
1136 1556
1136 1886
1136 1911
1137 1453
1137 1582
1137 1963
1138 1544
1138 1658
1138 1746
1138 1790
1138 1983
1140 1191
1140 1555
1140 1800
1141 1225
1142 1144
1142 1332
1143 1294
1144 1150
1144 1864
1146 1652
1147 1325
1148 1552
1148 1845
1149 1675
1150 1237
1150 1378
1150 1963
1151 1211
1152 1232
1153 1286
1153 1320
1154 1446
1154 1504
1155 1159
1155 1207
1155 1224
1155 1428
1155 1553
1156 1311
1156 1610
1157 1580
1158 1454
1158 1581
1159 1872
1161 1867
1161 1925
1161 1995
1162 1529
1162 1685
1162 1765
1162 1851
1162 1972
1163 1239
1163 1601
1164 1892
1165 1560
1165 1958
1166 1233
1166 1598
1166 1610
1166 1801
1167 1523
1167 1796
1167 1837
1167 1884
1167 1905
1169 1345
1171 1658
1172 1773
1172 1821
1172 1839
1172 1958
1173 1621
1173 1632
1173 1885
1173 1891
1173 1991
1174 1195
1174 1697
1175 1228
1175 1645
1175 1780
1176 1481
1178 1822
1178 1845
1179 1474
1179 1526
1179 1971
1180 1190
1180 1204
1180 1774
1181 1977
1182 1332
1183 1222
1183 1540
1183 1576
1184 1439
1184 1825
1184 1963
1185 1334
1185 1874
1187 1336
1187 1464
1188 1466
1188 1700
1189 1458
1191 1321
1191 1555
1191 1845
1193 1435
1193 1712
1194 1851
1195 1237
1195 1555
1195 1595
1195 1751
1195 1833
1196 1823
1197 1551
1197 1628
1198 1223
1199 1621
1200 1409
1201 1274
1201 1552
1201 1772
1201 1848
1203 1466
1203 1557
1203 1716
1204 1365
1205 1471
1205 1626
1206 1687
1206 1724
1206 1975
1207 1538
1207 1827
1207 1893
1207 1973
1208 1254
1208 1385
1208 1473
1208 1639
1209 1821
1209 1874
1210 1414
1211 1297
1211 1376
1211 1573
1211 1593
1212 1468
1212 1491
1212 1533
1212 1565
1212 1955
1212 1994
1213 1289
1213 1388
1214 1948
1215 1364
1215 1795
1216 1317
1216 1887
1217 1277
1217 1380
1217 1588
1218 1476
1218 1752
1220 1541
1220 1597
1220 1870
1221 1974
1222 1335
1222 1847
1223 1577
1223 1917
1224 1687
1225 1889
1225 1932
1226 1431
1226 1454
1226 1487
1227 1264
1227 1702
1227 1963
1228 1256
1228 1491
1229 1644
1229 1826
1230 1637
1231 1439
1231 1602
1231 1844
1231 1937
1232 1795
1233 1791
1234 1343
1234 1357
1234 1536
1234 1934
1236 1581
1237 1368
1237 1609
1238 1472
1238 1969
1240 1877
1241 1486
1241 1566
1241 1600
1242 1516
1242 1783
1243 1503
1243 1791
1244 1325
1244 1764
1245 1386
1245 1442
1246 1522
1248 1304
1248 1627
1248 1808
1249 1405
1250 1298
1250 1381
1250 1943
1250 1996
1251 1678
1252 1387
1253 1924
1253 1945
1254 1310
1254 1354
1254 1624
1255 1348
1256 1365
1256 1625
1257 1556
1258 1952
1258 1996
1259 1308
1259 1472
1259 1692
1259 1857
1261 1889
1262 1285
1262 1337
1262 1730
1264 1404
1264 1622
1266 1574
1267 1310
1267 1899
1269 1335
1269 1390
1269 1811
1269 1979
1270 1554
1270 1955
1271 1882
1271 1962
1272 1884
1273 1627
1273 1989
1274 1453
1274 1519
1274 1919
1275 1746
1275 1786
1276 1412
1277 1312
1277 1935
1278 1506
1278 1903
1279 1289
1279 1819
1279 1919
1280 1346
1280 1502
1281 1325
1281 1402
1281 1658
1282 1752
1282 1879
1283 1353
1284 1538
1287 1434
1289 1496
1290 1856
1290 1862
1291 1552
1292 1488
1292 1530
1292 1809
1294 1329
1294 1933
1295 1603
1295 1878
1297 1882
1298 1436
1298 1943
1299 1917
1300 1449
1300 1524
1300 1742
1300 1752
1301 1335
1302 1692
1303 1942
1304 1867
1305 1462
1305 1523
1305 1749
1306 1503
1306 1948
1307 1752
1307 1895
1308 1902
1309 1931
1309 1941
1310 1874
1310 1942
1311 1886
1312 1840
1313 1650
1313 1822
1313 1885
1313 1977
1314 1387
1314 1933
1315 1993
1317 1491
1317 1509
1317 1745
1318 1425
1318 1660
1320 1569
1320 1810
1320 1838
1322 1572
1322 1833
1323 1800
1324 1406
1324 1469
1324 1654
1325 1949
1326 1332
1326 1410
1326 1547
1327 1648
1327 1819
1327 1902
1328 1732
1329 1382
1329 1459
1329 1751
1329 1967
1330 1429
1330 1966
1331 1899
1332 1439
1332 1478
1332 1585
1332 1798
1334 1783
1335 1602
1336 1565
1336 1999
1338 1672
1339 1669
1339 1816
1340 1511
1340 1830
1341 1874
1342 1470
1342 1606
1343 1688
1343 1753
1344 1678
1344 1994
1345 1627
1346 1510
1346 1548
1346 1637
1346 1764
1346 1978
1346 1986
1347 1566
1347 1979
1348 1826
1349 1523
1349 1758
1349 1945
1350 1796
1350 1994
1351 1647
1351 1824
1352 1421
1352 1535
1352 1607
1352 1675
1353 1381
1353 1792
1354 1678
1354 1926
1354 1985
1355 1368
1355 1546
1356 1445
1357 1371
1357 1474
1358 1589
1358 1786
1358 1871
1358 1997
1359 1897
1361 1841
1363 1642
1364 1667
1364 1762
1365 1434
1365 1995
1366 1850
1367 1586
1367 1793
1367 1908
1369 1508
1369 1723
1370 1573
1371 1698
1371 1870
1371 1940
1372 1464
1372 1827
1372 1864
1372 1897
1374 1417
1374 1498
1374 1707
1374 1933
1374 1940
1375 1379
1376 1543
1377 1517
1378 1529
1378 1858
1380 1668
1380 1787
1381 1408
1381 1444
1381 1506
1381 1811
1382 1520
1383 1459
1384 1656
1384 1848
1385 1532
1387 1504
1388 1505
1388 1773
1389 1461
1392 1580
1395 1646
1395 1809
1396 1867
1397 1909
1398 1605
1398 1770
1398 1962
1399 1870
1400 1847
1402 1532
1403 1838
1404 1786
1404 1977
1406 1435
1406 1647
1407 1655
1408 1452
1408 1847
1412 1528
1412 1699
1412 1920
1414 1615
1414 1809
1415 1669
1416 1477
1416 1905
1417 1627
1418 1583
1418 1766
1418 1779
1419 1602
1419 1627
1420 1970
1421 1733
1422 1576
1424 1514
1424 1703
1424 1743
1425 1856
1426 1504
1427 1677
1428 1677
1428 1697
1429 1552
1429 1763
1430 1948
1431 1517
1433 1778
1434 1488
1434 1627
1434 1880
1436 1577
1437 1796
1437 1842
1439 1651
1439 1718
1445 1467
1445 1831
1445 1841
1449 1525
1450 1477
1450 1852
1450 1867
1451 1652
1451 1781
1451 1828
1451 1957
1452 1786
1453 1999
1454 1659
1455 1519
1456 1563
1456 1769
1457 1991
1458 1916
1458 1966
1460 1942
1462 1649
1462 1993
1463 1726
1463 1912
1463 1975
1463 1982
1466 1496
1467 1475
1468 1547
1468 1701
1468 1758
1468 1920
1469 1502
1469 1631
1470 1545
1471 1920
1471 1933
1472 1610
1472 1671
1473 1736
1473 1777
1474 1682
1475 1674
1475 1805
1477 1638
1477 1673
1478 1720
1478 1858
1479 1693
1479 1892
1481 1975
1482 1895
1484 1552
1485 1746
1486 1688
1487 1724
1487 1801
1489 1998
1490 1548
1490 1677
1491 1617
1491 1635
1493 1750
1495 1723
1495 1995
1496 1561
1497 1797
1498 1730
1498 1858
1498 1905
1499 1533
1500 1945
1501 1956
1502 1952
1504 1715
1505 1559
1506 1607
1506 1765
1509 1688
1509 1710
1510 1885
1511 1742
1512 1591
1513 1611
1514 1939
1515 1830
1516 1843
1518 1730
1522 1820
1522 1869
1522 1922
1526 1546
1527 1732
1527 1933
1529 1550
1529 1705
1530 1697
1530 1746
1531 1923
1531 1942
1532 1612
1533 1543
1534 1843
1535 1785
1535 1885
1539 1699
1541 1733
1541 1742
1541 1790
1544 1889
1544 1895
1545 1654
1545 1836
1547 1854
1549 1818
1549 1981
1550 1786
1552 1574
1553 1746
1555 1615
1556 1910
1557 1561
1557 1654
1557 1876
1558 1735
1558 1977
1560 1974
1560 1988
1562 1813
1562 1839
1562 1915
1562 1926
1563 1585
1565 1715
1565 1904
1567 1742
1568 1752
1568 1763
1571 1849
1575 1817
1578 1948
1578 1960
1579 1972
1580 1595
1581 1673
1582 1662
1583 1692
1584 1672
1584 1872
1584 1907
1586 1999
1587 1953
1591 1955
1592 1634
1595 1638
1597 1955
1599 1628
1599 1820
1602 1989
1603 1826
1603 1843
1605 1943
1607 1938
1608 1755
1609 1716
1610 1767
1610 1802
1610 1845
1610 1852
1611 1933
1611 1965
1613 1822
1614 1669
1614 1883
1617 1790
1618 1815
1623 1733
1627 1733
1629 1783
1629 1900
1631 1731
1632 1704
1633 1898
1633 1952
1634 1885
1635 1639
1635 1663
1636 1701
1636 1813
1637 1763
1637 1960
1638 1825
1640 1742
1640 1875
1641 1915
1645 1981
1649 1933
1652 1941
1653 1822
1657 1663
1657 1676
1657 1848
1657 1958
1658 1729
1659 1672
1660 1961
1663 1698
1663 1969
1665 1743
1668 1803
1669 1834
1670 1856
1671 1794
1674 1822
1674 1868
1675 1707
1676 1723
1676 1782
1677 1904
1678 1883
1680 1895
1684 1821
1684 1903
1688 1768
1688 1851
1689 1722
1691 1796
1692 1997
1693 1811
1694 1760
1694 1810
1694 1995
1695 1936
1695 1999
1698 1951
1699 1707
1700 1744
1700 1751
1702 1896
1703 1868
1704 1759
1712 1858
1713 1788
1715 1770
1715 1848
1715 1965
1720 1923
1720 1986
1722 1964
1724 1802
1724 1837
1724 1888
1725 1782
1725 1905
1727 1765
1727 1844
1730 1764
1732 1971
1734 1835
1734 1858
1734 1979
1737 1838
1738 1825
1738 1833
1745 1913
1747 1870
1753 1974
1755 1830
1757 1769
1757 1976
1758 1788
1759 1817
1761 1847
1765 1893
1766 1962
1767 1995
1768 1806
1775 1992
1776 1823
1778 1899
1779 1873
1779 1930
1781 1856
1783 1795
1789 1891
1790 1905
1790 1981
1791 1869
1792 1893
1797 1871
1801 1900
1801 1913
1802 1886
1807 1893
1810 1863
1812 1877
1826 1962
1827 1861
1828 1992
1829 1901
1831 1860
1832 1977
1836 1887
1836 1987
1840 1858
1841 1923
1847 1863
1847 1865
1850 1857
1850 1954
1851 1915
1851 1983
1852 1969
1856 1870
1860 1894
1867 1890
1871 1924
1874 1880
1877 1952
1879 1989
1885 1976
1891 1931
1893 1989
1901 1983
1902 1914
1904 1937
1908 1955
1920 1946
1931 1947
1939 1984
1957 1991
1960 1980
1960 1988
1989 1992
1989 1997
1992 1995