2000
2 1146
4 237
7 1291
15 21
16 1114
20 207
21 1657
23 168
28 190
34 192
42 1895
46 1560
50 242
55 1613
56 191
62 1311
65 1912
67 1694
75 280
80 1949
87 1834
88 1373
91 1958
95 1493
95 1898
104 1878
112 1022
113 236
115 1742
120 983
125 1831
134 1275
139 1508
141 1480
154 907
158 418
182 573
192 1888
202 440
202 1428
217 1681
221 397
222 1040
237 364
238 1168
240 650
240 1508
249 623
268 1066
268 1651
270 1479
270 1728
272 1105
278 997
285 988
288 536
297 1081
297 1849
309 1820
316 1150
316 1593
319 1263
347 1020
348 472
357 1556
362 546
373 553
378 1265
383 1542
389 1969
398 667
400 851
401 419
405 979
420 1115
435 1205
435 1275
446 1868
451 1680
456 1609
463 929
468 1542
474 965
476 1421
503 1249
507 1948
517 520
521 1593
522 546
523 1643
524 1512
530 1449
533 1299
534 1580
535 1132
536 1682
556 1384
565 1410
567 1386
569 1258
571 1638
574 1024
577 892
593 822
601 1832
610 914
613 822
614 764
616 932
623 1858
626 863
627 751
642 1425
648 1839
660 1157
670 1600
680 1164
681 1796
699 1487
701 961
702 773
702 1994
708 795
710 1827
715 1701
716 1533
722 963
727 1552
747 1554
754 1718
765 1144
769 1160
774 1875
781 1039
845 1791
861 1520
862 1197
900 1346
901 1159
912 1012
913 1347
928 1383
930 1396
930 1823
931 939
935 1879
955 1383
956 1717
984 1118
1003 1387
1031 1733
1038 1845
1041 1439
1041 1682
1051 1752
1054 1492
1056 1698
1075 1419
1098 1639
1114 1538
1123 1758
1125 1275
1135 1800
1141 1611
1151 1977
1161 1916
1172 1392
1180 1194
1222 1668
1240 1739
1242 1816
1243 1484
1262 1866
1262 1990
1267 1642
1270 1713
1273 1361
1275 1321
1323 1553
1339 1713
1342 1597
1366 1666
1415 1980
1435 1954
1450 1779
1453 1915
1521 1818
1521 1894
1531 1725
1571 1660
1609 1804
1621 1669
1630 1919
1636 1862
1647 1805
1794 1989
1816 1817
1819 1830
1820 1919
1843 1905