2000
1 1292
1 1767
1 1846
1 1963
2 50
2 201
2 1189
2 1512
2 1849
3 226
3 236
3 813
4 613
4 930
4 950
4 1192
4 1951
5 120
5 629
5 684
5 960
5 1096
5 1245
5 1524
5 1784
5 1928
6 76
6 1657
6 1706
6 1893
6 1981
7 21
7 211
7 232
7 300
7 451
7 484
7 546
7 711
7 951
7 1481
7 1511
7 1960
8 1013
8 1164
8 1498
9 251
9 993
9 1116
9 1859
9 1875
10 439
10 905
10 1033
10 1125
10 1737
10 1827
11 104
11 646
11 886
11 973
11 1430
11 1732
11 1778
12 315
12 395
12 668
12 866
12 1658
12 1884
12 1995
13 170
13 337
13 418
13 982
13 1086
13 1107
13 1210
13 1548
13 1742
13 1886
14 25
14 188
14 660
14 1164
14 1479
14 1537
14 1773
14 1819
14 1964
15 386
15 406
15 943
15 959
15 968
15 974
15 1805
16 648
16 1143
16 1252
16 1348
16 1409
16 1857
17 354
17 690
17 1697
17 1795
18 284
18 326
18 411
18 522
18 547
18 760
18 936
18 1305
18 1359
18 1399
19 66
19 440
19 597
19 917
19 1601
20 354
20 1013
20 1581
20 1855
21 375
21 396
21 409
21 655
21 844
21 1539
21 1612
21 1941
22 600
22 1142
22 1366
22 1823
22 1877
23 1143
23 1626
24 1640
24 1745
24 1792
24 1950
25 791
25 841
25 1417
25 1439
25 1505
25 1845
25 1888
25 1976
26 169
26 404
26 509
26 588
26 625
26 872
26 1190
26 1368
26 1825
26 1929
27 803
27 1302
27 1644
27 1872
27 1877
28 207
28 707
28 1064
28 1073
28 1409
28 1797
28 1851
29 352
29 375
29 484
29 1063
29 1086
29 1137
29 1374
29 1655
30 284
30 383
30 653
30 923
30 942
30 1638
30 1922
31 84
31 409
31 1438
31 1900
32 708
32 1362
32 1376
32 1711
33 148
33 1907
33 1934
34 39
34 53
34 318
34 362
34 969
34 1116
34 1420
34 1624
34 1728
35 495
35 542
35 839
35 944
35 1239
35 1262
35 1332
35 1437
36 223
36 936
36 1123
37 965
37 982
37 1159
37 1250
37 1652
37 1664
37 1800
38 185
38 403
39 628
39 669
39 1074
39 1582
39 1796
40 238
40 265
40 1607
40 1614
40 1662
40 1818
41 729
41 1242
41 1382
41 1508
41 1701
41 1881
41 1999
42 101
42 1772
43 140
43 623
43 802
43 1398
43 1620
44 202
44 377
44 638
44 1307
45 446
45 659
45 770
45 1051
45 1354
46 334
46 893
46 897
46 1034
46 1065
47 527
47 632
47 1069
47 1271
47 1558
47 1828
47 1889
48 452
48 488
48 532
48 853
49 194
49 588
49 784
49 949
49 1214
49 1463
49 1524
49 1581
49 1868
50 193
50 210
50 1349
50 1381
51 123
51 458
51 982
51 1086
51 1277
51 1398
51 1872
52 125
52 1150
52 1177
52 1538
52 1542
52 1726
53 278
53 360
53 1953
54 173
54 488
54 752
54 1743
54 1963
55 483
55 526
55 592
55 730
55 835
55 1386
55 1651
56 773
56 1161
56 1231
56 1447
56 1686
57 460
57 908
57 1081
58 209
58 1542
58 1750
58 1793
58 1879
59 119
59 902
59 1050
59 1104
59 1188
59 1504
60 106
60 730
60 736
60 1264
61 501
61 1013
61 1122
61 1130
61 1289
61 1370
62 288
62 704
62 714
62 1123
62 1828
62 1897
63 244
63 588
63 677
63 955
63 1064
63 1165
63 1403
64 399
64 623
64 633
64 881
64 1162
65 173
65 561
65 693
65 1520
65 1591
65 1616
65 1962
66 644
66 841
66 944
66 1162
66 1433
66 1637
66 1810
66 1951
67 207
67 418
67 526
67 892
67 1405
68 336
68 667
68 680
68 1062
68 1596
68 1767
69 709
69 825
69 1050
69 1510
70 225
70 382
70 1062
70 1168
70 1511
70 1557
70 1916
71 436
71 773
71 1441
71 1464
71 1750
71 1754
72 297
72 1639
73 279
73 488
73 1082
73 1172
73 1304
73 1586
73 1599
73 1929
73 1959
74 113
74 290
74 700
74 825
74 897
74 1466
74 1504
74 1523
75 150
75 553
75 734
76 219
76 242
76 385
76 1085
76 1133
76 1527
76 1609
76 1645
76 1964
77 478
77 701
77 847
77 968
77 1760
78 304
78 445
78 1151
78 1181
78 1265
78 1961
79 112
79 376
79 604
79 747
79 1054
79 1397
79 1906
80 259
80 344
80 919
80 1197
80 1582
80 1883
81 414
81 421
81 1076
82 172
82 185
82 200
82 919
82 1167
82 1553
82 1577
83 240
83 541
83 564
83 1098
83 1254
84 374
84 908
84 1061
84 1114
84 1432
84 1659
84 1695
85 211
85 952
85 1652
86 192
86 448
86 957
86 1778
86 1999
87 399
87 667
87 1601
87 1835
87 1912
88 408
88 511
88 935
88 967
88 1013
88 1308
88 1523
88 1775
89 890
89 1286
89 1874
90 591
90 1048
90 1327
90 1393
90 1604
90 1762
91 264
91 348
91 418
91 485
91 682
91 1091
92 162
93 415
93 632
93 880
93 1075
93 1649
94 132
94 515
94 779
94 1002
94 1192
94 1380
95 365
95 727
95 856
95 1007
95 1119
95 1660
95 1957
96 1652
96 1764
97 141
97 358
97 800
97 963
98 626
98 847
98 1018
98 1220
99 286
99 338
99 1663
100 286
100 688
100 1195
100 1688
100 1827
101 906
101 1180
101 1251
102 199
102 250
102 283
102 668
102 920
102 1498
102 1607
102 1681
102 1750
102 1948
103 998
103 1234
103 1761
103 1992
104 110
104 133
104 910
104 1112
104 1398
104 1952
105 382
105 949
105 1182
105 1183
105 1361
105 1412
105 1765
106 392
106 642
106 1294
106 1350
106 1370
106 1714
106 1966
107 265
107 1146
107 1319
107 1478
107 1867
108 169
108 334
108 793
108 796
108 1249
108 1376
109 590
109 709
109 1062
109 1331
109 1600
109 1647
109 1773
109 1822
109 1931
110 128
110 692
110 1464
110 1712
111 520
111 522
111 1315
111 1971
112 183
112 707
112 1251
112 1803
113 816
113 1508
113 1671
113 1697
113 1926
113 1944
114 230
114 459
114 678
114 1235
114 1240
114 1577
114 1901
115 985
115 1453
115 1800
115 1820
116 403
116 557
116 607
116 1300
117 543
117 1049
117 1089
117 1125
117 1200
118 143
118 676
118 1047
118 1154
119 209
119 426
119 465
119 494
119 594
119 712
119 1253
119 1315
120 236
120 358
120 412
120 543
120 1543
120 1862
120 1963
121 496
121 1016
121 1719
121 1921
122 507
122 805
122 1139
122 1484
122 1621
122 1750
122 1887
123 226
123 773
123 807
123 828
123 1073
123 1419
123 1557
123 1754
123 1821
124 231
124 240
124 358
124 384
124 650
124 673
124 678
124 1211
124 1491
124 1706
124 1780
125 1006
125 1532
125 1662
125 1701
125 1819
126 728
126 751
126 1139
127 274
127 586
127 1149
127 1721
127 1933
128 164
128 891
128 1007
128 1382
128 1402
128 1528
128 1709
128 1938
129 1133
129 1213
130 1338
130 1474
130 1828
131 174
131 234
131 1032
131 1349
131 1375
131 1547
131 1616
131 1655
132 292
132 696
132 1071
132 1314
132 1604
132 1864
133 322
133 436
133 883
133 972
133 1932
134 634
134 690
134 1062
134 1567
134 1622
134 1644
134 1754
135 242
135 325
135 513
136 364
136 836
136 1034
136 1730
137 154
137 265
137 475
137 743
137 1137
137 1301
137 1517
137 1709
137 1976
138 445
138 810
138 909
138 1017
138 1671
138 1993
139 417
139 502
139 1483
140 837
140 1134
140 1579
140 1757
141 503
141 644
141 757
141 1189
141 1839
142 317
142 501
142 516
142 972
142 1641
143 535
143 627
143 781
143 1058
143 1180
143 1403
143 1864
144 165
144 703
144 1246
144 1446
145 557
145 1035
145 1175
145 1180
145 1198
145 1977
146 447
146 708
146 799
146 1578
146 1877
146 1995
147 469
147 482
147 1664
148 287
148 1069
148 1100
148 1637
149 216
149 568
149 614
149 698
149 845
149 1720
149 1838
149 1938
149 1958
150 492
150 914
150 1150
150 1842
151 177
151 1000
151 1069
151 1261
151 1308
151 1423
151 1635
151 1744
151 1861
152 196
152 491
152 727
152 761
152 1076
152 1812
152 1850
153 617
153 700
153 818
153 834
153 1001
153 1250
153 1322
153 1519
153 1561
153 1863
154 209
154 240
154 244
154 255
154 1414
155 393
155 1895
155 1986
155 1994
156 252
156 542
157 432
157 865
157 1145
157 1167
157 1182
157 1946
158 602
158 1995
159 299
159 433
159 486
159 899
159 1032
159 1512
159 1833
160 691
160 712
160 798
160 1588
161 323
161 711
161 985
161 1639
161 1965
162 626
162 1691
162 1927
163 302
163 631
163 880
163 1632
163 1710
163 1984
164 1152
164 1532
164 1565
165 820
165 825
165 945
165 1530
165 1891
165 1972
166 1515
167 530
167 873
167 986
167 1252
167 1512
167 1574
167 1748
167 1966
168 1014
168 1218
168 1372
168 1398
168 1445
168 1514
169 220
169 464
169 691
169 1497
169 1524
170 700
170 1000
170 1763
170 1819
170 1867
171 933
171 1120
171 1314
171 1637
171 1769
171 1785
172 402
172 477
172 978
172 1724
172 1764
172 1773
173 796
173 877
173 1574
174 340
174 795
174 1076
174 1271
174 1333
175 1065
175 1310
175 1461
175 1682
175 1897
175 1973
176 490
176 780
176 1780
177 496
177 1243
177 1822
178 1179
178 1541
179 314
179 355
179 1429
179 1798
180 1060
180 1568
180 1570
180 1949
181 512
181 793
181 933
181 1062
181 1082
181 1712
181 1943
182 540
182 929
182 959
182 1054
182 1654
183 185
183 605
183 840
183 1192
183 1222
183 1705
183 1739
183 1863
184 400
184 736
184 768
185 752
185 1228
185 1330
185 1732
185 1933
186 282
186 693
186 996
186 1654
186 1855
187 400
187 1074
187 1141
187 1250
187 1286
187 1464
187 1524
187 1745
188 278
188 280
188 352
188 427
188 777
188 892
188 1582
188 1686
189 747
189 1392
189 1640
189 1700
189 1763
190 267
190 332
190 343
190 441
190 610
190 652
190 883
190 1072
190 1221
190 1427
190 1430
190 1532
190 1749
190 1814
191 1695
192 220
192 413
192 671
192 774
192 847
192 1797
192 1826
193 514
193 980
194 1311
194 1650
195 273
195 362
195 624
195 836
195 1219
195 1318
196 206
196 597
196 780
196 1246
196 1380
196 1387
196 1508
197 201
197 250
197 265
197 458
197 594
197 860
197 977
197 1111
197 1955
197 1986
198 1032
198 1222
198 1241
199 223
199 468
199 523
199 1091
199 1629
200 640
200 1082
200 1317
200 1579
200 1870
202 239
202 799
202 947
202 994
202 1017
202 1207
202 1562
202 1775
203 554
203 1054
203 1723
204 495
204 621
204 749
204 799
204 1432
204 1595
205 402
205 468
205 790
205 1060
205 1591
206 259
206 597
206 1827
207 698
207 789
207 795
207 1072
207 1118
207 1209
207 1366
207 1476
207 1590
208 684
208 1732
208 1792
209 350
209 841
209 1532
209 1696
210 644
210 648
210 997
210 1601
210 1798
211 407
211 1175
211 1621
211 1642
211 1975
212 711
212 714
212 928
212 973
212 1104
212 1543
212 1580
212 1957
213 716
213 1115
213 1158
213 1490
213 1924
214 220
214 629
214 1669
214 1845
214 1980
215 498
215 670
215 1241
215 1716
216 300
216 324
216 330
216 361
216 819
216 1677
216 1805
217 462
217 1124
217 1307
217 1440
217 1994
218 298
218 485
218 1425
218 1461
218 1914
219 546
219 697
219 718
219 764
219 781
219 809
219 822
219 954
219 1115
219 1471
219 1607
220 471
220 484
220 1055
220 1294
220 1456
220 1661
221 313
221 369
221 474
221 907
222 1037
222 1152
222 1600
222 1816
223 227
223 289
223 1487
223 1569
223 1647
223 1660
223 1679
224 318
224 716
224 1030
224 1423
224 1609
224 1999
225 260
225 429
225 686
225 1030
226 644
226 1605
226 1698
226 1716
227 251
227 1819
227 1951
228 1007
228 1509
229 585
229 1275
229 1349
229 1584
229 1664
230 345
230 438
230 494
230 749
230 1202
230 1304
230 1750
230 1767
230 1788
231 301
231 354
231 519
231 679
231 1537
231 1574
231 1661
231 1929
232 649
232 705
232 876
232 911
232 1754
232 1798
233 441
233 1219
233 1565
233 1903
234 490
234 614
234 890
234 983
234 1239
234 1581
234 1998
235 655
235 1318
235 1358
235 1694
236 295
236 301
236 1040
236 1062
236 1146
236 1161
236 1213
236 1483
236 1683
237 517
237 610
237 777
237 951
237 1003
237 1222
237 1507
238 517
238 579
238 704
238 842
238 1303
238 1617
239 1923
240 899
240 1257
240 1407
241 315
241 652
241 810
241 1354
241 1562
242 438
242 919
242 1156
242 1347
242 1392
243 553
243 638
243 1230
243 1544
243 1942
244 831
244 1051
244 1103
245 1469
245 1915
246 789
246 1064
246 1250
246 1465
246 1512
247 1415
247 1459
247 1748
248 831
248 1185
249 459
249 1028
249 1379
249 1545
249 1549
249 1584
249 1753
249 1871
250 564
250 1444
250 1543
250 1944
251 386
251 1034
251 1402
251 1838
252 1120
253 535
253 857
253 1103
253 1640
253 1906
254 1036
254 1421
254 1578
254 1845
255 526
255 566
255 1196
255 1365
255 1567
256 301
256 364
256 1446
256 1654
256 1702
256 1829
256 1961
257 344
257 784
257 955
257 1085
257 1734
258 390
258 465
258 655
258 1090
258 1940
259 397
259 571
259 817
259 1337
259 1417
259 1617
260 340
260 356
260 600
260 1351
260 1707
260 1909
260 1939
261 526
261 961
261 1709
262 693
262 841
262 953
262 1016
262 1197
262 1393
263 918
263 1085
263 1225
263 1660
263 1736
264 584
264 1019
264 1693
264 1996
265 476
265 638
265 849
265 1012
265 1299
265 1351
265 1791
266 312
266 1165
266 1187
266 1316
266 1605
266 1611
267 290
267 299
267 695
267 766
267 847
267 1033
267 1398
268 609
268 698
268 719
268 889
268 1023
268 1026
269 1018
269 1054
269 1323
270 496
270 1010
270 1025
270 1741
271 289
271 370
271 850
271 966
271 1155
272 608
272 1206
272 1255
272 1363
273 536
273 1328
273 1345
273 1501
273 1901
274 655
274 667
274 1343
274 1795
275 789
275 999
275 1115
275 1269
275 1540
275 1732
276 348
276 900
276 1120
276 1159
276 1282
276 1615
276 1626
276 1662
277 342
277 491
277 504
277 997
277 1335
277 1777
278 313
278 1514
278 1547
279 490
279 565
279 851
279 880
279 932
279 1067
279 1155
279 1338
279 1407
279 1655
279 1716
279 1758
280 348
280 616
280 917
280 1361
280 1370
280 1796
281 494
281 510
281 568
281 787
281 1001
281 1150
281 1508
281 1864
281 1934
283 1211
283 1365
283 1777
283 1833
283 1953
284 737
284 1064
284 1141
284 1398
284 1409
285 386
285 951
285 1079
285 1276
285 1438
286 1499
286 1857
287 300
287 920
287 1411
288 315
288 557
288 880
288 986
288 1220
288 1361
289 1249
289 1289
289 1291
289 1358
289 1618
289 1714
290 455
290 734
290 1158
290 1889
290 1893
291 725
291 823
291 992
291 1128
291 1421
291 1460
291 1535
291 1913
292 395
292 428
292 1159
292 1493
292 1553
292 1699
292 1990
293 343
293 1420
293 1996
294 320
294 1432
295 338
295 350
295 809
295 1333
295 1673
295 1789
296 1168
296 1293
296 1310
296 1636
296 1778
297 620
297 765
297 1104
297 1135
297 1776
298 690
298 1019
298 1099
298 1179
299 857
299 1188
299 1245
299 1455
299 1569
299 1826
300 492
300 1060
300 1200
300 1903
301 435
301 636
301 1096
301 1386
301 1394
301 1845
301 1893
301 1976
302 509
302 559
303 397
303 504
303 802
303 1062
303 1216
303 1390
304 711
304 749
304 778
304 1096
304 1144
304 1476
304 1711
304 1829
304 1892
304 1897
305 511
305 627
305 1363
305 1439
305 1695
305 1734
306 605
306 1001
306 1782
307 1079
307 1291
307 1748
307 1800
307 1804
307 1899
307 1969
308 1244
308 1656
308 1912
309 365
309 516
309 583
309 944
309 1311
309 1628
309 1733
309 1929
310 508
310 539
310 825
310 1140
310 1720
310 1781
310 1831
311 400
311 568
311 692
311 924
311 1251
311 1483
311 1513
311 1565
312 483
312 705
312 851
312 1776
312 1963
313 954
313 1024
313 1247
313 1476
313 1674
313 1940
314 344
314 587
314 847
314 850
314 1082
314 1372
314 1449
314 1512
315 694
315 740
315 753
316 917
316 1127
316 1480
316 1527
316 1695
316 1961
317 654
317 1097
317 1639
318 408
318 420
318 442
318 1677
318 1688
319 711
319 949
319 1084
319 1188
319 1873
319 1884
320 555
320 1189
320 1274
320 1430
320 1830
320 1934
320 1999
321 363
321 643
322 338
322 632
322 1537
322 1976
323 416
323 419
323 1158
323 1413
323 1484
323 1656
323 1899
324 436
324 455
324 788
324 1287
325 975
325 983
325 1087
326 670
326 1028
327 1259
327 1783
327 1952
328 537
328 616
328 699
328 1120
328 1184
328 1676
328 1763
329 424
329 559
329 666
329 905
329 1349
329 1594
330 571
330 795
330 1334
330 1725
330 1795
331 430
331 468
331 1059
331 1126
331 1315
331 1420
331 1430
331 1598
332 381
332 921
332 1072
332 1375
332 1427
332 1947
333 432
333 475
333 1749
333 1933
334 576
334 917
334 1618
334 1677
334 1760
335 597
335 640
335 991
335 1107
335 1931
335 1962
336 501
336 1225
336 1373
336 1463
336 1769
336 1853
337 1185
337 1380
337 1476
337 1654
338 355
338 1369
338 1590
338 1818
339 779
339 828
339 1014
339 1765
340 419
340 637
340 1000
340 1331
340 1461
341 480
341 1021
341 1557
341 1669
341 1984
342 644
342 1393
342 1403
342 1568
343 785
343 918
343 1385
343 1852
344 348
344 448
345 361
345 835
345 942
345 1118
346 690
346 865
346 1074
346 1162
346 1829
347 381
347 500
347 1598
348 514
348 1093
348 1548
349 1308
349 1924
350 1094
350 1429
350 1938
351 478
351 876
351 1381
351 1488
352 878
352 972
352 1019
352 1546
353 530
353 599
353 1213
353 1250
353 1407
354 514
354 637
354 1236
354 1483
354 1491
354 1533
355 670
355 756
355 865
355 1073
355 1100
355 1116
355 1358
355 1441
355 1627
355 1752
356 836
356 1516
356 1698
356 1785
356 1812
357 446
357 510
357 732
357 1166
357 1521
357 1939
358 408
358 429
358 872
358 1179
358 1583
358 1841
358 1947
359 1635
359 1659
359 1810
359 1966
360 498
360 660
360 740
360 1123
360 1271
362 556
362 673
362 931
362 1068
362 1172
362 1560
363 741
363 788
363 987
363 1005
363 1129
363 1218
364 1804
365 591
366 401
366 1085
366 1435
366 1460
366 1895
367 888
367 1472
368 481
368 944
369 834
369 895
369 1253
369 1519
369 1962
370 980
370 1077
370 1093
370 1391
370 1639
371 421
371 1073
371 1993
372 481
372 847
372 1444
372 1449
372 1456
372 1946
373 435
373 1241
373 1638
374 1099
374 1640
375 479
375 642
375 1057
375 1183
375 1242
375 1290
375 1514
375 1565
375 1734
376 492
376 903
376 946
376 1151
376 1235
376 1364
376 1466
376 1561
377 1576
378 772
378 911
378 988
378 1011
378 1493
378 1923
379 652
379 1034
379 1042
379 1252
379 1387
379 1873
379 1992
380 531
380 1096
380 1110
380 1198
380 1330
380 1420
380 1834
381 529
381 633
381 669
381 735
381 1101
381 1483
381 1498
381 1996
382 719
382 747
382 813
382 814
382 903
382 1153
382 1395
383 508
383 539
383 618
383 1010
383 1625
383 1807
384 775
384 1513
384 1595
384 1615
385 713
385 804
385 1638
385 1649
386 439
386 552
386 1064
386 1191
386 1471
387 625
387 1361
387 1414
387 1847
388 468
388 542
388 886
388 1065
388 1330
388 1415
388 1712
388 1731
388 1880
389 519
389 590
389 832
389 926
389 989
389 1666
389 1757
389 1894
390 730
390 1311
390 1327
390 1439
390 1704
391 892
391 1675
392 528
392 565
392 579
392 733
392 1578
392 1758
392 1944
393 567
393 1283
393 1384
394 737
394 1701
394 1847
394 1940
394 1988
395 478
395 643
395 909
395 1112
395 1469
396 772
396 1277
397 420
397 657
397 1137
397 1160
397 1205
397 1254
397 1627
397 1848
397 1971
398 468
398 1000
398 1088
399 452
399 657
399 704
399 1117
399 1530
399 1924
400 881
400 938
400 1726
400 1731
400 1872
401 1835
402 684
402 1028
402 1216
402 1223
402 1269
403 471
403 567
403 622
403 845
403 910
403 1292
403 1827
403 1894
403 1920
404 906
405 600
405 795
405 969
405 1015
405 1119
405 1863
406 812
406 1209
406 1602
406 1909
407 659
407 666
407 758
408 946
408 1577
408 1592
409 525
409 718
409 895
409 1151
409 1225
409 1398
409 1402
409 1859
409 1946
410 464
410 478
410 534
410 617
410 1302
410 1442
410 1592
410 1676
410 1706
410 1845
411 534
411 813
411 907
411 1714
412 583
412 1445
413 812
413 1692
413 1835
414 890
414 1478
414 1635
414 1839
415 417
415 1106
415 1196
415 1400
415 1570
415 1577
416 742
416 918
416 983
417 489
417 606
417 608
417 832
417 865
417 910
417 1079
417 1088
418 447
418 479
418 505
418 1669
418 1906
419 598
419 604
419 675
419 773
419 1165
419 1497
419 1702
419 1942
419 1948
420 612
420 779
420 871
420 1717
421 977
421 1396
421 1524
421 1690
421 1768
422 1510
422 1587
422 1640
422 1997
423 582
423 824
423 913
423 921
423 1474
423 1598
423 1998
424 536
424 710
424 1209
424 1423
424 1429
424 1841
425 767
425 931
425 954
425 1044
425 1245
425 1261
426 684
426 995
426 1368
427 596
427 850
427 875
427 1506
428 504
428 901
428 1473
428 1488
428 1522
428 1553
429 801
429 1297
429 1635
429 1853
430 467
430 888
430 1252
430 1420
430 1554
431 466
431 640
431 645
431 797
431 901
431 950
431 1510
431 1740
432 558
432 737
432 841
432 1754
433 952
433 1183
434 718
434 1324
434 1487
434 1535
434 1688
434 1845
435 468
435 1073
435 1082
435 1093
435 1363
435 1484
435 1618
435 1627
436 1371
436 1396
436 1801
436 1928
437 627
439 865
440 755
440 960
440 1218
440 1275
440 1278
440 1467
440 1584
440 1767
441 583
441 609
441 874
441 1931
441 1991
442 595
442 763
442 988
442 1030
442 1070
442 1774
443 1001
443 1386
443 1645
444 962
444 1273
444 1344
444 1400
444 1852
445 449
445 620
445 864
445 1114
445 1189
445 1871
446 570
446 661
446 901
446 1186
446 1222
446 1819
447 557
447 1285
448 1063
448 1487
448 1531
449 575
449 1569
449 1854
450 639
450 738
450 795
450 824
450 854
450 1279
450 1884
451 459
451 1171
451 1223
451 1602
453 1003
453 1530
453 1705
453 1954
453 1980
454 462
454 784
454 1434
454 1570
454 1607
454 1785
455 696
455 1381
455 1835
456 1025
456 1843
457 1153
457 1162
457 1470
457 1828
457 1982
458 612
458 723
458 937
458 1072
458 1378
458 1626
458 1642
458 1750
458 1774
459 1439
459 1550
459 1742
459 1762
459 1798
460 833
460 1499
460 1909
461 658
461 985
461 1272
461 1288
461 1513
461 1824
462 485
462 550
462 686
462 1034
463 612
463 945
463 1880
463 2000
464 992
464 1132
464 1461
464 1487
464 1538
464 1559
464 1738
464 1896
465 871
465 1546
465 1585
466 567
466 1152
466 1557
467 1370
467 1389
468 1049
469 778
469 957
469 1849
470 588
470 878
470 968
470 1631
471 759
471 848
471 1153
471 1370
471 1960
472 664
472 793
472 1382
472 1734
473 982
473 1039
473 1040
474 801
474 807
474 832
474 1106
474 1182
474 1222
474 1624
475 500
475 1233
475 1517
475 1750
475 1942
475 1981
476 479
476 1072
476 1750
476 1836
477 515
477 679
477 691
477 928
477 1237
477 1521
477 1627
478 634
478 651
478 778
478 896
479 1192
480 881
480 1280
480 1451
480 1589
480 1659
480 1722
480 1756
480 1998
481 587
481 642
481 1049
481 1130
481 1343
481 1613
481 1766
482 557
482 567
482 1590
482 1730
482 1743
483 875
483 1430
484 1163
485 803
485 836
485 1290
485 1743
486 532
486 1016
486 1500
486 1659
486 1710
487 1408
487 1602
487 1646
488 500
488 563
488 580
488 630
488 1173
488 1658
488 1850
488 1960
489 1157
489 1446
490 607
490 1074
491 1140
491 1615
491 1944
492 567
492 845
492 1282
492 1342
492 1546
493 704
493 821
493 1876
494 620
494 1455
494 1917
494 1933
495 1140
495 1473
496 586
496 783
496 940
496 965
496 986
496 1447
496 1709
496 1803
497 1071
497 1133
497 1558
497 1637
497 1786
498 1015
498 1051
498 1286
498 1295
498 1507
498 1803
498 1901
499 507
499 685
500 1285
500 1302
500 1434
500 1567
500 1832
500 1985
501 628
501 657
501 1561
501 1891
502 928
502 1567
502 1737
502 1881
503 550
503 746
503 809
503 1017
503 1306
503 1361
503 1423
503 1723
504 604
504 890
504 1557
505 917
505 989
505 1456
505 1665
505 1693
505 1724
505 1814
506 555
506 580
506 750
506 770
506 786
506 1754
506 1866
506 1996
507 527
507 612
507 1471
508 528
508 1430
508 1581
508 1909
509 1299
509 1955
510 896
510 1006
510 1304
510 1839
510 1903
511 532
511 732
511 741
511 1073
511 1620
511 1748
511 1936
512 539
512 621
512 814
512 1531
513 548
513 702
513 1035
513 1433
514 587
514 601
514 800
514 1114
515 517
515 641
515 662
515 817
515 936
515 1012
515 1035
515 1239
515 1762
515 1935
516 685
516 792
516 829
516 1000
516 1134
516 1277
516 1637
516 1649
517 910
517 1028
517 1080
517 1172
518 841
518 953
518 1073
518 1340
518 1470
519 1348
519 1775
519 1784
520 750
520 781
520 953
520 1209
520 1377
520 1696
521 568
521 774
521 1058
521 1339
521 1646
521 1668
521 1866
522 580
522 1343
522 1797
522 1829
523 755
523 952
523 1117
523 1585
523 1664
523 1886
524 578
524 585
524 1540
525 702
525 720
525 884
525 903
525 1881
526 931
527 735
527 819
527 1981
528 873
528 1077
528 1333
528 1802
528 1914
528 1952
529 738
529 1978
530 690
530 776
530 884
530 1747
531 836
531 1671
531 1819
532 946
532 1149
532 1475
533 752
533 823
533 866
533 1555
533 1755
534 601
534 783
534 1141
534 1175
534 1621
534 1917
534 1929
535 833
535 1954
536 732
536 842
536 1157
536 1430
536 1482
537 715
537 776
537 1876
538 631
539 1199
539 1206
539 1233
539 1308
539 1761
539 1933
539 1991
539 1996
540 652
540 653
540 1116
540 1123
540 1569
540 1592
541 662
541 1546
541 1568
541 1634
541 1679
542 1055
542 1796
543 648
543 1296
544 771
544 1578
544 1882
545 603
545 933
545 1169
545 1245
545 1363
545 1679
545 1759
546 694
546 837
546 1143
546 1416
546 1666
546 1699
546 1722
546 1802
546 1879
547 550
547 719
547 1063
547 1111
547 1450
548 916
548 981
548 986
548 1115
548 1324
548 1819
549 1539
550 861
550 1679
551 816
551 877
551 1026
551 1487
551 1971
552 705
552 1123
552 1235
552 1703
553 1010
553 1369
553 1396
554 1941
555 925
555 941
555 1400
555 1465
555 1521
555 1678
555 1729
555 1968
556 1330
556 1353
557 611
557 1197
557 1968
558 1116
559 919
559 1220
559 1933
560 697
560 987
560 1384
560 1910
561 869
561 1233
562 636
562 745
562 905
562 1245
562 1634
562 1921
563 1133
563 1488
563 1671
563 1680
564 712
564 1050
564 1681
565 1950
566 726
566 854
566 1213
566 1394
566 1599
566 1623
567 823
567 926
568 973
568 1048
568 1059
568 1218
568 1716
568 1892
569 624
569 1152
569 1427
569 1508
569 1621
569 1781
569 1906
570 691
570 742
570 882
570 1020
570 1088
570 1495
570 1615
570 1679
570 1788
571 753
571 877
571 899
571 1456
571 1548
572 963
572 1320
572 1458
572 1600
572 1645
573 773
573 1263
573 1433
573 1940
574 598
574 606
574 1139
574 1255
574 1258
574 1542
574 1598
574 1606
574 1622
574 1802
574 1929
575 860
575 1765
576 660
576 953
576 1337
576 1408
576 1425
576 1526
576 1784
576 1994
577 1101
577 1621
578 1134
578 1232
579 601
579 861
579 982
579 1078
579 1085
579 1333
579 2000
580 721
580 732
580 1131
580 1880
581 673
581 1117
581 1424
581 1577
581 1621
582 1031
582 1539
582 1583
583 935
583 1858
583 1933
585 595
585 1083
585 1308
585 1372
585 1504
585 1870
586 1018
586 1090
586 1171
586 1200
586 1432
586 1600
587 1275
587 1613
588 915
588 927
588 1018
588 1898
589 1258
589 1447
589 1662
590 770
590 832
590 862
590 985
590 1231
590 1964
590 1979
591 689
591 848
591 1195
591 1432
591 1465
591 1476
591 1581
591 1610
591 1649
591 1884
592 1274
592 1607
593 620
593 1419
593 1635
593 1795
594 933
594 1054
594 1467
594 1605
594 1925
595 660
595 849
595 1747
596 655
596 906
596 977
596 1408
596 1607
596 1670
597 624
597 1233
598 617
598 1048
599 659
599 1124
600 839
600 951
600 1340
600 1495
600 1877
601 742
601 976
601 1321
601 1325
601 1876
601 1935
602 854
602 928
602 1074
602 1461
602 1548
603 862
603 1124
604 860
604 1255
605 931
605 1096
605 1636
605 1689
606 1182
606 1221
606 1918
607 1315
607 1884
608 687
608 703
608 968
608 1664
608 1879
608 1982
609 840
609 1377
609 1621
610 886
610 1209
611 651
611 696
611 1032
611 1116
612 935
612 983
612 1398
613 1208
613 1222
613 1672
613 1755
614 631
614 729
614 1352
614 1412
614 1561
614 1790
614 1943
615 1204
615 1405
615 1595
615 1915
616 701
616 818
616 1225
616 1704
616 1951
617 624
617 866
617 920
617 1029
617 1307
617 1453
617 1463
617 1484
617 1749
617 1774
617 1910
617 1962
618 1238
618 1358
618 1928
619 1379
619 1446
619 1748
619 1784
620 1517
620 1948
621 1439
621 1553
621 1667
621 1857
622 914
622 1040
622 1464
622 1806
622 1943
623 811
624 990
624 1039
624 1507
625 642
625 737
625 818
625 848
625 880
625 1066
625 1209
625 1324
625 1345
625 1725
625 1999
626 738
626 905
626 1020
626 1836
626 1847
627 984
627 1142
627 1590
627 1705
628 632
628 907
628 908
628 915
629 732
629 1099
629 1674
630 637
630 1393
630 1444
630 1543
630 1697
630 1763
630 1804
631 1979
632 803
632 848
632 936
632 1216
632 1782
632 1972
633 805
633 1545
633 1685
633 1887
634 1148
634 1217
634 1302
634 1377
634 1821
635 977
635 1175
635 1230
636 1177
636 1180
636 1305
636 1646
636 1828
637 1543
637 1817
638 755
638 975
639 1004
639 1150
640 1839
641 685
641 724
641 855
641 1252
641 1393
641 1875
642 781
642 1026
642 1209
642 1433
642 1580
642 1761
643 1026
643 1030
643 1060
643 1277
643 1358
643 1447
643 1597
644 1098
644 1908
645 686
645 911
645 1076
645 1558
645 1889
646 897
646 1521
646 1642
646 1814
647 788
647 794
647 979
647 1145
647 1315
647 1732
648 688
648 1651
648 1694
648 1858
648 2000
649 931
649 1462
649 1514
649 1729
649 1871
650 1005
650 1604
650 1993
651 743
651 1588
652 1220
652 1385
653 728
653 1193
654 848
654 1097
654 1566
654 1746
654 1969
655 1132
655 1141
655 1357
655 1543
655 1622
656 872
657 750
657 1419
658 960
658 1595
658 1611
659 714
659 1490
660 940
660 1467
660 1565
661 722
661 869
661 1168
661 1282
661 1626
662 1823
663 1027
663 1156
663 1189
663 1895
664 747
664 838
664 1025
664 1552
665 791
665 1370
665 1843
665 1960
666 916
666 1046
666 1447
666 1521
666 1554
666 1832
667 1102
667 1131
667 1340
667 1386
667 1518
668 1053
668 1085
668 1095
668 1452
668 1574
668 1856
668 1920
669 1243
669 1283
669 1524
669 1664
669 1667
669 1824
670 971
670 1018
670 1288
670 1368
670 1505
670 1993
671 1149
671 1209
671 1622
671 1899
672 756
672 1652
672 1667
673 855
673 1134
673 1244
673 1269
673 1483
674 860
674 1345
674 1681
674 1811
675 1158
675 1499
676 1442
677 1031
677 1085
677 1602
678 813
678 855
678 1250
678 1341
678 1693
679 1128
679 1374
679 1417
679 1595
680 962
680 1236
680 1586
680 1607
680 1620
680 1642
681 786
681 1170
681 1791
683 1284
684 1394
685 723
685 1170
685 1648
686 833
686 943
686 979
686 1247
686 1429
686 1631
687 786
687 1161
687 1351
687 1462
687 1519
687 1600
687 2000
688 1446
688 1506
688 1615
688 1665
689 942
689 1055
689 1182
690 710
690 1669
690 1733
691 1705
691 1744
692 766
692 1222
693 717
693 735
693 906
693 1117
693 1263
693 1705
693 1901
694 791
694 854
694 1014
694 1799
695 1006
695 1197
695 1340
695 1629
695 1911
696 975
696 1091
696 1124
696 1583
697 770
697 868
697 1200
697 1229
697 1637
697 1935
698 1240
698 1580
698 1976
699 1724
699 1879
699 1982
700 742
700 1515
700 1553
700 1582
701 727
701 988
701 1610
701 1675
701 1714
701 1787
701 1926
702 710
702 1372
702 1402
702 1714
702 1898
703 958
703 1144
703 1242
703 1905
703 1908
704 908
704 1132
704 1453
705 1285
705 1367
705 1827
706 1083
706 1507
706 1544
706 1597
706 1633
706 1976
707 972
707 1486
708 905
708 1917
709 1782
709 1846
709 1874
710 1236
710 1556
711 1219
711 1950
712 883
712 1436
712 1767
712 1858
713 930
713 1184
713 1229
713 1421
713 1626
713 1742
713 1985
714 920
714 1040
714 1197
714 1207
714 1397
714 1757
714 1901
715 931
715 1295
715 1712
715 1713
715 1971
716 733
716 738
716 1470
716 1702
716 1805
717 1170
718 725
718 1339
718 1750
719 844
719 1888
720 1049
720 1111
720 1237
720 1257
720 1351
720 1376
720 1420
720 1796
721 779
721 1047
721 1356
721 1869
722 862
722 1240
723 777
723 970
723 1354
723 1360
723 1485
723 1535
724 934
724 1465
725 1331
725 1509
725 1942
726 775
726 1247
726 1349
726 1401
726 1468
726 1659
726 1801
726 1899
727 753
727 1145
727 1609
727 1736
728 1429
728 1443
728 1512
728 1523
728 1704
728 1769
729 904
729 1275
729 1945
730 992
730 1122
730 1530
730 1672
731 846
731 861
731 903
731 1674
731 1793
732 1223
733 758
733 870
733 924
733 1372
733 1502
733 1692
733 1864
734 837
734 894
734 1362
734 1411
734 1870
735 1199
735 1529
735 1555
735 1662
735 1706
735 1888
735 1964
736 1157
736 1218
736 1300
737 922
737 965
737 1637
738 817
738 898
738 1525
739 985
739 1116
739 1386
739 1779
740 1529
740 1664
740 1665
740 1732
741 1102
741 1304
742 828
742 896
742 1583
742 1728
743 894
743 1077
743 1136
743 1493
744 1253
744 1434
745 781
745 1016
746 749
746 804
746 1004
746 1148
746 1560
746 1792
746 1985
747 1362
748 931
748 1484
748 1718
749 1238
749 1605
749 1846
750 1018
750 1410
751 936
751 1084
751 1758
752 1069
752 1238
752 1318
752 1774
753 968
753 1138
753 1385
753 1752
754 950
754 1814
755 936
755 1311
755 1635
755 1774
755 1923
756 1429
757 809
757 1015
757 1025
757 1509
757 1581
757 1700
758 865
758 1887
759 1639
760 1841
760 1925
760 1969
761 1627
761 1899
762 821
762 859
762 1091
762 1194
762 1795
762 1915
763 962
763 980
763 1517
764 1208
764 1342
765 1425
766 777
766 856
766 1082
766 1543
766 1677
766 1774
766 1930
766 1998
767 1150
767 1369
767 1677
768 1524
768 1901
768 1989
769 1192
769 1339
769 1812
769 1899
770 833
770 1360
770 1631
771 1707
771 1843
771 1936
771 1982
772 1228
772 1994
773 800
773 1412
773 1588
774 960
774 1079
774 1659
774 1799
775 1399
775 1710
776 829
776 903
776 1387
776 1684
776 1936
777 1492
777 1603
777 1809
778 1105
778 1220
778 1779
779 937
779 1005
779 1277
780 996
780 1146
780 1341
780 1509
780 1683
780 1821
780 1986
781 856
781 948
781 1327
782 906
782 1883
783 817
783 858
783 1350
783 1694
783 1862
784 899
784 1275
784 1305
784 1421
784 1504
784 1611
784 1885
785 1313
786 997
786 999
786 1416
786 1523
786 1540
787 1042
787 1305
787 1996
788 846
788 1370
788 1758
788 1859
788 1892
788 1911
789 966
789 1282
789 1463
789 1771
791 1040
791 1065
791 1117
791 1334
791 1918
791 1920
791 1969
792 904
792 995
792 1682
792 1695
792 1737
793 920
793 948
793 1313
793 1935
794 802
794 1629
794 1638
794 1736
795 1508
796 1469
798 1167
798 1274
799 1006
799 1384
799 1505
799 1671
799 1760
800 1245
800 1461
800 1479
800 1494
801 1066
801 1601
802 1038
802 1407
804 902
804 909
804 1834
804 1851
805 864
805 1030
805 1282
805 1462
805 1847
806 1194
806 1255
806 1324
806 1353
806 1740
807 900
807 957
807 1113
807 1776
808 1426
808 1962
809 1541
809 1679
809 1689
809 1820
810 1029
810 1056
810 1120
810 1288
810 1710
810 1715
811 1177
811 1473
811 1804
812 1177
812 1572
813 1871
814 1030
814 1130
814 1372
815 826
815 1476
815 1619
816 1544
817 910
817 1480
817 1535
818 890
818 1272
818 1382
818 1862
819 984
819 1027
819 1439
819 1648
819 1983
820 869
820 1258
820 1969
821 1040
821 1403
821 1647
821 1857
821 1927
822 1311
822 1573
822 1701
822 1920
823 875
823 1154
823 1464
823 1585
823 1842
824 925
824 1439
824 1476
825 1871
825 1964
826 1037
826 1550
827 1289
827 1564
827 1861
828 1458
828 1710
828 1958
829 1285
829 1530
829 1620
830 838
830 1053
830 1099
830 1261
831 987
831 1028
831 1308
831 1462
831 1593
832 1022
832 1028
832 1450
832 1831
832 1852
832 1997
833 1593
833 1663
834 863
834 1695
834 1738
835 945
835 1285
835 1729
836 871
836 916
836 1664
836 1674
837 873
837 978
837 1119
837 1272
837 1672
837 1777
838 943
838 1302
838 1865
839 872
839 903
839 1277
839 1541
839 1668
839 1813
840 1499
840 1652
841 1559
843 1430
843 1792
844 1061
844 1198
844 1641
845 1013
845 1369
845 1430
846 887
846 1133
846 1628
847 1600
847 1636
848 1769
849 863
849 1086
850 1023
850 1123
850 1211
850 1264
850 1348
850 1399
850 1466
850 1785
851 896
851 1001
851 1124
851 1177
851 1742
852 1149
852 1561
852 1574
853 1078
853 1943
854 1070
854 1468
855 873
855 1064
855 1326
855 1777
855 1967
856 998
856 1290
856 1461
857 1304
857 1335
857 1949
858 1339
858 1473
859 1109
859 1338
859 1786
859 1790
860 1411
861 1398
862 1389
862 1524
862 1894
862 1972
863 1334
863 1570
864 885
864 1160
864 1442
865 1350
865 1582
865 1768
866 1100
866 1144
866 1318
866 1485
867 1426
868 1327
869 1977
870 1321
870 1563
871 1124
871 1560
871 1873
871 1914
873 1060
873 1208
873 1534
874 1037
874 1179
875 1452
875 1558
875 1809
876 1488
876 1728
876 1741
877 1273
877 1301
877 1967
878 1972
878 1991
879 1246
879 1339
880 1317
880 1383
880 1651
881 939
881 1121
881 1535
881 1754
882 1303
882 1938
884 1370
885 1182
885 1546
885 1662
885 1695
886 1184
886 1290
886 1920
887 889
887 1026
887 1231
887 1398
887 1717
887 1884
888 892
888 1135
888 1881
889 1139
889 1202
889 1817
889 1854
890 1104
890 1366
891 961
891 1750
893 900
893 1183
893 1206
893 1809
894 980
894 1046
894 1345
894 1731
894 1783
895 964
895 1345
895 1480
895 1540
895 1919
895 1960
895 1961
896 1002
896 1131
896 1240
896 1514
896 1679
896 1816
896 1820
897 1563
897 1638
897 1682
898 1160
898 1260
898 1871
899 1700
899 1739
900 1662
901 1105
901 1671
901 1959
902 1040
902 1183
902 1250
902 1437
902 1979
904 1053
904 1092
904 1094
904 1371
905 910
905 970
905 1271
905 1315
905 1330
905 1655
905 1671
905 1825
906 1371
906 1687
906 1945
907 1049
907 1391
908 990
909 1324
909 1529
909 1777
910 1036
910 1431
910 1578
911 1538
912 1023
912 1472
912 1815
912 1907
913 1285
913 1336
913 1402
913 1407
913 1475
913 1528
913 1613
913 1734
914 1154
914 1176
914 1204
914 1630
914 1994
915 1044
915 1102
915 1380
915 1403
915 1584
915 1691
915 1791
916 1250
917 1280
917 1574
917 1811
918 1051
918 1365
919 1118
919 1349
919 1379
919 1487
919 1509
920 1483
920 1717
920 1957
921 1044
921 1212
921 1522
921 1551
921 1754
922 1129
922 1537
923 1527
924 1166
924 1328
924 1333
924 1632
925 1326
925 1634
927 1244
928 1104
928 1157
928 1215
928 1359
928 1461
928 1599
928 1673
929 987
929 1537
930 1978
931 1193
931 1318
931 1885
932 1161
932 1719
932 1818
933 959
933 1249
933 1814
934 1601
935 1235
935 1278
935 1338
935 1356
935 1873
936 1038
936 1446
936 1760
937 1819
938 1906
938 1937
939 1386
940 1312
940 1393
940 1612
940 1647
940 1659
940 1684
941 1033
941 1565
941 1751
941 1859
942 1077
942 1987
943 1649
943 1973
944 1329
944 1544
944 1708
945 1831
946 1079
946 1475
946 1476
946 1505
946 1585
946 1805
947 1992
948 1107
948 1298
948 1351
949 1428
950 1142
950 1233
951 1758
952 1304
952 1989
954 1085
954 1086
954 1176
954 1200
954 1223
954 1609
954 1709
954 1711
955 1699
955 1942
955 1992
956 1207
956 1252
956 1430
956 1624
957 1014
957 1159
957 1176
957 1205
957 1281
957 1559
957 1698
957 1749
958 1224
958 1574
958 1963
959 1176
959 1411
959 1610
960 1055
960 1101
960 1138
960 1643
960 1905
961 1055
961 1291
961 1999
962 986
962 1585
963 1202
963 1642
963 1765
963 1775
964 1067
964 1115
964 1551
964 1688
964 1805
964 1977
965 1371
965 1863
965 1872
966 1293
966 1308
966 1363
966 1830
966 1990
967 1438
967 1637
967 1675
967 1850
968 1845
968 1872
969 1916
970 989
971 1597
971 1956
972 1314
972 1408
972 1727
972 1786
973 1092
973 1708
974 1090
974 1091
974 1576
974 1646
974 1669
974 1968
975 1221
976 1134
976 1525
976 1563
977 1220
977 1563
977 1682
977 1697
977 1731
978 1149
978 1234
978 1391
978 1675
979 1577
979 1714
979 1820
980 1458
980 1744
980 1984
981 1228
982 1166
982 1806
984 1255
984 1615
985 1157
985 1805
986 1082
986 1128
986 1454
986 1751
987 1104
987 1803
987 1872
987 1897
987 1955
988 1542
989 1402
989 1564
990 1259
990 1357
990 1388
991 1170
991 1470
991 1638
991 1784
991 1871
992 1232
992 1465
992 1677
993 1135
993 1519
994 1106
995 1435
995 1458
995 1800
995 1847
996 1660
996 1705
996 1754
997 1275
997 1625
997 1883
998 1145
998 1405
998 1499
998 1858
998 1917
999 1870
1000 1015
1000 1213
1000 1527
1000 1813
1001 1195
1001 1508
1001 1645
1001 1720
1002 1009
1002 1545
1002 1859
1002 1862
1003 1011
1003 1245
1004 1140
1004 1235
1005 1412
1005 1540
1005 1728
1005 1922
1006 1232
1006 1401
1007 1110
1007 1446
1007 1851
1008 1460
1008 1600
1008 1967
1008 1979
1009 1644
1009 1836
1009 1847
1010 1215
1011 1066
1011 1246
1011 1485
1012 1225
1012 1438
1012 1699
1013 1581
1014 1125
1015 1233
1015 1599
1015 1613
1015 1708
1015 1786
1016 1173
1016 1754
1017 1051
1017 1554
1017 1893
1018 1239
1018 1524
1018 1607
1019 1424
1019 1729
1019 2000
1021 1539
1022 1436
1022 1503
1022 1523
1022 1575
1022 1685
1022 1710
1022 1829
1023 1678
1023 1698
1026 1400
1026 1502
1026 1669
1026 1724
1026 1911
1027 1080
1027 1609
1027 1624
1027 1685
1027 1850
1027 1858
1028 1145
1028 1377
1028 1400
1028 1411
1028 1745
1028 1843
1029 1602
1029 1610
1030 1204
1030 1340
1030 1405
1031 1356
1031 1654
1031 1930
1032 1452
1032 1621
1033 1686
1035 1195
1035 1470
1036 1325
1036 1705
1037 1078
1038 1570
1039 1204
1039 1698
1039 1916
1039 1997
1040 1227
1040 1259
1040 1485
1040 1570
1040 1652
1040 1869
1041 1145
1041 1277
1041 1875
1041 1939
1042 1156
1042 1797
1042 1988
1043 1434
1043 1437
1044 1196
1044 1323
1044 1336
1044 1594
1044 1603
1044 1832
1045 1056
1045 1119
1045 1272
1045 1732
1045 1955
1046 1316
1046 1423
1046 1438
1047 1462
1047 1672
1048 1482
1048 1837
1049 1591
1049 1763
1049 1821
1050 1130
1050 1253
1050 1377
1050 1628
1050 1689
1050 1778
1050 1999
1051 1867
1051 1909
1052 1110
1052 1295
1052 1300
1054 1102
1054 1301
1054 1346
1054 1451
1054 1616
1055 1711
1056 1919
1057 1545
1057 1709
1057 1869
1058 1504
1058 1738
1059 1534
1060 1167
1060 1360
1061 1568
1062 1085
1062 1233
1062 1306
1062 1364
1062 1370
1063 1591
1064 1192
1064 1505
1064 1748
1064 1812
1064 1979
1065 1118
1066 1121
1066 1244
1066 1887
1067 1134
1067 1187
1067 1784
1068 1416
1068 1756
1069 1834
1069 1954
1070 1173
1070 1882
1070 1966
1071 1281
1071 1567
1073 1673
1073 1972
1073 1977
1074 1375
1074 1446
1074 1557
1074 1619
1075 1154
1075 1265
1075 1274
1075 1810
1076 1716
1076 1964
1077 1183
1077 1404
1077 1516
1077 1869
1077 1960
1078 1140
1078 1803
1078 1835
1079 1147
1079 1255
1079 1311
1079 1563
1079 1565
1079 1627
1079 1824
1080 1324
1080 1449
1080 1857
1082 1398
1082 1822
1083 1696
1084 1304
1084 1364
1084 1654
1084 1829
1085 1254
1085 1475
1085 1870
1086 1234
1086 1346
1086 1538
1086 1591
1087 1109
1088 1217
1088 1473
1088 1491
1088 1529
1088 1800
1088 1820
1089 1572
1089 1785
1089 1855
1090 1203
1090 1674
1090 1783
1091 1994
1092 1244
1092 1479
1092 1546
1092 1573
1093 1112
1093 1130
1094 1244
1094 1443
1094 1826
1095 1255
1095 1285
1095 1657
1095 1731
1096 1173
1096 1606
1096 1795
1098 1159
1098 1282
1098 1324
1098 1532
1098 1693
1098 1930
1099 1530
1099 1796
1100 1145
1100 1797
1100 1895
1101 1325
1102 1115
1102 1383
1102 1851
1103 1348
1103 1706
1103 1711
1103 1795
1104 1521
1104 1537
1104 1756
1105 1701
1106 1114
1106 1183
1107 1654
1107 1816
1108 1605
1108 1949
1109 1538
1109 1825
1110 1134
1110 1327
1110 1332
1110 1502
1110 1517
1110 1873
1111 1228
1111 1230
1111 1654
1111 1746
1111 1819
1112 1120
1112 1295
1112 1324
1113 1133
1113 1695
1113 1722
1113 1965
1114 1308
1114 1402
1115 1436
1117 1456
1118 1507
1119 1125
1119 1347
1119 1895
1120 1818
1121 1153
1121 1337
1121 1919
1122 1288
1122 1492
1122 1659
1123 1198
1123 1496
1123 1592
1123 1635
1125 1319
1126 1605
1127 1981
1129 1328
1129 1410
1129 1455
1129 1464
1130 1141
1130 1687
1131 1675
1131 1994
1133 1529
1134 1294
1134 1830
1134 1954
1135 1408
1135 1534
1136 1308
1136 1369
1136 1673
1137 1852
1138 1141
1138 1530
1138 1666
1139 1150
1139 1336
1139 1772
1140 1359
1141 1440
1141 1554
1142 1478
1142 1645
1142 1771
1143 1417
1143 1993
1144 1458
1144 1712
1144 1826
1144 1945
1145 1250
1145 1480
1145 1568
1145 1901
1146 1931
1147 1504
1147 1681
1148 1378
1148 1682
1148 1817
1149 1436
1149 1792
1150 1199
1150 1328
1150 1684
1150 1793
1150 1931
1150 1943
1151 1229
1151 1878
1151 1896
1152 1169
1152 1249
1152 1550
1152 1575
1152 1714
1153 1433
1154 1441
1154 1867
1155 1231
1155 1486
1155 1564
1155 1886
1156 1318
1156 1422
1157 1310
1157 1548
1157 1663
1157 1710
1157 1749
1158 1270
1158 1413
1158 1561
1159 1940
1160 1357
1160 1378
1160 1523
1161 1302
1161 1577
1161 1752
1161 1861
1161 1930
1161 1964
1162 1293
1162 1349
1162 1687
1162 1760
1162 1807
1163 1324
1163 1364
1163 1572
1165 1193
1165 1384
1166 1296
1166 1979
1167 1978
1168 1303
1168 1666
1168 1948
1170 1471
1170 1570
1171 1246
1171 1610
1172 1790
1173 1957
1174 1977
1175 1480
1176 1388
1176 1572
1176 1980
1177 1463
1177 1538
1177 1695
1178 1538
1178 1701
1178 1875
1178 1978
1179 1227
1179 1712
1179 1900
1179 1973
1180 1293
1180 1334
1180 1338
1180 1976
1181 1317
1181 1788
1182 1705
1182 1728
1182 1767
1183 1372
1183 1675
1183 1788
1183 1849
1183 1855
1185 1318
1185 1606
1186 1271
1186 1361
1187 1380
1187 1812
1188 1313
1188 1781
1189 1445
1189 1448
1189 1463
1189 1754
1189 1841
1189 1874
1190 1236
1190 1252
1190 1406
1190 1633
1190 1794
1192 1328
1193 1847
1194 1266
1194 1774
1195 1355
1195 1390
1195 1842
1195 1895
1196 1271
1196 1418
1197 1338
1197 1381
1197 1386
1197 1701
1197 1718
1197 1727
1197 1890
1197 1954
1197 1990
1198 1845
1198 1913
1199 1503
1199 1884
1200 1473
1202 1270
1202 1587
1202 1662
1203 1696
1203 1785
1203 1844
1203 1961
1203 1994
1204 1252
1204 1338
1204 1583
1205 1434
1205 1907
1206 1985
1207 1922
1208 1292
1208 1795
1208 1864
1210 1614
1210 1894
1210 1921
1210 1937
1211 1445
1211 1907
1212 1382
1212 1998
1213 1629
1215 1219
1215 1844
1215 1992
1216 1270
1217 1226
1217 1560
1217 1949
1218 1240
1219 1558
1219 1577
1219 1834
1220 1250
1221 1382
1222 1325
1222 1626
1222 1675
1223 1528
1223 1775
1225 1286
1225 1351
1225 1361
1225 1646
1225 1892
1226 1359
1226 1512
1226 1555
1226 1664
1226 1774
1227 1913
1228 1385
1229 1633
1229 1790
1230 1596
1230 1918
1230 1988
1231 1430
1231 1449
1231 1511
1231 1533
1232 1557
1232 1786
1233 1276
1233 1338
1233 1456
1233 1697
1233 1740
1233 1877
1234 1442
1234 1527
1235 1373
1235 1575
1235 1926
1236 1289
1236 1838
1237 1508
1238 1997
1239 1585
1239 1639
1240 1461
1240 1555
1240 1601
1240 1800
1241 1304
1242 1526
1242 1856
1243 1947
1244 1486
1244 1959
1245 1725
1245 1913
1246 1552
1246 1605
1247 1343
1247 1706
1247 1984
1248 1907
1249 1623
1249 1632
1250 1554
1250 1674
1250 1863
1251 1558
1251 1844
1252 1563
1253 1281
1253 1387
1253 1771
1254 1258
1254 1455
1254 1626
1254 1899
1255 1811
1255 1815
1256 1413
1257 1925
1257 1939
1258 1592
1258 1923
1259 1321
1259 1481
1259 1673
1259 1963
1260 1897
1261 1629
1261 1699
1262 1462
1262 1611
1262 1622
1263 1632
1264 1469
1264 1733
1265 1288
1265 1648
1265 1966
1266 1781
1267 1373
1267 1414
1267 1465
1268 1375
1268 1384
1268 1411
1269 1382
1269 1935
1270 1510
1271 1458
1272 1658
1272 1695
1272 1941
1273 1525
1273 1914
1274 1330
1274 1519
1274 1568
1275 1609
1275 1681
1275 1803
1275 1831
1275 1907
1276 1812
1277 1304
1277 1591
1277 1948
1278 1351
1278 1355
1278 1475
1278 1982
1279 1797
1281 1314
1281 1487
1281 1552
1281 1617
1281 1683
1282 1515
1283 1601
1283 1803
1283 1975
1284 1765
1285 1427
1287 1353
1287 1876
1288 1360
1288 1454
1288 1598
1288 1683
1288 1803
1289 1443
1289 1595
1289 1691
1290 1573
1290 1745
1291 1504
1291 1508
1291 1960
1292 1686
1292 1769
1292 1924
1292 1936
1293 1523
1293 1694
1293 1946
1294 1829
1294 1995
1295 1881
1295 1990
1296 1811
1298 1905
1298 1944
1299 1536
1299 1806
1299 1949
1300 1956
1301 1306
1301 1926
1302 1606
1304 1585
1304 1931
1304 1968
1305 1934
1307 1715
1307 1735
1307 1802
1308 1406
1308 1487
1308 1890
1309 1575
1309 1741
1310 1480
1310 1533
1310 1554
1310 1781
1311 1522
1311 1747
1311 1875
1311 1962
1312 1435
1312 1641
1312 1709
1313 1908
1314 1379
1314 1756
1315 1680
1316 1340
1316 1891
1317 1356
1317 1843
1317 1951
1317 1976
1319 1359
1319 1387
1319 1476
1319 1698
1321 1816
1321 1861
1322 1444
1323 1474
1323 1693
1323 1718
1323 1926
1324 1345
1324 1996
1326 1794
1327 1354
1327 1529
1327 1696
1327 1764
1327 1826
1328 1873
1329 1559
1329 1691
1330 1448
1330 1508
1330 1837
1330 1845
1331 1485
1331 1580
1331 1842
1332 1369
1332 1489
1332 1743
1333 1580
1333 1914
1333 1935
1334 1459
1334 1622
1334 1641
1335 1691
1335 1882
1336 1346
1336 1536
1336 1558
1336 1588
1337 1853
1339 1353
1339 1503
1339 1594
1340 1350
1341 1357
1341 1684
1341 1964
1344 1715
1346 1700
1346 1892
1347 1987
1348 1956
1349 1435
1349 1794
1349 1891
1351 1659
1351 1665
1353 1942
1355 1394
1355 1820
1356 1602
1356 1680
1356 1844
1357 1990
1358 1612
1359 1808
1360 1366
1360 1452
1360 1680
1360 1857
1361 1444
1364 1707
1364 1888
1365 1721
1366 1665
1366 1731
1367 1400
1368 1725
1369 1486
1369 1546
1370 1373
1370 1735
1370 1982
1371 1438
1371 1878
1371 1937
1372 1433
1373 1764
1374 1985
1374 1991
1375 1691
1375 1731
1377 1610
1377 1954
1377 1993
1378 1409
1379 1661
1379 1842
1380 1635
1380 1675
1381 1441
1381 1915
1382 1731
1383 1560
1383 1662
1384 1451
1384 1482
1384 1616
1384 1659
1384 1892
1385 1921
1386 1726
1386 1976
1387 1428
1389 1390
1390 1628
1390 1696
1391 1715
1391 1767
1392 1473
1392 1663
1392 1740
1392 1820
1392 1982
1393 1847
1394 1737
1394 1864
1395 1408
1396 1554
1396 1627
1396 1657
1397 1456
1397 1580
1397 1781
1397 1925
1399 1423
1399 1892
1400 1683
1400 1767
1400 1899
1401 1676
1402 1934
1402 1956
1403 1821
1404 1559
1404 1896
1405 1427
1405 1699
1406 1576
1406 1662
1407 1452
1409 1611
1409 1656
1409 1923
1409 1935
1411 1459
1411 1461
1411 1847
1412 1596
1412 1613
1412 1619
1412 1855
1412 1875
1414 1651
1415 1489
1415 1685
1416 1715
1417 1712
1417 1968
1418 1809
1419 1421
1419 1803
1420 1985
1421 1503
1421 1946
1422 1668
1423 1584
1423 1932
1423 1966
1425 1478
1425 1579
1425 1810
1425 1934
1426 1479
1426 1633
1427 1572
1427 1738
1428 1789
1429 1641
1429 1884
1430 1546
1430 1738
1431 1554
1431 1979
1432 1489
1433 1794
1433 1867
1434 1574
1434 1601
1434 1607
1434 1848
1435 1504
1435 1596
1436 1510
1436 1551
1437 1538
1437 1588
1437 1929
1438 1622
1438 1883
1439 1846
1439 1904
1440 1591
1440 2000
1441 2000
1442 1724
1443 1829
1443 1932
1444 1580
1444 1791
1446 1529
1446 1558
1446 1823
1447 1523
1447 1587
1447 1813
1447 1834
1447 1894
1447 1942
1448 1502
1448 1573
1449 1914
1450 1683
1451 1483
1451 1515
1451 1626
1451 1876
1451 1878
1453 1477
1453 1640
1453 1676
1453 1860
1453 1950
1455 1655
1456 1473
1456 1501
1456 1588
1456 1837
1457 1846
1458 1924
1459 1612
1459 1950
1460 1530
1461 1532
1461 1579
1461 1614
1462 1463
1462 1551
1464 1868
1466 1595
1466 1735
1466 1784
1468 1506
1470 1521
1470 1847
1470 1871
1471 1635
1471 1748
1472 1730
1472 1786
1474 1728
1476 1638
1477 1598
1477 1744
1478 1709
1478 1875
1478 1894
1479 1858
1479 1865
1481 1520
1481 1772
1481 1828
1481 1941
1482 1589
1482 1783
1482 1800
1482 1981
1483 1659
1484 1645
1484 1654
1484 1868
1485 1894
1486 1501
1486 1704
1487 1648
1487 1650
1488 1650
1488 1670
1488 1938
1490 1904
1491 1560
1493 1854
1494 1695
1495 1775
1496 1864
1496 1909
1496 1911
1497 1701
1497 1979
1499 1596
1499 1627
1499 1747
1499 1850
1499 1900
1499 1959
1503 1608
1504 1665
1504 1698
1504 1766
1505 1522
1505 1622
1506 1556
1506 1678
1507 1579
1507 1883
1507 1986
1509 1813
1510 1870
1511 1593
1513 1680
1515 1706
1515 1815
1515 1884
1517 1595
1517 1667
1517 1819
1517 1993
1518 1946
1519 1729
1519 1960
1520 1552
1520 1858
1521 1661
1521 1793
1522 1876
1523 1702
1524 1599
1524 1604
1524 1744
1525 1603
1525 1790
1525 1907
1526 1594
1526 1753
1526 1929
1527 1546
1527 1733
1528 1740
1528 1995
1530 1696
1530 1944
1531 1553
1531 1667
1533 1754
1534 1585
1534 1741
1536 1771
1536 1987
1539 1723
1539 1815
1539 1881
1539 1958
1540 1677
1541 1829
1541 1897
1541 1950
1542 1639
1542 1797
1543 1988
1544 1658
1546 1665
1546 1853
1547 1668
1548 1865
1548 1875
1549 1877
1550 1680
1551 1665
1551 1898
1552 1580
1553 1703
1553 1891
1553 1919
1556 1744
1556 1994
1557 1591
1557 1702
1557 1716
1557 1997
1558 1973
1559 1712
1560 1895
1560 1980
1561 1580
1563 1786
1564 1702
1564 1886
1564 1975
1565 1638
1566 1808
1568 1714
1570 1823
1570 1918
1572 1873
1573 1800
1573 1892
1573 1929
1576 1659
1576 1774
1576 1945
1576 1972
1580 1599
1583 1785
1583 1906
1584 1657
1587 1796
1588 1823
1589 1596
1590 1705
1591 1812
1592 1868
1592 1869
1594 1689
1594 1770
1595 1666
1595 1744
1596 1642
1596 1713
1597 1813
1598 1731
1598 1733
1598 1798
1598 1978
1599 1678
1601 1752
1602 1735
1605 1722
1605 1727
1605 1866
1605 1944
1607 1878
1608 1941
1610 1650
1610 1800
1610 1849
1610 1981
1611 1996
1613 1799
1614 1685
1617 1919
1617 1941
1618 1661
1622 1883
1623 1971
1628 1654
1629 1941
1630 1927
1632 1813
1633 1764
1636 1968
1638 1787
1638 1850
1638 1940
1639 1696
1639 1868
1641 1644
1641 1702
1641 1982
1642 1752
1647 1670
1649 1650
1649 1857
1653 1897
1655 1840
1655 1929
1656 1976
1657 1747
1657 1762
1659 1743
1661 1837
1663 1869
1664 1722
1664 1792
1666 1884
1667 1916
1668 1810
1671 1758
1671 1934
1674 1920
1677 1808
1680 1706
1680 1909
1681 1943
1683 1912
1683 1946
1684 1707
1684 1844
1684 1943
1684 1991
1685 1751
1685 1946
1686 1704
1687 1886
1689 1958
1691 1707
1693 1729
1693 1965
1694 1942
1695 1825
1697 1850
1698 1708
1698 1848
1698 1915
1700 1822
1700 1873
1701 1895
1702 1837
1703 1815
1704 1860
1704 1907
1707 1759
1708 1767
1708 1816
1709 1954
1710 1946
1711 1806
1711 1892
1713 1987
1714 1767
1718 1959
1719 1867
1721 1731
1723 1948
1726 1728
1726 1922
1727 1751
1732 1864
1733 1813
1733 1957
1735 1849
1737 1826
1738 1757
1742 1866
1744 1757
1744 1763
1744 1830
1746 1910
1752 1872
1756 1862
1759 1818
1762 1772
1762 1892
1763 1786
1763 1861
1766 1864
1768 1930
1771 1912
1772 1841
1772 1899
1773 1827
1773 1860
1774 1976
1781 1926
1783 1833
1784 1931
1785 1872
1788 1843
1788 1913
1788 1970
1789 1933
1790 1904
1791 1798
1793 1988
1796 1966
1797 1964
1798 1837
1799 1840
1799 1929
1802 1939
1805 1945
1807 1841
1810 1944
1811 1957
1813 1883
1814 1999
1815 1902
1820 1865
1822 1878
1827 1979
1832 1981
1833 1930
1833 1931
1834 1915
1843 1949
1846 1884
1849 1850
1851 1889
1861 1903
1866 1900
1867 1888
1872 1883
1872 1996
1875 1929
1876 1962
1876 1989
1886 1894
1886 1915
1886 1926
1886 2000
1890 1965
1890 1980
1892 1981
1893 1968
1894 1978
1906 1937
1912 1933
1916 1970
1921 1936
1923 1976
1928 1944
1943 1947
1952 1957
1953 1965
1964 1988
1966 1970
1984 1995
1991 1999