2000
1 1066
2 545
3 113
3 185
3 255
3 850
4 64
4 1409
4 1520
6 1517
7 625
7 1341
7 1908
8 269
9 218
9 925
9 1141
9 1438
10 136
10 1171
11 727
12 696
12 776
12 1222
13 926
13 1435
14 824
14 881
14 1140
15 848
15 1769
16 139
16 285
16 719
16 836
16 1660
16 1796
17 538
17 675
17 1035
17 1186
17 1364
17 1875
18 668
18 838
18 1602
19 843
19 1331
19 1923
20 698
20 1526
21 674
21 836
21 860
22 192
22 1153
22 1546
23 209
23 1222
23 1496
24 1082
25 211
25 214
25 339
25 1665
25 1667
26 62
26 448
26 877
26 1203
26 1591
26 1705
27 306
27 523
27 658
27 1986
28 1542
28 1584
28 1914
30 302
30 733
30 836
30 1131
30 1263
30 1779
32 357
32 639
32 839
32 1592
33 37
34 752
34 1133
34 1773
35 1044
35 1200
35 1740
36 1482
36 1793
36 1811
37 481
37 766
37 1074
37 1231
40 169
40 186
40 1807
40 1881
41 126
41 362
41 1164
42 435
42 443
42 497
42 1374
42 1582
42 1878
43 1449
44 252
44 1033
45 1123
45 1138
45 1417
45 1795
46 415
46 434
46 633
46 720
47 328
48 130
48 579
48 681
49 1495
49 1624
50 342
50 1209
51 375
52 1219
53 131
53 1813
53 1912
54 480
54 1373
55 1519
55 1609
55 1673
56 112
56 164
56 464
56 1342
56 1693
57 62
57 638
57 1458
58 670
58 1001
58 1341
58 1360
61 102
61 1012
61 1443
62 364
62 370
62 637
63 230
63 1223
64 821
65 257
65 698
65 790
65 1029
65 1320
65 1674
66 402
66 608
66 1261
67 354
67 533
68 1306
68 1489
70 839
70 1792
71 869
71 1597
71 1774
72 670
73 218
73 227
73 1100
73 1169
74 515
74 780
74 1474
75 1356
75 1580
75 1684
76 1028
76 1450
76 1489
76 1744
76 1848
77 774
77 1039
78 591
78 769
78 1794
79 1177
79 1337
80 368
82 644
82 923
83 860
83 1530
83 1577
84 1027
84 1211
84 1734
84 1837
84 1994
85 631
85 1535
85 1933
86 1574
87 1756
88 1517
89 1769
90 247
90 584
91 763
91 1141
91 1412
91 1775
91 1801
92 289
92 888
92 1492
92 1894
93 311
93 1669
94 121
94 1168
95 1244
96 120
96 787
97 197
98 1300
98 1503
99 641
99 1006
99 1045
99 1340
99 1882
101 853
101 1368
102 140
102 873
102 1624
103 306
104 241
107 1414
108 1206
108 1582
108 1998
109 151
109 301
109 1205
110 1854
110 1968
111 389
112 1125
112 1670
112 1881
113 309
113 1784
114 242
114 247
114 292
114 305
114 1933
115 489
116 684
116 847
116 1203
117 866
119 413
120 494
120 532
120 570
120 796
120 1540
120 1572
121 203
121 228
121 566
121 1590
122 1199
122 1474
123 1274
123 1632
124 147
124 1440
124 1630
125 127
125 737
125 1279
125 1323
125 1593
126 1361
127 544
127 1418
127 1423
127 1470
128 1478
129 325
129 383
129 808
129 1576
129 1976
130 1404
130 1591
131 431
131 989
131 1316
131 1925
132 376
132 575
132 1031
132 1641
133 141
133 171
133 595
133 1042
133 1300
133 1482
133 1972
135 555
135 755
135 850
135 1238
135 1713
135 1904
135 1950
136 191
136 1296
136 1442
136 1839
136 1991
138 965
138 1294
139 1307
139 1930
141 153
141 1753
141 1777
141 1848
142 1107
142 1333
143 164
143 558
143 805
143 1388
144 207
144 704
144 1903
145 888
145 1272
146 652
146 1817
147 917
148 203
148 314
148 531
148 1656
148 1736
148 1844
149 1025
149 1042
149 1878
150 1013
150 1674
151 407
151 524
151 1890
153 400
153 739
153 1816
154 1033
154 1271
155 476
155 481
155 750
155 1083
155 1725
155 1753
156 1350
156 1705
157 416
157 1345
158 463
159 227
159 1807
159 1935
161 172
161 402
161 692
161 1039
161 1218
161 1426
161 1603
161 1638
162 166
162 799
162 809
162 858
163 493
163 652
163 1094
164 842
164 911
164 975
164 1512
165 630
165 1177
166 371
166 385
166 721
166 1460
166 1763
167 490
167 1549
168 436
169 1938
170 684
170 1022
170 1266
170 1545
171 1133
173 870
173 1309
174 197
174 546
174 1676
174 1802
175 274
175 1789
176 548
176 671
177 694
177 1662
178 1185
178 1618
178 1806
179 1122
179 1240
179 1898
180 205
180 476
180 1746
181 907
181 1016
181 1117
181 1256
182 216
183 857
184 633
184 1185
184 1224
184 1626
184 1769
184 1875
185 272
185 1515
185 1817
186 565
186 1491
186 1921
187 1368
187 1843
188 291
188 859
189 214
189 912
189 1239
190 862
190 999
192 384
192 620
192 1834
193 1380
194 679
194 1776
194 1931
195 1849
195 1882
196 1808
197 664
197 1312
197 1368
198 623
198 854
198 929
199 543
199 850
199 1521
199 1641
200 738
200 889
200 1425
200 1810
201 327
201 504
201 1592
202 1556
202 1681
202 1829
203 540
203 1417
203 1532
203 1597
204 780
204 1503
205 1408
205 1483
206 915
206 1210
206 1744
207 1665
209 543
210 1456
210 1457
211 774
212 777
212 1037
212 1416
212 1768
213 997
213 1251
213 1687
214 289
214 520
214 541
214 691
214 847
214 1121
215 918
215 1773
216 1133
217 1372
219 1694
220 1744
222 285
222 316
223 852
223 1068
223 1435
223 1651
224 1207
224 1212
224 1858
225 1311
225 1828
226 856
226 1021
226 1475
226 1733
226 1803
227 1588
228 277
228 624
228 1137
229 907
229 1951
230 303
230 410
230 701
231 1627
232 1866
233 239
233 272
233 1477
234 1337
234 1896
235 933
236 954
236 1198
236 1284
237 753
237 848
237 1166
237 1218
237 1516
238 1291
238 1575
238 1750
239 710
240 246
240 279
240 498
240 603
240 1146
240 1428
242 512
242 660
242 669
242 770
242 1168
242 1354
242 1368
242 1379
242 1616
242 1901
244 1743
245 728
246 996
246 1174
246 1652
246 1699
248 256
248 762
248 864
248 1450
248 1594
249 337
249 541
249 1323
249 1405
249 1454
249 1684
250 1261
251 788
251 848
251 1484
252 377
252 1870
252 1881
253 343
253 1299
253 1840
254 325
254 425
254 882
256 644
257 378
257 666
257 1718
258 987
258 1308
258 1853
258 1959
259 1219
259 1522
261 308
261 974
261 1067
261 1564
261 1889
262 846
262 1206
262 1562
262 1750
263 1953
265 390
265 507
265 787
265 807
265 1284
266 802
266 1001
266 1666
266 1704
267 421
267 1131
267 1445
268 985
268 1029
269 610
269 1692
270 309
270 1043
270 1450
271 280
271 1985
272 1828
272 1948
273 1132
273 1551
273 1737
274 401
274 1015
274 1374
274 1812
275 286
275 1776
276 463
276 487
276 1219
277 319
277 1854
278 1024
278 1671
279 614
279 1067
280 1513
281 603
281 1668
281 1700
282 1110
284 1414
284 1537
284 1786
285 1001
285 1086
285 1848
286 786
286 1014
286 1223
287 1293
288 1007
288 1376
288 1394
288 1639
288 1764
289 356
289 992
289 1926
290 1572
291 1320
292 1388
293 320
293 816
293 1392
294 295
294 763
295 508
295 854
295 1203
295 1651
295 1808
296 861
298 810
298 1310
298 1873
299 443
299 1075
299 1757
300 851
301 662
301 1722
302 305
302 354
302 657
302 658
303 1598
304 555
304 915
304 1220
305 798
305 1650
306 1656
307 1272
307 1879
308 968
309 347
310 350
310 910
310 1421
310 1452
311 387
311 695
311 887
312 337
312 395
312 719
312 1588
312 1620
313 501
313 1140
313 1285
313 1924
314 1526
315 1383
316 380
316 685
316 980
316 1000
318 1145
319 1087
319 1304
322 324
322 1184
322 1985
323 1596
323 1798
325 410
325 1145
325 1972
326 1132
327 476
327 995
327 1318
327 1383
328 1622
328 1773
330 459
330 491
330 912
330 1694
330 1785
331 1188
331 1277
331 1329
332 1899
333 824
336 514
336 565
336 923
336 1108
336 1974
336 1994
337 751
337 995
338 886
338 1282
339 1655
340 1169
340 1926
341 1284
341 1303
341 1375
341 1425
342 1976
343 639
343 1912
344 448
344 1032
344 1681
345 858
345 1351
345 1355
345 1832
346 598
346 1312
347 1779
348 769
348 1621
349 1458
350 1284
351 476
351 616
351 1766
353 1367
354 601
354 1774
354 1803
354 1922
355 640
355 1585
355 1746
357 400
357 854
357 877
357 1503
359 621
359 1440
360 703
360 1369
360 1695
361 446
361 804
361 814
361 1440
362 1418
362 1692
363 1601
363 1756
364 891
364 989
364 1550
365 506
365 883
366 815
366 1612
367 424
367 1251
368 497
369 825
369 876
369 1305
369 1596
369 1715
370 1613
371 1816
372 1214
373 1381
373 1398
373 1613
373 1635
374 1175
374 1959
376 1357
376 1984
377 550
377 757
377 1181
377 1617
378 876
378 1242
379 1545
381 1210
381 1286
381 1576
383 734
383 1681
384 782
384 1268
384 1787
385 1324
386 543
386 1022
386 1827
386 1931
387 497
389 468
390 1905
390 1964
391 439
391 737
392 399
392 993
393 1126
393 1924
393 1952
394 888
394 1509
394 1571
395 1759
395 1773
396 714
396 1863
397 1413
397 1852
398 603
398 874
398 1194
398 1505
399 1878
400 1244
400 1450
400 1758
400 1897
401 424
401 1955
402 502
402 747
403 709
403 910
403 1007
403 1984
404 888
405 687
405 1464
405 1677
406 1917
407 1000
407 1023
407 1507
408 1234
408 1430
409 857
409 1683
410 1569
410 1879
410 1960
411 1665
412 1994
413 465
413 581
414 760
414 953
414 1533
415 1424
415 1565
417 1766
418 640
418 1111
418 1674
419 658
420 1314
422 1578
422 1691
423 1666
424 981
424 1878
425 1765
425 1840
425 1957
426 1493
426 1552
428 1289
428 1769
429 1387
431 608
431 1652
431 1802
431 1882
432 795
432 1124
433 841
433 872
433 1130
434 1057
434 1122
434 1733
434 1881
435 441
436 754
436 1823
437 799
437 1079
437 1652
438 598
439 713
439 1082
441 1252
441 1647
442 740
444 755
445 1011
445 1271
447 1254
447 1767
447 1801
448 1115
449 543
449 859
449 1842
450 1338
450 1586
451 646
451 1209
452 982
452 1334
452 1676
453 981
453 1101
453 1331
453 1412
454 1233
454 1497
455 640
455 774
455 1255
455 1313
455 1772
456 907
456 1011
456 1680
456 1921
457 590
457 964
457 1280
458 576
458 1096
458 1470
458 1711
458 1716
458 1967
460 841
460 1187
460 1757
461 863
461 1209
462 691
462 1172
462 1804
463 820
464 974
464 1450
464 1866
465 1967
466 626
466 1074
467 1979
468 888
468 1435
468 1551
469 871
469 1696
469 2000
470 569
470 580
473 685
473 1439
473 1464
473 1916
475 670
475 1538
475 1777
476 574
476 897
476 1010
476 1309
476 1486
476 1801
477 530
477 1185
477 1766
478 878
478 1321
479 709
479 1146
480 1417
480 1595
480 1710
481 1142
481 1170
481 1278
482 1422
482 1740
482 1786
483 1058
483 1417
485 1000
485 1353
485 1536
486 596
486 1465
487 845
487 1117
487 1120
487 1437
487 1616
488 1826
489 536
491 1279
492 1469
492 1537
492 1916
493 1011
493 1516
493 1609
493 1819
495 775
495 785
496 821
496 840
496 1005
496 1700
497 528
497 1570
497 1719
498 1478
499 1658
500 777
500 1651
503 1134
503 1646
504 685
504 1287
504 1557
504 1622
505 1081
505 1663
505 1797
505 1912
506 1082
506 1344
506 1863
507 881
507 906
507 1062
507 1425
508 1116
508 1818
509 1085
510 1207
510 1596
511 1391
511 1752
512 1229
512 1311
512 1380
512 1918
513 805
515 717
516 1623
517 868
518 582
518 844
518 962
518 1574
519 524
519 1105
520 605
520 691
520 1718
521 1983
522 1043
522 1766
523 1001
524 1038
524 1118
524 1158
524 1222
524 1921
525 940
525 1795
525 1875
526 1406
528 1408
528 1505
528 1795
529 1060
529 1680
529 1847
530 1458
530 1568
531 612
531 711
531 1443
533 865
533 1087
533 1566
533 1745
534 1243
535 832
535 1023
536 1936
537 605
537 908
537 1236
537 1735
537 1967
538 774
538 1571
539 546
539 586
539 1366
540 1994
541 1602
542 901
542 1056
542 1973
544 979
544 1666
545 576
545 1553
546 813
546 1709
547 1506
547 1725
547 1757
547 1876
549 893
549 1335
550 1771
551 1433
551 1791
551 1867
552 1834
554 1535
554 1883
556 689
556 1534
556 1794
557 1220
557 1492
557 1769
558 704
558 1171
558 1331
558 1591
560 1202
560 1258
560 1971
561 772
561 1563
561 1692
562 1626
562 1766
563 1755
565 822
566 924
567 1606
567 1650
568 1376
568 1839
569 627
569 1448
571 1188
573 613
573 959
573 1508
573 1939
574 1161
574 1594
575 1565
576 690
576 1036
576 1054
576 1166
576 1797
576 1909
577 936
578 1171
578 1635
580 1283
581 801
582 765
582 874
582 1586
582 1608
583 770
583 1634
583 1946
584 700
584 938
585 819
585 863
585 1810
586 997
586 1084
586 1318
586 1846
586 1973
587 1388
588 732
588 1554
588 1641
589 710
589 1844
590 1384
590 1527
591 1257
591 1724
592 631
592 863
592 1177
594 1028
594 1122
594 1293
594 1705
595 818
596 1503
596 1959
597 831
597 849
597 1439
598 962
599 1545
600 1201
600 1275
600 1510
600 1656
601 1371
602 1659
603 674
603 959
603 1802
604 1194
604 1202
605 1828
608 1533
609 643
610 643
610 976
610 1198
611 1814
612 654
612 1035
612 1316
614 1350
614 1392
615 1424
617 1036
617 1284
617 1442
617 1788
618 1147
619 1082
619 1961
620 1773
623 716
623 1529
624 657
624 1471
625 799
625 1429
626 1121
626 1242
627 1169
627 1539
627 1572
627 1988
628 1240
628 1589
628 1969
629 1404
629 1749
630 983
631 867
632 1892
633 646
633 1768
634 1696
634 1998
635 963
635 1323
636 1419
636 1615
637 785
637 1225
637 1361
637 1616
638 1013
638 1196
638 1324
638 1461
638 1658
638 1772
639 1129
639 1659
640 851
642 1053
642 1454
643 1748
643 1888
644 719
644 1758
644 1772
646 1473
647 1355
647 1443
648 1996
649 1198
650 688
651 1408
652 950
652 1467
652 1654
654 1600
655 885
655 1274
655 1467
657 817
657 1308
657 1507
658 844
658 1284
659 1064
659 1357
659 1776
661 839
661 1864
661 2000
662 848
662 1250
662 1483
662 2000
663 1558
664 1205
664 1445
665 770
665 1434
665 1899
666 1122
666 1973
667 1903
668 865
668 986
670 762
670 880
670 1671
671 1163
672 1536
672 1627
673 746
673 1148
674 718
674 746
674 955
675 956
675 1510
675 1776
675 1878
676 916
676 1014
676 1673
677 1287
679 1215
680 1410
680 1910
681 1368
681 1548
682 1077
682 1225
682 1249
682 1451
682 1854
683 852
683 1177
684 1717
684 1930
684 1961
685 1678
686 900
686 1834
687 1384
687 1909
689 1020
689 1643
689 1875
689 1947
690 1664
691 1120
691 1593
691 1641
692 1560
692 1826
693 1960
694 752
694 838
694 1943
696 1418
697 1751
697 1864
698 758
700 722
700 1949
701 1682
702 1297
703 1232
703 1684
704 1172
705 1514
706 1557
707 1235
707 1658
708 820
708 935
708 1908
709 1392
710 1506
710 1619
711 1548
711 1918
712 1938
715 1891
716 923
716 1310
717 1312
719 878
719 1922
721 1878
722 1195
723 970
723 1079
723 1342
723 1807
723 1846
723 1882
724 1100
724 1252
724 1264
725 1152
725 1590
726 1464
726 1681
728 1062
728 1538
728 1974
729 860
730 1201
731 1310
732 1878
734 1810
735 1018
735 1741
736 975
736 1731
737 996
737 1195
737 1887
738 941
739 787
739 1771
740 1061
740 1350
740 1401
741 1870
742 1834
744 1340
744 1352
745 795
745 865
746 1085
746 1883
746 1977
747 1074
747 1166
747 1967
748 1872
750 1650
751 820
751 1066
751 1144
751 1630
751 1747
751 1927
751 1978
752 759
752 791
752 1106
752 1499
752 1501
752 1588
752 1747
752 1758
752 1941
753 895
753 1235
754 1895
755 1043
756 1383
757 843
758 1511
758 1647
758 1727
759 1317
759 1908
759 1938
759 1940
760 1844
760 1999
763 1108
763 1567
764 1414
764 1572
764 1672
765 936
767 886
768 1178
769 1043
769 1253
771 1400
771 1958
772 1294
772 1708
773 1926
774 788
774 1305
774 1339
774 1578
774 1689
775 1502
778 852
778 1391
778 1546
778 1773
779 815
779 1977
780 956
781 1017
782 1345
782 1744
783 833
783 1337
783 1501
784 1229
784 1283
784 1365
784 1562
785 1980
788 873
788 1498
789 1820
790 1917
792 1097
792 1524
792 1861
792 1879
793 989
793 1124
793 1300
793 1836
794 869
794 1259
795 954
795 1905
796 799
796 1189
796 1591
796 1830
797 1203
798 1037
798 1940
799 1318
799 1545
800 936
800 1468
800 1691
801 1919
802 906
802 1468
802 1470
803 901
803 955
803 1649
804 1923
805 1963
805 1967
806 1049
806 1131
806 1264
806 1751
806 1826
806 1981
808 1493
810 1909
811 948
812 1806
813 1132
813 1538
813 1983
814 1377
815 1101
815 1410
815 1653
816 1396
817 1499
818 1712
819 941
819 1904
820 1434
821 933
821 1059
822 1083
822 1563
824 951
824 1989
825 1511
826 1397
826 1456
826 1852
828 1277
828 1759
828 1826
831 1797
832 855
832 1661
832 1994
833 1178
833 1654
834 1695
835 1424
835 1693
836 950
836 1486
836 1525
837 1031
838 1631
839 1741
839 1782
839 1845
840 1400
841 842
841 1262
841 1353
842 1607
843 1997
844 888
845 1362
846 994
846 1807
846 1814
847 1419
849 1432
850 1910
851 1245
851 1268
852 1182
853 1017
853 1640
854 1190
854 1651
855 1688
856 1007
856 1430
857 1644
858 1468
859 988
860 1274
861 1975
862 1020
862 1142
862 1290
863 1268
863 1801
864 1083
865 1711
865 1792
866 1162
866 1460
866 1478
867 1636
867 1914
868 915
868 1293
868 1816
868 1941
869 1590
869 1629
870 1010
873 1091
873 1573
874 907
874 1798
875 1561
876 1903
876 1937
877 1304
880 894
880 1795
881 1630
883 1338
883 1805
883 1972
885 1531
885 1783
885 1978
886 1660
886 1666
887 1023
887 1155
889 1115
891 1536
892 1012
894 1179
895 1410
895 1711
895 1736
896 1252
898 1410
898 1431
900 1924
902 973
902 1148
904 1316
904 1571
904 1573
906 1789
907 1221
908 1133
908 1982
910 1264
910 1329
910 1979
911 1469
911 1578
911 1782
913 949
913 1003
914 1926
914 1960
915 1389
916 1082
916 1490
921 1292
922 1101
922 1593
922 1692
922 1987
923 999
923 1417
923 1559
924 1469
926 1156
928 1291
928 1988
929 1160
930 1714
931 1615
931 1863
932 1994
933 1617
935 1518
936 1868
937 958
937 1628
937 1651
937 1660
939 1085
941 1544
943 993
944 1177
945 1248
945 1948
946 1675
946 1892
947 1215
947 1290
947 1400
947 1851
948 1363
948 1724
948 1838
949 1039
950 1478
950 1479
950 1502
952 985
952 1275
953 1665
956 1735
957 1770
958 1106
959 1184
959 1543
959 1587
960 1984
961 1242
962 1404
962 1848
963 1340
963 1597
963 1876
964 1662
964 1938
965 1134
965 1247
965 1892
965 1899
965 1956
966 1278
966 1752
966 1954
967 1501
968 1431
969 1065
969 1793
970 1358
972 1815
974 1890
978 1647
979 1572
980 1444
981 1885
982 1124
982 1823
984 1455
986 1913
987 1541
987 1605
988 1388
988 1660
990 1193
992 1060
992 1847
993 1635
995 1254
996 1608
997 1391
997 1875
1000 1166
1000 1622
1001 1022
1001 1660
1002 1094
1002 1222
1004 1022
1007 1122
1007 1678
1008 1199
1008 1301
1008 1509
1010 1038
1010 1749
1011 1856
1012 1679
1013 1221
1013 1298
1014 1090
1015 1291
1015 1407
1015 1786
1017 1237
1017 1390
1017 1714
1019 1170
1020 1782
1021 1688
1022 1589
1022 1627
1022 1865
1023 1901
1024 1827
1025 1062
1025 1286
1025 1310
1025 1663
1026 1594
1027 1516
1028 1087
1028 1516
1028 1826
1028 1841
1029 1604
1030 1292
1030 1844
1032 1077
1032 1522
1032 1561
1033 1561
1033 1719
1033 1934
1034 1462
1034 1844
1035 1789
1037 1321
1037 1589
1038 1573
1038 1666
1040 1364
1042 1823
1046 1083
1046 1146
1046 1697
1047 1154
1048 1273
1048 1588
1049 1347
1050 1245
1050 1316
1050 1586
1052 1211
1052 1722
1052 1977
1053 1562
1054 1458
1054 1779
1055 1353
1056 1484
1057 1719
1061 1118
1061 1153
1061 1359
1061 1762
1061 1926
1061 1964
1062 1786
1063 1318
1063 1966
1067 1139
1067 1360
1068 1484
1068 1650
1072 1465
1073 1622
1074 1368
1075 1146
1075 1513
1076 1934
1077 1740
1078 1548
1078 1654
1078 1909
1080 1711
1080 1831
1081 1430
1081 1470
1081 1853
1082 1269
1083 1428
1084 1312
1084 1475
1084 1797
1084 1908
1085 1210
1085 1355
1085 1501
1088 1720
1089 1533
1090 1175
1090 1689
1091 1756
1092 1327
1092 1659
1092 1951
1093 1095
1093 1100
1093 1188
1094 1194
1095 1792
1097 1160
1097 1899
1098 1498
1099 1182
1100 1263
1102 1485
1104 1311
1105 1472
1106 1329
1106 1475
1110 1464
1113 1776
1114 1189
1115 1533
1115 1537
1116 1977
1119 1397
1119 1483
1119 1678
1121 1222
1121 1663
1121 1706
1121 1986
1122 1124
1126 1310
1126 1444
1126 1963
1127 1544
1127 1841
1128 1279
1128 1417
1129 1566
1131 1653
1131 1884
1131 1941
1132 1640
1135 1453
1136 1678
1139 1387
1139 1611
1142 1315
1142 1496
1145 1235
1146 1184
1146 1310
1146 1515
1146 1809
1147 1282
1147 1731
1148 1234
1148 1299
1148 1839
1149 1193
1149 1202
1150 1455
1150 1628
1151 1302
1151 1798
1152 1432
1152 1937
1153 1213
1153 1280
1154 1802
1155 1915
1159 1518
1160 1640
1160 1849
1163 1752
1163 1851
1163 1881
1164 1655
1164 1704
1164 1735
1165 1240
1165 1298
1166 1610
1167 1308
1170 1246
1170 1409
1171 1213
1171 1555
1171 1732
1173 1424
1173 1749
1177 1208
1177 1601
1180 1417
1180 1811
1181 1323
1181 1970
1184 1433
1184 1749
1185 1353
1186 1508
1186 1544
1188 1215
1189 1561
1191 1718
1191 1957
1193 1935
1194 1784
1195 1566
1195 1812
1198 1675
1201 1413
1201 1815
1201 1896
1201 1915
1203 1318
1203 1964
1204 1829
1204 1901
1205 1658
1205 1763
1206 1397
1206 1973
1208 1460
1210 1708
1214 1699
1215 1510
1215 1847
1216 1706
1217 1510
1218 1237
1221 1426
1222 1540
1223 1636
1225 1980
1227 1896
1228 1667
1230 1395
1230 1724
1231 1643
1232 1731
1232 1735
1233 1796
1233 1838
1234 1526
1234 1655
1234 1969
1235 1451
1236 1805
1240 1854
1244 1820
1244 1831
1245 1371
1245 1418
1245 1963
1247 1318
1248 1285
1248 1740
1250 1374
1250 1866
1251 1771
1253 1420
1255 1489
1257 1375
1257 1629
1258 1429
1260 1791
1260 1996
1261 1758
1262 1481
1262 1486
1262 1690
1264 1325
1264 1383
1264 1716
1267 1282
1270 1663
1270 1726
1273 1325
1273 1861
1274 1444
1274 1492
1275 1360
1276 1292
1277 1323
1278 1374
1279 1794
1281 1406
1281 1469
1281 1699
1283 1748
1283 1870
1285 1580
1286 1742
1288 1346
1288 1787
1289 1421
1289 1706
1290 1817
1292 1708
1294 1336
1295 1896
1296 1775
1297 1624
1297 1950
1298 1791
1300 1370
1300 1603
1301 1847
1304 1422
1305 1378
1306 1490
1307 1339
1307 1939
1308 1398
1309 1736
1310 1376
1310 1937
1311 1859
1313 1865
1315 1441
1316 1479
1316 1918
1318 1426
1318 1644
1318 1650
1319 1831
1321 1707
1322 1497
1322 1700
1324 1619
1326 1667
1326 1752
1327 1501
1328 1775
1328 1961
1328 1988
1329 1584
1329 1917
1330 1878
1330 1881
1330 1906
1332 1985
1336 1443
1336 1510
1336 1896
1337 1570
1337 1732
1337 1768
1338 1371
1339 1629
1339 1643
1339 1868
1342 1902
1343 1640
1343 1793
1344 1433
1344 1465
1344 1801
1344 1993
1346 1896
1347 1435
1347 1511
1347 1951
1349 1806
1350 1607
1350 1681
1352 1663
1352 1673
1353 1668
1359 1836
1359 1887
1361 1896
1364 1475
1364 1736
1365 1537
1368 1573
1368 1598
1369 1717
1374 1406
1374 1475
1374 1644
1374 1779
1374 1816
1374 1849
1375 1744
1377 1492
1380 1477
1381 1468
1381 1737
1387 1482
1387 1585
1388 1417
1388 1537
1388 1581
1389 1918
1392 1421
1392 1604
1392 1627
1393 1714
1393 1810
1394 1877
1395 1907
1396 1804
1398 1547
1400 1489
1401 1731
1401 1850
1402 1657
1402 1918
1403 1544
1407 1532
1408 1597
1408 1621
1410 1986
1412 1806
1413 1551
1413 1974
1416 1500
1417 1602
1418 1459
1419 1857
1423 1772
1424 1623
1425 1526
1426 1464
1426 1987
1427 1980
1428 1454
1431 1825
1433 1491
1434 1847
1435 1990
1436 1913
1437 1653
1438 1648
1439 1447
1439 1886
1441 1665
1442 1716
1442 1766
1443 1539
1444 1669
1444 1930
1446 1492
1446 1979
1450 1741
1451 1525
1451 1765
1451 1832
1452 1901
1455 1786
1459 1510
1460 1760
1460 1993
1461 1767
1462 1917
1463 1995
1470 1846
1471 1961
1473 1574
1473 1804
1476 1880
1479 1758
1483 1799
1483 1983
1484 1595
1484 1763
1485 1698
1486 1961
1489 1991
1490 1723
1491 1707
1494 1557
1494 1816
1496 1947
1498 1558
1501 1734
1502 1692
1506 1924
1512 1530
1514 1602
1514 1801
1514 1879
1515 1937
1516 1941
1517 1820
1518 1967
1519 1710
1519 1823
1520 1837
1520 1846
1520 1924
1521 1638
1522 1836
1524 1817
1524 1881
1525 1920
1526 1727
1526 1964
1528 1687
1528 1899
1529 1681
1529 1724
1529 1987
1532 1995
1536 1898
1540 1595
1541 1719
1545 1797
1545 1998
1552 1939
1553 1652
1553 1700
1555 1626
1557 1925
1558 1886
1561 1616
1564 1572
1565 1677
1568 1735
1570 1584
1573 1912
1577 1874
1581 1770
1584 1723
1586 1782
1586 1946
1586 1968
1592 1987
1593 1647
1594 1698
1594 1729
1604 1676
1606 1735
1606 1766
1608 1611
1608 1797
1608 1901
1612 1616
1613 1616
1613 1891
1613 1974
1614 1740
1615 1810
1617 1837
1626 1707
1628 1947
1632 1711
1634 1637
1634 1763
1637 1819
1637 1845
1638 1928
1642 1794
1648 1703
1649 1661
1649 1696
1655 1883
1657 1784
1658 1811
1660 1758
1661 1850
1662 1987
1664 1945
1665 1831
1667 1963
1668 1985
1672 1879
1674 1863
1676 1723
1676 1885
1677 2000
1678 1860
1684 1724
1684 1905
1685 1802
1688 1889
1690 1781
1693 1792
1694 1814
1697 1704
1697 1943
1702 1716
1704 1705
1706 1864
1706 1887
1708 1724
1711 1761
1713 1794
1718 1985
1719 1750
1722 1812
1725 1832
1727 1972
1729 1979
1730 1956
1733 1995
1736 1784
1739 1760
1741 1863
1746 1930
1747 1993
1750 1898
1755 1841
1757 1989
1772 1937
1777 1995
1780 1914
1781 1977
1782 1818
1783 1817
1783 1977
1792 1959
1810 1890
1820 1893
1827 1928
1829 1903
1835 1844
1837 1882
1840 1901
1841 1864
1846 1943
1849 1915
1862 1893
1866 1970
1868 1889
1871 1971
1881 1998
1885 1977
1888 1960
1907 1980
1913 1988
1914 1972
1990 1992