2000
1 175
1 392
1 1285
2 483
2 615
2 1458
2 1469
2 1564
3 713
3 1017
4 1147
4 1768
5 1068
5 1681
7 114
7 849
8 1230
8 1828
9 1281
10 404
10 528
10 1068
11 74
11 1048
11 1846
12 1217
13 651
13 984
14 36
14 1129
14 1564
15 903
15 1705
16 744
16 1611
16 1856
18 748
18 991
19 532
19 1562
19 1818
19 1906
20 1482
21 181
21 1030
21 1048
23 359
24 807
26 1057
26 1179
27 363
27 474
28 1847
29 1023
30 1973
31 1349
31 1358
32 1146
32 1432
32 1809
34 634
34 911
34 1964
35 1087
35 1095
35 1177
38 536
38 717
39 1423
39 1783
40 278
40 486
40 607
40 1526
40 1728
41 997
41 1947
42 709
42 724
43 1322
44 1655
44 1910
47 707
47 1248
47 1611
47 1934
48 1840
50 221
50 667
50 1882
51 590
51 1131
52 1627
52 1887
52 1939
53 128
53 924
54 110
54 675
54 769
54 1657
56 331
56 416
56 611
56 714
56 1208
56 1236
57 1623
57 1801
58 448
58 1702
59 1677
60 220
61 1043
62 1127
63 1603
64 671
64 697
64 1053
66 426
66 709
67 172
68 528
69 98
69 1388
69 1777
69 1836
69 1962
70 683
70 864
70 1933
71 547
71 1340
72 1138
73 1742
74 140
74 1259
74 1273
75 646
76 168
77 309
78 1405
79 1972
81 133
81 1340
81 1541
81 1806
82 449
82 1225
83 919
83 1624
83 1857
85 1928
86 348
87 1584
88 775
91 184
91 807
92 260
92 1097
92 1184
93 288
93 1193
94 1699
95 1254
95 1402
95 1945
96 701
96 908
97 1089
97 1779
98 1399
98 1956
100 999
100 1402
101 1031
103 197
104 176
104 1305
104 1360
104 1954
105 1315
106 408
106 1114
106 1464
107 112
107 456
107 1023
108 838
108 1390
110 404
111 1043
111 1310
111 1328
112 478
114 845
115 359
115 991
115 1146
115 1329
115 1960
116 1697
117 772
117 1341
117 1860
118 676
118 1026
118 1684
119 334
120 1651
121 745
121 1843
122 1509
123 1209
124 1409
124 1749
125 147
125 470
125 980
125 1133
126 207
126 1852
127 1091
127 1821
128 572
128 1250
128 1706
129 385
129 1656
131 176
131 533
131 1482
132 1593
133 1046
134 1786
135 235
135 556
137 262
138 571
139 1140
139 1998
141 160
141 489
141 1940
144 759
144 1486
145 220
145 645
146 293
147 693
148 1185
148 1625
149 691
149 735
149 1411
150 369
150 980
151 1415
151 1828
152 1332
153 418
153 694
155 942
156 1356
156 1688
156 1977
157 417
157 828
157 1227
158 773
158 1074
159 1429
160 1147
160 1690
161 369
162 1282
163 964
163 1372
164 555
165 1750
166 767
166 1103
166 1197
166 1533
167 614
167 1441
168 618
168 1199
168 1263
168 1805
170 1056
170 1628
172 296
172 1749
172 1886
173 387
173 1883
175 762
175 1074
175 1265
175 1408
179 662
179 914
179 1172
180 237
180 1572
181 1724
182 761
182 898
183 530
183 1314
183 1433
183 1686
183 1694
184 462
184 1143
185 1662
186 1794
187 474
188 1008
189 1389
189 1784
190 722
190 741
190 1099
190 1822
190 1914
192 550
192 1940
193 325
194 774
194 1160
194 1938
195 981
195 1490
197 1460
197 1535
198 868
198 931
199 308
200 792
201 1430
201 1459
202 1308
202 1618
203 1035
203 1171
203 1224
203 1976
204 224
204 443
204 640
204 1159
205 1489
205 1868
206 772
207 483
209 242
209 655
209 704
209 1660
210 312
210 671
210 985
211 379
211 672
211 1241
212 390
212 985
213 455
213 808
213 1206
214 991
214 1776
216 1561
217 389
217 471
217 1633
218 352
219 577
219 692
219 1184
220 750
220 879
221 1504
221 1611
221 1829
222 449
222 1480
222 1614
222 1735
223 725
225 1128
225 1648
226 482
226 735
226 824
226 1187
227 412
227 480
229 562
229 706
229 820
229 875
229 1095
229 1690
230 1630
230 1873
231 1078
232 492
232 526
232 1865
234 1040
234 1367
235 441
235 890
235 1346
235 1669
236 249
236 288
237 645
238 1708
239 875
241 360
241 1962
242 1066
243 294
243 1413
244 1280
245 599
245 625
245 1701
246 851
246 1883
247 660
247 1265
247 1362
248 638
248 823
249 752
250 332
252 286
252 900
252 1404
252 1855
253 1099
254 300
254 1855
255 1395
256 1975
257 878
257 1280
257 1504
258 419
259 695
259 799
259 1856
260 464
260 1754
261 646
261 703
261 1429
261 1713
262 1619
262 1942
263 454
263 1201
263 1342
263 1609
265 858
266 976
267 644
267 1223
267 1801
268 744
268 1038
268 1303
268 1342
269 607
270 1212
270 1929
271 872
271 1786
272 902
272 1477
273 1149
273 1313
273 1442
274 1078
276 1238
277 607
277 1277
277 1901
278 1211
278 1738
279 296
279 1352
280 806
281 718
281 1057
281 1332
282 1447
283 409
283 938
283 1085
284 931
284 1118
284 1213
285 1330
285 1595
285 1761
286 1129
287 693
287 1341
290 1697
290 1841
292 422
292 1689
293 716
294 707
294 796
294 975
294 1010
294 1460
294 1643
295 716
296 1920
299 1910
300 1923
301 1449
301 1876
302 1800
303 377
303 843
303 1747
304 573
305 576
305 1758
306 444
306 937
306 964
306 1313
306 1917
307 1121
308 831
308 1646
308 1866
308 1998
309 1787
310 725
310 1390
311 913
311 1855
313 1655
313 1822
313 1914
314 453
314 862
314 1672
314 1911
315 571
315 1162
315 1846
316 1593
317 1323
318 551
318 578
318 978
318 1375
320 634
320 826
321 1805
321 1934
322 698
322 1640
322 1900
323 1033
323 1206
323 1280
324 451
324 1147
324 1258
324 1921
325 1340
326 829
326 1163
326 1407
326 1556
326 1562
326 1911
327 640
329 499
330 452
330 512
330 604
330 632
330 817
330 1421
331 1349
332 1138
332 1678
333 1271
334 802
336 1430
337 1390
338 1900
339 631
341 1405
343 1882
344 704
344 708
344 823
344 1054
344 1833
345 554
345 566
346 467
346 1144
346 1622
347 1569
348 764
348 1670
349 419
349 1932
350 844
351 1511
352 1496
353 439
353 536
354 380
355 770
355 1074
359 1075
359 1375
360 731
360 762
360 919
360 1666
363 801
363 1032
363 1912
364 1090
364 1486
366 565
366 1146
366 1599
367 777
367 861
368 1822
370 568
370 599
370 1379
371 1073
372 1858
372 1964
373 448
373 1718
374 967
374 1762
374 1941
375 712
378 671
379 857
380 1701
381 681
383 663
383 1429
384 846
384 921
384 933
384 1181
385 1645
386 542
386 721
387 1255
387 1747
388 1546
389 1477
390 678
390 742
391 1578
393 546
393 646
393 1290
394 578
395 1897
398 1115
398 1146
399 578
399 914
399 965
400 830
400 972
400 1782
400 1927
401 620
401 1256
403 697
403 770
405 880
405 924
406 1855
407 749
407 1875
409 903
410 1026
411 1065
411 1984
412 593
412 1292
412 1751
413 559
414 998
414 1742
415 896
415 922
415 1402
416 1610
417 1272
418 1792
419 545
419 1123
419 1965
420 1362
420 1800
421 1484
421 1642
422 1001
423 468
423 857
423 960
423 1369
423 1471
423 1846
423 1918
424 534
424 1915
425 898
425 1657
426 1121
427 1099
427 1371
429 690
429 1036
430 492
431 533
431 1479
431 1749
432 1077
433 524
433 583
433 1893
434 487
434 1475
435 687
435 1283
436 500
436 608
436 922
436 1246
436 1622
438 650
439 902
439 942
441 1631
442 741
442 1592
442 1938
443 953
444 629
445 680
445 1513
446 1394
446 1609
448 1122
448 1631
448 1825
450 1098
450 1351
450 1726
452 1592
452 1818
453 665
453 1875
454 662
454 1503
455 526
456 1678
457 1553
457 1592
458 558
458 1229
459 585
459 1974
460 693
461 997
462 617
462 1819
464 1756
465 998
466 606
466 1459
467 1202
468 536
469 1614
470 521
470 639
470 670
470 790
470 1227
471 990
472 1200
472 1242
472 1882
473 863
473 913
473 1734
474 1197
474 1561
475 944
476 548
476 738
476 1608
477 1061
481 981
482 973
482 1269
482 1672
483 1336
484 531
484 1532
484 1618
485 1081
485 1373
485 1604
486 969
487 1064
487 1147
488 581
489 1148
490 1084
490 1803
491 595
491 615
491 686
491 936
492 1355
495 722
495 1474
496 807
497 1150
497 1203
497 1774
499 1948
499 1963
500 610
500 1013
500 1048
500 1119
501 1577
502 1032
503 786
503 960
503 1410
503 1642
504 886
505 510
505 726
505 859
505 1964
506 1290
507 1236
507 1467
508 664
508 735
508 1456
508 1561
508 1866
509 565
509 585
511 1376
511 1460
511 1486
513 1818
514 1562
515 680
520 657
521 1478
522 1044
522 1062
524 1170
525 1168
525 1833
527 926
527 1618
527 1984
528 555
528 1896
529 1613
529 1861
529 1942
530 669
530 1684
531 1990
532 1538
534 594
534 1625
535 852
535 1342
537 827
538 1493
538 1774
539 1468
540 1877
541 852
542 1226
542 1407
543 1842
544 1618
545 983
545 1160
546 755
546 1157
546 1165
546 1312
546 1903
547 1744
548 1357
549 1281
550 1254
551 674
551 1247
552 1407
554 659
554 1047
554 1885
555 560
555 1015
555 1589
556 1489
556 1540
557 607
557 1451
559 737
559 1005
559 1674
559 1865
560 1075
560 1896
562 1740
563 1283
563 1744
564 1865
565 1459
565 1530
567 991
568 1165
568 1741
569 583
570 803
571 790
572 1270
572 1503
573 665
573 1342
573 1620
574 877
575 1973
576 706
576 882
577 735
577 795
577 1690
578 1247
580 1502
581 1091
581 1397
581 1409
582 1811
583 1274
584 1928
584 1997
585 979
588 1956
590 1558
591 1239
591 1312
591 1880
593 802
594 1286
594 1876
595 795
595 1494
595 1716
596 640
596 1301
596 1938
597 1821
597 1952
599 1022
599 1357
599 1717
600 1193
601 786
601 1855
602 652
602 1721
603 1482
604 648
605 1891
606 1278
606 1317
607 1708
608 1711
610 1045
611 1901
612 1072
612 1970
613 1550
614 1570
615 1964
617 1412
618 895
619 1400
619 1775
621 895
621 1899
623 1884
625 1070
626 748
626 1245
627 1937
627 1942
628 880
628 1585
629 1443
629 1530
632 1103
632 1111
633 1649
634 1418
636 720
637 1133
637 1823
637 1837
638 1067
638 1180
638 1934
639 1648
639 1692
639 1797
640 716
640 1218
641 1237
641 1819
642 1850
643 1041
644 1120
644 1433
645 1302
646 835
646 1066
647 1468
647 1532
648 1690
649 1925
650 710
651 1095
653 1916
654 1478
656 913
658 1200
659 1531
660 788
660 1072
660 1151
661 1241
662 1441
662 1788
663 1778
664 762
664 1838
665 1353
666 1998
667 956
667 1687
669 1440
670 1073
670 1567
672 760
672 1020
672 1167
672 1725
673 1354
673 1967
676 1427
679 1258
679 1921
680 1066
680 1357
681 1665
682 1525
683 1060
684 941
684 1701
685 839
686 732
686 1598
687 1038
689 1004
689 1925
690 731
690 1511
691 1035
692 882
693 1814
694 941
695 738
695 1228
696 1586
697 1151
697 1957
698 1905
699 782
699 1140
699 1346
699 1781
701 714
702 914
702 1775
703 1035
705 1167
707 937
708 1005
708 1730
709 925
709 1681
709 1697
710 1007
711 953
711 1087
712 920
712 1829
713 1852
715 1354
720 863
720 895
720 1415
721 1933
722 814
722 1552
722 1684
722 1795
723 1491
724 902
724 1233
724 1724
725 1173
725 1177
725 1513
726 1190
728 1117
728 1180
728 1195
728 1375
729 1330
729 1829
730 827
730 1103
730 1343
730 1821
731 1470
732 818
733 1216
733 1301
734 1390
734 1691
735 1113
735 1424
735 1737
736 1416
737 1573
738 880
738 1955
739 851
739 1114
740 838
741 1965
742 1047
742 1244
743 1839
746 1187
747 1298
747 1370
750 1843
751 1412
752 1190
752 1502
754 1323
754 1586
754 1992
755 793
755 804
755 1090
755 1105
756 1844
757 1209
757 1588
760 765
761 1514
762 1908
763 897
763 1597
765 779
765 967
765 1044
765 1094
766 1750
767 1002
767 1045
768 1927
768 1990
770 1262
770 1640
771 1150
772 1316
772 1384
773 1062
773 1152
773 1220
773 1388
773 1943
774 1501
775 790
775 1150
775 1999
776 798
777 1627
778 1351
779 1180
780 859
780 1357
781 1203
782 1276
782 1322
783 1176
784 1749
784 1836
785 1655
786 1553
786 1856
787 862
787 1139
788 1520
788 1738
790 920
790 1409
790 1502
791 1278
791 1726
792 1695
793 1133
795 1225
795 1272
796 1869
797 1489
797 1934
798 1298
798 1546
798 1597
799 1896
801 1673
802 1017
804 912
808 1595
810 1283
811 998
813 1857
814 1655
816 1158
817 1312
817 1861
817 1944
818 1519
820 1476
822 1401
823 1285
826 1958
827 1493
829 1075
830 1805
831 1891
833 960
833 1468
833 1480
834 1321
835 1110
835 1879
836 1574
837 1170
838 1935
842 1704
843 900
843 1361
843 1804
844 1428
844 1557
845 977
845 1524
845 1733
849 997
849 1714
849 1910
850 939
851 1744
851 1848
853 1880
855 1179
856 1294
859 1402
860 1488
861 1188
861 1449
861 1882
862 1687
864 1945
864 1966
865 1956
866 1577
867 931
867 1041
867 1133
868 1077
869 1115
869 1278
870 1571
870 1662
871 946
871 1000
872 1103
873 1079
873 1304
876 1849
879 1023
879 1424
879 1738
880 1216
881 995
884 1030
884 1629
885 1221
885 1289
886 1492
890 1210
890 1762
890 1827
891 981
891 1094
891 1484
894 1666
896 1718
899 1200
899 1729
902 1076
904 971
906 2000
907 1259
909 1538
910 1417
910 1808
912 971
912 1646
913 1114
914 940
916 1232
916 1493
916 1497
916 1635
918 1766
919 1414
920 996
920 1244
920 1628
921 1505
922 1127
922 1610
927 1568
927 1938
928 1278
930 1019
930 1076
932 1014
932 1625
932 1844
933 1543
934 1482
934 1641
935 1601
935 1842
936 979
937 1005
937 1026
938 1358
939 1166
939 1830
939 1988
942 1388
942 1396
943 1680
944 1762
945 1383
945 1446
948 1528
948 1951
949 1322
949 1916
950 1072
950 1732
951 1081
951 1664
952 1210
953 1169
953 1398
953 1513
954 1453
954 1679
954 1903
955 1704
956 1519
956 1931
958 1000
958 1102
958 1145
958 1284
959 1070
961 981
961 1396
962 1408
962 1924
962 1991
963 1161
963 1255
963 1991
964 1688
966 1948
966 1955
967 1710
968 1028
968 1237
969 1010
970 1856
971 1676
972 1853
973 1034
973 1140
974 1341
974 1705
975 1602
975 1866
976 1292
978 1921
981 998
981 1702
981 1854
981 1960
982 1668
983 1415
983 1618
985 1278
986 1602
987 1387
988 1033
988 1077
990 1383
990 1933
991 1417
991 1707
992 1918
993 1221
994 1291
996 1848
996 1919
997 1932
998 1974
999 1201
999 1421
999 1997
1000 1014
1000 1592
1004 1514
1004 1985
1005 1680
1007 1179
1008 1507
1009 1599
1010 1311
1010 1692
1010 1861
1011 1348
1013 1836
1014 1575
1015 1243
1015 1525
1015 1890
1016 1941
1017 1915
1018 1101
1018 1236
1019 1858
1020 1606
1023 1687
1023 1733
1024 1775
1025 1620
1029 1755
1030 1657
1030 1700
1031 1666
1032 1218
1033 1046
1033 1631
1033 1835
1034 1531
1034 1759
1035 1318
1036 1070
1040 1933
1041 1527
1045 1136
1046 1766
1048 1306
1051 1213
1052 1566
1057 1277
1061 1808
1062 1961
1063 1095
1063 1297
1063 1872
1064 1581
1065 1423
1069 1253
1069 1666
1073 1850
1073 1893
1074 1493
1074 1615
1076 1285
1076 1829
1076 1955
1077 1621
1078 1086
1078 1138
1078 1796
1079 1094
1079 1420
1080 1971
1081 1918
1082 1262
1085 1165
1086 1271
1087 1660
1088 1904
1089 1177
1090 1546
1093 1880
1094 1154
1097 1772
1097 1794
1098 1294
1098 1750
1099 1626
1099 1743
1100 1291
1100 1733
1100 1855
1101 1530
1102 1790
1102 1884
1106 1473
1106 1797
1109 1417
1109 1464
1109 1569
1112 1291
1114 1144
1117 1587
1118 1996
1119 1481
1120 1884
1121 1367
1121 1507
1121 1900
1123 1202
1123 1861
1124 1782
1125 1191
1125 1293
1125 1407
1125 1786
1125 1965
1128 1441
1128 1526
1128 1974
1130 1477
1130 1493
1131 1267
1131 1645
1132 1821
1132 1919
1137 1279
1138 1401
1139 1436
1141 1969
1142 1823
1145 1283
1146 1430
1147 1522
1147 1852
1149 1275
1149 1660
1152 1410
1152 1746
1154 1208
1155 1674
1155 1844
1157 1816
1160 1427
1162 1730
1162 1826
1164 1433
1165 1884
1166 1697
1167 1390
1167 1896
1168 1302
1168 1372
1168 1562
1168 1589
1169 1603
1169 1865
1170 1207
1172 1273
1172 1321
1172 1878
1174 1564
1174 1889
1175 1247
1176 1405
1177 1632
1177 1780
1178 1605
1181 1276
1181 1732
1182 1508
1184 1788
1185 1404
1185 1970
1186 1909
1187 1321
1192 1293
1192 1848
1193 1237
1194 1271
1195 1787
1195 1824
1196 1718
1197 1281
1198 1971
1201 1924
1202 1431
1204 1631
1206 1481
1206 1889
1207 1835
1210 1884
1213 1822
1214 1339
1215 1377
1217 1592
1220 1923
1220 1940
1221 1501
1221 1652
1221 1979
1224 1252
1224 1656
1225 1980
1227 1602
1229 1263
1230 1712
1231 1491
1232 1343
1232 1630
1233 1370
1237 1468
1238 1449
1240 1573
1240 1600
1244 1562
1245 1945
1247 1322
1249 1995
1250 1998
1252 1871
1253 1381
1254 1472
1256 1722
1258 1475
1261 1639
1263 1938
1266 1520
1266 1824
1267 1550
1269 1320
1269 1722
1272 1360
1279 1626
1279 1736
1283 1785
1285 1616
1285 1725
1288 1674
1288 1890
1296 1309
1297 1534
1297 1598
1297 1602
1304 1820
1305 1369
1305 1383
1306 1383
1306 1690
1307 1406
1311 1711
1312 1965
1312 1999
1313 1536
1314 1380
1314 1937
1315 1761
1316 1632
1318 1605
1319 1498
1320 1768
1320 1937
1322 1566
1324 1330
1326 1646
1326 1682
1327 1520
1330 1898
1331 2000
1332 1571
1332 1604
1336 1588
1343 1403
1344 1672
1344 1927
1349 1996
1352 1729
1353 1686
1354 1769
1356 1993
1357 1908
1360 1760
1361 1689
1361 1773
1362 1479
1364 1728
1366 1659
1366 1880
1367 1858
1369 1606
1370 1419
1371 1580
1371 1594
1372 1829
1373 1398
1373 1497
1373 1553
1373 1948
1374 1596
1379 1833
1381 1444
1381 1682
1384 1872
1389 1429
1390 1667
1393 1923
1394 1410
1395 1440
1395 1466
1396 1729
1397 1679
1400 1774
1402 1461
1402 1746
1402 1964
1402 1967
1404 1495
1406 1833
1407 1748
1409 1687
1415 1763
1417 1596
1419 1434
1421 1897
1423 1751
1425 1972
1426 1514
1426 1849
1427 1995
1428 1574
1431 1727
1432 1853
1433 1631
1434 1773
1437 1741
1440 1467
1440 1554
1446 1513
1446 1590
1450 1473
1450 1892
1457 1733
1457 1788
1459 1699
1459 1743
1460 1949
1461 1478
1462 1571
1464 1490
1464 1519
1464 1909
1464 1930
1466 1522
1467 1828
1469 1676
1470 1736
1472 1653
1474 1559
1475 1742
1478 1860
1479 1918
1482 1808
1483 1588
1484 1526
1484 1839
1485 1787
1485 1822
1492 1830
1493 1608
1493 1732
1497 1578
1498 1540
1500 1749
1502 1671
1504 1541
1504 1973
1506 1818
1508 1926
1511 1767
1512 1857
1517 1705
1519 1810
1520 1641
1523 1586
1526 1814
1527 1619
1527 1710
1528 1543
1531 1645
1532 1706
1542 1805
1542 1826
1543 1613
1545 1887
1546 1827
1560 1586
1561 1583
1566 1568
1566 1922
1571 1981
1576 1825
1577 1829
1581 1937
1588 1907
1589 1650
1589 1752
1595 1962
1597 1761
1601 1847
1602 1861
1604 1971
1605 1785
1608 1731
1613 1724
1616 1745
1618 1728
1620 1630
1621 1807
1622 1667
1622 1767
1622 1889
1624 1852
1624 1878
1627 1739
1628 1792
1630 1754
1630 1787
1631 1811
1631 1836
1632 1732
1633 1924
1634 1778
1634 1805
1646 1986
1647 1654
1648 1688
1651 1769
1655 1900
1655 1903
1665 1863
1668 1800
1672 1674
1674 1885
1674 1976
1675 1964
1681 1751
1683 1938
1685 1943
1686 1815
1692 1718
1695 1745
1696 1699
1700 1803
1704 1974
1707 1796
1735 1917
1739 1786
1742 1746
1742 1930
1746 1871
1751 1829
1753 1934
1760 1980
1773 1774
1776 1901
1777 1836
1777 1850
1779 1886
1780 1801
1787 1831
1796 1948
1801 1952
1805 1861
1822 1839
1824 1861
1828 1865
1834 1894
1838 1843
1842 1910
1845 1957
1869 1888
1870 1909
1871 1889
1871 1994
1875 1883
1904 1923
1904 1992
1911 1942
1924 1941
1951 1978