2000
2 1387
3 977
7 692
8 151
8 159
8 650
8 1984
9 1465
10 915
10 1357
13 1738
14 1528
14 1724
15 702
16 159
17 353
18 313
18 1305
19 475
19 1423
22 1467
22 1914
24 1018
24 1297
25 1439
26 1910
31 1665
32 219
33 787
34 481
36 1247
39 338
40 1083
42 1461
43 355
45 163
45 627
46 172
46 1010
47 959
47 1450
48 1911
52 1666
53 204
53 1023
53 1331
53 1866
53 1879
53 1911
54 1754
55 175
57 721
57 1545
57 1709
57 1930
60 1286
61 1972
63 150
64 1862
67 1252
69 1331
70 712
71 1213
74 492
74 1042
76 1590
77 386
78 516
85 1444
87 699
87 1374
88 384
90 1197
91 1706
92 1367
94 185
95 960
95 1967
96 1573
98 284
98 506
103 219
105 525
107 710
111 1095
114 1687
118 690
118 1549
119 1047
120 664
123 403
126 1346
127 1354
128 563
128 1239
131 1793
134 677
135 1717
136 802
136 842
137 893
138 1902
141 260
141 960
143 1616
145 1505
146 294
146 484
149 788
150 1467
150 1719
151 1033
153 1971
154 852
154 971
156 1596
158 685
159 971
159 1198
161 1490
162 1031
162 1557
164 1912
168 1681
169 1994
172 1430
173 1865
174 297
176 211
176 1234
180 1560
181 1625
182 1558
182 1741
186 1258
191 1720
193 1021
194 843
194 1388
195 769
196 1164
201 460
201 469
203 450
204 543
204 1447
205 1749
207 1361
208 288
208 464
208 837
213 662
213 1808
215 329
218 1792
220 1916
222 657
222 1963
230 712
230 1189
230 1877
236 1709
237 1623
239 970
239 1412
242 1321
246 992
246 1315
246 1762
248 1397
251 426
251 1343
253 1508
254 789
255 1539
255 1765
257 635
262 387
262 653
262 1323
263 788
263 1625
266 1081
269 1879
270 1973
272 772
272 1790
275 1684
278 1665
281 525
281 1833
284 950
284 1684
285 623
285 1789
290 1105
292 790
293 867
294 1116
294 1351
296 1321
297 823
297 880
298 1644
301 1021
301 1982
303 1665
304 725
305 920
306 1395
307 1013
309 1833
311 1776
312 1505
313 1066
313 1948
314 753
319 1554
325 1162
332 922
333 1003
333 1022
333 1768
334 1935
335 1826
340 649
342 872
342 1130
342 1599
342 1978
343 1186
345 677
346 849
349 819
350 366
350 1955
352 467
352 730
355 1500
356 1831
359 1907
360 980
361 615
364 1543
364 1992
365 389
366 1985
367 564
367 1004
371 393
371 859
371 1160
371 1314
371 1528
376 1600
378 1131
379 803
379 1494
379 1777
380 1928
382 1206
383 1517
385 482
385 821
387 1965
392 1319
393 614
393 1690
395 561
398 955
398 1094
399 902
400 523
401 661
401 1822
401 1963
405 914
408 741
408 985
409 1738
412 919
412 1718
413 480
413 671
415 1025
415 1743
422 904
425 1190
426 554
429 784
429 1617
430 1923
432 1603
432 1756
434 1368
436 1720
437 1483
439 1058
442 1154
443 1896
445 1767
448 1342
449 761
451 1932
453 675
455 911
457 896
461 1192
462 1190
464 740
465 1376
468 1295
469 1567
470 1664
472 726
478 1007
484 699
485 763
489 756
491 1799
492 1478
492 1670
493 832
494 1337
495 645
499 721
499 1384
504 635
504 1154
505 957
505 1210
508 1186
510 921
510 987
510 1347
512 1400
515 1876
518 809
519 1038
521 936
521 1619
522 1902
523 530
525 1092
526 684
535 902
537 1024
539 1297
541 722
543 1026
544 1265
547 1361
548 1102
548 1106
548 1408
548 1730
553 706
556 952
560 1227
561 820
562 1315
563 1837
564 1011
565 1600
568 694
571 840
574 1112
575 1863
576 1858
578 1036
578 1075
579 1355
580 1876
585 692
585 1594
587 993
589 1425
591 1889
593 713
596 1910
597 1384
599 875
599 900
599 1327
599 1542
600 1266
600 1598
602 1589
606 853
606 1222
609 640
615 1569
616 703
616 1041
617 829
619 1103
626 1200
626 1410
630 1211
632 1117
632 1275
635 1064
635 1309
635 1994
636 1140
637 787
637 971
640 1791
643 900
643 1515
644 1408
646 910
647 1461
650 1269
654 1853
657 858
658 718
662 1528
664 906
667 1032
669 1812
670 1305
673 1711
676 1922
678 953
679 1784
681 932
682 1347
684 1308
685 834
688 1508
689 964
691 1920
692 1452
696 1591
698 779
700 1336
701 1636
709 1525
717 977
718 1303
723 981
724 1981
727 736
727 1389
729 1191
732 774
735 1393
736 1468
736 1810
739 930
742 798
743 768
744 1707
745 994
749 835
751 1347
751 1952
753 812
754 969
755 1283
757 1400
758 1359
761 1127
763 1832
766 807
769 1576
769 1821
770 1479
773 1463
774 1976
775 1257
775 1969
783 810
786 1620
788 1897
791 1695
797 1079
798 1407
798 1868
799 1906
805 1661
814 1893
815 1233
816 1911
825 999
827 962
827 1074
828 1328
828 1375
834 978
846 1090
847 1353
847 1615
848 1090
850 926
855 1627
859 1722
859 1857
862 1489
863 1234
869 1970
871 1571
873 982
873 1775
876 933
877 1029
878 1396
881 1780
886 1933
887 1316
890 1638
898 1002
898 1406
900 1367
903 1347
905 1509
908 991
908 1296
909 1146
910 919
911 1903
914 941
916 1228
918 1577
919 1994
920 1659
922 1261
922 1297
923 1400
923 1459
926 1110
929 1458
931 1325
934 1437
935 1205
943 1570
944 1994
947 1500
949 1113
950 1224
951 1157
951 1341
955 1248
955 1810
957 1493
959 1494
960 1121
966 1645
968 1470
971 1578
976 1204
979 1350
981 1486
982 1703
986 1740
989 1299
990 1567
993 1801
997 1075
997 1251
1002 1656
1002 1742
1003 1973
1008 1615
1008 1949
1008 1974
1010 1816
1015 1262
1016 1671
1020 1310
1021 1858
1022 1613
1023 1857
1023 1944
1024 1876
1025 1776
1031 1963
1035 1549
1040 1342
1040 1860
1042 1869
1043 1489
1047 1701
1048 1434
1048 1719
1049 1338
1050 1509
1059 1780
1065 1145
1065 1265
1075 1279
1075 1701
1075 1898
1078 1421
1078 1855
1080 1588
1084 1789
1098 1140
1104 1506
1108 1994
1110 1115
1110 1155
1111 1255
1114 1791
1120 1351
1122 1909
1124 1177
1125 1291
1126 1511
1127 1729
1128 1191
1135 1562
1137 1499
1137 1762
1143 1420
1144 1457
1146 1803
1148 1286
1152 1544
1153 1852
1155 1219
1158 1589
1159 1567
1168 1838
1170 1312
1172 1218
1173 1903
1174 1482
1175 1309
1176 1897
1177 1650
1178 1608
1180 1274
1185 1918
1190 1763
1192 1426
1197 1787
1203 1578
1207 1273
1216 1507
1217 1304
1218 1505
1218 1739
1222 1773
1228 1414
1231 1361
1231 1910
1232 1821
1236 1347
1238 1419
1239 1625
1241 1776
1242 1678
1249 1917
1251 1865
1255 1940
1260 1387
1260 1969
1266 1373
1272 1402
1281 1775
1284 1977
1304 1832
1313 1316
1313 1435
1321 1788
1322 1395
1329 1688
1334 1612
1343 1434
1343 1898
1346 1843
1347 1591
1348 1606
1350 1356
1352 1553
1353 1864
1358 1476
1360 1568
1368 1509
1368 1647
1372 1902
1373 1831
1373 1985
1374 1769
1378 1500
1378 1717
1380 1860
1381 1963
1383 1593
1384 1657
1391 1841
1395 1787
1396 1711
1398 1555
1399 1505
1415 1420
1416 1981
1418 1970
1419 1481
1419 1755
1421 1560
1427 1438
1436 1586
1441 1970
1442 1532
1453 1812
1460 1649
1465 1729
1468 1983
1469 1594
1470 1693
1471 1689
1475 1500
1475 1767
1488 1637
1492 1842
1494 1590
1501 1899
1505 1777
1513 1725
1518 1592
1519 1590
1520 1734
1546 1567
1556 1879
1559 1614
1567 1574
1570 1672
1571 1908
1575 1855
1578 1641
1585 1919
1609 1876
1629 1948
1631 1964
1641 1838
1641 1885
1647 1668
1650 1934
1670 1941
1679 1759
1688 1919
1699 1971
1703 1753
1729 1737
1761 1778
1771 1875
1776 1938
1795 1880
1802 1940
1804 1808
1811 1908
1827 1932
1844 1921
1851 1937
1859 1906
1871 1962
1888 1938
1902 1950
1929 1943